3500.0			1.0
3500.9			1.0
3501.8			1.0
3502.7			1.0
3503.6			1.0
3504.5			1.0
3505.4			1.0
3506.3			1.0
3507.2			1.0
3508.1			1.0
3509.0			1.0
3509.9			1.0
3510.8			1.0
3511.7			1.0
3512.6			1.0
3513.5			1.0
3514.4			1.0
3515.3			1.0
3516.2			1.0
3517.1			1.0
3518.0			1.0
3518.9			1.0
3519.8			1.0
3520.7			1.0
3521.6			1.0
3522.5			1.0
3523.4			1.0
3524.3			1.0
3525.2			1.0
3526.1			1.0
3527.0			1.0
3527.9			1.0
3528.8			1.0
3529.7			1.0
3530.6			1.0
3531.5			1.0
3532.4			1.0
3533.3			1.0
3534.2			1.0
3535.1			1.0
3536.0			1.0
3536.9			1.0
3537.8			1.0
3538.7			1.0
3539.6			1.0
3540.5			1.0
3541.4			1.0
3542.3			1.0
3543.2			1.0
3544.1			1.0
3545.0			1.0
3545.9			1.0
3546.8			1.0
3547.7			1.0
3548.6			1.0
3549.5			1.0
3550.4			1.0
3551.3			1.0
3552.2			1.0
3553.1			1.0
3554.0			1.0
3554.9			1.0
3555.8			1.0
3556.7			1.0
3557.6			1.0
3558.5			1.0
3559.4			1.0
3560.3			1.0
3561.2			1.0
3562.1			1.0
3563.0			1.0
3563.9			1.0
3564.8			1.0
3565.7			1.0
3566.6			1.0
3567.5			1.0
3568.4			1.0
3569.3			1.0
3570.2			1.0
3571.1			1.0
3572.0			1.0
3572.9			1.0
3573.8			1.0
3574.7			1.0
3575.6			1.0
3576.5			1.0
3577.4			1.0
3578.3			1.0
3579.2			1.0
3580.1			1.0
3581.0			1.0
3581.9			1.0
3582.8			1.0
3583.7			1.0
3584.6			1.0
3585.5			1.0
3586.4			1.0
3587.3			1.0
3588.2			1.0
3589.1			1.0
3590.0			1.0
3590.9			1.0
3591.8			1.0
3592.7			1.0
3593.6			1.0
3594.5			1.0
3595.4			1.0
3596.3			1.0
3597.2			1.0
3598.1			1.0
3599.0			1.0
3599.9			1.0
3600.8			1.0
3601.7			1.0
3602.6			1.0
3603.5			1.0
3604.4			1.0
3605.3			1.0
3606.2			1.0
3607.1			1.0
3608.0			1.0
3608.9			1.0
3609.8			1.0
3610.7			1.0
3611.6			1.0
3612.5			1.0
3613.4			1.0
3614.3			1.0
3615.2			1.0
3616.1			1.0
3617.0			1.0
3617.9			1.0
3618.8			1.0
3619.7			1.0
3620.6			1.0
3621.5			1.0
3622.4			1.0
3623.3			1.0
3624.2			1.0
3625.1			1.0
3626.0			1.0
3626.9			1.0
3627.8			1.0
3628.7			1.0
3629.6			1.0
3630.5			1.0
3631.4			1.0
3632.3			1.0
3633.2			1.0
3634.1			1.0
3635.0			1.0
3635.9			1.0
3636.8			1.0
3637.7			1.0
3638.6			1.0
3639.5			1.0
3640.4			1.0
3641.3			1.0
3642.2			1.0
3643.1			1.0
3644.0			1.0
3644.9			1.0
3645.8			1.0
3646.7			1.0
3647.6			1.0
3648.5			1.0
3649.4			1.0
3650.3			1.0
3651.2			1.0
3652.1			1.0
3653.0			1.0
3653.9			1.0
3654.8			1.0
3655.7			1.0
3656.6			1.0
3657.5			1.0
3658.4			1.0
3659.3			1.0
3660.2			1.0
3661.1			1.0
3662.0			1.0
3662.9			1.0
3663.8			1.0
3664.7			1.0
3665.6			1.0
3666.5			1.0
3667.4			1.0
3668.3			1.0
3669.2			1.0
3670.1			1.0
3671.0			1.0
3671.9			1.0
3672.8			1.0
3673.7			1.0
3674.6			1.0
3675.5			1.0
3676.4			1.0
3677.3			1.0
3678.2			1.0
3679.1			1.0
3680.0			1.0
3680.9			1.0
3681.8			1.0
3682.7			1.0
3683.6			1.0
3684.5			1.0
3685.4			1.0
3686.3			1.0
3687.2			1.0
3688.1			1.0
3689.0			1.0
3689.9			1.0
3690.8			1.0
3691.7			1.0
3692.6			1.0
3693.5			1.0
3694.4			1.0
3695.3			1.0
3696.2			1.0
3697.1			1.0
3698.0			1.0
3698.9			1.0
3699.8			1.0
3700.7			1.0
3701.6			1.0
3702.5			1.0
3703.4			1.0
3704.3			1.0
3705.2			1.0
3706.1			1.0
3707.0			1.0
3707.9			1.0
3708.8			1.0
3709.7			1.0
3710.6			1.0
3711.5			1.0
3712.4			1.0
3713.3			1.0
3714.2			1.0
3715.1			1.0
3716.0			1.0
3716.9			1.0
3717.8			1.0
3718.7			1.0
3719.6			1.0
3720.5			1.0
3721.4			1.0
3722.3			1.0
3723.2			1.0
3724.1			1.0
3725.0			1.0
3725.9			1.0
3726.8			1.0
3727.7			1.0
3728.6			1.0
3729.5			1.0
3730.4			1.0
3731.3			1.0
3732.2			1.0
3733.1			1.0
3734.0			1.0
3734.9			1.0
3735.8			1.0
3736.7			1.0
3737.6			1.0
3738.5			1.0
3739.4			1.0
3740.3			1.0
3741.2			1.0
3742.1			1.0
3743.0			1.0
3743.9			1.0
3744.8			1.0
3745.7			1.0
3746.6			1.0
3747.5			1.0
3748.4			1.0
3749.3			1.0
3750.2			1.0
3751.1			1.0
3752.0			1.0
3752.9			1.0
3753.8			1.0
3754.7			1.0
3755.6			1.0
3756.5			1.0
3757.4			1.0
3758.3			1.0
3759.2			1.0
3760.1			1.0
3761.0			1.0
3761.9			1.0
3762.8			1.0
3763.7			1.0
3764.6			1.0
3765.5			1.0
3766.4			1.0
3767.3			1.0
3768.2			1.0
3769.1			1.0
3770.0			1.0
3770.9			1.0
3771.8			1.0
3772.7			1.0
3773.6			1.0
3774.5			1.0
3775.4			1.0
3776.3			1.0
3777.2			1.0
3778.1			1.0
3779.0			1.0
3779.9			1.0
3780.8			1.0
3781.7			1.0
3782.6			1.0
3783.5			1.0
3784.4			1.0
3785.3			1.0
3786.2			1.0
3787.1			1.0
3788.0			1.0
3788.9			1.0
3789.8			1.0
3790.7			1.0
3791.6			1.0
3792.5			1.0
3793.4			1.0
3794.3			1.0
3795.2			1.0
3796.1			1.0
3797.0			1.0
3797.9			1.0
3798.8			1.0
3799.7			1.0
3800.6			1.0
3801.5			1.0
3802.4			1.0
3803.3			1.0
3804.2			1.0
3805.1			1.0
3806.0			1.0
3806.9			1.0
3807.8			1.0
3808.7			1.0
3809.6			1.0
3810.5			1.0
3811.4			1.0
3812.3			1.0
3813.2			1.0
3814.1			1.0
3815.0			1.0
3815.9			1.0
3816.8			1.0
3817.7			1.0
3818.6			1.0
3819.5			1.0
3820.4			1.0
3821.3			1.0
3822.2			1.0
3823.1			1.0
3824.0			1.0
3824.9			1.0
3825.8			1.0
3826.7			1.0
3827.6			1.0
3828.5			1.0
3829.4			1.0
3830.3			1.0
3831.2			1.0
3832.1			1.0
3833.0			1.0
3833.9			1.0
3834.8			1.0
3835.7			1.0
3836.6			1.0
3837.5			1.0
3838.4			1.0
3839.3			1.0
3840.2			1.0
3841.1			1.0
3842.0			1.0
3842.9			1.0
3843.8			1.0
3844.7			1.0
3845.6			1.0
3846.5			1.0
3847.4			1.0
3848.3			1.0
3849.2			1.0
3850.1			1.0
3851.0			1.0
3851.9			1.0
3852.8			1.0
3853.7			1.0
3854.6			1.0
3855.5			1.0
3856.4			1.0
3857.3			1.0
3858.2			1.0
3859.1			1.0
3860.0			1.0
3860.9			1.0
3861.8			1.0
3862.7			1.0
3863.6			1.0
3864.5			1.0
3865.4			1.0
3866.3			1.0
3867.2			1.0
3868.1			1.0
3869.0			1.0
3869.9			1.0
3870.8			1.0
3871.7			1.0
3872.6			1.0
3873.5			1.0
3874.4			1.0
3875.3			1.0
3876.2			1.0
3877.1			1.0
3878.0			1.0
3878.9			1.0
3879.8			1.0
3880.7			1.0
3881.6			1.0
3882.5			1.0
3883.4			1.0
3884.3			1.0
3885.2			1.0
3886.1			1.0
3887.0			1.0
3887.9			1.0
3888.8			1.0
3889.7			1.0
3890.6			1.0
3891.5			1.0
3892.4			1.0
3893.3			1.0
3894.2			1.0
3895.1			1.0
3896.0			1.0
3896.9			1.0
3897.8			1.0
3898.7			1.0
3899.6			1.0
3900.5			1.0
3901.4			1.0
3902.3			1.0
3903.2			1.0
3904.1			1.0
3905.0			1.0
3905.9			1.0
3906.8			1.0
3907.7			1.0
3908.6			1.0
3909.5			1.0
3910.4			1.0
3911.3			1.0
3912.2			1.0
3913.1			1.0
3914.0			1.0
3914.9			1.0
3915.8			1.0
3916.7			1.0
3917.6			1.0
3918.5			1.0
3919.4			1.0
3920.3			1.0
3921.2			1.0
3922.1			1.0
3923.0			1.0
3923.9			1.0
3924.8			1.0
3925.7			1.0
3926.6			1.0
3927.5			1.0
3928.4			1.0
3929.3			1.0
3930.2			1.0
3931.1			1.0
3932.0			1.0
3932.9			1.0
3933.8			1.0
3934.7			1.0
3935.6			1.0
3936.5			1.0
3937.4			1.0
3938.3			1.0
3939.2			1.0
3940.1			1.0
3941.0			1.0
3941.9			1.0
3942.8			1.0
3943.7			1.0
3944.6			1.0
3945.5			1.0
3946.4			1.0
3947.3			1.0
3948.2			1.0
3949.1			1.0
3950.0			1.0
3950.9			1.0
3951.8			1.0
3952.7			1.0
3953.6			1.0
3954.5			1.0
3955.4			1.0
3956.3			1.0
3957.2			1.0
3958.1			1.0
3959.0			1.0
3959.9			1.0
3960.8			1.0
3961.7			1.0
3962.6			1.0
3963.5			1.0
3964.4			1.0
3965.3			1.0
3966.2			1.0
3967.1			1.0
3968.0			1.0
3968.9			1.0
3969.8			1.0
3970.7			1.0
3971.6			1.0
3972.5			1.0
3973.4			1.0
3974.3			1.0
3975.2			1.0
3976.1			1.0
3977.0			1.0
3977.9			1.0
3978.8			1.0
3979.7			1.0
3980.6			1.0
3981.5			1.0
3982.4			1.0
3983.3			1.0
3984.2			1.0
3985.1			1.0
3986.0			1.0
3986.9			1.0
3987.8			1.0
3988.7			1.0
3989.6			1.0
3990.5			1.0
3991.4			1.0
3992.3			1.0
3993.2			1.0
3994.1			1.0
3995.0			1.0
3995.9			1.0
3996.8			1.0
3997.7			1.0
3998.6			1.0
3999.5			1.0
4000.4			1.0
4001.3			1.0
4002.2			1.0
4003.1			1.0
4004.0			1.0
4004.9			1.0
4005.8			1.0
4006.7			1.0
4007.6			1.0
4008.5			1.0
4009.4			1.0
4010.3			1.0
4011.2			1.0
4012.1			1.0
4013.0			1.0
4013.9			1.0
4014.8			1.0
4015.7			1.0
4016.6			1.0
4017.5			1.0
4018.4			1.0
4019.3			1.0
4020.2			1.0
4021.1			1.0
4022.0			1.0
4022.9			1.0
4023.8			1.0
4024.7			1.0
4025.6			1.0
4026.5			1.0
4027.4			1.0
4028.3			0.9840831139263979
4029.2			0.8928080037549307
4030.1			0.7341615119035162
4031.0			0.6244034717095067
4031.9			0.5971571689063389
4032.8			0.5780189941195458
4033.7			0.5651335468583033
4034.6			0.6279572113257348
4035.5			0.7666073317395732
4036.4			0.9129897811668587
4037.3			1.0055733981324064
4038.2			1.024164419943177
4039.1			0.9930985376755626
4040.0			1.0
4040.9			1.0
4041.8			1.017240357382581
4042.7			1.030202441365116
4043.6			0.9547611756708277
4044.5			0.7950259575280976
4045.4			0.6684111285776871
4046.3			0.6749297175181994
4047.2			0.7865742371864737
4048.1			0.9079569496332233
4049.0			1.0003329029870514
4049.9			1.0
4050.8			1.0
4051.7			1.0
4052.6			1.0
4053.5			1.0
4054.4			1.0
4055.3			1.0
4056.2			1.0
4057.1			1.0
4058.0			1.0
4058.9			1.0
4059.8			1.0371050580063275
4060.7			1.0426937656007915
4061.6			0.9873050503268065
4062.5			0.8785095104409717
4063.4			0.7842605432074928
4064.3			0.7992776188378454
4065.2			0.9024757631077702
4066.1			0.9780690311938532
4067.0			0.9965244851581001
4067.9			1.0
4068.8			1.0
4069.7			1.0
4070.6			1.0
4071.5			1.0
4072.4			1.0
4073.3			1.0
4074.2			1.0
4075.1			1.0
4076.0			1.0
4076.9			1.0
4077.8			1.0
4078.7			1.0
4079.6			1.0
4080.5			1.0
4081.4			1.0
4082.3			1.0
4083.2			1.0
4084.1			1.0
4085.0			1.0
4085.9			1.0
4086.8			1.0
4087.7			1.0
4088.6			1.0
4089.5			1.0
4090.4			1.0
4091.3			1.0
4092.2			1.0
4093.1			1.0
4094.0			1.0
4094.9			1.0
4095.8			1.0
4096.7			1.0
4097.6			1.0
4098.5			1.0
4099.4			1.0
4100.3			1.0
4101.2			1.0
4102.1			1.0
4103.0			1.0
4103.9			1.0
4104.8			1.0
4105.7			1.0
4106.6			1.0
4107.5			1.0
4108.4			1.0
4109.3			1.0
4110.2			1.0
4111.1			1.0
4112.0			1.0
4112.9			1.0
4113.8			1.0
4114.7			1.0
4115.6			1.0
4116.5			1.0
4117.4			1.0
4118.3			1.0
4119.2			1.0
4120.1			1.0
4121.0			1.0
4121.9			1.0
4122.8			1.0
4123.7			1.0
4124.6			1.0
4125.5			1.0
4126.4			1.0
4127.3			1.0
4128.2			1.0
4129.1			1.0
4130.0			1.0
4130.9			1.0
4131.8			1.0
4132.7			1.0
4133.6			1.0
4134.5			1.0
4135.4			1.0
4136.3			1.0
4137.2			1.0
4138.1			1.0
4139.0			1.0
4139.9			1.0
4140.8			0.9821584749637057
4141.7			0.8925788037513168
4142.6			0.7568463101388789
4143.5			0.690006675100853
4144.4			0.7585800347083388
4145.3			0.8947446914671187
4146.2			0.9941596847311015
4147.1			1.0
4148.0			1.0
4148.9			1.0
4149.8			1.0
4150.7			1.0
4151.6			1.0
4152.5			1.0
4153.4			1.0
4154.3			1.0
4155.2			1.0
4156.1			1.0
4157.0			1.0
4157.9			1.0
4158.8			1.0
4159.7			1.0
4160.6			1.0
4161.5			1.0
4162.4			1.0
4163.3			1.0
4164.2			1.0
4165.1			1.0
4166.0			1.0
4166.9			1.0
4167.8			1.0
4168.7			1.0
4169.6			1.0
4170.5			1.0
4171.4			1.0
4172.3			1.0
4173.2			1.0
4174.1			1.0
4175.0			1.0
4175.9			1.0
4176.8			1.0
4177.7			1.0
4178.6			1.0
4179.5			1.0
4180.4			1.0
4181.3			1.0
4182.2			1.0
4183.1			1.0
4184.0			1.0
4184.9			1.0
4185.8			1.0
4186.7			1.0
4187.6			1.0
4188.5			1.0
4189.4			1.0
4190.3			1.0
4191.2			1.0
4192.1			1.0
4193.0			1.0
4193.9			1.0
4194.8			1.0
4195.7			1.0
4196.6			1.0
4197.5			1.0
4198.4			1.0
4199.3			1.0
4200.2			1.0
4201.1			1.0
4202.0			1.0
4202.9			1.0
4203.8			1.0
4204.7			1.0
4205.6			1.0
4206.5			1.0
4207.4			1.0
4208.3			1.0
4209.2			1.0
4210.1			1.0
4211.0			1.0
4211.9			1.0
4212.8			1.0
4213.7			1.0
4214.6			1.0
4215.5			0.9099296771453859
4216.4			0.8562897524740668
4217.3			0.8650647924123419
4218.2			0.869884903799576
4219.1			0.8406293589235864
4220.0			0.7851781437011969
4220.9			0.7092745462572699
4221.8			0.6244159162120007
4222.7			0.5320583223586841
4223.6			0.4324435345192914
4224.5			0.3335158259958749
4225.4			0.23774949189554614
4226.3			0.17154642006883614
4227.2			0.17096578457584582
4228.1			0.2349285467286132
4229.0			0.326539664586145
4229.9			0.41725757443547123
4230.8			0.5050181156409511
4231.7			0.5832973092005679
4232.6			0.6450507909935995
4233.5			0.6981614306018558
4234.4			0.7479458323861207
4235.3			0.8022126243121144
4236.2			0.8743762018317492
4237.1			0.9460238275700761
4238.0			0.9868260629972039
4238.9			1.0003023964680458
4239.8			1.0
4240.7			1.0
4241.6			1.0
4242.5			1.0
4243.4			1.0
4244.3			1.0
4245.2			1.0
4246.1			1.0
4247.0			1.0
4247.9			1.0
4248.8			1.0
4249.7			0.9235743839534098
4250.6			0.8495229777984485
4251.5			0.8449819775675997
4252.4			0.8271028294299666
4253.3			0.718264050166809
4254.2			0.6241152147986648
4255.1			0.6881193541790535
4256.0			0.873791909443367
4256.9			1.018778492594905
4257.8			1.0468729525706923
4258.7			1.0117251976526134
4259.6			1.0
4260.5			1.0
4261.4			1.0
4262.3			1.0
4263.2			1.0
4264.1			1.0
4265.0			1.0
4265.9			1.0
4266.8			1.0
4267.7			1.0
4268.6			1.0
4269.5			0.9556425793254887
4270.4			0.8588430481728466
4271.3			0.7473660113017848
4272.2			0.6941073795789436
4273.1			0.6753168519141564
4274.0			0.6204036156487048
4274.9			0.5826618232375086
4275.8			0.6520075517875116
4276.7			0.7948661106421305
4277.6			0.9192473102499329
4278.5			0.9862011760776401
4279.4			1.0074973576612698
4280.3			0.9924307390776222
4281.2			1.0
4282.1			1.0
4283.0			1.0
4283.9			1.0
4284.8			1.0
4285.7			1.0
4286.6			0.951231002175755
4287.5			0.8614072245557227
4288.4			0.7267302451247142
4289.3			0.5942722702780905
4290.2			0.5645025293884673
4291.1			0.6694962284752948
4292.0			0.8365191000277394
4292.9			0.9602613497068925
4293.8			0.9974253981200455
4294.7			1.0
4295.6			1.0
4296.5			1.0
4297.4			1.0
4298.3			1.0
4299.2			1.0
4300.1			1.0
4301.0			1.0
4301.9			1.0
4302.8			1.0
4303.7			1.0
4304.6			1.0
4305.5			1.0
4306.4			1.0
4307.3			1.0
4308.2			1.0
4309.1			1.0
4310.0			1.0
4310.9			1.0
4311.8			1.0
4312.7			1.0
4313.6			1.0
4314.5			1.0
4315.4			1.0
4316.3			1.0
4317.2			1.0
4318.1			1.0
4319.0			1.0
4319.9			1.0
4320.8			1.0
4321.7			1.0
4322.6			1.0019752268835496
4323.5			0.9566803337368118
4324.4			0.8523269239193707
4325.3			0.7484746804447203
4326.2			0.7557846394420789
4327.1			0.8800790774731095
4328.0			0.9987005587541622
4328.9			1.0
4329.8			1.0
4330.7			1.0
4331.6			1.0
4332.5			1.0
4333.4			1.0
4334.3			1.0
4335.2			1.0
4336.1			1.0
4337.0			1.0
4337.9			1.0
4338.8			1.0
4339.7			1.0
4340.6			1.0
4341.5			1.0
4342.4			1.0
4343.3			1.0
4344.2			1.0
4345.1			1.0
4346.0			1.0
4346.9			1.0
4347.8			1.0
4348.7			1.0302257085053728
4349.6			1.020103935944994
4350.5			0.9497253528248923
4351.4			0.8433949565367027
4352.3			0.7635247632757003
4353.2			0.7616995108868498
4354.1			0.8238074323697333
4355.0			0.8868413480889237
4355.9			0.9315082340451809
4356.8			0.9769668470458194
4357.7			1.0028517969204913
4358.6			1.0
4359.5			1.0
4360.4			1.0
4361.3			1.0
4362.2			1.0
4363.1			1.0
4364.0			1.0
4364.9			1.0
4365.8			1.0
4366.7			1.0
4367.6			1.0
4368.5			1.0
4369.4			1.0
4370.3			1.0
4371.2			1.0
4372.1			1.0
4373.0			1.0
4373.9			1.0
4374.8			1.0
4375.7			1.0
4376.6			1.0
4377.5			1.0
4378.4			1.0
4379.3			1.0
4380.2			1.0
4381.1			1.024285535693046
4382.0			0.9442920036060944
4382.9			0.7619484892934871
4383.8			0.6423234951022022
4384.7			0.7005487723291572
4385.6			0.8664883661138598
4386.5			0.9944431394823211
4387.4			1.0
4388.3			1.0
4389.2			1.0
4390.1			1.0
4391.0			1.0
4391.9			1.0
4392.8			1.0
4393.7			1.0
4394.6			1.0
4395.5			1.0
4396.4			1.0
4397.3			1.0
4398.2			1.0
4399.1			1.0
4400.0			1.0
4400.9			0.9916543413158588
4401.8			0.991736919223349
4402.7			0.9473905675627017
4403.6			0.8345916556074106
4404.5			0.7263547365013882
4405.4			0.718308859450721
4406.3			0.7803317319023343
4407.2			0.8112885842456314
4408.1			0.8248428467698374
4409.0			0.9012080239369965
4409.9			1.0007253144009811
4410.8			1.0
4411.7			1.0
4412.6			1.0
4413.5			1.0
4414.4			1.0
4415.3			1.0
4416.2			1.0
4417.1			1.0
4418.0			1.0
4418.9			1.0
4419.8			1.0
4420.7			1.0
4421.6			1.0
4422.5			0.9892022739169845
4423.4			0.9788199627477925
4424.3			0.9193792820001367
4425.2			0.8268668063638174
4426.1			0.7749382643350494
4427.0			0.7974185797096204
4427.9			0.8741388525898064
4428.8			0.9526500863736398
4429.7			1.0000042092009533
4430.6			1.0
4431.5			1.0
4432.4			1.016563912860687
4433.3			0.9349621612489182
4434.2			0.7800819165514901
4435.1			0.6706857194543697
4436.0			0.7153367850488637
4436.9			0.8677972560607695
4437.8			1.0011945902178416
4438.7			1.0
4439.6			1.0
4440.5			1.0
4441.4			1.0
4442.3			1.0
4443.2			1.0
4444.1			1.0
4445.0			1.0
4445.9			1.0
4446.8			1.0
4447.7			1.0
4448.6			1.0
4449.5			1.0
4450.4			1.0
4451.3			0.9942424904909977
4452.2			0.9611439542982517
4453.1			0.8711976943347844
4454.0			0.7311964723245221
4454.9			0.6283792886779173
4455.8			0.6427166226819793
4456.7			0.7598445197194872
4457.6			0.9005561780777881
4458.5			0.9865389690451841
4459.4			1.0
4460.3			1.0
4461.2			1.0
4462.1			1.0
4463.0			1.0
4463.9			1.0
4464.8			1.0
4465.7			1.0
4466.6			1.0
4467.5			1.0
4468.4			1.0
4469.3			1.0
4470.2			1.0
4471.1			1.0
4472.0			1.0
4472.9			1.0
4473.8			1.0
4474.7			1.0
4475.6			1.0
4476.5			1.0
4477.4			1.0
4478.3			1.0
4479.2			0.972677391648916
4480.1			0.9259067313313574
4481.0			0.877123038553008
4481.9			0.8480776227155705
4482.8			0.8735861050585751
4483.7			0.9404415452153372
4484.6			0.9961897893126868
4485.5			1.0
4486.4			1.0
4487.3			1.0
4488.2			1.0
4489.1			1.0
4490.0			1.0
4490.9			1.0
4491.8			1.0
4492.7			1.0
4493.6			1.0
4494.5			1.0
4495.4			1.0
4496.3			1.0
4497.2			1.0
4498.1			1.0
4499.0			1.0
4499.9			1.0
4500.8			1.0
4501.7			1.0
4502.6			1.0
4503.5			1.0
4504.4			1.0
4505.3			1.0
4506.2			1.0
4507.1			1.0
4508.0			1.0
4508.9			1.0
4509.8			1.0
4510.7			1.0
4511.6			1.0
4512.5			1.0
4513.4			1.0
4514.3			1.0
4515.2			1.0
4516.1			1.0
4517.0			1.0
4517.9			1.0
4518.8			1.0
4519.7			1.0
4520.6			1.0
4521.5			1.0
4522.4			1.0
4523.3			1.0
4524.2			1.0
4525.1			1.0
4526.0			1.0
4526.9			1.0
4527.8			1.0
4528.7			1.0
4529.6			1.0
4530.5			1.0
4531.4			0.9628322068144869
4532.3			0.8968557689509999
4533.2			0.8101631504895266
4534.1			0.7203378242884815
4535.0			0.6590150986103169
4535.9			0.6947927517767404
4536.8			0.827368248609677
4537.7			0.9516236473006836
4538.6			1.0053940769643372
4539.5			1.0
4540.4			1.0
4541.3			1.0
4542.2			1.0
4543.1			1.0
4544.0			1.0
4544.9			1.0
4545.8			1.0
4546.7			1.0
4547.6			1.0
4548.5			1.0
4549.4			1.0
4550.3			1.032551783594334
4551.2			1.019200845106133
4552.1			0.9634082382276935
4553.0			0.9127087173961895
4553.9			0.8795985655950682
4554.8			0.8582809981852519
4555.7			0.8714745394801213
4556.6			0.9305308396563925
4557.5			0.9855158273059779
4558.4			0.9996617864713453
4559.3			0.9902452983805577
4560.2			1.0
4561.1			1.0
4562.0			1.0
4562.9			1.0
4563.8			1.0
4564.7			1.0
4565.6			1.0
4566.5			1.0
4567.4			1.0
4568.3			1.0
4569.2			1.0
4570.1			1.0
4571.0			1.0
4571.9			1.0
4572.8			1.0
4573.7			1.0
4574.6			1.0
4575.5			1.0
4576.4			1.0
4577.3			1.0
4578.2			1.0
4579.1			1.0
4580.0			1.0
4580.9			1.0
4581.8			1.0
4582.7			1.0
4583.6			1.0156975992930375
4584.5			0.9420639823246384
4585.4			0.8413718004664757
4586.3			0.8150717621842658
4587.2			0.8838526163619924
4588.1			0.9657524933103822
4589.0			1.0000718756888465
4589.9			1.0
4590.8			1.0
4591.7			1.0
4592.6			1.0
4593.5			1.0
4594.4			1.0
4595.3			1.0
4596.2			1.0
4597.1			1.0
4598.0			1.0
4598.9			1.0
4599.8			1.0
4600.7			1.0
4601.6			1.0
4602.5			1.0
4603.4			1.0
4604.3			1.0
4605.2			0.9869079255985885
4606.1			0.9160191762169417
4607.0			0.8631638502456703
4607.9			0.9053220216139832
4608.8			1.0004714746539827
4609.7			1.0
4610.6			1.0
4611.5			1.0
4612.4			1.0
4613.3			1.0
4614.2			1.0
4615.1			1.0
4616.0			1.0
4616.9			1.0
4617.8			1.0
4618.7			1.0
4619.6			1.0
4620.5			1.0
4621.4			1.0
4622.3			1.0
4623.2			1.0
4624.1			1.0
4625.0			1.0
4625.9			1.0
4626.8			1.0
4627.7			1.0
4628.6			1.0
4629.5			1.0
4630.4			1.0
4631.3			1.0
4632.2			1.0
4633.1			1.0
4634.0			1.0
4634.9			1.0
4635.8			1.0
4636.7			1.0
4637.6			1.0
4638.5			1.0
4639.4			1.0
4640.3			1.0
4641.2			1.0
4642.1			1.0
4643.0			1.0089765888865916
4643.9			0.9884734015072515
4644.8			0.9399720052665395
4645.7			0.8813896206309773
4646.6			0.8822383277938466
4647.5			0.9489569602361911
4648.4			1.00555404208759
4649.3			1.019170039682919
4650.2			1.0023311250582223
4651.1			1.0
4652.0			1.0
4652.9			1.0
4653.8			1.0
4654.7			1.0
4655.6			1.0
4656.5			1.0
4657.4			1.0
4658.3			1.0
4659.2			1.0
4660.1			1.0
4661.0			1.0
4661.9			1.0
4662.8			1.0
4663.7			1.0
4664.6			1.0
4665.5			0.9912978956153525
4666.4			0.9468713671172523
4667.3			0.8795756572693608
4668.2			0.8620374707522415
4669.1			0.9140078331935112
4670.0			0.9695989968011612
4670.9			0.9959639575388979
4671.8			1.0
4672.7			1.0
4673.6			1.0
4674.5			1.0
4675.4			1.0
4676.3			1.0
4677.2			1.0
4678.1			1.0175753123688918
4679.0			1.0040753154808755
4679.9			0.9662094984535129
4680.8			0.9097311698863866
4681.7			0.8712604714249692
4682.6			0.8973224530596734
4683.5			0.9593450430879035
4684.4			0.9938720193063116
4685.3			1.000075533936954
4686.2			1.0
4687.1			1.0
4688.0			1.0
4688.9			1.0
4689.8			1.0
4690.7			1.0
4691.6			1.0
4692.5			1.0
4693.4			1.0
4694.3			1.0
4695.2			1.0
4696.1			1.0
4697.0			1.0
4697.9			1.0
4698.8			1.0
4699.7			1.0
4700.6			1.0
4701.5			1.0
4702.4			1.0
4703.3			1.0
4704.2			1.0
4705.1			1.0
4706.0			1.0
4706.9			1.0
4707.8			1.0
4708.7			1.0
4709.6			1.0
4710.5			1.0
4711.4			1.0
4712.3			1.0
4713.2			1.0
4714.1			1.0
4715.0			1.0
4715.9			1.0
4716.8			1.0
4717.7			1.0
4718.6			1.0
4719.5			1.0
4720.4			1.0
4721.3			1.0
4722.2			1.0
4723.1			1.0
4724.0			1.0
4724.9			1.0
4725.8			1.0
4726.7			1.0
4727.6			1.0
4728.5			1.0
4729.4			1.0
4730.3			1.0
4731.2			1.0
4732.1			1.0
4733.0			1.0
4733.9			1.0
4734.8			1.0
4735.7			1.0
4736.6			1.0
4737.5			1.0
4738.4			1.0
4739.3			1.0
4740.2			1.0
4741.1			1.0
4742.0			1.0
4742.9			1.0208862075470397
4743.8			1.039797091021218
4744.7			1.0544730917465512
4745.6			1.0640495704813167
4746.5			1.0689319790356309
4747.4			1.0660977306707433
4748.3			1.0676534537463487
4749.2			1.07877514735438
4750.1			1.0897277496995512
4751.0			1.0967038308944996
4751.9			1.0922280942438245
4752.8			1.0651441231561496
4753.7			1.05476578665231
4754.6			1.0944131477234211
4755.5			1.1283198043797278
4756.4			1.117421794353164
4757.3			1.0820603344017912
4758.2			1.044584080318476
4759.1			1.0235774520696113
4760.0			1.0124691679497115
4760.9			0.9830571879887603
4761.8			0.9366838961269478
4762.7			0.9069788948235896
4763.6			0.904544011152429
4764.5			0.9075487266341464
4765.4			0.8906592178941313
4766.3			0.8707829487314781
4767.2			0.8769700967633886
4768.1			0.8904965948203825
4769.0			0.8918487760207817
4769.9			0.8840886434665686
4770.8			0.8847387969517684
4771.7			0.8876828887449489
4772.6			0.878155865070016
4773.5			0.8804568198341316
4774.4			0.8983703147029226
4775.3			0.9077700730508823
4776.2			0.8943573008744024
4777.1			0.8672518659633406
4778.0			0.8423775377355187
4778.9			0.8374762407230508
4779.8			0.8439646780772334
4780.7			0.8470043437925815
4781.6			0.8494211027656363
4782.5			0.8476907460223092
4783.4			0.8556494746982669
4784.3			0.8875627226244203
4785.2			0.9188411842259612
4786.1			0.9385901105321571
4787.0			0.9434792293746643
4787.9			0.9505343372478111
4788.8			0.9626773608964305
4789.7			0.9854028695656486
4790.6			0.9979066407939413
4791.5			1.0019036212892865
4792.4			1.0132607672761018
4793.3			1.0298957653159484
4794.2			1.046417644949647
4795.1			1.0617950648085148
4796.0			1.0727893922863367
4796.9			1.0773136863803667
4797.8			1.078124864747073
4798.7			1.0680122929093196
4799.6			1.054382176328369
4800.5			1.0533490679000548
4801.4			1.0583413288753445
4802.3			1.0735407433571171
4803.2			1.0911033530220124
4804.1			1.071075877382936
4805.0			1.0242640498341529
4805.9			0.998095219484573
4806.8			0.9827008010225514
4807.7			0.9665980278702725
4808.6			0.9665186679443795
4809.5			0.9781773726623273
4810.4			0.978249016028025
4811.3			0.9699166587821403
4812.2			0.9721306487049484
4813.1			0.9839028316032494
4814.0			0.9887344387737874
4814.9			1.0004431873277067
4815.8			1.0
4816.7			1.0
4817.6			1.0
4818.5			1.0
4819.4			1.0
4820.3			1.0
4821.2			1.0
4822.1			1.0
4823.0			1.0
4823.9			1.0
4824.8			1.0
4825.7			1.0
4826.6			1.0
4827.5			1.0
4828.4			1.0
4829.3			1.0
4830.2			1.0
4831.1			1.0
4832.0			1.0
4832.9			1.0
4833.8			1.0
4834.7			1.0
4835.6			1.0
4836.5			1.0
4837.4			1.0
4838.3			1.0
4839.2			1.0
4840.1			1.0
4841.0			1.0
4841.9			1.0
4842.8			1.0
4843.7			1.0
4844.6			1.0
4845.5			1.0
4846.4			1.0
4847.3			1.0
4848.2			1.0
4849.1			1.0
4850.0			1.0
4850.9			1.0
4851.8			1.0
4852.7			1.0
4853.6			1.0
4854.5			1.0
4855.4			1.0
4856.3			1.0
4857.2			1.0
4858.1			1.0
4859.0			1.0
4859.9			1.0
4860.8			1.0
4861.7			1.0
4862.6			1.0
4863.5			1.0
4864.4			1.0
4865.3			1.0
4866.2			1.0
4867.1			1.0
4868.0			1.0
4868.9			1.0
4869.8			1.0
4870.7			1.0
4871.6			1.0
4872.5			1.0
4873.4			1.0
4874.3			1.0
4875.2			1.0
4876.1			1.0
4877.0			1.0
4877.9			1.0
4878.8			1.0
4879.7			1.0
4880.6			1.0
4881.5			1.0
4882.4			1.0
4883.3			1.0
4884.2			1.0
4885.1			1.0
4886.0			1.0
4886.9			1.0
4887.8			1.0
4888.7			1.0
4889.6			1.0
4890.5			1.0
4891.4			1.0
4892.3			1.0
4893.2			1.0
4894.1			1.0
4895.0			1.0
4895.9			1.0
4896.8			1.0
4897.7			1.0
4898.6			1.0
4899.5			1.0
4900.4			1.0
4901.3			1.0
4902.2			1.0
4903.1			1.0
4904.0			1.0
4904.9			1.0
4905.8			1.0
4906.7			1.0
4907.6			1.0
4908.5			1.0
4909.4			1.0
4910.3			1.0
4911.2			1.0
4912.1			1.0
4913.0			1.0
4913.9			1.0
4914.8			1.0
4915.7			1.0
4916.6			1.007815006369603
4917.5			1.0036870918567806
4918.4			0.9599066289698092
4919.3			0.8897983010469966
4920.2			0.8495664779044787
4921.1			0.881040037759188
4922.0			0.9541049932680864
4922.9			1.0042687865581004
4923.8			0.9984897738122419
4924.7			1.0
4925.6			1.0
4926.5			1.0
4927.4			1.0
4928.3			1.0
4929.2			1.0
4930.1			0.9959973219039137
4931.0			0.9895197441727079
4931.9			0.9643997033343766
4932.8			0.93295717761995
4933.7			0.9239376798561776
4934.6			0.945618796240528
4935.5			0.9809668724470906
4936.4			1.0036514645135008
4937.3			0.9952852820124244
4938.2			1.0
4939.1			1.0
4940.0			1.0
4940.9			1.0
4941.8			1.0
4942.7			1.0196257371064177
4943.6			1.0472718516080224
4944.5			1.0548222100552782
4945.4			1.047374820143807
4946.3			1.068122229437047
4947.2			1.1156873920707895
4948.1			1.1559659645554754
4949.0			1.1765048238356004
4949.9			1.173794664974607
4950.8			1.164292261585611
4951.7			1.1616364820928995
4952.6			1.150676321026559
4953.5			1.0899357786772739
4954.4			0.9754875525877885
4955.3			0.8637741713631937
4956.2			0.7768894976959542
4957.1			0.7170239249419639
4958.0			0.7262539919244201
4958.9			0.7965179477227023
4959.8			0.8549680530722114
4960.7			0.8675643852934007
4961.6			0.8550621673941887
4962.5			0.8426247273405982
4963.4			0.8407957112746495
4964.3			0.8563957100736235
4965.2			0.8886824332231325
4966.1			0.9092786247493677
4967.0			0.8988852917566617
4967.9			0.8880532196686513
4968.8			0.9079641373389798
4969.7			0.9474257875361097
4970.6			0.9797299699018196
4971.5			1.0004668597925686
4972.4			1.0
4973.3			1.0
4974.2			1.0
4975.1			1.0
4976.0			1.0
4976.9			1.0
4977.8			1.0
4978.7			1.0
4979.6			0.9988165122549987
4980.5			0.9422860191869658
4981.4			0.8312951754028954
4982.3			0.7865335062712464
4983.2			0.8542459214951231
4984.1			0.9509461497437327
4985.0			0.9949480924996592
4985.9			1.0
4986.8			1.0
4987.7			1.0
4988.6			1.0
4989.5			1.0
4990.4			1.0
4991.3			1.0
4992.2			1.0
4993.1			1.0
4994.0			1.0
4994.9			1.0
4995.8			1.0
4996.7			1.0
4997.6			1.0
4998.5			0.9484649218100842
4999.4			0.8643846296587102
5000.3			0.8475316285532206
5001.2			0.9141891947970301
5002.1			0.9860418658709759
5003.0			1.0
5003.9			1.0
5004.8			1.0
5005.7			1.0
5006.6			1.0
5007.5			1.0
5008.4			1.0
5009.3			1.0
5010.2			1.0557157009227185
5011.1			1.043991994973185
5012.0			0.97111069413793
5012.9			0.8895781854615201
5013.8			0.8217512745187269
5014.7			0.8004090375186353
5015.6			0.8421795421361548
5016.5			0.9070928927631426
5017.4			0.9597218378598229
5018.3			0.9943578464483969
5019.2			0.996561668532255
5020.1			1.0
5021.0			1.0
5021.9			1.0
5022.8			1.0
5023.7			1.0
5024.6			1.0
5025.5			1.0
5026.4			1.0
5027.3			1.0
5028.2			1.0
5029.1			1.0
5030.0			1.0
5030.9			1.0
5031.8			1.0
5032.7			1.0
5033.6			1.0
5034.5			1.0
5035.4			1.0
5036.3			1.0
5037.2			1.0244491467484176
5038.1			1.0321335253287787
5039.0			0.974101066067072
5039.9			0.8887604893518004
5040.8			0.8474868620124995
5041.7			0.8832455754937186
5042.6			0.9412656757771519
5043.5			0.9749548643851536
5044.4			1.0065293001294537
5045.3			1.0
5046.2			1.0
5047.1			1.0
5048.0			1.0
5048.9			1.0
5049.8			1.0
5050.7			1.0
5051.6			1.0
5052.5			1.0
5053.4			1.0
5054.3			1.0
5055.2			0.9854294758807084
5056.1			0.9935618548715941
5057.0			1.0301430866348114
5057.9			1.0558303555560014
5058.8			1.0403617703083603
5059.7			1.038805312793152
5060.6			1.0588572465289552
5061.5			1.0464155386253635
5062.4			1.0067357952623963
5063.3			0.9578802338708253
5064.2			0.9057099275278911
5065.1			0.8910048851901106
5066.0			0.9200545628846531
5066.9			0.9472493308844263
5067.8			0.9460299455019721
5068.7			0.9364251445141554
5069.6			0.9392752826205218
5070.5			0.930608150932143
5071.4			0.9048714700750519
5072.3			0.9000664014268261
5073.2			0.9495483640750448
5074.1			1.0096779054111562
5075.0			0.997767598891744
5075.9			1.0
5076.8			0.9664309768554548
5077.7			1.015553857713933
5078.6			1.0407166794723202
5079.5			1.003869103919905
5080.4			0.9676553898677075
5081.3			0.9338267769211746
5082.2			0.8958093048764075
5083.1			0.9039827932012348
5084.0			0.9447428818665984
5084.9			0.9818575584715419
5085.8			1.0206599632783728
5086.7			1.0366926817762367
5087.6			0.9976190000099826
5088.5			1.0
5089.4			1.0
5090.3			1.0
5091.2			1.0
5092.1			1.05700261685056
5093.0			1.0997128902989015
5093.9			1.0674548427871324
5094.8			0.9698971026647525
5095.7			0.9325194602901439
5096.6			1.0174578307667976
5097.5			1.1017264165081326
5098.4			1.0656791076030943
5099.3			0.9774770616000594
5100.2			0.9289326122280105
5101.1			0.9181330402964211
5102.0			0.934022226427676
5102.9			0.94673987523375
5103.8			0.9421405071359695
5104.7			0.9337467698689097
5105.6			0.921603578301953
5106.5			0.9106061603761898
5107.4			0.9270550664990215
5108.3			0.9712662878386074
5109.2			1.0028653702229775
5110.1			1.0099912209514825
5111.0			1.0017602539227775
5111.9			0.9905721060972296
5112.8			0.9808204990252531
5113.7			1.0247174604810627
5114.6			1.1148232497222337
5115.5			1.1413877455712795
5116.4			1.1072069376644176
5117.3			1.1023500329267542
5118.2			1.0956196148953472
5119.1			1.0520841540382018
5120.0			1.0046706123128155
5120.9			1.0004745065490324
5121.8			1.0
5122.7			0.9785834810202749
5123.6			0.9036236844932438
5124.5			0.8678335286368303
5125.4			0.8820967284722024
5126.3			0.8926808429656454
5127.2			0.8848890711116539
5128.1			0.8691480800826215
5129.0			0.8335201538809043
5129.9			0.8205176034060762
5130.8			0.8839157120574308
5131.7			0.9754070462270922
5132.6			1.001315109389433
5133.5			0.9564451234961167
5134.4			0.9326952548757546
5135.3			0.9567927032663784
5136.2			0.9852400981602139
5137.1			1.0022516004478075
5138.0			1.0
5138.9			1.0
5139.8			1.0
5140.7			1.0
5141.6			1.0
5142.5			1.0
5143.4			1.0
5144.3			1.0
5145.2			1.0
5146.1			1.0
5147.0			1.0
5147.9			1.0507735233545465
5148.8			1.046465546128601
5149.7			0.9859231529870913
5150.6			0.9347987137241058
5151.5			0.8882361505693492
5152.4			0.8210245085678639
5153.3			1.0
5154.2			1.0181075404308773
5155.1			1.1319672642981788
5156.0			1.2490284909742961
5156.9			1.339612194606258
5157.8			1.40421580031733
5158.7			1.4048389904994842
5159.6			1.3938342519029128
5160.5			1.4452652717251755
5161.4			1.4713452734742458
5162.3			1.3898454404744451
5163.2			1.3505863817318813
5164.1			1.3809901336280344
5165.0			1.29280601494283
5165.9			1.0717413362227375
5166.8			0.8581435453210642
5167.7			0.7610100308382084
5168.6			0.7816317288501802
5169.5			0.834777958683176
5170.4			0.8387673887951073
5171.3			0.7794016645306685
5172.2			0.7131943133160712
5173.1			0.702256254132942
5174.0			0.7687834344284538
5174.9			0.8570903663038135
5175.8			0.9245115093056625
5176.7			0.9523569820833464
5177.6			0.9349062480589245
5178.5			1.0
5179.4			0.9404010524264261
5180.3			0.8704509349438979
5181.2			0.7935246049788436
5182.1			0.7340879283333696
5183.0			0.6873670264097002
5183.9			0.7002798928360411
5184.8			0.8080350450112429
5185.7			0.9303906455718026
5186.6			0.9882557325232109
5187.5			1.154937869847442
5188.4			1.1259951543355495
5189.3			1.0
5190.2			1.0049080852688899
5191.1			0.9690739385443806
5192.0			0.9026368131967467
5192.9			0.8773666837416125
5193.8			0.9139300998714951
5194.7			0.9650268493665823
5195.6			0.9993246169726085
5196.5			1.0
5197.4			1.0
5198.3			1.0
5199.2			1.0
5200.1			1.0
5201.0			0.9717306285991518
5201.9			0.9365592369885399
5202.8			0.8802968495467159
5203.7			0.7751415038173318
5204.6			0.6605788645717444
5205.5			0.59589458480292
5206.4			0.5778385788555006
5207.3			0.5686748071901805
5208.2			0.5385265608626317
5209.1			0.5358109031551398
5210.0			0.5892872666752006
5210.9			0.7205647123203407
5211.8			0.8938184562243415
5212.7			1.0077027902680546
5213.6			1.046514398747336
5214.5			1.0296115920961975
5215.4			0.9931849093813858
5216.3			0.9763733510789933
5217.2			0.9998181752465379
5218.1			1.0
5219.0			1.0
5219.9			1.0
5220.8			1.0
5221.7			1.0
5222.6			0.9724393871933715
5223.5			0.9203054153718309
5224.4			0.8716860031482022
5225.3			0.8539248358741817
5226.2			0.8320576157677604
5227.1			0.8276914543277949
5228.0			0.9006821052016994
5228.9			0.9839027002058773
5229.8			1.0196166377882032
5230.7			1.0247831720981426
5231.6			1.0013103908541152
5232.5			1.0
5233.4			1.0
5234.3			1.0
5235.2			1.0
5236.1			1.0
5237.0			1.0
5237.9			1.0
5238.8			1.0
5239.7			1.0
5240.6			1.0
5241.5			1.0
5242.4			1.0141398761593365
5243.3			1.0384847894770142
5244.2			1.0537693161077601
5245.1			1.0364360627533225
5246.0			0.9791408511391674
5246.9			0.9199944940837795
5247.8			0.9145774421113019
5248.7			0.9556778828779856
5249.6			0.9576760185415354
5250.5			0.9337922307321587
5251.4			0.932754560291849
5252.3			0.9677881695440399
5253.2			1.0039141034626256
5254.1			1.0
5255.0			1.0
5255.9			1.0
5256.8			1.0
5257.7			1.0
5258.6			1.0
5259.5			1.0
5260.4			1.0
5261.3			1.0
5262.2			1.0
5263.1			1.0
5264.0			1.0
5264.9			1.0
5265.8			0.9714853379375691
5266.7			1.0122082196148392
5267.6			1.0101954058578042
5268.5			0.883444199680185
5269.4			0.7262862256798421
5270.3			0.7158424895086448
5271.2			0.8430295390239101
5272.1			0.9474108579618179
5273.0			0.9796174698808953
5273.9			1.0
5274.8			1.0
5275.7			1.0
5276.6			1.0
5277.5			1.0
5278.4			1.0
5279.3			0.9874596740916702
5280.2			0.9552504564402624
5281.1			0.9188277451001252
5282.0			0.8824100622713619
5282.9			0.8656850473719663
5283.8			0.8867458396379292
5284.7			0.939020029625425
5285.6			0.980136192943654
5286.5			0.999063228787008
5287.4			1.0
5288.3			1.0
5289.2			1.0
5290.1			1.0
5291.0			1.0
5291.9			1.0
5292.8			1.0
5293.7			1.0091726903169769
5294.6			1.0086599440726953
5295.5			0.9661100589497934
5296.4			0.8858283940716114
5297.3			0.8212893820030521
5298.2			0.8292627479360591
5299.1			0.892227239522132
5300.0			0.9615332115701648
5300.9			0.9952132211430472
5301.8			1.0
5302.7			1.0
5303.6			1.0
5304.5			1.0
5305.4			1.0
5306.3			1.0
5307.2			1.0
5308.1			1.0
5309.0			1.0
5309.9			1.0
5310.8			1.0
5311.7			1.0
5312.6			1.0
5313.5			1.0
5314.4			1.0
5315.3			1.0
5316.2			1.0
5317.1			1.0
5318.0			1.0
5318.9			1.0
5319.8			1.0
5320.7			1.0
5321.6			1.0
5322.5			1.0
5323.4			1.0
5324.3			1.0
5325.2			1.0089739078337565
5326.1			0.9344631883802866
5327.0			0.7960330905879126
5327.9			0.7337981248025043
5328.8			0.8100624246092523
5329.7			0.9265930991289648
5330.6			1.000012833575865
5331.5			1.0
5332.4			1.0
5333.3			1.0
5334.2			1.0
5335.1			1.0
5336.0			1.0
5336.9			1.0
5337.8			1.0
5338.7			1.0
5339.6			1.0
5340.5			1.0
5341.4			1.0
5342.3			1.0
5343.2			1.0
5344.1			1.0
5345.0			1.0
5345.9			1.0
5346.8			1.0
5347.7			1.0
5348.6			1.0
5349.5			1.0
5350.4			1.0
5351.3			1.0
5352.2			1.0
5353.1			1.0
5354.0			1.0
5354.9			1.0
5355.8			1.0
5356.7			1.0
5357.6			1.0
5358.5			1.0
5359.4			1.0
5360.3			1.0
5361.2			1.0
5362.1			1.0
5363.0			1.0
5363.9			1.0
5364.8			1.0
5365.7			1.0
5366.6			1.0
5367.5			1.0
5368.4			0.9628404245303065
5369.3			0.8823583869619621
5370.2			0.793471301387708
5371.1			0.7693796293683253
5372.0			0.8422373077994829
5372.9			0.943095504588768
5373.8			1.001384327091037
5374.7			1.0
5375.6			1.0
5376.5			1.0
5377.4			1.0
5378.3			1.0
5379.2			1.0
5380.1			0.9902374251908991
5381.0			0.9728299925027304
5381.9			0.9457311082003342
5382.8			0.9233882216219917
5383.7			0.9294828881057144
5384.6			0.9641713438166875
5385.5			0.9996635986892365
5386.4			1.0
5387.3			1.0
5388.2			1.0
5389.1			1.0
5390.0			1.0
5390.9			1.0
5391.8			1.0
5392.7			0.970502800076
5393.6			0.941799338986986
5394.5			0.9200969241783826
5395.4			0.8781016997957107
5396.3			0.8256046418283282
5397.2			1.0
5398.1			1.099074785450709
5399.0			1.1686024594219944
5399.9			1.1655637035818425
5400.8			1.1425968669670281
5401.7			1.1309631934993305
5402.6			1.103566581012178
5403.5			1.0322629601839406
5404.4			0.9353736758855472
5405.3			0.8865654580296255
5406.2			0.9279530808232376
5407.1			0.981290139481553
5408.0			0.950788719111088
5408.9			0.8778206616319125
5409.8			0.8664981569941835
5410.7			0.9119287033684196
5411.6			0.9582094637620721
5412.5			1.0034730074943523
5413.4			1.0
5414.3			1.0
5415.2			1.0
5416.1			1.0
5417.0			1.0
5417.9			1.0
5418.8			1.0
5419.7			1.0
5420.6			1.0
5421.5			1.0
5422.4			1.0079114894395713
5423.3			0.995173153207397
5424.2			0.9850287199820723
5425.1			0.9962961892041772
5426.0			1.0261941238528833
5426.9			1.0341292163928761
5427.8			0.96362633114333
5428.7			0.8535856529936928
5429.6			0.8197568822639739
5430.5			0.8663848781255419
5431.4			0.9033373875402361
5432.3			0.8990840356003715
5433.2			0.8717348900411714
5434.1			1.0
5435.0			1.0486614192402695
5435.9			1.130408297419517
5436.8			1.1641296364950955
5437.7			1.1439275613653273
5438.6			1.1385462349102686
5439.5			1.1858276304520314
5440.4			1.2358982975378794
5441.3			1.2445368842844688
5442.2			1.2368540591956583
5443.1			1.2262909229610743
5444.0			1.1752077353264008
5444.9			1.0747139960046814
5445.8			0.9626383941914929
5446.7			0.9060714390966776
5447.6			0.9184087320833382
5448.5			0.9415575447090043
5449.4			0.9482624018542649
5450.3			0.9439634469698215
5451.2			0.9434026361875507
5452.1			0.9486637015433369
5453.0			0.9372648796645029
5453.9			0.8955908038709157
5454.8			0.8539726400182335
5455.7			0.8676339233002482
5456.6			0.9316515373338142
5457.5			0.9872805510374216
5458.4			1.0069360399801692
5459.3			0.9924402140358599
5460.2			0.9648775751008848
5461.1			0.9569608947318925
5462.0			0.9634965471183915
5462.9			0.9642444118792997
5463.8			0.9725400399181219
5464.7			1.0001306790055606
5465.6			1.0354463396201488
5466.5			1.064217356973245
5467.4			1.0666403483697866
5468.3			1.038972768575151
5469.2			1.008704551036694
5470.1			1.0057705712083276
5471.0			1.0359382935309334
5471.9			1.0584646769811452
5472.8			1.0423239706333816
5473.7			1.0120120294674233
5474.6			1.0003761939297815
5475.5			1.0
5476.4			1.0
5477.3			1.0
5478.2			1.0
5479.1			1.0
5480.0			1.0
5480.9			1.0
5481.8			1.0
5482.7			1.0
5483.6			1.0
5484.5			1.0
5485.4			1.0
5486.3			1.0
5487.2			1.0
5488.1			1.0
5489.0			1.0
5489.9			1.0
5490.8			1.026070011025371
5491.7			1.0469909125287173
5492.6			1.0451424012382373
5493.5			1.0249451077985499
5494.4			1.0102938969296673
5495.3			0.9967371755570186
5496.2			0.9653818128147313
5497.1			0.9406325478136345
5498.0			0.9523371281414137
5498.9			0.9632058073005992
5499.8			0.942136370316671
5500.7			0.9294964758031451
5501.6			0.9559742944952486
5502.5			0.9856731000852021
5503.4			0.994715854064786
5504.3			0.9875104224451615
5505.2			0.9657353272608079
5506.1			1.0
5507.0			1.034856737387845
5507.9			1.0834545711695764
5508.8			1.0864322042556447
5509.7			1.0344131468072855
5510.6			0.9584988162240542
5511.5			0.8976120239864805
5512.4			0.8723617417352194
5513.3			0.8727306363690899
5514.2			0.883283310629327
5515.1			0.9122867120995125
5516.0			0.9600576435022965
5516.9			0.9971764177661476
5517.8			1.0053659604266367
5518.7			1.0
5519.6			1.0
5520.5			1.0
5521.4			1.0
5522.3			1.0
5523.2			1.0
5524.1			1.0
5525.0			0.9927692219354559
5525.9			0.9853499746424919
5526.8			0.9527094603225383
5527.7			0.9209591169047477
5528.6			0.9406633951843155
5529.5			0.9873611455729421
5530.4			0.9954022613115011
5531.3			1.0
5532.2			1.0
5533.1			1.0
5534.0			1.0
5534.9			1.0
5535.8			1.0
5536.7			1.0
5537.6			1.0
5538.5			1.0
5539.4			1.0
5540.3			1.0
5541.2			1.0
5542.1			1.0
5543.0			1.0
5543.9			1.0
5544.8			1.0
5545.7			1.0
5546.6			1.0
5547.5			1.0
5548.4			1.0
5549.3			1.0
5550.200000000001			1.0
5551.1			1.0
5552.0			1.0
5552.9			1.0
5553.8			1.0
5554.700000000001			1.0
5555.6			1.0
5556.5			1.0
5557.4			1.0
5558.3			1.0
5559.200000000001			1.0
5560.1			1.0
5561.0			1.0
5561.9			1.0
5562.8			1.001950802697774
5563.700000000001			1.010382098556714
5564.6			0.99614551654277
5565.5			0.9621472236509381
5566.4			0.9380173408339425
5567.3			0.944967357879545
5568.200000000001			0.9743066053356337
5569.1			0.9950164301635459
5570.0			0.9976196674907893
5570.9			1.0
5571.8			1.0
5572.700000000001			1.0
5573.6			1.0
5574.5			1.0
5575.4			1.0
5576.3			1.0
5577.200000000001			1.0
5578.1			1.0
5579.0			1.0
5579.9			1.0
5580.8			1.0
5581.700000000001			1.0
5582.6			1.0
5583.5			1.0
5584.4			1.0
5585.3			1.0
5586.200000000001			0.9585342094550384
5587.1			0.9035030418948248
5588.0			0.8432838716529014
5588.9			0.8134554876223375
5589.8			0.8623389609328724
5590.700000000001			1.0
5591.6			1.04826531766582
5592.5			1.0467484284787478
5593.4			1.0016090228393524
5594.3			0.9650091719328052
5595.200000000001			0.9893972433941085
5596.1			1.0119822504808278
5597.0			0.9463516582220616
5597.9			0.8466365799623142
5598.8			0.8254250554285487
5599.700000000001			0.8689868620268271
5600.6			0.9000495738647128
5601.5			0.9095544702061988
5602.4			0.9160569815990659
5603.3			0.9333250208269126
5604.200000000001			0.9619888982703738
5605.1			0.9864999621210265
5606.0			1.0008224855856502
5606.9			1.0
5607.8			1.0
5608.700000000001			1.0
5609.6			1.0067012788942806
5610.5			1.0109095315888683
5611.4			1.0172743494416154
5612.3			1.021610685404992
5613.200000000001			1.0114956471696355
5614.1			0.9753479175773985
5615.0			0.9263606715068446
5615.9			0.9120800808341013
5616.8			0.9367908110329305
5617.700000000001			0.9557881029748886
5618.6			0.9473623616144312
5619.5			0.927791803972204
5620.4			0.9311285840222648
5621.3			0.9659610512378045
5622.200000000001			1.0002697274449535
5623.1			1.0
5624.0			1.0
5624.9			1.0
5625.8			1.0
5626.700000000001			1.0
5627.6			0.9867697661298912
5628.5			0.9500454226579498
5629.4			0.9092740102908707
5630.3			0.9041078050761873
5631.200000000001			0.9342218866659149
5632.1			0.9708967474061293
5633.0			0.9991002863796844
5633.9			1.0
5634.8			1.0
5635.700000000001			1.0
5636.6			1.0
5637.5			1.0
5638.4			1.0
5639.3			1.0
5640.200000000001			1.0
5641.1			1.0
5642.0			1.0
5642.9			1.0
5643.8			1.0
5644.700000000001			1.0
5645.6			1.0
5646.5			1.0
5647.4			1.0
5648.3			1.0
5649.200000000001			1.0
5650.1			1.0
5651.0			1.0
5651.9			1.0
5652.8			1.0
5653.700000000001			1.0
5654.6			1.0
5655.5			1.0
5656.4			1.0
5657.3			1.0
5658.200000000001			1.0
5659.1			1.0
5660.0			1.0
5660.9			1.0
5661.8			1.0
5662.700000000001			1.0
5663.6			1.019736276379194
5664.5			1.042267431172828
5665.4			1.0560385261275727
5666.3			1.0528475291412005
5667.200000000001			1.0277471222483465
5668.1			0.9969827037120598
5669.0			0.9804725369809518
5669.9			0.9667189775337289
5670.8			0.948974340561928
5671.700000000001			0.9500960022814214
5672.6			0.9676979492289577
5673.5			0.9779150328752285
5674.4			0.9744051186838223
5675.3			0.9715109293199532
5676.200000000001			0.9829967984844055
5677.1			0.9985540428085224
5678.0			1.0034156838972854
5678.9			1.0
5679.8			1.0
5680.700000000001			1.0
5681.6			1.0
5682.5			1.0
5683.4			1.0
5684.3			1.0
5685.200000000001			1.0209995716359996
5686.1			0.9951047818706179
5687.0			0.9392476845976719
5687.9			0.8985053866640667
5688.8			0.9130858194024607
5689.700000000001			0.9626969459625895
5690.6			0.9997355174827893
5691.5			1.0
5692.4			1.0
5693.3			1.0
5694.200000000001			1.0
5695.1			1.0
5696.0			1.0
5696.9			1.0
5697.8			1.0
5698.700000000001			1.0
5699.6			1.0
5700.5			1.0
5701.4			1.0
5702.3			1.0
5703.200000000001			1.0
5704.1			1.0
5705.0			1.0
5705.9			1.0
5706.8			1.0
5707.700000000001			1.0
5708.6			1.0
5709.5			1.0
5710.4			1.0
5711.3			1.0
5712.200000000001			1.0
5713.1			1.0
5714.0			1.0
5714.9			1.0
5715.8			1.0
5716.700000000001			1.0
5717.6			1.0
5718.5			1.0
5719.4			1.0
5720.3			1.0
5721.200000000001			1.0
5722.1			1.0
5723.0			1.0
5723.9			1.0
5724.8			1.0
5725.700000000001			0.9817263861876793
5726.6			0.9443895837258074
5727.5			0.9360279676959751
5728.4			0.9710172137107639
5729.3			0.9996984815343722
5730.200000000001			1.0
5731.1			1.0
5732.0			1.0
5732.9			1.0
5733.8			1.0
5734.700000000001			1.0
5735.6			1.0
5736.5			0.9911696970959437
5737.4			0.991231618946576
5738.3			0.9997020663627312
5739.200000000001			1.002905276728916
5740.1			1.0054030882019636
5741.0			1.0064594573487513
5741.9			1.0049005366205832
5742.8			1.0014673241807153
5743.700000000001			0.9996041920167483
5744.6			1.0099254850657013
5745.5			1.025000131436794
5746.4			1.0313361503252128
5747.3			1.03030380874095
5748.200000000001			1.025405031398766
5749.1			1.0263424970265314
5750.0			1.0370740233455205
5750.9			1.043812236327833
5751.8			1.0429310527701692
5752.700000000001			1.0389953292405096
5753.6			1.0367396745960993
5754.5			1.0407540498396297
5755.4			1.0527178719540162
5756.3			1.0623856690535436
5757.200000000001			1.062014099109529
5758.1			1.046267160211741
5759.0			1.0180145941092904
5759.9			0.9988923611717421
5760.8			0.9819551330798177
5761.700000000001			0.9491236032967697
5762.6			0.9270481423442412
5763.5			0.9374111656160466
5764.4			0.9549391388761271
5765.3			0.9630819674343166
5766.200000000001			0.9703829120846377
5767.1			0.9758500527828097
5768.0			0.977811477947854
5768.9			0.9822263959432853
5769.8			0.9837379474627699
5770.700000000001			0.983788989904859
5771.6			0.985341134306348
5772.5			0.9875604353100723
5773.4			0.9849037106223583
5774.3			0.9768201815301413
5775.200000000001			0.9719752992752436
5776.1			0.969742093659012
5777.0			0.9713737700825968
5777.9			0.9741873959668851
5778.8			0.9795684958527084
5779.700000000001			0.9864785457426247
5780.6			0.9856978995254795
5781.5			0.9821770594888527
5782.4			0.9832533995703381
5783.3			0.9890689594645463
5784.200000000001			0.9875822316982675
5785.1			0.978110612780286
5786.0			0.9782822877969856
5786.9			0.9884723877930565
5787.8			0.9947147064483234
5788.700000000001			1.0000925585711602
5789.6			1.0
5790.5			1.0
5791.4			1.0
5792.3			1.0
5793.200000000001			1.0
5794.1			1.0
5795.0			1.0
5795.9			1.0
5796.8			1.0
5797.700000000001			1.0
5798.6			1.0
5799.5			1.0
5800.4			1.0
5801.3			1.0
5802.200000000001			1.0
5803.1			0.999208124858396
5804.0			0.9981830555397362
5804.9			0.9995924026817261
5805.8			1.0041548690015272
5806.700000000001			1.0120836588671642
5807.6			1.0202802810437497
5808.5			1.0151981177189278
5809.4			0.9960077848704404
5810.3			0.9782110554145312
5811.200000000001			0.9671046014974921
5812.1			0.9648712827234348
5813.0			0.9580174603694979
5813.9			0.9372998962974218
5814.8			0.9222006515693316
5815.700000000001			0.9253410357032827
5816.6			0.9391807809374333
5817.5			0.9461397781572665
5818.4			0.9446385794422656
5819.3			0.945872819423338
5820.200000000001			0.9506305427796212
5821.1			0.9541066923067051
5822.0			0.9526767697607986
5822.9			0.9545169834407533
5823.8			0.9612948008396603
5824.700000000001			0.9728238592012803
5825.6			0.9916763615364399
5826.5			0.9992714390868807
5827.4			1.0
5828.3			1.0
5829.200000000001			1.0
5830.1			1.0
5831.0			1.0
5831.9			1.0
5832.8			1.0
5833.700000000001			1.0
5834.6			1.0
5835.5			1.0
5836.4			1.0
5837.3			1.0
5838.200000000001			1.0
5839.1			1.0
5840.0			1.0
5840.9			1.0
5841.8			1.0
5842.700000000001			1.0
5843.6			1.0
5844.5			1.0
5845.4			1.0
5846.3			1.0
5847.200000000001			1.0
5848.1			1.0
5849.0			1.0
5849.9			1.0
5850.8			1.0
5851.700000000001			1.0
5852.6			1.0
5853.5			1.0
5854.4			1.0021792620904213
5855.3			0.9864818263728559
5856.200000000001			0.9295865811354564
5857.1			0.8740192306275579
5858.0			0.8862606850428821
5858.9			0.9515597399592547
5859.8			0.998204368999279
5860.700000000001			1.0
5861.6			1.0
5862.5			1.0
5863.4			1.0
5864.3			1.0
5865.200000000001			1.0
5866.1			1.0
5867.0			1.0
5867.9			1.0
5868.8			1.0
5869.700000000001			1.0
5870.6			1.0
5871.5			1.0
5872.4			0.9740035755242699
5873.3			0.9511596648993144
5874.200000000001			0.949025640219966
5875.1			0.9522892521063256
5876.0			0.9428807136124671
5876.9			0.9251798580877434
5877.8			0.9078230738725719
5878.700000000001			0.8941012503881497
5879.6			0.8794050756886956
5880.5			0.865222821797019
5881.4			0.8539812242610509
5882.3			0.834347342570045
5883.200000000001			0.8051436525442265
5884.1			0.7678783683471763
5885.0			0.7169304112586264
5885.9			0.6541243681086404
5886.8			0.5801496279383832
5887.700000000001			0.486378980349578
5888.6			0.37739145264035934
5889.5			0.2896824392545207
5890.4			0.2803905143587748
5891.3			0.35132679450535015
5892.200000000001			0.43845561156124524
5893.1			0.4841735625690803
5894.0			0.4620311136732583
5894.9			0.3843888133440149
5895.8			0.32405560601075106
5896.700000000001			0.36043609576611985
5897.6			0.46990962760984595
5898.5			0.5729710091890879
5899.4			0.6505979459346535
5900.3			0.7237486353481007
5901.200000000001			0.7925346561663547
5902.1			0.8436361054875634
5903.0			0.8818452105308596
5903.9			0.9069699744836384
5904.8			0.9163004992806342
5905.700000000001			0.9257023941677112
5906.6			0.9494370382100309
5907.5			0.9777971559737143
5908.4			1.00072461341774
5909.3			1.0
5910.200000000001			1.0
5911.1			1.0
5912.0			1.0
5912.9			1.0
5913.8			1.0
5914.700000000001			1.0
5915.6			1.0
5916.5			1.0
5917.4			1.0
5918.3			1.0
5919.200000000001			1.0
5920.1			1.0
5921.0			1.0
5921.9			1.0
5922.8			1.0
5923.700000000001			1.0
5924.6			1.0
5925.5			1.0
5926.4			1.0
5927.3			1.0
5928.200000000001			1.0
5929.1			1.0
5930.0			1.0
5930.9			1.0
5931.8			1.0
5932.700000000001			1.0
5933.6			1.0
5934.5			1.0
5935.4			1.0
5936.3			1.0
5937.200000000001			1.0
5938.1			1.0
5939.0			1.0
5939.9			1.0
5940.8			1.0
5941.700000000001			1.0
5942.6			1.0
5943.5			1.0
5944.4			1.0
5945.3			1.0
5946.200000000001			0.9989552347434539
5947.1			0.9878526448023345
5948.0			0.9631312191554554
5948.9			0.9372369398282867
5949.8			0.923449072225483
5950.700000000001			0.928185073368606
5951.6			0.9385374425360806
5952.5			0.9377900892212625
5953.4			0.9379137733823708
5954.3			0.9459192676507326
5955.200000000001			0.9339787581524917
5956.1			0.9101472767688997
5957.0			0.9030848447218446
5957.9			0.9165966846020797
5958.8			0.93565126506454
5959.700000000001			0.9551147955704611
5960.6			0.9678506002057167
5961.5			0.9702391088819485
5962.4			0.9678827064961888
5963.3			0.966198443722903
5964.200000000001			0.9621872556647943
5965.1			0.9570254165563283
5966.0			0.9606529004298812
5966.9			0.9785834026865476
5967.8			0.9994029621733761
5968.700000000001			1.0
5969.6			1.0
5970.5			1.0
5971.4			1.0
5972.3			1.0
5973.200000000001			1.0
5974.1			1.0
5975.0			1.0
5975.9			1.0
5976.8			1.0
5977.700000000001			1.0
5978.6			1.0
5979.5			1.0
5980.4			1.0
5981.3			1.0
5982.200000000001			1.0
5983.1			1.0
5984.0			1.0
5984.9			1.0
5985.8			1.0
5986.700000000001			1.0
5987.6			1.0
5988.5			1.0
5989.4			1.0
5990.3			1.0
5991.200000000001			1.0
5992.1			1.0
5993.0			1.0
5993.9			1.0
5994.8			1.0
5995.700000000001			1.0
5996.6			1.0
5997.5			1.0
5998.4			1.0
5999.3			1.0
6000.200000000001			1.0
6001.1			1.0
6002.0			1.0
6002.9			1.0
6003.8			1.0
6004.700000000001			1.0
6005.6			1.0
6006.5			1.0
6007.4			1.0
6008.3			1.0
6009.200000000001			1.0
6010.1			1.0
6011.0			1.0
6011.9			1.0
6012.8			1.0
6013.700000000001			1.0
6014.6			1.0
6015.5			1.0
6016.4			1.0
6017.3			1.0
6018.200000000001			1.0
6019.1			1.0
6020.0			1.0
6020.9			1.0
6021.8			1.0
6022.700000000001			1.0
6023.6			1.0
6024.5			1.0
6025.4			1.0
6026.3			1.0
6027.200000000001			1.0
6028.1			1.0
6029.0			1.0
6029.9			1.0
6030.8			1.0
6031.700000000001			1.0
6032.6			1.0062720573076993
6033.5			1.012691564408491
6034.4			1.014122598632591
6035.3			0.9948883392726002
6036.200000000001			0.9565077332159191
6037.1			0.9419326692176226
6038.0			0.9629575060476504
6038.9			0.9758838782500044
6039.8			0.9747702898035098
6040.700000000001			0.9834134929953768
6041.6			1.0001594663406603
6042.5			1.0
6043.4			1.0
6044.3			1.0
6045.200000000001			1.0
6046.1			1.0
6047.0			1.0
6047.9			1.0
6048.8			1.0
6049.700000000001			1.0
6050.6			1.0
6051.5			1.0
6052.4			1.0
6053.3			1.0
6054.200000000001			1.0
6055.1			1.0
6056.0			1.0
6056.9			1.0
6057.8			1.0
6058.700000000001			1.0
6059.6			1.0
6060.5			1.0
6061.4			1.0
6062.3			0.9922970476303753
6063.200000000001			0.9728491643816191
6064.1			0.9398510750342334
6065.0			0.9091201972792503
6065.9			0.9207206054557843
6066.8			0.9658080698486105
6067.700000000001			1.0003550817309335
6068.6			1.0
6069.5			1.0
6070.4			1.0
6071.3			1.0
6072.200000000001			1.0
6073.1			1.0
6074.0			1.0
6074.9			1.0
6075.8			1.0
6076.700000000001			1.0111697850584718
6077.6			1.008824541759663
6078.5			0.9900639619874668
6079.4			0.9627242514053574
6080.3			0.9449803699510809
6081.200000000001			0.9435338323258123
6082.1			0.9583147600379214
6083.0			0.9823057877324604
6083.9			0.9962922810489374
6084.8			0.9939928116668666
6085.700000000001			1.0016631331134767
6086.6			1.0
6087.5			1.0
6088.4			1.0
6089.3			1.0
6090.200000000001			1.0
6091.1			1.0
6092.0			1.0
6092.9			1.0
6093.8			1.0
6094.700000000001			1.0
6095.6			1.0
6096.5			1.0
6097.4			1.0
6098.3			1.0
6099.200000000001			1.0
6100.1			0.9851096308397971
6101.0			0.9227272243481284
6101.9			0.8131124639981047
6102.8			0.7461699599515454
6103.700000000001			0.8043450517224415
6104.6			0.9194089057466196
6105.5			1.0007499533167292
6106.4			1.0
6107.3			1.0
6108.200000000001			1.0
6109.1			1.0
6110.0			1.0
6110.9			1.0
6111.8			1.0
6112.700000000001			1.0
6113.6			1.0
6114.5			1.0
6115.4			1.0
6116.3			1.0
6117.200000000001			1.0
6118.1			1.0
6119.0			0.9757292917089639
6119.9			0.9241776220065309
6120.8			0.8297438167691498
6121.700000000001			0.7103535525352993
6122.6			0.6823763609164618
6123.5			0.786004705580435
6124.4			0.9128942601148525
6125.3			0.9789016037759212
6126.200000000001			0.9996312835340463
6127.1			1.0
6128.0			1.0
6128.9			1.0
6129.8			1.0
6130.700000000001			1.0
6131.6			1.0
6132.5			1.0
6133.4			1.0
6134.3			1.0011048391034567
6135.200000000001			0.9810225201522336
6136.1			0.9435949935469825
6137.0			0.9181066174708302
6137.9			0.9335092055284452
6138.8			0.975636755796533
6139.700000000001			1.0009950213721461
6140.6			1.0
6141.5			1.0
6142.4			1.0
6143.3			1.0
6144.200000000001			1.0
6145.1			1.0
6146.0			1.0
6146.9			1.0
6147.8			0.9894580491836732
6148.700000000001			1.0
6149.6			0.9544061185863242
6150.5			0.9775969421552064
6151.4			1.0321778028985944
6152.3			1.060085789356882
6153.200000000001			1.0464700760208954
6154.1			1.023909399352826
6155.0			1.0353415567963142
6155.9			1.060930572547731
6156.8			1.0637231174870359
6157.700000000001			1.0201951227645831
6158.6			0.936024845846764
6159.5			0.8511802282287845
6160.4			0.7613981802983987
6161.3			0.6487414985207451
6162.200000000001			0.5808365594347548
6163.1			0.6220518275248947
6164.0			0.7242376825494006
6164.9			0.8012627078914873
6165.8			0.8324418742537155
6166.700000000001			0.8592261542970941
6167.6			0.8797720053023665
6168.5			0.8459929292265855
6169.4			0.8049599190515775
6170.3			0.8492161451250232
6171.200000000001			0.9541465027876721
6172.1			1.0300834974329942
6173.0			1.0388106184291337
6173.9			1.0146483291947865
6174.8			1.007760996878642
6175.700000000001			1.0
6176.6			1.0
6177.5			1.0
6178.4			1.0
6179.3			1.0
6180.200000000001			1.0
6181.1			1.0
6182.0			1.0
6182.9			1.0
6183.8			0.9774443801038362
6184.700000000001			0.9733500019780188
6185.6			0.9489937651805301
6186.5			0.8993993256490793
6187.4			0.8815407561761608
6188.3			0.8970275072502287
6189.200000000001			0.8991927888569292
6190.1			0.8660830100740673
6191.0			0.8234031653044853
6191.9			0.8151430564159077
6192.8			0.8433183259154242
6193.700000000001			0.8695614335211177
6194.6			0.8859529014116435
6195.5			0.9002065106460184
6196.4			0.914523878741052
6197.3			0.9252859581714994
6198.200000000001			0.922129356094681
6199.1			0.904380145971332
6200.0			0.8953662919951917
6200.9			0.9125956468136406
6201.8			0.9416223865210814
6202.700000000001			0.9599948923613181
6203.6			0.9657392560548098
6204.5			0.9655882535116116
6205.4			0.9648816749017344
6206.3			0.9785171932686485
6207.200000000001			0.9927743606046059
6208.1			0.9904936891257724
6209.0			0.9784612026128104
6209.9			0.9529796997210078
6210.8			0.9259408261832037
6211.700000000001			0.9267763664279184
6212.6			0.9291647425181359
6213.5			0.8923157181376034
6214.4			0.828994535889714
6215.3			0.7698524469864962
6216.200000000001			0.7536733188373267
6217.1			0.787518562268267
6218.0			0.8276893455469333
6218.9			0.8457006545464708
6219.8			0.8534162747063474
6220.700000000001			0.86335102894655
6221.6			0.8522981474598497
6222.5			0.8093640305742428
6223.4			0.7673407440280007
6224.3			0.7524927077978111
6225.200000000001			0.760179610096713
6226.1			0.7721504505382375
6227.0			0.7817282687669803
6227.9			0.7950113619819632
6228.8			0.801122975581146
6229.700000000001			0.7849653723220139
6230.6			0.7589908734585614
6231.5			0.7619993938802816
6232.4			0.7903676335882096
6233.3			0.8206544608122333
6234.200000000001			0.8505575816057352
6235.1			0.871093675235801
6236.0			0.8747404750610452
6236.9			0.8655939107281383
6237.8			0.8483476319014495
6238.700000000001			0.8231253066816074
6239.6			0.8047831801973346
6240.5			0.8176404489294169
6241.4			0.8419403149365627
6242.3			0.8308485859967931
6243.200000000001			0.8053028291492822
6244.1			0.8150580219492732
6245.0			0.8460791661804175
6245.9			0.8715406133911979
6246.8			0.8952132144890462
6247.700000000001			0.9052090938594124
6248.6			0.8959903377293923
6249.5			0.892375260701736
6250.4			0.9062293130559758
6251.3			0.910289720994556
6252.200000000001			0.895443236944182
6253.1			0.8891172373057343
6254.0			0.9012423727447793
6254.9			0.9201200903348505
6255.8			1.0
6256.700000000001			0.9832166754399506
6257.6			0.935825312865229
6258.5			0.8803871133366921
6259.4			0.8734260124920842
6260.3			0.9067877221451293
6261.200000000001			0.9494133125287842
6262.1			0.9984098928929992
6263.0			1.0076401585064036
6263.9			1.018280729070232
6264.8			0.9997472552625358
6265.700000000001			1.0
6266.6			0.9992207132852199
6267.5			0.9823588928696494
6268.4			0.9441908526003061
6269.3			0.9248205740283877
6270.200000000001			0.9412898166540734
6271.1			0.9723824099386205
6272.0			0.9990441149523984
6272.9			1.0
6273.8			1.0
6274.700000000001			1.0
6275.6			1.0
6276.5			1.0
6277.4			1.0
6278.3			1.0
6279.200000000001			1.0
6280.1			1.0
6281.0			1.0
6281.9			1.0
6282.8			1.0
6283.700000000001			1.0
6284.6			1.0
6285.5			1.0
6286.4			1.0
6287.3			1.0
6288.200000000001			1.0
6289.1			1.0
6290.0			0.9848508132009764
6290.9			0.9733654308378565
6291.8			0.9606072679588736
6292.700000000001			0.9500898673973924
6293.6			0.9586062419736924
6294.5			0.9631250215914745
6295.4			0.9478732228178767
6296.3			0.9329105313343188
6297.200000000001			0.9401735713719979
6298.1			0.9810358170429873
6299.0			1.0212020242644713
6299.9			1.0266389407696384
6300.8			1.003616800504332
6301.700000000001			0.987288890074605
6302.6			1.0000162281232154
6303.5			1.0
6304.4			1.0
6305.3			1.0
6306.200000000001			1.0
6307.1			1.0
6308.0			1.0
6308.9			1.0
6309.8			1.0
6310.700000000001			1.0
6311.6			1.0
6312.5			1.0
6313.4			1.0
6314.3			1.0
6315.200000000001			1.0
6316.1			1.0
6317.0			1.0
6317.9			1.0
6318.8			1.0
6319.700000000001			1.0
6320.6			1.0
6321.5			1.0
6322.4			1.0
6323.3			1.0
6324.200000000001			1.0
6325.1			1.0
6326.0			1.0
6326.9			1.0
6327.8			1.0
6328.700000000001			1.0
6329.6			1.0
6330.5			1.0
6331.4			1.0
6332.3			1.0
6333.200000000001			1.0
6334.1			1.0
6335.0			1.0
6335.9			1.0
6336.8			1.0
6337.700000000001			1.0
6338.6			1.0
6339.5			1.0
6340.4			1.0
6341.3			1.0
6342.200000000001			1.0
6343.1			1.0
6344.0			1.0
6344.9			1.0
6345.8			1.0
6346.700000000001			1.0
6347.6			1.0
6348.5			1.0
6349.4			1.0
6350.3			1.0
6351.200000000001			1.0
6352.1			1.0
6353.0			1.0
6353.9			1.0
6354.8			1.0
6355.700000000001			1.0
6356.6			1.0
6357.5			1.0
6358.4			1.0
6359.3			1.0
6360.200000000001			1.0
6361.1			1.0
6362.0			1.0
6362.9			1.0
6363.8			1.0
6364.700000000001			1.0
6365.6			1.0
6366.5			0.9918425946369738
6367.4			0.9792262535798949
6368.3			0.9655004253397195
6369.200000000001			0.9581623971911024
6370.1			0.9682314626125732
6371.0			0.9883464975581755
6371.9			1.004357619998736
6372.8			1.0031797129971636
6373.700000000001			0.9888291575831031
6374.6			0.9769001947959536
6375.5			0.970893894421332
6376.4			0.9673071924591825
6377.3			0.9646680893484386
6378.200000000001			0.9438733527196383
6379.1			0.9021245664901467
6380.0			0.8515109955527919
6380.9			0.8033688939396064
6381.8			0.7877446727332911
6382.700000000001			0.8324983028196958
6383.6			0.8899523730967815
6384.5			0.8999727037485613
6385.4			0.8859152822241043
6386.3			0.8714294108654174
6387.200000000001			0.8432842241228992
6388.1			0.8095712998336951
6389.0			0.8122621955778814
6389.9			0.8621724132931227
6390.8			0.9112438515181522
6391.700000000001			0.9157566444738027
6392.6			0.8896683399517809
6393.5			0.8846583329419015
6394.4			0.9238408802852441
6395.3			0.973371569274065
6396.200000000001			0.9952388846626379
6397.1			1.001017677907403
6398.0			1.0
6398.9			1.0
6399.8			1.0
6400.700000000001			1.0
6401.6			1.0
6402.5			1.0
6403.4			1.0
6404.3			1.0
6405.200000000001			1.0
6406.1			1.0
6407.0			1.0
6407.9			1.0
6408.8			1.0
6409.700000000001			1.0
6410.6			1.0
6411.5			1.0
6412.4			1.0
6413.3			1.0
6414.200000000001			1.0
6415.1			1.0
6416.0			1.0
6416.9			1.0
6417.8			1.0
6418.700000000001			0.9867954127264587
6419.6			0.977707094319426
6420.5			0.9576661093689987
6421.4			0.9368181706268859
6422.3			0.9584741122147673
6423.200000000001			0.9955453564746213
6424.1			0.9988586240109084
6425.0			1.0
6425.9			1.0
6426.8			1.0
6427.700000000001			1.0
6428.6			1.0
6429.5			1.0
6430.4			1.0
6431.3			1.0
6432.200000000001			1.0
6433.1			1.0
6434.0			1.0
6434.9			1.0
6435.8			1.0
6436.700000000001			0.9825733660283031
6437.6			0.9231195696791644
6438.5			0.8353242971996259
6439.4			0.7922479171130842
6440.3			0.8611537274790889
6441.200000000001			0.9553377680138745
6442.1			1.0007581600410358
6443.0			1.0
6443.9			1.0
6444.8			1.0
6445.700000000001			1.0
6446.6			1.0
6447.5			0.9717861306034865
6448.4			0.9217659103237142
6449.3			0.8694878278635245
6450.200000000001			0.849373621129145
6451.1			0.9008866129969156
6452.0			0.9636674782390644
6452.9			0.9995442002320875
6453.8			1.0
6454.700000000001			1.0
6455.6			1.0
6456.5			1.0
6457.4			1.0
6458.3			1.0
6459.200000000001			1.0
6460.1			0.994394636917158
6461.0			0.9521472464620063
6461.9			0.856080439617096
6462.8			0.7918951613108153
6463.700000000001			0.8424772255458226
6464.6			0.93722676275542
6465.5			1.0022975113994566
6466.4			1.0
6467.3			1.0
6468.200000000001			1.0
6469.1			1.0
6470.0			0.9921953550889354
6470.9			0.9617024356350412
6471.8			0.9285311452628409
6472.700000000001			0.9505063668626805
6473.6			0.9959827671092768
6474.5			1.0
6475.4			1.0
6476.3			1.0
6477.200000000001			1.0
6478.1			1.0
6479.0			1.0
6479.9			1.0
6480.8			1.0
6481.700000000001			1.0
6482.6			1.0
6483.5			1.0
6484.4			1.0
6485.3			1.0
6486.200000000001			1.0
6487.1			1.0
6488.0			1.0
6488.9			1.0
6489.8			1.0
6490.700000000001			1.0117058242650947
6491.6			1.0120303870868224
6492.5			0.9673225267256069
6493.4			0.8843000222647565
6494.3			0.8306824963454215
6495.200000000001			0.8615005793786527
6496.1			0.9346393920549492
6497.0			0.9808779076157478
6497.9			0.998920768321805
6498.8			1.0
6499.700000000001			1.0
6500.6			1.0
6501.5			1.0
6502.4			1.0
6503.3			1.0
6504.200000000001			1.0
6505.1			1.0
6506.0			1.0
6506.9			1.0
6507.8			1.0
6508.700000000001			1.0
6509.6			1.0
6510.5			1.0
6511.4			1.0
6512.3			1.0
6513.200000000001			1.0
6514.1			1.0
6515.0			1.0
6515.9			1.0
6516.8			1.0
6517.700000000001			1.0
6518.6			1.0
6519.5			1.0
6520.4			1.0
6521.3			1.0
6522.200000000001			1.0
6523.1			1.0
6524.0			1.0
6524.9			1.0
6525.8			1.0
6526.700000000001			1.0
6527.6			1.0
6528.5			1.0
6529.4			1.0
6530.3			1.0
6531.200000000001			1.0
6532.1			1.0
6533.0			1.0
6533.9			1.0
6534.8			1.0
6535.700000000001			1.0
6536.6			1.0
6537.5			1.0
6538.4			1.0
6539.3			1.0
6540.200000000001			1.0
6541.1			1.0
6542.0			1.0
6542.9			1.0
6543.8			1.0
6544.700000000001			1.0
6545.6			1.0
6546.5			1.0
6547.4			1.0
6548.3			1.0
6549.200000000001			1.0
6550.1			1.0
6551.0			1.0
6551.9			1.0
6552.8			1.0
6553.700000000001			1.0
6554.6			1.0
6555.5			1.0
6556.4			1.0
6557.3			1.0
6558.200000000001			1.0
6559.1			1.0
6560.0			1.0
6560.9			1.0
6561.8			0.9584138846860866
6562.700000000001			0.8745614147906774
6563.6			0.8709262326045631
6564.5			0.9447235185751259
6565.4			0.994891238741891
6566.3			1.0
6567.200000000001			1.0
6568.1			1.0
6569.0			1.0
6569.9			1.0
6570.8			0.9984418975803475
6571.700000000001			0.970547011446376
6572.6			0.9074387973908544
6573.5			0.8934686317269372
6574.4			0.9352616061115279
6575.3			0.975215078270638
6576.200000000001			0.9972524988404923
6577.1			1.0
6578.0			1.0
6578.9			1.0
6579.8			1.0
6580.700000000001			1.0
6581.6			1.0
6582.5			1.0
6583.4			1.0
6584.3			1.0
6585.200000000001			1.0
6586.1			1.0
6587.0			1.0
6587.9			1.0
6588.8			1.0
6589.700000000001			1.0
6590.6			0.9994962026204769
6591.5			0.9855627938200493
6592.4			0.9546019561254511
6593.3			0.9269989018886191
6594.200000000001			0.9303659352777618
6595.1			0.9635642800081108
6596.0			0.9978025559402943
6596.9			1.0
6597.8			1.0
6598.700000000001			1.0
6599.6			1.0
6600.5			1.0
6601.4			1.0
6602.3			1.0
6603.200000000001			1.0
6604.1			1.0
6605.0			1.0
6605.9			1.0
6606.8			1.0
6607.700000000001			1.0
6608.6			1.0
6609.5			1.0
6610.4			1.0
6611.3			1.0
6612.200000000001			1.0
6613.1			1.0
6614.0			1.0
6614.9			1.0
6615.8			1.0
6616.700000000001			1.0
6617.6			1.0
6618.5			1.0
6619.4			1.0
6620.3			1.0
6621.200000000001			1.0
6622.1			1.0
6623.0			1.0
6623.9			1.0
6624.8			1.0
6625.700000000001			1.0
6626.6			1.0
6627.5			1.0
6628.4			1.0
6629.3			1.0
6630.200000000001			1.0
6631.1			1.0
6632.0			1.0
6632.9			1.0
6633.8			1.0
6634.700000000001			1.0
6635.6			1.0
6636.5			1.0
6637.4			1.0
6638.3			1.0
6639.200000000001			1.0
6640.1			1.0
6641.0			1.0
6641.9			1.0
6642.8			1.0
6643.700000000001			1.0
6644.6			1.0
6645.5			1.0
6646.4			1.0
6647.3			1.0
6648.200000000001			1.00594191843263
6649.1			0.9996351873733049
6650.0			1.0
6650.9			0.9567278709060928
6651.8			0.9285842359733087
6652.700000000001			0.9302687023488103
6653.6			0.9484393467608189
6654.5			0.964250388980766
6655.4			0.9695595322690594
6656.3			0.9677825163387365
6657.200000000001			0.9631562444763573
6658.1			0.9560734301438074
6659.0			0.9517882067729091
6659.9			0.9543545177324271
6660.8			0.9568547059626492
6661.700000000001			0.9548012340940294
6662.6			0.9502045766601127
6663.5			0.9445740763848285
6664.4			0.9485900807298487
6665.3			0.9605842928551305
6666.200000000001			0.9710973454366645
6667.1			0.9819915435786356
6668.0			0.9928504300873506
6668.9			0.9972404550817245
6669.8			0.9954208675233998
6670.700000000001			0.9976632590994602
6671.6			1.0057033514133218
6672.5			1.0044628625699603
6673.4			0.9911296410892161
6674.3			0.9790871208521899
6675.200000000001			0.9754627777836138
6676.1			0.9775222875316297
6677.0			0.9653648578336071
6677.9			0.9373719732609369
6678.8			0.9245356310106039
6679.700000000001			0.924892964681552
6680.6			0.9019815391164657
6681.5			0.8602958861841559
6682.4			0.8426950162425602
6683.3			0.8569538988466404
6684.200000000001			0.8796426118261841
6685.1			0.8926218935512961
6686.0			0.8925658276142978
6686.9			0.8943525430750656
6687.8			0.906504233620191
6688.700000000001			0.9133970981236463
6689.6			0.9051286736809415
6690.5			0.8884066570740896
6691.4			0.8793780226911405
6692.3			0.8848722322173508
6693.200000000001			0.8930744668664753
6694.1			0.8923977172394328
6695.0			0.8911627358969731
6695.9			0.8959015446163242
6696.8			0.9032884642063974
6697.700000000001			0.9081036384908934
6698.6			0.9091010863965626
6699.5			0.912879706915652
6700.4			0.9200995303129738
6701.3			0.9269985741657437
6702.200000000001			0.9279186585565409
6703.1			0.9228653340838133
6704.0			0.9279766691859108
6704.9			0.942569348393186
6705.8			0.946327386530524
6706.700000000001			0.9339210241843467
6707.6			0.9238973734170912
6708.5			0.93088643659397
6709.4			0.9431877910798289
6710.3			0.9448931142005927
6711.200000000001			0.9307012697424103
6712.1			0.9106310743725934
6713.0			0.9010427775210638
6713.9			0.8855284061947853
6714.8			0.8525194649062323
6715.700000000001			0.8263531647555074
6716.6			0.8018074098945881
6717.5			0.7621795981048384
6718.4			0.7448517602084151
6719.3			0.7657015693446664
6720.200000000001			0.7904034350187013
6721.1			0.8096642919478748
6722.0			0.8178105368639944
6722.9			0.8193475959290605
6723.8			0.816913494053398
6724.700000000001			0.8188120729311588
6725.6			0.8265622188305239
6726.5			0.8311059923341388
6727.4			0.8360409496556538
6728.3			0.8441518998607953
6729.200000000001			0.8445149711867832
6730.1			0.8426337164434962
6731.0			0.8381075327722765
6731.9			0.8335454826243438
6732.8			0.8312211091657057
6733.700000000001			0.8304189244504302
6734.6			0.8385411540980575
6735.5			0.8430043229558554
6736.4			0.8473151053498584
6737.3			0.8580753920557409
6738.200000000001			0.8661078388449717
6739.1			0.8625668242637349
6740.0			0.8601990058638179
6740.9			0.8663466678002903
6741.8			0.8637853067269349
6742.700000000001			0.8505903217579589
6743.6			0.8502783835008347
6744.5			0.8635748392648657
6745.4			0.8636817501430971
6746.3			0.8465108295857091
6747.200000000001			0.8229575343747189
6748.1			0.7986794349920123
6749.0			0.78608007104312
6749.9			0.7819641988898063
6750.8			0.7917303438542332
6751.700000000001			0.8018336301035784
6752.6			0.8103816256314778
6753.5			0.8252022163512044
6754.4			0.8319893725745124
6755.3			0.8205478597222354
6756.200000000001			0.8157192876679781
6757.1			0.834163967090837
6758.0			0.8571653420932581
6758.9			0.8567302939315232
6759.8			0.8235279691051474
6760.700000000001			0.8018699006082776
6761.6			0.821269893328312
6762.5			0.8514162993935132
6763.4			0.8573730640051852
6764.3			0.8295425578783041
6765.200000000001			0.8213978983205431
6766.1			0.854247216065032
6767.0			0.8717354124078159
6767.9			0.8440400297618816
6768.8			0.8055540815749705
6769.700000000001			0.8039350705720605
6770.6			0.8447750621811086
6771.5			0.8688304452400059
6772.4			0.8434042726095573
6773.3			0.8126575625652573
6774.200000000001			0.8307562439031743
6775.1			0.8778867461007694
6776.0			0.8909521053217075
6776.9			0.877440015794548
6777.8			0.8547815553646945
6778.700000000001			0.8383551579866394
6779.6			0.8500955695610937
6780.5			0.8557926260197276
6781.4			0.8209462219013235
6782.3			0.7762549235617365
6783.200000000001			0.7546883157606635
6784.1			0.7627743063159956
6785.0			0.7736674088838355
6785.9			0.7700951160424249
6786.8			0.770040185493071
6787.700000000001			0.776854538960515
6788.6			0.7897267330205922
6789.5			0.796932412192198
6790.4			0.7883494712588285
6791.3			0.7871538333972653
6792.200000000001			0.7875138714506492
6793.1			0.7833261706134029
6794.0			0.7756137486706223
6794.9			0.7817487159768168
6795.8			0.7852857002339613
6796.700000000001			0.7731622011811567
6797.6			0.7699941064865137
6798.5			0.7700886062522416
6799.4			0.7880111555333377
6800.3			0.8102364895066718
6801.200000000001			0.8142345034090485
6802.1			0.815049738481235
6803.0			0.81294741507185
6803.9			0.8145941223634787
6804.8			0.8104520773709516
6805.700000000001			0.790648881479281
6806.6			0.7760157203975233
6807.5			0.7675531433671184
6808.4			0.7745086551368127
6809.3			0.792533977563873
6810.200000000001			0.7872767884875546
6811.1			0.7720829955826415
6812.0			0.780551122474443
6812.9			0.8110541774448612
6813.8			0.8399369328553614
6814.700000000001			0.8197494577592233
6815.6			0.7681210430629999
6816.5			0.7474746959068793
6817.4			0.7564994124926406
6818.3			0.7716051287553092
6819.200000000001			0.7626578839686883
6820.1			0.7554451938935348
6821.0			0.7839609556801158
6821.9			0.7998621745187612
6822.8			0.781115070460338
6823.700000000001			0.7474757404765393
6824.6			0.7564759219392567
6825.5			0.8062881688494435
6826.4			0.8164316625614462
6827.3			0.7820508348815706
6828.200000000001			0.7658863621204218
6829.1			0.7935379439969638
6830.0			0.8179639029320644
6830.9			0.7982947844708762
6831.8			0.7679936678855172
6832.700000000001			0.768590303765985
6833.6			0.7970084276999665
6834.5			0.816211634834036
6835.4			0.8011856866304189
6836.3			0.7737081428290975
6837.200000000001			0.7707410112426515
6838.1			0.789959188632857
6839.0			0.8024644809616528
6839.9			0.8032449341373987
6840.8			0.8024961435062498
6841.700000000001			0.797857605292958
6842.6			0.8077904980912753
6843.5			0.8237318804778284
6844.4			0.8174435165715561
6845.3			0.7891770717920109
6846.200000000001			0.7672003080136748
6847.1			0.7592377785336838
6848.0			0.7668781221656605
6848.9			0.7901770092464535
6849.8			0.7850136086500474
6850.700000000001			0.7522641703205435
6851.6			0.7352336993516673
6852.5			0.7313837727011312
6853.4			0.7327594430580742
6854.3			0.7524867187798597
6855.200000000001			0.7731717172904193
6856.1			0.7646160667849846
6857.0			0.7459319728240147
6857.9			0.7409442073404969
6858.8			0.7361670391627849
6859.700000000001			0.7276578931289586
6860.6			0.7329103565317392
6861.5			0.7387304686053822
6862.4			0.73948859632905
6863.3			0.7558060347611104
6864.200000000001			0.791064536715218
6865.1			0.7973957099295069
6866.0			0.7652182009047689
6866.9			0.7520569535842307
6867.8			0.7963303184931861
6868.700000000001			0.8340457228656366
6869.6			0.8094640408268147
6870.5			0.7601373063420886
6871.4			0.7422364575474946
6872.3			0.765411965032276
6873.200000000001			0.8068880647627548
6874.1			0.8082211411393688
6875.0			0.7910418877510063
6875.9			0.800721113009653
6876.8			0.8213635937134889
6877.700000000001			0.8307443484675229
6878.6			0.8468072373587289
6879.5			0.8589071049899597
6880.4			0.8265712064304908
6881.3			0.7806753490180509
6882.200000000001			0.7743109925296922
6883.1			0.7836320282287988
6884.0			0.7852773536257396
6884.9			0.7750488328023408
6885.8			0.7409390666690491
6886.700000000001			0.7359956477608945
6887.6			0.7909230371761549
6888.5			0.8365150534939378
6889.4			0.8230302919861766
6890.3			0.800414055994725
6891.200000000001			0.799168189263335
6892.1			0.8022778413541162
6893.0			0.8152336681903963
6893.9			0.8400222134046657
6894.8			0.8461866783953134
6895.700000000001			0.8222432989457925
6896.6			0.8068963353546843
6897.5			0.8198069678662471
6898.4			0.8307557690750279
6899.3			0.8221414862101525
6900.200000000001			0.7914089273510173
6901.1			0.7511130470634076
6902.0			0.7242091335367951
6902.9			0.7436968807954049
6903.8			0.8092837832925488
6904.700000000001			0.8669604782430728
6905.6			0.8756793403370708
6906.5			0.8616558893213497
6907.4			0.869119117992042
6908.3			0.8931092850169007
6909.200000000001			0.9067499080139163
6910.1			0.8998219839685219
6911.0			0.8689351912114991
6911.9			0.8466996588846183
6912.8			0.8633459572597844
6913.700000000001			0.8935027468520443
6914.6			0.9090461640156181
6915.5			1.0
6916.4			0.9506606251058226
6917.3			0.9078374938746138
6918.200000000001			0.8675374374336932
6919.1			0.814710612890634
6920.0			0.8052709111497288
6920.9			0.8782042770129248
6921.8			0.9605836727219441
6922.700000000001			0.990866385434187
6923.6			0.9977689580090852
6924.5			0.9394435753689392
6925.4			0.9369995883555289
6926.3			0.9401350766723191
6927.200000000001			0.9492645816620909
6928.1			0.9559010100096021
6929.0			0.9615376288246869
6929.9			0.9711680806425307
6930.8			0.9810881623123802
6931.700000000001			0.9878543968824867
6932.6			0.9935763823691722
6933.5			0.9952003111126119
6934.4			0.9979641048175132
6935.3			0.9904757537431247
6936.200000000001			0.9704622447390456
6937.1			0.9710394672080747
6938.0			0.9892954258357809
6938.9			0.981700637840149
6939.8			0.969734764588912
6940.700000000001			0.9869496844301866
6941.6			1.0169138119616195
6942.5			1.04095563687371
6943.4			1.046959108992729
6944.3			1.0270845979173628
6945.200000000001			1.016714478220289
6946.1			1.0353503802205481
6947.0			1.0645528389714334
6947.9			1.0
6948.8			0.9869790194600078
6949.700000000001			0.9710458634737257
6950.6			0.9871427628739842
6951.5			0.9996585842692167
6952.4			0.9820130594553096
6953.3			0.9546477163770396
6954.200000000001			0.9405799091397659
6955.1			0.9525023715543678
6956.0			0.9673484857805582
6956.9			0.9702380768176686
6957.8			0.9710848701612673
6958.700000000001			0.9806705933377479
6959.6			0.9985682731119341
6960.5			1.0575511093715098
6961.4			1.0427613672857263
6962.3			1.0514591164444291
6963.200000000001			1.0643126263269402
6964.1			1.0608090171207225
6965.0			1.0650545285212958
6965.9			1.0609796351679444
6966.8			1.0344423446319024
6967.700000000001			1.0380724974322046
6968.6			1.0655831593894054
6969.5			1.0595400165371969
6970.4			1.0447413449139256
6971.3			1.0489950885155737
6972.200000000001			1.0460404489403454
6973.1			1.040610666565487
6974.0			1.0463493616035782
6974.9			1.044992367656879
6975.8			1.0564394719409196
6976.700000000001			1.0743621865430095
6977.6			1.048830322250566
6978.5			1.0184880838808936
6979.4			1.0329105341503382
6980.3			1.0516753078893166
6981.200000000001			1.050914775644343
6982.1			1.0622426496482495
6983.0			1.080429253283153
6983.9			1.0794201757802926
6984.8			1.0769031794211137
6985.700000000001			1.0904870410498322
6986.6			1.097112169188575
6987.5			1.0983408153948864
6988.4			1.0942792041354432
6989.3			1.0823219609358277
6990.200000000001			1.092125079711689
6991.1			1.0880054317237986
6992.0			1.056523154436962
6992.9			1.0494942379956735
6993.8			1.0641781750699726
6994.700000000001			1.0665244843918915
6995.6			1.075128438941921
6996.5			1.0916468878395729
6997.4			1.095036647549881
6998.3			1.0930169426367786
6999.200000000001			1.0874986726613094
7000.1			1.0901996246914556
7001.0			1.1004347607177627
7001.9			1.110245954824383
7002.8			1.117810115917964
7003.700000000001			1.1076581307341316
7004.6			1.093870998326305
7005.5			1.0952073973281293
7006.4			1.096091966447331
7007.3			1.0963243009937618
7008.200000000001			1.099147835218069
7009.1			1.097215517243729
7010.0			1.0922323784544963
7010.9			1.0937544303334499
7011.8			1.1145995640467372
7012.700000000001			1.1525244568353514
7013.6			1.1767852766198703
7014.5			1.1673066048494507
7015.4			1.1565361940070211
7016.3			1.1482677113165813
7017.200000000001			1.1404834795142187
7018.1			1.1367088240827055
7019.0			1.1451363856542345
7019.9			1.1633381646976504
7020.8			1.1715856848739312
7021.700000000001			1.0
7022.6			0.9832240374412637
7023.5			0.9632445187851061
7024.4			0.9422697850574517
7025.3			0.9193820526183024
7026.200000000001			0.9106821590052913
7027.1			0.9276768873057902
7028.0			0.962861425766219
7028.9			0.9886445376630976
7029.8			0.9930246106019195
7030.700000000001			1.2336129906184752
7031.6			1.2159487858639333
7032.5			1.1907465661794383
7033.4			1.1721829374155723
7034.3			1.1918974533839322
7035.200000000001			1.239896832651159
7036.1			1.2664026181364785
7037.0			1.2659231795882115
7037.9			1.2601253444261749
7038.8			1.2620828137159283
7039.700000000001			1.2791329905303503
7040.6			1.3033696084895903
7041.5			1.3214650634304157
7042.4			1.3314884188137943
7043.3			1.3367016599667618
7044.200000000001			1.3367373351805203
7045.1			1.3349039546293777
7046.0			1.3323131294843988
7046.9			1.3330438589504638
7047.8			1.3373974822032513
7048.700000000001			1.336466264602905
7049.6			1.3255579585095911
7050.5			1.3189889038314506
7051.4			1.326317346062476
7052.3			1.3304608606696395
7053.200000000001			1.0
7054.1			0.9393062493998751
7055.0			0.8504683374384981
7055.9			0.8252619161288213
7056.8			0.8877756995496419
7057.700000000001			0.9757831190529199
7058.6			1.1290381061574455
7059.5			1.1062057718258838
7060.4			1.0686089568318973
7061.3			1.0417938891401735
7062.200000000001			1.038086938986186
7063.1			1.0605041910812467
7064.0			1.0936420353603227
7064.9			1.1170888060512258
7065.8			1.12137073413309
7066.700000000001			1.116052099942895
7067.6			1.1133304907517645
7068.5			1.112712126172279
7069.4			1.0
7070.3			1.0087728982181798
7071.200000000001			1.0159772265489928
7072.1			1.0264051773515566
7073.0			1.040750608568659
7073.9			1.0475954703632617
7074.8			1.0440742898589366
7075.700000000001			1.038232479355974
7076.6			1.0364632186034923
7077.5			1.035239361307136
7078.4			1.0326639266648503
7079.3			1.0370562075294798
7080.200000000001			1.044817517744575
7081.1			1.04838131952318
7082.0			1.0525664239474852
7082.9			1.0547933699790812
7083.8			1.0503410859330788
7084.700000000001			1.0395146787524214
7085.6			1.0308733203204878
7086.5			1.0178194034638244
7087.4			0.9522566914203233
7088.3			0.8433007967467948
7089.200000000001			0.7859647056370107
7090.1			0.8114927929918936
7091.0			0.8660345431324339
7091.9			0.9056902221745081
7092.8			0.9145313827155276
7093.700000000001			0.9006744264227167
7094.6			0.885103213554662
7095.5			0.8744385794562624
7096.4			0.8728643021386024
7097.3			0.8835821285398054
7098.200000000001			0.899853157171227
7099.1			0.9179119122237692
7100.0			0.9287860481356538
7100.9			0.9247045189107707
7101.8			0.9160506170854855
7102.700000000001			0.9120703105252322
7103.6			0.9170539325710148
7104.5			0.9263476793676069
7105.4			0.9321684688265143
7106.3			0.9403570521396684
7107.200000000001			0.9546663018822306
7108.1			0.9672312121195052
7109.0			0.9755194468751253
7109.9			0.9796720578329169
7110.8			0.9777396991922701
7111.700000000001			0.9738705938694211
7112.6			0.9776205523858101
7113.5			0.9870865362928468
7114.4			0.9893131688816735
7115.3			0.9810073756656142
7116.200000000001			0.9767091055617486
7117.1			0.9845608653562514
7118.0			0.9947050454303965
7118.9			1.0048512936087621
7119.8			1.0191730372839174
7120.700000000001			1.033619368643116
7121.6			1.0397581225454817
7122.5			1.0362161487667614
7123.4			1.0311924953916656
7124.3			1.0101099788928773
7125.200000000001			0.9268071081204663
7126.1			0.7959860962334936
7127.0			0.7167302579571341
7127.9			0.7354396674449982
7128.8			0.7936539091137361
7129.700000000001			0.8331633138894353
7130.6			0.8392692541311001
7131.5			0.8193515047140747
7132.4			0.7984568283410233
7133.3			0.7941605733695539
7134.200000000001			0.8000235140864991
7135.1			0.8057735347233728
7136.0			0.8095062435245335
7136.9			0.8160726959549454
7137.8			0.8226389888882888
7138.700000000001			0.8178389573221995
7139.6			0.8110040778461066
7140.5			0.8202292306111618
7141.4			0.8382307424813407
7142.3			0.8511560968375637
7143.200000000001			0.8579745624356838
7144.1			0.8618712129452926
7145.0			0.8626928382364767
7145.9			1.0
7146.8			0.987566873376418
7147.700000000001			0.9496608107625987
7148.6			0.9121493199058163
7149.5			0.9313246506746738
7150.4			0.9972467447628895
7151.3			0.8858410118374815
7152.200000000001			0.9074771573712362
7153.1			0.9173490899743426
7154.0			0.9236352039231064
7154.9			0.9326234491042177
7155.8			1.0
7156.700000000001			1.0151670453491985
7157.6			1.0145514192766711
7158.5			0.9951558277666721
7159.4			0.9665033455190652
7160.3			0.9492061937245665
7161.200000000001			0.9568283608379107
7162.1			0.9786394791831288
7163.0			0.9968926570692975
7163.9			1.0002025834377135
7164.8			0.9173229136426957
7165.700000000001			0.9122613609416389
7166.6			0.9253987948568768
7167.5			0.9434208102092336
7168.4			0.9497765336901123
7169.3			0.9439693304352244
7170.200000000001			0.9396013426713914
7171.1			0.9500443094050761
7172.0			0.9615674960788431
7172.9			0.9615785372505699
7173.8			0.9573959268941291
7174.700000000001			0.9536605563122381
7175.6			0.9525380996247114
7176.5			0.9504521836937581
7177.4			0.9480895801811867
7178.3			0.9572547935370865
7179.200000000001			0.9735907006712564
7180.1			0.9825583252784422
7181.0			0.9844788632544318
7181.9			0.990981591831672
7182.8			1.0002067938717318
7183.700000000001			1.000045094270415
7184.6			1.0
7185.5			1.0
7186.4			1.0
7187.3			1.0
7188.200000000001			1.0
7189.1			1.0
7190.0			1.0
7190.9			1.0
7191.8			1.0
7192.700000000001			1.0
7193.6			1.0
7194.5			1.0
7195.4			1.0
7196.3			0.9957392200717305
7197.200000000001			0.9702500722478188
7198.1			0.9328770031565745
7199.0			0.9200421104239902
7199.9			0.9374087997511058
7200.8			0.9489513603483937
7201.700000000001			0.9302777366420084
7202.6			0.8943969168199695
7203.5			0.8887739217966821
7204.4			0.9298955325269069
7205.3			0.9833034393163786
7206.200000000001			1.0088115652168008
7207.1			1.0070365545007733
7208.0			1.000942817549216
7208.9			0.987891383083518
7209.8			0.9800296904052042
7210.700000000001			0.9998601980401122
7211.6			1.0
7212.5			1.0
7213.4			1.0
7214.3			1.0
7215.200000000001			1.0
7216.1			1.0
7217.0			1.0
7217.9			1.0
7218.8			1.0
7219.700000000001			1.0
7220.6			1.0
7221.5			1.0
7222.4			1.0
7223.3			1.0
7224.200000000001			1.0
7225.1			1.0
7226.0			1.0
7226.9			1.0
7227.8			1.0
7228.700000000001			1.0
7229.6			1.0
7230.5			1.0
7231.4			1.0
7232.3			1.0
7233.200000000001			1.0
7234.1			1.0
7235.0			1.0
7235.9			1.0
7236.8			1.0
7237.700000000001			1.0
7238.6			1.0
7239.5			1.0
7240.4			1.0
7241.3			1.0
7242.200000000001			1.0
7243.1			1.0
7244.0			1.0
7244.9			1.0
7245.8			1.0
7246.700000000001			1.0
7247.6			1.0
7248.5			1.0
7249.4			1.0
7250.3			1.0
7251.200000000001			1.0
7252.1			1.0
7253.0			1.0
7253.9			1.0
7254.8			1.0
7255.700000000001			1.0
7256.6			1.0
7257.5			1.0
7258.4			1.0
7259.3			1.0
7260.200000000001			1.0
7261.1			1.0
7262.0			1.0
7262.9			1.0
7263.8			1.0
7264.700000000001			1.0
7265.6			1.0
7266.5			1.0
7267.4			1.0
7268.3			1.0
7269.200000000001			1.0
7270.1			1.0
7271.0			0.9838166833030109
7271.9			0.975928834338054
7272.8			0.9844858061950558
7273.700000000001			1.0080867200095702
7274.6			1.0297802855503544
7275.5			1.038958764861667
7276.4			1.040226383937253
7277.3			1.0374643406757917
7278.200000000001			1.039242219897496
7279.1			1.0528597894020202
7280.0			1.0675117098290883
7280.9			1.0649537669663802
7281.8			1.0559429539643375
7282.700000000001			1.0660957073530597
7283.6			1.0863797355964484
7284.5			1.0921897836456778
7285.4			1.0874285534958847
7286.3			1.088545607890237
7287.200000000001			1.094316890000595
7288.1			1.1022139739791597
7289.0			1.1041034942187649
7289.9			1.1032455589660908
7290.8			1.1038168945915792
7291.700000000001			1.1020615272517906
7292.6			1.105451521411509
7293.5			1.1143226501062895
7294.4			1.1216677357564024
7295.3			1.1327576773372452
7296.200000000001			1.1513326523336964
7297.1			1.1686376966081724
7298.0			1.176251066411005
7298.9			1.173974586035083
7299.8			1.1655879969217053
7300.700000000001			1.1647664762581207
7301.6			1.1804400642341348
7302.5			1.1965476738180207
7303.4			1.195965500442319
7304.3			1.1873399918984815
7305.200000000001			1.1863420048288158
7306.1			1.1988891012508684
7307.0			1.2147584880821136
7307.9			1.221277122505321
7308.8			1.2266111973994223
7309.700000000001			1.2353737607437991
7310.6			1.2421163922353566
7311.5			1.2425423999674852
7312.4			1.2449829277582174
7313.3			1.2562399543059362
7314.200000000001			1.2697098922946626
7315.1			1.2803844150339714
7316.0			1.2835458894627487
7316.9			1.2861095034355128
7317.8			1.2911181119187167
7318.700000000001			1.292550222903988
7319.6			1.3024216442592047
7320.5			1.3208990738287487
7321.4			1.3260721200297874
7322.3			1.3210721324659924
7323.200000000001			1.3231431011958856
7324.1			1.3292462731605366
7325.0			1.3062994014723657
7325.9			1.2369562201176871
7326.8			1.1772980261189214
7327.700000000001			1.2034559831919256
7328.6			1.293495560342969
7329.5			1.3594154607017146
7330.4			1.3829182157885964
7331.3			1.3840240733616558
7332.200000000001			1.3794762328687389
7333.1			1.3846111992555408
7334.0			1.397866199237163
7334.9			1.409995265239975
7335.8			1.416753443621624
7336.700000000001			1.43146688051278
7337.6			1.4507913266390875
7338.5			1.4544543186296526
7339.4			1.449546572921795
7340.3			1.4564520210591259
7341.200000000001			1.471137589412526
7342.1			1.4740615922635472
7343.0			1.4614856833660643
7343.9			1.4423636225554635
7344.8			1.4184502266674992
7345.700000000001			1.4119113802191179
7346.6			1.4422916918188244
7347.5			1.482092936390455
7348.4			1.5058885137019533
7349.3			1.516019983855296
7350.200000000001			1.5245632983806703
7351.1			1.5329519067543995
7352.0			1.5437462651508664
7352.9			1.5502628105820055
7353.8			1.5448869318124387
7354.700000000001			1.5350986526609611
7355.6			1.5117363070110343
7356.5			1.4764019734499156
7357.4			1.4625175835754667
7358.3			1.4842595608658824
7359.200000000001			1.5291640206273238
7360.1			1.572454804472176
7361.0			1.59958543394794
7361.9			1.6036174292635794
7362.8			1.5970175609648238
7363.700000000001			1.5936671865315848
7364.6			1.5938004054025803
7365.5			1.610651443408735
7366.4			1.638148753161801
7367.3			1.6608810940039729
7368.200000000001			1.6857638391384469
7369.1			1.711827578763714
7370.0			1.732478884103935
7370.9			1.7424493337665932
7371.8			1.754205327442034
7372.700000000001			1.7659797371721098
7373.6			1.771378424912544
7374.5			1.7729738676542963
7375.4			1.7685752055613568
7376.3			1.770985532129327
7377.200000000001			1.789936123006938
7378.1			1.8208605737156174
7379.0			1.847375999472991
7379.9			1.8627161072140537
7380.8			1.8687297372899738
7381.700000000001			1.863781746146242
7382.6			1.8634807218520255
7383.5			1.8762145034851272
7384.4			1.896320186557495
7385.3			1.913184324582708
7386.200000000001			1.9149713967520752
7387.1			1.9030669534189215
7388.0			1.8996216045811771
7388.9			1.9174132541633986
7389.8			1.9287674162000306
7390.700000000001			1.927751063057299
7391.6			1.9280116923967152
7392.5			1.939680891142472
7393.4			1.9541135332071775
7394.3			1.9633927911125946
7395.200000000001			1.9791298023484993
7396.1			1.9989561102693534
7397.0			2.024733499660945
7397.9			2.0468866538749513
7398.8			2.0561338490038614
7399.700000000001			2.044386731297571
7400.6			2.0100852379138825
7401.5			1.9859997786333523
7402.4			2.005097355102467
7403.3			2.066694297566702
7404.200000000001			2.1197763551997584
7405.1			2.1443366036330684
7406.0			2.1531705456114465
7406.9			2.163967361504392
7407.8			2.183208113411554
7408.700000000001			2.194526800349718
7409.6			2.203094426495696
7410.5			2.215636297054573
7411.4			2.2333022789416512
7412.3			2.2567468327170297
7413.200000000001			2.1966199922138756
7414.1			1.4914109955888566
7415.0			0.24711521629659178
7415.9			9.933880454143542e-06
7416.8			9.999478186273061e-06
7417.700000000001			1.0065948017952571e-05
7418.6			1.0133307456962668e-05
7419.5			1.020157448287624e-05
7420.4			1.0270767563058353e-05
7421.3			1.0340905669321659e-05
7422.200000000001			1.041200829526898e-05
7423.1			1.0484095474356268e-05
7424.0			1.055718779871118e-05
7424.9			1.0631306438744348e-05
7425.8			1.07064731635926e-05
7426.700000000001			1.0782710362435622e-05
7427.6			1.0860041066729826e-05
7428.5			1.093848897340594e-05
7429.4			1.0
