3500.0			1.0
3500.9			1.0
3501.8			1.0
3502.7			1.0
3503.6			1.0
3504.5			1.0
3505.4			1.0
3506.3			1.0
3507.2			1.0
3508.1			1.0
3509.0			1.0
3509.9			1.0
3510.8			1.0
3511.7			1.0
3512.6			1.0
3513.5			1.0
3514.4			1.0
3515.3			1.0
3516.2			1.0
3517.1			1.0
3518.0			1.0
3518.9			1.0
3519.8			1.0
3520.7			1.0
3521.6			1.0
3522.5			1.0
3523.4			1.0
3524.3			1.0
3525.2			1.0
3526.1			1.0
3527.0			1.0
3527.9			1.0
3528.8			1.0
3529.7			1.0
3530.6			1.0
3531.5			1.0
3532.4			1.0
3533.3			1.0
3534.2			1.0
3535.1			1.0
3536.0			1.0
3536.9			1.0
3537.8			1.0
3538.7			1.0
3539.6			1.0
3540.5			1.0
3541.4			1.0
3542.3			1.0
3543.2			1.0
3544.1			1.0
3545.0			1.0
3545.9			1.0
3546.8			1.0
3547.7			1.0
3548.6			1.0
3549.5			1.0
3550.4			1.0
3551.3			1.0
3552.2			1.0
3553.1			1.0
3554.0			1.0
3554.9			1.0
3555.8			1.0
3556.7			1.0
3557.6			1.0
3558.5			1.0
3559.4			1.0
3560.3			1.0
3561.2			1.0
3562.1			1.0
3563.0			1.0
3563.9			1.0
3564.8			1.0
3565.7			1.0
3566.6			1.0
3567.5			1.0
3568.4			1.0
3569.3			1.0
3570.2			1.0
3571.1			1.0
3572.0			1.0
3572.9			1.0
3573.8			1.0
3574.7			1.0
3575.6			1.0
3576.5			1.0
3577.4			1.0
3578.3			1.0
3579.2			1.0
3580.1			1.0
3581.0			1.0
3581.9			1.0
3582.8			1.0
3583.7			1.0
3584.6			1.0
3585.5			1.0
3586.4			1.0
3587.3			1.0
3588.2			1.0
3589.1			1.0
3590.0			1.0
3590.9			1.0
3591.8			1.0
3592.7			1.0
3593.6			1.0
3594.5			1.0
3595.4			1.0
3596.3			1.0
3597.2			1.0
3598.1			1.0
3599.0			1.0
3599.9			1.0
3600.8			1.0
3601.7			1.0
3602.6			1.0
3603.5			1.0
3604.4			1.0
3605.3			1.0
3606.2			1.0
3607.1			1.0
3608.0			1.0
3608.9			1.0
3609.8			1.0
3610.7			1.0
3611.6			1.0
3612.5			1.0
3613.4			1.0
3614.3			1.0
3615.2			1.0
3616.1			1.0
3617.0			1.0
3617.9			1.0
3618.8			1.0
3619.7			1.0
3620.6			1.0
3621.5			1.0
3622.4			1.0
3623.3			1.0
3624.2			1.0
3625.1			1.0
3626.0			1.0
3626.9			1.0
3627.8			1.0
3628.7			1.0
3629.6			1.0
3630.5			1.0
3631.4			1.0
3632.3			1.0
3633.2			1.0
3634.1			1.0
3635.0			1.0
3635.9			1.0
3636.8			1.0
3637.7			1.0
3638.6			1.0
3639.5			1.0
3640.4			1.0
3641.3			1.0
3642.2			1.0
3643.1			1.0
3644.0			1.0
3644.9			1.0
3645.8			1.0
3646.7			1.0
3647.6			1.0
3648.5			1.0
3649.4			1.0
3650.3			1.0
3651.2			1.0
3652.1			1.0
3653.0			1.0
3653.9			1.0
3654.8			1.0
3655.7			1.0
3656.6			1.0
3657.5			1.0
3658.4			1.0
3659.3			1.0
3660.2			1.0
3661.1			1.0
3662.0			1.0
3662.9			1.0
3663.8			1.0
3664.7			1.0
3665.6			1.0
3666.5			1.0
3667.4			1.0
3668.3			1.0
3669.2			1.0
3670.1			1.0
3671.0			1.0
3671.9			1.0
3672.8			1.0
3673.7			1.0
3674.6			1.0
3675.5			1.0
3676.4			1.0
3677.3			1.0
3678.2			1.0
3679.1			1.0
3680.0			1.0
3680.9			1.0
3681.8			1.0
3682.7			1.0
3683.6			1.0
3684.5			1.0
3685.4			1.0
3686.3			1.0
3687.2			1.0
3688.1			1.0
3689.0			1.0
3689.9			1.0
3690.8			1.0
3691.7			1.0
3692.6			1.0
3693.5			1.0
3694.4			1.0
3695.3			1.0
3696.2			1.0
3697.1			1.0
3698.0			1.0
3698.9			1.0
3699.8			1.0
3700.7			1.0
3701.6			1.0
3702.5			1.0
3703.4			1.0
3704.3			1.0
3705.2			1.0
3706.1			1.0
3707.0			1.0
3707.9			1.0
3708.8			1.0
3709.7			1.0
3710.6			1.0
3711.5			1.0
3712.4			1.0
3713.3			1.0
3714.2			1.0
3715.1			1.0
3716.0			1.0
3716.9			1.0
3717.8			1.0
3718.7			1.0
3719.6			1.0
3720.5			1.0
3721.4			1.0
3722.3			1.0
3723.2			1.0
3724.1			1.0
3725.0			1.0
3725.9			1.0
3726.8			1.0
3727.7			1.0
3728.6			1.0
3729.5			1.0
3730.4			1.0
3731.3			1.0
3732.2			1.0
3733.1			1.0
3734.0			1.0
3734.9			1.0
3735.8			1.0
3736.7			1.0
3737.6			1.0
3738.5			1.0
3739.4			1.0
3740.3			1.0
3741.2			1.0
3742.1			1.0
3743.0			1.0
3743.9			1.0
3744.8			1.0
3745.7			1.0
3746.6			1.0
3747.5			1.0
3748.4			1.0
3749.3			1.0
3750.2			1.0
3751.1			1.0
3752.0			1.0
3752.9			1.0
3753.8			1.0
3754.7			1.0
3755.6			1.0
3756.5			1.0
3757.4			1.0
3758.3			1.0
3759.2			1.0
3760.1			1.0
3761.0			1.0
3761.9			1.0
3762.8			1.0
3763.7			1.0
3764.6			1.0
3765.5			1.0
3766.4			1.0
3767.3			1.0
3768.2			1.0
3769.1			1.0
3770.0			1.0
3770.9			1.0
3771.8			1.0
3772.7			1.0
3773.6			1.0
3774.5			1.0
3775.4			1.0
3776.3			1.0
3777.2			1.0
3778.1			1.0
3779.0			1.0
3779.9			1.0
3780.8			1.0
3781.7			1.0
3782.6			1.0
3783.5			1.0
3784.4			1.0
3785.3			1.0
3786.2			1.0
3787.1			1.0
3788.0			1.0
3788.9			1.0
3789.8			1.0
3790.7			1.0
3791.6			1.0
3792.5			1.0
3793.4			1.0
3794.3			1.0
3795.2			1.0
3796.1			1.0
3797.0			1.0
3797.9			1.0
3798.8			1.0
3799.7			1.0
3800.6			1.0
3801.5			1.0
3802.4			1.0
3803.3			1.0
3804.2			1.0
3805.1			1.0
3806.0			1.0
3806.9			1.0
3807.8			1.0
3808.7			1.0
3809.6			1.0
3810.5			1.0
3811.4			1.0
3812.3			1.0
3813.2			1.0
3814.1			1.0
3815.0			1.0
3815.9			1.0
3816.8			1.0
3817.7			1.0
3818.6			1.0
3819.5			1.0
3820.4			1.0
3821.3			1.0
3822.2			1.0
3823.1			1.0
3824.0			1.0
3824.9			1.0
3825.8			1.0
3826.7			1.0
3827.6			1.0
3828.5			1.0
3829.4			1.0
3830.3			1.0
3831.2			1.0
3832.1			1.0
3833.0			1.0
3833.9			1.0
3834.8			1.0
3835.7			1.0
3836.6			1.0
3837.5			1.0
3838.4			1.0
3839.3			1.0
3840.2			1.0
3841.1			1.0
3842.0			1.0
3842.9			1.0
3843.8			1.0
3844.7			1.0
3845.6			1.0
3846.5			1.0
3847.4			1.0
3848.3			1.0
3849.2			1.0
3850.1			1.0
3851.0			1.0
3851.9			1.0
3852.8			1.0
3853.7			1.0
3854.6			1.0
3855.5			1.0
3856.4			1.0
3857.3			1.0
3858.2			1.0
3859.1			1.0
3860.0			1.0
3860.9			1.0
3861.8			1.0
3862.7			1.0
3863.6			1.0
3864.5			1.0
3865.4			1.0
3866.3			1.0
3867.2			1.0
3868.1			1.0
3869.0			1.0
3869.9			1.0
3870.8			1.0
3871.7			1.0
3872.6			1.0
3873.5			1.0
3874.4			1.0
3875.3			1.0
3876.2			1.0
3877.1			1.0
3878.0			1.0
3878.9			1.0
3879.8			1.0
3880.7			1.0
3881.6			1.0
3882.5			1.0
3883.4			1.0
3884.3			1.0
3885.2			1.0
3886.1			1.0
3887.0			1.0
3887.9			1.0
3888.8			1.0
3889.7			1.0
3890.6			1.0
3891.5			1.0
3892.4			1.0
3893.3			1.0
3894.2			1.0
3895.1			1.0
3896.0			1.0
3896.9			1.0
3897.8			1.0
3898.7			1.0
3899.6			1.0
3900.5			1.0
3901.4			1.0
3902.3			1.0
3903.2			1.0
3904.1			1.0
3905.0			1.0
3905.9			1.0
3906.8			1.0
3907.7			1.0
3908.6			1.0
3909.5			1.0
3910.4			1.0
3911.3			1.0
3912.2			1.0
3913.1			1.0
3914.0			1.0
3914.9			1.0
3915.8			1.0
3916.7			1.0
3917.6			1.0
3918.5			1.0
3919.4			1.0
3920.3			1.0
3921.2			1.0
3922.1			1.0
3923.0			1.0
3923.9			1.0
3924.8			1.0
3925.7			1.0
3926.6			1.0
3927.5			1.0
3928.4			1.0
3929.3			1.0
3930.2			1.0
3931.1			1.0
3932.0			1.0
3932.9			1.0
3933.8			1.0
3934.7			1.0
3935.6			1.0
3936.5			1.0
3937.4			1.0
3938.3			1.0
3939.2			1.0
3940.1			1.0
3941.0			1.0
3941.9			1.0
3942.8			1.0
3943.7			1.0
3944.6			1.0
3945.5			1.0
3946.4			1.0
3947.3			1.0
3948.2			1.0
3949.1			1.0
3950.0			1.0
3950.9			1.0
3951.8			1.0
3952.7			1.0
3953.6			1.0
3954.5			1.0
3955.4			1.0
3956.3			1.0
3957.2			1.0
3958.1			1.0
3959.0			1.0
3959.9			1.0
3960.8			1.0
3961.7			1.0
3962.6			1.0
3963.5			1.0
3964.4			1.0
3965.3			1.0
3966.2			1.0
3967.1			1.0
3968.0			1.0
3968.9			1.0
3969.8			1.0
3970.7			1.0
3971.6			1.0
3972.5			1.0
3973.4			1.0
3974.3			1.0
3975.2			1.0
3976.1			1.0
3977.0			1.0
3977.9			1.0
3978.8			1.0
3979.7			1.0
3980.6			1.0
3981.5			1.0
3982.4			1.0
3983.3			1.0
3984.2			1.0
3985.1			1.0
3986.0			1.0
3986.9			1.0
3987.8			1.0
3988.7			1.0
3989.6			1.0
3990.5			1.0
3991.4			1.0
3992.3			1.0
3993.2			1.0
3994.1			1.0
3995.0			1.0
3995.9			1.0
3996.8			1.0
3997.7			1.0
3998.6			1.0
3999.5			1.0
4000.4			1.0
4001.3			1.0
4002.2			1.0
4003.1			1.0
4004.0			0.9656184793297735
4004.9			0.9073700077235285
4005.8			0.8960174071120944
4006.7			0.9409446285477974
4007.6			0.9963787605190372
4008.5			1.0
4009.4			1.0
4010.3			1.0
4011.2			1.0
4012.1			1.0
4013.0			1.0
4013.9			1.0
4014.8			1.0
4015.7			1.0
4016.6			1.0
4017.5			1.0
4018.4			1.0
4019.3			1.0
4020.2			1.0
4021.1			1.0
4022.0			1.0
4022.9			1.0
4023.8			1.0
4024.7			1.0
4025.6			1.0235513007660664
4026.5			1.0716695921410544
4027.4			1.0760045913443905
4028.3			1.0484369460160026
4029.2			1.0044396947586844
4030.1			0.9433822004474811
4031.0			0.9168228289472664
4031.9			0.919357657036719
4032.8			0.9258085333383864
4033.7			0.9422780042146097
4034.6			0.9553608859311226
4035.5			0.969970850433567
4036.4			0.9985030986500143
4037.3			1.0
4038.2			1.0
4039.1			1.0
4040.0			1.0
4040.9			1.0
4041.8			1.0
4042.7			1.0
4043.6			0.9795317483190682
4044.5			0.923353511993671
4045.4			0.8814689203099467
4046.3			0.9196964604549035
4047.2			0.9976031608841832
4048.1			1.0
4049.0			1.0
4049.9			1.0
4050.8			1.0
4051.7			1.0
4052.6			1.0
4053.5			1.0
4054.4			1.0
4055.3			1.0
4056.2			1.0
4057.1			1.0
4058.0			1.0
4058.9			1.0
4059.8			1.0
4060.7			1.0
4061.6			0.9841471832595853
4062.5			0.9383433988606285
4063.4			0.9090252238756824
4064.3			0.9433214149954386
4065.2			0.9991832229934103
4066.1			1.0
4067.0			1.0
4067.9			1.0
4068.8			1.0
4069.7			1.0
4070.6			1.0
4071.5			1.0
4072.4			1.0
4073.3			1.0
4074.2			1.0
4075.1			0.9817305757724689
4076.0			0.9312714175043515
4076.9			0.8694791527600847
4077.8			0.857221938579073
4078.7			0.9031048351507205
4079.6			0.9586426070184023
4080.5			1.0004058754441907
4081.4			1.0
4082.3			1.0
4083.2			1.0
4084.1			1.0
4085.0			1.0
4085.9			1.0
4086.8			1.0
4087.7			1.0
4088.6			1.0
4089.5			1.0
4090.4			1.0
4091.3			1.0
4092.2			0.9768990764329927
4093.1			0.9673219626753192
4094.0			0.9535101682563126
4094.9			0.9188131654434404
4095.8			0.8703202883011636
4096.7			0.8306386922131875
4097.6			0.7911351033571806
4098.5			0.7370432601476077
4099.4			0.6713043410056
4100.3			0.5734158458716875
4101.2			0.46763067957397136
4102.1			0.452728677739849
4103.0			0.5428673627300166
4103.9			0.6516028551627697
4104.8			0.7341056091537161
4105.7			0.792467759772774
4106.6			0.8330829507585783
4107.5			0.8645106439109317
4108.4			0.8936007813694613
4109.3			0.9153369612729142
4110.2			0.9448287819457845
4111.1			0.9775557160637992
4112.0			1.0002197147273704
4112.9			1.0
4113.8			1.0
4114.7			1.0
4115.6			1.0
4116.5			1.0
4117.4			1.0
4118.3			1.0
4119.2			1.0
4120.1			1.0
4121.0			1.0
4121.9			1.0
4122.8			1.0
4123.7			1.0
4124.6			1.0
4125.5			1.0
4126.4			1.0
4127.3			1.0
4128.2			1.0
4129.1			1.0
4130.0			1.0
4130.9			1.0
4131.8			1.0
4132.7			1.0
4133.6			1.0
4134.5			1.0
4135.4			1.0
4136.3			1.0
4137.2			1.0
4138.1			1.0
4139.0			1.0
4139.9			1.0
4140.8			1.0
4141.7			0.9871705153576409
4142.6			0.9408825937283203
4143.5			0.9084010242819467
4144.4			0.9414625490409351
4145.3			0.997828075331242
4146.2			1.0
4147.1			1.0
4148.0			1.0
4148.9			0.9895078346948297
4149.8			0.9924229694939198
4150.7			1.00977169666442
4151.6			1.0154352945018894
4152.5			0.9990668329193583
4153.4			0.964411030420943
4154.3			0.940987548013251
4155.2			0.947846424298675
4156.1			0.9537309636903015
4157.0			0.9547389715273511
4157.9			0.9661171493279339
4158.8			0.9845188508175419
4159.7			0.9999844597310314
4160.6			1.0
4161.5			1.0
4162.4			1.0
4163.3			1.0
4164.2			1.0107557548786181
4165.1			1.0240789107385717
4166.0			1.0076353568931886
4166.9			0.9730891623910154
4167.8			0.9735686737260494
4168.7			1.0072353362563107
4169.6			1.0198381268133119
4170.5			0.9786659189328546
4171.4			0.9173400140809943
4172.3			0.8810607903226582
4173.2			0.8850684640799718
4174.1			0.9181283822774622
4175.0			0.9516034490347552
4175.9			0.9679638768235056
4176.8			0.9544483798482455
4177.7			0.930386922056801
4178.6			0.9319055046951735
4179.5			0.9702979189462908
4180.4			0.9995389031124813
4181.3			1.0
4182.2			1.0
4183.1			1.0
4184.0			1.0
4184.9			1.0
4185.8			1.0
4186.7			1.0
4187.6			1.0
4188.5			1.0
4189.4			1.0
4190.3			1.0
4191.2			1.0
4192.1			1.0
4193.0			1.0
4193.9			1.0
4194.8			1.0
4195.7			0.9791972936857052
4196.6			0.9850556001699114
4197.5			0.9587921231169272
4198.4			0.9225866548784007
4199.3			0.9514235768562822
4200.2			0.9985383815791449
4201.1			1.000273704732769
4202.0			1.0
4202.9			1.0
4203.8			1.0
4204.7			1.0
4205.6			1.0
4206.5			1.0
4207.4			1.0
4208.3			1.0
4209.2			1.0
4210.1			1.0
4211.0			1.0
4211.9			1.0
4212.8			1.0
4213.7			0.9993536378215349
4214.6			0.9616619400221589
4215.5			0.9201556180803159
4216.4			0.9465349186515329
4217.3			1.0015080034413586
4218.2			1.0
4219.1			1.0
4220.0			1.0
4220.9			1.0
4221.8			1.0
4222.7			0.9859583115311913
4223.6			0.9586331234401944
4224.5			0.9166518460869113
4225.4			0.8656471685899488
4226.3			0.8105317796002165
4227.2			0.8232499538301205
4228.1			0.9078558474893772
4229.0			0.9752036113346418
4229.9			0.9966756094733925
4230.8			1.0
4231.7			1.0
4232.6			1.0
4233.5			1.0
4234.4			1.0
4235.3			1.0
4236.2			1.0
4237.1			1.0
4238.0			1.0
4238.9			1.0
4239.8			1.0
4240.7			1.0
4241.6			1.0125175078217188
4242.5			1.0110079676812103
4243.4			1.022535593469306
4244.3			1.020151470765991
4245.2			0.9859364795074802
4246.1			0.938568120723675
4247.0			0.9193133937842201
4247.9			0.9479113305156717
4248.8			0.9710612321063438
4249.7			0.9481356716275936
4250.6			0.9312909584282896
4251.5			0.9670531516694834
4252.4			1.0009947629084042
4253.3			1.0
4254.2			1.0
4255.1			1.0
4256.0			1.0
4256.9			1.0
4257.8			0.9810445692080942
4258.7			0.9516778327983206
4259.6			0.9209409685413636
4260.5			0.9072295785480509
4261.4			0.9346500952613874
4262.3			0.9770719832007906
4263.2			0.9999229540676023
4264.1			1.0
4265.0			1.0
4265.9			1.0
4266.8			0.9943606830446495
4267.7			0.988719789014959
4268.6			0.9849472661807258
4269.5			0.9758399167867748
4270.4			0.9407738694976499
4271.3			0.9021771409308834
4272.2			0.9160231026460839
4273.1			0.9557373799544087
4274.0			0.9685297299991333
4274.9			0.9728214634741051
4275.8			1.0007189629556896
4276.7			1.0
4277.6			1.0
4278.5			1.0
4279.4			1.0
4280.3			1.0
4281.2			1.0
4282.1			1.0
4283.0			1.0
4283.9			1.0
4284.8			1.0
4285.7			1.0
4286.6			0.989603943173547
4287.5			0.9643899315335523
4288.4			0.9205999214476263
4289.3			0.8659065893593311
4290.2			0.8672634866515619
4291.1			0.9356428619745234
4292.0			1.0007594300328004
4292.9			1.0
4293.8			1.0
4294.7			1.0
4295.6			1.0179199942844386
4296.5			1.0237250229708992
4297.4			1.0124576390652158
4298.3			0.9592766890239037
4299.2			0.8947612771471071
4300.1			0.8880343714841128
4301.0			0.9067756410927568
4301.9			0.9041783581980238
4302.8			0.923209630691417
4303.7			0.9734851994440556
4304.6			0.9998194574320893
4305.5			1.0
4306.4			1.0
4307.3			1.0
4308.2			1.0
4309.1			1.0
4310.0			1.0
4310.9			1.0
4311.8			1.0
4312.7			0.9558885699417237
4313.6			0.9040522812095542
4314.5			0.8887566591203592
4315.4			0.9369363832820696
4316.3			0.9970118067687969
4317.2			1.0
4318.1			1.0
4319.0			1.0
4319.9			1.0
4320.8			1.0
4321.7			1.0
4322.6			1.0
4323.5			1.004497660823394
4324.4			0.9610567577589864
4325.3			0.9120932638089023
4326.2			0.9307031042109448
4327.1			0.9987914383748406
4328.0			1.0
4328.9			1.0
4329.8			1.0
4330.7			1.0
4331.6			1.0
4332.5			0.9897838516481751
4333.4			0.9706244153363459
4334.3			0.9415129474977428
4335.2			0.9096827090692556
4336.1			0.8490344973179433
4337.0			0.7589552047298002
4337.9			0.6788705026189854
4338.8			0.6000540480430181
4339.7			0.5023995031131373
4340.6			0.46067077461109596
4341.5			0.5396645859394672
4342.4			0.6588520929746334
4343.3			0.7409908099524872
4344.2			0.7967926403826016
4345.1			0.852578177997729
4346.0			0.9039853152146108
4346.9			0.9418816121255403
4347.8			0.9743840340881997
4348.7			0.9997958008386802
4349.6			1.0
4350.5			1.0
4351.4			1.0
4352.3			1.0
4353.2			1.0
4354.1			1.0
4355.0			1.0
4355.9			1.0
4356.8			1.0
4357.7			1.0
4358.6			1.0
4359.5			1.0
4360.4			1.0
4361.3			1.0
4362.2			1.0
4363.1			1.0
4364.0			1.0
4364.9			1.0
4365.8			1.0
4366.7			1.0
4367.6			1.0
4368.5			1.0
4369.4			1.0
4370.3			1.0
4371.2			1.0
4372.1			1.0
4373.0			0.9883127288220555
4373.9			0.9337925392240832
4374.8			0.8983417546147829
4375.7			0.9324281446241804
4376.6			0.9982997589147182
4377.5			1.0
4378.4			1.0
4379.3			1.0
4380.2			1.0
4381.1			1.0139370977719933
4382.0			0.9880740508341195
4382.9			0.9254304153876273
4383.8			0.8835838451983874
4384.7			0.9008136894678825
4385.6			0.9505517382426191
4386.5			0.9935313754940708
4387.4			1.0
4388.3			1.0
4389.2			1.0
4390.1			1.0
4391.0			1.0
4391.9			1.0
4392.8			1.001541705451057
4393.7			0.9664930787122675
4394.6			0.9297735595501547
4395.5			0.9439691871190993
4396.4			0.9973912514752746
4397.3			1.0
4398.2			1.0
4399.1			1.0
4400.0			1.0
4400.9			1.0
4401.8			1.0
4402.7			1.0
4403.6			1.0
4404.5			1.0
4405.4			1.0
4406.3			1.0
4407.2			1.0
4408.1			1.0
4409.0			1.0
4409.9			1.0
4410.8			1.0
4411.7			1.0
4412.6			1.0077225601660147
4413.5			0.988014410428545
4414.4			0.9335995450165383
4415.3			0.8975668567527556
4416.2			0.8945592475885058
4417.1			0.8958493454699344
4418.0			0.9155110709750772
4418.9			0.9639415296446953
4419.8			1.0010990831375586
4420.7			1.0
4421.6			1.0
4422.5			1.0
4423.4			1.0
4424.3			1.0
4425.2			1.0
4426.1			1.0
4427.0			1.0
4427.9			1.0
4428.8			1.0
4429.7			1.0
4430.6			1.0
4431.5			1.0
4432.4			1.0
4433.3			1.0
4434.2			1.0
4435.1			1.0
4436.0			1.0
4436.9			1.0
4437.8			1.0
4438.7			1.0
4439.6			1.0
4440.5			0.9837184139861673
4441.4			0.946862948469966
4442.3			0.9023356986416093
4443.2			0.8757940310419622
4444.1			0.8979909976439971
4445.0			0.9568559135222221
4445.9			0.9996988620479561
4446.8			1.0
4447.7			1.0
4448.6			1.0
4449.5			1.0
4450.4			1.0
4451.3			1.0
4452.2			1.0270520919781265
4453.1			1.0186284895294182
4454.0			0.9641409329899102
4454.9			0.9232826976738694
4455.8			0.9430704944320741
4456.7			0.9850948392448438
4457.6			1.00063869862061
4458.5			1.0
4459.4			1.0
4460.3			1.0
4461.2			1.0
4462.1			1.0
4463.0			1.0
4463.9			1.0
4464.8			1.0
4465.7			1.0
4466.6			1.0
4467.5			1.0
4468.4			1.0
4469.3			1.0
4470.2			1.0
4471.1			1.0
4472.0			1.0
4472.9			1.0
4473.8			1.0
4474.7			1.0
4475.6			1.0
4476.5			1.0
4477.4			1.0
4478.3			1.0057606259623717
4479.2			0.9821224922155312
4480.1			0.9236007472120141
4481.0			0.8691241729640327
4481.9			0.8838744249605278
4482.8			0.9481153801323138
4483.7			0.9972402177821827
4484.6			1.0
4485.5			1.0
4486.4			1.0
4487.3			1.0
4488.2			1.0
4489.1			1.0
4490.0			1.0
4490.9			1.0
4491.8			1.0
4492.7			1.0
4493.6			1.0
4494.5			1.0
4495.4			1.0
4496.3			1.0
4497.2			1.0
4498.1			1.0
4499.0			1.0
4499.9			1.0
4500.8			1.0
4501.7			1.0
4502.6			1.0
4503.5			1.0
4504.4			1.0
4505.3			1.0
4506.2			1.0
4507.1			1.0
4508.0			1.0
4508.9			1.0
4509.8			1.0
4510.7			1.0
4511.6			1.0
4512.5			1.0
4513.4			1.0
4514.3			1.0
4515.2			1.0
4516.1			1.0
4517.0			1.0
4517.9			1.0
4518.8			1.0
4519.7			1.0
4520.6			1.0
4521.5			1.0
4522.4			1.0
4523.3			1.0
4524.2			1.0
4525.1			1.0
4526.0			1.0
4526.9			1.0
4527.8			1.0
4528.7			1.0
4529.6			1.0
4530.5			1.0
4531.4			1.0048060053901662
4532.3			0.9880889119418732
4533.2			0.9391231177761443
4534.1			0.9069791704336579
4535.0			0.9295470088761868
4535.9			0.9718709725520273
4536.8			1.0030082768457778
4537.7			1.0
4538.6			1.0
4539.5			1.0
4540.4			1.0
4541.3			1.0
4542.2			1.0
4543.1			1.0
4544.0			1.0
4544.9			1.0
4545.8			1.0
4546.7			1.0026960392497326
4547.6			0.9832231046689413
4548.5			0.9305576230846238
4549.4			0.8883857822558939
4550.3			0.9189727505043012
4551.2			0.9811995915149518
4552.1			1.0009990784015166
4553.0			1.0
4553.9			1.0
4554.8			1.0
4555.7			1.0
4556.6			1.0
4557.5			1.0
4558.4			1.0
4559.3			1.0
4560.2			1.0
4561.1			1.0
4562.0			1.0
4562.9			1.0
4563.8			1.0
4564.7			1.0
4565.6			1.0
4566.5			1.0
4567.4			1.0
4568.3			1.0
4569.2			1.0
4570.1			1.0
4571.0			1.0
4571.9			1.0
4572.8			1.0
4573.7			1.0
4574.6			1.0
4575.5			1.0
4576.4			1.0
4577.3			1.0
4578.2			1.0
4579.1			1.0
4580.0			0.9885470320101737
4580.9			0.9792337468827892
4581.8			0.9689976037258665
4582.7			0.9455002379658456
4583.6			0.931347065537371
4584.5			0.9500987966975708
4585.4			0.9812616927320367
4586.3			0.9988317608027927
4587.2			1.0009667266244322
4588.1			1.0
4589.0			1.0
4589.9			1.0
4590.8			1.0
4591.7			1.0
4592.6			1.0
4593.5			1.0
4594.4			1.0
4595.3			1.0
4596.2			1.0
4597.1			1.0
4598.0			1.0
4598.9			1.0
4599.8			1.0
4600.7			1.0
4601.6			1.0
4602.5			1.0
4603.4			1.0
4604.3			1.0
4605.2			1.0
4606.1			1.0
4607.0			1.0
4607.9			1.0
4608.8			1.0
4609.7			1.0
4610.6			1.0
4611.5			1.0
4612.4			1.0
4613.3			1.0
4614.2			1.0
4615.1			1.0
4616.0			1.0
4616.9			1.0
4617.8			1.0
4618.7			1.0
4619.6			1.0
4620.5			1.0
4621.4			1.0
4622.3			1.0
4623.2			1.0
4624.1			1.0
4625.0			1.0
4625.9			1.0
4626.8			1.0
4627.7			1.0
4628.6			1.0
4629.5			1.0
4630.4			1.0
4631.3			1.0
4632.2			1.0
4633.1			1.0
4634.0			1.0
4634.9			1.0
4635.8			1.0
4636.7			1.0
4637.6			1.0
4638.5			1.0
4639.4			1.0
4640.3			1.0
4641.2			1.0
4642.1			1.0
4643.0			1.0
4643.9			1.0
4644.8			1.0
4645.7			1.0
4646.6			1.0
4647.5			1.0
4648.4			1.0
4649.3			1.0
4650.2			1.0
4651.1			1.0
4652.0			1.0
4652.9			1.0
4653.8			1.0
4654.7			1.0
4655.6			1.0
4656.5			1.0
4657.4			1.0
4658.3			1.0
4659.2			1.0
4660.1			1.0
4661.0			1.0
4661.9			1.0
4662.8			1.0
4663.7			0.9981877505850933
4664.6			0.9988335689261593
4665.5			0.9877687305506369
4666.4			0.9549291195205286
4667.3			0.9366411920176145
4668.2			0.9514846997655877
4669.1			0.9764263859916829
4670.0			0.9895490357095084
4670.9			1.0003636223546633
4671.8			1.0
4672.7			1.0
4673.6			1.0
4674.5			1.0
4675.4			1.0
4676.3			1.0
4677.2			1.0
4678.1			1.0
4679.0			1.0
4679.9			1.0
4680.8			1.0
4681.7			1.0
4682.6			1.0
4683.5			1.0
4684.4			1.0
4685.3			1.0
4686.2			1.0
4687.1			1.0
4688.0			1.0
4688.9			1.0
4689.8			1.0
4690.7			1.0
4691.6			1.0
4692.5			1.0
4693.4			1.0
4694.3			1.0
4695.2			1.0
4696.1			1.0
4697.0			1.0
4697.9			1.0
4698.8			1.0
4699.7			1.0
4700.6			1.0
4701.5			1.0
4702.4			1.0
4703.3			1.0
4704.2			1.0
4705.1			1.0
4706.0			1.0
4706.9			1.0
4707.8			1.0
4708.7			1.0
4709.6			1.0
4710.5			1.0
4711.4			1.0
4712.3			1.0
4713.2			1.0
4714.1			1.0
4715.0			1.0
4715.9			1.0
4716.8			1.0
4717.7			1.0
4718.6			1.0
4719.5			1.0
4720.4			1.0
4721.3			1.0
4722.2			1.0
4723.1			1.0
4724.0			1.0
4724.9			1.0
4725.8			1.0
4726.7			1.0
4727.6			1.0
4728.5			1.0
4729.4			1.0
4730.3			1.0
4731.2			1.0
4732.1			1.0
4733.0			1.0
4733.9			1.0
4734.8			1.0
4735.7			1.0
4736.6			1.0
4737.5			1.0
4738.4			1.0
4739.3			1.0
4740.2			1.0
4741.1			1.0
4742.0			1.0
4742.9			1.0
4743.8			1.0
4744.7			1.0
4745.6			1.0
4746.5			1.0
4747.4			1.0
4748.3			1.0
4749.2			1.0
4750.1			1.0
4751.0			1.0
4751.9			1.0
4752.8			1.0
4753.7			1.0
4754.6			1.0
4755.5			1.0
4756.4			1.0
4757.3			1.0
4758.2			1.0
4759.1			1.0
4760.0			1.0
4760.9			1.0
4761.8			1.0
4762.7			1.0
4763.6			1.0
4764.5			1.0
4765.4			1.0
4766.3			1.0
4767.2			1.0
4768.1			1.0
4769.0			1.0
4769.9			1.0
4770.8			1.0
4771.7			1.0
4772.6			1.0
4773.5			1.0
4774.4			1.0
4775.3			1.0
4776.2			1.0
4777.1			1.0
4778.0			1.0
4778.9			1.0
4779.8			1.0
4780.7			1.0
4781.6			1.0
4782.5			1.0
4783.4			1.0
4784.3			1.0
4785.2			1.0
4786.1			1.0
4787.0			1.0
4787.9			1.0
4788.8			1.0
4789.7			1.0
4790.6			1.0
4791.5			1.0
4792.4			1.0
4793.3			1.0
4794.2			1.0
4795.1			1.0
4796.0			1.0
4796.9			1.0
4797.8			1.0
4798.7			1.0
4799.6			1.0
4800.5			1.0
4801.4			1.0
4802.3			1.0
4803.2			1.0
4804.1			1.0
4805.0			1.0
4805.9			1.0
4806.8			1.0
4807.7			1.0
4808.6			1.0
4809.5			1.0
4810.4			1.0
4811.3			1.0
4812.2			1.0
4813.1			1.0
4814.0			1.0
4814.9			1.0
4815.8			1.0
4816.7			1.0
4817.6			1.0
4818.5			1.0
4819.4			1.0
4820.3			1.0
4821.2			1.0
4822.1			1.0
4823.0			1.0
4823.9			1.0
4824.8			1.0
4825.7			1.0
4826.6			1.0
4827.5			1.0
4828.4			1.0
4829.3			1.0
4830.2			1.0
4831.1			1.0
4832.0			1.0
4832.9			1.0
4833.8			1.0
4834.7			1.0
4835.6			1.0
4836.5			1.0
4837.4			1.0
4838.3			1.0
4839.2			1.0
4840.1			1.0
4841.0			1.0
4841.9			1.0
4842.8			1.0
4843.7			1.0
4844.6			1.0
4845.5			1.0
4846.4			1.0
4847.3			1.0
4848.2			1.0
4849.1			1.0
4850.0			1.0
4850.9			1.0
4851.8			1.0
4852.7			1.0
4853.6			1.0
4854.5			0.9564548940457432
4855.4			0.9165827741763259
4856.3			0.8920365517035956
4857.2			0.8670536590997534
4858.1			0.8216499816510671
4859.0			0.7426539615231738
4859.9			0.6229484596312924
4860.8			0.5071791819480713
4861.7			0.49358494796608804
4862.6			0.5980173583529287
4863.5			0.7218299226694108
4864.4			0.8039142923304514
4865.3			0.8570178147946371
4866.2			0.9024687794396044
4867.1			0.9425928998038285
4868.0			0.9743601903774689
4868.9			0.9995998956148551
4869.8			1.0
4870.7			1.0
4871.6			1.0
4872.5			1.0
4873.4			1.0
4874.3			1.0
4875.2			1.0
4876.1			1.0
4877.0			1.0
4877.9			1.0
4878.8			1.0
4879.7			1.0
4880.6			1.0
4881.5			1.0
4882.4			1.0
4883.3			1.0
4884.2			1.0
4885.1			1.0
4886.0			1.0
4886.9			1.0
4887.8			1.0
4888.7			1.0
4889.6			1.0
4890.5			1.0
4891.4			1.0
4892.3			1.0
4893.2			1.0
4894.1			1.0
4895.0			1.0
4895.9			1.0
4896.8			1.0
4897.7			1.0
4898.6			1.0
4899.5			1.0
4900.4			1.0
4901.3			1.0
4902.2			1.0
4903.1			1.0
4904.0			1.0
4904.9			1.0
4905.8			1.0
4906.7			1.0
4907.6			1.0
4908.5			1.0
4909.4			1.0
4910.3			1.0
4911.2			1.0
4912.1			1.0
4913.0			1.0
4913.9			1.0
4914.8			1.0
4915.7			1.0
4916.6			0.9923737176310512
4917.5			0.9685092130981094
4918.4			0.935745507153988
4919.3			0.9152179082021342
4920.2			0.9110725661406324
4921.1			0.9278149725870414
4922.0			0.9496312980702184
4922.9			0.9379007001323609
4923.8			0.9076328448696482
4924.7			0.9174476667141718
4925.6			0.9670250657277041
4926.5			0.9953792723003547
4927.4			0.9997109280954452
4928.3			1.001574375830982
4929.2			1.0074056134511542
4930.1			1.0067485500897995
4931.0			1.0004328809836869
4931.9			1.0
4932.8			1.0
4933.7			1.0
4934.6			1.0
4935.5			1.0
4936.4			1.0
4937.3			1.0
4938.2			1.0
4939.1			1.0
4940.0			1.0
4940.9			1.0
4941.8			1.0
4942.7			1.0
4943.6			1.0
4944.5			1.0
4945.4			1.0
4946.3			1.0
4947.2			1.0
4948.1			1.0
4949.0			1.0
4949.9			1.0
4950.8			1.0
4951.7			1.0
4952.6			1.0
4953.5			1.0
4954.4			1.0
4955.3			1.0
4956.2			0.9679817858154595
4957.1			0.914526713185369
4958.0			0.9109684321441197
4958.9			0.9660783237248924
4959.8			1.000490971168319
4960.7			1.0
4961.6			1.0
4962.5			1.0
4963.4			1.0
4964.3			1.0
4965.2			1.0
4966.1			1.0
4967.0			1.0
4967.9			1.0
4968.8			1.0
4969.7			1.0
4970.6			1.0
4971.5			1.0
4972.4			1.0
4973.3			1.0
4974.2			1.0
4975.1			1.0
4976.0			1.0
4976.9			1.0
4977.8			1.0
4978.7			1.0
4979.6			0.9914458625671145
4980.5			0.9793350458168981
4981.4			0.9493963643571812
4982.3			0.9133111325053389
4983.2			0.8949265887489349
4984.1			0.9053528665220557
4985.0			0.9296697088536335
4985.9			0.9646673237528882
4986.8			1.0011920873616136
4987.7			1.0
4988.6			1.0
4989.5			1.0
4990.4			1.0
4991.3			1.0
4992.2			1.0
4993.1			1.0
4994.0			1.0
4994.9			1.0
4995.8			1.0
4996.7			1.0
4997.6			1.0
4998.5			1.0
4999.4			1.0
5000.3			1.0
5001.2			1.0
5002.1			1.0
5003.0			1.0
5003.9			1.0
5004.8			1.0
5005.7			1.0
5006.6			1.0
5007.5			1.0
5008.4			1.0
5009.3			1.0
5010.2			1.0
5011.1			1.0
5012.0			1.0
5012.9			1.0
5013.8			1.0
5014.7			1.0
5015.6			1.012240410889504
5016.5			1.0074664270777136
5017.4			0.9592927796873904
5018.3			0.9136868520441286
5019.2			0.9315538711784067
5020.1			0.9814142253407969
5021.0			1.0002223297847306
5021.9			1.0
5022.8			1.0
5023.7			1.0
5024.6			1.0
5025.5			1.0
5026.4			1.0
5027.3			1.0
5028.2			1.0
5029.1			1.0
5030.0			1.0
5030.9			1.0
5031.8			1.0
5032.7			1.0
5033.6			1.0
5034.5			1.0
5035.4			1.0
5036.3			1.0
5037.2			1.0
5038.1			1.0
5039.0			0.9815970316590527
5039.9			0.9573061700442379
5040.8			0.9230641569310085
5041.7			0.912298804868983
5042.6			0.9514572999223347
5043.5			0.9914650699522427
5044.4			1.0008276086455077
5045.3			1.0
5046.2			1.0
5047.1			1.0
5048.0			1.0
5048.9			1.0
5049.8			1.0
5050.7			1.0
5051.6			1.0
5052.5			1.0
5053.4			1.0
5054.3			1.0
5055.2			1.0
5056.1			1.0
5057.0			1.0
5057.9			1.0
5058.8			1.0
5059.7			1.0
5060.6			1.0
5061.5			1.0
5062.4			1.0
5063.3			1.0
5064.2			1.0
5065.1			1.0
5066.0			1.0
5066.9			1.0
5067.8			1.0
5068.7			1.0
5069.6			1.0
5070.5			1.0
5071.4			1.0
5072.3			1.0
5073.2			1.0
5074.1			1.0
5075.0			1.0
5075.9			1.0
5076.8			1.0
5077.7			1.0
5078.6			1.0
5079.5			1.0
5080.4			1.0
5081.3			1.0
5082.2			1.0
5083.1			1.0
5084.0			1.0
5084.9			1.0
5085.8			1.0
5086.7			1.0
5087.6			1.0
5088.5			1.0
5089.4			1.0
5090.3			1.0
5091.2			1.0
5092.1			1.0
5093.0			1.0
5093.9			1.0
5094.8			1.0
5095.7			1.0
5096.6			1.0
5097.5			1.0
5098.4			1.0
5099.3			1.0
5100.2			1.0
5101.1			1.0
5102.0			1.0
5102.9			1.0
5103.8			1.0
5104.7			1.0
5105.6			1.0
5106.5			1.0
5107.4			1.0
5108.3			1.0
5109.2			1.0
5110.1			1.0
5111.0			1.0
5111.9			1.0
5112.8			1.0
5113.7			1.0
5114.6			1.0
5115.5			1.0
5116.4			1.0
5117.3			1.0
5118.2			1.0
5119.1			1.0
5120.0			1.0
5120.9			1.0
5121.8			1.0
5122.7			1.0
5123.6			1.0
5124.5			1.0
5125.4			1.0
5126.3			1.0
5127.2			1.0
5128.1			1.0
5129.0			1.0
5129.9			1.0
5130.8			1.0
5131.7			1.0
5132.6			1.0
5133.5			1.0
5134.4			1.0
5135.3			1.0
5136.2			1.0
5137.1			1.0
5138.0			1.0
5138.9			1.0
5139.8			1.0
5140.7			1.0
5141.6			1.0
5142.5			1.0
5143.4			1.0
5144.3			1.0
5145.2			1.0
5146.1			1.0
5147.0			1.0
5147.9			1.0
5148.8			1.0
5149.7			1.0
5150.6			1.0
5151.5			1.0
5152.4			1.0
5153.3			1.0
5154.2			1.0
5155.1			1.0
5156.0			1.0
5156.9			1.0
5157.8			1.0
5158.7			1.0
5159.6			1.0
5160.5			1.0
5161.4			1.0
5162.3			1.0
5163.2			1.0
5164.1			1.0
5165.0			1.0033208423380413
5165.9			0.9772430591237006
5166.8			0.9310097477590789
5167.7			0.8952090683880487
5168.6			0.9071132569175248
5169.5			0.964228787856176
5170.4			1.0250694364404522
5171.3			1.0340834199408042
5172.2			0.9979453279505265
5173.1			1.0
5174.0			1.0
5174.9			1.0
5175.8			1.0
5176.7			1.0
5177.6			1.0
5178.5			1.0
5179.4			1.0
5180.3			1.0
5181.2			1.0
5182.1			0.9729647716124227
5183.0			0.9119079427689111
5183.9			0.8817773351302719
5184.8			0.9302397114092928
5185.7			0.9949748677257307
5186.6			1.0
5187.5			1.0
5188.4			1.0
5189.3			1.0
5190.2			1.0
5191.1			1.0
5192.0			1.0
5192.9			1.0
5193.8			1.0
5194.7			1.0
5195.6			1.0
5196.5			1.0
5197.4			1.0
5198.3			1.0
5199.2			1.0
5200.1			1.0
5201.0			1.0
5201.9			1.0
5202.8			1.0
5203.7			1.0
5204.6			1.0
5205.5			1.0
5206.4			1.0
5207.3			1.0
5208.2			1.0
5209.1			1.0
5210.0			1.0
5210.9			1.0
5211.8			1.0
5212.7			1.0
5213.6			1.0
5214.5			1.0
5215.4			1.0
5216.3			1.0
5217.2			1.0
5218.1			1.0
5219.0			1.0
5219.9			1.0
5220.8			1.0
5221.7			1.0
5222.6			1.0
5223.5			1.0
5224.4			0.9909445661910422
5225.3			0.958990214635736
5226.2			0.9053170119964183
5227.1			0.8768551157456721
5228.0			0.9190532663383079
5228.9			0.9787691070153067
5229.8			1.0019960312050689
5230.7			1.0
5231.6			1.0
5232.5			1.0
5233.4			1.0
5234.3			1.0
5235.2			1.0
5236.1			1.0
5237.0			1.0
5237.9			1.0
5238.8			1.0
5239.7			1.0
5240.6			1.0
5241.5			1.0
5242.4			1.0
5243.3			1.0
5244.2			1.0
5245.1			1.0
5246.0			1.0
5246.9			1.0
5247.8			1.0
5248.7			1.0
5249.6			1.0
5250.5			1.0
5251.4			1.0
5252.3			1.0
5253.2			1.0
5254.1			1.0
5255.0			1.0
5255.9			1.0
5256.8			1.0
5257.7			1.0
5258.6			1.0
5259.5			1.0
5260.4			1.0
5261.3			1.0
5262.2			1.0
5263.1			1.0
5264.0			1.0
5264.9			1.0
5265.8			1.0
5266.7			1.0
5267.6			1.0205167651985312
5268.5			1.0006640655711867
5269.4			0.9495540249088366
5270.3			0.9310789264294524
5271.2			0.9688833413321697
5272.1			1.0038839333624794
5273.0			1.0020013809720782
5273.9			1.0
5274.8			1.0
5275.7			1.0
5276.6			1.0
5277.5			1.0
5278.4			1.0
5279.3			1.0
5280.2			1.0
5281.1			1.0
5282.0			1.0
5282.9			1.0
5283.8			1.0
5284.7			1.0
5285.6			1.0
5286.5			1.0
5287.4			1.0
5288.3			1.0
5289.2			1.0
5290.1			1.0
5291.0			1.0
5291.9			1.0
5292.8			1.0
5293.7			1.0
5294.6			1.0
5295.5			1.0
5296.4			1.0
5297.3			1.0
5298.2			1.0
5299.1			1.0
5300.0			1.0
5300.9			1.0
5301.8			1.0
5302.7			1.0
5303.6			1.0
5304.5			1.0
5305.4			1.0
5306.3			1.0
5307.2			1.0
5308.1			1.0
5309.0			1.0
5309.9			1.0
5310.8			1.0
5311.7			1.0
5312.6			1.0
5313.5			1.0
5314.4			1.0
5315.3			1.0
5316.2			1.0
5317.1			1.0
5318.0			1.0
5318.9			1.0
5319.8			1.0
5320.7			1.0
5321.6			1.0
5322.5			1.0
5323.4			1.0
5324.3			1.0
5325.2			1.0
5326.1			1.006761880959689
5327.0			0.9793929941646755
5327.9			0.9252578115874882
5328.8			0.9093012498873223
5329.7			0.9496050533193142
5330.6			0.987654177451988
5331.5			0.9944743707775003
5332.4			1.0
5333.3			1.0
5334.2			1.0
5335.1			1.0
5336.0			1.0
5336.9			1.0
5337.8			1.0
5338.7			1.0
5339.6			1.0
5340.5			1.0
5341.4			1.0
5342.3			1.0
5343.2			1.0
5344.1			1.0
5345.0			1.0
5345.9			1.0
5346.8			1.0
5347.7			1.0
5348.6			1.0
5349.5			1.0
5350.4			1.0
5351.3			1.0
5352.2			1.0
5353.1			1.0
5354.0			1.0
5354.9			1.0
5355.8			1.0
5356.7			1.0
5357.6			1.0
5358.5			1.0
5359.4			1.0
5360.3			1.0
5361.2			1.0
5362.1			1.0
5363.0			1.0
5363.9			1.0
5364.8			1.0
5365.7			1.0
5366.6			1.0
5367.5			1.0
5368.4			1.0
5369.3			1.0
5370.2			1.0
5371.1			1.0
5372.0			1.0
5372.9			1.0
5373.8			1.0
5374.7			1.0
5375.6			1.0
5376.5			1.0
5377.4			1.0
5378.3			1.0
5379.2			1.0
5380.1			1.0
5381.0			1.0
5381.9			1.0
5382.8			1.0
5383.7			1.0
5384.6			1.0
5385.5			1.0
5386.4			1.0
5387.3			1.0
5388.2			1.0
5389.1			1.0
5390.0			1.0
5390.9			1.0
5391.8			1.0
5392.7			1.0
5393.6			1.0
5394.5			1.0
5395.4			1.0
5396.3			1.0
5397.2			1.0
5398.1			1.0
5399.0			1.0
5399.9			1.0
5400.8			1.0
5401.7			1.0
5402.6			1.0
5403.5			1.0
5404.4			1.0
5405.3			1.0
5406.2			1.0
5407.1			1.0
5408.0			1.0
5408.9			1.0
5409.8			1.0
5410.7			1.0
5411.6			1.0
5412.5			1.0
5413.4			1.0
5414.3			1.0
5415.2			1.0
5416.1			1.0
5417.0			1.0
5417.9			1.0
5418.8			1.0
5419.7			1.0
5420.6			1.0
5421.5			1.0
5422.4			1.0
5423.3			1.0
5424.2			1.0
5425.1			1.0
5426.0			1.0
5426.9			1.0
5427.8			1.0
5428.7			1.0
5429.6			1.0
5430.5			1.0
5431.4			1.0
5432.3			1.0
5433.2			1.0
5434.1			1.0
5435.0			1.0
5435.9			1.0
5436.8			1.0
5437.7			1.0
5438.6			1.0
5439.5			1.0
5440.4			1.0
5441.3			1.0
5442.2			1.0
5443.1			1.0
5444.0			1.0
5444.9			1.0
5445.8			1.0
5446.7			1.0
5447.6			1.0
5448.5			1.0
5449.4			1.0
5450.3			1.0
5451.2			1.0
5452.1			1.0
5453.0			1.0
5453.9			1.0
5454.8			1.0
5455.7			1.0
5456.6			1.0
5457.5			1.0
5458.4			1.0
5459.3			1.0
5460.2			1.0
5461.1			1.0
5462.0			1.0
5462.9			1.0
5463.8			1.0
5464.7			1.0
5465.6			1.0
5466.5			1.0
5467.4			1.0
5468.3			1.0
5469.2			1.0
5470.1			1.0
5471.0			1.0
5471.9			1.0
5472.8			1.0
5473.7			1.0
5474.6			1.0
5475.5			1.0
5476.4			1.0
5477.3			1.0
5478.2			1.0
5479.1			1.0
5480.0			1.0
5480.9			1.0
5481.8			1.0
5482.7			1.0
5483.6			1.0
5484.5			1.0
5485.4			1.0
5486.3			1.0
5487.2			1.0
5488.1			1.0
5489.0			1.0
5489.9			1.0
5490.8			1.0
5491.7			1.0
5492.6			1.0
5493.5			1.0
5494.4			1.0
5495.3			1.0
5496.2			1.0
5497.1			1.0
5498.0			1.0
5498.9			1.0
5499.8			1.0
5500.7			1.0
5501.6			1.0
5502.5			1.0
5503.4			1.0
5504.3			1.0
5505.2			1.0
5506.1			1.0
5507.0			1.0
5507.9			1.0
5508.8			1.0
5509.7			1.0
5510.6			1.0
5511.5			1.0
5512.4			1.0
5513.3			1.0
5514.2			1.0
5515.1			1.0
5516.0			1.0
5516.9			1.0
5517.8			1.0
5518.7			1.0
5519.6			1.0
5520.5			1.0
5521.4			1.0
5522.3			1.0
5523.2			1.0
5524.1			1.0
5525.0			1.0
5525.9			1.0
5526.8			1.0
5527.7			1.0
5528.6			1.0
5529.5			1.0
5530.4			1.0
5531.3			1.0
5532.2			1.0
5533.1			1.0
5534.0			1.0
5534.9			1.0
5535.8			1.0
5536.7			1.0
5537.6			1.0
5538.5			1.0
5539.4			1.0
5540.3			1.0
5541.2			1.0
5542.1			1.0
5543.0			1.0
5543.9			1.0
5544.8			1.0
5545.7			1.0
5546.6			1.0
5547.5			1.0
5548.4			1.0
5549.3			1.0
5550.200000000001			1.0
5551.1			1.0
5552.0			1.0
5552.9			1.0
5553.8			1.0
5554.700000000001			1.0
5555.6			1.0
5556.5			1.0
5557.4			1.0
5558.3			1.0
5559.200000000001			1.0
5560.1			1.0
5561.0			1.0
5561.9			1.0
5562.8			1.0
5563.700000000001			1.0
5564.6			1.0
5565.5			1.0
5566.4			1.0
5567.3			1.0
5568.200000000001			1.0
5569.1			1.0
5570.0			1.0
5570.9			1.0
5571.8			1.0
5572.700000000001			1.0
5573.6			1.0
5574.5			1.0
5575.4			1.0
5576.3			1.0
5577.200000000001			1.0
5578.1			1.0
5579.0			1.0
5579.9			1.0
5580.8			1.0
5581.700000000001			1.0
5582.6			1.0
5583.5			1.0
5584.4			1.0
5585.3			1.0
5586.200000000001			1.0
5587.1			1.0
5588.0			1.0
5588.9			1.0
5589.8			1.0
5590.700000000001			1.0
5591.6			1.0
5592.5			1.0
5593.4			1.0
5594.3			1.0
5595.200000000001			1.0
5596.1			1.0
5597.0			1.0
5597.9			1.0
5598.8			1.0
5599.700000000001			1.0
5600.6			1.0
5601.5			1.0
5602.4			1.0
5603.3			1.0
5604.200000000001			1.0
5605.1			1.0
5606.0			1.0
5606.9			1.0
5607.8			1.0
5608.700000000001			1.0
5609.6			1.0
5610.5			1.0
5611.4			1.0
5612.3			1.0
5613.200000000001			1.0
5614.1			1.0
5615.0			1.0
5615.9			1.0
5616.8			1.0
5617.700000000001			1.0
5618.6			1.0
5619.5			1.0
5620.4			1.0
5621.3			1.0
5622.200000000001			1.0
5623.1			1.0
5624.0			1.0
5624.9			1.0
5625.8			1.0
5626.700000000001			1.0
5627.6			1.0
5628.5			1.0
5629.4			1.0
5630.3			1.0
5631.200000000001			1.0
5632.1			1.0
5633.0			1.0
5633.9			1.0
5634.8			1.0
5635.700000000001			1.0
5636.6			1.0
5637.5			1.0
5638.4			1.0
5639.3			1.0
5640.200000000001			1.0
5641.1			1.0
5642.0			1.0
5642.9			1.0
5643.8			1.0
5644.700000000001			1.0
5645.6			1.0
5646.5			1.0
5647.4			1.0
5648.3			1.0
5649.200000000001			1.0
5650.1			1.0
5651.0			1.0
5651.9			1.0
5652.8			1.0
5653.700000000001			1.0
5654.6			1.0
5655.5			1.0
5656.4			1.0
5657.3			1.0
5658.200000000001			1.0
5659.1			1.0
5660.0			1.0
5660.9			1.0
5661.8			1.0
5662.700000000001			1.0
5663.6			1.0
5664.5			1.0
5665.4			1.0
5666.3			1.0
5667.200000000001			1.0
5668.1			1.0
5669.0			1.0
5669.9			1.0
5670.8			1.0
5671.700000000001			1.0
5672.6			1.0
5673.5			1.0
5674.4			1.0
5675.3			1.0
5676.200000000001			1.0
5677.1			1.0
5678.0			1.0
5678.9			1.0
5679.8			1.0
5680.700000000001			1.0
5681.6			1.0
5682.5			1.0
5683.4			1.0
5684.3			1.0
5685.200000000001			1.0
5686.1			1.0
5687.0			1.0
5687.9			1.0
5688.8			1.0
5689.700000000001			1.0
5690.6			1.0
5691.5			1.0
5692.4			1.0
5693.3			1.0
5694.200000000001			1.0
5695.1			1.0
5696.0			1.0
5696.9			1.0
5697.8			1.0
5698.700000000001			1.0
5699.6			1.0
5700.5			1.0
5701.4			1.0
5702.3			1.0
5703.200000000001			1.0
5704.1			1.0
5705.0			1.0
5705.9			1.0
5706.8			1.0
5707.700000000001			1.0
5708.6			1.0
5709.5			1.0
5710.4			1.0
5711.3			1.0
5712.200000000001			1.0
5713.1			1.0
5714.0			1.0
5714.9			1.0
5715.8			1.0
5716.700000000001			1.0
5717.6			1.0
5718.5			1.0
5719.4			1.0
5720.3			1.0
5721.200000000001			1.0
5722.1			1.0
5723.0			1.0
5723.9			1.0
5724.8			1.0
5725.700000000001			1.0
5726.6			1.0
5727.5			1.0
5728.4			1.0
5729.3			1.0
5730.200000000001			1.0
5731.1			1.0
5732.0			1.0
5732.9			1.0
5733.8			1.0
5734.700000000001			1.0
5735.6			1.0
5736.5			1.0
5737.4			1.0
5738.3			1.0
5739.200000000001			1.0
5740.1			1.0
5741.0			1.0
5741.9			1.0
5742.8			1.0
5743.700000000001			1.0
5744.6			1.0
5745.5			1.0
5746.4			1.0
5747.3			1.0
5748.200000000001			1.0
5749.1			1.0
5750.0			1.0
5750.9			1.0
5751.8			1.0
5752.700000000001			1.0
5753.6			1.0
5754.5			1.0
5755.4			1.0
5756.3			1.0
5757.200000000001			1.0
5758.1			1.0
5759.0			1.0
5759.9			1.0
5760.8			1.0
5761.700000000001			1.0
5762.6			1.0
5763.5			1.0
5764.4			1.0
5765.3			1.0
5766.200000000001			1.0
5767.1			1.0
5768.0			1.0
5768.9			1.0
5769.8			1.0
5770.700000000001			1.0
5771.6			1.0
5772.5			1.0
5773.4			1.0
5774.3			1.0
5775.200000000001			1.0
5776.1			1.0
5777.0			1.0
5777.9			1.0
5778.8			1.0
5779.700000000001			1.0
5780.6			1.0
5781.5			1.0
5782.4			1.0
5783.3			1.0
5784.200000000001			1.0
5785.1			1.0
5786.0			1.0
5786.9			1.0
5787.8			1.0
5788.700000000001			1.0
5789.6			1.0
5790.5			1.0
5791.4			1.0
5792.3			1.0
5793.200000000001			1.0
5794.1			1.0
5795.0			1.0
5795.9			1.0
5796.8			1.0
5797.700000000001			1.0
5798.6			1.0
5799.5			1.0
5800.4			1.0
5801.3			1.0
5802.200000000001			1.0
5803.1			1.0
5804.0			1.0
5804.9			1.0
5805.8			1.0
5806.700000000001			1.0
5807.6			1.0
5808.5			1.0
5809.4			1.0
5810.3			1.0
5811.200000000001			0.9944321895932914
5812.1			0.9867478220200346
5813.0			0.9891210935184858
5813.9			0.9977472803474164
5814.8			0.9945719799805118
5815.700000000001			0.9828798320835753
5816.6			0.980317367793711
5817.5			0.9884221920684892
5818.4			0.9948835289857149
5819.3			0.9976921669195304
5820.200000000001			0.9995988817404444
5821.1			0.9973501041985067
5822.0			0.9891765505866034
5822.9			0.9812804924248572
5823.8			0.9848246244326686
5824.700000000001			0.9936353183765249
5825.6			0.9923699721383576
5826.5			0.9861193340022373
5827.4			0.9860184940317471
5828.3			0.9907914656536457
5829.200000000001			0.9925918746508412
5830.1			0.9900686178052259
5831.0			0.9919267652345047
5831.9			0.9984919104003245
5832.8			1.0040576860473414
5833.700000000001			1.0072764719608904
5834.6			1.0022904524843916
5835.5			0.9885885815812118
5836.4			0.9815157444130529
5837.3			0.9882531428287461
5838.200000000001			0.9981679208236376
5839.1			1.0033214812841724
5840.0			1.0051023683711762
5840.9			1.0026204099354097
5841.8			0.995978952926847
5842.700000000001			0.9937096358220683
5843.6			0.9930400900571138
5844.5			0.9890012953484754
5845.4			0.9883874175134022
5846.3			0.9933126301721416
5847.200000000001			0.9938039876467123
5848.1			0.990310237972024
5849.0			0.991278258642308
5849.9			0.9915236860654006
5850.8			0.9865581597314252
5851.700000000001			0.978267559273145
5852.6			0.967967089811074
5853.5			0.9652958249860706
5854.4			0.9720366502345865
5855.3			0.9749242070580693
5856.200000000001			0.9641000913018434
5857.1			0.9499810255206959
5858.0			0.9501618420093009
5858.9			0.9597720623022888
5859.8			0.969300201677738
5860.700000000001			0.9765103815988777
5861.6			0.9756230777055703
5862.5			0.9742865604567056
5863.4			0.982724677164841
5864.3			0.9939268287251727
5865.200000000001			0.9963229821518038
5866.1			0.9883867446410634
5867.0			0.9784946397733453
5867.9			0.9750151166526146
5868.8			0.9768206717672732
5869.700000000001			0.9776808989914267
5870.6			0.9806419611448177
5871.5			0.9869255232772147
5872.4			0.9905158386675174
5873.3			0.9901671034617672
5874.200000000001			0.9842627682120557
5875.1			0.9740494451614565
5876.0			0.9720944671799254
5876.9			0.97941238669386
5877.8			0.9821587555773111
5878.700000000001			0.9802496069799854
5879.6			0.9806115678694851
5880.5			0.9829837938918171
5881.4			0.9879650735086858
5882.3			0.9881131572244185
5883.200000000001			0.9802880936155798
5884.1			0.9759786754005806
5885.0			0.9765465800113227
5885.9			0.974858047403438
5886.8			0.9734077235504638
5887.700000000001			0.9642068673131228
5888.6			0.9260657110888194
5889.5			0.8808665157226595
5890.4			0.8821669477181854
5891.3			0.9297210561292566
5892.200000000001			0.9703543470079776
5893.1			0.9783973420254647
5894.0			0.9570989248829772
5894.9			0.9126470111387235
5895.8			0.8846571383874343
5896.700000000001			0.90431300655048
5897.6			0.9441998424814463
5898.5			0.967670568408897
5899.4			0.970842567223136
5900.3			0.9678484788935642
5901.200000000001			0.9695515705965915
5902.1			0.9764766019707403
5903.0			0.9806750282418767
5903.9			0.9819440965720132
5904.8			0.9809427335569061
5905.700000000001			0.9786356483621049
5906.6			0.9787934712506001
5907.5			0.9815673151519857
5908.4			0.9828517403079114
5909.3			0.9824315050693038
5910.200000000001			0.98334216753843
5911.1			0.9825908736654846
5912.0			0.9762156665656564
5912.9			0.9641028218621458
5913.8			0.9551342899655936
5914.700000000001			0.9614681608934317
5915.6			0.9762874391756823
5916.5			0.9886618644467857
5917.4			0.9915342934357301
5918.3			0.9853494957143824
5919.200000000001			0.981044592569128
5920.1			0.9837686150539501
5921.0			0.9886371534878239
5921.9			0.9898389098788769
5922.8			0.9854665106528092
5923.700000000001			0.9809926083072387
5924.6			0.9803500927007889
5925.5			0.9812345086678177
5926.4			0.9827094504484859
5927.3			0.9886841749062614
5928.200000000001			0.9909127128563509
5929.1			0.9836188849296031
5930.0			0.9818022169637194
5930.9			0.988283441617514
5931.8			0.9886684782961824
5932.700000000001			0.9820892852133679
5933.6			0.9784791455317863
5934.5			0.9849280487618841
5935.4			0.9935969601746524
5936.3			0.9945072802110259
5937.200000000001			0.9935969424389444
5938.1			0.995421590887913
5939.0			0.9946679151303067
5939.9			0.9896904248941163
5940.8			0.9846428236230249
5941.700000000001			0.9808031821847578
5942.6			0.9756697301165036
5943.5			0.9744891543087294
5944.4			0.9814922701956129
5945.3			0.989216318367572
5946.200000000001			0.9914839078138357
5947.1			0.987046622112496
5948.0			0.978181624029478
5948.9			0.9737570970957632
5949.8			0.9767301953567823
5950.700000000001			0.9799321638511863
5951.6			0.9825218065306724
5952.5			0.9892846390976489
5953.4			0.9957271452202571
5954.3			0.9931789372194805
5955.200000000001			0.987664643427882
5956.1			0.9843071708614899
5957.0			0.9806623621896025
5957.9			0.978280614950247
5958.8			0.9809664905897233
5959.700000000001			0.9871394022956702
5960.6			0.9937360172370507
5961.5			0.9960517496448236
5962.4			0.9906225174893776
5963.3			0.9873953878077543
5964.200000000001			0.9923918880349517
5965.1			0.9978795601367692
5966.0			0.9959973735690805
5966.9			0.9884331630111403
5967.8			0.9815700888240505
5968.700000000001			0.9809536949561011
5969.6			0.9858427829369429
5970.5			0.991388359966936
5971.4			0.9955305803690218
5972.3			0.9998180215400224
5973.200000000001			1.0040413791228366
5974.1			0.9993075610527051
5975.0			0.9872106994758177
5975.9			0.9785478315537566
5976.8			0.9758331975144221
5977.700000000001			0.977469560622822
5978.6			0.9819066253493053
5979.5			0.9866445607221783
5980.4			0.9898756720077918
5981.3			0.9908537510822492
5982.200000000001			0.9884267615671932
5983.1			0.9824313980587054
5984.0			0.9791728128483886
5984.9			0.983218790742158
5985.8			0.9887018688495796
5986.700000000001			0.9885081296192936
5987.6			0.9860701289956586
5988.5			0.9873454218316833
5989.4			0.9885279607071694
5990.3			0.985694403796145
5991.200000000001			0.9815155915973647
5992.1			0.9780315587599343
5993.0			0.9757435755173425
5993.9			0.9757131950875345
5994.8			0.9828796188686002
5995.700000000001			0.9920439363657224
5996.6			0.9866749429271651
5997.5			0.9732776634813153
5998.4			0.9738037590740659
5999.3			0.9849797481614848
6000.200000000001			0.988688255082313
6001.1			0.9835090156533639
6002.0			0.9770293577439426
6002.9			0.9704362196651296
6003.8			0.9693161884748789
6004.700000000001			0.975087549266656
6005.6			0.9790308189605318
6006.5			0.9734599021589768
6007.4			0.9630525493691048
6008.3			0.9599523791169765
6009.200000000001			0.9672211862380979
6010.1			0.976182604016324
6011.0			0.9787951373606117
6011.9			0.9732590114130338
6012.8			0.9677446591286442
6013.700000000001			0.9710304996349044
6014.6			0.9780632166610652
6015.5			0.9795012040801997
6016.4			0.9779284298288052
6017.3			0.9779703965060577
6018.200000000001			0.9746934784487811
6019.1			0.9650119056835587
6020.0			0.9608840623602628
6020.9			0.9652610287656805
6021.8			0.9663744723956093
6022.700000000001			0.9577057563047051
6023.6			0.9484237951339918
6024.5			0.9466812578857351
6025.4			0.947689975716015
6026.3			0.9494832489913966
6027.200000000001			0.9586390965127906
6028.1			0.9733511702774849
6029.0			0.9804210559633167
6029.9			0.9744366657956265
6030.8			0.966207682729903
6031.700000000001			0.9629215772817052
6032.6			0.9660836478201199
6033.5			0.9741837214908005
6034.4			0.9809903242666876
6035.3			0.9809393761875158
6036.200000000001			0.9774697307705499
6037.1			0.9798017620534023
6038.0			0.98718874808446
6038.9			0.9874160417044517
6039.8			0.9732399173584485
6040.700000000001			0.9568719905631327
6041.6			0.95199321131584
6042.5			0.958263878939229
6043.4			0.9672623891816756
6044.3			0.9726507536833381
6045.200000000001			0.9708087285697773
6046.1			0.9645795660766088
6047.0			0.9618001774953062
6047.9			0.9649875412310274
6048.8			0.9708159322507407
6049.700000000001			0.9742347241712621
6050.6			0.9733618452628002
6051.5			0.96811128483861
6052.4			0.9609832368208421
6053.3			0.9593809420262093
6054.200000000001			0.9616174839715641
6055.1			0.9608329502558175
6056.0			0.961712943488019
6056.9			0.9659037161308371
6057.8			0.9681619841104346
6058.700000000001			0.9675613487584217
6059.6			0.9673239505334265
6060.5			0.9645881892892175
6061.4			0.9597409435051533
6062.3			0.9623399275701281
6063.200000000001			0.9664587615665811
6064.1			0.9594912594234073
6065.0			0.9495886881484003
6065.9			0.9462071940851159
6066.8			0.9479291178854475
6067.700000000001			0.9539860826056571
6068.6			0.9616535958811631
6069.5			0.9637134164549649
6070.4			0.9586688542603065
6071.3			0.9525547251378386
6072.200000000001			0.9516545239920452
6073.1			0.955622095084383
6074.0			0.9586156357755355
6074.9			0.9582665437132702
6075.8			0.9572948955127516
6076.700000000001			0.9513858237766349
6077.6			0.9393191452383903
6078.5			0.9379245419021776
6079.4			0.9535759278501929
6080.3			0.9681777628027893
6081.200000000001			0.9689125390006718
6082.1			0.9603051059874614
6083.0			0.9532959580184686
6083.9			0.954141667859937
6084.8			0.9573982404819712
6085.700000000001			0.9582749113127165
6086.6			0.9569309915332233
6087.5			0.9565319115479729
6088.4			0.9589366333676798
6089.3			0.9606321103053702
6090.200000000001			0.960912152476229
6091.1			0.9614827737900586
6092.0			0.9614967506346557
6092.9			0.9570557831115893
6093.8			0.953549019609105
6094.700000000001			0.9574883531626823
6095.6			0.9619809638349652
6096.5			0.961053464289754
6097.4			0.9595591747218946
6098.3			0.9622452495142488
6099.200000000001			0.9655112305310233
6100.1			0.9619185320059749
6101.0			0.9446757284557686
6101.9			0.9194426632514666
6102.8			0.912325773321727
6103.700000000001			0.9308468509951967
6104.6			0.952495195286366
6105.5			0.9613530266656614
6106.4			0.9619557191709568
6107.3			0.9609483192503764
6108.200000000001			0.9599722377490695
6109.1			0.9617728369128223
6110.0			0.967246940173578
6110.9			0.9715095305162251
6111.8			0.9666026055430333
6112.700000000001			0.955268057702551
6113.6			0.9518268429439393
6114.5			0.9601892816968884
6115.4			0.9687173606059134
6116.3			0.9717961127501592
6117.200000000001			0.9712862590478112
6118.1			0.9679255009599482
6119.0			0.9661059332880693
6119.9			0.9632565415070106
6120.8			0.9484581511513326
6121.700000000001			0.9283301439394419
6122.6			0.9273743902134354
6123.5			0.946098644123966
6124.4			0.959956445812295
6125.3			0.9645355312907877
6126.200000000001			0.9680589870900904
6127.1			0.9692699119191802
6128.0			0.9676995118625559
6128.9			0.9653018245597562
6129.8			0.9608739446432804
6130.700000000001			0.9583407835149916
6131.6			0.9612430569403276
6132.5			0.9668869652923063
6133.4			0.9724015812952825
6134.3			0.9693206115722545
6135.200000000001			0.9540002982390984
6136.1			0.936563279244427
6137.0			0.930237389997641
6137.9			0.9381075736570068
6138.8			0.9551356232951099
6139.700000000001			0.9605514099201795
6140.6			0.9403603525514357
6141.5			0.9233902455491532
6142.4			0.9339561602932854
6143.3			0.9555120094182797
6144.200000000001			0.9683600404575743
6145.1			0.9721623509862771
6146.0			0.967332513299561
6146.9			0.955127606497934
6147.8			0.9457976959260647
6148.700000000001			0.9457103265129126
6149.6			0.9515113871275523
6150.5			0.9570442089695771
6151.4			0.9651394533492005
6152.3			0.9752636309127216
6153.200000000001			0.9773938839741074
6154.1			0.9675672001733051
6155.0			0.9577079732048674
6155.9			0.9567045529255204
6156.8			0.9620551745381761
6157.700000000001			0.9653399870681328
6158.6			0.9622907986125635
6159.5			0.9572797372807972
6160.4			0.947388252002997
6161.3			0.9320340675167254
6162.200000000001			0.9242700635598319
6163.1			0.9351104370810439
6164.0			0.950818758207768
6164.9			0.9533254431499315
6165.8			0.9538873685946092
6166.700000000001			0.9617205272727903
6167.6			0.9612955643313669
6168.5			0.9458782545009708
6169.4			0.9354544533943081
6170.3			0.9447791886558408
6171.200000000001			0.9601831805815272
6172.1			0.9680772297841206
6173.0			0.971291828507632
6173.9			0.9718294942572241
6174.8			0.9710507030933844
6175.700000000001			0.9676086481887055
6176.6			0.9617245036276281
6177.5			0.9619180113627427
6178.4			0.9689916470669709
6179.3			0.971855986175303
6180.200000000001			0.9688303850455897
6181.1			0.967093613934733
6182.0			0.9687574071202615
6182.9			0.9711152612713737
6183.8			0.9750346178132396
6184.700000000001			0.9759918063934241
6185.6			0.9738799194702346
6186.5			0.9750162734795405
6187.4			0.9790499434571381
6188.3			0.9812683575037935
6189.200000000001			0.9765247222677136
6190.1			0.9615854571558503
6191.0			0.9453437266990179
6191.9			0.943227963002408
6192.8			0.9557329651181418
6193.700000000001			0.9656767082626404
6194.6			0.9652226149673496
6195.5			0.9661980042445262
6196.4			0.9732479834507263
6197.3			0.9781961788400805
6198.200000000001			0.9767243388117217
6199.1			0.9742006017422297
6200.0			0.9771951630605343
6200.9			0.9817658005730505
6201.8			0.9834985326351213
6202.700000000001			0.9868905086885963
6203.6			0.9910032829693128
6204.5			0.9901207126133293
6205.4			0.9841518575297352
6206.3			0.9791577463480049
6207.200000000001			0.977216805686271
6208.1			0.9770705613156135
6209.0			0.9758353027837932
6209.9			0.9753224007435366
6210.8			0.9773391091889292
6211.700000000001			0.9760572439623764
6212.6			0.9694679310654271
6213.5			0.9613866022180461
6214.4			0.9566602203284592
6215.3			0.9586925201350718
6216.200000000001			0.9628869228455923
6217.1			0.9674052906791515
6218.0			0.9714282524510498
6218.9			0.970302788275786
6219.8			0.9652902756009522
6220.700000000001			0.9653503434492792
6221.6			0.9721873168804868
6222.5			0.9778852963895683
6223.4			0.9775518804256944
6224.3			0.9770654322049058
6225.200000000001			0.9775098482363712
6226.1			0.9749967320689886
6227.0			0.9703491950571326
6227.9			0.9621214283870317
6228.8			0.948470771627358
6229.700000000001			0.9360515811275437
6230.6			0.9341871778824254
6231.5			0.9427449731555537
6232.4			0.951135698768122
6233.3			0.9589800707686617
6234.200000000001			0.9665678477477858
6235.1			0.9729808558209129
6236.0			0.977829276659204
6236.9			0.9721940368665825
6237.8			0.9585126377922997
6238.700000000001			0.9519132437324226
6239.6			0.9578202325717203
6240.5			0.9658316875767365
6241.4			0.9659445534792662
6242.3			0.963878233236933
6243.200000000001			0.9641872707686027
6244.1			0.9613238901616524
6245.0			0.951972011839073
6245.9			0.9389637919359136
6246.8			0.9304449394005159
6247.700000000001			0.9368198611016946
6248.6			0.9539382797432008
6249.5			0.9673429661701369
6250.4			0.9696444634242428
6251.3			0.9590327785123287
6252.200000000001			0.941628507437389
6253.1			0.9294100090017096
6254.0			0.9330322556224143
6254.9			0.9477790048610765
6255.8			0.9615935261567085
6256.700000000001			0.9648961291253677
6257.6			0.9614456535763284
6258.5			0.9612554087410465
6259.4			0.9640561057409539
6260.3			0.9624967619506287
6261.200000000001			0.9577478608985959
6262.1			0.9603831706508492
6263.0			0.9654183307510426
6263.9			0.9584024460904403
6264.8			0.9473312553478294
6265.700000000001			0.947935711425515
6266.6			0.9554651041731599
6267.5			0.9619097191460244
6268.4			0.9648990636338485
6269.3			0.9644311427473976
6270.200000000001			0.9646029282722647
6271.1			0.9636263661442631
6272.0			0.9620589299638505
6272.9			0.9613180639131296
6273.8			0.9615834196183184
6274.700000000001			0.9598534306719104
6275.6			0.9568074968584876
6276.5			0.9545010647986673
6277.4			0.9498599091071813
6278.3			0.9477676741451142
6279.200000000001			0.9504485421553699
6280.1			0.9548104350803853
6281.0			0.9593909755607718
6281.9			0.9605457376924124
6282.8			0.9637405954181903
6283.700000000001			0.970399281297313
6284.6			0.9708964133570649
6285.5			0.9685173683434198
6286.4			0.9689165447472539
6287.3			0.9685919412215815
6288.200000000001			0.9686576289726648
6289.1			0.964514308281612
6290.0			0.9556503207951947
6290.9			0.9497263463933855
6291.8			0.9529093559876035
6292.700000000001			0.9635562499511472
6293.6			0.9716384400579721
6294.5			0.97648786360084
6295.4			0.9805196542326735
6296.3			0.9803545192628249
6297.200000000001			0.9740168214148981
6298.1			0.9643089720997358
6299.0			0.9606011271632285
6299.9			0.9584560537932673
6300.8			0.9511765792668712
6301.700000000001			0.9478506836352244
6302.6			0.9527185695910111
6303.5			0.9584027805609644
6304.4			0.9643162875450616
6305.3			0.9727656061730097
6306.200000000001			0.9760984104168015
6307.1			0.9732361974093622
6308.0			0.9685369447846657
6308.9			0.9649503923511847
6309.8			0.9647414377183511
6310.700000000001			0.9686608118585738
6311.6			0.9726991615298995
6312.5			0.9753037315192226
6313.4			0.976316843498517
6314.3			0.9697145615467844
6315.200000000001			0.9605663259785493
6316.1			0.9570785713668762
6317.0			0.9537769710909352
6317.9			0.949900426409288
6318.8			0.9544320311031443
6319.700000000001			0.9625679532721404
6320.6			0.9694878936435823
6321.5			0.9759723329471395
6322.4			0.9795496268472843
6323.3			0.979000690185447
6324.200000000001			0.9742356198432139
6325.1			0.9736343601673167
6326.0			0.97265193127811
6326.9			0.9638680695647722
6327.8			0.9617430625291654
6328.700000000001			0.9663941677688107
6329.6			0.9679299858719786
6330.5			0.9649772088695042
6331.4			0.9639828752301663
6332.3			0.9678823531770452
6333.200000000001			0.9715572890690499
6334.1			0.968108924741766
6335.0			0.9560416157359609
6335.9			0.9469036866818368
6336.8			0.9470107541618313
6337.700000000001			0.9513107796719696
6338.6			0.9557672602045946
6339.5			0.963207988412542
6340.4			0.9677613212208455
6341.3			0.9694504226103139
6342.200000000001			0.9679623278841966
6343.1			0.9600123953983903
6344.0			0.9559244746927298
6344.9			0.9517067110698113
6345.8			0.9341786816661017
6346.700000000001			0.917528860397607
6347.6			0.9267857378494699
6348.5			0.9556764770689192
6349.4			0.9743436558516385
6350.3			0.9747930231373834
6351.200000000001			0.9687056489546705
6352.1			0.9647392815715886
6353.0			0.962869333496242
6353.9			0.958845313976308
6354.8			0.9531367708698243
6355.700000000001			0.948646060194934
6356.6			0.9488805491556792
6357.5			0.9507266344003864
6358.4			0.9482844847199801
6359.3			0.9447831825138592
6360.200000000001			0.9459115087920125
6361.1			0.9451363059066645
6362.0			0.9420865981945452
6362.9			0.9435621796378995
6363.8			0.9456217034624042
6364.700000000001			0.9468937400738033
6365.6			0.9527130264649446
6366.5			0.9585770210878052
6367.4			0.956713141092642
6368.3			0.9554394255510771
6369.200000000001			0.953354727293168
6370.1			0.941085790959721
6371.0			0.9308712069034418
6371.9			0.9315368700709663
6372.8			0.9404956391337288
6373.700000000001			0.9528469742423339
6374.6			0.960138868462137
6375.5			0.9595713273588294
6376.4			0.9552719390189277
6377.3			0.9504944789522924
6378.200000000001			0.9470773007300981
6379.1			0.940671692741368
6380.0			0.935710213263523
6380.9			0.9388834028591192
6381.8			0.9463027972229905
6382.700000000001			0.9507823314817491
6383.6			0.949494721401676
6384.5			0.9498489034789563
6385.4			0.9545607400002664
6386.3			0.9581217778304504
6387.200000000001			0.9560362628686002
6388.1			0.9541365670866799
6389.0			0.9579847580319698
6389.9			0.9618091855367146
6390.8			0.9626235390559235
6391.700000000001			0.9546105027530118
6392.6			0.9403044683508388
6393.5			0.9371252397337297
6394.4			0.946029744823708
6395.3			0.9560621189491392
6396.200000000001			0.9588416293632496
6397.1			0.9560757686978657
6398.0			0.9497967455553451
6398.9			0.9364370110639096
6399.8			0.9260178266416504
6400.700000000001			0.9358420196115442
6401.6			0.9554353760730706
6402.5			0.9624855732328637
6403.4			0.9594177581092516
6404.3			0.9576035002804952
6405.200000000001			0.9554227863052853
6406.1			0.9485276849057771
6407.0			0.9376919737009004
6407.9			0.930778187044673
6408.8			0.9379741928235814
6409.700000000001			0.9488649716780926
6410.6			0.9465497677084749
6411.5			0.9379973558557221
6412.4			0.9396753248702667
6413.3			0.9495616994034247
6414.200000000001			0.9528095346843878
6415.1			0.9475383799987406
6416.0			0.9429797126865648
6416.9			0.9446008870936717
6417.8			0.9511974900863305
6418.700000000001			0.9504264477914791
6419.6			0.9371868734296777
6420.5			0.9261396016358633
6421.4			0.9292798882001579
6422.3			0.9417325043815993
6423.200000000001			0.952003066169945
6424.1			0.9549073153817581
6425.0			0.9528494701762129
6425.9			0.9525606333326203
6426.8			0.9554408695610137
6427.700000000001			0.9564714998316949
6428.6			0.9531974797378175
6429.5			0.9454678574484594
6430.4			0.9409827102437003
6431.3			0.9405093584133157
6432.200000000001			0.9378610241504253
6433.1			0.9361903476306311
6434.0			0.9432173599308968
6434.9			0.9518047475557913
6435.8			0.9524274102732901
6436.700000000001			0.9411965518375298
6437.6			0.9205648308330826
6438.5			0.9029044528305838
6439.4			0.9052136739426684
6440.3			0.9237264936416727
6441.200000000001			0.9393597198101399
6442.1			0.9461714937907539
6443.0			0.9493310161949873
6443.9			0.9494979547074336
6444.8			0.9446885731715658
6445.700000000001			0.9421943308459154
6446.6			0.9441644084778901
6447.5			0.9437199656329189
6448.4			0.9317531246572217
6449.3			0.9157733139363645
6450.200000000001			0.9165792960066308
6451.1			0.9348006758536052
6452.0			0.9499855127491854
6452.9			0.9493261895448635
6453.8			0.9385739954259134
6454.700000000001			0.921133610181604
6455.6			0.8986337296920424
6456.5			0.8915582332809542
6457.4			0.9063482299878874
6458.3			0.9263996053429521
6459.200000000001			0.9345240920500658
6460.1			0.9315558247266086
6461.0			0.9213205970670048
6461.9			0.909402024481831
6462.8			0.907060857170292
6463.700000000001			0.9162913756239046
6464.6			0.932166595990312
6465.5			0.9457173682131452
6466.4			0.9485278234936068
6467.3			0.942182848842912
6468.200000000001			0.9343165812212709
6469.1			0.9284566200638393
6470.0			0.9217261194714292
6470.9			0.9180921690329018
6471.8			0.9252713735407293
6472.700000000001			0.9375466425580171
6473.6			0.939429387772836
6474.5			0.9304963896284116
6475.4			0.92271610385227
6476.3			0.9247855619241258
6477.200000000001			0.9334270900001957
6478.1			0.9389128151360616
6479.0			0.9356428878046751
6479.9			0.9282926888256195
6480.8			0.9277073333970638
6481.700000000001			0.9329284266240351
6482.6			0.9380609745189247
6483.5			0.9394201274573679
6484.4			0.9368275609788115
6485.3			0.9340366888096425
6486.200000000001			0.9300209854300041
6487.1			0.9294835810939979
6488.0			0.9345985529630811
6488.9			0.9370679979616001
6489.8			0.926378904514303
6490.700000000001			0.9109905569640473
6491.6			0.9052464688522885
6492.5			0.9016157360999637
6493.4			0.8845387549058588
6494.3			0.8637669384139952
6495.200000000001			0.8541972371472596
6496.1			0.8582724963662928
6497.0			0.8758020983030872
6497.9			0.8985917758924377
6498.8			0.9139976511417991
6499.700000000001			0.9200664631546338
6500.6			0.9223214517208657
6501.5			0.9250367090900601
6502.4			0.9271084622757763
6503.3			0.9287145758254108
6504.200000000001			0.9303641064851681
6505.1			0.9297116181473468
6506.0			0.9270747442295746
6506.9			0.9250713004957951
6507.8			0.9263433211000957
6508.700000000001			0.9265238074006666
6509.6			0.9242616311655337
6510.5			0.9196880553104398
6511.4			0.9164865629224402
6512.3			0.9192061884346396
6513.200000000001			0.9210466596916169
6514.1			0.9139607813403566
6515.0			0.901441345749779
6515.9			0.8931282663949562
6516.8			0.895260824169572
6517.700000000001			0.9014762159480589
6518.6			0.9032960039045712
6519.5			0.9041584039235679
6520.4			0.9065083444092205
6521.3			0.9097746228610254
6522.200000000001			0.9094508973452725
6523.1			0.903835043981804
6524.0			0.9019940569213826
6524.9			0.9043218075729321
6525.8			0.9043285595578132
6526.700000000001			0.9031211635523625
6527.6			0.9048079083935991
6528.5			0.9070699538500357
6529.4			0.9051971401305863
6530.3			0.9055656889795715
6531.200000000001			0.9060268638027414
6532.1			0.8983829677316997
6533.0			0.8914204142802207
6533.9			0.8948692326862692
6534.8			0.9023040193787085
6535.700000000001			0.9035260111793746
6536.6			0.9005594765998123
6537.5			0.8982406672988416
6538.4			0.8974149059967054
6539.3			0.8947777416263946
6540.200000000001			0.893146994950212
6541.1			0.8938281713486546
6542.0			0.889812279864157
6542.9			0.8795293214668614
6543.8			0.8710001817118973
6544.700000000001			0.8638759528332598
6545.6			0.8524677270076848
6546.5			0.8440503251898687
6547.4			0.8430359089611943
6548.3			0.8447382489151043
6549.200000000001			0.8452838083191588
6550.1			0.8433282737092193
6551.0			0.8364811068874026
6551.9			0.8198782069410858
6552.8			0.7991111030840659
6553.700000000001			0.7876560262419935
6554.6			0.785549663893643
6555.5			0.7798931705258279
6556.4			0.7671519099985342
6557.3			0.7513601987139944
6558.200000000001			0.7311515162242878
6559.1			0.7033788405217349
6560.0			0.6574977247500833
6560.9			0.5767385263950193
6561.8			0.4757025780540904
6562.700000000001			0.42193661357526746
6563.6			0.4607332849993613
6564.5			0.5579324676846246
6565.4			0.6482448561799122
6566.3			0.70362347423438
6567.200000000001			0.7307833990217402
6568.1			0.7417424306749598
6569.0			0.7533604291845589
6569.9			0.7719445504622193
6570.8			0.7921494599198144
6571.700000000001			0.8079723474294022
6572.6			0.8187146367175505
6573.5			0.8266431159310771
6574.4			0.8284442553429484
6575.3			0.8334577572496998
6576.200000000001			0.8513751171519391
6577.1			0.8705973042716517
6578.0			0.8780544346104195
6578.9			0.8776038219288489
6579.8			0.8758561506767888
6580.700000000001			0.8770873025556679
6581.6			0.8809924443648859
6582.5			0.8798659838639448
6583.4			0.8835459602749355
6584.3			0.8967709736428947
6585.200000000001			0.9074970061455672
6586.1			0.9056299530216412
6587.0			0.8983078874116257
6587.9			0.8945201468869247
6588.8			0.8987960187218447
6589.700000000001			0.9077995801893755
6590.6			0.9133953725173778
6591.5			0.9097658040615729
6592.4			0.8977249133851899
6593.3			0.8912280880153288
6594.200000000001			0.8974997301480713
6595.1			0.9086700723822618
6596.0			0.9176983115463985
6596.9			0.9201589445983726
6597.8			0.9199040858988998
6598.700000000001			0.9223670371514553
6599.6			0.925476376915015
6600.5			0.9226765345012663
6601.4			0.9149495700527035
6602.3			0.9129426940132812
6603.200000000001			0.91576688244444
6604.1			0.9192531130135496
6605.0			0.9261843514834609
6605.9			0.9319363842364877
6606.8			0.9294491027007332
6607.700000000001			0.9230392831386638
6608.6			0.921617988832437
6609.5			0.9251976089251349
6610.4			0.9276475418720079
6611.3			0.9277102147557894
6612.200000000001			0.9242844393722309
6613.1			0.9195493004676885
6614.0			0.9205309758896786
6614.9			0.9220278612062179
6615.8			0.9224681332402532
6616.700000000001			0.9268644853114556
6617.6			0.9322243852940421
6618.5			0.9353603782199791
6619.4			0.9360382634493886
6620.3			0.9368383314362374
6621.200000000001			0.9375112390860784
6622.1			0.9364659300359548
6623.0			0.9323473069469296
6623.9			0.9263131394061017
6624.8			0.9244325130181482
6625.700000000001			0.927540971124575
6626.6			0.9315865924176818
6627.5			0.9316686203077899
6628.4			0.9287544651708771
6629.3			0.9273879687365111
6630.200000000001			0.9244452146647076
6631.1			0.919337910264792
6632.0			0.916414730521876
6632.9			0.9129395570100689
6633.8			0.9103811819347727
6634.700000000001			0.9129507120707364
6635.6			0.9125531292760419
6636.5			0.9119029476933326
6637.4			0.9136376242443554
6638.3			0.917341633848975
6639.200000000001			0.9220185527564073
6640.1			0.9223801410747615
6641.0			0.9196961979347145
6641.9			0.9171849166411185
6642.8			0.9144619453930677
6643.700000000001			0.9145165489112732
6644.6			0.9226241811135698
6645.5			0.930009936130522
6646.4			0.9297671353229406
6647.3			0.9281616545903651
6648.200000000001			0.9264017457364044
6649.1			0.9238083983999894
6650.0			0.9231968078113644
6650.9			0.9205227227256209
6651.8			0.9153532428287355
6652.700000000001			0.9147174966161532
6653.6			0.9202573348009495
6654.5			0.9267251969721108
6655.4			0.9304871528867668
6656.3			0.9300867028214078
6657.200000000001			0.9290683086629498
6658.1			0.9335780367882418
6659.0			0.93929452913507
6659.9			0.9379693528301097
6660.8			0.9318624924850735
6661.700000000001			0.9222857789697771
6662.6			0.9156471348514033
6663.5			0.9170720276218488
6664.4			0.9213236706071575
6665.3			0.9280260539996927
6666.200000000001			0.9332800710590002
6667.1			0.9351715018025083
6668.0			0.9346008860670637
6668.9			0.9356459238285865
6669.8			0.9336106284282322
6670.700000000001			0.9242740289678618
6671.6			0.9188560077003419
6672.5			0.923322818709834
6673.4			0.9295742576564144
6674.3			0.9340743347362616
6675.200000000001			0.938296539304941
6676.1			0.9371257052683662
6677.0			0.9275021859142023
6677.9			0.9137585360773581
6678.8			0.9068418628571608
6679.700000000001			0.9088607011340345
6680.6			0.913221575941167
6681.5			0.919728640718238
6682.4			0.924140695938246
6683.3			0.9243769270961978
6684.200000000001			0.9264708047045329
6685.1			0.9304444451668046
6686.0			0.9316407455372859
6686.9			0.9331469429972322
6687.8			0.9390325310064288
6688.700000000001			0.9431586634859346
6689.6			0.9409177896142376
6690.5			0.9351545041969889
6691.4			0.9304881463756524
6692.3			0.9298652242858907
6693.200000000001			0.9308408483709208
6694.1			0.931942894688265
6695.0			0.9333122120408179
6695.9			0.9362167599552439
6696.8			0.9364288136116042
6697.700000000001			0.934411359319198
6698.6			0.9321071987788018
6699.5			0.9315103264574637
6700.4			0.9347650491441557
6701.3			0.9381543523235139
6702.200000000001			0.9408890578895578
6703.1			0.9434564747294077
6704.0			0.9452989629615981
6704.9			0.9416104328089452
6705.8			0.9330560731947117
6706.700000000001			0.9248420783020358
6707.6			0.9211315554725059
6708.5			0.9238976467641903
6709.4			0.9283016901625529
6710.3			0.92983344917587
6711.200000000001			0.9302814271053602
6712.1			0.9333574715781543
6713.0			0.9324029408399739
6713.9			0.9287374611353458
6714.8			0.9266697785341411
6715.700000000001			0.9208493123213716
6716.6			0.913267054148626
6717.5			0.9099107615892842
6718.4			0.9126920531708572
6719.3			0.9201291587603212
6720.200000000001			0.9292321718162809
6721.1			0.933595611042162
6722.0			0.9310770552871958
6722.9			0.9262845078014762
6723.8			0.9259844018852764
6724.700000000001			0.9265837413785777
6725.6			0.9244731093378235
6726.5			0.9276908741395616
6727.4			0.9327420339350335
6728.3			0.9358646220985838
6729.200000000001			0.9416855660503983
6730.1			0.9446857361207661
6731.0			0.942452536054457
6731.9			0.9363413555120533
6732.8			0.9288734350191271
6733.700000000001			0.9245833217552244
6734.6			0.9273068648372078
6735.5			0.9284843815077293
6736.4			0.9254403332469736
6737.3			0.9280015869922272
6738.200000000001			0.9307620641715532
6739.1			0.9266379917081072
6740.0			0.9253417145868581
6740.9			0.929124712219844
6741.8			0.9282075883643737
6742.700000000001			0.9242430677781447
6743.6			0.9228342232840023
6744.5			0.9244506015889745
6745.4			0.9279834877391312
6746.3			0.9310199536171373
6747.200000000001			0.9279557113929572
6748.1			0.9188962052769821
6749.0			0.9129154099063486
6749.9			0.9166922629841692
6750.8			0.9259652638457102
6751.700000000001			0.9329792642307807
6752.6			0.9357027037865177
6753.5			0.9365226431739191
6754.4			0.9366797618835567
6755.3			0.9387780161429254
6756.200000000001			0.9380181745944945
6757.1			0.9325568103206519
6758.0			0.9280874854004131
6758.9			0.9291750219029038
6759.8			0.9334982702273111
6760.700000000001			0.9372748396683731
6761.6			0.940571902864857
6762.5			0.9408703990196847
6763.4			0.9362357822413453
6764.3			0.9289834481994957
6765.200000000001			0.9273948352833763
6766.1			0.9273120737153051
6767.0			0.9232134465774267
6767.9			0.9197941737161308
6768.8			0.9204725769114067
6769.700000000001			0.9245322847589588
6770.6			0.9289467941094453
6771.5			0.9301173973519733
6772.4			0.9301070918519349
6773.3			0.9316803093807734
6774.200000000001			0.9316645576791674
6775.1			0.9286765331582898
6776.0			0.9286825206073179
6776.9			0.9323119222455594
6777.8			0.936983937012727
6778.700000000001			0.9380056793623363
6779.6			0.9358115865126545
6780.5			0.9348832237720384
6781.4			0.936115949414122
6782.3			0.9358556210354579
6783.200000000001			0.9317217781127811
6784.1			0.9301657989653254
6785.0			0.9301430281435046
6785.9			0.9291610853615684
6786.8			0.9284485829077653
6787.700000000001			0.9307689900759487
6788.6			0.9385413754898433
6789.5			0.9480389100139325
6790.4			0.9495758787262238
6791.3			0.9418986702446875
6792.200000000001			0.9345679403546421
6793.1			0.9322272567642216
6794.0			0.9288943658130312
6794.9			0.9235312784722848
6795.8			0.9247805548162047
6796.700000000001			0.9304838062922597
6797.6			0.9354964706299066
6798.5			0.9413588870827766
6799.4			0.9419661839123185
6800.3			0.9342725548915809
6801.200000000001			0.9244504787859283
6802.1			0.9222432056582586
6803.0			0.931661197747361
6803.9			0.9435513301468942
6804.8			0.9487728058041185
6805.700000000001			0.9451141377122187
6806.6			0.9380938821368637
6807.5			0.9341985543312464
6808.4			0.9337936603512167
6809.3			0.9316601760753376
6810.200000000001			0.9265658116914228
6811.1			0.9258995487529189
6812.0			0.9293061929803209
6812.9			0.9302319894938794
6813.8			0.9277985787309535
6814.700000000001			0.927394197265974
6815.6			0.9270436782069446
6816.5			0.9250478403115029
6817.4			0.9230607110706105
6818.3			0.9249909949768503
6819.200000000001			0.9282007408089028
6820.1			0.9263533515437327
6821.0			0.9221565087323085
6821.9			0.9235153040264487
6822.8			0.9311927893536908
6823.700000000001			0.9350170868212389
6824.6			0.9314834889448208
6825.5			0.9243921335322145
6826.4			0.9172057125787445
6827.3			0.9118849941859809
6828.200000000001			0.908195674822317
6829.1			0.9126384294366112
6830.0			0.9235530833327491
6830.9			0.9308912144610039
6831.8			0.9315419579112737
6832.700000000001			0.9332679178977958
6833.6			0.9374538334757112
6834.5			0.9388486401043169
6835.4			0.9359185746154574
6836.3			0.9267425714396569
6837.200000000001			0.9180655837837601
6838.1			0.9150557666897644
6839.0			0.9131298340289628
6839.9			0.908834524565275
6840.8			0.9081401327344151
6841.700000000001			0.9152162394295885
6842.6			0.9240738156684898
6843.5			0.9276475201610727
6844.4			0.926348035548662
6845.3			0.9278204093677865
6846.200000000001			0.9332415149937412
6847.1			0.9374081387059024
6848.0			0.9360967121635915
6848.9			0.9273934400024596
6849.8			0.9223646265524484
6850.700000000001			0.9230804925080824
6851.6			0.9237066894425728
6852.5			0.9270877467540832
6853.4			0.9352746351312732
6854.3			0.9397947483735025
6855.200000000001			0.9354281969474711
6856.1			0.9323589705328166
6857.0			0.9337196647369945
6857.9			0.9378289867520455
6858.8			0.9400650600766639
6859.700000000001			0.9366580252645932
6860.6			0.9320682778393767
6861.5			0.9316612843026796
6862.4			0.9343350879143836
6863.3			0.9391537782947942
6864.200000000001			0.9408816375858158
6865.1			0.9357246798254163
6866.0			0.9324724304155534
6866.9			0.9396599124929386
6867.8			0.9497147789576866
6868.700000000001			0.943113861794817
6869.6			0.933391549182687
6870.5			0.9371668865656799
6871.4			0.9386332322541755
6872.3			0.9318029457061623
6873.200000000001			0.9215511261972511
6874.1			0.9185974390889924
6875.0			0.9265980699401273
6875.9			0.9348300810329973
6876.8			0.938138579339599
6877.700000000001			0.9387293019015506
6878.6			0.9392821489631439
6879.5			0.9400611794605345
6880.4			0.9383920147960576
6881.3			0.9367234221871914
6882.200000000001			0.9388984078966061
6883.1			0.9382753079660449
6884.0			0.9404900106630868
6884.9			0.9404391639764844
6885.8			0.9302024317608599
6886.700000000001			0.9300855037341114
6887.6			0.9407736245351281
6888.5			0.9474256402707744
6889.4			0.9428850633112972
6890.3			0.9394653505526341
6891.200000000001			0.9446679467876576
6892.1			0.9447814717499068
6893.0			0.9383622171172749
6893.9			0.9326663775653865
6894.8			0.9306088775657009
6895.700000000001			0.9301429593096235
6896.6			0.9287647535638058
6897.5			0.9303409074670624
6898.4			0.9368123443988141
6899.3			0.9419124862194942
6900.200000000001			0.9430550152799672
6901.1			0.9439293520363492
6902.0			0.9457497884055149
6902.9			0.9496256144307111
6903.8			0.9487204779133607
6904.700000000001			1.0
6905.6			0.9982088738569815
6906.5			0.9991275290925546
6907.4			0.9994493482366165
6908.3			0.998165151662788
6909.200000000001			1.000096201443312
6910.1			1.0087869620930225
6911.0			1.0113909229861728
6911.9			1.0055456963802918
6912.8			1.0016167858299738
6913.700000000001			0.998607035751285
6914.6			0.996246309208782
6915.5			0.9931335651683982
6916.4			0.996125169215074
6917.3			1.007476062862299
6918.200000000001			1.0104989254011814
6919.1			1.0068046693703092
6920.0			1.0075667247898428
6920.9			1.008765993646188
6921.8			1.0098893730957714
6922.700000000001			1.01013342643871
6923.6			1.0078533353578718
6924.5			1.0043759836763848
6925.4			1.0048859327476987
6926.3			1.0055772767337956
6927.200000000001			1.0054491681367421
6928.1			1.0058711153019706
6929.0			1.0042130318733669
6929.9			1.0015235197441918
6930.8			1.0034006024211637
6931.700000000001			1.0102785681009647
6932.6			1.011587764484911
6933.5			1.0050627770485863
6934.4			0.9959160714440667
6935.3			0.9923871717159186
6936.200000000001			0.9929904091945866
6937.1			0.9944315588299557
6938.0			0.997836725588688
6938.9			0.9976504759138889
6939.8			0.9951533502318692
6940.700000000001			0.9974473633945966
6941.6			1.0014635187793972
6942.5			1.000844858322711
6943.4			0.9965122209862365
6944.3			0.9941674574213133
6945.200000000001			1.000585047081918
6946.1			1.0070480365548176
6947.0			1.004694562274203
6947.9			1.0000299109451647
6948.8			1.0000148290387985
6949.700000000001			1.0038671237325643
6950.6			1.0024938905820446
6951.5			0.9929207141259135
6952.4			0.9819852473803246
6953.3			0.9819156360214638
6954.200000000001			0.9946548954681945
6955.1			1.0025915151216636
6956.0			1.0000155131780446
6956.9			0.9903152276962162
6957.8			0.9816919032076178
6958.700000000001			0.9807365558075648
6959.6			0.9826033757976009
6960.5			0.9856359660607635
6961.4			0.991995676325294
6962.3			1.0007840144723779
6963.200000000001			1.0045385690058704
6964.1			1.0043829288306798
6965.0			1.0056252244263932
6965.9			1.0077197615323965
6966.8			1.0097412933887921
6967.700000000001			1.0080933243564538
6968.6			1.0039687467429306
6969.5			1.0021818852031876
6970.4			0.9989251772901461
6971.3			0.9948907108126991
6972.200000000001			0.9919455214277171
6973.1			0.9901366154480674
6974.0			0.9913910242994939
6974.9			0.9918805503989179
6975.8			0.9879734868675062
6976.700000000001			0.9827113076208942
6977.6			0.980190208599012
6978.5			0.9794096736230431
6979.4			0.9775975919577904
6980.3			0.9800306622803818
6981.200000000001			0.9845139600148332
6982.1			0.9915712885759231
6983.0			1.000619526543978
6983.9			1.0017293809211671
6984.8			0.9955080086803471
6985.700000000001			0.9869910592716388
6986.6			0.9873167640211388
6987.5			0.9956619707959184
6988.4			1.0036021990171846
6989.3			1.004016677291379
6990.200000000001			0.9984608619929312
6991.1			0.996966721968606
6992.0			0.9983834256689739
6992.9			0.9994346254079104
6993.8			1.0007188651936383
6994.700000000001			1.001722892158868
6995.6			1.0010514648739324
6996.5			0.9980131448823159
6997.4			0.992339909464817
6998.3			0.9845447151634539
6999.200000000001			0.9840583850725805
7000.1			0.9945052313628044
7001.0			1.0041119495386253
7001.9			0.9998932824603214
7002.8			0.9888582237543649
7003.700000000001			0.9814404367940295
7004.6			0.9783400156036077
7005.5			0.982776630488012
7006.4			0.9906218233401402
7007.3			0.995743647909333
7008.200000000001			0.9926765283415256
7009.1			0.9847197073668712
7010.0			0.9834323283107127
7010.9			0.9872455940331006
7011.8			0.9904165496211459
7012.700000000001			0.9953896816139949
7013.6			1.004262917720752
7014.5			1.0045991202053515
7015.4			0.9942375182112019
7016.3			0.9874955841256741
7017.200000000001			0.9894219520739538
7018.1			0.9965495003973976
7019.0			1.003813562141829
7019.9			1.001798299041298
7020.8			0.9921436523855164
7021.700000000001			0.9868080548844526
7022.6			0.9868532444320941
7023.5			0.9847110926296119
7024.4			0.9856617496644
7025.3			0.9957377447082055
7026.200000000001			1.0030547303163067
7027.1			1.0034593160539715
7028.0			1.0077312803160983
7028.9			1.0084630621215789
7029.8			1.0003142515175887
7030.700000000001			0.9929937657533222
7031.6			0.9919692789026261
7032.5			0.9986660956747291
7033.4			1.0052815470935859
7034.3			1.0024074456003254
7035.200000000001			0.9940452008875597
7036.1			0.9887688067062773
7037.0			0.9905761128107831
7037.9			1.0023452324988684
7038.8			1.0157318695933117
7039.700000000001			1.0153679172207568
7040.6			1.007468189823793
7041.5			1.0106432344588077
7042.4			1.0206815223691907
7043.3			1.0241459079355366
7044.200000000001			1.0193134931513457
7045.1			1.012695218228936
7046.0			1.0072656141308924
7046.9			1.011161464294934
7047.8			1.024407158728843
7048.700000000001			1.0287148175744558
7049.6			1.0206426324673925
7050.5			1.0134708715784022
7051.4			1.013146429018663
7052.3			1.0144585211089112
7053.200000000001			1.0135498439706403
7054.1			1.0098213166080987
7055.0			1.0045394226557416
7055.9			1.0067019788839269
7056.8			1.0165848643601587
7057.700000000001			1.0210933661275046
7058.6			1.0196929585803354
7059.5			1.0199278501497788
7060.4			1.0173164525928402
7061.3			1.0105647004799068
7062.200000000001			1.008425831160305
7063.1			1.011811904194505
7064.0			1.0229818872713177
7064.9			1.0369988890872972
7065.8			1.0397567011714188
7066.700000000001			1.0239198389047148
7067.6			1.0094276429876936
7068.5			1.0066775688263914
7069.4			1.0112067942412375
7070.3			1.0187161955075215
7071.200000000001			1.0190806163662975
7072.1			1.0126607695148002
7073.0			1.0091651675977842
7073.9			1.0052672667592895
7074.8			0.9990759411918809
7075.700000000001			0.9956024158227627
7076.6			0.9925002397500988
7077.5			0.9899777262390973
7078.4			0.9858199731445401
7079.3			0.9851436901620892
7080.200000000001			0.9909613467675882
7081.1			0.9953119546462352
7082.0			0.9950575514454811
7082.9			0.9893609537418638
7083.8			0.9802193722962707
7084.700000000001			0.9704075686777495
7085.6			0.9608143635513593
7086.5			0.9522638547520478
7087.4			0.9479319883110542
7088.3			0.9492969731014713
7089.200000000001			0.9495839358921659
7090.1			0.9489074866973073
7091.0			0.9517855820362505
7091.9			0.9522119788706209
7092.8			0.9458034921356768
7093.700000000001			0.9365932347220667
7094.6			0.9252021640624916
7095.5			0.9201508039565616
7096.4			0.9272460776895719
7097.3			0.9438421405800531
7098.200000000001			0.9777193179332901
7099.1			0.992139939733633
7100.0			0.9983896494289917
7100.9			0.997439566509069
7101.8			0.9957607050345906
7102.700000000001			1.0009984091826165
7103.6			1.0148562901489284
7104.5			1.020201609373129
7105.4			1.0124194173789136
7106.3			1.0055087999836336
7107.200000000001			1.0002078050461873
7108.1			1.000584028399445
7109.0			1.0051376129912144
7109.9			1.0026763091095534
7110.8			0.9985391795153131
7111.700000000001			0.9978637983198042
7112.6			0.9929196466478797
7113.5			0.9895805059885502
7114.4			0.9902255691700165
7115.3			0.9941787465032111
7116.200000000001			1.000028645421763
7117.1			1.0044323193650422
7118.0			1.0057225443655897
7118.9			1.0068931360270759
7119.8			1.0068786143253312
7120.700000000001			1.0085786057285564
7121.6			1.0129503305142737
7122.5			1.0191078502528628
7123.4			1.0281634395104244
7124.3			1.0330059397179499
7125.200000000001			1.0291175075615877
7126.1			1.027529227707292
7127.0			1.0319456954018302
7127.9			1.030619103277103
7128.8			1.0304793695692094
7129.700000000001			1.0313972935300066
7130.6			1.0364337087682056
7131.5			1.0430494450948034
7132.4			1.0438506123589582
7133.3			1.0447540248744513
7134.200000000001			1.0464388226626893
7135.1			1.043896537526698
7136.0			1.0379055123499699
7136.9			1.0357698595682385
7137.8			1.0359987961711896
7138.700000000001			1.0340821723591607
7139.6			1.0348770092576969
7140.5			1.0387653405319706
7141.4			1.0396368075818436
7142.3			1.037101336205403
7143.200000000001			1.035821144655002
7144.1			1.033459835337011
7145.0			1.0302389776172605
7145.9			1.0215042082981396
7146.8			1.0115704192684032
7147.700000000001			1.0100650758220417
7148.6			1.0159656082157145
7149.5			1.0223054213634353
7150.4			1.0277654713246274
7151.3			1.0323738046410125
7152.200000000001			1.0331356251788832
7153.1			1.030022730331299
7154.0			1.0260441941183447
7154.9			1.0320483758755203
7155.8			1.0440696981639603
7156.700000000001			1.0515798882496739
7157.6			1.048041857283192
7158.5			1.0434581448135498
7159.4			1.045615503550267
7160.3			1.051201077790232
7161.200000000001			1.0505991081882624
7162.1			1.0446120237449725
7163.0			1.0339776382817563
7163.9			1.0235745177770361
7164.8			1.0259354891207892
7165.700000000001			1.0389581001151267
7166.6			1.0462032755314448
7167.5			1.0449778725465886
7168.4			1.0473955259818628
7169.3			1.0477346805089547
7170.200000000001			1.0469404202300356
7171.1			1.0518073534852714
7172.0			1.0570912539062418
7172.9			1.0533291515917984
7173.8			1.046402186646043
7174.700000000001			1.0402697785749098
7175.6			1.0370018649237767
7176.5			1.040980173184494
7177.4			1.0493459382709176
7178.3			1.049048649174176
7179.200000000001			1.0447704257731314
7180.1			1.0399352298776108
7181.0			1.0323063493871987
7181.9			1.0276557968103395
7182.8			1.0283255429795726
7183.700000000001			1.0300930001363726
7184.6			1.0301276057726056
7185.5			1.0236364628159411
7186.4			1.0185912767826033
7187.3			1.0245340348956928
7188.200000000001			1.0272246051786382
7189.1			1.0269237952704415
7190.0			1.0316178167294945
7190.9			1.0347311149338043
7191.8			1.0356072737749475
7192.700000000001			1.031870476226836
7193.6			1.0303339959008693
7194.5			1.0303346977005554
7195.4			1.0253367044510742
7196.3			1.0219865996745732
7197.200000000001			1.0214885769962685
7198.1			1.018395241547744
7199.0			1.0160268964450163
7199.9			1.0102197541707079
7200.8			1.002582613957047
7201.700000000001			0.998989879610727
7202.6			1.0000745267441133
7203.5			1.0084575048424833
7204.4			1.0143022629716545
7205.3			1.0056864950827271
7206.200000000001			0.9942557317812122
7207.1			0.9973292661665738
7208.0			1.0054525913782353
7208.9			1.0109435679530852
7209.8			1.0128132088021375
7210.700000000001			1.013240905632434
7211.6			1.0123686873406197
7212.5			1.009979568250908
7213.4			1.0068831232791349
7214.3			1.0089810999657833
7215.200000000001			1.0138408856627654
7216.1			1.0175575277905353
7217.0			1.0181717006953293
7217.9			1.0212567371670318
7218.8			1.026754250406202
7219.700000000001			1.0286335932263926
7220.6			1.0252923222740054
7221.5			1.0240684659048185
7222.4			1.0279601326645336
7223.3			1.033259811533025
7224.200000000001			1.0309934546701833
7225.1			1.0248060793218663
7226.0			1.0214947640810075
7226.9			1.025036090052826
7227.8			1.0302508962145804
7228.700000000001			1.0310397756993055
7229.6			1.0298840192394285
7230.5			1.035041038865094
7231.4			1.0408724815695365
7232.3			1.0435428262688646
7233.200000000001			1.0426586369890871
7234.1			1.0400370601272664
7235.0			1.045731402013175
7235.9			1.0486601699895828
7236.8			1.044004231685063
7237.700000000001			1.0327735275695018
7238.6			1.0266461472551842
7239.5			1.0275042630870284
7240.4			1.0253364898096264
7241.3			1.0230680089090485
7242.200000000001			1.0201044021123802
7243.1			1.0205581330369353
7244.0			1.025294510675399
7244.9			1.0283781106892154
7245.8			1.026645527033355
7246.700000000001			1.0210965923025777
7247.6			1.0169953198746242
7248.5			1.014317270771551
7249.4			1.0117011570777317
7250.3			1.0141258019993244
7251.200000000001			1.02187540288449
7252.1			1.0208458853974387
7253.0			1.0174655856044807
7253.9			1.0132668064332944
7254.8			1.0056657303080236
7255.700000000001			1.0045399448766938
7256.6			1.007075257857562
7257.5			2.013074608312399
7258.4			1.00452083820031
7259.3			1.0034387108002305
7260.200000000001			0.9993676166820216
7261.1			0.9962759834598577
7262.0			0.999724574286823
7262.9			1.008926531523374
7263.8			1.0137758886903294
7264.700000000001			1.0115397488002997
7265.6			1.0093903594382616
7266.5			1.006561558494739
7267.4			1.0028766545117793
7268.3			1.006659422026614
7269.200000000001			1.0169616868458038
7270.1			1.025079583858164
7271.0			1.0254584089566743
7271.9			1.0210454317496547
7272.8			1.0099706148179326
7273.700000000001			1.0008736470284734
7274.6			1.0043150194284558
7275.5			1.0143816893548374
7276.4			1.0223906771162277
7277.3			1.025287770388049
7278.200000000001			1.0220012009745074
7279.1			1.0202916513729077
7280.0			1.0253095790302698
7280.9			1.0265139539743788
7281.8			1.0158954639767173
7282.700000000001			1.0044994793182183
7283.6			1.0008127449891302
7284.5			1.000654636174673
7285.4			0.9996794406795408
7286.3			0.9323341340448783
7287.200000000001			0.9252291208771837
7288.1			0.9132459847376592
7289.0			0.9078578145137434
7289.9			0.910997163690402
7290.8			0.9160732416668947
7291.700000000001			0.9172247363400957
7292.6			0.9230012528589112
7293.5			0.926809520598763
7294.4			0.92848769487085
7295.3			0.9326280051992522
7296.200000000001			0.9396933448122202
7297.1			0.9514397645972161
7298.0			0.9615874233627338
7298.9			0.9695557839024697
7299.8			0.9726442761710786
7300.700000000001			0.9732603487781729
7301.6			0.9757541412216502
7302.5			0.9816807181008408
7303.4			0.9851096509914421
7304.3			0.9881167765595847
7305.200000000001			0.9896171321680677
7306.1			0.9864547879155846
7307.0			0.985288850575199
7307.9			0.9869460289561428
7308.8			0.9901563880531367
7309.700000000001			0.9935810701282051
7310.6			0.9968448165179649
7311.5			0.9998586550223519
7312.4			1.0017238729076379
7313.3			1.002252974623817
7314.200000000001			1.000176879799827
7315.1			1.0
7316.0			1.0
7316.9			1.0
7317.8			1.0
7318.700000000001			1.0
7319.6			1.0
7320.5			1.0
7321.4			1.0
7322.3			1.0
7323.200000000001			1.0
7324.1			1.0
7325.0			1.0
7325.9			1.0
7326.8			1.0
7327.700000000001			1.0
7328.6			1.0
7329.5			1.0
7330.4			1.0
7331.3			1.0
7332.200000000001			1.0
7333.1			1.0
7334.0			1.0
7334.9			1.0
7335.8			1.0
7336.700000000001			1.0
7337.6			1.0
7338.5			1.0
7339.4			1.0
7340.3			1.0
7341.200000000001			1.0
7342.1			1.0
7343.0			1.0
7343.9			1.0
7344.8			1.0
7345.700000000001			1.0
7346.6			1.0
7347.5			1.0
7348.4			1.0
7349.3			1.0
7350.200000000001			1.0
7351.1			1.0
7352.0			1.0
7352.9			1.0
7353.8			1.0
7354.700000000001			1.0
7355.6			1.0
7356.5			1.0
7357.4			1.0
7358.3			1.0
7359.200000000001			1.0
7360.1			1.0
7361.0			1.0
7361.9			1.0
7362.8			1.0
7363.700000000001			1.0
7364.6			1.0
7365.5			1.0
7366.4			1.0
7367.3			1.0
7368.200000000001			1.0
7369.1			1.0
7370.0			1.0
7370.9			1.0
7371.8			1.0
7372.700000000001			1.0
7373.6			1.0
7374.5			1.0
7375.4			1.0
7376.3			1.0
7377.200000000001			1.0
7378.1			1.0
7379.0			1.0
7379.9			1.0
7380.8			1.0
7381.700000000001			1.0
7382.6			1.0
7383.5			1.0
7384.4			1.0
7385.3			1.0
7386.200000000001			1.0
7387.1			1.0
7388.0			1.0
7388.9			1.0
7389.8			1.0
7390.700000000001			1.0
7391.6			1.0
7392.5			1.0
7393.4			1.0
7394.3			1.0
7395.200000000001			1.0
7396.1			1.0
7397.0			1.0
7397.9			1.0
7398.8			1.0
7399.700000000001			1.0
7400.6			1.0
7401.5			1.0
7402.4			1.0
7403.3			1.0
7404.200000000001			1.0
7405.1			1.0
7406.0			1.0
7406.9			1.0
7407.8			1.0
7408.700000000001			1.0
7409.6			1.0
7410.5			1.0
7411.4			1.0
7412.3			1.0
7413.200000000001			1.0
7414.1			1.0
7415.0			1.0
7415.9			1.0
7416.8			1.0
7417.700000000001			1.0
7418.6			1.0
7419.5			1.0
7420.4			1.0
7421.3			1.0
7422.200000000001			1.0
7423.1			1.0
7424.0			1.0
7424.9			1.0
7425.8			1.0
7426.700000000001			1.0
7427.6			1.0
7428.5			1.0
7429.4			1.0
