3500.0			1.0
3500.9			1.0
3501.8			1.0
3502.7			1.0
3503.6			1.0
3504.5			1.0
3505.4			1.0
3506.3			1.0
3507.2			1.0
3508.1			1.0
3509.0			1.0
3509.9			1.0
3510.8			1.0
3511.7			1.0
3512.6			1.0
3513.5			1.0
3514.4			1.0
3515.3			1.0
3516.2			1.0
3517.1			1.0
3518.0			1.0
3518.9			1.0
3519.8			1.0
3520.7			1.0
3521.6			1.0
3522.5			1.0
3523.4			1.0
3524.3			1.0
3525.2			1.0
3526.1			1.0
3527.0			1.0
3527.9			1.0
3528.8			1.0
3529.7			1.0
3530.6			1.0
3531.5			1.0
3532.4			1.0
3533.3			1.0
3534.2			1.0
3535.1			1.0
3536.0			1.0
3536.9			1.0
3537.8			1.0
3538.7			1.0
3539.6			1.0
3540.5			1.0
3541.4			1.0
3542.3			1.0
3543.2			1.0
3544.1			1.0
3545.0			1.0
3545.9			1.0
3546.8			1.0
3547.7			1.0
3548.6			1.0
3549.5			1.0
3550.4			1.0
3551.3			1.0
3552.2			1.0
3553.1			1.0
3554.0			1.0
3554.9			1.0
3555.8			1.0
3556.7			1.0
3557.6			1.0
3558.5			1.0
3559.4			1.0
3560.3			1.0
3561.2			1.0
3562.1			1.0
3563.0			1.0
3563.9			1.0
3564.8			1.0
3565.7			1.0
3566.6			1.0
3567.5			1.0
3568.4			1.0
3569.3			1.0
3570.2			1.0
3571.1			1.0
3572.0			1.0
3572.9			1.0
3573.8			1.0
3574.7			1.0
3575.6			1.0
3576.5			1.0
3577.4			1.0
3578.3			1.0
3579.2			1.0
3580.1			1.0
3581.0			1.0
3581.9			1.0
3582.8			1.0
3583.7			1.0
3584.6			1.0
3585.5			1.0
3586.4			1.0
3587.3			1.0
3588.2			1.0
3589.1			1.0
3590.0			1.0
3590.9			1.0
3591.8			1.0
3592.7			1.0
3593.6			1.0
3594.5			1.0
3595.4			1.0
3596.3			1.0
3597.2			1.0
3598.1			1.0
3599.0			1.0
3599.9			1.0
3600.8			1.0
3601.7			1.0
3602.6			1.0
3603.5			1.0
3604.4			1.0
3605.3			1.0
3606.2			1.0
3607.1			1.0
3608.0			1.0
3608.9			1.0
3609.8			1.0
3610.7			1.0
3611.6			1.0
3612.5			1.0
3613.4			1.0
3614.3			1.0
3615.2			1.0
3616.1			1.0
3617.0			1.0
3617.9			1.0
3618.8			1.0
3619.7			1.0
3620.6			1.0
3621.5			1.0
3622.4			1.0
3623.3			1.0
3624.2			1.0
3625.1			1.0
3626.0			1.0
3626.9			1.0
3627.8			1.0
3628.7			1.0
3629.6			1.0
3630.5			1.0
3631.4			1.0
3632.3			1.0
3633.2			1.0
3634.1			1.0
3635.0			1.0
3635.9			1.0
3636.8			1.0
3637.7			1.0
3638.6			1.0
3639.5			1.0
3640.4			1.0
3641.3			1.0
3642.2			1.0
3643.1			1.0
3644.0			1.0
3644.9			1.0
3645.8			1.0
3646.7			1.0
3647.6			1.0
3648.5			1.0
3649.4			1.0
3650.3			1.0
3651.2			1.0
3652.1			1.0
3653.0			1.0
3653.9			1.0
3654.8			1.0
3655.7			1.0
3656.6			1.0
3657.5			1.0
3658.4			1.0
3659.3			1.0
3660.2			1.0
3661.1			1.0
3662.0			1.0
3662.9			1.0
3663.8			1.0
3664.7			1.0
3665.6			1.0
3666.5			1.0
3667.4			1.0
3668.3			1.0
3669.2			1.0
3670.1			1.0
3671.0			1.0
3671.9			1.0
3672.8			1.0
3673.7			1.0
3674.6			1.0
3675.5			1.0
3676.4			1.0
3677.3			1.0
3678.2			1.0
3679.1			1.0
3680.0			1.0
3680.9			1.0
3681.8			1.0
3682.7			1.0
3683.6			1.0
3684.5			1.0
3685.4			1.0
3686.3			1.0
3687.2			1.0
3688.1			1.0
3689.0			1.0
3689.9			1.0
3690.8			1.0
3691.7			1.0
3692.6			1.0
3693.5			1.0
3694.4			1.0
3695.3			1.0
3696.2			1.0
3697.1			1.0
3698.0			1.0
3698.9			1.0
3699.8			1.0
3700.7			1.0
3701.6			1.0
3702.5			1.0
3703.4			1.0
3704.3			1.0
3705.2			1.0
3706.1			1.0
3707.0			1.0
3707.9			1.0
3708.8			1.0
3709.7			1.0
3710.6			1.0
3711.5			1.0
3712.4			1.0
3713.3			1.0
3714.2			1.0
3715.1			1.0
3716.0			1.0
3716.9			1.0
3717.8			1.0
3718.7			1.0
3719.6			1.0
3720.5			1.0
3721.4			1.0
3722.3			1.0
3723.2			1.0
3724.1			1.0
3725.0			1.0
3725.9			1.0
3726.8			1.0
3727.7			1.0
3728.6			1.0
3729.5			1.0
3730.4			1.0
3731.3			1.0
3732.2			1.0
3733.1			1.0
3734.0			1.0
3734.9			1.0
3735.8			1.0
3736.7			1.0
3737.6			1.0
3738.5			1.0
3739.4			1.0
3740.3			1.0
3741.2			1.0
3742.1			1.0
3743.0			1.0
3743.9			1.0
3744.8			1.0
3745.7			1.0
3746.6			1.0
3747.5			1.0
3748.4			1.0
3749.3			1.0
3750.2			1.0
3751.1			1.0
3752.0			1.0
3752.9			1.0
3753.8			1.0
3754.7			1.0
3755.6			1.0
3756.5			1.0
3757.4			1.0
3758.3			1.0
3759.2			1.0
3760.1			1.0
3761.0			1.0
3761.9			1.0
3762.8			1.0
3763.7			1.0
3764.6			1.0
3765.5			1.0
3766.4			1.0
3767.3			1.0
3768.2			1.0
3769.1			1.0
3770.0			1.0
3770.9			1.0
3771.8			1.0
3772.7			1.0
3773.6			1.0
3774.5			1.0
3775.4			1.0
3776.3			1.0
3777.2			1.0
3778.1			1.0
3779.0			1.0
3779.9			1.0
3780.8			1.0
3781.7			1.0
3782.6			1.0
3783.5			1.0
3784.4			1.0
3785.3			1.0
3786.2			1.0
3787.1			1.0
3788.0			1.0
3788.9			1.0
3789.8			1.0
3790.7			1.0
3791.6			1.0
3792.5			1.0
3793.4			1.0
3794.3			1.0
3795.2			1.0
3796.1			1.0
3797.0			1.0
3797.9			1.0
3798.8			1.0
3799.7			1.0
3800.6			1.0
3801.5			1.0
3802.4			1.0
3803.3			1.0
3804.2			1.0
3805.1			1.0
3806.0			1.0
3806.9			1.0
3807.8			1.0
3808.7			1.0
3809.6			1.0
3810.5			1.0
3811.4			1.0
3812.3			1.0
3813.2			1.0
3814.1			1.0
3815.0			1.0
3815.9			1.0
3816.8			1.0
3817.7			1.0
3818.6			1.0
3819.5			1.0
3820.4			1.0
3821.3			1.0
3822.2			1.0
3823.1			1.0
3824.0			1.0
3824.9			1.0
3825.8			1.0
3826.7			1.0
3827.6			1.0
3828.5			1.0
3829.4			1.0
3830.3			1.0
3831.2			1.0
3832.1			1.0
3833.0			1.0
3833.9			1.0
3834.8			1.0
3835.7			1.0
3836.6			1.0
3837.5			1.0
3838.4			1.0
3839.3			1.0
3840.2			1.0
3841.1			1.0
3842.0			1.0
3842.9			1.0
3843.8			1.0
3844.7			1.0
3845.6			1.0
3846.5			1.0
3847.4			1.0
3848.3			1.0
3849.2			1.0
3850.1			1.0
3851.0			1.0
3851.9			1.0
3852.8			1.0
3853.7			1.0
3854.6			1.0
3855.5			1.0
3856.4			1.0
3857.3			1.0
3858.2			1.0
3859.1			1.0
3860.0			1.0
3860.9			1.0
3861.8			1.0
3862.7			1.0
3863.6			1.0
3864.5			1.0
3865.4			1.0
3866.3			1.0
3867.2			1.0
3868.1			1.0
3869.0			1.0
3869.9			1.0
3870.8			1.0
3871.7			1.0
3872.6			1.0
3873.5			1.0
3874.4			1.0
3875.3			1.0
3876.2			1.0
3877.1			1.0
3878.0			1.0
3878.9			1.0
3879.8			1.0
3880.7			1.0
3881.6			1.0
3882.5			1.0
3883.4			1.0
3884.3			1.0
3885.2			1.0
3886.1			1.0
3887.0			1.0
3887.9			1.0
3888.8			1.0
3889.7			1.0
3890.6			1.0
3891.5			1.0
3892.4			1.0
3893.3			1.0
3894.2			1.0
3895.1			1.0
3896.0			1.0
3896.9			1.0
3897.8			1.0
3898.7			1.0
3899.6			1.0
3900.5			1.0
3901.4			1.0
3902.3			1.0
3903.2			1.0
3904.1			1.0
3905.0			1.0
3905.9			1.0
3906.8			1.0
3907.7			1.0
3908.6			1.0
3909.5			1.0
3910.4			1.0
3911.3			1.0
3912.2			1.0
3913.1			1.0
3914.0			1.0
3914.9			1.0
3915.8			1.0
3916.7			1.0
3917.6			1.0
3918.5			1.0
3919.4			1.0
3920.3			1.0
3921.2			1.0
3922.1			1.0
3923.0			1.0
3923.9			1.0
3924.8			1.0
3925.7			1.0
3926.6			1.0
3927.5			1.0
3928.4			1.0
3929.3			1.0
3930.2			1.0
3931.1			1.0
3932.0			1.0
3932.9			1.0
3933.8			1.0
3934.7			1.0
3935.6			1.0
3936.5			1.0
3937.4			1.0
3938.3			1.0
3939.2			1.0
3940.1			1.0
3941.0			1.0
3941.9			1.0
3942.8			1.0
3943.7			1.0
3944.6			1.0
3945.5			1.0
3946.4			1.0
3947.3			1.0
3948.2			1.0
3949.1			1.0
3950.0			1.0
3950.9			1.0
3951.8			1.0
3952.7			1.0
3953.6			1.0
3954.5			1.0
3955.4			1.0
3956.3			1.0
3957.2			1.0
3958.1			1.0
3959.0			1.0
3959.9			1.0
3960.8			1.0
3961.7			1.0
3962.6			1.0
3963.5			1.0
3964.4			1.0
3965.3			1.0
3966.2			1.0
3967.1			1.0
3968.0			1.0
3968.9			1.0
3969.8			1.0
3970.7			1.0
3971.6			1.0
3972.5			1.0
3973.4			1.0
3974.3			1.0
3975.2			1.0
3976.1			1.0
3977.0			1.0
3977.9			1.0
3978.8			1.0
3979.7			1.0
3980.6			1.0
3981.5			1.0
3982.4			1.0
3983.3			1.0
3984.2			1.0
3985.1			1.0
3986.0			1.0
3986.9			1.0
3987.8			1.0
3988.7			1.0
3989.6			1.0
3990.5			1.0
3991.4			1.0
3992.3			1.0
3993.2			1.0
3994.1			1.0
3995.0			1.0
3995.9			1.0
3996.8			1.0
3997.7			1.0
3998.6			1.0
3999.5			1.0
4000.4			1.0
4001.3			1.0
4002.2			1.0
4003.1			1.0327205651911795
4004.0			0.954970294330011
4004.9			0.7913709317867115
4005.8			0.7034250218643829
4006.7			0.7725664093490386
4007.6			0.9112883819128963
4008.5			1.0024206332945234
4009.4			1.0
4010.3			1.0
4011.2			1.0
4012.1			1.0
4013.0			1.0
4013.9			1.0
4014.8			1.0
4015.7			1.0
4016.6			1.0
4017.5			1.0
4018.4			1.0
4019.3			1.0
4020.2			1.0
4021.1			1.0
4022.0			1.0
4022.9			1.0
4023.8			1.0
4024.7			1.0
4025.6			1.0
4026.5			1.0
4027.4			1.0
4028.3			1.0065366226666221
4029.2			0.9191482551377577
4030.1			0.7435977868724573
4031.0			0.5946001599600966
4031.9			0.541080558265908
4032.8			0.5233685318543301
4033.7			0.511943231891688
4034.6			0.5620519352016531
4035.5			0.6907723144567263
4036.4			0.8511240421372895
4037.3			0.9788978490637281
4038.2			1.029974262848384
4039.1			0.9991100888957363
4040.0			1.0
4040.9			1.0
4041.8			1.0
4042.7			0.9894763906291176
4043.6			0.8695203311458345
4044.5			0.6480892647433099
4045.4			0.45879553935139006
4046.3			0.42644228422996494
4047.2			0.5603751955316933
4048.1			0.7516112278121038
4049.0			0.9031718130861203
4049.9			1.003938468458087
4050.8			1.0
4051.7			1.0
4052.6			1.0
4053.5			1.0
4054.4			1.0
4055.3			1.0
4056.2			1.0
4057.1			1.0
4058.0			1.0
4058.9			1.0
4059.8			1.0982931874489403
4060.7			1.1537865283556206
4061.6			1.0552043065719845
4062.5			0.8211828734556014
4063.4			0.6186395518867686
4064.3			0.6210259480628089
4065.2			0.7949196842570526
4066.1			0.9462863843635092
4067.0			1.0005908169273434
4067.9			1.0
4068.8			1.0
4069.7			1.0
4070.6			0.8448094770973652
4071.5			0.6563594455812458
4072.4			0.6510650511263895
4073.3			0.8268327282405531
4074.2			0.9929611051492405
4075.1			1.0
4076.0			1.0
4076.9			1.0
4077.8			1.0
4078.7			1.0
4079.6			1.0
4080.5			1.0
4081.4			1.0
4082.3			1.0
4083.2			1.0
4084.1			1.0
4085.0			1.0
4085.9			1.0
4086.8			1.0
4087.7			1.0
4088.6			1.0
4089.5			1.0
4090.4			1.0
4091.3			1.0
4092.2			1.0
4093.1			1.024624178646435
4094.0			1.0603145556493427
4094.9			1.0027921342387243
4095.8			0.8832362063344857
4096.7			0.8199156659570985
4097.6			0.8317351837300331
4098.5			0.8650211020520339
4099.4			0.8669213842996779
4100.3			0.8011973080759998
4101.2			0.7265527226740806
4102.1			0.7424144927922941
4103.0			0.8282605944682512
4103.9			0.8965125249587476
4104.8			0.9342094190669548
4105.7			0.9767975917720014
4106.6			1.0068387286401081
4107.5			1.0090291798666813
4108.4			1.00680683258083
4109.3			0.9971983171528657
4110.2			1.0
4111.1			1.0
4112.0			1.0
4112.9			1.0
4113.8			1.0
4114.7			1.0
4115.6			1.0
4116.5			1.0
4117.4			1.0
4118.3			1.0
4119.2			1.0
4120.1			1.0
4121.0			1.0
4121.9			1.0
4122.8			1.0
4123.7			1.0
4124.6			1.0
4125.5			1.0
4126.4			1.0
4127.3			1.0
4128.2			1.0
4129.1			1.001706056280261
4130.0			0.9826540866705625
4130.9			0.8889462761629292
4131.8			0.7524554682136675
4132.7			0.6774534250250519
4133.6			0.7029500487908406
4134.5			0.7878504571195302
4135.4			0.9067787497523065
4136.3			1.0019700121137851
4137.2			1.0
4138.1			1.0
4139.0			1.0
4139.9			1.0167683946927386
4140.8			0.9945330417035632
4141.7			0.8779934290142315
4142.6			0.6704076028593133
4143.5			0.5264640470221759
4144.4			0.578020841937501
4145.3			0.76060829916905
4146.2			0.9218765185112414
4147.1			1.000652154538329
4148.0			1.0
4148.9			1.0
4149.8			1.0
4150.7			1.0
4151.6			1.0
4152.5			1.0
4153.4			1.0
4154.3			1.0
4155.2			1.0
4156.1			1.0
4157.0			1.0
4157.9			1.0
4158.8			1.0
4159.7			1.0
4160.6			1.0
4161.5			1.0
4162.4			1.0
4163.3			1.0
4164.2			1.0
4165.1			1.0
4166.0			1.0
4166.9			1.0
4167.8			0.9757993582227522
4168.7			1.001280578702376
4169.6			1.0448791443532466
4170.5			1.0286102259847014
4171.4			0.9232927903793824
4172.3			0.80849306018475
4173.2			0.7883041890822682
4174.1			0.8370859472901391
4175.0			0.8697232357793934
4175.9			0.8860208364367208
4176.8			0.9097648355093805
4177.7			0.9428146989496444
4178.6			1.001960205375956
4179.5			1.0
4180.4			1.0
4181.3			1.0
4182.2			1.0
4183.1			1.0
4184.0			1.0
4184.9			1.029680166832966
4185.8			0.9793204612937306
4186.7			0.8405436399224158
4187.6			0.7450084437196137
4188.5			0.816161013417544
4189.4			0.9595477488543374
4190.3			1.0002097455879786
4191.2			1.0
4192.1			1.0145057765324326
4193.0			1.1275074018401112
4193.9			1.167088467854132
4194.8			1.0771389763186996
4195.7			0.9728928379592529
4196.6			0.9125712361493178
4197.5			0.8361255434088357
4198.4			0.7380919427856482
4199.3			0.7086470623575308
4200.2			0.7401719019341919
4201.1			0.7279650825303069
4202.0			0.6986128713952634
4202.9			0.752606674761857
4203.8			0.8586220430676909
4204.7			0.9401540170684043
4205.6			0.9876168299337724
4206.5			1.0031505871022184
4207.4			1.0
4208.3			1.0
4209.2			1.0
4210.1			1.0
4211.0			1.0
4211.9			1.0
4212.8			1.0
4213.7			0.9715624197402895
4214.6			0.9102036687364367
4215.5			0.8294499787500088
4216.4			0.8060815131473015
4217.3			0.8811486843371178
4218.2			0.9665242780715956
4219.1			1.0137373838253367
4220.0			1.0
4220.9			0.9940107117852681
4221.8			0.9227801401681642
4222.7			0.8240045699335448
4223.6			0.7271181276334977
4224.5			0.5970677769298486
4225.4			0.43244502655480893
4226.3			0.3039419991591836
4227.2			0.2907022231341196
4228.1			0.4118437788643577
4229.0			0.6083102629872696
4229.9			0.8092335013104445
4230.8			0.974372301820461
4231.7			1.060819370224131
4232.6			1.048021076522173
4233.5			1.0067731800407127
4234.4			1.0
4235.3			1.0
4236.2			1.0
4237.1			1.0
4238.0			1.0
4238.9			1.0
4239.8			1.0
4240.7			1.0
4241.6			1.0
4242.5			1.0
4243.4			1.0
4244.3			1.0
4245.2			1.0
4246.1			1.0
4247.0			0.9295486281737171
4247.9			0.8724372424494311
4248.8			0.8237657423701015
4249.7			0.7394636943369011
4250.6			0.6772456054730073
4251.5			0.7446439567795998
4252.4			0.8527765120610706
4253.3			0.817118354067329
4254.2			0.6945783669627249
4255.1			0.7196196421273635
4256.0			0.9526100264876856
4256.9			1.1982176388387096
4257.8			1.2652868303787856
4258.7			1.153490023401105
4259.6			0.9771925629652316
4260.5			0.8786075915145076
4261.4			0.978710744791664
4262.3			1.0
4263.2			1.0
4264.1			1.0
4265.0			1.0
4265.9			1.0087268656118669
4266.8			0.976383093624173
4267.7			0.9196544991187311
4268.6			0.8734083049108854
4269.5			0.7979505473267181
4270.4			0.6490719328018308
4271.3			0.4987286667828625
4272.2			0.4603100119299119
4273.1			0.5074055954466931
4274.0			0.5216031031885178
4274.9			0.5241324027300198
4275.8			0.6244537572628825
4276.7			0.7999942135968686
4277.6			0.9451423282042218
4278.5			1.0000762384378978
4279.4			1.0
4280.3			1.0
4281.2			1.0
4282.1			1.0
4283.0			1.0
4283.9			1.0
4284.8			1.0
4285.7			1.0
4286.6			1.0
4287.5			0.9862080468062756
4288.4			0.8914405177483767
4289.3			0.7199953352117675
4290.2			0.6403966544243385
4291.1			0.7389401513824982
4292.0			0.9086538032687879
4292.9			0.9968304569762451
4293.8			1.0
4294.7			0.9481906707309784
4295.6			0.9831502201132408
4296.5			1.0007356754785104
4297.4			0.9286100652792053
4298.3			0.7943497610198839
4299.2			0.6578042735973584
4300.1			0.6084635157664677
4301.0			0.6549366140707927
4301.9			0.6975154245455022
4302.8			0.7083055062944285
4303.7			0.7343532560979829
4304.6			0.7455853293800214
4305.5			0.6959940028585699
4306.4			0.610090375599859
4307.3			0.5138920396440145
4308.2			0.4556519568788248
4309.1			0.48577816971186016
4310.0			0.5670109100957275
4310.9			0.6412921800429553
4311.8			0.7040900715345204
4312.7			0.7721438966214738
4313.6			0.8299559370715475
4314.5			0.8666488234456932
4315.4			0.9538969195551238
4316.3			1.0977978325958933
4317.2			1.1635384391648365
4318.1			1.1169121581432562
4319.0			1.0669088375928124
4319.9			1.0625278877263096
4320.8			1.0
4321.7			0.9692496221405342
4322.6			0.8930363359554712
4323.5			0.7494923590753804
4324.4			0.5896549098070496
4325.3			0.4796118198785308
4326.2			0.4871062652685989
4327.1			0.6477671529144761
4328.0			0.8603410589268812
4328.9			0.9966080548986211
4329.8			1.0
4330.7			1.0
4331.6			1.0
4332.5			1.0
4333.4			1.0
4334.3			1.0
4335.2			1.012343094637787
4336.1			0.9693625029329659
4337.0			0.8607455653939452
4337.9			0.7707282636518141
4338.8			0.7466862523192899
4339.7			0.7371005586947582
4340.6			0.7603678120595054
4341.5			0.8621236609955497
4342.4			0.9686859599736282
4343.3			0.994388726422356
4344.2			0.9923767015600334
4345.1			1.0
4346.0			1.0
4346.9			1.0
4347.8			1.0
4348.7			1.0575814421678735
4349.6			1.083217996240592
4350.5			0.9877537152496412
4351.4			0.8152899358294151
4352.3			0.7315264107193208
4353.2			0.8047522458322568
4354.1			0.919079017822519
4355.0			0.9731336297172736
4355.9			1.0078228879141495
4356.8			1.0
4357.7			1.0
4358.6			1.0
4359.5			1.0
4360.4			1.0
4361.3			1.0
4362.2			1.0
4363.1			1.0
4364.0			1.0
4364.9			1.0
4365.8			1.0
4366.7			1.0
4367.6			1.0
4368.5			1.0
4369.4			1.0
4370.3			1.0
4371.2			1.0
4372.1			1.0
4373.0			1.0
4373.9			1.0
4374.8			1.0
4375.7			1.0
4376.6			1.0
4377.5			1.0
4378.4			1.0
4379.3			0.9864200460226987
4380.2			0.9420986207002024
4381.1			0.8636973645632324
4382.0			0.7155929639136795
4382.9			0.5279684896912805
4383.8			0.4284504867601579
4384.7			0.5158663024782957
4385.6			0.7336870445002313
4386.5			0.9267759759260806
4387.4			1.0048802881588605
4388.3			1.0066475757234135
4389.2			1.0
4390.1			1.0
4391.0			1.0
4391.9			1.0
4392.8			1.0
4393.7			1.0
4394.6			1.0
4395.5			1.0
4396.4			1.0
4397.3			1.0
4398.2			1.0
4399.1			1.0
4400.0			1.0
4400.9			0.9387075387601046
4401.8			0.9353517532257387
4402.7			0.8993676819714448
4403.6			0.7434848428069266
4404.5			0.5741180461930977
4405.4			0.5629507412720487
4406.3			0.6832075513359547
4407.2			0.7779598246148065
4408.1			0.8185346854443113
4409.0			0.893377204092045
4409.9			1.0016303629275918
4410.8			1.0
4411.7			1.0
4412.6			0.9903751801916739
4413.5			0.9169131918742046
4414.4			0.770114306154722
4415.3			0.672070981174782
4416.2			0.7336076436672685
4417.1			0.8808196803352348
4418.0			1.0020959093132087
4418.9			1.0
4419.8			1.0
4420.7			1.0
4421.6			1.0
4422.5			1.0
4423.4			0.9910918440445423
4424.3			0.9932541990509574
4425.2			0.9443729011509854
4426.1			0.8877963258698843
4427.0			0.8885840208703811
4427.9			0.9513049336682659
4428.8			1.0051325177263082
4429.7			1.0
4430.6			1.0
4431.5			1.0
4432.4			1.0188201152219927
4433.3			0.9377393968562135
4434.2			0.8017406948758885
4435.1			0.7121117906988118
4436.0			0.7496140900589069
4436.9			0.8844729214109726
4437.8			1.0045153718191766
4438.7			1.0
4439.6			1.0
4440.5			1.0
4441.4			1.0
4442.3			1.0
4443.2			1.0
4444.1			1.0
4445.0			1.0
4445.9			1.0393662183206354
4446.8			0.9975654311418548
4447.7			0.9512335927253428
4448.6			0.9674248603657853
4449.5			0.9977309316534414
4450.4			0.9965824871777107
4451.3			0.9898558273586516
4452.2			0.9754206181694598
4453.1			0.9015206480473278
4454.0			0.7671992318463429
4454.9			0.661857127470971
4455.8			0.6719239886302572
4456.7			0.7594492053540679
4457.6			0.811087922463309
4458.5			0.8018107316334812
4459.4			0.7869196070502984
4460.3			0.7845399194802062
4461.2			0.7700260476542305
4462.1			0.7940676429095632
4463.0			0.9028502090102942
4463.9			1.0002518588691447
4464.8			1.0
4465.7			1.0
4466.6			1.0
4467.5			1.0
4468.4			1.0
4469.3			1.0
4470.2			1.0
4471.1			1.0
4472.0			1.0
4472.9			1.0
4473.8			1.0
4474.7			1.0
4475.6			1.0
4476.5			1.0
4477.4			1.0
4478.3			1.0193398316928926
4479.2			0.9708831836096622
4480.1			0.8961200660142966
4481.0			0.8343503104046713
4481.9			0.8035712208733942
4482.8			0.8288815929471
4483.7			0.9044778616083179
4484.6			0.969603315133116
4485.5			1.0001448477916142
4486.4			1.0
4487.3			1.0
4488.2			1.0
4489.1			1.0
4490.0			1.0
4490.9			1.0
4491.8			1.0
4492.7			1.0140566666742608
4493.6			0.958027761180441
4494.5			0.8797842010697112
4495.4			0.8557434764540418
4496.3			0.8912672707471195
4497.2			0.9474154715398699
4498.1			1.0001732293110615
4499.0			1.0
4499.9			1.0
4500.8			1.0
4501.7			1.0
4502.6			1.0
4503.5			1.0
4504.4			1.0
4505.3			1.0
4506.2			1.0
4507.1			1.0
4508.0			1.0
4508.9			1.0
4509.8			1.0
4510.7			1.0
4511.6			1.0
4512.5			1.0
4513.4			1.0
4514.3			1.0
4515.2			1.0
4516.1			1.0
4517.0			1.0
4517.9			1.0
4518.8			1.0
4519.7			1.0
4520.6			1.0
4521.5			1.0
4522.4			1.0
4523.3			1.0
4524.2			0.9913210883758077
4525.1			0.9635910174528506
4526.0			0.8959310172331973
4526.9			0.8172260730558519
4527.8			0.7668071233385586
4528.7			0.7653477523740356
4529.6			0.8037130465074412
4530.5			0.8487059466123102
4531.4			0.8812660642320953
4532.3			0.8940120106436547
4533.2			0.8642915001297582
4534.1			0.8034823755799707
4535.0			0.7678625267615935
4535.9			0.8221417411519162
4536.8			0.9631778387429688
4537.7			1.0800035406850683
4538.6			1.0991807732274508
4539.5			1.0605759510412975
4540.4			1.0245244935228088
4541.3			1.0283727330391328
4542.2			1.0664920707124128
4543.1			1.0873770528442344
4544.0			1.0585311103077735
4544.9			1.012992273267507
4545.8			1.0002950598885965
4546.7			1.0
4547.6			1.0
4548.5			1.0
4549.4			1.0
4550.3			1.0
4551.2			1.0209562342850689
4552.1			1.0015763134289313
4553.0			0.9536029049993149
4553.9			0.9088486461272249
4554.8			0.8859808229328132
4555.7			0.9003327898251724
4556.6			0.9464160343911026
4557.5			0.9917083514526073
4558.4			1.002918282074186
4559.3			1.0
4560.2			1.0
4561.1			1.0
4562.0			1.0
4562.9			1.0
4563.8			1.0
4564.7			1.0
4565.6			1.0
4566.5			1.0
4567.4			1.0
4568.3			1.0113440472620494
4569.2			0.9886721957556479
4570.1			0.9424779593560462
4571.0			0.8945023321240513
4571.9			0.8967414335290329
4572.8			0.9546551162341895
4573.7			0.9991911893763958
4574.6			1.0
4575.5			1.0
4576.4			1.0
4577.3			0.9988507258780006
4578.2			0.9807231970906302
4579.1			0.9462984047388286
4580.0			0.9084070945462327
4580.9			0.9007396512563399
4581.8			0.9486705767136723
4582.7			1.016460716056552
4583.6			1.0385950917507007
4584.5			1.0046233127130142
4585.4			1.0
4586.3			0.9965678344336554
4587.2			1.0674914058825271
4588.1			1.1467455804742952
4589.0			1.1743351950039453
4589.9			1.148111207005646
4590.8			1.093164439704021
4591.7			1.0411894098174308
4592.6			1.019450941179553
4593.5			1.0299665792132218
4594.4			1.0441983994775585
4595.3			1.0423474994325928
4596.2			1.0376238532104736
4597.1			1.0337531464928538
4598.0			1.031710588609317
4598.9			1.0323849190795622
4599.8			1.010771873193384
4600.7			0.97691456700675
4601.6			0.9659343183601081
4602.5			0.9698414456293514
4603.4			0.9817064441238441
4604.3			0.9997129451240695
4605.2			1.0061457796627493
4606.1			1.0048205363422524
4607.0			1.0123381730772087
4607.9			1.0401076919316332
4608.8			1.0761840111186476
4609.7			1.079268610646603
4610.6			1.0453271163772178
4611.5			1.0137386762529415
4612.4			0.9992657715310035
4613.3			0.9931473098925857
4614.2			1.003698215158684
4615.1			1.0150637590911382
4616.0			1.006182462016718
4616.9			1.002364360224166
4617.8			1.0
4618.7			1.0
4619.6			1.0
4620.5			1.0
4621.4			1.0
4622.3			1.0
4623.2			1.0
4624.1			1.0
4625.0			1.0
4625.9			1.0
4626.8			1.0
4627.7			1.0
4628.6			1.0
4629.5			1.0
4630.4			1.0
4631.3			1.0
4632.2			1.0
4633.1			1.0
4634.0			1.0
4634.9			1.0
4635.8			1.0
4636.7			1.0
4637.6			1.0
4638.5			1.0
4639.4			1.0
4640.3			1.0
4641.2			1.0
4642.1			1.0343114783339558
4643.0			1.027068993892597
4643.9			1.0032834067698466
4644.8			0.9685541753660821
4645.7			0.9131195062085669
4646.6			0.8737528411320972
4647.5			0.8877074439782003
4648.4			0.9309070234815797
4649.3			0.9725867925522125
4650.2			0.9983598361972512
4651.1			0.9983330585146571
4652.0			1.0
4652.9			1.0
4653.8			1.0
4654.7			1.0
4655.6			1.0
4656.5			1.0
4657.4			1.0
4658.3			1.0
4659.2			1.0
4660.1			1.0
4661.0			1.0
4661.9			1.0
4662.8			1.0
4663.7			0.9802929108934302
4664.6			0.9740927447932549
4665.5			0.9460549290539664
4666.4			0.869822657562191
4667.3			0.7937077929623415
4668.2			0.7957408197349267
4669.1			0.8759465869563458
4670.0			0.9590728792937878
4670.9			0.998239071540261
4671.8			1.0
4672.7			1.0
4673.6			1.0
4674.5			1.0
4675.4			1.0
4676.3			1.0
4677.2			0.9917038374759881
4678.1			0.9495228487708418
4679.0			0.9162796833363757
4679.9			0.9109371472378182
4680.8			0.9114568295381418
4681.7			0.9135183984568219
4682.6			0.9394806558653795
4683.5			0.9786728270234946
4684.4			0.9937061912706135
4685.3			0.991407228756126
4686.2			0.9962761078169847
4687.1			1.0
4688.0			1.0
4688.9			1.0
4689.8			1.0
4690.7			1.0
4691.6			1.0
4692.5			1.0
4693.4			1.0
4694.3			1.0
4695.2			1.0
4696.1			1.0
4697.0			0.980150389324971
4697.9			0.9351738917203706
4698.8			0.9043823664370867
4699.7			0.9154914474072373
4700.6			0.9299820345419497
4701.5			0.90037930674192
4702.4			0.8489543473566724
4703.3			0.8498937629282297
4704.2			0.9245422977771082
4705.1			0.9953982736228077
4706.0			1.0013825281237991
4706.9			0.9702354085795138
4707.8			0.9564995789223426
4708.7			0.9723222279586541
4709.6			1.005431248766917
4710.5			1.0
4711.4			1.0
4712.3			1.0
4713.2			1.0
4714.1			1.0
4715.0			1.0
4715.9			1.0
4716.8			1.0
4717.7			1.0
4718.6			1.0
4719.5			1.0
4720.4			1.0
4721.3			1.0
4722.2			1.0
4723.1			0.9954843109184606
4724.0			1.0179218688770242
4724.9			1.0437721309375094
4725.8			1.0313942741382773
4726.7			0.9770356373317245
4727.6			0.9272738155750804
4728.5			0.9166214490638455
4729.4			0.9278320930449759
4730.3			0.9412243887352516
4731.2			0.96157433483796
4732.1			0.9844359162081638
4733.0			0.9961765716644259
4733.9			1.0018214319106367
4734.8			1.0
4735.7			1.0
4736.6			1.0
4737.5			1.0
4738.4			1.0
4739.3			1.0
4740.2			1.0
4741.1			1.0
4742.0			1.0
4742.9			1.0
4743.8			1.0
4744.7			1.0
4745.6			1.0
4746.5			1.0
4747.4			1.0
4748.3			1.0
4749.2			1.0
4750.1			1.0
4751.0			1.0
4751.9			1.0
4752.8			1.0
4753.7			1.0
4754.6			1.0
4755.5			1.0
4756.4			1.0
4757.3			1.0
4758.2			1.0
4759.1			1.0
4760.0			1.0
4760.9			1.0
4761.8			1.0
4762.7			0.9817800094635952
4763.6			0.9866291122570626
4764.5			0.9755277445899125
4765.4			0.9420580533327833
4766.3			0.9245459565832506
4767.2			0.9412286500072342
4768.1			1.0
4769.0			1.0244989785222467
4769.9			1.0345061694968865
4770.8			1.015254893327819
4771.7			0.9874661630113282
4772.6			0.9872525883555016
4773.5			1.0165841912128968
4774.4			1.0391653840739363
4775.3			1.0309989346956967
4776.2			1.0121027765051054
4777.1			1.003469232940086
4778.0			0.9971657917570269
4778.9			0.9839179063037815
4779.8			0.9727914726154895
4780.7			0.9684211245109294
4781.6			0.9512102383123341
4782.5			0.9164668219431316
4783.4			0.9042196158795724
4784.3			0.9359613387266517
4785.2			0.9612306784179101
4786.1			0.9476933602165596
4787.0			0.9360902303775469
4787.9			0.9414804116710488
4788.8			0.9418684002446347
4789.7			0.9467653116205903
4790.6			0.9683750254742158
4791.5			0.987275344254765
4792.4			0.9976081407774583
4793.3			1.018072501354376
4794.2			1.0463352579644964
4795.1			1.057037584888222
4796.0			1.0460849120500257
4796.9			1.0269797750406962
4797.8			1.0020335550919783
4798.7			1.0
4799.6			1.0
4800.5			1.0
4801.4			1.0
4802.3			1.0
4803.2			1.0
4804.1			1.0
4805.0			1.0
4805.9			1.0
4806.8			1.0
4807.7			1.0
4808.6			1.0
4809.5			1.0
4810.4			1.0
4811.3			1.0
4812.2			1.0
4813.1			1.0
4814.0			1.0
4814.9			1.0
4815.8			1.0
4816.7			1.0
4817.6			1.0
4818.5			1.0
4819.4			1.0
4820.3			1.0
4821.2			0.9927338325105789
4822.1			0.9578859135593337
4823.0			0.9058660860337515
4823.9			0.8986503410089821
4824.8			0.9496258515865401
4825.7			0.9972472579092516
4826.6			1.0023251868485892
4827.5			1.0
4828.4			1.0
4829.3			1.0
4830.2			1.0
4831.1			1.0
4832.0			1.0
4832.9			1.0
4833.8			1.0
4834.7			1.0
4835.6			1.0
4836.5			1.0
4837.4			1.0
4838.3			1.0
4839.2			1.0
4840.1			1.0
4841.0			1.0
4841.9			1.0
4842.8			1.0
4843.7			1.0
4844.6			1.0
4845.5			1.0
4846.4			1.0
4847.3			1.0
4848.2			1.0
4849.1			1.0
4850.0			1.0
4850.9			1.0
4851.8			1.0
4852.7			1.0
4853.6			1.0
4854.5			1.0
4855.4			1.0
4856.3			1.0
4857.2			1.0
4858.1			1.0064970481340676
4859.0			0.9431711755061489
4859.9			0.8457588816861015
4860.8			0.7777843596807021
4861.7			0.7983010791254338
4862.6			0.8981939574422895
4863.5			0.9914860973030869
4864.4			1.0
4865.3			1.0
4866.2			1.0
4867.1			1.0
4868.0			1.0
4868.9			0.9937781904002942
4869.8			0.9383371810015021
4870.7			0.8227578317398314
4871.6			0.7475576014235006
4872.5			0.802482784917276
4873.4			0.9256270510877539
4874.3			1.0017496692765173
4875.2			1.0
4876.1			1.0
4877.0			1.0
4877.9			1.0
4878.8			1.0
4879.7			1.0
4880.6			1.0
4881.5			1.0
4882.4			1.0
4883.3			1.0
4884.2			1.0
4885.1			1.0
4886.0			1.0
4886.9			1.0
4887.8			0.9934419614710854
4888.7			0.9607450616888659
4889.6			0.8790686286306986
4890.5			0.7614540959815824
4891.4			0.7080971192851546
4892.3			0.7893780103354596
4893.2			0.9175335119634797
4894.1			0.9892421844413851
4895.0			1.0028184601103654
4895.9			1.0
4896.8			1.0
4897.7			1.0
4898.6			1.0
4899.5			1.0
4900.4			1.0
4901.3			1.0
4902.2			1.0
4903.1			1.0
4904.0			1.0
4904.9			1.0
4905.8			1.0
4906.7			1.0
4907.6			0.991215887202792
4908.5			0.963244198798438
4909.4			0.9267013026037252
4910.3			0.9083067586061128
4911.2			0.9326475701043163
4912.1			0.9748511318321093
4913.0			0.9984038007906887
4913.9			1.0
4914.8			1.0
4915.7			1.0
4916.6			0.9842966270719853
4917.5			0.9090552572257055
4918.4			0.7837218451312614
4919.3			0.669236797003171
4920.2			0.6400820502288899
4921.1			0.7226494994391225
4922.0			0.8640220233243378
4922.9			0.9705467364431086
4923.8			0.999751070276091
4924.7			1.0
4925.6			1.0
4926.5			1.0
4927.4			1.0
4928.3			1.0
4929.2			1.0
4930.1			1.0
4931.0			1.0
4931.9			1.0
4932.8			1.0
4933.7			1.0
4934.6			1.0
4935.5			1.030730205664941
4936.4			1.0200030868330043
4937.3			0.953154364664019
4938.2			0.8702091536526697
4939.1			0.8383000841934675
4940.0			0.8883458941997538
4940.9			0.9592020705501444
4941.8			0.9868205381788941
4942.7			0.9921849764028103
4943.6			1.0
4944.5			1.0
4945.4			1.0
4946.3			1.0
4947.2			1.0
4948.1			1.0
4949.0			1.0
4949.9			1.0
4950.8			1.0
4951.7			1.0
4952.6			1.0
4953.5			1.0
4954.4			1.0
4955.3			0.943769264754185
4956.2			0.8240600137890196
4957.1			0.6932629514539506
4958.0			0.680283641744417
4958.9			0.8077412636718508
4959.8			0.9456278255523523
4960.7			1.0
4961.6			0.9998335846240156
4962.5			0.9872422917054677
4963.4			0.9777595121721271
4964.3			0.9577381505572576
4965.2			0.9272143193079492
4966.1			0.9090181113277178
4967.0			0.9075179191636933
4967.9			0.908236771229718
4968.8			0.9137058394457236
4969.7			0.9306703851909961
4970.6			0.9540169677663822
4971.5			0.9804704456155251
4972.4			0.9995640218903681
4973.3			1.0
4974.2			1.0
4975.1			1.0
4976.0			1.0
4976.9			1.0
4977.8			1.0
4978.7			0.9728692424924233
4979.6			0.9701157023009095
4980.5			0.9480643903194785
4981.4			0.8678552481805424
4982.3			0.7830363330427857
4983.2			0.7673828971070203
4984.1			0.8124773133130079
4985.0			0.8637370783967374
4985.9			0.9100690474496541
4986.8			0.9645527311168627
4987.7			1.0005237889748697
4988.6			1.0
4989.5			1.0
4990.4			1.0
4991.3			1.0
4992.2			1.0
4993.1			1.0
4994.0			1.0
4994.9			1.0
4995.8			1.0
4996.7			1.0
4997.6			1.0
4998.5			1.0
4999.4			1.0
5000.3			1.0
5001.2			1.0
5002.1			1.0
5003.0			1.0
5003.9			1.0141864600564197
5004.8			0.9637384765305077
5005.7			0.8719582439758665
5006.6			0.8303230432184617
5007.5			0.8779514187521358
5008.4			0.9552010216360801
5009.3			1.0028918317813489
5010.2			1.0
5011.1			1.0
5012.0			1.0
5012.9			1.0
5013.8			1.0
5014.7			1.0
5015.6			1.0
5016.5			1.0
5017.4			1.0
5018.3			1.0
5019.2			1.0
5020.1			1.0
5021.0			0.9527201818520139
5021.9			0.8924083097025869
5022.8			0.8863752632720524
5023.7			0.9470053158220819
5024.6			1.0001722827178705
5025.5			1.0
5026.4			1.0
5027.3			1.0
5028.2			1.0
5029.1			1.0
5030.0			1.0
5030.9			1.0
5031.8			1.0
5032.7			1.0
5033.6			1.0
5034.5			1.0
5035.4			1.0
5036.3			1.0
5037.2			1.0258976350660434
5038.1			1.0346142721870348
5039.0			0.970650158709299
5039.9			0.8690186572055442
5040.8			0.7947381112929359
5041.7			0.8032053376571573
5042.6			0.8821921578205058
5043.5			0.9585827280039708
5044.4			1.0070083083888648
5045.3			1.0
5046.2			1.0325517450291852
5047.1			1.0220129832875455
5048.0			0.9634570537563114
5048.9			0.8859894994670144
5049.8			0.8466702359637424
5050.7			0.8717753470401955
5051.6			0.9280973146975546
5052.5			0.9774782529948678
5053.4			1.0056678725736667
5054.3			1.0
5055.2			1.0
5056.1			1.0
5057.0			1.0
5057.9			1.0
5058.8			1.0
5059.7			1.0
5060.6			1.0
5061.5			1.0
5062.4			1.0
5063.3			1.0
5064.2			1.0
5065.1			1.0
5066.0			1.0
5066.9			1.0
5067.8			1.0
5068.7			1.0
5069.6			1.0
5070.5			1.0
5071.4			1.0
5072.3			1.0
5073.2			1.0171165530028496
5074.1			1.0473348773541593
5075.0			1.0359169852264296
5075.9			1.002197726470852
5076.8			0.9979962990679927
5077.7			1.0069830290249495
5078.6			0.970156111839379
5079.5			0.9044973391168395
5080.4			0.8784171095397537
5081.3			0.8874364472685717
5082.2			0.8894143282016489
5083.1			0.8921153376987903
5084.0			0.9187273373691498
5084.9			0.9615402073055893
5085.8			0.9977534803813947
5086.7			1.0105694723780687
5087.6			0.9974112799773478
5088.5			1.0
5089.4			1.0
5090.3			1.0
5091.2			1.0
5092.1			1.0
5093.0			1.0
5093.9			0.9965229146974285
5094.8			0.9459140791608769
5095.7			0.9046307616468697
5096.6			0.9105215707577528
5097.5			0.9246585114769261
5098.4			0.9004972531856366
5099.3			0.872308542197148
5100.2			0.8926895363225786
5101.1			0.9428793784032362
5102.0			0.9861647203012979
5102.9			1.0072964437293648
5103.8			1.0034624065647233
5104.7			0.9929102809407222
5105.6			1.0
5106.5			1.0
5107.4			1.0
5108.3			1.0
5109.2			1.0
5110.1			1.0
5111.0			1.0
5111.9			1.0
5112.8			1.0
5113.7			1.0
5114.6			1.0
5115.5			1.0
5116.4			1.0
5117.3			1.0160673988203437
5118.2			1.026465889371573
5119.1			1.0061819609795992
5120.0			0.9716902342027421
5120.9			0.9524020129596159
5121.8			0.9539385236287574
5122.7			0.9356812191112371
5123.6			0.8819520893629114
5124.5			0.8478309933989032
5125.4			0.8620237942504215
5126.3			0.8918061351148959
5127.2			0.9121252777664309
5128.1			0.9163027413152282
5129.0			0.8992373821885786
5129.9			0.8901063467921739
5130.8			0.9335232547488685
5131.7			0.9991139739080853
5132.6			1.0
5133.5			1.0
5134.4			1.0
5135.3			1.0
5136.2			1.0
5137.1			1.0
5138.0			1.0
5138.9			1.0
5139.8			1.0
5140.7			1.0
5141.6			1.0
5142.5			0.9685679196519672
5143.4			0.9769984325262971
5144.3			1.0067010150597773
5145.2			0.9956722918396189
5146.1			0.9635365589547885
5147.0			0.9601695817635159
5147.9			0.9833518599317931
5148.8			0.9962374798756739
5149.7			0.9803009530843865
5150.6			0.9558941930137479
5151.5			0.94228765390659
5152.4			0.9249092558149864
5153.3			0.8986665845840218
5154.2			0.9000553515697342
5155.1			0.951205451856031
5156.0			1.0227312671921023
5156.9			1.0798197374379739
5157.8			1.1120299676420797
5158.7			1.1146609878179472
5159.6			1.1102886448132328
5160.5			1.1154503603520574
5161.4			1.091689465188128
5162.3			1.0357330420208455
5163.2			1.0115745396432816
5164.1			1.000111982408988
5165.0			1.0
5165.9			1.0
5166.8			1.0
5167.7			1.0
5168.6			1.0
5169.5			1.1008496111070354
5170.4			1.0438735625330784
5171.3			0.8383479394033768
5172.2			0.6492338611036385
5173.1			0.6186100703143735
5174.0			0.7372087882350474
5174.9			0.8884067187248444
5175.8			1.0
5176.7			1.0478181164142923
5177.6			1.046541720778276
5178.5			1.0243894848385082
5179.4			0.9794699563427357
5180.3			0.8935104657093987
5181.2			0.7651113616592043
5182.1			0.6199391626758588
5183.0			0.5091623472309824
5183.9			0.5022665893344356
5184.8			0.6275848919544252
5185.7			0.8217119005617166
5186.6			0.9817731991237338
5187.5			1.058357184862663
5188.4			1.0860794117843904
5189.3			1.1122831952974783
5190.2			1.1005750243701573
5191.1			1.0049141609759598
5192.0			1.0
5192.9			1.0
5193.8			1.0
5194.7			1.0
5195.6			1.0
5196.5			1.0
5197.4			1.0
5198.3			1.0
5199.2			1.0
5200.1			1.0
5201.0			1.0
5201.9			0.9541523475875427
5202.8			0.8937063281472442
5203.7			0.8082473513934456
5204.6			0.7082881011248051
5205.5			0.6467890553570242
5206.4			0.6401057943145787
5207.3			0.6332513252334963
5208.2			0.6037103728202502
5209.1			0.6093520657083418
5210.0			0.6895539071020038
5210.9			0.8236277837823054
5211.8			0.9642018541637792
5212.7			1.052095586618111
5213.6			1.0580874663571231
5214.5			1.0019248233097615
5215.4			1.0
5216.3			1.0
5217.2			1.0
5218.1			1.0
5219.0			1.0
5219.9			1.0
5220.8			1.0
5221.7			1.0
5222.6			1.0
5223.5			0.9550597162268898
5224.4			0.8962965073387251
5225.3			0.828074740626167
5226.2			0.7579653897542619
5227.1			0.7384126361736114
5228.0			0.8127556759732836
5228.9			0.9192273419368505
5229.8			0.9809652551020305
5230.7			0.9963327258826179
5231.6			1.0
5232.5			1.0
5233.4			1.0
5234.3			1.0
5235.2			1.0
5236.1			1.0
5237.0			1.0
5237.9			1.0
5238.8			1.0
5239.7			1.0
5240.6			0.9982117269151567
5241.5			0.9906488483704768
5242.4			0.9802837931895427
5243.3			0.9861576977345261
5244.2			1.0112551625183617
5245.1			1.020891403551475
5246.0			0.9843681799464505
5246.9			0.9341345532859797
5247.8			0.9272028854253155
5248.7			0.9496903105606066
5249.6			0.945752634628295
5250.5			0.9226027805815773
5251.4			0.924595196334694
5252.3			0.946577255134616
5253.2			0.9563178636030772
5254.1			0.9456456676969486
5255.0			0.9387240927393645
5255.9			0.9666274660933818
5256.8			1.0169553052120455
5257.7			1.0507936659114467
5258.6			1.0578999094216597
5259.5			1.0
5260.4			0.9575548448277602
5261.3			0.8869377376321919
5262.2			0.8114620106166506
5263.1			0.7563781699009862
5264.0			0.7218634644031298
5264.9			0.6905007363015372
5265.8			0.6704866010609416
5266.7			0.6917905161896448
5267.6			0.7118479266080214
5268.5			0.6457548566337353
5269.4			0.5417296548398098
5270.3			0.5468687591883886
5271.2			0.6748131085514059
5272.1			0.79586168434248
5273.0			0.8447538977682143
5273.9			0.8580813823000957
5274.8			0.8603747237040815
5275.7			0.8696484427172351
5276.6			0.9144490900281733
5277.5			0.9742644056129732
5278.4			1.0
5279.3			0.9808204217901472
5280.2			0.9340022002173989
5281.1			0.8753150893166765
5282.0			0.823156700659122
5282.9			0.7947190765694865
5283.8			0.8122268927132178
5284.7			0.8810209774145776
5285.6			0.9595451747196325
5286.5			1.0000389967949026
5287.4			1.0
5288.3			1.0
5289.2			1.0
5290.1			1.0
5291.0			1.0
5291.9			1.0
5292.8			1.0
5293.7			1.0
5294.6			1.0009888855303077
5295.5			0.9707670074668454
5296.4			0.9028249045969173
5297.3			0.8354652893562678
5298.2			0.8330363115841078
5299.1			0.9061163030987934
5300.0			0.982946053333446
5300.9			1.0050354744517704
5301.8			1.003070063500749
5302.7			1.0
5303.6			1.0
5304.5			1.0
5305.4			1.0
5306.3			1.0
5307.2			1.0
5308.1			1.0
5309.0			1.0
5309.9			1.0
5310.8			1.0
5311.7			1.0
5312.6			1.0
5313.5			1.0
5314.4			1.0
5315.3			1.0
5316.2			1.0
5317.1			1.0
5318.0			1.0
5318.9			1.0
5319.8			1.0
5320.7			1.0
5321.6			1.0
5322.5			1.0
5323.4			1.0
5324.3			0.9455974454290359
5325.2			0.9617564952183983
5326.1			0.9518579432117188
5327.0			0.8297109877152095
5327.9			0.6869258517808295
5328.8			0.6814756336166897
5329.7			0.8112296767600747
5330.6			0.9441084832973755
5331.5			0.9979489245796387
5332.4			1.0
5333.3			1.0
5334.2			1.0
5335.1			1.0
5336.0			1.0
5336.9			1.0
5337.8			0.991586039268518
5338.7			0.9548055141938032
5339.6			0.8838338332604151
5340.5			0.8400095225525955
5341.4			0.8742485507434019
5342.3			0.9492417845402827
5343.2			0.9996337320485438
5344.1			1.0
5345.0			1.0
5345.9			1.0
5346.8			1.0
5347.7			1.0
5348.6			1.0
5349.5			1.0
5350.4			1.0
5351.3			1.0
5352.2			1.0
5353.1			1.0
5354.0			1.0
5354.9			1.0
5355.8			1.0
5356.7			1.0
5357.6			1.0
5358.5			1.0
5359.4			1.0
5360.3			1.0
5361.2			1.0
5362.1			1.0
5363.0			1.0
5363.9			1.0
5364.8			1.0
5365.7			1.0
5366.6			1.0
5367.5			0.9944617197544917
5368.4			0.9725224263958152
5369.3			0.9045898371043398
5370.2			0.7964216531614835
5371.1			0.7225831268915303
5372.0			0.7553443745720808
5372.9			0.8635981991066947
5373.8			0.9560529351460292
5374.7			0.9975815548182265
5375.6			1.0
5376.5			1.0
5377.4			1.0
5378.3			1.0
5379.2			1.0
5380.1			1.0
5381.0			1.0
5381.9			1.0
5382.8			1.0
5383.7			1.0
5384.6			1.0
5385.5			1.0
5386.4			1.0
5387.3			1.0
5388.2			1.0
5389.1			1.0
5390.0			1.0
5390.9			1.0
5391.8			1.0
5392.7			1.0
5393.6			1.0
5394.5			1.0
5395.4			1.0
5396.3			1.0
5397.2			1.0
5398.1			1.0
5399.0			1.0
5399.9			1.0
5400.8			1.0
5401.7			1.0220278860182783
5402.6			1.0183223848851157
5403.5			0.9542660180762982
5404.4			0.85887833876478
5405.3			0.8011420477356161
5406.2			0.8344426774316623
5407.1			0.9353995246419546
5408.0			1.0094598787383764
5408.9			0.9992340634918724
5409.8			1.0
5410.7			1.0
5411.6			1.0
5412.5			1.0
5413.4			1.0
5414.3			1.0
5415.2			1.0
5416.1			1.0
5417.0			1.0
5417.9			1.0
5418.8			1.0
5419.7			1.0
5420.6			1.0
5421.5			1.0
5422.4			1.0
5423.3			1.0
5424.2			1.0
5425.1			1.0
5426.0			1.0593907179394955
5426.9			1.0915344967802376
5427.8			1.0571410953548301
5428.7			0.9557075469933002
5429.6			0.882401671689276
5430.5			0.9244443969566835
5431.4			1.0144592843039444
5432.3			1.0426184381566785
5433.2			1.004722646921818
5434.1			1.0
5435.0			1.0
5435.9			1.0
5436.8			1.0
5437.7			1.0
5438.6			1.0
5439.5			1.0
5440.4			1.0
5441.3			1.0
5442.2			1.0
5443.1			1.0
5444.0			0.9685645396916033
5444.9			0.8987474031137418
5445.8			0.8107183652688222
5446.7			0.7652981044172056
5447.6			0.8142680898108886
5448.5			0.9198612104197323
5449.4			0.9984905662463016
5450.3			1.0
5451.2			1.0
5452.1			1.0
5453.0			0.979946606360451
5453.9			0.9214841783481427
5454.8			0.8381365668591311
5455.7			0.806980987036717
5456.6			0.868493187738801
5457.5			0.9556336350359731
5458.4			0.9996198402375592
5459.3			1.0
5460.2			1.0
5461.1			1.0
5462.0			1.0
5462.9			1.0
5463.8			1.0
5464.7			1.0
5465.6			1.0
5466.5			1.0
5467.4			1.0
5468.3			1.0
5469.2			1.0
5470.1			1.0
5471.0			1.0
5471.9			1.0
5472.8			0.99236798064066
5473.7			0.9716319158975935
5474.6			0.9538760660717733
5475.5			0.91766839352333
5476.4			0.8707465197377519
5477.3			0.8776078776882943
5478.2			0.9440467312678351
5479.1			1.0006602320012041
5480.0			1.0004037422295626
5480.9			1.0
5481.8			1.0
5482.7			1.0
5483.6			1.0
5484.5			1.0
5485.4			1.0
5486.3			1.0
5487.2			1.0
5488.1			1.0
5489.0			1.0
5489.9			1.0
5490.8			1.0
5491.7			1.0
5492.6			1.0
5493.5			1.0
5494.4			1.0
5495.3			1.0
5496.2			1.0
5497.1			1.0
5498.0			1.0
5498.9			1.0
5499.8			1.0
5500.7			1.0
5501.6			1.0
5502.5			1.0
5503.4			1.0
5504.3			1.0
5505.2			1.0
5506.1			1.0
5507.0			1.0
5507.9			1.0
5508.8			1.0350202672108373
5509.7			1.0300129444073625
5510.6			0.9956580855057309
5511.5			0.946090571889295
5512.4			0.9052228744624906
5513.3			0.8953127873556398
5514.2			0.9123198683905761
5515.1			0.9367507161237907
5516.0			0.9571417198859504
5516.9			0.9766560917431449
5517.8			0.9971101022596055
5518.7			1.0
5519.6			1.0
5520.5			1.0
5521.4			1.0
5522.3			1.0
5523.2			1.0
5524.1			1.0
5525.0			1.0
5525.9			0.975635273746128
5526.8			0.9265287070409981
5527.7			0.8660335670257086
5528.6			0.8556274193807908
5529.5			0.9162274981965302
5530.4			0.9806334568175669
5531.3			1.0001997033908216
5532.2			1.0
5533.1			1.0
5534.0			1.0
5534.9			1.0
5535.8			1.0
5536.7			1.0
5537.6			1.0
5538.5			1.0
5539.4			1.0
5540.3			1.0
5541.2			1.0
5542.1			1.0
5543.0			1.0
5543.9			1.0
5544.8			1.0
5545.7			1.0
5546.6			1.0
5547.5			1.0
5548.4			1.0
5549.3			1.0
5550.200000000001			1.0
5551.1			1.0
5552.0			1.0
5552.9			1.0
5553.8			1.0
5554.700000000001			1.0
5555.6			1.0
5556.5			1.0
5557.4			1.0
5558.3			1.0
5559.200000000001			1.0
5560.1			1.0
5561.0			1.0
5561.9			1.0
5562.8			1.0
5563.700000000001			1.0
5564.6			1.0
5565.5			1.0
5566.4			1.0
5567.3			1.0024494268496058
5568.200000000001			0.9877566467462254
5569.1			0.9630287730005425
5570.0			0.9613862982298335
5570.9			0.9712438537891129
5571.8			0.9511648280169082
5572.700000000001			0.9263461483104046
5573.6			0.9457334821454192
5574.5			0.9817766211201909
5575.4			0.9835539953873181
5576.3			0.9737485633932836
5577.200000000001			0.987294437556646
5578.1			1.0028117920946555
5579.0			1.0
5579.9			1.0
5580.8			1.0
5581.700000000001			1.0
5582.6			1.0
5583.5			1.0087790605051221
5584.4			0.9898102676748066
5585.3			0.9364430133291961
5586.200000000001			0.8671272074130981
5587.1			0.8188314438232921
5588.0			0.8150873134177763
5588.9			0.8486696880751756
5589.8			0.9082168229221141
5590.700000000001			0.9719594836892754
5591.6			1.0055128061954823
5592.5			0.9986541017191457
5593.4			1.0
5594.3			1.0
5595.200000000001			1.0
5596.1			1.0
5597.0			1.0
5597.9			1.0
5598.8			1.0
5599.700000000001			1.0
5600.6			1.0
5601.5			1.0
5602.4			1.0
5603.3			1.0
5604.200000000001			1.0
5605.1			1.0
5606.0			1.0
5606.9			1.0
5607.8			1.0
5608.700000000001			1.0
5609.6			1.0
5610.5			1.0
5611.4			1.0
5612.3			1.0
5613.200000000001			0.9838776716437361
5614.1			0.9097419519024632
5615.0			0.8242406848468715
5615.9			0.8136991691546628
5616.8			0.883450382252046
5617.700000000001			0.9601338607660773
5618.6			0.9968309164916304
5619.5			1.0
5620.4			1.0
5621.3			1.0
5622.200000000001			1.0
5623.1			1.0
5624.0			1.0
5624.9			1.0
5625.8			1.0
5626.700000000001			1.0
5627.6			1.0
5628.5			1.0
5629.4			1.0
5630.3			1.0
5631.200000000001			1.0
5632.1			1.0
5633.0			1.0
5633.9			1.0
5634.8			1.0
5635.700000000001			1.0
5636.6			1.0
5637.5			1.0
5638.4			1.0
5639.3			1.0
5640.200000000001			1.0
5641.1			1.0
5642.0			1.0
5642.9			1.0
5643.8			1.0
5644.700000000001			1.0
5645.6			1.0
5646.5			1.0
5647.4			1.0
5648.3			1.0
5649.200000000001			1.0
5650.1			1.0
5651.0			1.0
5651.9			1.0
5652.8			1.0
5653.700000000001			1.0
5654.6			1.0
5655.5			0.9929764076379475
5656.4			0.9886741941250952
5657.3			0.9605667197736326
5658.200000000001			0.9232103583783018
5659.1			0.9244128490370523
5660.0			0.9680893547601575
5660.9			1.0027024395687718
5661.8			1.0035766782274107
5662.700000000001			0.9986817370001437
5663.6			1.0
5664.5			1.0
5665.4			1.0
5666.3			1.0
5667.200000000001			1.0
5668.1			1.0
5669.0			1.0
5669.9			1.0
5670.8			1.0
5671.700000000001			1.0
5672.6			1.0
5673.5			1.0
5674.4			1.0
5675.3			1.0
5676.200000000001			1.0
5677.1			1.0
5678.0			1.0
5678.9			1.0
5679.8			1.0
5680.700000000001			1.0
5681.6			1.0
5682.5			1.0
5683.4			1.0
5684.3			1.0196672106226394
5685.200000000001			1.0147309353187934
5686.1			0.9803416676865947
5687.0			0.9434817411877142
5687.9			0.93070709311882
5688.8			0.9431860827379125
5689.700000000001			0.965703316555912
5690.6			0.9850733713416471
5691.5			1.0014817843585464
5692.4			1.0
5693.3			1.0
5694.200000000001			1.0
5695.1			1.0
5696.0			1.0
5696.9			1.0
5697.8			1.0
5698.700000000001			1.0
5699.6			1.0
5700.5			1.0
5701.4			1.0
5702.3			0.9913423854022487
5703.200000000001			1.0041127111235066
5704.1			1.0181356669176913
5705.0			1.010666301846125
5705.9			0.9893650174924832
5706.8			0.9718174512883347
5707.700000000001			0.9540458627976459
5708.6			0.9303153719714518
5709.5			0.9139397999073614
5710.4			0.9079147092583459
5711.3			0.9053864775219106
5712.200000000001			0.9210268111640659
5713.1			0.9521840555578986
5714.0			0.9763803604194902
5714.9			0.9869199226368597
5715.8			0.9885117564249948
5716.700000000001			0.9828953253589109
5717.6			0.9843115701079994
5718.5			0.9976891707680732
5719.4			1.0
5720.3			1.0
5721.200000000001			1.0
5722.1			1.0
5723.0			1.0
5723.9			1.0
5724.8			1.0
5725.700000000001			1.0
5726.6			1.0
5727.5			1.0
5728.4			1.0
5729.3			1.0
5730.200000000001			1.0
5731.1			1.0
5732.0			1.0
5732.9			1.0
5733.8			1.0
5734.700000000001			1.0
5735.6			1.0
5736.5			1.0
5737.4			1.0
5738.3			1.0
5739.200000000001			1.0
5740.1			1.0
5741.0			1.0
5741.9			1.0
5742.8			1.0
5743.700000000001			1.0
5744.6			1.0
5745.5			1.0
5746.4			1.0
5747.3			1.0
5748.200000000001			1.0
5749.1			1.0
5750.0			1.0
5750.9			1.0
5751.8			1.0
5752.700000000001			1.0
5753.6			1.0
5754.5			1.0
5755.4			1.0
5756.3			1.0
5757.200000000001			1.0
5758.1			1.0
5759.0			1.0
5759.9			0.9979610412401212
5760.8			0.9813322727873537
5761.700000000001			0.9450154996672305
5762.6			0.9217321192618919
5763.5			0.9421885527989574
5764.4			0.9795572197929274
5765.3			1.0001790535123356
5766.200000000001			1.0
5767.1			1.0
5768.0			1.0
5768.9			1.0
5769.8			1.0
5770.700000000001			1.0
5771.6			1.0
5772.5			1.0
5773.4			1.0
5774.3			1.0
5775.200000000001			1.0
5776.1			1.0
5777.0			1.0
5777.9			1.0
5778.8			1.0
5779.700000000001			1.0
5780.6			1.0
5781.5			1.0
5782.4			1.0
5783.3			1.0
5784.200000000001			1.0
5785.1			1.0
5786.0			1.0
5786.9			1.0
5787.8			1.0
5788.700000000001			1.0
5789.6			1.0
5790.5			1.0
5791.4			1.0
5792.3			1.0
5793.200000000001			1.0
5794.1			1.0
5795.0			1.0
5795.9			1.0
5796.8			1.0
5797.700000000001			1.0
5798.6			1.0
5799.5			1.0
5800.4			1.0
5801.3			1.0
5802.200000000001			1.0
5803.1			1.0
5804.0			1.0
5804.9			1.0
5805.8			1.0
5806.700000000001			1.0
5807.6			1.0
5808.5			1.0
5809.4			1.0
5810.3			1.0
5811.200000000001			1.0
5812.1			1.0
5813.0			1.0
5813.9			1.0
5814.8			1.0
5815.700000000001			1.0
5816.6			1.0
5817.5			1.0
5818.4			1.0
5819.3			1.0
5820.200000000001			1.0
5821.1			1.0
5822.0			1.0
5822.9			1.0
5823.8			1.0
5824.700000000001			1.0
5825.6			1.0
5826.5			1.0
5827.4			1.0
5828.3			1.0
5829.200000000001			1.0
5830.1			1.0
5831.0			1.0
5831.9			1.0
5832.8			1.0
5833.700000000001			1.0
5834.6			1.0
5835.5			1.0
5836.4			1.0
5837.3			1.0
5838.200000000001			1.0
5839.1			1.0
5840.0			1.0
5840.9			1.0
5841.8			1.0
5842.700000000001			1.0
5843.6			1.0
5844.5			1.0
5845.4			1.0
5846.3			1.0
5847.200000000001			1.0
5848.1			1.0
5849.0			1.0
5849.9			1.0
5850.8			1.0
5851.700000000001			1.0
5852.6			1.0
5853.5			1.0041044766318679
5854.4			1.0109165339656996
5855.3			0.9968585394291328
5856.200000000001			0.9533574447901405
5857.1			0.912282510786377
5858.0			0.9128318608190162
5858.9			0.9481839907949687
5859.8			0.9821902122608372
5860.700000000001			1.0000875302538923
5861.6			1.0
5862.5			1.0
5863.4			1.0
5864.3			1.0
5865.200000000001			1.0
5866.1			1.0
5867.0			1.0
5867.9			1.0
5868.8			1.0
5869.700000000001			1.0
5870.6			1.0
5871.5			1.0
5872.4			1.0
5873.3			1.0
5874.200000000001			1.0
5875.1			1.0
5876.0			1.0
5876.9			1.0
5877.8			1.0
5878.700000000001			1.0
5879.6			1.0
5880.5			1.0
5881.4			1.0
5882.3			1.0
5883.200000000001			1.0
5884.1			1.0
5885.0			1.0
5885.9			1.0264550491981357
5886.8			1.0116715969332157
5887.700000000001			0.9182678452622938
5888.6			0.7531297241302444
5889.5			0.6103198486156814
5890.4			0.6177688257572306
5891.3			0.7928012699917453
5892.200000000001			1.0150287488416485
5893.1			1.1531669876784405
5894.0			1.144654834750745
5894.9			1.016006345701465
5895.8			1.0
5896.700000000001			1.0
5897.6			1.0
5898.5			1.0
5899.4			1.0
5900.3			1.0
5901.200000000001			1.0
5902.1			1.0
5903.0			1.0
5903.9			1.0
5904.8			1.0
5905.700000000001			1.0
5906.6			1.0
5907.5			1.0
5908.4			1.0
5909.3			1.0
5910.200000000001			1.0
5911.1			1.0
5912.0			1.0
5912.9			1.0
5913.8			1.0
5914.700000000001			1.0
5915.6			1.0
5916.5			1.0
5917.4			1.0
5918.3			1.0
5919.200000000001			1.0
5920.1			1.0
5921.0			1.0
5921.9			1.0
5922.8			1.0
5923.700000000001			1.0
5924.6			1.0
5925.5			1.0
5926.4			1.0
5927.3			1.0
5928.200000000001			1.0
5929.1			1.0
5930.0			1.0
5930.9			1.0
5931.8			1.0
5932.700000000001			1.0
5933.6			1.0
5934.5			1.0
5935.4			1.0
5936.3			1.0
5937.200000000001			1.0
5938.1			1.0
5939.0			1.0
5939.9			1.0
5940.8			1.0
5941.700000000001			1.0
5942.6			1.0
5943.5			1.0
5944.4			1.0
5945.3			1.0
5946.200000000001			1.0
5947.1			1.0
5948.0			1.0
5948.9			1.0
5949.8			1.0
5950.700000000001			1.0
5951.6			1.0
5952.5			1.0
5953.4			1.0
5954.3			1.0
5955.200000000001			1.0
5956.1			1.0
5957.0			1.0
5957.9			1.0
5958.8			1.0
5959.700000000001			1.0
5960.6			1.0
5961.5			1.0
5962.4			1.0
5963.3			1.0
5964.200000000001			1.0
5965.1			1.0
5966.0			1.0
5966.9			1.0
5967.8			1.0
5968.700000000001			1.0
5969.6			1.0
5970.5			1.0
5971.4			1.0
5972.3			1.0
5973.200000000001			1.0
5974.1			1.0
5975.0			1.0
5975.9			1.0
5976.8			1.0
5977.700000000001			1.0
5978.6			1.0
5979.5			1.0
5980.4			1.0
5981.3			1.0
5982.200000000001			1.0
5983.1			1.0
5984.0			1.0
5984.9			1.0
5985.8			1.0
5986.700000000001			1.0
5987.6			1.0
5988.5			1.0
5989.4			1.0
5990.3			1.0
5991.200000000001			1.0
5992.1			1.0
5993.0			1.0
5993.9			1.0
5994.8			1.0
5995.700000000001			1.0
5996.6			1.0
5997.5			1.0
5998.4			1.0
5999.3			1.0
6000.200000000001			1.0
6001.1			1.0
6002.0			1.0
6002.9			1.0
6003.8			1.0
6004.700000000001			1.0
6005.6			1.0
6006.5			1.0
6007.4			1.0
6008.3			1.0
6009.200000000001			1.0
6010.1			1.0
6011.0			1.0
6011.9			1.0
6012.8			1.0
6013.700000000001			0.9968419009375012
6014.6			1.0103181655202276
6015.5			1.0183269272046387
6016.4			1.0173296999490735
6017.3			1.015933158579789
6018.200000000001			1.006343644930707
6019.1			0.9803271071828662
6020.0			0.9536916240962804
6020.9			0.9440022381724655
6021.8			0.952023468170111
6022.700000000001			0.9632184931524449
6023.6			0.9680604935254115
6024.5			0.9721448419493345
6025.4			0.9799356254414021
6026.3			0.9856771856366098
6027.200000000001			0.9911523377372514
6028.1			1.000858890323296
6029.0			1.0
6029.9			1.0
6030.8			1.0
6031.700000000001			1.0
6032.6			1.0
6033.5			1.0
6034.4			1.0
6035.3			1.0
6036.200000000001			1.0
6037.1			1.0
6038.0			1.0
6038.9			1.0
6039.8			1.0
6040.700000000001			1.0
6041.6			1.0
6042.5			1.0
6043.4			1.0
6044.3			1.0
6045.200000000001			1.0
6046.1			1.0
6047.0			1.0
6047.9			1.0
6048.8			1.0
6049.700000000001			1.0
6050.6			1.0
6051.5			1.0
6052.4			1.0
6053.3			1.0
6054.200000000001			1.0
6055.1			1.0
6056.0			1.0
6056.9			1.0
6057.8			1.0
6058.700000000001			1.0
6059.6			1.0
6060.5			1.0
6061.4			0.9973180911340541
6062.3			0.9866554354553223
6063.200000000001			0.9697720777066237
6064.1			0.9436649455135877
6065.0			0.9215584800393999
6065.9			0.9287154406485766
6066.8			0.9635928814158669
6067.700000000001			0.9927856709040573
6068.6			0.999194017741754
6069.5			1.0
6070.4			1.0
6071.3			1.0
6072.200000000001			1.0
6073.1			1.0
6074.0			1.0
6074.9			1.0
6075.8			1.0
6076.700000000001			1.0
6077.6			1.0
6078.5			1.0
6079.4			1.0
6080.3			1.0
6081.200000000001			1.0
6082.1			1.0
6083.0			1.0
6083.9			1.0
6084.8			1.0
6085.700000000001			1.0
6086.6			1.0
6087.5			1.0
6088.4			1.0
6089.3			1.0
6090.200000000001			1.0
6091.1			1.0
6092.0			1.0
6092.9			1.0
6093.8			1.0
6094.700000000001			1.0
6095.6			1.0
6096.5			1.0
6097.4			1.0
6098.3			1.0
6099.200000000001			1.0
6100.1			0.9907849739596274
6101.0			0.9424323245628189
6101.9			0.8715164393475445
6102.8			0.8434286634812468
6103.700000000001			0.8897133538975932
6104.6			0.9606504316531337
6105.5			0.9995302719520387
6106.4			1.0
6107.3			1.0
6108.200000000001			1.0
6109.1			1.0
6110.0			1.0
6110.9			1.0
6111.8			1.0
6112.700000000001			1.0
6113.6			1.0
6114.5			1.0
6115.4			1.0
6116.3			1.0
6117.200000000001			1.0
6118.1			1.0
6119.0			0.992121976303888
6119.9			0.9603953964071289
6120.8			0.9028792385967516
6121.700000000001			0.8463045176705108
6122.6			0.8474188828025885
6123.5			0.9126189622823907
6124.4			0.9816323512844394
6125.3			1.0076472082766192
6126.200000000001			1.003601492633739
6127.1			1.0
6128.0			1.0
6128.9			1.0
6129.8			1.0
6130.700000000001			1.0
6131.6			1.0
6132.5			1.0
6133.4			1.0
6134.3			0.9806487682171018
6135.200000000001			0.9360751040173813
6136.1			0.8780139763976009
6137.0			0.8441765725915154
6137.9			0.8734571527321559
6138.8			0.9452195948057512
6139.700000000001			0.9970022643577732
6140.6			1.0
6141.5			1.0
6142.4			1.0
6143.3			1.0
6144.200000000001			1.0
6145.1			1.0
6146.0			1.0
6146.9			1.0
6147.8			1.0
6148.700000000001			1.0
6149.6			1.0
6150.5			1.0
6151.4			1.0
6152.3			1.0
6153.200000000001			1.0
6154.1			1.0
6155.0			1.0
6155.9			1.0
6156.8			1.0
6157.700000000001			1.0
6158.6			1.00331733869926
6159.5			0.9706550283768022
6160.4			0.8815849781732686
6161.3			0.7795384561856143
6162.200000000001			0.7480324710810821
6163.1			0.8154387491967158
6164.0			0.9207919846777706
6164.9			0.988202498658488
6165.8			1.004977557118797
6166.700000000001			1.0
6167.6			1.0
6168.5			1.0
6169.4			1.0
6170.3			1.0
6171.200000000001			1.0
6172.1			1.0
6173.0			1.0
6173.9			1.0
6174.8			1.0
6175.700000000001			1.0
6176.6			1.0
6177.5			1.0
6178.4			1.0
6179.3			1.0
6180.200000000001			1.0
6181.1			1.0
6182.0			1.0
6182.9			1.0
6183.8			1.0
6184.700000000001			1.0
6185.6			1.0
6186.5			1.0
6187.4			1.0
6188.3			1.0
6189.200000000001			0.9856909414519112
6190.1			0.9520760474662999
6191.0			0.9145589856322786
6191.9			0.9107008462429027
6192.8			0.9467563675515908
6193.700000000001			0.9854105398692841
6194.6			1.0012428444484813
6195.5			1.0
6196.4			1.0
6197.3			1.0
6198.200000000001			1.0
6199.1			1.0
6200.0			1.0
6200.9			1.0
6201.8			1.0
6202.700000000001			1.0
6203.6			1.0
6204.5			1.0
6205.4			1.0
6206.3			1.0
6207.200000000001			1.0
6208.1			1.0
6209.0			1.0
6209.9			1.0
6210.8			1.0
6211.700000000001			1.0
6212.6			1.0
6213.5			1.0
6214.4			1.0
6215.3			1.0
6216.200000000001			1.0
6217.1			1.0
6218.0			1.0
6218.9			1.0
6219.8			1.0
6220.700000000001			1.0
6221.6			1.0
6222.5			1.0
6223.4			1.0
6224.3			1.0
6225.200000000001			1.0
6226.1			1.0
6227.0			1.0100901566899276
6227.9			1.0027061164690583
6228.8			0.9729448463673499
6229.700000000001			0.9292327723310967
6230.6			0.9044296899667892
6231.5			0.9150183767723692
6232.4			0.9435873281583337
6233.3			0.9724559340890923
6234.200000000001			0.9995983124995037
6235.1			1.0
6236.0			1.0
6236.9			1.0
6237.8			1.0
6238.700000000001			1.0
6239.6			1.0
6240.5			1.0
6241.4			1.0
6242.3			1.0
6243.200000000001			1.0
6244.1			1.0
6245.0			1.0
6245.9			1.0
6246.8			1.0
6247.700000000001			1.034367071415758
6248.6			1.0576699931250437
6249.5			1.0521625602331943
6250.4			1.022375324625788
6251.3			0.9824615396815317
6252.200000000001			0.953666361787769
6253.1			0.9478550284806762
6254.0			0.9544401865478843
6254.9			0.9583642391533276
6255.8			0.9531360554991511
6256.700000000001			0.9379885823858398
6257.6			0.9217997738462032
6258.5			0.9210680988090659
6259.4			0.9365175079167949
6260.3			0.9546167784763373
6261.200000000001			0.9753637050974512
6262.1			1.002460316260931
6263.0			1.0185105784578774
6263.9			1.0061921341925153
6264.8			0.9829277919008131
6265.700000000001			0.9751740155866223
6266.6			0.9859316721537058
6267.5			0.9982186574599882
6268.4			1.0
6269.3			1.0
6270.200000000001			1.0
6271.1			1.0
6272.0			1.0
6272.9			1.0
6273.8			1.0
6274.700000000001			1.0
6275.6			1.0
6276.5			1.0
6277.4			1.0
6278.3			1.0
6279.200000000001			1.0
6280.1			1.0
6281.0			1.0
6281.9			1.0
6282.8			1.0
6283.700000000001			1.0
6284.6			1.0
6285.5			1.0
6286.4			1.0
6287.3			1.0
6288.200000000001			1.0
6289.1			1.0
6290.0			1.0
6290.9			1.0
6291.8			1.0
6292.700000000001			1.0
6293.6			1.0
6294.5			1.0
6295.4			1.0
6296.3			1.0
6297.200000000001			1.0
6298.1			1.0109585589577692
6299.0			1.0173492694414534
6299.9			0.9947843331061654
6300.8			0.9522083148901345
6301.700000000001			0.9258279778948848
6302.6			0.9371306954463889
6303.5			0.9686775484914937
6304.4			0.9905454728580009
6305.3			0.9983493291130252
6306.200000000001			1.0
6307.1			1.0
6308.0			1.0
6308.9			1.0
6309.8			1.0
6310.700000000001			1.0
6311.6			1.0
6312.5			1.0
6313.4			1.0
6314.3			1.0
6315.200000000001			1.0
6316.1			1.0
6317.0			1.0
6317.9			1.0
6318.8			1.0
6319.700000000001			1.0
6320.6			1.0
6321.5			1.0
6322.4			1.0
6323.3			1.0
6324.200000000001			1.0
6325.1			1.0
6326.0			1.0
6326.9			1.0
6327.8			1.0
6328.700000000001			1.0
6329.6			1.0
6330.5			1.0
6331.4			1.0
6332.3			1.0
6333.200000000001			1.0
6334.1			1.0
6335.0			1.0
6335.9			1.0
6336.8			1.0
6337.700000000001			1.0
6338.6			1.0
6339.5			1.0
6340.4			1.0
6341.3			1.0
6342.200000000001			1.0
6343.1			1.0
6344.0			1.0
6344.9			1.0
6345.8			1.0
6346.700000000001			1.0
6347.6			1.0
6348.5			1.0
6349.4			1.0
6350.3			1.0
6351.200000000001			1.0
6352.1			1.0
6353.0			1.0
6353.9			1.0
6354.8			1.0
6355.700000000001			1.0
6356.6			1.0
6357.5			1.0
6358.4			1.0
6359.3			1.0
6360.200000000001			1.0
6361.1			1.0
6362.0			1.0
6362.9			1.0
6363.8			1.0
6364.700000000001			1.0
6365.6			1.0
6366.5			1.0
6367.4			1.0
6368.3			1.0
6369.200000000001			1.0
6370.1			1.0
6371.0			1.0
6371.9			1.0
6372.8			1.0
6373.700000000001			1.0
6374.6			1.0
6375.5			1.0
6376.4			1.0
6377.3			1.0
6378.200000000001			1.0
6379.1			1.0
6380.0			1.0
6380.9			1.0
6381.8			1.0
6382.700000000001			1.0
6383.6			1.0
6384.5			1.0
6385.4			1.0
6386.3			1.0
6387.200000000001			1.0
6388.1			1.0
6389.0			1.0
6389.9			1.0
6390.8			1.0
6391.700000000001			1.0
6392.6			1.0
6393.5			1.0
6394.4			1.0
6395.3			1.0
6396.200000000001			1.0
6397.1			0.984451566436288
6398.0			0.9451561917513849
6398.9			0.8962059580580436
6399.8			0.8754272033556573
6400.700000000001			0.908940340798475
6401.6			0.9663331758134125
6402.5			1.0001525868497865
6403.4			1.0
6404.3			1.0
6405.200000000001			1.0
6406.1			1.0
6407.0			1.0
6407.9			1.0
6408.8			1.0
6409.700000000001			1.0
6410.6			1.0
6411.5			1.0
6412.4			1.0
6413.3			1.0
6414.200000000001			1.0
6415.1			1.0
6416.0			1.0
6416.9			1.0
6417.8			1.0
6418.700000000001			1.0
6419.6			1.0
6420.5			1.0
6421.4			1.0
6422.3			1.0
6423.200000000001			1.0
6424.1			1.0
6425.0			1.0
6425.9			1.0
6426.8			1.0
6427.700000000001			1.0
6428.6			1.0
6429.5			1.0
6430.4			1.0
6431.3			1.0
6432.200000000001			1.0
6433.1			1.0
6434.0			1.0
6434.9			0.9938526196785611
6435.8			0.982837946856097
6436.700000000001			0.9568598719877124
6437.6			0.9078557298657562
6438.5			0.8651131139946056
6439.4			0.8711851463556147
6440.3			0.9209169304312784
6441.200000000001			0.9710585294670435
6442.1			0.9991344135527167
6443.0			1.0
6443.9			1.0
6444.8			1.0
6445.700000000001			1.0
6446.6			0.9939052596685557
6447.5			0.9740244006680068
6448.4			1.0
6449.3			0.9612400721702569
6450.200000000001			0.9729509891623127
6451.1			1.0208552490481537
6452.0			1.058628052764015
6452.9			1.0659256292763437
6453.8			1.0510279532587565
6454.700000000001			1.0297611277350645
6455.6			1.0206195657957349
6456.5			1.0303107381738532
6457.4			1.0463688516223058
6458.3			1.055751399341123
6459.200000000001			1.0530503065580434
6460.1			1.026196827465533
6461.0			0.9697392759259478
6461.9			0.9184665880638102
6462.8			0.9217507886014396
6463.700000000001			0.9739551338909289
6464.6			1.0268546637276592
6465.5			1.0528294314802795
6466.4			1.0564211541553084
6467.3			1.0473244589371618
6468.200000000001			1.0323082227943619
6469.1			1.0145622732068174
6470.0			0.9963987200734548
6470.9			0.9873895864987817
6471.8			0.9992115132023279
6472.700000000001			1.0203100564269751
6473.6			1.025819325615092
6474.5			1.0177078118414906
6475.4			1.0180006814466074
6476.3			1.0
6477.200000000001			1.0199383463422802
6478.1			1.0307679127304297
6479.0			1.0314211844291452
6479.9			1.021610414330242
6480.8			1.002364740229334
6481.700000000001			0.9842075985113771
6482.6			0.9849710204411227
6483.5			1.0085919244454589
6484.4			1.0347766862664276
6485.3			1.0432319015435563
6486.200000000001			1.0377657359263404
6487.1			1.0332653112918226
6488.0			1.0343988848379893
6488.9			1.0363279598384987
6489.8			1.0357810910256062
6490.700000000001			1.0307224446868075
6491.6			1.0043811863830232
6492.5			0.945582020074571
6493.4			0.8794672102344198
6494.3			0.8507934034397766
6495.200000000001			0.872823690753382
6496.1			0.9216131869097067
6497.0			0.967221515523004
6497.9			0.9882310176638861
6498.8			0.9888395503437002
6499.700000000001			0.998036096960689
6500.6			1.027493718453343
6501.5			1.0577655957123158
6502.4			1.0713754148348242
6503.3			1.0714082335576294
6504.200000000001			1.0677518133427406
6505.1			1.0654989238730803
6506.0			1.0641661831832585
6506.9			1.0672639201979082
6507.8			1.0751126880962916
6508.700000000001			1.0849468878940662
6509.6			1.0955197990172296
6510.5			1.1043090380888558
6511.4			1.1059375528664386
6512.3			1.1005943499639406
6513.200000000001			1.0928932282719777
6514.1			1.0865206339719327
6515.0			1.0849718380867457
6515.9			1.0886674412587807
6516.8			1.091251665070569
6517.700000000001			1.0936140941642547
6518.6			1.106900079362025
6519.5			1.127930424405814
6520.4			1.1391647673256224
6521.3			1.136365076771101
6522.200000000001			1.1302121810544876
6523.1			1.1283421458030716
6524.0			1.127613937882412
6524.9			1.1218030234715695
6525.8			1.1149463306022949
6526.700000000001			1.0
6527.6			1.0055514191149586
6528.5			1.013036174611839
6529.4			1.0151284937920755
6530.3			1.0085091042354877
6531.200000000001			0.9996995224651146
6532.1			0.9981958610635309
6533.0			1.005509894721929
6533.9			1.0155938661316644
6534.8			1.0241486306242455
6535.700000000001			1.0285280634957754
6536.6			1.0286697235963274
6537.5			1.029299285059578
6538.4			1.0317375970231135
6539.3			1.0312677419377991
6540.200000000001			1.024798869504592
6541.1			1.0148055813809904
6542.0			1.0048626657710704
6542.9			0.9942274673942929
6543.8			1.0
6544.700000000001			0.9831397637104468
6545.6			0.9741618047121812
6546.5			0.9811993869825493
6547.4			0.999053244330822
6548.3			1.0180767589382687
6549.200000000001			1.0313635821061502
6550.1			1.0369663006116363
6551.0			1.0352649205700881
6551.9			1.0271623872539297
6552.8			1.0141114465662877
6553.700000000001			0.9957817711136798
6554.6			0.9775841539540264
6555.5			0.9714512632052442
6556.4			0.9809854508704231
6557.3			0.994376563187174
6558.200000000001			0.9984600257421541
6559.1			0.9854306185415187
6560.0			0.9403434955379907
6560.9			0.8522585809265497
6561.8			0.7610013603819062
6562.700000000001			0.7431941766416844
6563.6			0.8155378435658153
6564.5			0.9126253363695032
6565.4			0.9765691558182347
6566.3			1.0025686205859328
6567.200000000001			1.002238181498803
6568.1			0.9872690179949588
6569.0			0.9797247474595521
6569.9			0.9900911766056547
6570.8			1.004366378360979
6571.700000000001			1.0012439965542144
6572.6			0.9819945456612408
6573.5			0.968010253115032
6574.4			0.9720554902652642
6575.3			0.98829001998949
6576.200000000001			1.0049936269213322
6577.1			1.014602046743187
6578.0			1.0168433267261034
6578.9			1.0137979515963893
6579.8			1.0107922788340127
6580.700000000001			1.009653467143151
6581.6			1.008604794797719
6582.5			1.0068522613108855
6583.4			1.005329284181691
6584.3			1.0022776566157707
6585.200000000001			0.9977493201345623
6586.1			1.000335271464635
6587.0			1.0139176384778386
6587.9			1.0272498154163572
6588.8			1.0324475294339157
6589.700000000001			1.0295655593815451
6590.6			1.010174524185168
6591.5			0.969089741236837
6592.4			0.9291940290724048
6593.3			0.9225325509184341
6594.200000000001			0.9489532370118525
6595.1			0.9808659876939932
6596.0			1.0
6596.9			1.0020490997102323
6597.8			0.9964868773822856
6598.700000000001			0.9947470684121423
6599.6			1.0044532135160265
6600.5			1.0218226823862637
6601.4			1.033693884730483
6602.3			1.0333848114111952
6603.200000000001			1.026203259646719
6604.1			1.0177848653580965
6605.0			1.0113520427152
6605.9			1.0081793622309942
6606.8			1.0030329823096982
6607.700000000001			0.9912335789890759
6608.6			0.9826498719842419
6609.5			0.9914488627409046
6610.4			1.0137660857974566
6611.3			1.0319217916426864
6612.200000000001			1.0355961381177896
6613.1			1.0326045170605067
6614.0			1.034506087187213
6614.9			1.038037070965321
6615.8			1.0362506408884264
6616.700000000001			1.030585888512604
6617.6			1.024892792339296
6618.5			1.0215885900554074
6619.4			1.0220063380490076
6620.3			1.025095141837613
6621.200000000001			1.0270740764752615
6622.1			1.0256003248967727
6623.0			1.0197861541994964
6623.9			1.01315572337286
6624.8			1.0135100667043773
6625.700000000001			1.0194887894273434
6626.6			1.0237814717586595
6627.5			1.0278420356079585
6628.4			1.031269928809605
6629.3			1.0254233837822628
6630.200000000001			1.0097499443327496
6631.1			0.9928388025001321
6632.0			0.9805920699770208
6632.9			0.9769236250959024
6633.8			0.9856453486587341
6634.700000000001			1.0020848730148075
6635.6			1.017931617571825
6636.5			1.029620048250038
6637.4			1.03283448098327
6638.3			1.025945126240231
6639.200000000001			1.0162927385982927
6640.1			1.011038382503494
6641.0			1.0040404209693723
6641.9			0.9876356623548465
6642.8			0.974263581379895
6643.700000000001			0.978929358193978
6644.6			0.993891511901349
6645.5			1.0026470421828766
6646.4			1.002259427068852
6647.3			1.0017825868273937
6648.200000000001			1.0083976455491481
6649.1			1.021220026035033
6650.0			1.0315124571234917
6650.9			1.0323766246230346
6651.8			1.027691845553225
6652.700000000001			1.024374599843222
6653.6			1.025907556622484
6654.5			1.0316659481573145
6655.4			1.0363655036789232
6656.3			1.0368498630573157
6657.200000000001			1.0357866268131355
6658.1			1.0343473234849159
6659.0			1.0323587168145945
6659.9			1.02670100724881
6660.8			1.0160955127327398
6661.700000000001			1.0006685921886809
6662.6			0.9906583708389491
6663.5			0.9986728120716781
6664.4			1.0168547832045254
6665.3			1.0251033112615864
6666.200000000001			1.0176758590255162
6667.1			1.0071881100541022
6668.0			1.0048839332291855
6668.9			1.0116535261270423
6669.8			1.0233990192052032
6670.700000000001			1.0352431168584157
6671.6			1.0417544531039034
6672.5			1.0401015174264476
6673.4			1.0350844424858132
6674.3			1.0316374023502208
6675.200000000001			1.02086179631204
6676.1			0.98883599380626
6677.0			0.947888880287917
6677.9			0.9348982763155967
6678.8			0.961759619942553
6679.700000000001			0.9968201608024373
6680.6			1.010931749991436
6681.5			1.0094142280035159
6682.4			1.0078053801423614
6683.3			1.0111294036016663
6684.200000000001			1.0157033383501999
6685.1			1.0192395122971805
6686.0			1.020640259773825
6686.9			1.0200282292241327
6687.8			1.0220398848544539
6688.700000000001			1.0283078186925136
6689.6			1.0324793876187448
6690.5			1.0333877773133986
6691.4			1.0346598778437948
6692.3			1.0351906036436362
6693.200000000001			1.0291729296045178
6694.1			1.0161614398747745
6695.0			1.0021195400030232
6695.9			0.9938149072045998
6696.8			0.9928526935419842
6697.700000000001			0.9958187341017662
6698.6			1.0023178665120214
6699.5			1.0120174487925742
6700.4			1.018197011582169
6701.3			1.0167940251743597
6702.200000000001			1.0092918325800817
6703.1			1.0009483141032052
6704.0			0.9985091812307885
6704.9			1.0005204321151098
6705.8			1.0001938425401717
6706.700000000001			0.9933407553184905
6707.6			0.983680678821786
6708.5			0.9793535574250825
6709.4			0.9826440565102793
6710.3			0.989720675970319
6711.200000000001			0.9950972428776189
6712.1			0.9970106940987377
6713.0			0.997450254049027
6713.9			0.9931653516132656
6714.8			0.9782266471666848
6715.700000000001			0.9522435602582969
6716.6			0.9310855601558283
6717.5			0.9366767065300775
6718.4			0.9671730543425117
6719.3			0.9985685912701293
6720.200000000001			1.0148731375645925
6721.1			1.0178384186756373
6722.0			1.0152982532309711
6722.9			1.011261857961545
6723.8			1.0066761677355738
6724.700000000001			1.0011660654876153
6725.6			0.9951116219006984
6726.5			0.9900196897050991
6727.4			0.9886047759207564
6728.3			0.9915953270281228
6729.200000000001			0.9947869055057488
6730.1			0.9943736510081369
6731.0			0.9918726166055196
6731.9			0.9935472930513297
6732.8			1.0039692029362337
6733.700000000001			1.0142089787546948
6734.6			1.0124175597557967
6735.5			1.0055495364573273
6736.4			1.0061570832874116
6737.3			1.012693030533988
6738.200000000001			1.0136135943859341
6739.1			1.008742069186811
6740.0			1.005800616350846
6740.9			1.0031185605853774
6741.8			0.9950441936933794
6742.700000000001			0.9865262672857953
6743.6			0.9833728442512664
6744.5			0.9820543215750097
6745.4			0.9817214179906616
6746.3			0.9859995817751451
6747.200000000001			0.989142325635958
6748.1			0.9806248806454609
6749.0			0.9626357254354939
6749.9			0.9528330707576544
6750.8			0.9614191036683215
6751.700000000001			0.9786518397236968
6752.6			0.9927055150658038
6753.5			1.0003232161389932
6754.4			0.999001362060482
6755.3			0.99424108799747
6756.200000000001			0.996893013950164
6757.1			1.0068404157574065
6758.0			1.0145650173251455
6758.9			1.0159051576937848
6759.8			1.012942537920466
6760.700000000001			1.0078620951161021
6761.6			1.0069577970839048
6762.5			1.0107380037611722
6763.4			1.0109397144096455
6764.3			1.0080268390695686
6765.200000000001			1.001172162103255
6766.1			0.9832784225707915
6767.0			0.962566051052643
6767.9			0.9571193017399197
6768.8			0.9644140686575527
6769.700000000001			0.9700844290147498
6770.6			0.9720254793535661
6771.5			0.9765541135617846
6772.4			0.9854906799319492
6773.3			0.9950138105512847
6774.200000000001			0.9973678472451023
6775.1			0.9887239601045057
6776.0			0.9771550622360927
6776.9			0.9732353173688654
6777.8			0.9780315054740677
6778.700000000001			0.988535463388711
6779.6			1.0021440287263317
6780.5			1.012613918750645
6781.4			1.0108874422443797
6782.3			0.9989207621323222
6783.200000000001			0.9884253856201481
6784.1			0.9862167359447388
6785.0			0.9890828580886282
6785.9			0.9922589467661108
6786.8			0.9962465719020179
6787.700000000001			1.000069833409266
6788.6			1.0
6789.5			1.0
6790.4			1.0
6791.3			1.0
6792.200000000001			1.0
6793.1			1.0
6794.0			1.0
6794.9			1.0
6795.8			1.0
6796.700000000001			1.0
6797.6			1.0
6798.5			1.0
6799.4			1.0
6800.3			1.0
6801.200000000001			1.0
6802.1			1.0
6803.0			1.0
6803.9			1.0
6804.8			1.0
6805.700000000001			1.0
6806.6			1.0
6807.5			1.0
6808.4			1.0
6809.3			1.0
6810.200000000001			1.0
6811.1			1.0
6812.0			1.0
6812.9			1.0
6813.8			1.0
6814.700000000001			1.0
6815.6			1.0
6816.5			1.0
6817.4			1.0
6818.3			1.0
6819.200000000001			1.0
6820.1			1.0
6821.0			1.0
6821.9			1.0
6822.8			1.0
6823.700000000001			1.0
6824.6			1.0
6825.5			1.0
6826.4			1.0
6827.3			1.0
6828.200000000001			1.0
6829.1			1.0
6830.0			1.0
6830.9			1.0
6831.8			1.0
6832.700000000001			1.0
6833.6			1.0
6834.5			1.0
6835.4			1.0
6836.3			1.0
6837.200000000001			1.0
6838.1			1.0
6839.0			1.0
6839.9			1.0
6840.8			1.0
6841.700000000001			1.0
6842.6			1.0
6843.5			1.0
6844.4			1.0
6845.3			1.0
6846.200000000001			1.0
6847.1			1.0
6848.0			1.0
6848.9			1.0
6849.8			1.0
6850.700000000001			1.0
6851.6			1.0
6852.5			1.0
6853.4			1.0
6854.3			1.0
6855.200000000001			1.0
6856.1			1.0
6857.0			1.0
6857.9			1.0
6858.8			1.0
6859.700000000001			1.0
6860.6			1.0
6861.5			1.0
6862.4			1.0
6863.3			1.0
6864.200000000001			1.0
6865.1			1.0
6866.0			1.0
6866.9			1.0
6867.8			1.0
6868.700000000001			1.0
6869.6			1.0
6870.5			1.0
6871.4			1.0
6872.3			1.0
6873.200000000001			1.0
6874.1			1.0
6875.0			1.0
6875.9			1.0
6876.8			1.0
6877.700000000001			1.0
6878.6			1.0
6879.5			1.0
6880.4			1.0
6881.3			1.0
6882.200000000001			1.0
6883.1			1.0
6884.0			1.0
6884.9			1.0
6885.8			1.0
6886.700000000001			1.0
6887.6			1.0
6888.5			1.0
6889.4			1.0
6890.3			1.0
6891.200000000001			1.0
6892.1			1.0
6893.0			1.0
6893.9			1.0
6894.8			1.0
6895.700000000001			1.0
6896.6			1.0
6897.5			1.0
6898.4			1.0
6899.3			1.0
6900.200000000001			1.0
6901.1			1.0
6902.0			1.0
6902.9			1.0
6903.8			1.0
6904.700000000001			1.0
6905.6			1.0
6906.5			1.0
6907.4			1.0
6908.3			1.0
6909.200000000001			1.0
6910.1			1.0
6911.0			1.0
6911.9			1.0033799089568325
6912.8			1.0058627563746927
6913.700000000001			0.9941930362214767
6914.6			0.9768736542127319
6915.5			0.9713786035167684
6916.4			0.9855334211327943
6917.3			1.0108585943949648
6918.200000000001			1.023782433637984
6919.1			1.0226837320649924
6920.0			1.0234159697533283
6920.9			1.0270764619550135
6921.8			1.0250581071686462
6922.700000000001			1.0101780819761983
6923.6			0.9855796804104241
6924.5			0.9706951525870566
6925.4			0.9812049639622676
6926.3			1.009253900353538
6927.200000000001			1.0330912115094706
6928.1			1.0395317954852552
6929.0			1.0346728590243048
6929.9			1.0263298958584073
6930.8			1.015413218589243
6931.700000000001			1.0014857459749276
6932.6			0.991220179412947
6933.5			0.9914821355610235
6934.4			0.9981907080931884
6935.3			1.0035984755734582
6936.200000000001			1.0053105380308114
6937.1			1.0047812705141472
6938.0			1.0042230144849207
6938.9			1.0042424443167242
6939.8			1.0054888754728821
6940.700000000001			1.0053069162261836
6941.6			1.0029452540493717
6942.5			0.9986481224715789
6943.4			0.9897799545792013
6944.3			0.9790606518910947
6945.200000000001			0.9772293366563134
6946.1			0.9879617478290974
6947.0			1.0036302954730532
6947.9			1.0161173398968337
6948.8			1.0229522197181298
6949.700000000001			1.0191591799733088
6950.6			1.0077062771098126
6951.5			1.0009695710778614
6952.4			1.00149844066251
6953.3			1.001037201069521
6954.200000000001			0.9980349413451974
6955.1			0.9974321794536597
6956.0			1.000219765980276
6956.9			1.0008128984424587
6957.8			1.001036645217062
6958.700000000001			1.002419743426341
6959.6			1.0058275605025455
6960.5			1.0099128375966615
6961.4			1.0120349457615352
6962.3			1.015745588615217
6963.200000000001			1.0207047845463078
6964.1			1.0200874728163947
6965.0			1.0171214459520175
6965.9			1.0199684606477124
6966.8			1.0252901781615524
6967.700000000001			1.027127687996072
6968.6			1.0260094107684912
6969.5			1.0248350802506998
6970.4			1.0246491237506241
6971.3			1.027462157055704
6972.200000000001			1.0277985826625307
6973.1			1.0204207712413158
6974.0			1.0114184729844788
6974.9			1.0078092154327358
6975.8			1.0015471619506189
6976.700000000001			0.9785020607440764
6977.6			0.9459246205724942
6978.5			0.9338515801921726
6979.4			0.9573476033853763
6980.3			0.9966756189364395
6981.200000000001			1.0226393399528944
6982.1			1.028511746927742
6983.0			1.0258463018927737
6983.9			1.021424997750819
6984.8			1.0158443617969575
6985.700000000001			1.0110387439422437
6986.6			1.005106863879633
6987.5			0.9974945711317555
6988.4			0.9958002745695101
6989.3			1.0053521089242836
6990.200000000001			1.0171882993305785
6991.1			1.0200301384128612
6992.0			1.0150463887498755
6992.9			1.0098972594134439
6993.8			1.009420310127178
6994.700000000001			1.0121930261022845
6995.6			1.0137785008036917
6996.5			1.0116621703463722
6997.4			1.0022886549085366
6998.3			0.989574373937083
6999.200000000001			0.9853607695542853
7000.1			0.9933148878841422
7001.0			1.0002146433740104
7001.9			0.9950831012366314
7002.8			0.9829046206732939
7003.700000000001			0.9718970593644307
7004.6			0.9672322354187802
7005.5			0.9711884475909868
7006.4			0.9768802430548013
7007.3			0.9794195042243555
7008.200000000001			0.9830643523945827
7009.1			0.9897589489094433
7010.0			0.9955275594338794
7010.9			0.9976937626217153
7011.8			0.9994982485533535
7012.700000000001			0.9999390951889144
7013.6			0.9932453369792186
7014.5			0.973618897625273
7015.4			0.950189488840817
7016.3			0.9473501300293594
7017.200000000001			0.9713701079285185
7018.1			1.0022592472576095
7019.0			1.0219084430767462
7019.9			1.0279896240474973
7020.8			1.021150136307238
7021.700000000001			1.0027900391469766
7022.6			0.9816030850499256
7023.5			0.9699435577258041
7024.4			0.972112851847508
7025.3			0.9812231878782599
7026.200000000001			0.985236298405873
7027.1			0.9822119633158202
7028.0			0.9796913074453997
7028.9			0.981532386417016
7029.8			0.985523646126018
7030.700000000001			0.9900601503826327
7031.6			0.9972080006283252
7032.5			1.0050426870955202
7033.4			1.0042088799470694
7034.3			0.9960846750764548
7035.200000000001			0.9866722782980959
7036.1			0.9769846193132895
7037.0			0.9675084574241776
7037.9			0.9654109263072177
7038.8			0.9827766564044553
7039.700000000001			1.014126637994551
7040.6			1.0378005618492698
7041.5			1.0424525162216325
7042.4			1.0346445819729784
7043.3			1.0258763820823116
7044.200000000001			1.0186747537414218
7045.1			1.0101253366515028
7046.0			0.9997806831430883
7046.9			0.9911242059080165
7047.8			0.9900443962004224
7048.700000000001			0.9954220879776323
7049.6			1.0009494945559088
7050.5			0.9980014107460096
7051.4			0.9866503706587542
7052.3			0.9793231689428694
7053.200000000001			0.9838640477354873
7054.1			0.9960158187238602
7055.0			1.005251534347293
7055.9			1.0044483318227653
7056.8			0.9970710176341241
7057.700000000001			0.9901655032008885
7058.6			0.9841280316436228
7059.5			0.9760126111588722
7060.4			0.9675466232030734
7061.3			0.9670720286184044
7062.200000000001			0.9816994996116423
7063.1			1.0041135109583017
7064.0			1.0163657173994245
7064.9			1.0105015113141609
7065.8			0.9938979841006755
7066.700000000001			0.9746498804169172
7067.6			0.9623906745681666
7068.5			0.9662216299646975
7069.4			0.9789904125052679
7070.3			0.9907174629814779
7071.200000000001			0.9981675169133543
7072.1			1.0013349889586183
7073.0			1.0022977474553068
7073.9			1.0068176679321308
7074.8			1.0186474092029634
7075.700000000001			1.028301498455482
7076.6			1.0259310563642048
7077.5			1.020105048485541
7078.4			1.0196207901759216
7079.3			1.0232693395662913
7080.200000000001			1.0264094530594525
7081.1			1.0227372587164536
7082.0			1.0092360208135123
7082.9			0.9870811832496204
7083.8			0.9632705245666617
7084.700000000001			0.9487686768520757
7085.6			0.9466653502906373
7086.5			0.9521482237698247
7087.4			0.9608068134950718
7088.3			0.967452593669204
7089.200000000001			0.9683553000915611
7090.1			0.9708938147454268
7091.0			0.978219226459473
7091.9			0.9826824126233368
7092.8			0.9803238774802162
7093.700000000001			0.9763948798252966
7094.6			0.9753807390683477
7095.5			0.9752399917589409
7096.4			0.9738649299614304
7097.3			0.9722637046103944
7098.200000000001			0.9735557903286061
7099.1			0.9828929281958072
7100.0			0.9966457751243392
7100.9			1.003385355263755
7101.8			1.0010982482945585
7102.700000000001			0.9954440164473977
7103.6			0.9938969339186626
7104.5			0.9963386683297453
7105.4			0.9963009423360838
7106.3			0.9910343591952961
7107.200000000001			0.9855041719917753
7108.1			0.9865550371582495
7109.0			0.9897934738910287
7109.9			0.9872407486856455
7110.8			0.9818712591476797
7111.700000000001			0.9760939018808404
7112.6			0.972320414926805
7113.5			0.974030744263243
7114.4			0.9817367746753164
7115.3			0.9934676781381575
7116.200000000001			1.0026706704031076
7117.1			1.0068872710508585
7118.0			1.0078761904046956
7118.9			1.0066575510438436
7119.8			1.0006066605103576
7120.700000000001			0.9840589626428888
7121.6			0.9682834533922116
7122.5			0.9727292887175252
7123.4			0.9970700905330285
7124.3			1.0172152201887248
7125.200000000001			1.0155636737972464
7126.1			1.0140548430808134
7127.0			1.0186559670181448
7127.9			1.0201408026657894
7128.8			1.0040217036488788
7129.700000000001			1.0
7130.6			0.9888157850057072
7131.5			1.0023156749087252
7132.4			1.0275637087428062
7133.3			1.0532356011114012
7134.200000000001			1.072466596104062
7135.1			1.0783222146651614
7136.0			1.070356635060683
7136.9			1.0596379629971449
7137.8			1.0552972394736515
7138.700000000001			1.0597519117392298
7139.6			1.0684941122053426
7140.5			1.078001075343764
7141.4			1.0900032730832825
7142.3			1.1014322734518132
7143.200000000001			1.1087762117121955
7144.1			1.1115896708352764
7145.0			1.1101938813845214
7145.9			1.094126313435938
7146.8			1.0579554668148745
7147.700000000001			1.0271233554143067
7148.6			1.0367841741703645
7149.5			1.084702778604361
7150.4			1.1256570145677245
7151.3			1.1376012132004802
7152.200000000001			1.136948083809582
7153.1			1.141711213105869
7154.0			1.1501050944927806
7154.9			1.1520676795698417
7155.8			1.1521492077588757
7156.700000000001			1.1528310330648455
7157.6			1.15329900979201
7158.5			1.1537508065289526
7159.4			1.157478584049477
7160.3			1.1614500499587177
7161.200000000001			1.158325320735631
7162.1			1.145589642424601
7163.0			1.1245481258001868
7163.9			1.1063812044124874
7164.8			1.10716542328898
7165.700000000001			1.1303329654258998
7166.6			1.1566998298290512
7167.5			1.1704298566146984
7168.4			1.173617748294919
7169.3			1.180295935238199
7170.200000000001			1.1875590951386763
7171.1			1.1900336088449135
7172.0			1.1981179824846284
7172.9			1.2084759712950843
7173.8			1.204220691891109
7174.700000000001			1.1851519978145533
7175.6			1.181690048333116
7176.5			1.2095488013310332
7177.4			1.2428807601509126
7178.3			1.250321490276109
7179.200000000001			1.2332372672789815
7180.1			1.211239898636752
7181.0			1.2007578254939038
7181.9			1.203483621968413
7182.8			1.2180060927349383
7183.700000000001			1.2338289260236985
7184.6			1.2307222845179229
7185.5			1.2078760388398733
7186.4			1.1756199120236472
7187.3			1.1521578772635932
7188.200000000001			1.1544645068897266
7189.1			1.180714923396596
7190.0			1.2270699618073815
7190.9			1.2685680954733212
7191.8			1.2841759903339585
7192.700000000001			1.2886433856223214
7193.6			1.3043730005921756
7194.5			1.325483144891916
7195.4			1.3369106709900815
7196.3			1.3385314490067735
7197.200000000001			1.3365980819773224
7198.1			1.3318188402707218
7199.0			1.337685151282503
7199.9			1.3527459482989885
7200.8			1.340631230064061
7201.700000000001			1.3096802169934303
7202.6			1.3153905494032447
7203.5			1.3618477719258166
7204.4			1.3982560309065246
7205.3			1.3936936527914685
7206.200000000001			1.3513937465674155
7207.1			1.3099023946020396
7208.0			1.3048415194353855
7208.9			1.3301675662959422
7209.8			1.361877405724773
7210.700000000001			1.3921744297074063
7211.6			1.414124772359045
7212.5			1.4271898396175005
7213.4			1.4347619529881646
7214.3			1.4450335716677816
7215.200000000001			1.4561577473000988
7216.1			1.465944221669901
7217.0			1.475115390145552
7217.9			1.4827147657663848
7218.8			1.4793897360744221
7219.700000000001			1.4672164656424826
7220.6			1.4573267616149128
7221.5			1.4617166784123823
7222.4			1.4762859612792574
7223.3			1.4918805094315257
7224.200000000001			1.5053529210238787
7225.1			1.515848710190719
7226.0			1.522035476410446
7226.9			1.5262735008001544
7227.8			1.5256337447309218
7228.700000000001			1.5230504776642955
7229.6			1.525038141006607
7230.5			1.5423882132589648
7231.4			1.56406479057838
7232.3			1.5726990041438411
7233.200000000001			1.5797409261503086
7234.1			1.6033751626370656
7235.0			1.61895102422693
7235.9			1.604793989867975
7236.8			1.5798067656010677
7237.700000000001			1.5684970899812616
7238.6			1.5848271865220456
7239.5			1.620710413360614
7240.4			1.6367080879471654
7241.3			1.6268511559450063
7242.200000000001			1.6315184614567593
7243.1			1.649478195661827
7244.0			1.66264343418214
7244.9			1.6757166789442877
7245.8			1.6909486619251388
7246.700000000001			1.698748143434073
7247.6			1.7106945869529797
7248.5			1.72624452430076
7249.4			1.717347195841476
7250.3			1.6795563429183844
7251.200000000001			1.6704154506019335
7252.1			1.7150189047349906
7253.0			1.7581280824320147
7253.9			1.755037570182114
7254.8			1.7303588835639234
7255.700000000001			1.7307033883006695
7256.6			1.7647983444693378
7257.5			1.81018785083324
7258.4			1.8317939108680388
7259.3			1.8178925980621006
7260.200000000001			1.7835507283665475
7261.1			1.7661338265300395
7262.0			1.7831859574215287
7262.9			1.822423606962103
7263.8			1.869459465828244
7264.700000000001			1.905075944293761
7265.6			1.9197464629131333
7266.5			1.9231435955479674
7267.4			1.9296410790707423
7268.3			1.9372549979051583
7269.200000000001			1.9472573232213968
7270.1			1.962176202625696
7271.0			1.9943533007295922
7271.9			2.0322588762455083
7272.8			2.0392219820326747
7273.700000000001			2.0170778373004286
7274.6			2.0033887949604123
7275.5			2.028876236569506
7276.4			2.0732441471865095
7277.3			2.0911231270846824
7278.200000000001			2.076903758704053
7279.1			2.069836583138449
7280.0			2.083306974967413
7280.9			2.0948603798892127
7281.8			2.086211514642614
7282.700000000001			2.059398148402368
7283.6			2.039442507427735
7284.5			2.046960609793365
7285.4			2.0838342646675025
7286.3			2.1156369137887214
7287.200000000001			2.1077989421850414
7288.1			2.0734751323128617
7289.0			2.059662910002485
7289.9			2.080079573914382
7290.8			2.1062169889630415
7291.700000000001			2.1261087987414187
7292.6			2.1453161490801502
7293.5			2.1768950913993432
7294.4			2.2173764838681524
7295.3			2.2549651629097873
7296.200000000001			2.291258309841898
7297.1			2.3251557263563005
7298.0			2.3575732878743736
7298.9			2.3747054540687658
7299.8			2.3645572054245614
7300.700000000001			2.3458705718702864
7301.6			2.349693108833124
7302.5			2.391074544416048
7303.4			2.4479494075968264
7304.3			2.482952579469957
7305.200000000001			2.4834264638002828
7306.1			2.4613747560741976
7307.0			2.4437667153405154
7307.9			2.4470661954011663
7308.8			2.465685827378975
7309.700000000001			2.486679253516889
7310.6			2.5187247423472177
7311.5			2.5664963321233016
7312.4			2.598689114038651
7313.3			2.6044063298670013
7314.200000000001			2.6132418678233535
7315.1			2.6365944812801936
7316.0			2.6726892109318596
7316.9			2.720567887584413
7317.8			2.770648088220506
7318.700000000001			2.7994283865055265
7319.6			2.798423042000904
7320.5			2.789951969377755
7321.4			2.794757970134511
7322.3			2.8162594637481453
7323.200000000001			2.8321988542748286
7324.1			2.7991892409535457
7325.0			2.743422758785342
7325.9			2.7392562336733146
7326.8			2.823376041615365
7327.700000000001			2.945889282650855
7328.6			3.04021364226559
7329.5			3.08456064413931
7330.4			3.087238227408918
7331.3			3.0807709751514323
7332.200000000001			3.096518649960874
7333.1			3.120499868758448
7334.0			3.1514296362996377
7334.9			3.2102259887955205
7335.8			3.2958666508102255
7336.700000000001			3.3687556377713115
7337.6			3.396335534489289
7338.5			3.405660600283694
7339.4			3.432911556163572
7340.3			3.4678611550091265
7341.200000000001			3.481792778132834
7342.1			3.4753460034296926
7343.0			3.4643909427561463
7343.9			3.466978415811148
7344.8			3.496294259385807
7345.700000000001			3.5564009904436364
7346.6			3.6283055699515847
7347.5			3.67836852435551
7348.4			3.6972243367832016
7349.3			3.717743609634704
7350.200000000001			3.7516368722136226
7351.1			3.8003122913784253
7352.0			3.851590025101409
7352.9			3.8984608440651916
7353.8			3.926242063417418
7354.700000000001			3.9263822237589645
7355.6			3.932229262926564
7356.5			3.9719479173980843
7357.4			4.034662653313661
7358.3			4.100360310645159
7359.200000000001			4.162748299364029
7360.1			4.208960797325284
7361.0			4.236993310587548
7361.9			4.2728164862754925
7362.8			4.347249938091759
7363.700000000001			4.452615060719832
7364.6			4.552099717815274
7365.5			4.622962216422827
7366.4			4.693476592213155
7367.3			4.7814814561773025
7368.200000000001			4.860320799922924
7369.1			4.931018860394036
7370.0			5.022239178359329
7370.9			5.114516188018759
7371.8			5.175216957241286
7372.700000000001			5.200904532493401
7373.6			5.228931285471456
7374.5			5.30078484201029
7375.4			5.418658483184758
7376.3			5.548670945152646
7377.200000000001			5.665650236242139
7378.1			5.773008334647711
7379.0			5.859636039709513
7379.9			5.923835317406765
7380.8			5.978382460389926
7381.700000000001			6.036679144413901
7382.6			6.127564384865045
7383.5			6.261594047664835
7384.4			6.378912246941587
7385.3			6.428285827047786
7386.200000000001			6.414540739228923
7387.1			6.389232788087293
7388.0			6.420106580052559
7388.9			6.567114218261485
7389.8			6.841456745306108
7390.700000000001			7.145112999511305
7391.6			7.3537144943096955
7392.5			7.4758309120150175
7393.4			7.646339732035877
7394.3			7.912525900000126
7395.200000000001			8.21192291508287
7396.1			8.499184099268081
7397.0			8.714750698164508
7397.9			8.821311751401286
7398.8			8.905111515358481
7399.700000000001			9.1253089568121
7400.6			9.555219558646828
7401.5			10.128387438658217
7402.4			10.688810921357812
7403.3			11.12385240816131
7404.200000000001			11.491414932684206
7405.1			11.891582728900586
7406.0			12.324581627581006
7406.9			12.694060995063039
7407.8			12.956337439559677
7408.700000000001			13.234562308478651
7409.6			13.788207261071905
7410.5			14.211676550405643
7411.4			12.009868476819488
7412.3			6.08366981603386
7413.200000000001			1.0268796679430847
7414.1			1.0
7415.0			1.0
7415.9			1.0
7416.8			1.0
7417.700000000001			1.0
7418.6			1.0
7419.5			1.0
7420.4			1.0
7421.3			1.0
7422.200000000001			1.0
7423.1			1.0
7424.0			1.0
7424.9			1.0
7425.8			1.0
7426.700000000001			1.0
7427.6			1.0
7428.5			1.0
7429.4			1.0
