3500.0			1.0
3500.9			1.0
3501.8			1.0
3502.7			1.0
3503.6			1.0
3504.5			1.0
3505.4			1.0
3506.3			1.0
3507.2			1.0
3508.1			1.0
3509.0			1.0
3509.9			1.0
3510.8			1.0
3511.7			1.0
3512.6			1.0
3513.5			1.0
3514.4			1.0
3515.3			1.0
3516.2			1.0
3517.1			1.0
3518.0			1.0
3518.9			1.0
3519.8			1.0
3520.7			1.0
3521.6			1.0
3522.5			1.0
3523.4			1.0
3524.3			1.0
3525.2			1.0
3526.1			1.0
3527.0			1.0
3527.9			1.0
3528.8			1.0
3529.7			1.0
3530.6			1.0
3531.5			1.0
3532.4			1.0
3533.3			1.0
3534.2			1.0
3535.1			1.0
3536.0			1.0
3536.9			1.0
3537.8			1.0
3538.7			1.0
3539.6			1.0
3540.5			1.0
3541.4			1.0
3542.3			1.0
3543.2			1.0
3544.1			1.0
3545.0			1.0
3545.9			1.0
3546.8			1.0
3547.7			1.0
3548.6			1.0
3549.5			1.0
3550.4			1.0
3551.3			1.0
3552.2			1.0
3553.1			1.0
3554.0			1.0
3554.9			1.0
3555.8			1.0
3556.7			1.0
3557.6			1.0
3558.5			1.0
3559.4			1.0
3560.3			1.0
3561.2			1.0
3562.1			1.0
3563.0			1.0
3563.9			1.0
3564.8			1.0
3565.7			1.0
3566.6			1.0
3567.5			1.0
3568.4			1.0
3569.3			1.0
3570.2			1.0
3571.1			1.0
3572.0			1.0
3572.9			1.0
3573.8			1.0
3574.7			1.0
3575.6			1.0
3576.5			1.0
3577.4			1.0
3578.3			1.0
3579.2			1.0
3580.1			1.0
3581.0			1.0
3581.9			1.0
3582.8			1.0
3583.7			1.0
3584.6			1.0
3585.5			1.0
3586.4			1.0
3587.3			1.0
3588.2			1.0
3589.1			1.0
3590.0			1.0
3590.9			1.0
3591.8			1.0
3592.7			1.0
3593.6			1.0
3594.5			1.0
3595.4			1.0
3596.3			1.0
3597.2			1.0
3598.1			1.0
3599.0			1.0
3599.9			1.0
3600.8			1.0
3601.7			1.0
3602.6			1.0
3603.5			1.0
3604.4			1.0
3605.3			1.0
3606.2			1.0
3607.1			1.0
3608.0			1.0
3608.9			1.0
3609.8			1.0
3610.7			1.0
3611.6			1.0
3612.5			1.0
3613.4			1.0
3614.3			1.0
3615.2			1.0
3616.1			1.0
3617.0			1.0
3617.9			1.0
3618.8			1.0
3619.7			1.0
3620.6			1.0
3621.5			1.0
3622.4			1.0
3623.3			1.0
3624.2			1.0
3625.1			1.0
3626.0			1.0
3626.9			1.0
3627.8			1.0
3628.7			1.0
3629.6			1.0
3630.5			1.0
3631.4			1.0
3632.3			1.0
3633.2			1.0
3634.1			1.0
3635.0			1.0
3635.9			1.0
3636.8			1.0
3637.7			1.0
3638.6			1.0
3639.5			1.0
3640.4			1.0
3641.3			1.0
3642.2			1.0
3643.1			1.0
3644.0			1.0
3644.9			1.0
3645.8			1.0
3646.7			1.0
3647.6			1.0
3648.5			1.0
3649.4			1.0
3650.3			1.0
3651.2			1.0
3652.1			1.0
3653.0			1.0
3653.9			1.0
3654.8			1.0
3655.7			1.0
3656.6			1.0
3657.5			1.0
3658.4			1.0
3659.3			1.0
3660.2			1.0
3661.1			1.0
3662.0			1.0
3662.9			1.0
3663.8			1.0
3664.7			1.0
3665.6			1.0
3666.5			1.0
3667.4			1.0
3668.3			1.0
3669.2			1.0
3670.1			1.0
3671.0			1.0
3671.9			1.0
3672.8			1.0
3673.7			1.0
3674.6			1.0
3675.5			1.0
3676.4			1.0
3677.3			1.0
3678.2			1.0
3679.1			1.0
3680.0			1.0
3680.9			1.0
3681.8			1.0
3682.7			1.0
3683.6			1.0
3684.5			1.0
3685.4			1.0
3686.3			1.0
3687.2			1.0
3688.1			1.0
3689.0			1.0
3689.9			1.0
3690.8			1.0
3691.7			1.0
3692.6			1.0
3693.5			1.0
3694.4			1.0
3695.3			1.0
3696.2			1.0
3697.1			1.0
3698.0			1.0
3698.9			1.0
3699.8			1.0
3700.7			1.0
3701.6			1.0
3702.5			1.0
3703.4			1.0
3704.3			1.0
3705.2			1.0
3706.1			1.0
3707.0			1.0
3707.9			1.0
3708.8			1.0
3709.7			1.0
3710.6			1.0
3711.5			1.0
3712.4			1.0
3713.3			1.0
3714.2			1.0
3715.1			1.0
3716.0			1.0
3716.9			1.0
3717.8			1.0
3718.7			1.0
3719.6			1.0
3720.5			1.0
3721.4			1.0
3722.3			1.0
3723.2			1.0
3724.1			1.0
3725.0			1.0
3725.9			1.0
3726.8			1.0
3727.7			1.0
3728.6			1.0
3729.5			1.0
3730.4			1.0
3731.3			1.0
3732.2			1.0
3733.1			1.0
3734.0			1.0
3734.9			1.0
3735.8			1.0
3736.7			1.0
3737.6			1.0
3738.5			1.0
3739.4			1.0
3740.3			1.0
3741.2			1.0
3742.1			1.0
3743.0			1.0
3743.9			1.0
3744.8			1.0
3745.7			1.0
3746.6			1.0
3747.5			1.0
3748.4			1.0
3749.3			1.0
3750.2			1.0
3751.1			1.0
3752.0			1.0
3752.9			1.0
3753.8			1.0
3754.7			1.0
3755.6			1.0
3756.5			1.0
3757.4			1.0
3758.3			1.0
3759.2			1.0
3760.1			1.0
3761.0			1.0
3761.9			1.0
3762.8			1.0
3763.7			1.0
3764.6			1.0
3765.5			1.0
3766.4			1.0
3767.3			1.0
3768.2			1.0
3769.1			1.0
3770.0			1.0
3770.9			1.0
3771.8			1.0
3772.7			1.0
3773.6			1.0
3774.5			1.0
3775.4			1.0
3776.3			1.0
3777.2			1.0
3778.1			1.0
3779.0			1.0
3779.9			1.0
3780.8			1.0
3781.7			1.0
3782.6			1.0
3783.5			1.0
3784.4			1.0
3785.3			1.0
3786.2			1.0
3787.1			1.0
3788.0			1.0
3788.9			1.0
3789.8			1.0
3790.7			1.0
3791.6			1.0
3792.5			1.0
3793.4			1.0
3794.3			1.0
3795.2			1.0
3796.1			1.0
3797.0			1.0
3797.9			1.0
3798.8			1.0
3799.7			1.0
3800.6			1.0
3801.5			1.0
3802.4			1.0
3803.3			1.0
3804.2			1.0
3805.1			1.0
3806.0			1.0
3806.9			1.0
3807.8			1.0
3808.7			1.0
3809.6			1.0
3810.5			1.0
3811.4			1.0
3812.3			1.0
3813.2			1.0
3814.1			1.0
3815.0			1.0
3815.9			1.0
3816.8			1.0
3817.7			1.0
3818.6			1.0
3819.5			1.0
3820.4			1.0
3821.3			1.0
3822.2			1.0
3823.1			1.0
3824.0			1.0
3824.9			1.0
3825.8			1.0
3826.7			1.0
3827.6			1.0
3828.5			1.0
3829.4			1.0
3830.3			1.0
3831.2			1.0
3832.1			1.0
3833.0			1.0
3833.9			1.0
3834.8			1.0
3835.7			1.0
3836.6			1.0
3837.5			1.0
3838.4			1.0
3839.3			1.0
3840.2			1.0
3841.1			1.0
3842.0			1.0
3842.9			1.0
3843.8			1.0
3844.7			1.0
3845.6			1.0
3846.5			1.0
3847.4			1.0
3848.3			1.0
3849.2			1.0
3850.1			1.0
3851.0			1.0
3851.9			1.0
3852.8			1.0
3853.7			1.0
3854.6			1.0
3855.5			1.0
3856.4			1.0
3857.3			1.0
3858.2			1.0
3859.1			1.0
3860.0			1.0
3860.9			1.0
3861.8			1.0
3862.7			1.0
3863.6			1.0
3864.5			1.0
3865.4			1.0
3866.3			1.0
3867.2			1.0
3868.1			1.0
3869.0			1.0
3869.9			1.0
3870.8			1.0
3871.7			1.0
3872.6			1.0
3873.5			1.0
3874.4			1.0
3875.3			1.0
3876.2			1.0
3877.1			1.0
3878.0			1.0
3878.9			1.0
3879.8			1.0
3880.7			1.0
3881.6			1.0
3882.5			1.0
3883.4			1.0
3884.3			1.0
3885.2			1.0
3886.1			1.0
3887.0			1.0
3887.9			1.0
3888.8			1.0
3889.7			1.0
3890.6			1.0
3891.5			1.0
3892.4			1.0
3893.3			1.0
3894.2			1.0
3895.1			1.0
3896.0			1.0
3896.9			1.0
3897.8			1.0
3898.7			1.0
3899.6			1.0
3900.5			1.0
3901.4			1.0
3902.3			1.0
3903.2			1.0
3904.1			1.0
3905.0			1.0
3905.9			1.0
3906.8			1.0
3907.7			1.0
3908.6			1.0
3909.5			1.0
3910.4			1.0
3911.3			1.0
3912.2			1.0
3913.1			1.0
3914.0			1.0
3914.9			1.0
3915.8			1.0
3916.7			1.0
3917.6			1.0
3918.5			1.0
3919.4			1.0
3920.3			1.0
3921.2			1.0
3922.1			1.0
3923.0			1.0
3923.9			1.0
3924.8			1.0
3925.7			1.0
3926.6			1.0
3927.5			1.0
3928.4			1.0
3929.3			1.0
3930.2			1.0
3931.1			1.0
3932.0			1.0
3932.9			1.0
3933.8			1.0
3934.7			1.0
3935.6			1.0
3936.5			1.0
3937.4			1.0
3938.3			1.0
3939.2			1.0
3940.1			1.0
3941.0			1.0
3941.9			1.0
3942.8			1.0
3943.7			1.0
3944.6			1.0
3945.5			1.0
3946.4			1.0
3947.3			1.0
3948.2			1.0
3949.1			1.0
3950.0			1.0
3950.9			1.0
3951.8			1.0
3952.7			1.0
3953.6			1.0
3954.5			1.0
3955.4			1.0
3956.3			1.0
3957.2			1.0
3958.1			1.0
3959.0			1.0
3959.9			1.0
3960.8			1.0
3961.7			1.0
3962.6			1.0
3963.5			1.0
3964.4			1.0
3965.3			1.0
3966.2			1.0
3967.1			1.0
3968.0			1.0
3968.9			1.0
3969.8			1.0
3970.7			1.0
3971.6			1.0
3972.5			1.0
3973.4			1.0
3974.3			1.0
3975.2			1.0
3976.1			1.0
3977.0			1.0
3977.9			1.0
3978.8			1.0
3979.7			1.0
3980.6			1.0
3981.5			1.0
3982.4			1.0
3983.3			1.0
3984.2			1.0
3985.1			1.0
3986.0			1.0
3986.9			1.0
3987.8			1.0
3988.7			1.0
3989.6			1.0
3990.5			1.0
3991.4			1.0
3992.3			1.0
3993.2			1.0
3994.1			1.0
3995.0			1.0
3995.9			1.0
3996.8			1.0
3997.7			1.0
3998.6			1.0
3999.5			1.0
4000.4			1.0
4001.3			1.0
4002.2			1.0
4003.1			1.0287010538009353
4004.0			0.9483185210391646
4004.9			0.7833132254086322
4005.8			0.6976719796317833
4006.7			0.7665505148865855
4007.6			0.9068260591256463
4008.5			1.0022456568807085
4009.4			1.0
4010.3			1.0
4011.2			1.0
4012.1			1.0
4013.0			1.0
4013.9			1.0
4014.8			1.0
4015.7			1.0
4016.6			1.0
4017.5			1.0
4018.4			1.0
4019.3			1.0
4020.2			1.0
4021.1			1.0
4022.0			1.0
4022.9			1.0
4023.8			1.0
4024.7			1.0
4025.6			1.0
4026.5			1.0
4027.4			1.0
4028.3			1.01029459839968
4029.2			0.9386618771362776
4030.1			0.7889602662462386
4031.0			0.6603315725567106
4031.9			0.6075614719542427
4032.8			0.5846050093529859
4033.7			0.5781503263174823
4034.6			0.6239755259980757
4035.5			0.7264179201774489
4036.4			0.856677005412231
4037.3			0.9690132463313526
4038.2			1.0192839717067366
4039.1			0.9993806692058596
4040.0			1.0
4040.9			1.0
4041.8			1.0
4042.7			0.980743090557881
4043.6			0.8676587531187359
4044.5			0.6580014365202399
4045.4			0.47978930442550405
4046.3			0.4644292112658476
4047.2			0.6085883152328929
4048.1			0.7915502448821569
4049.0			0.9245492713513568
4049.9			1.001768715886909
4050.8			1.0
4051.7			1.0
4052.6			1.0
4053.5			1.0
4054.4			1.0
4055.3			1.0
4056.2			1.0
4057.1			1.0
4058.0			1.0
4058.9			1.0
4059.8			1.0882441899896054
4060.7			1.1500496858468534
4061.6			1.0662346404618368
4062.5			0.8480056436821113
4063.4			0.6649956446447004
4064.3			0.6791441683898304
4065.2			0.8358056367774739
4066.1			0.9554001413401096
4067.0			0.9998883707330877
4067.9			1.0
4068.8			1.0
4069.7			1.0
4070.6			1.0
4071.5			1.0
4072.4			1.0
4073.3			1.0
4074.2			1.0
4075.1			0.992782483247257
4076.0			0.8887366766733609
4076.9			0.7705902952572674
4077.8			0.7312959589394818
4078.7			0.782072417679539
4079.6			0.8806665227616767
4080.5			0.985985707128737
4081.4			1.0
4082.3			1.0
4083.2			1.0
4084.1			1.0
4085.0			1.0
4085.9			1.0
4086.8			1.0
4087.7			1.0
4088.6			1.0
4089.5			1.0
4090.4			1.0
4091.3			1.0
4092.2			1.0
4093.1			1.0
4094.0			1.0181285679499512
4094.9			0.9617362573333027
4095.8			0.8726419507474766
4096.7			0.8272402705513976
4097.6			0.8370459384212436
4098.5			0.8704531912435443
4099.4			0.8824392164215351
4100.3			0.8292345185025649
4101.2			0.7547951127860317
4102.1			0.756711044047546
4103.0			0.8329819056729219
4103.9			0.9048427517239992
4104.8			0.9565606812708847
4105.7			1.0084499139649175
4106.6			1.0365765414146038
4107.5			1.0280508589110724
4108.4			1.0152155524499515
4109.3			1.0061119039749644
4110.2			1.0002169944837083
4111.1			1.0
4112.0			1.0
4112.9			1.0
4113.8			1.0
4114.7			1.0
4115.6			1.0
4116.5			1.0
4117.4			1.0
4118.3			1.0
4119.2			1.0
4120.1			1.0
4121.0			1.0
4121.9			1.0
4122.8			1.0
4123.7			1.0
4124.6			1.0
4125.5			1.0
4126.4			1.0
4127.3			1.0
4128.2			1.0
4129.1			1.0092078292524056
4130.0			0.9929804351199489
4130.9			0.9029536975245112
4131.8			0.7735776198921374
4132.7			0.7089988685416846
4133.6			0.7363701894799602
4134.5			0.8145553588243384
4135.4			0.9210533559541394
4136.3			1.0023300512764977
4137.2			1.0
4138.1			1.0
4139.0			1.0
4139.9			1.0129676049653733
4140.8			0.9921489416460062
4141.7			0.8937546587734215
4142.6			0.7257565846454485
4143.5			0.6052127184738532
4144.4			0.6379794238019869
4145.3			0.784886306738341
4146.2			0.924748851479387
4147.1			1.0021272737174245
4148.0			1.0
4148.9			1.0
4149.8			1.0
4150.7			1.0
4151.6			1.0
4152.5			1.0
4153.4			1.0
4154.3			1.0
4155.2			1.0
4156.1			1.0
4157.0			1.0
4157.9			1.0
4158.8			1.0
4159.7			1.0
4160.6			1.0
4161.5			1.0
4162.4			1.0
4163.3			1.0
4164.2			1.0
4165.1			1.0
4166.0			1.0
4166.9			1.0
4167.8			0.9775761459980679
4168.7			1.0298904956281187
4169.6			1.0873902689698411
4170.5			1.0725223694871406
4171.4			0.9776116857078319
4172.3			0.872994953916298
4173.2			0.8462654625501234
4174.1			0.8859544167249063
4175.0			0.9196017403220709
4175.9			0.9333936877812907
4176.8			0.9372644506012953
4177.7			0.949499167729155
4178.6			1.0006277134252373
4179.5			1.0
4180.4			1.0
4181.3			1.0
4182.2			1.0
4183.1			1.0
4184.0			1.0
4184.9			1.0356840579983706
4185.8			0.99126744906893
4186.7			0.8549517766444458
4187.6			0.7567932909607551
4188.5			0.8158259215928989
4189.4			0.9503308625822743
4190.3			1.0
4191.2			0.9648906034821064
4192.1			0.9733962975593835
4193.0			1.0496201571317438
4193.9			1.0722233791682874
4194.8			0.9893371206851762
4195.7			0.8880168939963221
4196.6			0.8294922698265088
4197.5			0.7754070644275639
4198.4			0.7165277917243054
4199.3			0.7093544403673364
4200.2			0.7388630702764118
4201.1			0.7338295769067551
4202.0			0.712750821725379
4202.9			0.7537462468578171
4203.8			0.84752776724688
4204.7			0.9272099743889849
4205.6			0.9675875332899149
4206.5			0.9843560426412554
4207.4			0.9944486784714229
4208.3			1.0
4209.2			1.0
4210.1			1.0
4211.0			1.0
4211.9			1.0
4212.8			1.0
4213.7			0.9579752615589463
4214.6			0.8703134920619989
4215.5			0.7900346508420585
4216.4			0.7869807794016062
4217.3			0.8656775449235198
4218.2			0.9502206096469119
4219.1			0.9982419362198401
4220.0			1.0
4220.9			1.0
4221.8			0.9486371917659864
4222.7			0.8601981570844899
4223.6			0.7689883094133171
4224.5			0.6535257811539535
4225.4			0.49941045928858974
4226.3			0.37036629150633443
4227.2			0.3736840214826942
4228.1			0.5322258853887455
4229.0			0.7446071253107397
4229.9			1.0
4230.8			1.0962239188859728
4231.7			1.099482555419311
4232.6			1.0195920446918845
4233.5			0.9435717657076653
4234.4			0.9077111437277692
4235.3			0.8563237947806707
4236.2			0.8057023243381338
4237.1			0.8247571578650627
4238.0			0.872799363101106
4238.9			0.8812419754460197
4239.8			0.8916050741328506
4240.7			0.9488713329293625
4241.6			0.9972337161236711
4242.5			1.0
4243.4			1.0
4244.3			1.0
4245.2			1.0
4246.1			1.0
4247.0			0.9459355919339819
4247.9			0.8958910008503053
4248.8			0.8561530423927887
4249.7			0.793237368983518
4250.6			0.7819301265942988
4251.5			0.9283082407456441
4252.4			1.1103918915190059
4253.3			1.1174684186864854
4254.2			1.0135451622572742
4255.1			1.0
4256.0			1.0
4256.9			1.0
4257.8			0.9940332629560344
4258.7			0.8657583420163869
4259.6			0.7201136282584977
4260.5			0.6469197656105926
4261.4			0.7098743861027972
4262.3			0.8712294762502144
4263.2			1.0006478056291723
4264.1			1.0
4265.0			1.0
4265.9			1.0102637019213634
4266.8			0.9809658053399248
4267.7			0.9237135470552671
4268.6			0.8767521521147604
4269.5			0.8024969273311238
4270.4			0.6619444693461427
4271.3			0.5246630195233846
4272.2			0.4997725338409194
4273.1			0.5541868010905873
4274.0			0.5737763879159015
4274.9			0.5838058278399534
4275.8			0.6813299199045096
4276.7			0.8443515845704027
4277.6			0.9712955902688954
4278.5			1.000008294905042
4279.4			1.0
4280.3			1.0
4281.2			1.0
4282.1			1.0
4283.0			1.0
4283.9			1.0
4284.8			1.0
4285.7			1.0
4286.6			1.0
4287.5			1.0
4288.4			0.9353814722011403
4289.3			0.7972693966516657
4290.2			0.7387953696578333
4291.1			0.8342672239569148
4292.0			0.9885362292718239
4292.9			1.0
4293.8			0.9673821595727335
4294.7			0.9268351692027865
4295.6			0.9418973175160983
4296.5			0.9430944209817882
4297.4			0.8736438478254827
4298.3			0.7548078468669138
4299.2			0.6358971012657482
4300.1			0.5926814363101527
4301.0			0.637742524547901
4301.9			0.6811944312061116
4302.8			0.6911074547094845
4303.7			0.7084399126150097
4304.6			0.7197145617806809
4305.5			0.6902222579313254
4306.4			0.6234264634477512
4307.3			0.5352829270777314
4308.2			0.4767242623646903
4309.1			0.49770225654281053
4310.0			0.5698699680765761
4310.9			0.638955130549737
4311.8			0.7017845553403479
4312.7			0.7803403984911053
4313.6			0.860423421939114
4314.5			0.9399729080439113
4315.4			1.0633909581261634
4316.3			1.2056983420519902
4317.2			1.2674852784421176
4318.1			1.2424702607488547
4319.0			1.2108412048761334
4319.9			1.1964561344821187
4320.8			1.0
4321.7			0.9573145901797935
4322.6			0.8674079256199715
4323.5			0.7251744515820067
4324.4			0.5764444812444195
4325.3			0.48436059929198
4326.2			0.5148367567667312
4327.1			0.67884541471808
4328.0			0.8778120395374783
4328.9			0.9983564239554545
4329.8			1.0
4330.7			1.0
4331.6			1.0
4332.5			1.0
4333.4			1.0
4334.3			1.0
4335.2			1.0115658471431213
4336.1			0.96888460894434
4337.0			0.8647575020760258
4337.9			0.7743588250892516
4338.8			0.7279484714583373
4339.7			0.6988859344850243
4340.6			0.7179687779810294
4341.5			0.8193425251520837
4342.4			0.9307469172043105
4343.3			0.9749802123664331
4344.2			0.9945019792633772
4345.1			1.0
4346.0			1.0
4346.9			1.0
4347.8			1.0
4348.7			1.0525964747353065
4349.6			1.0737294941594588
4350.5			0.9810201633364899
4351.4			0.8225850863101783
4352.3			0.7560174791757845
4353.2			0.8276372956731884
4354.1			0.9219019133897328
4355.0			0.9665556955503127
4355.9			1.0051752406148038
4356.8			1.0
4357.7			1.0
4358.6			1.0
4359.5			1.0
4360.4			1.0
4361.3			1.0
4362.2			1.0
4363.1			1.0
4364.0			1.0
4364.9			1.0
4365.8			1.0
4366.7			1.0
4367.6			1.0
4368.5			1.0
4369.4			1.0
4370.3			1.0
4371.2			1.0
4372.1			1.0
4373.0			1.0
4373.9			1.0
4374.8			1.0
4375.7			1.0
4376.6			1.0
4377.5			1.0
4378.4			1.0
4379.3			0.9948099245667458
4380.2			0.9597609436333856
4381.1			0.8916739503351737
4382.0			0.7524122960788401
4382.9			0.5593421054706553
4383.8			0.45150417718705543
4384.7			0.5409075749562264
4385.6			0.7606739342034341
4386.5			0.9466336217503111
4387.4			1.0146797466783144
4388.3			1.011533381681119
4389.2			1.0
4390.1			1.0
4391.0			1.0
4391.9			1.0
4392.8			1.0
4393.7			1.0
4394.6			1.0
4395.5			1.0
4396.4			1.0
4397.3			1.0
4398.2			1.0
4399.1			1.0
4400.0			1.0
4400.9			0.9534225699846945
4401.8			0.9666196920540533
4402.7			0.9376314270369467
4403.6			0.7867130808506237
4404.5			0.6251435510467389
4405.4			0.6176860402449794
4406.3			0.7339900722754856
4407.2			0.8201511410983384
4408.1			0.851248347442071
4409.0			0.9098159635246951
4409.9			0.9979644623764088
4410.8			1.0
4411.7			1.0
4412.6			1.001559550596526
4413.5			0.9266158035821066
4414.4			0.7889647708802012
4415.3			0.7082650972521284
4416.2			0.7669311993145939
4417.1			0.8923113435564083
4418.0			0.9994419361642589
4418.9			1.0
4419.8			1.0
4420.7			1.0
4421.6			1.0
4422.5			1.0
4423.4			1.0
4424.3			1.0
4425.2			1.0
4426.1			1.0
4427.0			1.0
4427.9			1.0
4428.8			1.0
4429.7			1.0
4430.6			1.0
4431.5			1.0139210479306064
4432.4			1.0156629827469281
4433.3			0.937868282800642
4434.2			0.8187331658693265
4435.1			0.744552403108256
4436.0			0.7703052094165576
4436.9			0.8655514652551751
4437.8			0.9513625600730469
4438.7			0.9829408476140308
4439.6			1.0
4440.5			1.0
4441.4			1.0
4442.3			1.0
4443.2			1.0
4444.1			1.0
4445.0			1.0
4445.9			1.0326044911760444
4446.8			0.9960074154317614
4447.7			0.9692852547975433
4448.6			0.9935012183270401
4449.5			1.0143586154024866
4450.4			1.0055963486787314
4451.3			1.0001261871147473
4452.2			0.992046920565654
4453.1			0.9324828544121743
4454.0			0.8184647687506283
4454.9			0.7303112630112565
4455.8			0.7378902263247459
4456.7			0.8035188880574186
4457.6			0.8374852595046921
4458.5			0.825153813444781
4459.4			0.816984384523274
4460.3			0.817287656032225
4461.2			0.8048579721100539
4462.1			0.8263458272568004
4463.0			0.9153080505886535
4463.9			0.998826607982566
4464.8			1.0
4465.7			1.0
4466.6			1.0
4467.5			1.0
4468.4			1.0
4469.3			1.0
4470.2			1.0
4471.1			1.0
4472.0			1.0
4472.9			1.0
4473.8			1.0
4474.7			1.0
4475.6			1.0
4476.5			1.0
4477.4			1.0
4478.3			1.012515840988168
4479.2			0.957759135567083
4480.1			0.8760830776204674
4481.0			0.8120289339645638
4481.9			0.7964658309346166
4482.8			0.8426512991589421
4483.7			0.9144660167811397
4484.6			0.9678562035183427
4485.5			1.000597048792179
4486.4			1.0
4487.3			1.0
4488.2			1.0
4489.1			1.0
4490.0			1.0
4490.9			1.0
4491.8			1.043900341339199
4492.7			1.0468240844854302
4493.6			0.983489783546277
4494.5			0.9044500844757736
4495.4			0.8760551333380845
4496.3			0.898497747955858
4497.2			0.9414064552809431
4498.1			0.9777085457726089
4499.0			0.9921062513066641
4499.9			1.0
4500.8			1.0
4501.7			1.0
4502.6			1.0
4503.5			1.0
4504.4			1.0
4505.3			1.0
4506.2			1.0
4507.1			1.0
4508.0			1.0
4508.9			1.0
4509.8			1.0
4510.7			1.0
4511.6			1.0
4512.5			1.0
4513.4			1.0
4514.3			1.0
4515.2			1.0
4516.1			1.0
4517.0			1.0
4517.9			0.9776571046098542
4518.8			0.9897064221096447
4519.7			1.0296527912607152
4520.6			1.0633436251159343
4521.5			1.0578174500705162
4522.4			1.0159942627405947
4523.3			0.9828374635999414
4524.2			0.9671938078255163
4525.1			0.9297360544953156
4526.0			0.8658823055872293
4526.9			0.8019565592916205
4527.8			0.7591281730097039
4528.7			0.7548608393427043
4529.6			0.7851521411271496
4530.5			0.8190014929155269
4531.4			0.8534680402846637
4532.3			0.8826678455422772
4533.2			0.8647896743225838
4534.1			0.812563911079367
4535.0			0.7813824853531932
4535.9			0.8214117614282327
4536.8			0.929308916936436
4537.7			1.0217963726335249
4538.6			1.0374576971848144
4539.5			1.0004188836241321
4540.4			1.0
4541.3			1.0
4542.2			1.0
4543.1			1.0
4544.0			1.0
4544.9			1.0
4545.8			1.0
4546.7			1.0
4547.6			1.0
4548.5			1.0
4549.4			1.0
4550.3			1.0
4551.2			1.0234768059257682
4552.1			1.0129984125827673
4553.0			0.9708581825914993
4553.9			0.9216024465923733
4554.8			0.8928919644840785
4555.7			0.9082333292311074
4556.6			0.9539043510715514
4557.5			0.993382393990172
4558.4			1.0051207962108448
4559.3			1.0
4560.2			1.0
4561.1			1.0
4562.0			1.0012085330792713
4562.9			0.9770476772811569
4563.8			0.9278005854857023
4564.7			0.892213796589295
4565.6			0.9011902425900032
4566.5			0.9519735083215285
4567.4			1.0000232018325093
4568.3			1.0
4569.2			1.0
4570.1			1.0
4571.0			1.0
4571.9			1.0
4572.8			1.0
4573.7			1.0
4574.6			1.0
4575.5			1.0
4576.4			1.0
4577.3			1.0
4578.2			0.9834465270220069
4579.1			0.938218385736074
4580.0			0.8861511656685022
4580.9			0.872022393296743
4581.8			0.9167282518180832
4582.7			0.9762656171446302
4583.6			0.9935576737488057
4584.5			1.0
4585.4			0.9580211914153908
4586.3			0.9575802561664433
4587.2			1.0087708646828817
4588.1			1.0725733132722264
4589.0			1.1029398111550657
4589.9			1.088813773893621
4590.8			1.0419115937512202
4591.7			0.9918852340685111
4592.6			0.9717428093036674
4593.5			0.9815820150072093
4594.4			0.9884366192328927
4595.3			0.9812139282025268
4596.2			0.9725225632041052
4597.1			0.9696215280159555
4598.0			0.9742504550343953
4598.9			0.975541035453103
4599.8			0.9570625452724804
4600.7			0.9395907209958764
4601.6			0.9443203605405625
4602.5			0.9516449219780602
4603.4			0.9541102138926127
4604.3			0.9573863779062185
4605.2			0.9609935474109734
4606.1			0.9708198105443537
4607.0			0.9924755239289812
4607.9			1.0272507142516218
4608.8			1.0617602785324245
4609.7			1.0593204922842017
4610.6			1.0193647214362116
4611.5			0.9819813081378705
4612.4			0.9649203252233509
4613.3			0.9657327175112418
4614.2			0.9868491867496416
4615.1			1.0055506535471233
4616.0			1.0007385730974743
4616.9			1.0
4617.8			1.0
4618.7			1.0
4619.6			1.0
4620.5			1.0
4621.4			1.0
4622.3			1.0
4623.2			1.0
4624.1			1.0
4625.0			1.0
4625.9			1.0
4626.8			1.0
4627.7			1.0
4628.6			1.0
4629.5			1.0
4630.4			1.0
4631.3			1.0
4632.2			1.0
4633.1			1.0
4634.0			1.0
4634.9			1.0
4635.8			1.0
4636.7			1.0
4637.6			1.0
4638.5			1.0
4639.4			1.0
4640.3			1.0
4641.2			1.0
4642.1			1.024879874503614
4643.0			1.0170059324323364
4643.9			0.9934757274096618
4644.8			0.9591581706075311
4645.7			0.9099000125128676
4646.6			0.8684844482135471
4647.5			0.8660445948888745
4648.4			0.8999027746387587
4649.3			0.9461859205267984
4650.2			0.9788052061525555
4651.1			0.9889670230451499
4652.0			0.9959396070138485
4652.9			1.0001760478043145
4653.8			1.0
4654.7			1.0
4655.6			1.0
4656.5			1.0
4657.4			1.0
4658.3			1.0
4659.2			1.0
4660.1			1.0
4661.0			1.0
4661.9			1.0
4662.8			1.0
4663.7			0.9790753081994351
4664.6			0.969892928355872
4665.5			0.9294116165721682
4666.4			0.8442062621387608
4667.3			0.7738843892144563
4668.2			0.7860217657115633
4669.1			0.8719305691313359
4670.0			0.9604055016503619
4670.9			1.001781600440417
4671.8			1.0
4672.7			1.0
4673.6			1.0
4674.5			1.0
4675.4			1.0
4676.3			1.026271766365552
4677.2			1.0144089548119761
4678.1			0.9681772036997071
4679.0			0.9293138322179183
4679.9			0.9160801104252206
4680.8			0.9137449091528802
4681.7			0.9235268012583498
4682.6			0.954461217013381
4683.5			0.9907642611003341
4684.4			1.0066338091507303
4685.3			1.0000040217779385
4686.2			1.0
4687.1			1.0
4688.0			1.0
4688.9			1.0
4689.8			1.0
4690.7			1.0
4691.6			1.0
4692.5			1.0
4693.4			1.0
4694.3			1.0
4695.2			1.0
4696.1			1.0
4697.0			0.9832238927337238
4697.9			0.9392846228702215
4698.8			0.9091602254409621
4699.7			0.9171469853446581
4700.6			0.9325294964497114
4701.5			0.9113103855083424
4702.4			0.8628780324601538
4703.3			0.8581461975473483
4704.2			0.9257428465335652
4705.1			0.9995267533740331
4706.0			1.0139022934319681
4706.9			0.9825044262171128
4707.8			0.9618356305446762
4708.7			0.9724449550727171
4709.6			1.0074269568106606
4710.5			1.0
4711.4			1.0
4712.3			1.0
4713.2			1.0
4714.1			1.0
4715.0			1.0
4715.9			1.0
4716.8			1.0
4717.7			1.0
4718.6			1.0
4719.5			1.0
4720.4			1.0
4721.3			1.0
4722.2			1.0
4723.1			1.0
4724.0			1.0281132584478518
4724.9			1.0578540637452647
4725.8			1.045603631379608
4726.7			0.9874323610320271
4727.6			0.9262125327778987
4728.5			0.9031473544048683
4729.4			0.9076693680256909
4730.3			0.9170016354183801
4731.2			0.9390663987512918
4732.1			0.9750516503156977
4733.0			0.9986341136237564
4733.9			1.0
4734.8			1.0
4735.7			1.0
4736.6			1.0
4737.5			1.0
4738.4			1.0
4739.3			1.0
4740.2			1.0
4741.1			1.0
4742.0			1.0
4742.9			1.0
4743.8			1.0
4744.7			1.0
4745.6			1.0
4746.5			1.0
4747.4			1.0
4748.3			1.0
4749.2			1.0
4750.1			1.0
4751.0			1.0
4751.9			1.0
4752.8			1.0
4753.7			1.0
4754.6			1.0
4755.5			1.0
4756.4			1.0
4757.3			1.0
4758.2			1.0
4759.1			1.0194044294049338
4760.0			1.0262386444328337
4760.9			1.0046545443641957
4761.8			0.9662999468974729
4762.7			0.9467917062687161
4763.6			0.9478447087907151
4764.5			0.937835081551417
4765.4			0.9109933599402066
4766.3			0.8969929991807847
4767.2			0.917309510496984
4768.1			0.9575288178051853
4769.0			0.9984070446535542
4769.9			1.0193677463188973
4770.8			1.0019384488200491
4771.7			0.9693282197105227
4772.6			0.9672494825093219
4773.5			1.0
4774.4			1.0325616507410849
4775.3			1.0379824385460705
4776.2			1.0297564055024446
4777.1			1.0337996031285515
4778.0			1.0386320646832254
4778.9			1.0283208081910957
4779.8			1.016271000334298
4780.7			1.0166981737663878
4781.6			1.0029109413765345
4782.5			0.9622746095932008
4783.4			0.9377505683025663
4784.3			0.9567457890824465
4785.2			0.9735605947746595
4786.1			0.9561578376183886
4787.0			0.9399132257344293
4787.9			0.945067099566887
4788.8			0.9432987793084747
4789.7			0.9396764769499959
4790.6			0.9558115653336328
4791.5			0.9797886575115579
4792.4			0.9998206865454867
4793.3			1.0
4794.2			1.0
4795.1			1.0
4796.0			1.0
4796.9			1.0
4797.8			1.0
4798.7			1.0
4799.6			1.0
4800.5			1.0
4801.4			1.0
4802.3			1.0
4803.2			1.0
4804.1			1.0
4805.0			1.0
4805.9			1.0
4806.8			1.0
4807.7			1.0
4808.6			1.0
4809.5			1.0
4810.4			1.0
4811.3			1.0
4812.2			1.0
4813.1			1.0
4814.0			1.0
4814.9			1.0
4815.8			1.0
4816.7			1.0
4817.6			1.0
4818.5			1.0
4819.4			1.0
4820.3			1.0
4821.2			1.0
4822.1			0.9701849799067134
4823.0			0.917439362503209
4823.9			0.8986556749369008
4824.8			0.9409124385415427
4825.7			0.9957291810071464
4826.6			1.0
4827.5			1.0
4828.4			1.0
4829.3			1.0
4830.2			1.0
4831.1			1.0
4832.0			1.0
4832.9			1.0
4833.8			1.0
4834.7			1.0
4835.6			1.0
4836.5			1.0
4837.4			1.0
4838.3			1.0
4839.2			1.0
4840.1			1.0
4841.0			1.0
4841.9			1.0
4842.8			1.0
4843.7			1.0
4844.6			1.0
4845.5			1.0
4846.4			1.0
4847.3			1.0
4848.2			1.0
4849.1			1.0
4850.0			1.0
4850.9			1.0
4851.8			1.0
4852.7			1.0
4853.6			1.0
4854.5			1.0
4855.4			1.0
4856.3			1.0025417604007052
4857.2			1.0301693807443588
4858.1			1.017200109279827
4859.0			0.9395907907557677
4859.9			0.8256343414996068
4860.8			0.7376979500939668
4861.7			0.7417149954179019
4862.6			0.8276363952824617
4863.5			0.9166225467687371
4864.4			0.9679469893023873
4865.3			1.0000580161870383
4866.2			1.0
4867.1			1.0
4868.0			1.0
4868.9			0.99254139880542
4869.8			0.9380811657293662
4870.7			0.829598209359567
4871.6			0.7601574965546554
4872.5			0.8107272149316338
4873.4			0.9266268097432532
4874.3			1.0019109701004338
4875.2			1.0
4876.1			1.0
4877.0			1.0
4877.9			1.0
4878.8			1.0
4879.7			1.0
4880.6			1.0
4881.5			1.0
4882.4			1.0
4883.3			1.0
4884.2			1.0
4885.1			1.0
4886.0			1.0
4886.9			1.0
4887.8			1.0
4888.7			0.9738144694185727
4889.6			0.8895071857310554
4890.5			0.7681973720737181
4891.4			0.7188560616268862
4892.3			0.8006386717236224
4893.2			0.9301184708561276
4894.1			1.0083732460987147
4895.0			1.0
4895.9			1.0
4896.8			1.0
4897.7			1.0
4898.6			1.0
4899.5			1.0
4900.4			1.0
4901.3			1.0
4902.2			1.0
4903.1			1.0
4904.0			1.0
4904.9			1.0
4905.8			1.0
4906.7			1.0123816545594453
4907.6			0.9924247132623801
4908.5			0.9558586244016742
4909.4			0.9097178730711334
4910.3			0.8812032727769414
4911.2			0.9012237680323381
4912.1			0.9476150679395431
4913.0			0.9797043917935684
4913.9			1.0014153200785385
4914.8			1.0
4915.7			1.0
4916.6			0.97974455185649
4917.5			0.8975959351550182
4918.4			0.7748781278919519
4919.3			0.6717433058869735
4920.2			0.6472089190712269
4921.1			0.7263138401579726
4922.0			0.8629429598866025
4922.9			0.9650074540142474
4923.8			0.9931920019549194
4924.7			1.0
4925.6			1.0
4926.5			1.0
4927.4			1.0
4928.3			1.0
4929.2			1.0
4930.1			1.0
4931.0			1.0
4931.9			1.0
4932.8			1.0
4933.7			1.0
4934.6			1.0
4935.5			1.0272929564197226
4936.4			1.0095052952175125
4937.3			0.9334981595680305
4938.2			0.846746535192817
4939.1			0.8207870522325639
4940.0			0.8783216421843415
4940.9			0.9505669476842963
4941.8			0.9798877143438617
4942.7			0.9887988564053091
4943.6			1.0
4944.5			1.0
4945.4			1.0
4946.3			1.0
4947.2			1.0
4948.1			1.0
4949.0			1.0
4949.9			1.0
4950.8			1.0
4951.7			1.0
4952.6			1.0
4953.5			1.0
4954.4			1.0
4955.3			0.9587271650380754
4956.2			0.8395169654422863
4957.1			0.6970501191931531
4958.0			0.6792598688777105
4958.9			0.8060736255014201
4959.8			0.9425351363178238
4960.7			0.9991332028788316
4961.6			1.0
4962.5			1.0
4963.4			1.0
4964.3			1.0
4965.2			1.0
4966.1			1.0
4967.0			1.0
4967.9			1.0
4968.8			1.0
4969.7			1.0
4970.6			1.0
4971.5			1.0
4972.4			1.0
4973.3			1.0
4974.2			1.0
4975.1			1.0
4976.0			1.0
4976.9			1.0
4977.8			1.0
4978.7			0.9720560575881905
4979.6			0.9690679987612035
4980.5			0.9520788331540869
4981.4			0.8862205071678141
4982.3			0.8046629292255298
4983.2			0.7717944823266977
4984.1			0.7957885345023682
4985.0			0.8391040624653934
4985.9			0.8956546778560537
4986.8			0.9634701139559636
4987.7			0.9998258133615077
4988.6			1.0
4989.5			1.0
4990.4			1.0
4991.3			1.0
4992.2			1.0
4993.1			1.0
4994.0			1.0
4994.9			1.0
4995.8			1.0
4996.7			1.0
4997.6			1.0
4998.5			1.0
4999.4			1.0
5000.3			1.0
5001.2			1.0
5002.1			1.0
5003.0			1.0146232617146105
5003.9			1.0134611989428925
5004.8			0.9513691167489593
5005.7			0.8621915275069557
5006.6			0.8381663380673736
5007.5			0.9052017565265614
5008.4			0.9865545700493898
5009.3			1.0166818866839284
5010.2			0.9953983714259391
5011.1			1.0
5012.0			1.0
5012.9			1.0
5013.8			1.0
5014.7			1.0
5015.6			1.0
5016.5			1.0
5017.4			1.0
5018.3			1.0
5019.2			1.0
5020.1			1.0
5021.0			1.0
5021.9			1.0
5022.8			1.0
5023.7			1.0
5024.6			1.0
5025.5			1.0
5026.4			1.0
5027.3			1.0
5028.2			1.0
5029.1			1.0
5030.0			1.0
5030.9			1.0
5031.8			1.0
5032.7			1.0
5033.6			1.0
5034.5			1.0
5035.4			1.0
5036.3			1.0
5037.2			1.0183566724714346
5038.1			1.0212046522385594
5039.0			0.966229525239345
5039.9			0.8754254369940448
5040.8			0.7978216213498733
5041.7			0.7994893571273616
5042.6			0.8803215549351161
5043.5			0.9593633237489723
5044.4			1.0029044799867062
5045.3			1.0
5046.2			1.0260933198967364
5047.1			1.009397351687429
5048.0			0.9479464549850435
5048.9			0.8805300303296427
5049.8			0.8562117046053406
5050.7			0.8762265529266947
5051.6			0.9135143711544943
5052.5			0.9555348647639416
5053.4			0.9966734585638527
5054.3			1.0
5055.2			1.0
5056.1			1.0
5057.0			1.0
5057.9			1.0
5058.8			1.0
5059.7			1.0
5060.6			1.0
5061.5			1.0
5062.4			1.0
5063.3			1.0
5064.2			1.0
5065.1			1.0
5066.0			1.0
5066.9			1.0
5067.8			1.0
5068.7			1.0
5069.6			1.0
5070.5			1.0
5071.4			1.0
5072.3			1.0
5073.2			1.0
5074.1			1.0
5075.0			0.9954697500283498
5075.9			0.9842835961223637
5076.8			0.9941642448197366
5077.7			0.9921329491420777
5078.6			0.9330621717871412
5079.5			0.8558870441424812
5080.4			0.8399948878723228
5081.3			0.8784307697240124
5082.2			0.906795589501481
5083.1			0.9121764361622958
5084.0			0.9290862323210386
5084.9			0.9678192568187828
5085.8			1.0015323412831305
5086.7			1.0
5087.6			1.0
5088.5			1.0
5089.4			1.0
5090.3			1.0
5091.2			1.0
5092.1			1.0
5093.0			1.0
5093.9			1.0
5094.8			0.9720333462682056
5095.7			0.9381570679625687
5096.6			0.9157932888836926
5097.5			0.893808839382134
5098.4			0.8626736326187701
5099.3			0.8565632133405428
5100.2			0.9042426591037478
5101.1			0.9714809401998652
5102.0			1.012930223286185
5102.9			1.0182925472878974
5103.8			1.0078215018564123
5104.7			1.0
5105.6			1.0
5106.5			1.0
5107.4			1.0
5108.3			1.0
5109.2			1.0
5110.1			1.0
5111.0			1.0
5111.9			1.0
5112.8			1.0
5113.7			1.0
5114.6			1.0
5115.5			1.0
5116.4			1.0
5117.3			1.0
5118.2			1.0
5119.1			1.0
5120.0			1.0
5120.9			0.9813714300214177
5121.8			0.972452313661407
5122.7			0.9494501970000558
5123.6			0.9105306448446918
5124.5			0.8944908855548794
5125.4			0.9175241037261668
5126.3			0.9529043406044102
5127.2			0.9806359594785962
5128.1			0.9952010825986926
5129.0			1.0
5129.9			1.0
5130.8			1.0
5131.7			1.0
5132.6			0.9972822717433404
5133.5			0.9772411927940954
5134.4			0.9909676065854626
5135.3			1.0249577362329838
5136.2			1.0197146187255752
5137.1			0.9745126488441027
5138.0			0.9160398141547804
5138.9			0.8714379488895094
5139.8			0.8898128314320668
5140.7			0.9495893952726625
5141.6			0.9580939614039318
5142.5			0.9320867148895726
5143.4			0.953100688457726
5144.3			0.996669714004009
5145.2			0.9996044149925768
5146.1			1.0
5147.0			1.0
5147.9			1.0
5148.8			1.0
5149.7			1.0
5150.6			1.0
5151.5			1.0
5152.4			1.0
5153.3			1.0
5154.2			1.0
5155.1			1.0
5156.0			1.0
5156.9			1.0
5157.8			1.0
5158.7			1.0
5159.6			1.0
5160.5			1.0
5161.4			1.0
5162.3			1.0
5163.2			1.0
5164.1			1.0
5165.0			1.0
5165.9			1.0
5166.8			1.0
5167.7			1.0
5168.6			1.0678896205378925
5169.5			1.1659563975070226
5170.4			1.1041675669407554
5171.3			0.8803776415880498
5172.2			0.672083780009067
5173.1			0.643362415084693
5174.0			0.7775797218824876
5174.9			0.9297486634485133
5175.8			0.9975663033427717
5176.7			1.0
5177.6			1.0
5178.5			0.993022936641098
5179.4			0.9603679332535996
5180.3			0.8910565972854018
5181.2			0.7816549222023499
5182.1			0.6365658890122171
5183.0			0.5083061900673098
5183.9			0.4907617779168356
5184.8			0.6122612117201268
5185.7			0.7905756850113422
5186.6			0.9232557305025594
5187.5			0.9726231790265778
5188.4			0.9821873614395059
5189.3			0.9982054037624418
5190.2			1.0
5191.1			1.0
5192.0			1.0
5192.9			1.0
5193.8			1.0
5194.7			1.0
5195.6			1.0
5196.5			1.0
5197.4			1.0
5198.3			1.0
5199.2			1.0
5200.1			1.0
5201.0			1.0
5201.9			0.9681222439014481
5202.8			0.9308806843334183
5203.7			0.8679895799029447
5204.6			0.7809618539198891
5205.5			0.7280041386456297
5206.4			0.7324127580214181
5207.3			0.736583047173968
5208.2			0.7187329847449141
5209.1			0.7381881068546428
5210.0			0.821138054658198
5210.9			0.9313030152730549
5211.8			1.0286122334721874
5212.7			1.0779955807358566
5213.6			1.0628317480085787
5214.5			1.0000657054704114
5215.4			1.0
5216.3			1.0
5217.2			1.0
5218.1			1.0
5219.0			1.0
5219.9			1.0
5220.8			1.0
5221.7			1.0
5222.6			1.0
5223.5			0.9600190891754959
5224.4			0.9058684919872755
5225.3			0.8381800052996851
5226.2			0.7645287961440861
5227.1			0.7461342568782364
5228.0			0.8213978117290792
5228.9			0.9235251811209757
5229.8			0.9844684133798364
5230.7			0.9983302544591497
5231.6			1.0
5232.5			1.0
5233.4			1.0
5234.3			1.0
5235.2			1.0
5236.1			1.0
5237.0			1.0
5237.9			1.0
5238.8			1.0
5239.7			1.0
5240.6			1.0
5241.5			0.9886220789315244
5242.4			0.9697008914734956
5243.3			0.968309723562097
5244.2			0.9931734763884685
5245.1			1.008162897244884
5246.0			0.978668013301897
5246.9			0.9333943866953323
5247.8			0.9218184113612877
5248.7			0.9323242204980381
5249.6			0.9208174686312706
5250.5			0.9019518389374195
5251.4			0.9115711137806858
5252.3			0.9334206884689307
5253.2			0.9335528129887795
5254.1			0.9142776157034269
5255.0			0.9073378177364596
5255.9			0.937044851041141
5256.8			0.9844699021701194
5257.7			1.016290389213184
5258.6			1.020824165847252
5259.5			1.0
5260.4			0.9551371957585579
5261.3			0.888633361392632
5262.2			0.8183462950757223
5263.1			0.7651460711425034
5264.0			0.7301860145309094
5264.9			0.6952246135855704
5265.8			0.675416166017698
5266.7			0.7027361200854872
5267.6			0.7283831133725269
5268.5			0.6670742183426399
5269.4			0.5730184308399731
5270.3			0.5875554323019941
5271.2			0.7133441657022085
5272.1			0.8209840507918048
5273.0			0.8552675828700073
5273.9			0.8549893662140279
5274.8			0.8481768601057191
5275.7			0.8594909176751402
5276.6			0.912432560279768
5277.5			0.9745576347016087
5278.4			1.0
5279.3			0.98263992186866
5280.2			0.9361541827295405
5281.1			0.8819572744437146
5282.0			0.8358293760993766
5282.9			0.8079094497479016
5283.8			0.8202262125012588
5284.7			0.88396097686615
5285.6			0.960443039842702
5286.5			1.0001503590596854
5287.4			1.0
5288.3			1.0
5289.2			1.0
5290.1			1.0
5291.0			1.0
5291.9			1.0
5292.8			1.0
5293.7			1.0
5294.6			1.0023649299125834
5295.5			0.9721322875659459
5296.4			0.9070165576445322
5297.3			0.8473506076529618
5298.2			0.8525315931373525
5299.1			0.926841051911591
5300.0			0.9950130528992642
5300.9			1.0048441551512304
5301.8			0.9995529461420833
5302.7			1.0
5303.6			1.0
5304.5			1.0
5305.4			1.0
5306.3			1.0
5307.2			1.0
5308.1			1.0
5309.0			1.0
5309.9			1.0
5310.8			1.0
5311.7			1.0
5312.6			1.0
5313.5			1.0
5314.4			1.0
5315.3			1.0
5316.2			1.0
5317.1			1.0
5318.0			1.0
5318.9			1.0
5319.8			1.0
5320.7			1.0
5321.6			1.0
5322.5			1.0
5323.4			1.0
5324.3			0.9537291197664435
5325.2			0.9736228180319811
5326.1			0.9597074449420065
5327.0			0.8399978523674934
5327.9			0.7117625282119645
5328.8			0.7162994104600521
5329.7			0.8406523686876725
5330.6			0.9584018540247188
5331.5			0.9980751905387373
5332.4			1.0
5333.3			1.0
5334.2			1.0
5335.1			1.0
5336.0			1.0
5336.9			1.0
5337.8			0.9893739342990913
5338.7			0.9439017502961413
5339.6			0.8679255728371793
5340.5			0.8333010760976801
5341.4			0.8798673370676197
5342.3			0.9566239656460676
5343.2			1.0003240680602432
5344.1			1.0
5345.0			1.0
5345.9			1.0
5346.8			1.0
5347.7			1.0
5348.6			1.0
5349.5			1.0
5350.4			1.0
5351.3			1.0
5352.2			1.0
5353.1			1.0
5354.0			1.0
5354.9			1.0
5355.8			1.0
5356.7			1.0
5357.6			1.0
5358.5			1.0
5359.4			1.0
5360.3			1.0
5361.2			1.0
5362.1			1.0
5363.0			1.0
5363.9			1.0
5364.8			1.0
5365.7			1.0
5366.6			1.0
5367.5			0.9871512526110127
5368.4			0.9572641523646852
5369.3			0.8893063299702364
5370.2			0.7961430270754078
5371.1			0.74959249266603
5372.0			0.7957240318471948
5372.9			0.8921537251821905
5373.8			0.9675025469736198
5374.7			1.0008976895896338
5375.6			1.0
5376.5			1.0
5377.4			1.0
5378.3			1.0
5379.2			1.0
5380.1			1.0
5381.0			1.0
5381.9			1.0
5382.8			1.0
5383.7			1.0
5384.6			1.0
5385.5			1.0
5386.4			1.0
5387.3			1.0
5388.2			1.0
5389.1			1.0
5390.0			1.0
5390.9			1.0
5391.8			1.0
5392.7			1.0
5393.6			1.0
5394.5			1.0
5395.4			1.0
5396.3			1.0
5397.2			1.0
5398.1			1.0
5399.0			1.0
5399.9			1.0
5400.8			1.0
5401.7			1.0241875858956861
5402.6			1.015557756094865
5403.5			0.9439346897208875
5404.4			0.850264673761333
5405.3			0.8051624203408606
5406.2			0.8465829125723409
5407.1			0.9428165926720654
5408.0			1.0090310005809344
5408.9			0.9987366289996006
5409.8			1.0
5410.7			1.0
5411.6			1.0
5412.5			1.0
5413.4			1.0
5414.3			1.0
5415.2			1.0
5416.1			1.0
5417.0			1.0
5417.9			1.0
5418.8			1.0
5419.7			1.0
5420.6			1.0
5421.5			1.0
5422.4			1.0
5423.3			1.0
5424.2			1.0
5425.1			1.0
5426.0			1.0
5426.9			1.0394886614147443
5427.8			1.0071722580069458
5428.7			0.9184680644254704
5429.6			0.8661469701102601
5430.5			0.9113815671558285
5431.4			0.9843900066337912
5432.3			0.9979326421293817
5433.2			1.0
5434.1			1.0
5435.0			1.0
5435.9			1.0
5436.8			1.0
5437.7			1.0
5438.6			1.0
5439.5			1.0
5440.4			1.0
5441.3			1.0
5442.2			1.0
5443.1			1.0
5444.0			0.9639831375888851
5444.9			0.8973845221729007
5445.8			0.819457408193754
5446.7			0.7859253586184413
5447.6			0.8388822215424521
5448.5			0.9345038685803764
5449.4			0.9996310241204405
5450.3			1.0
5451.2			1.0
5452.1			1.0
5453.0			0.9750678053520034
5453.9			0.9193400526457189
5454.8			0.8456113587075604
5455.7			0.8200619856993546
5456.6			0.8776240732203767
5457.5			0.9578441784418305
5458.4			0.9995364996651251
5459.3			1.0
5460.2			1.0
5461.1			1.0
5462.0			1.0
5462.9			1.0
5463.8			1.0
5464.7			1.0
5465.6			1.0
5466.5			1.0
5467.4			1.0
5468.3			1.0
5469.2			1.0
5470.1			1.0
5471.0			1.0
5471.9			1.0
5472.8			0.9905171342990411
5473.7			0.9799704853349468
5474.6			0.9691469256158026
5475.5			0.9282263008855869
5476.4			0.8776076299827478
5477.3			0.8875883167676507
5478.2			0.9563320749338198
5479.1			1.0100437298257312
5480.0			1.00138605045589
5480.9			1.0
5481.8			1.0
5482.7			1.0
5483.6			1.0
5484.5			1.0
5485.4			1.0
5486.3			1.0
5487.2			1.0
5488.1			1.0
5489.0			1.0
5489.9			1.0
5490.8			1.0
5491.7			1.0
5492.6			1.0
5493.5			1.0
5494.4			1.0
5495.3			1.0
5496.2			1.0
5497.1			1.0
5498.0			1.0
5498.9			1.0
5499.8			1.0
5500.7			1.0
5501.6			1.0
5502.5			1.0
5503.4			1.0
5504.3			1.0
5505.2			1.0
5506.1			1.0
5507.0			1.0
5507.9			1.0
5508.8			1.0250320405761981
5509.7			1.0227368065590998
5510.6			0.9992531383065175
5511.5			0.9589860206015605
5512.4			0.9219460648973796
5513.3			0.9155646345427045
5514.2			0.9347008030042537
5515.1			0.9579698312822827
5516.0			0.9720276734803548
5516.9			0.9820487498462231
5517.8			0.9970540557558056
5518.7			1.0
5519.6			1.0
5520.5			1.0
5521.4			1.0
5522.3			1.0
5523.2			1.0
5524.1			1.0
5525.0			1.0
5525.9			0.9758497197745465
5526.8			0.9300147465944156
5527.7			0.8753028034576074
5528.6			0.8654897315357397
5529.5			0.9206063222399363
5530.4			0.9825518130307849
5531.3			1.0002972196556625
5532.2			1.0
5533.1			1.0
5534.0			1.0
5534.9			1.0
5535.8			1.0
5536.7			1.0
5537.6			1.0
5538.5			1.0
5539.4			1.0
5540.3			1.0
5541.2			1.0
5542.1			1.0
5543.0			1.0
5543.9			1.0
5544.8			1.0
5545.7			1.0
5546.6			1.0
5547.5			1.0
5548.4			1.0
5549.3			1.0
5550.200000000001			1.0
5551.1			1.0
5552.0			1.0
5552.9			1.0
5553.8			1.0
5554.700000000001			1.0
5555.6			1.0
5556.5			1.0
5557.4			1.0
5558.3			1.0
5559.200000000001			1.0
5560.1			1.0
5561.0			1.0
5561.9			1.0
5562.8			1.0
5563.700000000001			1.0
5564.6			1.0
5565.5			1.0
5566.4			0.9917043448925927
5567.3			0.9975312551712135
5568.200000000001			0.9877600439674975
5569.1			0.9537384124246279
5570.0			0.9461659442992765
5570.9			0.9688731539182734
5571.8			0.957773515798145
5572.700000000001			0.9171312206727488
5573.6			0.920633435971904
5574.5			0.9618400704413275
5575.4			0.977918961932683
5576.3			0.9751906916260835
5577.200000000001			0.9855253319349409
5578.1			0.9962924701574296
5579.0			1.0020985692076858
5579.9			1.0
5580.8			1.0
5581.700000000001			1.0
5582.6			1.0
5583.5			1.0121079465070142
5584.4			1.0115613014229448
5585.3			0.9662705493507525
5586.200000000001			0.8847179571405787
5587.1			0.8243167099951916
5588.0			0.8161674868497739
5588.9			0.8469530321137779
5589.8			0.8993843072209073
5590.700000000001			0.958010715501221
5591.6			0.9971230051271811
5592.5			0.9998166555852536
5593.4			1.0
5594.3			1.0
5595.200000000001			1.0
5596.1			1.0
5597.0			1.0
5597.9			0.9570392078501407
5598.8			0.9259512592975823
5599.700000000001			0.9248551033547519
5600.6			0.9194654357266361
5601.5			0.8922943547780193
5602.4			0.8684576856760612
5603.3			0.8838410123094492
5604.200000000001			0.9417545795669043
5605.1			0.9932937254788763
5606.0			1.0096793541882103
5606.9			1.004543278637624
5607.8			1.0
5608.700000000001			1.0
5609.6			1.0
5610.5			1.0
5611.4			1.0
5612.3			1.0
5613.200000000001			0.9845792418513382
5614.1			0.9200667694414197
5615.0			0.8277732441293127
5615.9			0.7955269459140756
5616.8			0.861118457136002
5617.700000000001			0.9534166031291256
5618.6			0.9991562162823128
5619.5			1.0
5620.4			1.0
5621.3			1.0
5622.200000000001			1.0133549638424113
5623.1			0.9885889891396469
5624.0			0.9339764225055139
5624.9			0.9073437159869829
5625.8			0.9370667869775388
5626.700000000001			0.9800063048356386
5627.6			0.9998058282727155
5628.5			1.0
5629.4			1.0
5630.3			1.0
5631.200000000001			1.0
5632.1			1.0
5633.0			1.0
5633.9			1.0
5634.8			1.0
5635.700000000001			1.0
5636.6			1.0
5637.5			1.0
5638.4			1.0
5639.3			1.0
5640.200000000001			1.0
5641.1			1.0
5642.0			1.0
5642.9			1.0
5643.8			1.0
5644.700000000001			1.0
5645.6			1.0
5646.5			1.0
5647.4			1.0
5648.3			1.0
5649.200000000001			1.0
5650.1			1.0
5651.0			1.0
5651.9			1.0
5652.8			1.00629390056107
5653.700000000001			0.9879092764493022
5654.6			0.9591203763022245
5655.5			0.9534524104727866
5656.4			0.9677263497744288
5657.3			0.9480182001832829
5658.200000000001			0.8953347306869989
5659.1			0.8802326519838642
5660.0			0.91774461154046
5660.9			0.9473255983480363
5661.8			0.9379567451378114
5662.700000000001			0.9271837377620551
5663.6			0.9456365187197039
5664.5			0.9782294008503292
5665.4			0.9999218589002838
5666.3			1.0
5667.200000000001			1.0
5668.1			1.0
5669.0			1.0
5669.9			1.0
5670.8			1.0
5671.700000000001			1.0
5672.6			1.0
5673.5			1.0
5674.4			1.0
5675.3			1.0
5676.200000000001			1.0
5677.1			1.0
5678.0			1.0
5678.9			1.0
5679.8			1.0
5680.700000000001			1.0
5681.6			1.0
5682.5			1.0
5683.4			1.0
5684.3			1.0
5685.200000000001			1.0
5686.1			1.0
5687.0			1.0
5687.9			1.0
5688.8			1.0
5689.700000000001			1.0
5690.6			1.0
5691.5			1.0
5692.4			1.0
5693.3			1.0
5694.200000000001			1.0
5695.1			1.0
5696.0			1.0
5696.9			1.0
5697.8			1.0
5698.700000000001			1.0
5699.6			1.0
5700.5			1.0
5701.4			1.0
5702.3			0.9985546924777365
5703.200000000001			1.0149522183285264
5704.1			1.0251573053337364
5705.0			1.0101452549652132
5705.9			0.9816822735194525
5706.8			0.9616253001197648
5707.700000000001			0.9449845026101475
5708.6			0.9172852867953617
5709.5			0.8977548887120129
5710.4			0.89841904611041
5711.3			0.9007339799692727
5712.200000000001			0.9166241536654404
5713.1			0.9570165534059817
5714.0			0.9876483393924504
5714.9			0.9922594101135562
5715.8			0.9959555285271975
5716.700000000001			1.00028909369954
5717.6			1.0
5718.5			1.0
5719.4			1.0
5720.3			1.0
5721.200000000001			1.0
5722.1			1.0
5723.0			1.0
5723.9			1.0
5724.8			1.0
5725.700000000001			1.0
5726.6			1.0
5727.5			1.0
5728.4			1.0
5729.3			1.0
5730.200000000001			1.0
5731.1			1.0
5732.0			1.0
5732.9			1.0
5733.8			1.0
5734.700000000001			1.0
5735.6			1.0
5736.5			1.0
5737.4			1.0
5738.3			1.0
5739.200000000001			1.0
5740.1			1.0
5741.0			1.0
5741.9			1.0
5742.8			1.0
5743.700000000001			1.0
5744.6			1.0
5745.5			1.0
5746.4			1.0
5747.3			1.0
5748.200000000001			1.0
5749.1			1.0
5750.0			1.0
5750.9			1.0
5751.8			1.0
5752.700000000001			1.0
5753.6			1.0
5754.5			1.0
5755.4			1.0
5756.3			1.0
5757.200000000001			1.0
5758.1			1.0
5759.0			1.0
5759.9			0.9842529215315944
5760.8			0.9673983796498745
5761.700000000001			0.9429159869253991
5762.6			0.921531297612586
5763.5			0.9327857522110176
5764.4			0.9737991065164897
5765.3			1.0007736733142518
5766.200000000001			1.0
5767.1			1.0
5768.0			1.0
5768.9			1.0
5769.8			1.0
5770.700000000001			1.0
5771.6			1.0
5772.5			1.0
5773.4			1.0
5774.3			1.0
5775.200000000001			1.0
5776.1			1.0
5777.0			1.0111262411749944
5777.9			1.012878955377905
5778.8			1.0004264957869802
5779.700000000001			0.9742236270080257
5780.6			0.9381072328397088
5781.5			0.9169997535060773
5782.4			0.9220788899583967
5783.3			0.933248908073298
5784.200000000001			0.9294214266012708
5785.1			0.917914813860389
5786.0			0.9269205685185884
5786.9			0.9540197787910915
5787.8			0.9742019782973985
5788.700000000001			0.9856944636927496
5789.6			0.9858246400852866
5790.5			0.9691930084312763
5791.4			0.9634989528093341
5792.3			0.9820114809690039
5793.200000000001			1.0003015225142933
5794.1			1.0
5795.0			1.0
5795.9			1.0
5796.8			1.0
5797.700000000001			1.0
5798.6			1.0
5799.5			1.0
5800.4			1.0
5801.3			1.0
5802.200000000001			1.0
5803.1			1.0
5804.0			1.0
5804.9			1.0
5805.8			1.0
5806.700000000001			1.0
5807.6			1.0
5808.5			1.0
5809.4			1.0
5810.3			1.0
5811.200000000001			1.0
5812.1			1.0
5813.0			1.0
5813.9			1.0
5814.8			1.0
5815.700000000001			1.0
5816.6			1.0
5817.5			1.0
5818.4			1.0
5819.3			1.0
5820.200000000001			1.0
5821.1			1.0
5822.0			1.0
5822.9			1.0
5823.8			1.0
5824.700000000001			1.0
5825.6			1.0
5826.5			1.0
5827.4			1.0
5828.3			1.0
5829.200000000001			1.0
5830.1			1.0
5831.0			1.0
5831.9			1.0
5832.8			1.0
5833.700000000001			1.0
5834.6			1.0
5835.5			1.0
5836.4			1.0
5837.3			1.0
5838.200000000001			1.0
5839.1			1.0
5840.0			1.0
5840.9			1.0
5841.8			1.0
5842.700000000001			1.0
5843.6			1.0
5844.5			1.0
5845.4			1.0
5846.3			1.0
5847.200000000001			1.0
5848.1			1.0
5849.0			1.0
5849.9			1.0
5850.8			1.0
5851.700000000001			1.0
5852.6			1.0
5853.5			1.0
5854.4			1.006380116653134
5855.3			1.0059689366891407
5856.200000000001			0.9770896281411312
5857.1			0.9332526435503901
5858.0			0.9206793327547901
5858.9			0.9465096063351455
5859.8			0.9808701366262903
5860.700000000001			1.0002945805544803
5861.6			1.0001074047116405
5862.5			1.0
5863.4			1.0
5864.3			1.0
5865.200000000001			1.0
5866.1			1.0
5867.0			1.0
5867.9			1.0
5868.8			1.0
5869.700000000001			1.0
5870.6			1.0
5871.5			1.0
5872.4			1.0
5873.3			1.0
5874.200000000001			1.0
5875.1			1.0
5876.0			1.0
5876.9			1.0
5877.8			1.0
5878.700000000001			1.0
5879.6			1.0
5880.5			1.0
5881.4			1.0
5882.3			1.0
5883.200000000001			1.0
5884.1			1.0
5885.0			1.0
5885.9			1.0
5886.8			0.9938754110826903
5887.700000000001			0.9364377041169356
5888.6			0.8025890458850612
5889.5			0.6569595064038691
5890.4			0.6330239870742196
5891.3			0.7573235093290305
5892.200000000001			0.91563233669356
5893.1			1.0091598996009596
5894.0			1.0024162594688848
5894.9			1.0
5895.8			1.0
5896.700000000001			1.0
5897.6			1.0
5898.5			1.0
5899.4			1.0
5900.3			1.0
5901.200000000001			1.0
5902.1			1.0
5903.0			1.0
5903.9			1.0
5904.8			1.0
5905.700000000001			1.0
5906.6			1.0
5907.5			1.0
5908.4			1.0
5909.3			1.0
5910.200000000001			1.0
5911.1			1.0
5912.0			1.0
5912.9			1.0
5913.8			1.0
5914.700000000001			1.0
5915.6			1.0
5916.5			1.0
5917.4			1.0
5918.3			1.0
5919.200000000001			1.0
5920.1			1.0
5921.0			1.0
5921.9			1.0
5922.8			1.0
5923.700000000001			1.0
5924.6			1.0
5925.5			1.0
5926.4			1.0
5927.3			1.0
5928.200000000001			1.0
5929.1			1.0
5930.0			1.0
5930.9			1.0
5931.8			1.0
5932.700000000001			1.0
5933.6			1.0
5934.5			1.0
5935.4			1.0
5936.3			1.0
5937.200000000001			1.0
5938.1			1.0
5939.0			1.0
5939.9			1.0
5940.8			1.0
5941.700000000001			1.0
5942.6			1.0
5943.5			1.0
5944.4			1.0
5945.3			1.0
5946.200000000001			1.0
5947.1			1.0
5948.0			1.0
5948.9			1.0
5949.8			1.0
5950.700000000001			1.0
5951.6			1.0
5952.5			1.0
5953.4			1.0
5954.3			1.0
5955.200000000001			1.0
5956.1			1.0
5957.0			1.0
5957.9			1.0
5958.8			1.0
5959.700000000001			1.0
5960.6			1.0
5961.5			1.0
5962.4			1.0
5963.3			1.0
5964.200000000001			1.0
5965.1			1.0
5966.0			1.0
5966.9			1.0
5967.8			1.0
5968.700000000001			1.0
5969.6			1.0
5970.5			1.0
5971.4			1.0
5972.3			1.0
5973.200000000001			1.0
5974.1			1.0
5975.0			1.0
5975.9			1.0
5976.8			1.0
5977.700000000001			1.0
5978.6			1.0
5979.5			1.0
5980.4			1.0
5981.3			1.0
5982.200000000001			1.0
5983.1			1.0
5984.0			1.0
5984.9			1.0
5985.8			1.0
5986.700000000001			1.0
5987.6			1.0
5988.5			1.0
5989.4			1.0
5990.3			1.0
5991.200000000001			1.0
5992.1			1.0
5993.0			1.0
5993.9			1.0
5994.8			1.0
5995.700000000001			1.0
5996.6			1.0
5997.5			1.0
5998.4			1.0
5999.3			1.0
6000.200000000001			1.0
6001.1			1.0
6002.0			1.0
6002.9			1.0
6003.8			1.0
6004.700000000001			1.0
6005.6			1.0
6006.5			1.0
6007.4			1.0
6008.3			1.0
6009.200000000001			1.0181167684989152
6010.1			1.0526861447853657
6011.0			1.065246555971372
6011.9			1.049713159029009
6012.8			1.0205241491520018
6013.700000000001			1.0050006208685736
6014.6			1.0092558596570653
6015.5			1.0045520218978532
6016.4			0.9916677960438305
6017.3			0.9954485286543191
6018.200000000001			1.0068044619237946
6019.1			0.9912866021512673
6020.0			0.9590845349417821
6020.9			0.943676629694707
6021.8			0.9515704223968214
6022.700000000001			0.9594385086783733
6023.6			0.9581587847274711
6024.5			0.9701306787857193
6025.4			0.9922868873483129
6026.3			0.9995407262585742
6027.200000000001			0.9975630874202892
6028.1			1.004911440904282
6029.0			1.0138658698433278
6029.9			1.0127662798041805
6030.8			1.0066182855229462
6031.700000000001			1.0034841631813278
6032.6			1.0019984143735972
6033.5			1.0
6034.4			1.0
6035.3			1.0
6036.200000000001			1.0
6037.1			1.0
6038.0			1.0
6038.9			1.0
6039.8			1.0
6040.700000000001			1.0
6041.6			1.0
6042.5			1.0
6043.4			1.0
6044.3			1.0
6045.200000000001			1.0
6046.1			1.0
6047.0			1.0
6047.9			1.0
6048.8			1.0
6049.700000000001			1.0
6050.6			1.0
6051.5			1.0
6052.4			1.0
6053.3			1.0
6054.200000000001			1.0
6055.1			1.0
6056.0			1.0
6056.9			1.0
6057.8			1.0
6058.700000000001			1.0
6059.6			1.0
6060.5			1.0
6061.4			1.0
6062.3			1.0
6063.200000000001			1.0
6064.1			1.0
6065.0			1.0
6065.9			1.0
6066.8			1.0
6067.700000000001			1.0
6068.6			1.0
6069.5			1.0
6070.4			1.0
6071.3			1.0
6072.200000000001			1.0
6073.1			1.0
6074.0			1.0
6074.9			1.0
6075.8			1.0
6076.700000000001			1.0
6077.6			1.0
6078.5			1.0
6079.4			1.0
6080.3			1.0
6081.200000000001			1.0
6082.1			1.0
6083.0			1.0
6083.9			1.0
6084.8			1.0
6085.700000000001			1.0
6086.6			1.0
6087.5			1.0
6088.4			1.0
6089.3			1.0
6090.200000000001			1.0
6091.1			1.0
6092.0			1.0
6092.9			1.0
6093.8			1.0
6094.700000000001			1.0
6095.6			1.0
6096.5			1.0
6097.4			1.0
6098.3			1.0
6099.200000000001			1.0
6100.1			1.0000482155900143
6101.0			0.9647264880311167
6101.9			0.8915083833592897
6102.8			0.8517254525369314
6103.700000000001			0.892215864754757
6104.6			0.9632811064977204
6105.5			1.0023414866052416
6106.4			1.0
6107.3			1.0
6108.200000000001			1.0
6109.1			1.0
6110.0			1.0
6110.9			1.0
6111.8			1.0
6112.700000000001			1.0
6113.6			1.0
6114.5			1.0
6115.4			1.0
6116.3			1.0
6117.200000000001			1.0
6118.1			1.0
6119.0			1.0
6119.9			0.9805822097430266
6120.8			0.936917842654388
6121.700000000001			0.872168200151501
6122.6			0.8562439854679281
6123.5			0.9144825767468246
6124.4			0.9782715881822968
6125.3			0.9998959761543692
6126.200000000001			1.0
6127.1			1.0
6128.0			1.0
6128.9			1.0
6129.8			1.0
6130.700000000001			1.0
6131.6			1.0
6132.5			1.0
6133.4			1.0
6134.3			0.9919497364118495
6135.200000000001			0.9476935419934406
6136.1			0.8689334759875883
6137.0			0.8161085691698039
6137.9			0.84781266229616
6138.8			0.9365085155812292
6139.700000000001			1.0013728862470859
6140.6			1.0
6141.5			1.0
6142.4			1.0
6143.3			1.0
6144.200000000001			1.0
6145.1			1.0
6146.0			1.0
6146.9			1.0
6147.8			1.0
6148.700000000001			1.0
6149.6			1.0
6150.5			1.0
6151.4			1.0
6152.3			1.0
6153.200000000001			1.0
6154.1			1.0
6155.0			1.0
6155.9			1.0
6156.8			1.0
6157.700000000001			1.0
6158.6			1.00430669452744
6159.5			0.9949237761828519
6160.4			0.9310115398687641
6161.3			0.8310808394402716
6162.200000000001			0.7794942405530243
6163.1			0.8190077636429208
6164.0			0.9085510966449327
6164.9			0.9781329442193929
6165.8			1.004705788091526
6166.700000000001			1.0
6167.6			1.0
6168.5			1.0
6169.4			1.0
6170.3			1.0
6171.200000000001			1.0
6172.1			1.0
6173.0			1.0
6173.9			1.0
6174.8			1.0
6175.700000000001			1.0
6176.6			1.0
6177.5			1.0
6178.4			1.0
6179.3			1.0
6180.200000000001			1.0
6181.1			1.0
6182.0			1.0
6182.9			1.0
6183.8			1.0
6184.700000000001			1.0
6185.6			1.0
6186.5			1.0
6187.4			1.0
6188.3			1.0
6189.200000000001			1.0041932200926744
6190.1			0.9764015736545637
6191.0			0.922014354695013
6191.9			0.9111056917268024
6192.8			0.9540328213514738
6193.700000000001			0.9903281084372242
6194.6			0.9964293776260004
6195.5			1.0
6196.4			1.0
6197.3			1.0
6198.200000000001			1.0
6199.1			1.0
6200.0			1.0
6200.9			1.0
6201.8			1.0
6202.700000000001			1.0
6203.6			1.0
6204.5			1.0
6205.4			1.0
6206.3			1.0
6207.200000000001			1.0
6208.1			1.0
6209.0			1.0
6209.9			1.0
6210.8			1.0
6211.700000000001			1.0
6212.6			1.0
6213.5			1.0
6214.4			1.0
6215.3			1.0
6216.200000000001			1.0
6217.1			1.0
6218.0			1.0
6218.9			1.0
6219.8			1.0
6220.700000000001			1.0
6221.6			1.0
6222.5			1.0
6223.4			1.0
6224.3			1.0
6225.200000000001			1.0
6226.1			1.0
6227.0			1.003132730082822
6227.9			1.002533552054957
6228.8			0.9827419298313055
6229.700000000001			0.9339776859393827
6230.6			0.8925079007199931
6231.5			0.8961989170384121
6232.4			0.9273190652679719
6233.3			0.9619592669214198
6234.200000000001			1.0004477991656011
6235.1			1.0
6236.0			1.0
6236.9			1.0
6237.8			1.0
6238.700000000001			1.0
6239.6			1.0
6240.5			1.0
6241.4			1.0
6242.3			1.0
6243.200000000001			1.0
6244.1			1.0036706951942944
6245.0			0.9994744724972503
6245.9			0.9797244530635693
6246.8			0.9817147534689372
6247.700000000001			1.0131346980129403
6248.6			1.0377457473991571
6249.5			1.0411907786261594
6250.4			1.0270350064501412
6251.3			0.9906731378000972
6252.200000000001			0.9485900004810143
6253.1			0.9300743309208513
6254.0			0.9370404355286811
6254.9			0.9524704215451018
6255.8			0.9564628967072382
6256.700000000001			0.9480143915369669
6257.6			0.9330418547720882
6258.5			0.9304800955591539
6259.4			0.949443197320577
6260.3			0.9684948416333071
6261.200000000001			0.9809448293109133
6262.1			0.9998018046509934
6263.0			1.0
6263.9			1.0
6264.8			1.0
6265.700000000001			1.0
6266.6			1.0
6267.5			1.0
6268.4			1.0
6269.3			1.0
6270.200000000001			1.0
6271.1			1.0
6272.0			1.0
6272.9			1.0
6273.8			1.0
6274.700000000001			1.0
6275.6			1.0
6276.5			1.0
6277.4			1.0
6278.3			0.9969091329315862
6279.200000000001			0.9854989024171933
6280.1			0.9750738087612357
6281.0			0.9792058463445583
6281.9			0.9965280338608173
6282.8			1.013316535694414
6283.700000000001			1.0206331222158962
6284.6			1.018592750294711
6285.5			1.014752513381349
6286.4			1.0182950817190104
6287.3			1.026939882418009
6288.200000000001			1.0341832253686583
6289.1			1.0348184957461386
6290.0			1.0214284379816407
6290.9			1.0093757594147323
6291.8			1.0108381023277164
6292.700000000001			1.017049939186671
6293.6			1.0204549363887456
6294.5			1.022673120794534
6295.4			1.0245513169540472
6296.3			1.0145364960527874
6297.200000000001			1.000551641600152
6298.1			0.9992396073995543
6299.0			1.0080016838591397
6299.9			1.000425193457492
6300.8			0.961431273323305
6301.700000000001			0.9281129551212565
6302.6			0.9431900914360478
6303.5			0.9918583672362157
6304.4			1.0289665055247947
6305.3			1.0449841772202366
6306.200000000001			1.0548174391116094
6307.1			1.0627262072451598
6308.0			1.0634673239703516
6308.9			1.055958107781089
6309.8			1.045668679353732
6310.700000000001			1.0367333126197138
6311.6			1.0314321327675633
6312.5			1.0333200425631992
6313.4			1.028326253312517
6314.3			1.0057344768761867
6315.200000000001			0.988690685123955
6316.1			0.995817467327481
6317.0			0.9975603048474552
6317.9			0.9828443345890822
6318.8			0.9861079126225103
6319.700000000001			1.0167057713198
6320.6			1.0457898740946414
6321.5			1.0447044009375692
6322.4			1.0347445461184464
6323.3			1.0440608640254398
6324.200000000001			1.0670047793720185
6325.1			1.0825079726725715
6326.0			1.0822716817819547
6326.9			1.0751985756997553
6327.8			1.0745256856324825
6328.700000000001			1.0745053257925927
6329.6			1.0643252395572544
6330.5			1.0601259360071138
6331.4			1.0757825555932605
6332.3			1.0934561338887467
6333.200000000001			1.0912235423780599
6334.1			1.0653896759062753
6335.0			1.0271045674521102
6335.9			0.9983331297029954
6336.8			1.0
6337.700000000001			1.0
6338.6			1.0
6339.5			1.0
6340.4			1.0
6341.3			1.0
6342.200000000001			1.0
6343.1			1.0
6344.0			1.0
6344.9			1.0
6345.8			1.0
6346.700000000001			1.0
6347.6			1.0
6348.5			1.0
6349.4			1.0
6350.3			1.0
6351.200000000001			1.0
6352.1			1.0
6353.0			1.0
6353.9			1.0
6354.8			1.0
6355.700000000001			1.0
6356.6			1.0
6357.5			1.0
6358.4			1.0
6359.3			1.0
6360.200000000001			1.0
6361.1			0.9885499461188669
6362.0			0.9704662199932127
6362.9			0.9690911104473426
6363.8			0.9871150653602156
6364.700000000001			1.0079930464453366
6365.6			1.0151411812096993
6366.5			1.0187608791403089
6367.4			1.0284602572316077
6368.3			1.0357020056244848
6369.200000000001			1.0343677254557422
6370.1			1.0300117781002884
6371.0			1.0304490810936109
6371.9			1.033098972187797
6372.8			1.0341701031555324
6373.700000000001			1.0321229612389824
6374.6			1.0309899987708462
6375.5			1.0325036221739052
6376.4			1.033230777770194
6377.3			1.030809592549205
6378.200000000001			1.0283813362046665
6379.1			1.025240153702656
6380.0			1.0195453526716096
6380.9			1.0159275225670377
6381.8			1.0216022759681636
6382.700000000001			1.0279627966455973
6383.6			1.0
6384.5			1.001156552202848
6385.4			1.000585875426285
6386.3			0.9995429570943828
6387.200000000001			1.0023834076236018
6388.1			1.011166038791761
6389.0			1.0130643536408275
6389.9			1.0095239261548292
6390.8			1.0044294443280068
6391.700000000001			0.983426164973652
6392.6			0.9400297162889766
6393.5			0.9120215460194636
6394.4			0.9349407060702632
6395.3			0.9815403686073696
6396.200000000001			1.0097105428479647
6397.1			1.0144006061246353
6398.0			0.9905102165106003
6398.9			0.9287518406276959
6399.8			0.8720860424906278
6400.700000000001			0.8846112064990407
6401.6			0.9487000137683294
6402.5			0.9999108224394955
6403.4			1.0203830756791137
6404.3			1.02069039897723
6405.200000000001			1.0107690590876743
6406.1			0.991670490630409
6407.0			0.9632496701633023
6407.9			0.9448417932958092
6408.8			0.956875193396031
6409.700000000001			0.9686533503582184
6410.6			0.9457854786203567
6411.5			0.9216278365724774
6412.4			0.9395760956751177
6413.3			0.9750326992091221
6414.200000000001			0.9904833134832673
6415.1			0.992533506131805
6416.0			0.9946420362439853
6416.9			0.9963060400400647
6417.8			0.9951557446130287
6418.700000000001			0.9815987913157646
6419.6			0.9521946678883065
6420.5			0.9255663146220597
6421.4			0.9284497284044463
6422.3			0.9602720234339145
6423.200000000001			0.9916907755672155
6424.1			1.0039955554071802
6425.0			1.0031305189217452
6425.9			1.004884759426999
6426.8			1.0085752730892195
6427.700000000001			1.010696286798568
6428.6			1.00234642696089
6429.5			0.9736103411855274
6430.4			1.0
6431.3			0.9980152406499591
6432.200000000001			1.0247049392615437
6433.1			1.0483644860174637
6434.0			1.0627196226152409
6434.9			1.0702960844014693
6435.8			1.0713192343179747
6436.700000000001			1.0613146479832276
6437.6			1.0221088103670148
6438.5			0.9658954259802717
6439.4			0.9510453765566389
6440.3			0.9969555947651029
6441.200000000001			1.052154178631171
6442.1			1.0741286438681346
6443.0			1.0716760530845946
6443.9			1.070593572457923
6444.8			1.0762842824935817
6445.700000000001			1.0814086543827532
6446.6			1.0802400790636852
6447.5			1.0631260567155882
6448.4			1.0184415589310274
6449.3			0.9718471916641224
6450.200000000001			0.9676515334356489
6451.1			1.0078985730707593
6452.0			1.049391926798081
6452.9			1.0711875710632575
6453.8			1.068780720114813
6454.700000000001			1.0414987780154785
6455.6			1.0169289828960728
6456.5			1.020458084391638
6457.4			1.0457577957547128
6458.3			1.06560746279105
6459.200000000001			1.0716050976165419
6460.1			1.0608329257370424
6461.0			1.0170418209199652
6461.9			0.9535387106211448
6462.8			0.929668541907434
6463.700000000001			0.9699452806132385
6464.6			1.0271127711794337
6465.5			1.0557587842110052
6466.4			1.0624406658037588
6467.3			1.0588563952397128
6468.200000000001			1.0483030271750309
6469.1			1.0368357491594935
6470.0			1.0271919185109886
6470.9			1.0149023793975385
6471.8			1.010555909059104
6472.700000000001			1.0308765888966875
6473.6			1.0505385700006775
6474.5			1.0441265952259362
6475.4			1.0279567681013186
6476.3			1.0301455887063875
6477.200000000001			1.0431946952775053
6478.1			1.0497775243645553
6479.0			1.0513742464560984
6479.9			1.0480789039867817
6480.8			1.0301705876993286
6481.700000000001			1.0066805666913448
6482.6			1.0030191951348253
6483.5			1.0219830655101856
6484.4			1.0407657059352897
6485.3			1.0465885391379008
6486.200000000001			1.0445976430746922
6487.1			1.0456727535100845
6488.0			1.0495040806096911
6488.9			1.0452938023645555
6489.8			1.0
6490.700000000001			0.9910939747562317
6491.6			0.9809924544313805
6492.5			0.9468642311169138
6493.4			0.8798111397912675
6494.3			0.8182008591086566
6495.200000000001			0.8083642286600197
6496.1			0.8452163489446262
6497.0			0.8962000766308437
6497.9			0.9317733654521685
6498.8			0.9386488817140779
6499.700000000001			0.943286570253097
6500.6			0.9656911370747256
6501.5			0.9875690005949391
6502.4			0.9988731144228868
6503.3			1.0075321105116608
6504.200000000001			1.013408528005269
6505.1			1.0152020764267509
6506.0			1.0175738150433402
6506.9			1.0187593238330257
6507.8			1.0164774029457522
6508.700000000001			1.0160409902083083
6509.6			1.015919893007291
6510.5			1.0139267750180512
6511.4			1.0150007452425824
6512.3			1.0177241067723661
6513.200000000001			1.019065717887493
6514.1			1.0168281164928863
6515.0			1.0101454513160195
6515.9			1.0016476602545021
6516.8			0.9931062071211568
6517.700000000001			0.9826120717580991
6518.6			0.9814678669502909
6519.5			0.9948995960837995
6520.4			1.0095925319458652
6521.3			1.0131101089595553
6522.200000000001			1.0125332182734594
6523.1			1.0142836247618627
6524.0			1.0152036973593503
6524.9			1.0148108361398354
6525.8			1.007794106915399
6526.700000000001			0.9980190983043324
6527.6			0.9984014845605501
6528.5			1.0088481305641297
6529.4			1.0172869060485392
6530.3			1.015570600429457
6531.200000000001			1.0032678250518567
6532.1			0.9883962662681531
6533.0			0.9794967481415262
6533.9			0.9839956916541356
6534.8			0.9973187296034726
6535.700000000001			1.0090065274268458
6536.6			1.0087561087798245
6537.5			1.0036984236742617
6538.4			1.0050249757149468
6539.3			1.0082876227292081
6540.200000000001			1.0091707688453984
6541.1			1.0056735284663079
6542.0			1.0001640267870817
6542.9			0.9960993002670442
6543.8			0.9950679965104965
6544.700000000001			0.9806111404208472
6545.6			0.9495960657397751
6546.5			0.9341266957265795
6547.4			0.951423656088228
6548.3			0.977910739705169
6549.200000000001			0.9944962784785913
6550.1			0.9968160751741575
6551.0			0.9899434971833163
6551.9			0.982860767997222
6552.8			0.9792885938535528
6553.700000000001			0.9712537726909328
6554.6			0.9561333599610684
6555.5			0.9459086156935201
6556.4			0.9488496355618227
6557.3			0.9588490733672096
6558.200000000001			0.9600234873483918
6559.1			0.9500980296152952
6560.0			0.9247402268535496
6560.9			0.8592836074290556
6561.8			0.7434732420677961
6562.700000000001			0.6603207218436936
6563.6			0.7029031742642278
6564.5			0.8229046863265626
6565.4			0.9165277891382166
6566.3			0.9574266929749901
6567.200000000001			0.9656658289703011
6568.1			0.9552463250914133
6569.0			0.9421978113645978
6569.9			0.9469490315272217
6570.8			0.9636519357182459
6571.700000000001			0.970534260095178
6572.6			0.9637438834289938
6573.5			0.949425307340378
6574.4			0.9414800511058622
6575.3			0.9575147503365637
6576.200000000001			0.9892532555054725
6577.1			1.0109119071720951
6578.0			1.0178318823902501
6578.9			1.0150552409111162
6579.8			1.005080643923413
6580.700000000001			0.9950948036432707
6581.6			0.9928473785500106
6582.5			1.00068039352945
6583.4			1.0070381501276042
6584.3			1.0084188253838118
6585.200000000001			1.006368401483489
6586.1			1.0029224616267682
6587.0			1.005911071730688
6587.9			1.0159894348583374
6588.8			1.0243832624906744
6589.700000000001			1.024539062410911
6590.6			1.010652875228492
6591.5			0.9717372880174866
6592.4			0.9188565925148194
6593.3			0.8992936746264611
6594.200000000001			0.9345039943303145
6595.1			0.9818507545288604
6596.0			0.998706143820476
6596.9			0.9915129793402022
6597.8			0.98393431254752
6598.700000000001			0.9872535968551273
6599.6			1.0002742244565959
6600.5			1.0151185283552162
6601.4			1.0253106266386547
6602.3			1.0238487639551155
6603.200000000001			1.0155212921087642
6604.1			1.0066944115665093
6605.0			1.003746570242087
6605.9			1.0077541253871736
6606.8			1.0064943194246325
6607.700000000001			0.9916452395398817
6608.6			0.9723392218190322
6609.5			0.9738124019383946
6610.4			0.9978152254386048
6611.3			1.0156274970473171
6612.200000000001			1.0153440102781381
6613.1			1.010313863469715
6614.0			1.010748092606091
6614.9			1.0168114959741594
6615.8			1.0221113635705041
6616.700000000001			1.0222137845315709
6617.6			1.0205385919473244
6618.5			1.0238841578862363
6619.4			1.0305765044479287
6620.3			1.034372748632754
6621.200000000001			1.0289008429795143
6622.1			1.020922066829995
6623.0			1.0154354437047408
6623.9			1.009532307371137
6624.8			1.0056195520674858
6625.700000000001			1.0057642221479335
6626.6			1.0059945832197994
6627.5			0.9997737804008339
6628.4			0.9978304692661392
6629.3			1.0013522102507555
6630.200000000001			1.004378529516232
6631.1			1.0049582867823927
6632.0			0.9928562366874791
6632.9			0.9666107324603338
6633.8			0.9505079338821196
6634.700000000001			0.9621334784196345
6635.6			0.9881384224365887
6636.5			1.0061560751825875
6637.4			1.0142990497570485
6638.3			1.011740057722476
6639.200000000001			1.003786808417252
6640.1			1.005563689774162
6641.0			1.014008307364893
6641.9			1.012293608189546
6642.8			0.9945941915252434
6643.700000000001			0.9845237012386896
6644.6			0.9909696859448685
6645.5			1.001790650613687
6646.4			1.009008714459129
6647.3			1.0135070949472413
6648.200000000001			1.0186615959367356
6649.1			1.023298942815785
6650.0			1.0251389493541698
6650.9			1.0215952118555203
6651.8			1.018328906836417
6652.700000000001			1.0178181367959265
6653.6			1.0182448809409232
6654.5			1.0190211019227962
6655.4			1.0188697336580657
6656.3			1.0183380990813422
6657.200000000001			1.0206464898393357
6658.1			1.0209953935619451
6659.0			1.018907197929108
6659.9			1.0172993707996607
6660.8			1.0125705630224064
6661.700000000001			0.9961464518683837
6662.6			0.9718996400237043
6663.5			0.9622602327975772
6664.4			0.977435362336744
6665.3			0.9988268503904265
6666.200000000001			1.0052218083879327
6667.1			1.0016906752587074
6668.0			1.001377717894784
6668.9			1.0082935153300818
6669.8			1.013469988540719
6670.700000000001			1.012827127946014
6671.6			1.012276018038956
6672.5			1.0156746692514291
6673.4			1.0206115529166992
6674.3			1.024190335994593
6675.200000000001			1.023969994062716
6676.1			1.0051128191834704
6677.0			0.9617768338726401
6677.9			0.9331391498165175
6678.8			0.9500043041108943
6679.700000000001			0.9875406244208118
6680.6			1.0112928862270418
6681.5			1.018513374125024
6682.4			1.0206043781975944
6683.3			1.0242776809910286
6684.200000000001			1.0292340718861819
6685.1			1.0296028414188598
6686.0			1.0276728598292622
6686.9			1.0261416829277699
6687.8			1.0244865402889605
6688.700000000001			1.0225335486078708
6689.6			1.023361422174659
6690.5			1.0240927047144808
6691.4			1.024682568403058
6692.3			1.02677982964687
6693.200000000001			1.026911195599995
6694.1			1.0200899460726864
6695.0			1.0019430411485473
6695.9			0.9864612416598143
6696.8			0.988124828419498
6697.700000000001			0.9992869685984098
6698.6			1.0083838571413304
6699.5			1.0138708102682379
6700.4			1.0179344376739596
6701.3			1.020204950629229
6702.200000000001			1.015568043366867
6703.1			1.0020951247037035
6704.0			0.9859987603338015
6704.9			0.986514945085099
6705.8			1.0017944099277494
6706.700000000001			1.01582598280781
6707.6			1.0224535338534086
6708.5			1.0234644579938263
6709.4			1.0202885436536289
6710.3			1.0156830588196737
6711.200000000001			1.0163455684957872
6712.1			1.0128233297853126
6713.0			1.0038153620242973
6713.9			0.9982375901433469
6714.8			0.9952295712685878
6715.700000000001			0.9837737645968126
6716.6			0.9618558009267303
6717.5			0.9517034851402926
6718.4			0.9674506014807188
6719.3			0.9921632745549523
6720.200000000001			1.0046304196568336
6721.1			1.0078734053114498
6722.0			1.0129265330852804
6722.9			1.0208965851496379
6723.8			1.023659905864111
6724.700000000001			1.014873860544891
6725.6			0.9993371568160492
6726.5			0.9937712323210254
6727.4			1.0012234662252646
6728.3			1.0129621259605657
6729.200000000001			1.0200303379803577
6730.1			1.0233018805832792
6731.0			1.0238643278324853
6731.9			1.019510852415079
6732.8			1.0142213078164413
6733.700000000001			1.0108234477069435
6734.6			1.011406085672435
6735.5			1.0118356412167986
6736.4			1.0130032421323216
6737.3			1.0112015426020429
6738.200000000001			1.005287675908042
6739.1			1.0035386847873526
6740.0			1.007823026334135
6740.9			1.0121587783578267
6741.8			1.0105901161086217
6742.700000000001			1.0053371426744395
6743.6			1.0067185920232788
6744.5			1.0126638788252358
6745.4			1.018379879987661
6746.3			1.0199702780477937
6747.200000000001			1.0194538899970902
6748.1			1.0181935618869984
6749.0			1.0097773589123524
6749.9			0.999785823275941
6750.8			1.0
6751.700000000001			1.0
6752.6			1.0
6753.5			1.0
6754.4			1.0
6755.3			1.0
6756.200000000001			1.0
6757.1			1.0
6758.0			1.0
6758.9			1.0
6759.8			1.0
6760.700000000001			1.0
6761.6			1.0
6762.5			1.0
6763.4			1.0
6764.3			1.0
6765.200000000001			1.0
6766.1			1.0
6767.0			1.0
6767.9			1.0
6768.8			1.0
6769.700000000001			1.0
6770.6			1.0
6771.5			1.0
6772.4			1.0
6773.3			1.0
6774.200000000001			1.0
6775.1			1.0
6776.0			1.0
6776.9			1.0
6777.8			1.0
6778.700000000001			1.0
6779.6			1.0
6780.5			1.0
6781.4			1.0
6782.3			1.0
6783.200000000001			1.0
6784.1			1.0
6785.0			1.0
6785.9			1.0
6786.8			1.0
6787.700000000001			1.0
6788.6			1.0
6789.5			1.0
6790.4			1.0
6791.3			1.0
6792.200000000001			1.0
6793.1			1.0
6794.0			1.0
6794.9			1.0
6795.8			1.0
6796.700000000001			1.0
6797.6			1.0
6798.5			1.0
6799.4			1.0
6800.3			1.0
6801.200000000001			1.0
6802.1			1.0
6803.0			1.0
6803.9			1.0
6804.8			1.0
6805.700000000001			1.0
6806.6			1.0
6807.5			1.0
6808.4			1.0
6809.3			1.0
6810.200000000001			1.0
6811.1			1.0
6812.0			1.0
6812.9			1.0
6813.8			1.0
6814.700000000001			1.0
6815.6			1.0
6816.5			1.0
6817.4			1.0
6818.3			1.0
6819.200000000001			1.0
6820.1			1.0
6821.0			1.0
6821.9			1.0
6822.8			1.0
6823.700000000001			1.0
6824.6			1.0
6825.5			1.0
6826.4			1.0
6827.3			1.0
6828.200000000001			1.0
6829.1			1.0
6830.0			1.0
6830.9			1.0
6831.8			1.0
6832.700000000001			1.0
6833.6			1.0
6834.5			1.0
6835.4			1.0
6836.3			1.0
6837.200000000001			1.0
6838.1			1.0
6839.0			1.0
6839.9			1.0
6840.8			1.0
6841.700000000001			1.0
6842.6			1.0
6843.5			1.0
6844.4			1.0
6845.3			1.0
6846.200000000001			1.0
6847.1			1.0
6848.0			1.0
6848.9			1.0
6849.8			1.0
6850.700000000001			1.0
6851.6			1.0
6852.5			1.0
6853.4			1.0
6854.3			1.0
6855.200000000001			1.0
6856.1			1.0
6857.0			1.0
6857.9			1.0
6858.8			1.0
6859.700000000001			1.0
6860.6			1.0
6861.5			1.0
6862.4			1.0
6863.3			1.0
6864.200000000001			1.0
6865.1			1.0
6866.0			1.0
6866.9			1.0
6867.8			1.0
6868.700000000001			1.0
6869.6			1.0
6870.5			1.0
6871.4			1.0
6872.3			1.0
6873.200000000001			1.0
6874.1			1.0
6875.0			1.0
6875.9			1.0
6876.8			1.0
6877.700000000001			1.0
6878.6			1.0
6879.5			1.0
6880.4			1.0
6881.3			1.0
6882.200000000001			1.0
6883.1			1.0
6884.0			1.0
6884.9			1.0
6885.8			1.0
6886.700000000001			1.0
6887.6			1.0
6888.5			1.0
6889.4			1.0
6890.3			1.0
6891.200000000001			1.0
6892.1			1.0
6893.0			1.0
6893.9			1.0
6894.8			1.0
6895.700000000001			1.0
6896.6			1.0
6897.5			1.0
6898.4			1.0
6899.3			1.0
6900.200000000001			1.0
6901.1			1.0
6902.0			1.0
6902.9			1.0
6903.8			1.0
6904.700000000001			1.0
6905.6			1.0
6906.5			1.0
6907.4			1.0
6908.3			1.0
6909.200000000001			1.0
6910.1			1.0
6911.0			1.0
6911.9			1.0
6912.8			1.0
6913.700000000001			1.0
6914.6			1.0
6915.5			1.0
6916.4			1.0
6917.3			1.0
6918.200000000001			1.0
6919.1			1.0
6920.0			1.0
6920.9			1.0
6921.8			1.0
6922.700000000001			1.0
6923.6			1.0
6924.5			1.0
6925.4			1.0
6926.3			1.0
6927.200000000001			1.0
6928.1			1.0
6929.0			1.0
6929.9			1.0
6930.8			1.0
6931.700000000001			1.0
6932.6			1.0
6933.5			1.0
6934.4			1.0
6935.3			1.0
6936.200000000001			1.0
6937.1			1.0
6938.0			1.0
6938.9			1.0
6939.8			1.0
6940.700000000001			1.0
6941.6			1.0
6942.5			1.0
6943.4			1.0
6944.3			1.0
6945.200000000001			1.0
6946.1			1.0
6947.0			1.0
6947.9			1.0
6948.8			1.0
6949.700000000001			1.0
6950.6			1.0
6951.5			1.0
6952.4			1.0
6953.3			1.0
6954.200000000001			1.0
6955.1			1.0
6956.0			1.0
6956.9			1.0
6957.8			1.0
6958.700000000001			1.0
6959.6			1.0
6960.5			1.0
6961.4			1.0
6962.3			1.0
6963.200000000001			1.0
6964.1			1.0
6965.0			1.0
6965.9			1.0
6966.8			1.0
6967.700000000001			1.0
6968.6			1.0
6969.5			1.0
6970.4			1.0
6971.3			1.0
6972.200000000001			1.0
6973.1			1.0
6974.0			1.0
6974.9			1.0
6975.8			1.0
6976.700000000001			1.0
6977.6			1.0
6978.5			1.0
6979.4			1.0
6980.3			1.0
6981.200000000001			1.0
6982.1			1.0
6983.0			1.0
6983.9			1.0
6984.8			1.0
6985.700000000001			1.0
6986.6			1.0
6987.5			1.0
6988.4			1.0
6989.3			1.0
6990.200000000001			1.0
6991.1			1.0
6992.0			1.0
6992.9			1.0
6993.8			1.0
6994.700000000001			1.0
6995.6			1.0
6996.5			1.0
6997.4			1.0
6998.3			1.0
6999.200000000001			1.0
7000.1			1.0
7001.0			1.0
7001.9			1.0
7002.8			1.0
7003.700000000001			1.0
7004.6			1.0
7005.5			1.0
7006.4			1.0
7007.3			1.0
7008.200000000001			1.0
7009.1			1.0
7010.0			1.0
7010.9			1.0
7011.8			1.0
7012.700000000001			1.0
7013.6			1.0
7014.5			1.0
7015.4			1.0
7016.3			1.0
7017.200000000001			1.0
7018.1			1.0
7019.0			1.0
7019.9			1.0
7020.8			1.0
7021.700000000001			1.0
7022.6			1.0
7023.5			1.0
7024.4			1.0
7025.3			1.0
7026.200000000001			1.0
7027.1			1.0
7028.0			1.0
7028.9			1.0
7029.8			1.0
7030.700000000001			1.0
7031.6			1.0
7032.5			1.0
7033.4			1.0
7034.3			1.0
7035.200000000001			1.0
7036.1			1.0
7037.0			1.0
7037.9			1.0
7038.8			1.0
7039.700000000001			1.0
7040.6			1.0
7041.5			1.0
7042.4			1.0
7043.3			1.0
7044.200000000001			1.0
7045.1			1.0
7046.0			1.0
7046.9			1.0
7047.8			1.0
7048.700000000001			1.0
7049.6			1.0
7050.5			1.0
7051.4			1.0
7052.3			1.0
7053.200000000001			1.0
7054.1			1.0
7055.0			1.0
7055.9			1.0
7056.8			1.0
7057.700000000001			1.0
7058.6			1.0
7059.5			1.0
7060.4			1.0
7061.3			1.0
7062.200000000001			1.0
7063.1			1.0
7064.0			1.0
7064.9			1.0
7065.8			1.0
7066.700000000001			1.0
7067.6			1.0
7068.5			1.0
7069.4			1.0
7070.3			1.0
7071.200000000001			1.0
7072.1			1.0
7073.0			1.0
7073.9			1.0
7074.8			1.0
7075.700000000001			1.0
7076.6			1.0
7077.5			1.0
7078.4			1.0
7079.3			1.0
7080.200000000001			1.0
7081.1			1.0
7082.0			1.0
7082.9			1.0
7083.8			1.0
7084.700000000001			1.0
7085.6			1.0
7086.5			1.0
7087.4			1.0
7088.3			1.0
7089.200000000001			1.0
7090.1			1.0
7091.0			1.0
7091.9			1.0
7092.8			1.0
7093.700000000001			1.0
7094.6			1.0
7095.5			1.0
7096.4			1.0
7097.3			1.0
7098.200000000001			1.0
7099.1			1.0
7100.0			1.0
7100.9			1.0
7101.8			1.0
7102.700000000001			1.0
7103.6			1.0
7104.5			1.0
7105.4			1.0
7106.3			1.0
7107.200000000001			1.0
7108.1			1.0
7109.0			1.0
7109.9			1.0
7110.8			1.0
7111.700000000001			1.0
7112.6			1.0
7113.5			1.0
7114.4			1.0
7115.3			1.0
7116.200000000001			1.0
7117.1			1.0
7118.0			1.0
7118.9			1.0
7119.8			1.0
7120.700000000001			1.0
7121.6			1.0
7122.5			1.0
7123.4			1.0
7124.3			1.0
7125.200000000001			1.0
7126.1			1.0
7127.0			1.0
7127.9			1.0
7128.8			1.0
7129.700000000001			1.0
7130.6			1.0
7131.5			1.0
7132.4			1.0
7133.3			1.0
7134.200000000001			1.0
7135.1			1.0
7136.0			1.0
7136.9			1.0
7137.8			1.0
7138.700000000001			1.0
7139.6			1.0
7140.5			1.0
7141.4			1.0
7142.3			1.0
7143.200000000001			1.0
7144.1			1.0
7145.0			1.0
7145.9			1.0
7146.8			1.0
7147.700000000001			1.0
7148.6			1.0
7149.5			1.0
7150.4			1.0
7151.3			1.0
7152.200000000001			1.0
7153.1			1.0
7154.0			1.0
7154.9			1.0
7155.8			1.0
7156.700000000001			1.0
7157.6			1.0
7158.5			1.0
7159.4			1.0
7160.3			1.0
7161.200000000001			1.0
7162.1			1.0
7163.0			1.0
7163.9			1.0
7164.8			1.0
7165.700000000001			1.0
7166.6			1.0
7167.5			1.0
7168.4			1.0
7169.3			1.0
7170.200000000001			1.0
7171.1			1.0
7172.0			1.0
7172.9			1.0
7173.8			1.0
7174.700000000001			1.0
7175.6			1.0
7176.5			1.0
7177.4			1.0
7178.3			1.0
7179.200000000001			1.0
7180.1			1.0
7181.0			1.0
7181.9			1.0
7182.8			1.0
7183.700000000001			1.0
7184.6			1.0
7185.5			1.0
7186.4			1.0
7187.3			1.0
7188.200000000001			1.0
7189.1			1.0
7190.0			1.0
7190.9			1.0
7191.8			1.0
7192.700000000001			1.0
7193.6			1.0
7194.5			1.0
7195.4			1.0
7196.3			1.0
7197.200000000001			1.0
7198.1			1.0
7199.0			1.0
7199.9			1.0
7200.8			1.0
7201.700000000001			1.0
7202.6			1.0
7203.5			1.0
7204.4			1.0
7205.3			1.0
7206.200000000001			1.0
7207.1			1.0
7208.0			1.0
7208.9			1.0
7209.8			1.0
7210.700000000001			1.0
7211.6			1.0
7212.5			1.0
7213.4			1.0
7214.3			1.0
7215.200000000001			1.0
7216.1			1.0
7217.0			1.0
7217.9			1.0
7218.8			1.0
7219.700000000001			1.0
7220.6			1.0
7221.5			1.0
7222.4			1.0
7223.3			1.0
7224.200000000001			1.0
7225.1			1.0
7226.0			1.0
7226.9			1.0
7227.8			1.0
7228.700000000001			1.0
7229.6			1.0
7230.5			1.0
7231.4			1.0
7232.3			1.0
7233.200000000001			1.0
7234.1			1.0
7235.0			1.0
7235.9			1.0
7236.8			1.0
7237.700000000001			1.0
7238.6			1.0
7239.5			1.0
7240.4			1.0
7241.3			1.0
7242.200000000001			1.0
7243.1			1.0
7244.0			1.0
7244.9			1.0
7245.8			1.0
7246.700000000001			1.0
7247.6			1.0
7248.5			1.0
7249.4			1.0
7250.3			1.0
7251.200000000001			1.0
7252.1			1.0
7253.0			1.0
7253.9			1.0
7254.8			1.0
7255.700000000001			1.0
7256.6			1.0
7257.5			1.0
7258.4			1.0
7259.3			1.0
7260.200000000001			1.0
7261.1			1.0
7262.0			1.0
7262.9			1.0
7263.8			1.0
7264.700000000001			1.0
7265.6			1.0
7266.5			1.0
7267.4			1.0
7268.3			1.0
7269.200000000001			1.0
7270.1			1.0
7271.0			1.0
7271.9			1.0
7272.8			1.0
7273.700000000001			1.0
7274.6			1.0
7275.5			1.0
7276.4			1.0
7277.3			1.0
7278.200000000001			1.0
7279.1			1.0
7280.0			1.0
7280.9			1.0
7281.8			1.0
7282.700000000001			1.0
7283.6			1.0
7284.5			1.0
7285.4			1.0
7286.3			1.0
7287.200000000001			1.0
7288.1			1.0
7289.0			1.0
7289.9			1.0
7290.8			1.0
7291.700000000001			1.0
7292.6			1.0
7293.5			1.0
7294.4			1.0
7295.3			1.0
7296.200000000001			1.0
7297.1			1.0
7298.0			1.0
7298.9			1.0
7299.8			1.0
7300.700000000001			1.0
7301.6			1.0
7302.5			1.0
7303.4			1.0
7304.3			1.0
7305.200000000001			1.0
7306.1			1.0
7307.0			1.0
7307.9			1.0
7308.8			1.0
7309.700000000001			1.0
7310.6			1.0
7311.5			1.0
7312.4			1.0
7313.3			1.0
7314.200000000001			1.0
7315.1			1.0
7316.0			1.0
7316.9			1.0
7317.8			1.0
7318.700000000001			1.0
7319.6			1.0
7320.5			1.0
7321.4			1.0
7322.3			1.0
7323.200000000001			1.0
7324.1			1.0
7325.0			1.0
7325.9			1.0
7326.8			1.0
7327.700000000001			1.0
7328.6			1.0
7329.5			1.0
7330.4			1.0
7331.3			1.0
7332.200000000001			1.0
7333.1			1.0
7334.0			1.0
7334.9			1.0
7335.8			1.0
7336.700000000001			1.0
7337.6			1.0
7338.5			1.0
7339.4			1.0
7340.3			1.0
7341.200000000001			1.0
7342.1			1.0
7343.0			1.0
7343.9			1.0
7344.8			1.0
7345.700000000001			1.0
7346.6			1.0
7347.5			1.0
7348.4			1.0
7349.3			1.0
7350.200000000001			1.0
7351.1			1.0
7352.0			1.0
7352.9			1.0
7353.8			1.0
7354.700000000001			1.0
7355.6			1.0
7356.5			1.0
7357.4			1.0
7358.3			1.0
7359.200000000001			1.0
7360.1			1.0
7361.0			1.0
7361.9			1.0
7362.8			1.0
7363.700000000001			1.0
7364.6			1.0
7365.5			1.0
7366.4			1.0
7367.3			1.0
7368.200000000001			1.0
7369.1			1.0
7370.0			1.0
7370.9			1.0
7371.8			1.0
7372.700000000001			1.0
7373.6			1.0
7374.5			1.0
7375.4			1.0
7376.3			1.0
7377.200000000001			1.0
7378.1			1.0
7379.0			1.0
7379.9			1.0
7380.8			1.0
7381.700000000001			1.0
7382.6			1.0
7383.5			1.0
7384.4			1.0
7385.3			1.0
7386.200000000001			1.0
7387.1			1.0
7388.0			1.0
7388.9			1.0
7389.8			1.0
7390.700000000001			1.0
7391.6			1.0
7392.5			1.0
7393.4			1.0
7394.3			1.0
7395.200000000001			1.0
7396.1			1.0
7397.0			1.0
7397.9			1.0
7398.8			1.0
7399.700000000001			1.0
7400.6			1.0
7401.5			1.0
7402.4			1.0
7403.3			1.0
7404.200000000001			1.0
7405.1			1.0
7406.0			1.0
7406.9			1.0
7407.8			1.0
7408.700000000001			1.0
7409.6			1.0
7410.5			1.0
7411.4			1.0
7412.3			1.0
7413.200000000001			1.0
7414.1			1.0
7415.0			1.0
7415.9			1.0
7416.8			1.0
7417.700000000001			1.0
7418.6			1.0
7419.5			1.0
7420.4			1.0
7421.3			1.0
7422.200000000001			1.0
7423.1			1.0
7424.0			1.0
7424.9			1.0
7425.8			1.0
7426.700000000001			1.0
7427.6			1.0
7428.5			1.0
7429.4			1.0
