3500.0			1.0
3500.9			1.0
3501.8			1.0
3502.7			1.0
3503.6			1.0
3504.5			1.0
3505.4			1.0
3506.3			1.0
3507.2			1.0
3508.1			1.0
3509.0			1.0
3509.9			1.0
3510.8			1.0
3511.7			1.0
3512.6			1.0
3513.5			1.0
3514.4			1.0
3515.3			1.0
3516.2			1.0
3517.1			1.0
3518.0			1.0
3518.9			1.0
3519.8			1.0
3520.7			1.0
3521.6			1.0
3522.5			1.0
3523.4			1.0
3524.3			1.0
3525.2			1.0
3526.1			1.0
3527.0			1.0
3527.9			1.0
3528.8			1.0
3529.7			1.0
3530.6			1.0
3531.5			1.0
3532.4			1.0
3533.3			1.0
3534.2			1.0
3535.1			1.0
3536.0			1.0
3536.9			1.0
3537.8			1.0
3538.7			1.0
3539.6			1.0
3540.5			1.0
3541.4			1.0
3542.3			1.0
3543.2			1.0
3544.1			1.0
3545.0			1.0
3545.9			1.0
3546.8			1.0
3547.7			1.0
3548.6			1.0
3549.5			1.0
3550.4			1.0
3551.3			1.0
3552.2			1.0
3553.1			1.0
3554.0			1.0
3554.9			1.0
3555.8			1.0
3556.7			1.0
3557.6			1.0
3558.5			1.0
3559.4			1.0
3560.3			1.0
3561.2			1.0
3562.1			1.0
3563.0			1.0
3563.9			1.0
3564.8			1.0
3565.7			1.0
3566.6			1.0
3567.5			1.0
3568.4			1.0
3569.3			1.0
3570.2			1.0
3571.1			1.0
3572.0			1.0
3572.9			1.0
3573.8			1.0
3574.7			1.0
3575.6			1.0
3576.5			1.0
3577.4			1.0
3578.3			1.0
3579.2			1.0
3580.1			1.0
3581.0			1.0
3581.9			1.0
3582.8			1.0
3583.7			1.0
3584.6			1.0
3585.5			1.0
3586.4			1.0
3587.3			1.0
3588.2			1.0
3589.1			1.0
3590.0			1.0
3590.9			1.0
3591.8			1.0
3592.7			1.0
3593.6			1.0
3594.5			1.0
3595.4			1.0
3596.3			1.0
3597.2			1.0
3598.1			1.0
3599.0			1.0
3599.9			1.0
3600.8			1.0
3601.7			1.0
3602.6			1.0
3603.5			1.0
3604.4			1.0
3605.3			1.0
3606.2			1.0
3607.1			1.0
3608.0			1.0
3608.9			1.0
3609.8			1.0
3610.7			1.0
3611.6			1.0
3612.5			1.0
3613.4			1.0
3614.3			1.0
3615.2			1.0
3616.1			1.0
3617.0			1.0
3617.9			1.0
3618.8			1.0
3619.7			1.0
3620.6			1.0
3621.5			1.0
3622.4			1.0
3623.3			1.0
3624.2			1.0
3625.1			1.0
3626.0			1.0
3626.9			1.0
3627.8			1.0
3628.7			1.0
3629.6			1.0
3630.5			1.0
3631.4			1.0
3632.3			1.0
3633.2			1.0
3634.1			1.0
3635.0			1.0
3635.9			1.0
3636.8			1.0
3637.7			1.0
3638.6			1.0
3639.5			1.0
3640.4			1.0
3641.3			1.0
3642.2			1.0
3643.1			1.0
3644.0			1.0
3644.9			1.0
3645.8			1.0
3646.7			1.0
3647.6			1.0
3648.5			1.0
3649.4			1.0
3650.3			1.0
3651.2			1.0
3652.1			1.0
3653.0			1.0
3653.9			1.0
3654.8			1.0
3655.7			1.0
3656.6			1.0
3657.5			1.0
3658.4			1.0
3659.3			1.0
3660.2			1.0
3661.1			1.0
3662.0			1.0
3662.9			1.0
3663.8			1.0
3664.7			1.0
3665.6			1.0
3666.5			1.0
3667.4			1.0
3668.3			1.0
3669.2			1.0
3670.1			1.0
3671.0			1.0
3671.9			1.0
3672.8			1.0
3673.7			1.0
3674.6			1.0
3675.5			1.0
3676.4			1.0
3677.3			1.0
3678.2			1.0
3679.1			1.0
3680.0			1.0
3680.9			1.0
3681.8			1.0
3682.7			1.0
3683.6			1.0
3684.5			1.0
3685.4			1.0
3686.3			1.0
3687.2			1.0
3688.1			1.0
3689.0			1.0
3689.9			1.0
3690.8			1.0
3691.7			1.0
3692.6			1.0
3693.5			1.0
3694.4			1.0
3695.3			1.0
3696.2			1.0
3697.1			1.0
3698.0			1.0
3698.9			1.0
3699.8			1.0
3700.7			1.0
3701.6			1.0
3702.5			1.0
3703.4			1.0
3704.3			1.0
3705.2			1.0
3706.1			1.0
3707.0			1.0
3707.9			1.0
3708.8			1.0
3709.7			1.0
3710.6			1.0
3711.5			1.0
3712.4			1.0
3713.3			1.0
3714.2			1.0
3715.1			1.0
3716.0			1.0
3716.9			1.0
3717.8			1.0
3718.7			1.0
3719.6			1.0
3720.5			1.0
3721.4			1.0
3722.3			1.0
3723.2			1.0
3724.1			1.0
3725.0			1.0
3725.9			1.0
3726.8			1.0
3727.7			1.0
3728.6			1.0
3729.5			1.0
3730.4			1.0
3731.3			1.0
3732.2			1.0
3733.1			1.0
3734.0			1.0
3734.9			1.0
3735.8			1.0
3736.7			1.0
3737.6			1.0
3738.5			1.0
3739.4			1.0
3740.3			1.0
3741.2			1.0
3742.1			1.0
3743.0			1.0
3743.9			1.0
3744.8			1.0
3745.7			1.0
3746.6			1.0
3747.5			1.0
3748.4			1.0
3749.3			1.0
3750.2			1.0
3751.1			1.0
3752.0			1.0
3752.9			1.0
3753.8			1.0
3754.7			1.0
3755.6			1.0
3756.5			1.0
3757.4			1.0
3758.3			1.0
3759.2			1.0
3760.1			1.0
3761.0			1.0
3761.9			1.0
3762.8			1.0
3763.7			1.0
3764.6			1.0
3765.5			1.0
3766.4			1.0
3767.3			1.0
3768.2			1.0
3769.1			1.0
3770.0			1.0
3770.9			1.0
3771.8			1.0
3772.7			1.0
3773.6			1.0
3774.5			1.0
3775.4			1.0
3776.3			1.0
3777.2			1.0
3778.1			1.0
3779.0			1.0
3779.9			1.0
3780.8			1.0
3781.7			1.0
3782.6			1.0
3783.5			1.0
3784.4			1.0
3785.3			1.0
3786.2			1.0
3787.1			1.0
3788.0			1.0
3788.9			1.0
3789.8			1.0
3790.7			1.0
3791.6			1.0
3792.5			1.0
3793.4			1.0
3794.3			1.0
3795.2			1.0
3796.1			1.0
3797.0			1.0
3797.9			1.0
3798.8			1.0
3799.7			1.0
3800.6			1.0
3801.5			1.0
3802.4			1.0
3803.3			1.0
3804.2			1.0
3805.1			1.0
3806.0			1.0
3806.9			1.0
3807.8			1.0
3808.7			1.0
3809.6			1.0
3810.5			1.0
3811.4			1.0
3812.3			1.0
3813.2			1.0
3814.1			1.0
3815.0			1.0
3815.9			1.0
3816.8			1.0
3817.7			1.0
3818.6			1.0
3819.5			1.0
3820.4			1.0
3821.3			1.0
3822.2			1.0
3823.1			1.0
3824.0			1.0
3824.9			1.0
3825.8			1.0
3826.7			1.0
3827.6			1.0
3828.5			1.0
3829.4			1.0
3830.3			1.0
3831.2			1.0
3832.1			1.0
3833.0			1.0
3833.9			1.0
3834.8			1.0
3835.7			1.0
3836.6			1.0
3837.5			1.0
3838.4			1.0
3839.3			1.0
3840.2			1.0
3841.1			1.0
3842.0			1.0
3842.9			1.0
3843.8			1.0
3844.7			1.0
3845.6			1.0
3846.5			1.0
3847.4			1.0
3848.3			1.0
3849.2			1.0
3850.1			1.0
3851.0			1.0
3851.9			1.0
3852.8			1.0
3853.7			1.0
3854.6			1.0
3855.5			1.0
3856.4			1.0
3857.3			1.0
3858.2			1.0
3859.1			1.0
3860.0			1.0
3860.9			1.0
3861.8			1.0
3862.7			1.0
3863.6			1.0
3864.5			1.0
3865.4			1.0
3866.3			1.0
3867.2			1.0
3868.1			1.0
3869.0			1.0
3869.9			1.0
3870.8			1.0
3871.7			1.0
3872.6			1.0
3873.5			1.0
3874.4			1.0
3875.3			1.0
3876.2			1.0
3877.1			1.0
3878.0			1.0
3878.9			1.0
3879.8			1.0
3880.7			1.0
3881.6			1.0
3882.5			1.0
3883.4			1.0
3884.3			1.0
3885.2			1.0
3886.1			1.0
3887.0			1.0
3887.9			1.0
3888.8			1.0
3889.7			1.0
3890.6			1.0
3891.5			1.0
3892.4			1.0
3893.3			1.0
3894.2			1.0
3895.1			1.0
3896.0			1.0
3896.9			1.0
3897.8			1.0
3898.7			1.0
3899.6			1.0
3900.5			1.0
3901.4			1.0
3902.3			1.0
3903.2			1.0
3904.1			1.0
3905.0			1.0
3905.9			1.0
3906.8			1.0
3907.7			1.0
3908.6			1.0
3909.5			1.0
3910.4			1.0
3911.3			1.0
3912.2			1.0
3913.1			1.0
3914.0			1.0
3914.9			1.0
3915.8			1.0
3916.7			1.0
3917.6			1.0
3918.5			1.0
3919.4			1.0
3920.3			1.0
3921.2			1.0
3922.1			1.0
3923.0			1.0
3923.9			1.0
3924.8			1.0
3925.7			1.0
3926.6			1.0
3927.5			1.0
3928.4			1.0
3929.3			1.0
3930.2			1.0
3931.1			1.0
3932.0			1.0
3932.9			1.0
3933.8			1.0
3934.7			1.0
3935.6			1.0
3936.5			1.0
3937.4			1.0
3938.3			1.0
3939.2			1.0
3940.1			1.0
3941.0			1.0
3941.9			1.0
3942.8			1.0
3943.7			1.0
3944.6			1.0
3945.5			1.0
3946.4			1.0
3947.3			1.0
3948.2			1.0
3949.1			1.0
3950.0			1.0
3950.9			1.0
3951.8			1.0
3952.7			1.0
3953.6			1.0
3954.5			1.0
3955.4			1.0
3956.3			1.0
3957.2			1.0
3958.1			1.0
3959.0			1.0
3959.9			1.0
3960.8			1.0
3961.7			1.0
3962.6			1.0
3963.5			1.0
3964.4			1.0
3965.3			1.0
3966.2			1.0
3967.1			1.0
3968.0			1.0
3968.9			1.0
3969.8			1.0
3970.7			1.0
3971.6			1.0
3972.5			1.0
3973.4			1.0
3974.3			1.0
3975.2			1.0
3976.1			1.0
3977.0			1.0
3977.9			1.0
3978.8			1.0
3979.7			1.0
3980.6			1.0
3981.5			1.0
3982.4			1.0
3983.3			1.0
3984.2			1.0
3985.1			1.0
3986.0			1.0
3986.9			1.0
3987.8			1.0
3988.7			1.0
3989.6			1.0
3990.5			1.0
3991.4			1.0
3992.3			1.0
3993.2			1.0
3994.1			1.0
3995.0			1.0
3995.9			1.0
3996.8			1.0
3997.7			1.0
3998.6			1.0
3999.5			1.0
4000.4			1.0
4001.3			1.0
4002.2			1.0
4003.1			1.0
4004.0			0.9657988420995189
4004.9			0.9023100453914609
4005.8			0.8769860848402571
4006.7			0.9242296300079667
4007.6			0.9975000847903401
4008.5			1.0
4009.4			1.0
4010.3			1.0
4011.2			1.0
4012.1			1.0
4013.0			1.0
4013.9			1.0
4014.8			1.0
4015.7			1.0
4016.6			1.0
4017.5			1.0
4018.4			1.0
4019.3			1.0
4020.2			1.0
4021.1			1.0
4022.0			1.0
4022.9			1.0
4023.8			1.0
4024.7			0.9852533447056044
4025.6			1.0036426694193596
4026.5			1.0383045644294282
4027.4			1.0462376494272985
4028.3			1.0245535706202618
4029.2			0.9768387182664156
4030.1			0.9202568559852848
4031.0			0.896961163080413
4031.9			0.8998589775257938
4032.8			0.9028354737285831
4033.7			0.9078044859502788
4034.6			0.9153035516872483
4035.5			0.9352532154169139
4036.4			0.9701355243577197
4037.3			0.9971258764747631
4038.2			1.0
4039.1			1.0
4040.0			1.0
4040.9			1.0
4041.8			1.0
4042.7			1.0036909752649408
4043.6			0.9449250173901415
4044.5			0.8543571291437568
4045.4			0.7998620953812313
4046.3			0.8434410836244194
4047.2			0.9426493460331182
4048.1			0.9998714697045175
4049.0			1.0
4049.9			1.0
4050.8			1.0
4051.7			1.0
4052.6			1.0
4053.5			1.0
4054.4			1.0
4055.3			1.0
4056.2			1.0
4057.1			1.0
4058.0			1.0
4058.9			1.0
4059.8			1.0
4060.7			1.026701256132041
4061.6			0.9889658965940643
4062.5			0.9129250897150019
4063.4			0.8774411917030542
4064.3			0.9365796664581624
4065.2			1.0013831401803455
4066.1			1.0046533659356254
4067.0			1.0
4067.9			1.0
4068.8			1.0
4069.7			1.0
4070.6			1.0
4071.5			1.0
4072.4			1.0
4073.3			1.0
4074.2			1.0
4075.1			0.9729091066417086
4076.0			0.9154708604979276
4076.9			0.857294827910016
4077.8			0.8442245357852757
4078.7			0.8914374958077572
4079.6			0.9566277886987934
4080.5			0.999958294970214
4081.4			1.0
4082.3			1.0
4083.2			1.0
4084.1			1.0
4085.0			1.0
4085.9			1.0
4086.8			1.0
4087.7			1.0
4088.6			1.0
4089.5			1.0
4090.4			1.0
4091.3			1.0
4092.2			1.0
4093.1			1.0
4094.0			1.0
4094.9			1.0
4095.8			1.0
4096.7			0.983400099189961
4097.6			0.970019916487586
4098.5			0.932623828368243
4099.4			0.8624383720628368
4100.3			0.7617065799883762
4101.2			0.670323969760923
4102.1			0.6706613814035035
4103.0			0.7727655666422139
4103.9			0.8918719119527823
4104.8			0.9708952032834031
4105.7			1.000457393901187
4106.6			1.0
4107.5			1.0
4108.4			1.0
4109.3			1.0
4110.2			1.0
4111.1			1.0
4112.0			1.0
4112.9			1.0
4113.8			1.0
4114.7			1.0
4115.6			1.0
4116.5			1.0
4117.4			1.0
4118.3			1.0
4119.2			1.0
4120.1			1.0
4121.0			1.0
4121.9			1.0
4122.8			1.0
4123.7			1.0
4124.6			1.0
4125.5			1.0
4126.4			1.0
4127.3			1.0
4128.2			1.0
4129.1			1.0018695574316063
4130.0			1.0038973560341673
4130.9			0.9852575340153473
4131.8			0.9393908395500153
4132.7			0.9153304131465488
4133.6			0.9207711540591652
4134.5			0.944030036692662
4135.4			0.9842323374812941
4136.3			1.0016714126687738
4137.2			1.0
4138.1			1.0
4139.0			1.0
4139.9			1.0
4140.8			1.0
4141.7			0.9805794521741165
4142.6			0.940764245619815
4143.5			0.9038785049331107
4144.4			0.9295363355543828
4145.3			0.9948049349555071
4146.2			1.0
4147.1			1.0
4148.0			1.0
4148.9			1.0
4149.8			1.0
4150.7			1.0
4151.6			1.0
4152.5			1.0
4153.4			1.0
4154.3			1.0
4155.2			1.0
4156.1			1.0
4157.0			1.0
4157.9			1.0
4158.8			1.0
4159.7			1.0
4160.6			1.0
4161.5			1.0
4162.4			1.0
4163.3			1.0
4164.2			1.0
4165.1			1.0
4166.0			1.0
4166.9			1.0
4167.8			1.0
4168.7			1.0272680394561153
4169.6			1.0331589213808103
4170.5			1.0042122704831011
4171.4			0.9560146662207719
4172.3			0.9213160927855057
4173.2			0.9210411357782088
4174.1			0.9453591571756433
4175.0			0.9821907690308238
4175.9			1.0109162761481734
4176.8			1.0079281381244092
4177.7			1.001678217034993
4178.6			1.0
4179.5			1.0
4180.4			1.0
4181.3			1.0
4182.2			1.0
4183.1			1.0
4184.0			1.0
4184.9			1.0131208078555611
4185.8			0.9919842062910483
4186.7			0.9410329830563869
4187.6			0.9200883814220994
4188.5			0.9481999441213361
4189.4			1.0
4190.3			1.0143940077009153
4191.2			1.0033124654797183
4192.1			1.017398597708454
4193.0			1.0560992537895735
4193.9			1.0539903329779277
4194.8			1.0151285794364742
4195.7			0.9992242896171127
4196.6			0.9979111765396563
4197.5			0.9683717296750433
4198.4			0.9342699193739367
4199.3			0.9387121018292607
4200.2			0.9615104388271125
4201.1			0.959518583587918
4202.0			0.9518121041795672
4202.9			0.9647323595824576
4203.8			0.9793352733985086
4204.7			0.9807085083421885
4205.6			0.9877052475216839
4206.5			0.9995011257290102
4207.4			1.0
4208.3			1.0
4209.2			1.0
4210.1			1.0
4211.0			1.0
4211.9			1.0
4212.8			1.0
4213.7			1.0
4214.6			1.0
4215.5			1.0
4216.4			1.0
4217.3			1.0
4218.2			1.0
4219.1			1.0
4220.0			1.0
4220.9			1.0
4221.8			1.0
4222.7			1.0
4223.6			0.9627593832982866
4224.5			0.9081377926786633
4225.4			0.8119671104529992
4226.3			0.726103949420762
4227.2			0.7649789919954167
4228.1			0.9033111831997125
4229.0			0.9999985044316332
4229.9			1.0
4230.8			1.0
4231.7			1.0
4232.6			1.0
4233.5			1.0
4234.4			1.0
4235.3			1.0
4236.2			1.0
4237.1			1.0
4238.0			1.0
4238.9			1.0
4239.8			1.0
4240.7			1.0
4241.6			1.0
4242.5			1.0
4243.4			1.0
4244.3			1.0
4245.2			1.0047995425447345
4246.1			0.9777165251412264
4247.0			0.9537031720589562
4247.9			0.950689641889413
4248.8			0.9518276283892467
4249.7			0.9365718383190536
4250.6			0.9451103925998887
4251.5			1.0080629963439383
4252.4			1.052433199008787
4253.3			1.033855897763541
4254.2			0.9966808376233995
4255.1			1.0
4256.0			1.0
4256.9			1.0
4257.8			0.9783608459288702
4258.7			0.9320089297775636
4259.6			0.8853697231459623
4260.5			0.8656813807036355
4261.4			0.9020931115110239
4262.3			0.966427722569244
4263.2			1.0004767065588802
4264.1			1.0
4265.0			1.0
4265.9			1.0010864939590298
4266.8			0.9837293338829309
4267.7			0.9633559210262387
4268.6			0.9604761534444457
4269.5			0.949661423260346
4270.4			0.8964970003162233
4271.3			0.8445708797569226
4272.2			0.8515340813871811
4273.1			0.8820316992948957
4274.0			0.8919420067578446
4274.9			0.9098398927719236
4275.8			0.955500072424172
4276.7			1.0026031000968962
4277.6			1.0
4278.5			1.0
4279.4			1.0
4280.3			1.0
4281.2			1.0
4282.1			1.0
4283.0			1.0
4283.9			1.0
4284.8			1.0
4285.7			1.0
4286.6			1.0
4287.5			1.0101502470711519
4288.4			0.9807939603842817
4289.3			0.9228009882497537
4290.2			1.0
4291.1			1.0435346481844854
4292.0			1.115867129232717
4292.9			1.147434577978036
4293.8			1.1297321795191142
4294.7			1.1065864049003595
4295.6			1.0968463445169212
4296.5			1.073521280256172
4297.4			1.01902185553131
4298.3			0.9421881301526571
4299.2			0.8783015806924358
4300.1			0.8702260757639763
4301.0			0.892113696873366
4301.9			0.8941935795046895
4302.8			0.8973232841787359
4303.7			0.9282699150138773
4304.6			0.955552797257496
4305.5			0.9642216858066233
4306.4			0.9443626774848546
4307.3			0.8838465279634443
4308.2			0.8470501825726893
4309.1			0.8704389002282295
4310.0			0.9054353701211431
4310.9			0.9248978134799724
4311.8			0.9597422649665239
4312.7			1.012995570418663
4313.6			1.0556537195995483
4314.5			1.1040152237458365
4315.4			1.1902377801276036
4316.3			1.2805439406780088
4317.2			1.3119725408533152
4318.1			1.2941899425523016
4319.0			1.2740530632825544
4319.9			1.0
4320.8			0.9930887968080053
4321.7			0.989984566327569
4322.6			0.9331630088290074
4323.5			0.8411004147800396
4324.4			0.7926783562636266
4325.3			0.7944459514502379
4326.2			0.8502944313001225
4327.1			0.9366226550211822
4328.0			1.0001904381555833
4328.9			1.0
4329.8			1.0
4330.7			1.0
4331.6			1.0
4332.5			1.0
4333.4			1.0
4334.3			1.0
4335.2			0.9879744926540417
4336.1			0.935687168298365
4337.0			0.8543067020914638
4337.9			0.7899014754135971
4338.8			0.7145009447551194
4339.7			0.6163090629656724
4340.6			0.6024091373245171
4341.5			0.7043642958502309
4342.4			0.8203912627057854
4343.3			0.88917870308335
4344.2			0.9313659818796951
4345.1			0.9693751487120629
4346.0			1.002285655736016
4346.9			1.0
4347.8			1.0
4348.7			1.0
4349.6			1.0024441635300765
4350.5			0.9404442191633812
4351.4			0.8718515064933203
4352.3			0.8765080570860676
4353.2			0.950205769767097
4354.1			0.9956537006664177
4355.0			1.0045780636082902
4355.9			1.0
4356.8			1.0
4357.7			1.0
4358.6			1.0
4359.5			1.0
4360.4			1.0
4361.3			1.0
4362.2			1.0
4363.1			1.0
4364.0			1.0
4364.9			1.0
4365.8			1.0
4366.7			1.0
4367.6			1.0
4368.5			1.0
4369.4			1.0
4370.3			1.0
4371.2			1.0
4372.1			1.001429718891087
4373.0			0.977116110236953
4373.9			0.9275744219576504
4374.8			0.9033485290115735
4375.7			0.922690504040517
4376.6			0.9669647593397415
4377.5			1.0007096567810119
4378.4			1.0
4379.3			1.0
4380.2			1.0
4381.1			0.9952259076479092
4382.0			0.9404416706155203
4382.9			0.8503956744447384
4383.8			0.8127678717879794
4384.7			0.8621737720881247
4385.6			0.9412523308377734
4386.5			0.998147011891542
4387.4			1.0
4388.3			1.0
4389.2			1.0
4390.1			1.0
4391.0			1.0
4391.9			1.0
4392.8			1.0
4393.7			1.0
4394.6			1.0
4395.5			1.0
4396.4			1.0
4397.3			1.0
4398.2			1.0
4399.1			1.0
4400.0			1.0
4400.9			1.0
4401.8			1.0
4402.7			1.0121804917166541
4403.6			0.9778785424502574
4404.5			0.9400081942621382
4405.4			0.956440847764487
4406.3			1.000443563281836
4407.2			1.0
4408.1			1.0
4409.0			1.0
4409.9			1.0
4410.8			1.0
4411.7			1.0232505661196236
4412.6			1.0222614355037547
4413.5			0.9931287171554372
4414.4			0.9437648880738038
4415.3			0.9164612787455966
4416.2			0.9280584188194282
4417.1			0.9463078147497067
4418.0			0.9696888927430101
4418.9			1.0001196822584946
4419.8			1.0
4420.7			1.0
4421.6			1.0
4422.5			1.0
4423.4			1.0
4424.3			1.0
4425.2			1.0
4426.1			1.0
4427.0			1.0
4427.9			1.0
4428.8			1.0
4429.7			1.0
4430.6			1.0
4431.5			1.0
4432.4			0.9988927170100091
4433.3			0.9663987255559935
4434.2			0.9237363695178519
4435.1			0.9060323424248183
4436.0			0.9340918339113112
4436.9			0.9775370525155298
4437.8			1.000109145470569
4438.7			1.0
4439.6			1.0
4440.5			1.0
4441.4			1.0
4442.3			1.0
4443.2			1.0
4444.1			1.0
4445.0			1.0
4445.9			1.0168034024469144
4446.8			1.0077731848661542
4447.7			0.9980253348158649
4448.6			0.994109835602783
4449.5			0.9899071219516568
4450.4			0.9926024988491917
4451.3			1.005222127948973
4452.2			1.0068505144815638
4453.1			0.9793458976925558
4454.0			0.9326297111132791
4454.9			0.9109739104720038
4455.8			0.9290976460562104
4456.7			0.955401382063503
4457.6			0.9626328568174021
4458.5			0.9507331140710976
4459.4			0.9537801873152123
4460.3			0.9648016691464206
4461.2			0.9635261783611453
4462.1			0.9687889449122127
4463.0			0.9932957839289103
4463.9			1.0001610853246066
4464.8			1.0
4465.7			1.0
4466.6			1.0
4467.5			1.0
4468.4			1.0
4469.3			1.0
4470.2			1.0
4471.1			1.0
4472.0			1.0
4472.9			1.0
4473.8			1.0
4474.7			1.0
4475.6			1.0
4476.5			1.0
4477.4			1.0
4478.3			1.0043359731779449
4479.2			0.9855212859285795
4480.1			0.9548184634307211
4481.0			0.9222270212667485
4481.9			0.9073949981204031
4482.8			0.9270303229398118
4483.7			0.9592018964364332
4484.6			0.9833863701199925
4485.5			0.9971868053694967
4486.4			1.0
4487.3			1.0
4488.2			1.0
4489.1			1.0
4490.0			1.0
4490.9			1.0
4491.8			1.0
4492.7			1.0
4493.6			1.0
4494.5			1.0
4495.4			1.0
4496.3			1.0
4497.2			1.0
4498.1			1.0
4499.0			1.0
4499.9			1.0
4500.8			1.0
4501.7			1.0
4502.6			1.0
4503.5			1.0
4504.4			1.0
4505.3			1.0
4506.2			1.0
4507.1			1.0
4508.0			1.0
4508.9			1.0
4509.8			1.0
4510.7			1.0
4511.6			1.0
4512.5			1.0
4513.4			1.0
4514.3			1.0
4515.2			1.0
4516.1			1.0
4517.0			1.0
4517.9			1.0
4518.8			1.0
4519.7			1.0
4520.6			1.0
4521.5			1.0
4522.4			1.0
4523.3			1.0
4524.2			1.0005060270008859
4525.1			0.9947382441231714
4526.0			0.9873927247084084
4526.9			0.9743979932757897
4527.8			0.9593907443101893
4528.7			0.9576260994454432
4529.6			0.9655350715659938
4530.5			0.9693866589508602
4531.4			0.9766525265083505
4532.3			0.9754455976325958
4533.2			0.9486051554421296
4534.1			0.9212282472268208
4535.0			0.9239515277023541
4535.9			0.9617838899311738
4536.8			1.0158697707566957
4537.7			1.0499814927306448
4538.6			1.0536097742593522
4539.5			1.0427884105634302
4540.4			1.0276118166434256
4541.3			1.0187111753201037
4542.2			1.0190224064331883
4543.1			1.0123725625001092
4544.0			1.000093816999271
4544.9			1.0
4545.8			1.0064917821101533
4546.7			1.007660435164284
4547.6			0.987183690046983
4548.5			0.9557875474773092
4549.4			0.9465928046737238
4550.3			0.9755145422792785
4551.2			1.0089605015386218
4552.1			1.0108584205884503
4553.0			1.0002675213167387
4553.9			1.0
4554.8			1.0
4555.7			1.0
4556.6			1.0
4557.5			1.0
4558.4			1.0
4559.3			1.0
4560.2			1.0
4561.1			1.0
4562.0			1.0
4562.9			1.0
4563.8			1.0
4564.7			1.0
4565.6			1.0
4566.5			1.0
4567.4			1.0
4568.3			1.0
4569.2			1.0
4570.1			1.0
4571.0			1.0
4571.9			1.0
4572.8			1.0
4573.7			1.0
4574.6			1.0
4575.5			1.0
4576.4			1.0
4577.3			1.0
4578.2			1.0
4579.1			1.0
4580.0			1.0
4580.9			1.0
4581.8			1.0
4582.7			1.0
4583.6			1.0
4584.5			1.0
4585.4			1.0
4586.3			1.0
4587.2			1.0
4588.1			1.0
4589.0			1.0
4589.9			1.0
4590.8			1.0
4591.7			1.0
4592.6			1.0
4593.5			1.0
4594.4			1.0
4595.3			1.0
4596.2			1.0
4597.1			1.0
4598.0			1.0
4598.9			1.0
4599.8			1.0
4600.7			1.0
4601.6			1.0
4602.5			1.0
4603.4			1.0
4604.3			1.0
4605.2			1.0
4606.1			1.0
4607.0			1.0
4607.9			1.0
4608.8			1.0
4609.7			1.0
4610.6			1.0
4611.5			1.0
4612.4			1.0
4613.3			1.0
4614.2			1.0
4615.1			1.0
4616.0			1.0
4616.9			1.0
4617.8			1.0
4618.7			1.0
4619.6			1.0
4620.5			1.0
4621.4			1.0
4622.3			1.0
4623.2			1.0
4624.1			1.0
4625.0			1.0
4625.9			1.0
4626.8			1.0
4627.7			1.0
4628.6			1.0
4629.5			1.0
4630.4			1.0
4631.3			1.0
4632.2			1.0
4633.1			1.0
4634.0			1.0
4634.9			1.0
4635.8			1.0
4636.7			1.0
4637.6			1.0
4638.5			1.0
4639.4			1.0
4640.3			1.0
4641.2			1.0
4642.1			1.0
4643.0			1.0
4643.9			1.0
4644.8			1.0
4645.7			1.0
4646.6			1.0
4647.5			1.0
4648.4			1.0
4649.3			1.0
4650.2			1.0
4651.1			1.0
4652.0			1.0
4652.9			1.0
4653.8			1.0
4654.7			1.0
4655.6			1.0
4656.5			1.0
4657.4			1.0
4658.3			1.0
4659.2			1.0
4660.1			1.0
4661.0			1.0
4661.9			1.0
4662.8			1.0
4663.7			1.0
4664.6			1.0033524915388776
4665.5			0.9920280626892038
4666.4			0.9569392181226001
4667.3			0.9226269162247605
4668.2			0.9222171825826141
4669.1			0.9510238426741173
4670.0			0.9801464194192345
4670.9			0.9941110488847099
4671.8			0.9999932111116673
4672.7			1.0
4673.6			1.0
4674.5			1.0
4675.4			1.0
4676.3			1.0
4677.2			1.0
4678.1			1.0
4679.0			1.0
4679.9			1.0
4680.8			1.0
4681.7			1.0
4682.6			1.0
4683.5			1.0
4684.4			1.0
4685.3			1.0
4686.2			1.0
4687.1			1.0
4688.0			1.0
4688.9			1.0
4689.8			1.0
4690.7			1.0
4691.6			1.0
4692.5			1.0
4693.4			1.0
4694.3			1.0
4695.2			1.0
4696.1			1.0
4697.0			1.0
4697.9			1.0
4698.8			0.9960369432777065
4699.7			1.0007343763534757
4700.6			0.995470137756161
4701.5			0.9639738795348386
4702.4			0.9282954572849149
4703.3			0.9294081905068076
4704.2			0.9620559222167555
4705.1			0.9914187515356729
4706.0			0.9999454932006526
4706.9			1.0
4707.8			1.0
4708.7			1.0
4709.6			1.0
4710.5			1.0
4711.4			1.0
4712.3			1.0
4713.2			1.0
4714.1			1.0
4715.0			1.0
4715.9			1.0
4716.8			1.0
4717.7			1.0
4718.6			1.0
4719.5			1.0
4720.4			1.0
4721.3			1.0
4722.2			1.0
4723.1			1.0
4724.0			1.0
4724.9			1.0
4725.8			1.0
4726.7			1.0
4727.6			1.0
4728.5			1.0
4729.4			1.0
4730.3			1.0
4731.2			1.0
4732.1			1.0
4733.0			1.0
4733.9			1.0
4734.8			1.0
4735.7			1.0
4736.6			1.0
4737.5			1.0
4738.4			1.0
4739.3			1.0
4740.2			1.0
4741.1			1.0
4742.0			1.0
4742.9			1.0
4743.8			1.0
4744.7			1.0
4745.6			1.0
4746.5			1.0
4747.4			1.0
4748.3			1.0
4749.2			1.0
4750.1			1.0
4751.0			1.0
4751.9			1.0
4752.8			1.0
4753.7			1.0
4754.6			1.0
4755.5			1.0
4756.4			1.0
4757.3			1.0
4758.2			1.0
4759.1			1.0
4760.0			1.0
4760.9			1.0
4761.8			1.0
4762.7			1.0
4763.6			1.0
4764.5			1.0
4765.4			1.0
4766.3			1.0
4767.2			1.0
4768.1			1.0
4769.0			1.0
4769.9			1.0
4770.8			1.0
4771.7			1.0
4772.6			1.0
4773.5			1.0
4774.4			1.0
4775.3			1.0
4776.2			1.0
4777.1			1.0
4778.0			1.0
4778.9			1.0
4779.8			1.0
4780.7			1.0
4781.6			1.0
4782.5			1.0
4783.4			1.0
4784.3			1.0
4785.2			1.0
4786.1			1.0
4787.0			1.0
4787.9			1.0
4788.8			1.0
4789.7			1.0
4790.6			1.0
4791.5			1.0
4792.4			1.0
4793.3			1.0
4794.2			1.0
4795.1			1.0
4796.0			1.0
4796.9			1.0
4797.8			1.0
4798.7			1.0
4799.6			1.0
4800.5			1.0
4801.4			1.0
4802.3			1.0
4803.2			1.0
4804.1			1.0
4805.0			1.0
4805.9			1.0
4806.8			1.0
4807.7			1.0
4808.6			1.0
4809.5			1.0
4810.4			1.0
4811.3			1.0
4812.2			1.0
4813.1			1.0
4814.0			1.0
4814.9			1.0
4815.8			1.0
4816.7			1.0
4817.6			1.0
4818.5			1.0
4819.4			1.0
4820.3			1.0
4821.2			1.0
4822.1			1.0
4823.0			1.0
4823.9			1.0
4824.8			1.0
4825.7			1.0
4826.6			1.0
4827.5			1.0
4828.4			1.0
4829.3			1.0
4830.2			1.0
4831.1			1.0
4832.0			1.0
4832.9			1.0
4833.8			1.0
4834.7			1.0
4835.6			1.0
4836.5			1.0
4837.4			1.0
4838.3			1.0
4839.2			1.0
4840.1			1.0
4841.0			1.0
4841.9			1.0
4842.8			1.0
4843.7			1.0
4844.6			1.0
4845.5			1.0
4846.4			1.0
4847.3			1.0
4848.2			1.0
4849.1			1.0
4850.0			1.0
4850.9			1.0
4851.8			1.0
4852.7			1.0
4853.6			1.0
4854.5			1.0
4855.4			1.0
4856.3			0.9857837023423255
4857.2			0.9751806093240394
4858.1			0.9409301939474983
4859.0			0.8681205544046184
4859.9			0.7454973470090278
4860.8			0.6323675395554278
4861.7			0.643631518931564
4862.6			0.7679983757233966
4863.5			0.888706180054064
4864.4			0.9629924136517443
4865.3			1.001383996664762
4866.2			1.0
4867.1			1.0
4868.0			1.0
4868.9			1.0
4869.8			1.0
4870.7			1.0
4871.6			1.0
4872.5			1.0
4873.4			1.0
4874.3			1.0
4875.2			1.0
4876.1			1.0
4877.0			1.0
4877.9			1.0
4878.8			1.0
4879.7			1.0
4880.6			1.0
4881.5			1.0
4882.4			1.0
4883.3			1.0
4884.2			1.0
4885.1			1.0
4886.0			1.0
4886.9			1.0
4887.8			1.0
4888.7			1.0
4889.6			1.0
4890.5			1.0
4891.4			1.0
4892.3			1.0
4893.2			1.0
4894.1			1.0
4895.0			1.0
4895.9			1.0
4896.8			1.0
4897.7			1.0
4898.6			1.0
4899.5			1.0
4900.4			1.0
4901.3			1.0
4902.2			1.0
4903.1			1.0
4904.0			1.0
4904.9			1.0
4905.8			1.0
4906.7			1.0
4907.6			1.0
4908.5			1.0
4909.4			1.0
4910.3			1.0
4911.2			1.0
4912.1			1.0
4913.0			1.0
4913.9			1.0
4914.8			1.0
4915.7			1.0
4916.6			0.986729850888216
4917.5			0.9628287859143706
4918.4			0.9328377116625888
4919.3			0.9053773359856601
4920.2			0.9050705098798251
4921.1			0.9388393097412376
4922.0			0.9804406767651717
4922.9			0.9999732225117348
4923.8			0.9990440597822201
4924.7			1.0
4925.6			1.0
4926.5			1.0
4927.4			1.0
4928.3			1.0
4929.2			1.0
4930.1			1.0
4931.0			1.0
4931.9			1.0
4932.8			1.0
4933.7			1.0
4934.6			1.0
4935.5			1.0
4936.4			1.0
4937.3			1.0
4938.2			1.0
4939.1			1.0
4940.0			1.0
4940.9			1.0
4941.8			1.0
4942.7			1.0
4943.6			1.0
4944.5			1.0
4945.4			1.0
4946.3			1.0
4947.2			1.0
4948.1			1.0
4949.0			1.0
4949.9			1.0
4950.8			1.0
4951.7			1.0
4952.6			1.0
4953.5			1.0
4954.4			1.0
4955.3			0.9998050824465126
4956.2			0.958574192081874
4957.1			0.9100150190384151
4958.0			0.9220443086970913
4958.9			0.9925934583060207
4959.8			1.0
4960.7			1.0
4961.6			1.0
4962.5			1.0
4963.4			1.0
4964.3			1.0
4965.2			1.0
4966.1			1.0
4967.0			1.0
4967.9			1.0
4968.8			1.0
4969.7			1.0
4970.6			1.0
4971.5			1.0
4972.4			1.0
4973.3			1.0
4974.2			1.0
4975.1			1.0
4976.0			1.0
4976.9			1.0
4977.8			1.0
4978.7			0.9890383140784508
4979.6			0.9870937721628626
4980.5			0.9726451210101661
4981.4			0.9404823323577374
4982.3			0.9138154495911447
4983.2			0.9082583450336066
4984.1			0.9171927037567166
4985.0			0.9355449492127142
4985.9			0.9615764922538343
4986.8			0.9887186089090306
4987.7			0.9997539086797073
4988.6			1.0
4989.5			1.0
4990.4			1.0
4991.3			1.0
4992.2			1.0
4993.1			1.0
4994.0			1.0
4994.9			1.0
4995.8			1.0
4996.7			1.0
4997.6			1.0
4998.5			1.0
4999.4			1.0
5000.3			1.0
5001.2			1.0
5002.1			1.0
5003.0			1.0
5003.9			1.0
5004.8			1.0
5005.7			1.0
5006.6			1.0
5007.5			1.0
5008.4			1.0
5009.3			1.0
5010.2			1.0
5011.1			1.0
5012.0			1.0
5012.9			1.0
5013.8			1.0
5014.7			1.0
5015.6			1.0
5016.5			1.0
5017.4			1.0
5018.3			1.0
5019.2			1.0
5020.1			1.0
5021.0			1.0
5021.9			1.0
5022.8			1.0
5023.7			1.0
5024.6			1.0
5025.5			1.0
5026.4			1.0
5027.3			1.0
5028.2			1.0
5029.1			1.0
5030.0			1.0
5030.9			1.0
5031.8			1.0
5032.7			1.0
5033.6			1.0
5034.5			1.0
5035.4			1.0
5036.3			1.0
5037.2			1.0093329713585892
5038.1			1.0116962245815981
5039.0			0.9937596654557442
5039.9			0.9555434875439655
5040.8			0.9180612145007127
5041.7			0.9151458534592455
5042.6			0.9460772467139397
5043.5			0.9790329331441577
5044.4			0.9967044005127599
5045.3			1.0
5046.2			1.0
5047.1			1.0
5048.0			1.0
5048.9			1.0
5049.8			1.0
5050.7			1.0
5051.6			1.0
5052.5			1.0
5053.4			1.0
5054.3			1.0
5055.2			1.0
5056.1			1.0
5057.0			1.0
5057.9			1.0
5058.8			1.0
5059.7			1.0
5060.6			1.0
5061.5			1.0
5062.4			1.0
5063.3			1.0
5064.2			1.0
5065.1			1.0
5066.0			1.0
5066.9			1.0
5067.8			1.0
5068.7			1.0
5069.6			1.0
5070.5			1.0
5071.4			1.0
5072.3			1.0
5073.2			1.0
5074.1			1.0
5075.0			1.0
5075.9			1.0051562560068674
5076.8			1.0184734225641965
5077.7			1.0176245181199335
5078.6			0.9816918837297117
5079.5			0.9470748994613856
5080.4			0.9565631809593078
5081.3			0.9895845595226411
5082.2			1.0051053548143174
5083.1			1.0016746505780942
5084.0			1.0
5084.9			1.0
5085.8			1.0
5086.7			1.0
5087.6			1.0
5088.5			1.0
5089.4			1.0
5090.3			1.0
5091.2			1.0
5092.1			1.0
5093.0			1.0
5093.9			1.0
5094.8			1.0
5095.7			1.0
5096.6			1.0
5097.5			1.0
5098.4			1.0
5099.3			1.0
5100.2			1.0
5101.1			1.0
5102.0			1.0
5102.9			1.0
5103.8			1.0
5104.7			1.0
5105.6			1.0
5106.5			1.0
5107.4			1.0
5108.3			1.0
5109.2			1.0
5110.1			1.0
5111.0			1.0
5111.9			1.0
5112.8			1.0
5113.7			1.0
5114.6			1.0
5115.5			1.0
5116.4			1.0
5117.3			1.0
5118.2			1.0
5119.1			1.0
5120.0			1.0
5120.9			1.0
5121.8			1.0
5122.7			1.0
5123.6			1.0
5124.5			1.0
5125.4			1.0
5126.3			1.0
5127.2			1.0
5128.1			1.0
5129.0			1.0
5129.9			1.0
5130.8			1.0
5131.7			1.0
5132.6			1.0
5133.5			1.0
5134.4			1.0
5135.3			1.0
5136.2			1.0
5137.1			1.0
5138.0			1.0
5138.9			1.0
5139.8			1.0
5140.7			1.0
5141.6			1.0
5142.5			1.0
5143.4			1.0
5144.3			1.0
5145.2			1.0
5146.1			1.0
5147.0			1.0
5147.9			1.0
5148.8			1.0
5149.7			1.0
5150.6			1.0
5151.5			1.0
5152.4			1.0
5153.3			1.0
5154.2			1.0
5155.1			1.0
5156.0			1.0
5156.9			1.0
5157.8			1.0
5158.7			1.0
5159.6			1.0
5160.5			1.0
5161.4			1.0
5162.3			1.0
5163.2			1.0
5164.1			1.0
5165.0			1.0
5165.9			1.0
5166.8			1.0
5167.7			1.0
5168.6			1.0
5169.5			1.0584499986394416
5170.4			1.0509869577317053
5171.3			0.948778914473774
5172.2			0.8378047642999867
5173.1			0.8363853285297973
5174.0			0.9297668696635749
5174.9			1.0135260067338594
5175.8			1.0
5176.7			1.0
5177.6			1.0
5178.5			1.0
5179.4			1.0
5180.3			1.0
5181.2			0.9633009416080559
5182.1			0.8719689253894787
5183.0			0.7647335739981509
5183.9			0.7430576878548908
5184.8			0.8313291847401018
5185.7			0.9405189288097577
5186.6			0.9982070169491131
5187.5			1.0
5188.4			1.0
5189.3			1.0
5190.2			1.0
5191.1			1.0
5192.0			1.0
5192.9			1.0
5193.8			1.0
5194.7			1.0
5195.6			1.0
5196.5			1.0
5197.4			1.0
5198.3			1.0
5199.2			1.0
5200.1			1.0
5201.0			1.0
5201.9			1.0
5202.8			1.0
5203.7			1.0
5204.6			1.0
5205.5			1.0
5206.4			1.0
5207.3			1.0
5208.2			1.0
5209.1			1.0
5210.0			1.0
5210.9			1.0
5211.8			1.0
5212.7			1.0
5213.6			1.0
5214.5			1.0
5215.4			1.0
5216.3			1.0
5217.2			1.0
5218.1			1.0
5219.0			1.0
5219.9			1.0
5220.8			1.0
5221.7			1.0
5222.6			1.0
5223.5			1.0
5224.4			0.977333938430705
5225.3			0.9393175375495404
5226.2			0.8960182581097692
5227.1			0.890969137431293
5228.0			0.9348897960023361
5228.9			0.9792023343883859
5229.8			0.9994945262421128
5230.7			1.0
5231.6			1.0
5232.5			1.0
5233.4			1.0
5234.3			1.0
5235.2			1.0
5236.1			1.0
5237.0			1.0
5237.9			1.0
5238.8			1.0
5239.7			1.0
5240.6			1.0
5241.5			1.0
5242.4			1.0
5243.3			1.0
5244.2			1.0
5245.1			1.0
5246.0			1.0
5246.9			1.0
5247.8			1.0
5248.7			1.0
5249.6			1.0
5250.5			1.0
5251.4			1.0
5252.3			1.0
5253.2			1.0
5254.1			1.0
5255.0			1.0
5255.9			1.0
5256.8			1.0
5257.7			1.0
5258.6			1.0
5259.5			1.0
5260.4			1.0
5261.3			1.0
5262.2			1.0
5263.1			1.0
5264.0			1.0
5264.9			1.0
5265.8			1.0
5266.7			1.0144689519712138
5267.6			1.034450794023687
5268.5			1.010867306034433
5269.4			0.9509135567583515
5270.3			0.9347152995970879
5271.2			0.9782126739672742
5272.1			1.0115836332186672
5273.0			1.0079174997636375
5273.9			0.9970031345964335
5274.8			1.0
5275.7			1.0
5276.6			1.0
5277.5			1.0
5278.4			1.0
5279.3			1.0
5280.2			1.0
5281.1			1.0
5282.0			1.0
5282.9			1.0
5283.8			1.0
5284.7			1.0
5285.6			1.0
5286.5			1.0
5287.4			1.0
5288.3			1.0
5289.2			1.0
5290.1			1.0
5291.0			1.0
5291.9			1.0
5292.8			1.0
5293.7			1.0
5294.6			1.0
5295.5			1.0
5296.4			1.0
5297.3			1.0
5298.2			1.0
5299.1			1.0
5300.0			1.0
5300.9			1.0
5301.8			1.0
5302.7			1.0
5303.6			1.0
5304.5			1.0
5305.4			1.0
5306.3			1.0
5307.2			1.0
5308.1			1.0
5309.0			1.0
5309.9			1.0
5310.8			1.0
5311.7			1.0
5312.6			1.0
5313.5			1.0
5314.4			1.0
5315.3			1.0
5316.2			1.0
5317.1			1.0
5318.0			1.0
5318.9			1.0
5319.8			1.0
5320.7			1.0
5321.6			1.0
5322.5			1.0
5323.4			1.0
5324.3			1.0
5325.2			1.0
5326.1			1.0079840112173442
5327.0			0.9732176670833614
5327.9			0.9191656136774412
5328.8			0.910593579873086
5329.7			0.952007130571379
5330.6			0.9922264724513247
5331.5			1.0004043203614323
5332.4			1.0
5333.3			1.0
5334.2			1.0
5335.1			1.0
5336.0			1.0
5336.9			1.0
5337.8			1.0
5338.7			1.0
5339.6			1.0
5340.5			1.0
5341.4			1.0
5342.3			1.0
5343.2			1.0
5344.1			1.0
5345.0			1.0
5345.9			1.0
5346.8			1.0
5347.7			1.0
5348.6			1.0
5349.5			1.0
5350.4			1.0
5351.3			1.0
5352.2			1.0
5353.1			1.0
5354.0			1.0
5354.9			1.0
5355.8			1.0
5356.7			1.0
5357.6			1.0
5358.5			1.0
5359.4			1.0
5360.3			1.0
5361.2			1.0
5362.1			1.0
5363.0			1.0
5363.9			1.0
5364.8			1.0
5365.7			1.0
5366.6			1.0
5367.5			1.0
5368.4			1.0
5369.3			1.0
5370.2			1.0
5371.1			1.0
5372.0			1.0
5372.9			1.0
5373.8			1.0
5374.7			1.0
5375.6			1.0
5376.5			1.0
5377.4			1.0
5378.3			1.0
5379.2			1.0
5380.1			1.0
5381.0			1.0
5381.9			1.0
5382.8			1.0
5383.7			1.0
5384.6			1.0
5385.5			1.0
5386.4			1.0
5387.3			1.0
5388.2			1.0
5389.1			1.0
5390.0			1.0
5390.9			1.0
5391.8			1.0
5392.7			1.0
5393.6			1.0
5394.5			1.0
5395.4			1.0
5396.3			1.0
5397.2			1.0
5398.1			1.0
5399.0			1.0
5399.9			1.0
5400.8			1.0
5401.7			1.0
5402.6			1.0
5403.5			1.0
5404.4			1.0
5405.3			1.0
5406.2			1.0
5407.1			1.0
5408.0			1.0
5408.9			1.0
5409.8			1.0
5410.7			1.0
5411.6			1.0
5412.5			1.0
5413.4			1.0
5414.3			1.0
5415.2			1.0
5416.1			1.0
5417.0			1.0
5417.9			1.0
5418.8			1.0
5419.7			1.0
5420.6			1.0
5421.5			1.0
5422.4			1.0
5423.3			1.0
5424.2			1.0
5425.1			1.0
5426.0			1.0
5426.9			1.0
5427.8			1.0
5428.7			1.0
5429.6			1.0
5430.5			1.0
5431.4			1.0
5432.3			1.0
5433.2			1.0
5434.1			1.0
5435.0			1.0
5435.9			1.0
5436.8			1.0
5437.7			1.0
5438.6			1.0
5439.5			1.0
5440.4			1.0
5441.3			1.0
5442.2			1.0
5443.1			1.0
5444.0			1.0
5444.9			1.0
5445.8			1.0
5446.7			1.0
5447.6			1.0
5448.5			1.0
5449.4			1.0
5450.3			1.0
5451.2			1.0
5452.1			1.0
5453.0			1.0
5453.9			1.0
5454.8			1.0
5455.7			1.0
5456.6			1.0
5457.5			1.0
5458.4			1.0
5459.3			1.0
5460.2			1.0
5461.1			1.0
5462.0			1.0
5462.9			1.0
5463.8			1.0
5464.7			1.0
5465.6			1.0
5466.5			1.0
5467.4			1.0
5468.3			1.0
5469.2			1.0
5470.1			1.0
5471.0			1.0
5471.9			1.0
5472.8			1.0
5473.7			1.0
5474.6			1.0
5475.5			1.0
5476.4			1.0
5477.3			1.0
5478.2			1.0
5479.1			1.0
5480.0			1.0
5480.9			1.0
5481.8			1.0
5482.7			1.0
5483.6			1.0
5484.5			1.0
5485.4			1.0
5486.3			1.0
5487.2			1.0
5488.1			1.0
5489.0			1.0
5489.9			1.0
5490.8			1.0
5491.7			1.0
5492.6			1.0
5493.5			1.0
5494.4			1.0
5495.3			1.0
5496.2			1.0
5497.1			1.0
5498.0			1.0
5498.9			1.0
5499.8			1.0
5500.7			1.0
5501.6			1.0
5502.5			1.0
5503.4			1.0
5504.3			1.0
5505.2			1.0
5506.1			1.0
5507.0			1.0
5507.9			1.0
5508.8			1.0
5509.7			1.0
5510.6			1.0
5511.5			1.0
5512.4			1.0
5513.3			1.0
5514.2			1.0
5515.1			1.0
5516.0			1.0
5516.9			1.0
5517.8			1.0
5518.7			1.0
5519.6			1.0
5520.5			1.0
5521.4			1.0
5522.3			1.0
5523.2			1.0
5524.1			1.0
5525.0			1.0
5525.9			1.0
5526.8			1.0
5527.7			1.0
5528.6			1.0
5529.5			1.0
5530.4			1.0
5531.3			1.0
5532.2			1.0
5533.1			1.0
5534.0			1.0
5534.9			1.0
5535.8			1.0
5536.7			1.0
5537.6			1.0
5538.5			1.0
5539.4			1.0
5540.3			1.0
5541.2			1.0
5542.1			1.0
5543.0			1.0
5543.9			1.0
5544.8			1.0
5545.7			1.0
5546.6			1.0
5547.5			1.0
5548.4			1.0
5549.3			1.0
5550.200000000001			1.0
5551.1			1.0
5552.0			1.0
5552.9			1.0
5553.8			1.0
5554.700000000001			1.0
5555.6			1.0
5556.5			1.0
5557.4			1.0
5558.3			1.0
5559.200000000001			1.0
5560.1			1.0
5561.0			1.0
5561.9			1.0
5562.8			1.0
5563.700000000001			1.0
5564.6			1.0
5565.5			1.0
5566.4			1.0
5567.3			1.0
5568.200000000001			1.0
5569.1			1.0
5570.0			1.0
5570.9			1.0
5571.8			1.0
5572.700000000001			1.0
5573.6			1.0
5574.5			1.0
5575.4			1.0
5576.3			1.0
5577.200000000001			1.0
5578.1			1.0
5579.0			1.0
5579.9			1.0
5580.8			1.0
5581.700000000001			1.0
5582.6			1.0
5583.5			1.0
5584.4			1.0
5585.3			1.0
5586.200000000001			1.0
5587.1			1.0
5588.0			1.0
5588.9			1.0
5589.8			1.0
5590.700000000001			1.0
5591.6			1.0
5592.5			1.0
5593.4			1.0
5594.3			1.0
5595.200000000001			1.0
5596.1			1.0
5597.0			1.0
5597.9			1.0
5598.8			1.0
5599.700000000001			1.0
5600.6			1.0
5601.5			1.0
5602.4			1.0
5603.3			1.0
5604.200000000001			1.0
5605.1			1.0
5606.0			1.0
5606.9			1.0
5607.8			1.0
5608.700000000001			1.0
5609.6			1.0
5610.5			1.0
5611.4			1.0
5612.3			1.0
5613.200000000001			1.0
5614.1			1.0
5615.0			1.0
5615.9			1.0
5616.8			1.0
5617.700000000001			1.0
5618.6			1.0
5619.5			1.0
5620.4			1.0
5621.3			1.0
5622.200000000001			1.0
5623.1			1.0
5624.0			1.0
5624.9			1.0
5625.8			1.0
5626.700000000001			1.0
5627.6			1.0
5628.5			1.0
5629.4			1.0
5630.3			1.0
5631.200000000001			1.0
5632.1			1.0
5633.0			1.0
5633.9			1.0
5634.8			1.0
5635.700000000001			1.0
5636.6			1.0
5637.5			1.0
5638.4			1.0
5639.3			1.0
5640.200000000001			1.0
5641.1			1.0
5642.0			1.0
5642.9			1.0
5643.8			1.0
5644.700000000001			1.0
5645.6			1.0
5646.5			1.0
5647.4			1.0
5648.3			1.0
5649.200000000001			1.0
5650.1			1.0
5651.0			1.0
5651.9			1.0
5652.8			1.0
5653.700000000001			1.0
5654.6			1.0
5655.5			1.0
5656.4			1.0
5657.3			1.0
5658.200000000001			1.0
5659.1			1.0
5660.0			1.0
5660.9			1.0
5661.8			1.0
5662.700000000001			1.0
5663.6			1.0
5664.5			1.0
5665.4			1.0
5666.3			1.0
5667.200000000001			1.0
5668.1			1.0
5669.0			1.0
5669.9			1.0
5670.8			1.0
5671.700000000001			1.0
5672.6			1.0
5673.5			1.0
5674.4			1.0
5675.3			1.0
5676.200000000001			1.0
5677.1			1.0
5678.0			1.0
5678.9			1.0
5679.8			1.0
5680.700000000001			1.0
5681.6			1.0
5682.5			1.0
5683.4			1.0
5684.3			1.0
5685.200000000001			1.0
5686.1			1.0
5687.0			1.0
5687.9			1.0
5688.8			1.0
5689.700000000001			1.0
5690.6			1.0
5691.5			1.0
5692.4			1.0
5693.3			1.0
5694.200000000001			1.0
5695.1			1.0
5696.0			1.0
5696.9			1.0
5697.8			1.0
5698.700000000001			1.0
5699.6			1.0
5700.5			1.0
5701.4			1.0
5702.3			1.0
5703.200000000001			1.0
5704.1			1.0
5705.0			1.0
5705.9			1.0
5706.8			1.0
5707.700000000001			1.0
5708.6			1.0
5709.5			0.9900696282837641
5710.4			0.9897580404050834
5711.3			0.9971295467635687
5712.200000000001			1.015864740864765
5713.1			1.030838722327032
5714.0			1.0383575412348778
5714.9			1.0475418436622215
5715.8			1.0567615368374959
5716.700000000001			1.0553919521696355
5717.6			1.0490229950545804
5718.5			1.0540557111941082
5719.4			1.0611564277397707
5720.3			1.0612052357426676
5721.200000000001			1.0574001969426878
5722.1			1.0523256650618558
5723.0			1.0550983545426287
5723.9			1.0665779494371068
5724.8			1.0690092384358665
5725.700000000001			1.0585801667435442
5726.6			1.051487358229395
5727.5			1.0500750417696776
5728.4			1.049910653894829
5729.3			1.050988278549349
5730.200000000001			1.050628639006232
5731.1			1.0471331962104335
5732.0			1.0492215692878148
5732.9			1.0565938057066089
5733.8			1.0622432326378997
5734.700000000001			1.063748850519781
5735.6			1.0598444701484175
5736.5			1.0560200604409917
5737.4			1.0580199468713034
5738.3			1.0608951336744
5739.200000000001			1.0624963887939696
5740.1			1.0625304291503102
5741.0			1.062534838359482
5741.9			1.0641399603350743
5742.8			1.0635689461682023
5743.700000000001			1.0632925955231407
5744.6			1.0636640032447051
5745.5			1.06047502143056
5746.4			1.053160494502916
5747.3			1.0515549847513004
5748.200000000001			1.0561549625628253
5749.1			1.0590761065132814
5750.0			1.0630139547680013
5750.9			1.0683565136769608
5751.8			1.0624363253983755
5752.700000000001			1.046248003252424
5753.6			1.0382509544317828
5754.5			1.0468502542364182
5755.4			1.0582413676816038
5756.3			1.0667890605216919
5757.200000000001			1.073043763315725
5758.1			1.072140029895489
5759.0			1.0684777831251155
5759.9			1.0699321494131993
5760.8			1.0671416797118884
5761.700000000001			1.0557169978241405
5762.6			1.0452408342136221
5763.5			1.0460058038407312
5764.4			1.0563236840866004
5765.3			1.0658015992273526
5766.200000000001			1.0705229877143994
5767.1			1.0717231778573135
5768.0			1.0735398734280477
5768.9			1.0753866139460528
5769.8			1.0758288559527744
5770.700000000001			1.0789264135671508
5771.6			1.0817141803611858
5772.5			1.0797186938873995
5773.4			1.0753929000895084
5774.3			1.0697601522322835
5775.200000000001			1.064904427716155
5776.1			1.0648464821634733
5777.0			1.069232919007604
5777.9			1.0732428174685011
5778.8			1.074774973270235
5779.700000000001			1.0701944537841024
5780.6			1.0618242554760804
5781.5			1.0595447954610995
5782.4			1.065894005670145
5783.3			1.0705694739901406
5784.200000000001			1.0706653952802123
5785.1			1.0688563159239617
5786.0			1.0664886273413419
5786.9			1.0680487019082008
5787.8			1.0688924730770413
5788.700000000001			1.0695287226586263
5789.6			1.069856269396905
5790.5			1.0646127316445837
5791.4			1.062651870736439
5792.3			1.0680071627780003
5793.200000000001			1.0748599705776625
5794.1			1.079560420720717
5795.0			1.0846511982076774
5795.9			1.0839523144751684
5796.8			1.0746809642213437
5797.700000000001			1.0702016524146507
5798.6			1.0758689352560158
5799.5			1.0852172325300549
5800.4			1.0882906035931044
5801.3			1.086346757671188
5802.200000000001			1.0853047253900274
5803.1			1.0822594877988496
5804.0			1.0801762433250048
5804.9			1.0820713092848684
5805.8			1.083638417592996
5806.700000000001			1.0833040598548949
5807.6			1.0787385996706615
5808.5			1.076801770379941
5809.4			1.0806103738825452
5810.3			1.0896989481847539
5811.200000000001			1.1009946150082073
5812.1			1.1066293281473523
5813.0			1.1041766927556529
5813.9			1.097082671066721
5814.8			1.0881909843071325
5815.700000000001			1.0830084244905425
5816.6			1.0824648099776062
5817.5			1.0868365411603067
5818.4			1.0965662092893929
5819.3			1.1055783045130203
5820.200000000001			1.1108084548460553
5821.1			1.110384920884973
5822.0			1.1056412116218077
5822.9			1.1032700141976994
5823.8			1.1046236933983271
5824.700000000001			1.1016448973040796
5825.6			1.0913462354831882
5826.5			1.0868508645661228
5827.4			1.0916226986331374
5828.3			1.096366171628309
5829.200000000001			1.0986082389201863
5830.1			1.101320612373243
5831.0			1.104510675288101
5831.9			1.1073383976007383
5832.8			1.1078966168790285
5833.700000000001			1.1109692482889741
5834.6			1.1165647710065223
5835.5			1.1171321092636228
5836.4			1.1120678388006873
5837.3			1.108965765212728
5838.200000000001			1.1093491532037725
5839.1			1.106836836082992
5840.0			1.1083153018895462
5840.9			1.1125301822824094
5841.8			1.1135030214508421
5842.700000000001			1.1120589008978596
5843.6			1.109684267461216
5844.5			1.108951979083785
5845.4			1.10948167677594
5846.3			1.106942473019096
5847.200000000001			1.1053180466031933
5848.1			1.1069914455949776
5849.0			1.1105641056478042
5849.9			1.1139940355148858
5850.8			1.1169580474415588
5851.700000000001			1.1118116475259037
5852.6			1.096008778077283
5853.5			1.0875589829334635
5854.4			1.095206962119815
5855.3			1.1011935116900455
5856.200000000001			1.089472135204654
5857.1			1.0690276728296944
5858.0			1.064982827115627
5858.9			1.0781762997167255
5859.8			1.0861619162114589
5860.700000000001			1.0912175897036804
5861.6			1.0967313194119206
5862.5			1.0993805492621962
5863.4			1.106010267943738
5864.3			1.1103629342764765
5865.200000000001			1.112019091373126
5866.1			1.1130945384627802
5867.0			1.1092279909271001
5867.9			1.1128315217896778
5868.8			1.1176912315430236
5869.700000000001			1.1177952983627615
5870.6			1.1162613275555866
5871.5			1.1162441164684582
5872.4			1.1150741564801223
5873.3			1.1167700466722486
5874.200000000001			1.120526728147856
5875.1			1.1158661090046191
5876.0			1.108805642554465
5876.9			1.1077866534834562
5877.8			1.111922229830139
5878.700000000001			1.119421032143538
5879.6			1.124656092437573
5880.5			1.1266091954518997
5881.4			1.1248962067451929
5882.3			1.1194427222185428
5883.200000000001			1.1153417953548517
5884.1			1.1137592496614455
5885.0			1.1156378307037913
5885.9			1.1211983833045744
5886.8			1.1245118868397126
5887.700000000001			1.1109068354265514
5888.6			1.058240042964555
5889.5			0.9925019392579048
5890.4			0.9872252688437722
5891.3			1.0441244846585265
5892.200000000001			1.094832390897838
5893.1			1.1123025057812403
5894.0			1.101439518511018
5894.9			1.056551212634977
5895.8			1.0137612010284842
5896.700000000001			1.032492505557369
5897.6			1.0866523411302873
5898.5			1.115018315469476
5899.4			1.1194516474580891
5900.3			1.1211887922713646
5901.200000000001			1.1325569963498898
5902.1			1.1411335768041642
5903.0			1.1367625523957405
5903.9			1.1329151999839617
5904.8			1.131306371203044
5905.700000000001			1.1275051037868837
5906.6			1.1262749888839092
5907.5			1.131556925114688
5908.4			1.1334238831800827
5909.3			1.131344776646566
5910.200000000001			1.1375237957215656
5911.1			1.1430428357948843
5912.0			1.1404651302023363
5912.9			1.1297710562351113
5913.8			1.1184889381116667
5914.700000000001			1.1195760391609741
5915.6			1.1275350012654477
5916.5			1.1300773879228159
5917.4			1.1300368841840231
5918.3			1.136068109269173
5919.200000000001			1.144342577976381
5920.1			1.1436918412483439
5921.0			1.1367815416476545
5921.9			1.1381371753823883
5922.8			1.1440335501575234
5923.700000000001			1.145727977209494
5924.6			1.1460551318555352
5925.5			1.1469746174512645
5926.4			1.146921262512759
5927.3			1.1458023510603925
5928.200000000001			1.142444254087914
5929.1			1.1340408283531522
5930.0			1.1310802402048044
5930.9			1.1383621094494942
5931.8			1.1461750052780508
5932.700000000001			1.1468533900917688
5933.6			1.1384918264629622
5934.5			1.1282854969867315
5935.4			1.1325130937098558
5936.3			1.1477448672303712
5937.200000000001			1.1552151512536866
5938.1			1.1507314839242724
5939.0			1.1474162357580986
5939.9			1.1503908914639789
5940.8			1.1509489635784373
5941.700000000001			1.149118287104571
5942.6			1.1474598005122936
5943.5			1.1451404617872325
5944.4			1.149849331586368
5945.3			1.1536187597162009
5946.200000000001			1.1512368815888048
5947.1			1.1429206544831432
5948.0			1.130845571385897
5948.9			1.127966830720305
5949.8			1.1423289986934886
5950.700000000001			1.1533266155628836
5951.6			1.1492596053702229
5952.5			1.1402357146469504
5953.4			1.1376422022890311
5954.3			1.1456614425006604
5955.200000000001			1.1573931984268444
5956.1			1.1589229369803367
5957.0			1.154883381986196
5957.9			1.1597718191866864
5958.8			1.1666538270020907
5959.700000000001			1.1700038927617908
5960.6			1.172950208249546
5961.5			1.171827800687832
5962.4			1.1670577298121099
5963.3			1.1642017671452538
5964.200000000001			1.1628007879906288
5965.1			1.158003325198897
5966.0			1.155818701121375
5966.9			1.1627165267662347
5967.8			1.1732520489429639
5968.700000000001			1.1718635808618514
5969.6			1.1669290145753364
5970.5			1.173376151866502
5971.4			1.1824086605028932
5972.3			1.1880754092724886
5973.200000000001			1.186219288636523
5974.1			1.1809214149024014
5975.0			1.1710720750814916
5975.9			1.1675033845454053
5976.8			1.1700267314968573
5977.700000000001			1.1723954548984683
5978.6			1.172390421794605
5979.5			1.1689694050883468
5980.4			1.1711411775296467
5981.3			1.1749899574342508
5982.200000000001			1.1722384715812113
5983.1			1.1663972499699922
5984.0			1.160780797911964
5984.9			1.1595284368391185
5985.8			1.1653185281156304
5986.700000000001			1.1629881939076565
5987.6			1.1608287201350158
5988.5			1.168311978902667
5989.4			1.1751422689384463
5990.3			1.1789223559761817
5991.200000000001			1.1870412581117926
5992.1			1.1890029629024488
5993.0			1.18671702440747
5993.9			1.1876437758525447
5994.8			1.1839605199319225
5995.700000000001			1.1737842255220499
5996.6			1.1650647999212047
5997.5			1.1677842082379803
5998.4			1.1732952570647819
5999.3			1.1745624123445337
6000.200000000001			1.1748511331677443
6001.1			1.1764570569774608
6002.0			1.1726024979141605
6002.9			1.1738895881914309
6003.8			1.1812660627172122
6004.700000000001			1.187563297293535
6005.6			1.190993608620173
6006.5			1.1905542620953418
6007.4			1.181997371751153
6008.3			1.17386233375094
6009.200000000001			1.1812326650121463
6010.1			1.1967147689915345
6011.0			1.1986055911414701
6011.9			1.1938714324019777
6012.8			1.1855748137129656
6013.700000000001			1.1821860807900757
6014.6			1.185080878596835
6015.5			1.185382879973009
6016.4			1.1867007882287948
6017.3			1.1906886665441967
6018.200000000001			1.1938494408604161
6019.1			1.1843837026404451
6020.0			1.1733403789600871
6020.9			1.1735602273169028
6021.8			1.1795969530821562
6022.700000000001			1.177550876892007
6023.6			1.1673033577494758
6024.5			1.1673668561491246
6025.4			1.1814400437558694
6026.3			1.1881379243981474
6027.200000000001			1.1856712891427987
6028.1			1.18894196865182
6029.0			1.2010434613039305
6029.9			1.2001605234381114
6030.8			1.1865588176972137
6031.700000000001			1.1822113299805534
6032.6			1.1928344210346178
6033.5			1.2018402090712716
6034.4			1.2101423159882179
6035.3			1.2132789640151358
6036.200000000001			1.2117436264848565
6037.1			1.2151560836609951
6038.0			1.216805629159198
6038.9			1.2140370758809045
6039.8			1.214163234765776
6040.700000000001			1.2149100465264804
6041.6			1.2107234953179067
6042.5			1.2083001263631605
6043.4			1.2104506189898845
6044.3			1.2110491743879144
6045.200000000001			1.2133276236208455
6046.1			1.2161704208004955
6047.0			1.2134857729533008
6047.9			1.2151097524765626
6048.8			1.216958311953434
6049.700000000001			1.2169357433759018
6050.6			1.2217765811886196
6051.5			1.2247388090428946
6052.4			1.2228274394475094
6053.3			1.2225516780448782
6054.200000000001			1.2251107978441285
6055.1			1.2165222410337428
6056.0			1.213099458258534
6056.9			1.2257192579411145
6057.8			1.2239069064373613
6058.700000000001			1.218072136367412
6059.6			1.2233217511644308
6060.5			1.227064662174508
6061.4			1.228006451265538
6062.3			1.23303182912216
6063.200000000001			1.2374003294252591
6064.1			1.2276024507634749
6065.0			1.2122575272116007
6065.9			1.213015432927975
6066.8			1.2246391677405206
6067.700000000001			1.2361485467057864
6068.6			1.2397665938461895
6069.5			1.2365941268373681
6070.4			1.233524710563797
6071.3			1.2356509615493914
6072.200000000001			1.238028750057666
6073.1			1.2367895872637862
6074.0			1.2414489767132537
6074.9			1.2473946976091297
6075.8			1.2475073961689471
6076.700000000001			1.246047463215639
6077.6			1.2317057522590178
6078.5			1.2213133123457585
6079.4			1.2280545241568646
6080.3			1.237398088594922
6081.200000000001			1.2402993712157468
6082.1			1.2386171492579423
6083.0			1.2353015215907168
6083.9			1.2352009980032705
6084.8			1.231030304056379
6085.700000000001			1.2212910166379278
6086.6			1.2300010683799993
6087.5			1.2435308991857612
6088.4			1.2397108756078654
6089.3			1.2383087295516413
6090.200000000001			1.2500495943037093
6091.1			1.2545780688928418
6092.0			1.2533002676540208
6092.9			1.2546644713645683
6093.8			1.2512486831306073
6094.700000000001			1.2518539795777366
6095.6			1.2516716685533806
6096.5			1.2514450692228765
6097.4			1.258329615862019
6098.3			1.2615243872323492
6099.200000000001			1.2622326604892733
6100.1			1.2622888797207699
6101.0			1.2511092419057341
6101.9			1.2140806025998814
6102.8			1.1848490599783301
6103.700000000001			1.2023037673980348
6104.6			1.2404577493182853
6105.5			1.261968164699363
6106.4			1.2690777379996514
6107.3			1.2679432640230994
6108.200000000001			1.2630028335108738
6109.1			1.258203925133525
6110.0			1.2554134699235866
6110.9			1.2577100390359293
6111.8			1.2592627290746636
6112.700000000001			1.2588835339117515
6113.6			1.255167117193582
6114.5			1.253458460943589
6115.4			1.2554490398038534
6116.3			1.2605520101380507
6117.200000000001			1.2693934897508596
6118.1			1.2724111434625727
6119.0			1.2654644124297145
6119.9			1.2581553243244128
6120.8			1.2422332306952595
6121.700000000001			1.2161605000734392
6122.6			1.2121985294650202
6123.5			1.2400924226490107
6124.4			1.2695060862086167
6125.3			1.2737503542956787
6126.200000000001			1.267349033694394
6127.1			1.2655231199043828
6128.0			1.2681508628856424
6128.9			1.2711850445111212
6129.8			1.272997942520131
6130.700000000001			1.2744659133100493
6131.6			1.269691042191466
6132.5			1.2661575107312555
6133.4			1.2807416981024848
6134.3			1.2918427741110805
6135.200000000001			1.270814379454461
6136.1			1.2281478695510404
6137.0			1.19717628263764
6137.9			1.2081440954088218
6138.8			1.248331103610524
6139.700000000001			1.2719044439197253
6140.6			1.2640130321483354
6141.5			1.2521032215607941
6142.4			1.2555413057323899
6143.3			1.2684978154213915
6144.200000000001			1.2814704630180889
6145.1			1.285914605876979
6146.0			1.2853060351521832
6146.9			1.2832569873626174
6147.8			1.2837640471989815
6148.700000000001			1.2849900898402415
6149.6			1.2819174623142016
6150.5			1.28111887640394
6151.4			1.2888691529398986
6152.3			1.3040595816841682
6153.200000000001			1.3172304637940582
6154.1			1.3131018288630578
6155.0			1.3008415268855595
6155.9			1.2917484805394976
6156.8			1.2925241350573442
6157.700000000001			1.297375983071226
6158.6			1.3000287610019046
6159.5			1.2958529993286352
6160.4			1.2693459750185223
6161.3			1.2310258943049215
6162.200000000001			1.2091494877722362
6163.1			1.2324529717940549
6164.0			1.274115223553927
6164.9			1.2937439692349793
6165.8			1.2939090173183665
6166.700000000001			1.2928553065133153
6167.6			1.2852365598457536
6168.5			1.2615776362093316
6169.4			1.2406580855186984
6170.3			1.2480919404868465
6171.200000000001			1.2754454681506369
6172.1			1.2880874029299854
6173.0			1.2918138309466694
6173.9			1.2996879091043911
6174.8			1.3002735964900867
6175.700000000001			1.3024969893413794
6176.6			1.3137235776091132
6177.5			1.3231828671440995
6178.4			1.3262205704168375
6179.3			1.3239321661204457
6180.200000000001			1.3177703610942797
6181.1			1.3126899797741622
6182.0			1.3154384322859276
6182.9			1.3243214925429365
6183.8			1.3234384337538383
6184.700000000001			1.3173318228468418
6185.6			1.319677863639668
6186.5			1.3240960181824322
6187.4			1.324715552401293
6188.3			1.3254091886627986
6189.200000000001			1.3262240926377022
6190.1			1.3105251557224429
6191.0			1.2873433910863805
6191.9			1.284569710628277
6192.8			1.3022598145842588
6193.700000000001			1.3188801080684773
6194.6			1.327955440341155
6195.5			1.3304384695320575
6196.4			1.3273176891858236
6197.3			1.32182093134861
6198.200000000001			1.3227950750981474
6199.1			1.329497981077312
6200.0			1.3289679884446692
6200.9			1.3285670199654287
6201.8			1.3312190737941316
6202.700000000001			1.33710375833265
6203.6			1.3415340810773098
6204.5			1.346681043835727
6205.4			1.3487354306091706
6206.3			1.3521280193609022
6207.200000000001			1.3516126513134097
6208.1			1.345574671038754
6209.0			1.3445749784438448
6209.9			1.34977842247597
6210.8			1.3483317114778361
6211.700000000001			1.3385908606676484
6212.6			1.323346259951784
6213.5			1.3128357549575105
6214.4			1.3232520367646567
6215.3			1.3369866090170521
6216.200000000001			1.3428525607837283
6217.1			1.3384525958144153
6218.0			1.3263518804487553
6218.9			1.3131302306052544
6219.8			1.3103745488424765
6220.700000000001			1.3215566318230898
6221.6			1.3317869132125035
6222.5			1.3359079821139412
6223.4			1.3409160298226432
6224.3			1.352801616568584
6225.200000000001			1.3632463327483568
6226.1			1.367001943639065
6227.0			1.3628443133354105
6227.9			1.3585887906042686
6228.8			1.349549483460074
6229.700000000001			1.3264503419136273
6230.6			1.3068993484839464
6231.5			1.3100762400389145
6232.4			1.3281149655449072
6233.3			1.346429580332896
6234.200000000001			1.361481619244507
6235.1			1.367797884453075
6236.0			1.3666784636323595
6236.9			1.3568117791309457
6237.8			1.3452493250729773
6238.700000000001			1.352883221208793
6239.6			1.364385497162403
6240.5			1.3644418271664671
6241.4			1.361336295932476
6242.3			1.3565229013900841
6243.200000000001			1.3598661070614178
6244.1			1.3608858190070505
6245.0			1.3541156855342933
6245.9			1.341324110428695
6246.8			1.3289849152801092
6247.700000000001			1.3400818668377308
6248.6			1.3645858007333147
6249.5			1.377713719773002
6250.4			1.3677222842209185
6251.3			1.3431522036611414
6252.200000000001			1.3274875763838987
6253.1			1.324821707652469
6254.0			1.332467143513831
6254.9			1.3452341224200945
6255.8			1.3480350607062344
6256.700000000001			1.3452297762762555
6257.6			1.3463506235871983
6258.5			1.3491675919515862
6259.4			1.3568552704169181
6260.3			1.369414558142548
6261.200000000001			1.377296422739362
6262.1			1.375627367707597
6263.0			1.378722319053123
6263.9			1.383407578451871
6264.8			1.3767936082717736
6265.700000000001			1.369403689320218
6266.6			1.3791120686496183
6267.5			1.4003709178997514
6268.4			1.4094136979380296
6269.3			1.3949361226207095
6270.200000000001			1.3841366464399463
6271.1			1.3881673682027722
6272.0			1.3957746024840225
6272.9			1.4006638845436619
6273.8			1.40087322761889
6274.700000000001			1.3969161700677546
6275.6			1.3990989448118731
6276.5			1.402207671303471
6277.4			1.401471623695094
6278.3			1.406699442752222
6279.200000000001			1.41177340005195
6280.1			1.4134214431625813
6281.0			1.4146973860055596
6281.9			1.4113250444038532
6282.8			1.412201882848602
6283.700000000001			1.4177913236359903
6284.6			1.4157251529590804
6285.5			1.4136009126377063
6286.4			1.4182101839686176
6287.3			1.4201917435546068
6288.200000000001			1.4264677967277222
6289.1			1.4264232410279736
6290.0			1.4080006040874653
6290.9			1.395475242490206
6291.8			1.401391253084709
6292.700000000001			1.4104193058201373
6293.6			1.4133912813851268
6294.5			1.415283065395042
6295.4			1.4156379378730448
6296.3			1.4128756333621122
6297.200000000001			1.412576048750601
6298.1			1.409344189088148
6299.0			1.4067311323716847
6299.9			1.3973924462555958
6300.8			1.3814273291826444
6301.700000000001			1.3747268686579488
6302.6			1.390888831509367
6303.5			1.4098097990790905
6304.4			1.414342202828451
6305.3			1.4238263239141133
6306.200000000001			1.4341009789783388
6307.1			1.4276496082950532
6308.0			1.4129779796711628
6308.9			1.4149498780937102
6309.8			1.429044686987366
6310.700000000001			1.4375013880073824
6311.6			1.4347505223443713
6312.5			1.4325446714892767
6313.4			1.4272788882157739
6314.3			1.416119223488935
6315.200000000001			1.4161906048275232
6316.1			1.4203545946663811
6317.0			1.4023066027353337
6317.9			1.3841910105555313
6318.8			1.3784556363892557
6319.700000000001			1.3973561747954721
6320.6			1.4205462123279615
6321.5			1.4233012550683661
6322.4			1.4113839965865902
6323.3			1.4044548764822948
6324.200000000001			1.4120162312107176
6325.1			1.4246747035908192
6326.0			1.4353879036763801
6326.9			1.4376198346315197
6327.8			1.4342575688889707
6328.700000000001			1.4373984993398652
6329.6			1.446323535968645
6330.5			1.4515461083918622
6331.4			1.449487040484084
6332.3			1.4469786736816124
6333.200000000001			1.4418223187304795
6334.1			1.4307401633454786
6335.0			1.4111715103963656
6335.9			1.3951023036176118
6336.8			1.3988558071767176
6337.700000000001			1.4111616347694407
6338.6			1.421324321919263
6339.5			1.438995722012425
6340.4			1.4530169707968228
6341.3			1.45088525066168
6342.200000000001			1.4458255961443485
6343.1			1.4472983923967921
6344.0			1.4433039093877507
6344.9			1.441390327851593
6345.8			1.4399684305465652
6346.700000000001			1.4371748465195806
6347.6			1.4419847305798716
6348.5			1.4513700754253527
6349.4			1.4508260927479868
6350.3			1.4439117458435684
6351.200000000001			1.4474963169050825
6352.1			1.4508317627090732
6353.0			1.4492592042431376
6353.9			1.439770279929591
6354.8			1.4288142519316422
6355.700000000001			1.4364596498634434
6356.6			1.4542617211402682
6357.5			1.458488103204619
6358.4			1.4509884189021653
6359.3			1.4523902062782115
6360.200000000001			1.456352608473537
6361.1			1.4548884992421156
6362.0			1.4569816332698893
6362.9			1.4676897397811646
6363.8			1.4723902990984048
6364.700000000001			1.4703956750660818
6365.6			1.465387060543028
6366.5			1.47231717276455
6367.4			1.489545144149882
6368.3			1.491006460012919
6369.200000000001			1.484997545407498
6370.1			1.477843081198995
6371.0			1.4714927557365982
6371.9			1.478193746862023
6372.8			1.4842441529445394
6373.700000000001			1.4812331150918931
6374.6			1.4805436336251991
6375.5			1.4854717592116595
6376.4			1.4915112252042992
6377.3			1.492817551123782
6378.200000000001			1.4993675812462604
6379.1			1.5080955464122365
6380.0			1.504396556579594
6380.9			1.4951720963709894
6381.8			1.494142158442284
6382.700000000001			1.5026524556378735
6383.6			1.5005925980507668
6384.5			1.4932648186415132
6385.4			1.4989041385749224
6386.3			1.5017329105600674
6387.200000000001			1.5011567376548014
6388.1			1.5057860324741967
6389.0			1.5108074281137367
6389.9			1.511401488386344
6390.8			1.501951258504025
6391.700000000001			1.4865731011869503
6392.6			1.4692532679822141
6393.5			1.458403554128177
6394.4			1.4715292277134102
6395.3			1.5025597560788773
6396.200000000001			1.5232697373226538
6397.1			1.5238845147697517
6398.0			1.5106381213359996
6398.9			1.4865819641332498
6399.8			1.4646864929080166
6400.700000000001			1.4756044420343501
6401.6			1.5066061980896397
6402.5			1.5258360310814618
6403.4			1.534011075911535
6404.3			1.5329499824503252
6405.200000000001			1.5279339815404036
6406.1			1.521366635696461
6407.0			1.5063267035426497
6407.9			1.4992178401388205
6408.8			1.5112362844871947
6409.700000000001			1.5203431671324943
6410.6			1.5103730770963912
6411.5			1.5002659418336068
6412.4			1.5128730932385324
6413.3			1.5331299793654392
6414.200000000001			1.5349775341055134
6415.1			1.526787385620853
6416.0			1.5291213782423914
6416.9			1.5364604486070477
6417.8			1.5419613941160049
6418.700000000001			1.5446465953419801
6419.6			1.5322683700123478
6420.5			1.51252143304158
6421.4			1.5127357594232536
6422.3			1.5338328212892718
6423.200000000001			1.5522385967011754
6424.1			1.557871838387318
6425.0			1.5590531970190968
6425.9			1.5628203874590454
6426.8			1.5669966143778906
6427.700000000001			1.5703799008399828
6428.6			1.56697416099616
6429.5			1.5471694293605527
6430.4			1.524990176525717
6431.3			1.5225275716952065
6432.200000000001			1.538854201919769
6433.1			1.5536235588486196
6434.0			1.5663643071050366
6434.9			1.5786420905847771
6435.8			1.586020446463694
6436.700000000001			1.5825962084847152
6437.6			1.5564787718198525
6438.5			1.5204539924884866
6439.4			1.5114049717500682
6440.3			1.539866340211725
6441.200000000001			1.5669042074991046
6442.1			1.5725357016722759
6443.0			1.5833404756487308
6443.9			1.59977516839235
6444.8			1.6076372904762277
6445.700000000001			1.606207361851707
6446.6			1.6007984668437751
6447.5			1.5997163173646929
6448.4			1.5869874805558661
6449.3			1.5576998523309622
6450.200000000001			1.5493888935461855
6451.1			1.5770854817154099
6452.0			1.6053934950976456
6452.9			1.6116038626959472
6453.8			1.6005021411596045
6454.700000000001			1.5787688735174852
6455.6			1.555836235106303
6456.5			1.550967940973127
6457.4			1.5701140349273108
6458.3			1.5974980033469077
6459.200000000001			1.6129221190143117
6460.1			1.605194432566279
6461.0			1.5740107411087305
6461.9			1.5362531408705586
6462.8			1.5320243695253704
6463.700000000001			1.5690940574142938
6464.6			1.6058691636626101
6465.5			1.6235962620233593
6466.4			1.6287561238144606
6467.3			1.6267108900452363
6468.200000000001			1.6274733828887475
6469.1			1.6262513774617002
6470.0			1.6114455585946854
6470.9			1.58542577064994
6471.8			1.5703762102366576
6472.700000000001			1.5797564626535268
6473.6			1.5932930149241318
6474.5			1.5990470971622306
6475.4			1.603954212889709
6476.3			1.6107646867346719
6477.200000000001			1.6118370928598522
6478.1			1.6097830389377665
6479.0			1.6141560813451796
6479.9			1.6169162732320375
6480.8			1.608952212646356
6481.700000000001			1.602757263005806
6482.6			1.6090364467967624
6483.5			1.6238985183994994
6484.4			1.63365128416571
6485.3			1.633742793364316
6486.200000000001			1.6347328400535432
6487.1			1.6325412020455237
6488.0			1.628445119630319
6488.9			1.6268004053027127
6489.8			1.6248073783422332
6490.700000000001			1.6238102064362476
6491.6			1.624142293918512
6492.5			1.614787677897944
6493.4			1.5832679806782854
6494.3			1.549303528901866
6495.200000000001			1.5481112895523474
6496.1			1.5683092056974957
6497.0			1.585864005330778
6497.9			1.599161654461072
6498.8			1.6068252073248688
6499.700000000001			1.6146654480888494
6500.6			1.6263278655457298
6501.5			1.6368354629749422
6502.4			1.6455749674105373
6503.3			1.6484868590044597
6504.200000000001			1.652375237775442
6505.1			1.6571284503404347
6506.0			1.659565395821954
6506.9			1.6625378527736043
6507.8			1.660867865020646
6508.700000000001			1.6567937056626731
6509.6			1.661490495787164
6510.5			1.6708287219172795
6511.4			1.666340410651018
6512.3			1.654259410278382
6513.200000000001			1.6547189205049373
6514.1			1.6638506933681587
6515.0			1.6633399483264306
6515.9			1.6527116281289052
6516.8			1.6460283491381964
6517.700000000001			1.6443883487288804
6518.6			1.6458765508579143
6519.5			1.6590014599995182
6520.4			1.6723628472273016
6521.3			1.675875707792108
6522.200000000001			1.676393506823583
6523.1			1.6750532835670433
6524.0			1.6767481131751003
6524.9			1.6790104400347228
6525.8			1.6723193106959204
6526.700000000001			1.6634434769041195
6527.6			1.6635495852276985
6528.5			1.6663709034255052
6529.4			1.66918567683837
6530.3			1.6760611030138481
6531.200000000001			1.6793117008089216
6532.1			1.6749776972520194
6533.0			1.669163829392924
6533.9			1.665899656394959
6534.8			1.6674619103123736
6535.700000000001			1.675500258269012
6536.6			1.6838070468469126
6537.5			1.6857223475105927
6538.4			1.6763537395682013
6539.3			1.6632353299438576
6540.200000000001			1.6591389647422938
6541.1			1.6653786317576815
6542.0			1.6757023924004226
6542.9			1.6808163566557606
6543.8			1.672684419200467
6544.700000000001			1.6532541333862092
6545.6			1.6322456857535106
6546.5			1.63111102984475
6547.4			1.6513740669505268
6548.3			1.6656375937787105
6549.200000000001			1.6689107237547294
6550.1			1.6647157439184619
6551.0			1.657490311758186
6551.9			1.6545800204838974
6552.8			1.649642332916357
6553.700000000001			1.6370120187278738
6554.6			1.6183265812993815
6555.5			1.6020400424074441
6556.4			1.5942092510266772
6557.3			1.5840572932082808
6558.200000000001			1.5546466301958382
6559.1			1.502267877988776
6560.0			1.4135459723147001
6560.9			1.2528556297536404
6561.8			1.0332811788293648
6562.700000000001			0.9086908738456289
6563.6			1.0153572280450391
6564.5			1.2516509899702235
6565.4			1.4321397316314322
6566.3			1.5189817820680276
6567.200000000001			1.5619885145633707
6568.1			1.5859932734348683
6569.0			1.6018944989486708
6569.9			1.6215164830356696
6570.8			1.6445764125583004
6571.700000000001			1.665535610399558
6572.6			1.6794556730719539
6573.5			1.6862165472220696
6574.4			1.6977588028767236
6575.3			1.715952506162838
6576.200000000001			1.7309290317498165
6577.1			1.7319486877993504
6578.0			1.7306664067293924
6578.9			1.7362056203862344
6579.8			1.7387744955362014
6580.700000000001			1.74112606563355
6581.6			1.74364461143145
6582.5			1.7433291837280727
6583.4			1.7456639312061561
6584.3			1.7528657304044621
6585.200000000001			1.7607104556204525
6586.1			1.7664045691091073
6587.0			1.7709704983806693
6587.9			1.7739982218766361
6588.8			1.7749809849270097
6589.700000000001			1.771018332802229
6590.6			1.766826411366786
6591.5			1.758541039548571
6592.4			1.7335129121152586
6593.3			1.7098227332260756
6594.200000000001			1.7234120373770176
6595.1			1.760914834475312
6596.0			1.78392950859968
6596.9			1.784761410797255
6597.8			1.7823260423453808
6598.700000000001			1.7886361749523083
6599.6			1.7922200478357357
6600.5			1.7898200700050024
6601.4			1.792782606117865
6602.3			1.8014882502022438
6603.200000000001			1.8032230487283187
6604.1			1.796437007456243
6605.0			1.79607680642813
6605.9			1.807731330213997
6606.8			1.812564005892824
6607.700000000001			1.8005387676861173
6608.6			1.78427098394007
6609.5			1.7872053391047522
6610.4			1.8083518835351815
6611.3			1.822208167392945
6612.200000000001			1.8253799786391367
6613.1			1.823424182384019
6614.0			1.824804898046063
6614.9			1.8308908483380695
6615.8			1.8313258002534916
6616.700000000001			1.833746938746733
6617.6			1.8382254894158827
6618.5			1.8391737384786253
6619.4			1.8389906897695778
6620.3			1.8404099699306342
6621.200000000001			1.8411942281174263
6622.1			1.839575643728789
6623.0			1.8436729315568152
6623.9			1.8527864109187901
6624.8			1.8582999684685855
6625.700000000001			1.8567774049423897
6626.6			1.8487427269540517
6627.5			1.843480776676739
6628.4			1.8450208000682382
6629.3			1.8459454943367652
6630.200000000001			1.8463018637700577
6631.1			1.849684514573297
6632.0			1.8508261303797624
6632.9			1.8487001020111415
6633.8			1.853675686273121
6634.700000000001			1.8652600016768706
6635.6			1.8793760939735689
6636.5			1.8921712924365433
6637.4			1.8917122615355653
6638.3			1.8803554705603023
6639.200000000001			1.8744706370437447
6640.1			1.8766796887308577
6641.0			1.8791113337082628
6641.9			1.873516156734947
6642.8			1.8647234885538344
6643.700000000001			1.8669919174275436
6644.6			1.8807745829975087
6645.5			1.8925342387736137
6646.4			1.8977385458718525
6647.3			1.9057570374040929
6648.200000000001			1.9177460723970092
6649.1			1.9191711298834107
6650.0			1.912455271101898
6650.9			1.9110989371895524
6651.8			1.9092642733300222
6652.700000000001			1.9037903955220679
6653.6			1.89795463734684
6654.5			1.8958733635348801
6655.4			1.8989035458091799
6656.3			1.9004776711201725
6657.200000000001			1.9056930572869981
6658.1			1.9181285804774784
6659.0			1.930345559867808
6659.9			1.9308796677676336
6660.8			1.9268856448315725
6661.700000000001			1.920467337913144
6662.6			1.9041561346397722
6663.5			1.8988470057648168
6664.4			1.9125972718956923
6665.3			1.920274856160363
6666.200000000001			1.9173160407843097
6667.1			1.9188385275932591
6668.0			1.930072964836893
6668.9			1.9406056120313695
6669.8			1.938506795404633
6670.700000000001			1.9300700561621544
6671.6			1.931922568133415
6672.5			1.9402975401504587
6673.4			1.946891403591747
6674.3			1.9509072131123117
6675.200000000001			1.949660798332384
6676.1			1.9382464126275525
6677.0			1.9130499136643293
6677.9			1.8968305637931153
6678.8			1.914256398940469
6679.700000000001			1.9483359509630818
6680.6			1.965513540273733
6681.5			1.965834704415246
6682.4			1.9628578734734623
6683.3			1.9611991793092598
6684.200000000001			1.9632381336632685
6685.1			1.964995028755389
6686.0			1.9715301783293866
6686.9			1.9759645803174555
6687.8			1.966674830231233
6688.700000000001			1.9630605910737169
6689.6			1.971971714179014
6690.5			1.9776596485345532
6691.4			1.9808319931437304
6692.3			1.9901830128076214
6693.200000000001			1.9972760536580336
6694.1			1.9967822663733326
6695.0			1.9918580281507197
6695.9			1.9831469452979715
6696.8			1.9766947387462972
6697.700000000001			1.985776452041774
6698.6			2.002967723324906
6699.5			2.0079916734432555
6700.4			2.006754672279596
6701.3			2.0091241907519795
6702.200000000001			2.0125614180309706
6703.1			2.017066465111905
6704.0			2.0166398506694274
6704.9			2.0105940938781353
6705.8			2.012347878492414
6706.700000000001			2.0282311490842564
6707.6			2.0434570515617234
6708.5			2.0430847844211777
6709.4			2.03068399460579
6710.3			2.0249197731041284
6711.200000000001			2.0299622378269406
6712.1			2.036358102774157
6713.0			2.0428945346977097
6713.9			2.0400799682265833
6714.8			2.0298959918011676
6715.700000000001			2.021962565768644
6716.6			2.009647668351598
6717.5			2.0025168550392625
6718.4			2.0233798287615787
6719.3			2.0550551071350913
6720.200000000001			2.069788477385049
6721.1			2.0711980386488245
6722.0			2.068479167617946
6722.9			2.0623677879203957
6723.8			2.0525904754414612
6724.700000000001			2.0432480289168957
6725.6			2.044367239646168
6726.5			2.0554992391030056
6727.4			2.068140160355568
6728.3			2.075272616677434
6729.200000000001			2.08286997734432
6730.1			2.0894052485982955
6731.0			2.088679808203201
6731.9			2.080469953217858
6732.8			2.0710972811541684
6733.700000000001			2.074084503132826
6734.6			2.083753573995362
6735.5			2.0916342020443275
6736.4			2.0953946153256147
6737.3			2.101778122002317
6738.200000000001			2.112661636680777
6739.1			2.11613116166164
6740.0			2.116259976752529
6740.9			2.119623548949201
6741.8			2.121790589844662
6742.700000000001			2.12193165760506
6743.6			2.1237898456942053
6744.5			2.1305369294479566
6745.4			2.1335501964606545
6746.3			2.1269322981854137
6747.200000000001			2.11527649670668
6748.1			2.1075991520240733
6749.0			2.107625657068439
6749.9			2.1151958819288623
6750.8			2.1267672291443023
6751.700000000001			2.131040309999876
6752.6			2.125661790108379
6753.5			2.1266088779006167
6754.4			2.136669679511394
6755.3			2.1447322051527045
6756.200000000001			2.153140558852898
6757.1			2.1614642627846195
6758.0			2.1584122657368994
6758.9			2.1505586554186316
6759.8			2.149035204476791
6760.700000000001			2.154817889734088
6761.6			2.163121950980144
6762.5			2.173618333078278
6763.4			2.1840018237989036
6764.3			2.1865126222359654
6765.200000000001			2.1828124856891926
6766.1			2.1749563905092
6767.0			2.1677213555668655
6767.9			2.173494207315505
6768.8			2.1922777487283347
6769.700000000001			2.20738445086552
6770.6			2.206064483851765
6771.5			2.197625862258845
6772.4			2.198674621478339
6773.3			2.2081773683475086
6774.200000000001			2.219746014157274
6775.1			2.2237982584613296
6776.0			2.2179579243856056
6776.9			2.2092808796928156
6777.8			2.21143633766871
6778.700000000001			2.228668531872173
6779.6			2.244012502206483
6780.5			2.2469649770454683
6781.4			2.2382330465626965
6782.3			2.2243203650530283
6783.200000000001			2.2190748532233573
6784.1			2.229917643047987
6785.0			2.247113617360993
6785.9			2.2501441064148042
6786.8			2.242428424923511
6787.700000000001			2.242860570464087
6788.6			2.246866898411737
6789.5			2.250385002494486
6790.4			2.2545161202073833
6791.3			2.2556714550173207
6792.200000000001			2.256865924670143
6793.1			2.2583540772959467
6794.0			2.2605988717879377
6794.9			2.260990647240686
6795.8			2.2593988356503867
6796.700000000001			2.2659434632426962
6797.6			2.274847162137358
6798.5			2.2735929843701634
6799.4			2.265618561690598
6800.3			2.2688224954029925
6801.200000000001			2.2848138066549146
6802.1			2.2961217851759765
6803.0			2.3035003422456777
6803.9			2.3118706383582643
6804.8			2.312187326801962
6805.700000000001			2.3059795437926183
6806.6			2.2949668504619303
6807.5			2.2909758353341854
6808.4			2.3002761304615595
6809.3			2.309545585899085
6810.200000000001			2.311346922219314
6811.1			2.312632499487484
6812.0			2.3136541790003005
6812.9			2.3135842423659607
6813.8			2.3182690351298882
6814.700000000001			2.3275356387704424
6815.6			2.3367674265455247
6816.5			2.3474318195530612
6817.4			2.3561004090162316
6818.3			2.352020447214487
6819.200000000001			2.3382573522410492
6820.1			2.3360053115878725
6821.0			2.3551839839908264
6821.9			2.379436116002754
6822.8			2.3927659647123205
6823.700000000001			2.396527856231916
6824.6			2.39130864131422
6825.5			2.3856601565088926
6826.4			2.3796700831218573
6827.3			2.3714799516829603
6828.200000000001			2.3744873533254007
6829.1			2.3929803386735014
6830.0			2.4122222695414792
6830.9			2.420122778231015
6831.8			2.419696430549693
6832.700000000001			2.4126894906305916
6833.6			2.406015816925326
6834.5			2.401805050831312
6835.4			2.393076436410922
6836.3			2.382556525221087
6837.200000000001			2.3815680901701155
6838.1			2.387276791747654
6839.0			2.395749978213689
6839.9			2.3973077827702793
6840.8			2.390021502483425
6841.700000000001			2.388688411431771
6842.6			2.4024160837279442
6843.5			2.421576855880506
6844.4			2.433844050133765
6845.3			2.438166415316878
6846.200000000001			2.448470369042855
6847.1			2.466050572871494
6848.0			2.485520654922228
6848.9			2.4990388052637007
6849.8			2.5041668110834823
6850.700000000001			2.5025951022967985
6851.6			2.493025788685036
6852.5			2.4843374338365494
6853.4			2.4837748851773065
6854.3			2.4896180175910563
6855.200000000001			2.493367074730761
6856.1			2.4920237976953175
6857.0			2.49582053173325
6857.9			2.5079438439040342
6858.8			2.51929908924427
6859.700000000001			2.527561546064833
6860.6			2.5349152394841408
6861.5			2.5314075209137883
6862.4			2.5118848898195427
6863.3			2.4991802882226044
6864.200000000001			2.5185786430154753
6865.1			2.5558931158116067
6866.0			2.581026800546993
6866.9			2.5872772569907423
6867.8			2.5823809519433163
6868.700000000001			2.571015991169227
6869.6			2.5549268524876716
6870.5			2.537003543026417
6871.4			2.5248689410037373
6872.3			2.528914108098473
6873.200000000001			2.5469601249088423
6874.1			2.565220210796494
6875.0			2.5814828051020027
6875.9			2.592054993127395
6876.8			2.592638892262296
6877.700000000001			2.5949887644530447
6878.6			2.6012409180120444
6879.5			2.601216241384272
6880.4			2.584217482779672
6881.3			2.5630784108968068
6882.200000000001			2.569199919705418
6883.1			2.6071378247074968
6884.0			2.642007522305362
6884.9			2.6462123427528668
6885.8			2.6340526180365904
6886.700000000001			2.617671648055139
6887.6			2.610008968000256
6888.5			2.6371914769255405
6889.4			2.6768541513811206
6890.3			2.67567010625415
6891.200000000001			2.6406282655501765
6892.1			2.6260071425514173
6893.0			2.6421489158249813
6893.9			2.652977057059649
6894.8			2.648436580637591
6895.700000000001			2.649967617354329
6896.6			2.6713881125003787
6897.5			2.693681530341486
6898.4			2.686855186364672
6899.3			2.671395043424068
6900.200000000001			2.6764381236623063
6901.1			2.7019178626614124
6902.0			2.7222883683143397
6902.9			2.7129867399815457
6903.8			2.694097009369939
6904.700000000001			2.7046559568708113
6905.6			2.7397990952105595
6906.5			2.7538544124297863
6907.4			2.7398423336406466
6908.3			2.7371768170195847
6909.200000000001			2.7624582883099187
6910.1			2.790515950445235
6911.0			2.803408912761798
6911.9			2.793546787095849
6912.8			2.7679799744442595
6913.700000000001			2.7536662994214733
6914.6			2.772408548995377
6915.5			2.798279996149564
6916.4			2.796609108025732
6917.3			2.790435558646459
6918.200000000001			2.7948583257798365
6919.1			2.792830404630204
6920.0			2.790827929330847
6920.9			2.793681889104004
6921.8			2.798914298743998
6922.700000000001			2.8073115333560907
6923.6			2.803744247662136
6924.5			2.7947297049208606
6925.4			2.8032659392771593
6926.3			2.8293617831435327
6927.200000000001			2.8499942856253364
6928.1			2.8559673939317847
6929.0			2.858954765393189
6929.9			2.8594292993241046
6930.8			2.8584764804832843
6931.700000000001			2.865057665066383
6932.6			2.875741476289599
6933.5			2.8767617211443026
6934.4			2.8718536328754145
6935.3			2.8785934996089813
6936.200000000001			2.8966146206383176
6937.1			2.916307784331193
6938.0			2.927650170760739
6938.9			2.9271529575346817
6939.8			2.9283051679653584
6940.700000000001			2.9415856810993875
6941.6			2.948625362913778
6942.5			2.928582558905487
6943.4			2.89474537721992
6944.3			2.87342619641992
6945.200000000001			2.8790168553842035
6946.1			2.9102429951228883
6947.0			2.9430448611474724
6947.9			2.9560016462816066
6948.8			2.963322805638727
6949.700000000001			2.9719321090110333
6950.6			2.9613720820190585
6951.5			2.9434783920112113
6952.4			2.9490453466273023
6953.3			2.9749688321589405
6954.200000000001			2.9923151894121096
6955.1			2.995554475898312
6956.0			3.00026706993021
6956.9			3.0077024047751
6957.8			3.0169089237722746
6958.700000000001			3.018392604872091
6959.6			3.012783053131113
6960.5			3.020419001610933
6961.4			3.027989410419806
6962.3			3.01946204532946
6963.200000000001			3.0098221856304783
6964.1			3.017155939113764
6965.0			3.0352713379895833
6965.9			3.051025067635991
6966.8			3.068637850684009
6967.700000000001			3.0830381804732343
6968.6			3.0915819046955573
6969.5			3.099376769555187
6970.4			3.097692726036474
6971.3			3.089203486659156
6972.200000000001			3.0869954744765007
6973.1			3.0912940495253416
6974.0			3.092892099046581
6974.9			3.079573003309583
6975.8			3.0683974211900087
6976.700000000001			3.062022597481253
6977.6			3.0514422519710562
6978.5			3.0569009324640266
6979.4			3.082642036992553
6980.3			3.110846093990571
6981.200000000001			1.0
6982.1			0.9988546765168236
6983.0			0.9974748700532332
6983.9			1.0031890604288516
6984.8			1.0157298958088936
6985.700000000001			1.0232807368602028
6986.6			1.0208077560360032
6987.5			1.0165547993452422
6988.4			1.015565812981851
6989.3			1.0187896763132909
6990.200000000001			1.0226192868058004
6991.1			1.0247508905870588
6992.0			1.027266348867785
6992.9			1.0274225866632414
6993.8			1.025280173277633
6994.700000000001			1.024407393416576
6995.6			1.0252229650043039
6996.5			1.0277146029295614
6997.4			1.0344432778069697
6998.3			1.0435894416229199
6999.200000000001			1.0462044596369695
7000.1			1.0428468512825686
7001.0			1.0396527452471152
7001.9			1.035812648055051
7002.8			1.032731251325337
7003.700000000001			1.0320826170115283
7004.6			1.0297313825154573
7005.5			1.027820591983084
7006.4			1.031003170312783
7007.3			1.0359367202279717
7008.200000000001			1.0375121043405064
7009.1			1.0385534335732107
7010.0			1.0414421223428325
7010.9			1.045240215680251
7011.8			1.0541862366111852
7012.700000000001			1.0666430723670475
7013.6			1.0707073832301073
7014.5			1.0603876345501784
7015.4			1.0454565438742478
7016.3			1.041668637300875
7017.200000000001			1.0489723914764308
7018.1			1.0548042162888207
7019.0			1.0587526858148766
7019.9			1.0664930355291935
7020.8			1.0683069414527528
7021.700000000001			1.0593887299700866
7022.6			1.0573814797519419
7023.5			1.066944066057986
7024.4			1.071269918481478
7025.3			1.0693086829702452
7026.200000000001			1.0699985876296945
7027.1			1.0756965341411466
7028.0			1.0817045164897872
7028.9			1.0845129596126628
7029.8			1.086790722801255
7030.700000000001			1.0878326102231608
7031.6			1.0883948748691379
7032.5			1.0877973471458369
7033.4			1.0811587328136874
7034.3			1.0785541900891804
7035.200000000001			1.0857608404012284
7036.1			1.0937032460568183
7037.0			1.0973561222175654
7037.9			1.1007226788284905
7038.8			1.1054710516139974
7039.700000000001			1.1037241054259903
7040.6			1.0992648247063088
7041.5			1.100433906558427
7042.4			1.1031769298146445
7043.3			1.1034109800245953
7044.200000000001			1.1027249732108604
7045.1			1.1047350243025016
7046.0			1.1076882566880326
7046.9			1.1082931136555765
7047.8			1.1090809094970608
7048.700000000001			1.1070406859618536
7049.6			1.1059575992147022
7050.5			1.1149002913211912
7051.4			1.127218410966485
7052.3			1.13146901867246
7053.200000000001			1.1280743363542372
7054.1			1.1236982336623846
7055.0			1.12395730950148
7055.9			1.131824207905136
7056.8			1.143138458134272
7057.700000000001			1.149607625316673
7058.6			1.1480663823624027
7059.5			1.1491639015174961
7060.4			1.1603698353102407
7061.3			1.1742588544614099
7062.200000000001			1.1778475553487897
7063.1			1.1684479817837683
7064.0			1.1548893212352294
7064.9			1.140996711241759
7065.8			1.1341612121035127
7066.700000000001			1.1360034394922771
7067.6			1.1437779079435784
7068.5			1.1524039418529473
7069.4			1.162272342076312
7070.3			1.1723015843984488
7071.200000000001			1.1735076955120438
7072.1			1.168516423712534
7073.0			1.1656068422715236
7073.9			1.1630280277927358
7074.8			1.16105615442988
7075.700000000001			1.1620099226311886
7076.6			1.167751664355307
7077.5			1.1750050133609422
7078.4			1.1794227887816477
7079.3			1.1804411491441198
7080.200000000001			1.1782997955721566
7081.1			1.1772334207044015
7082.0			1.1745464113501063
7082.9			1.169843897132637
7083.8			1.1727803321655388
7084.700000000001			1.179638148982702
7085.6			1.1833181075789796
7086.5			1.188567428983797
7087.4			1.195861523727641
7088.3			1.1955873766320428
7089.200000000001			1.1882512695397802
7090.1			1.188176963822004
7091.0			1.1972766203998837
7091.9			1.2011081339930652
7092.8			1.1978363052162277
7093.700000000001			1.1947361890088828
7094.6			1.1983672920764168
7095.5			1.2063785287420068
7096.4			1.2109165665527999
7097.3			1.2174131174777931
7098.200000000001			1.224901638679219
7099.1			1.2232934755691054
7100.0			1.2160341334826936
7100.9			1.2159167960943476
7101.8			1.2235111495511197
7102.700000000001			1.2299194449488107
7103.6			1.2335085439172728
7104.5			1.2387605832205177
7105.4			1.2416100189549824
7106.3			1.2393294828296872
7107.200000000001			1.2342618713634546
7108.1			1.2366214570172194
7109.0			1.2459216385098668
7109.9			1.2531003153683826
7110.8			1.2562383835918838
7111.700000000001			1.2551050098007366
7112.6			1.24846398649165
7113.5			1.2409371723368106
7114.4			1.2414414437958656
7115.3			1.2523590006182734
7116.200000000001			1.2608571329782334
7117.1			1.2632472219946658
7118.0			1.266593645781285
7118.9			1.268181897436307
7119.8			1.2591966573132407
7120.700000000001			1.2433656405011881
7121.6			1.2409566381672084
7122.5			1.2516413080484319
7123.4			1.262214762102028
7124.3			1.270412849628611
7125.200000000001			1.2818157204537315
7126.1			1.291405094693719
7127.0			1.289327677335957
7127.9			1.2804022715717651
7128.8			1.2747944760338217
7129.700000000001			1.2678184221919253
7130.6			1.2632313978269614
7131.5			1.2699260814305886
7132.4			1.283986450101985
7133.3			1.2951262961833598
7134.200000000001			1.3001291028167237
7135.1			1.3052953810705714
7136.0			1.3112392973303073
7136.9			1.3095715680756514
7137.8			1.3026855144328078
7138.700000000001			1.3041682801196564
7139.6			1.3131286843688608
7140.5			1.314823994191895
7141.4			1.3108448715536474
7142.3			1.3157978298553707
7143.200000000001			1.3265331577918331
7144.1			1.3342640031402586
7145.0			1.3340669916531027
7145.9			1.3154135291264302
7146.8			1.2877281721033211
7147.700000000001			1.2813316678823843
7148.6			1.3042841252207404
7149.5			1.3331231381989062
7150.4			1.3488737411874872
7151.3			1.3545369723299783
7152.200000000001			1.353960594812931
7153.1			1.3546110175619923
7154.0			1.3594263536352733
7154.9			1.3612175397131876
7155.8			1.359672956446406
7156.700000000001			1.3612767288266931
7157.6			1.371983161980308
7158.5			1.3820683806581975
7159.4			1.3807947456923446
7160.3			1.3749367360324234
7161.200000000001			1.3670543095025733
7162.1			1.3539215363399666
7163.0			1.3417221967403383
7163.9			1.3425037977605487
7164.8			1.36330267895653
7165.700000000001			1.3906492726864361
7166.6			1.4049119950710922
7167.5			1.4078387054598511
7168.4			1.4088736990906525
7169.3			1.4155420909563976
7170.200000000001			1.426235186421569
7171.1			1.4264966991698378
7172.0			1.4149100717044099
7172.9			1.4114648164011039
7173.8			1.4232001535272931
7174.700000000001			1.4307005416561978
7175.6			1.4280850484092051
7176.5			1.4273822901404687
7177.4			1.4341817950496323
7178.3			1.4397819933497373
7179.200000000001			1.4273641980316503
7180.1			1.406575184891884
7181.0			1.3969314096626673
7181.9			1.401557976396236
7182.8			1.4227568720968928
7183.700000000001			1.4474423792500526
7184.6			1.4514507453807861
7185.5			1.4270381008741748
7186.4			1.3999825086229465
7187.3			1.4024859742459928
7188.200000000001			1.4264540128729077
7189.1			1.4456078021970449
7190.0			1.4537463522762604
7190.9			1.451557712546332
7191.8			1.4418400424346474
7192.700000000001			1.438982305595288
7193.6			1.452193272298434
7194.5			1.4592468215376648
7195.4			1.4458721285265275
7196.3			1.4402652973268575
7197.200000000001			1.4621787184641755
7198.1			1.4852175552743496
7199.0			1.4821718534047996
7199.9			1.457626586221225
7200.8			1.4349491926007445
7201.700000000001			1.434447626922475
7202.6			1.4624014719096787
7203.5			1.490424880103674
7204.4			1.4889730599000972
7205.3			1.472199793281155
7206.200000000001			1.4624326806056387
7207.1			1.4687266625088073
7208.0			1.4846317153918924
7208.9			1.4983258898171106
7209.8			1.508200062570634
7210.700000000001			1.511743795783491
7211.6			1.5124879344546487
7212.5			1.5112601468649867
7213.4			1.512350714865461
7214.3			1.5243527373521992
7215.200000000001			1.5407191272531888
7216.1			1.544138962229025
7217.0			1.5306394101128764
7217.9			1.5216440344168989
7218.8			1.5302291097343461
7219.700000000001			1.549460134222113
7220.6			1.5645435672839572
7221.5			1.5589743941214622
7222.4			1.5511751632384405
7223.3			1.5608564907558877
7224.200000000001			1.577077830778066
7225.1			1.582661400855754
7226.0			1.5785753058066727
7226.9			1.572258137840406
7227.8			1.5715845665487955
7228.700000000001			1.5764605483653145
7229.6			1.5862369273302992
7230.5			1.6086183019932336
7231.4			1.636859389157281
7232.3			1.6485627799764386
7233.200000000001			1.634453582808992
7234.1			1.6163867148795659
7235.0			1.6087917953168496
7235.9			1.6205102932395141
7236.8			1.6400057556012997
7237.700000000001			1.6443942361825286
7238.6			1.6384728531925639
7239.5			1.6449258281029382
7240.4			1.658387963087372
7241.3			1.6693943893121383
7242.200000000001			1.6737609847173722
7243.1			1.6697739202126844
7244.0			1.6560936250740237
7244.9			1.6535900066845772
7245.8			1.667026523009095
7246.700000000001			1.6691384662459339
7247.6			1.6514626174770501
7248.5			1.641202874631976
7249.4			1.6565320916650763
7250.3			1.6755015713398187
7251.200000000001			1.6729845937467696
7252.1			1.661836437733354
7253.0			1.6628767190544718
7253.9			1.6723901495679714
7254.8			1.685243849104901
7255.700000000001			1.7027313757099736
7256.6			1.7199374758435104
7257.5			1.7239838826627332
7258.4			1.7150650822824174
7259.3			1.7018045760885792
7260.200000000001			1.6922906177185184
7261.1			1.7067628577678504
7262.0			1.7435453444079965
7262.9			1.7795258544631276
7263.8			1.797418762599692
7264.700000000001			1.8031352378283338
7265.6			1.805811699801975
7266.5			1.8002853574590076
7267.4			1.7873340053278737
7268.3			1.7815126141690008
7269.200000000001			1.786164296376581
7270.1			1.788305820718354
7271.0			1.7829333977528108
7271.9			1.7798680932274953
7272.8			1.7829344819420738
7273.700000000001			1.787539340076417
7274.6			1.788742709105448
7275.5			1.78407903613225
7276.4			1.781554222818524
7277.3			1.7863063810227586
7278.200000000001			1.7924798970771505
7279.1			1.796454289908391
7280.0			1.7916345564153506
7280.9			1.7823489023743448
7281.8			1.783228998624482
7282.700000000001			1.7994352584826951
7283.6			1.8188473033969892
7284.5			1.8291235504107528
7285.4			1.8295952781754796
7286.3			1.8196452737481232
7287.200000000001			1.801901690708237
7288.1			1.8063926076576502
7289.0			1.8375755761024763
7289.9			1.8608357802687652
7290.8			1.8669497683474898
7291.700000000001			1.8746008543002661
7292.6			1.8914019717035973
7293.5			1.9148027693265706
7294.4			1.9367298463396718
7295.3			1.9524115361721268
7296.200000000001			1.961787609523651
7297.1			1.9649748709762112
7298.0			1.9673265095931263
7298.9			1.9741490057794575
7299.8			1.9795099819039665
7300.700000000001			1.9856979975293307
7301.6			1.9927953580513307
7302.5			1.9929227450700104
7303.4			1.9894723514766761
7304.3			1.9892639279441646
7305.200000000001			1.9954884940627073
7306.1			2.009528186086431
7307.0			2.023913578209231
7307.9			2.034543051220392
7308.8			2.042254566758485
7309.700000000001			2.0429140363328275
7310.6			2.0432013403002562
7311.5			2.044150539667422
7312.4			2.0451289471718814
7313.3			2.05486321188135
7314.200000000001			2.0640157437080626
7315.1			2.0695057631609814
7316.0			2.0875779774967347
7316.9			2.107187157678155
7317.8			2.106965256357141
7318.700000000001			2.0962405223130998
7319.6			2.0945072194105023
7320.5			2.0953946778151993
7321.4			2.095209445768176
7322.3			2.096186381485709
7323.200000000001			2.0952718489875575
7324.1			2.0918773257827925
7325.0			2.1064942033075376
7325.9			2.134656701389398
7326.8			2.153753017334439
7327.700000000001			2.1607962755581007
7328.6			2.1556289407729485
7329.5			2.1546450722471593
7330.4			2.1658614498459428
7331.3			2.1824207002728513
7332.200000000001			2.1942178992264476
7333.1			2.192033166941606
7334.0			2.2024819682185743
7334.9			2.2262005830765643
7335.8			2.2444552777824347
7336.700000000001			2.2486500668737985
7337.6			2.2357096402953647
7338.5			2.221608657473984
7339.4			2.2212656389922216
7340.3			2.2398078732968685
7341.200000000001			2.261073803188984
7342.1			2.276131264663635
7343.0			2.2910340914029166
7343.9			2.3098288135278646
7344.8			2.3196063222984367
7345.700000000001			2.3067014446925773
7346.6			2.30387699159198
7347.5			2.309649081168937
7348.4			2.311973426779089
7349.3			2.3150263956244337
7350.200000000001			2.329083327188794
7351.1			2.3516426689347596
7352.0			2.354450372135236
7352.9			2.3398101016586805
7353.8			2.3262392319071545
7354.700000000001			2.3478050180270205
7355.6			2.3879379157094727
7356.5			2.414295551824525
7357.4			2.4184477298275238
7358.3			2.4220664876612124
7359.200000000001			2.4275167083522646
7360.1			2.418600519457982
7361.0			2.409182855702172
7361.9			2.4174733547507516
7362.8			2.4489044167254663
7363.700000000001			2.4871868362534886
7364.6			2.5168578347479458
7365.5			2.523517712865771
7366.4			2.5269291103747884
7367.3			2.5306761451954527
7368.200000000001			2.539699968792723
7369.1			2.5449494557384793
7370.0			2.55080930050754
7370.9			2.554921192201538
7371.8			2.565529284876822
7372.700000000001			2.570250751875048
7373.6			2.575005388922708
7374.5			2.5879534036401806
7375.4			2.605818588358412
7376.3			2.5947868994936094
7377.200000000001			2.576056085387677
7378.1			2.576244089012169
7379.0			2.5831055940836958
7379.9			5.169489801979506
7380.8			2.5732135677115546
7381.700000000001			2.5757775013642616
7382.6			2.5831828286050227
7383.5			2.5818857952058836
7384.4			2.5788947936780593
7385.3			2.5686789440296063
7386.200000000001			2.56367390490503
7387.1			2.5664171994428937
7388.0			2.5848219838552136
7388.9			2.620134560941001
7389.8			2.6457907443686235
7390.700000000001			2.6369702903849457
7391.6			2.6369377495015978
7392.5			2.6629549668470016
7393.4			2.684462174352761
7394.3			2.692880338958331
7395.200000000001			2.7199496592217116
7396.1			2.7492137448779683
7397.0			2.7633010935794573
7397.9			2.770432694119256
7398.8			2.7740301197926582
7399.700000000001			2.7886310887498387
7400.6			2.8097496699229785
7401.5			2.8305842513310178
7402.4			2.8395914272213205
7403.3			2.8363890892838945
7404.200000000001			2.848029494211463
7405.1			2.8755659331119543
7406.0			2.9004137576831566
7406.9			2.902980922266219
7407.8			2.914819215916719
7408.700000000001			2.9561006514628163
7409.6			2.9372826389429334
7410.5			2.1868899533393718
7411.4			0.4180700524906795
7412.3			4.661070785345388e-05
7413.200000000001			4.684186024668959e-05
7414.1			4.707531673397572e-05
7415.0			4.731111193819099e-05
7415.9			4.754928117939532e-05
7416.8			4.7789860492467095e-05
7417.700000000001			4.803288664527849e-05
7418.6			4.827839715742825e-05
7419.5			4.8526430319551825e-05
7420.4			4.8777025213230006e-05
7421.3			4.903022173151743e-05
7422.200000000001			4.928606060011384e-05
7423.1			4.9544583399201736e-05
7424.0			4.9805832585974836e-05
7424.9			5.00698515178831e-05
7425.8			5.033668447662103e-05
7426.700000000001			5.060637669288705e-05
7427.6			5.087897437194325e-05
7428.5			5.115452472000554e-05
7429.4			1.0
