3500.0			1.0
3500.9			1.0
3501.8			1.0
3502.7			1.0
3503.6			1.0
3504.5			1.0
3505.4			1.0
3506.3			1.0
3507.2			1.0
3508.1			1.0
3509.0			1.0
3509.9			1.0
3510.8			1.0
3511.7			1.0
3512.6			1.0
3513.5			1.0
3514.4			1.0
3515.3			1.0
3516.2			1.0
3517.1			1.0
3518.0			1.0
3518.9			1.0
3519.8			1.0
3520.7			1.0
3521.6			1.0
3522.5			1.0
3523.4			1.0
3524.3			1.0
3525.2			1.0
3526.1			1.0
3527.0			1.0
3527.9			1.0
3528.8			1.0
3529.7			1.0
3530.6			1.0
3531.5			1.0
3532.4			1.0
3533.3			1.0
3534.2			1.0
3535.1			1.0
3536.0			1.0
3536.9			1.0
3537.8			1.0
3538.7			1.0
3539.6			1.0
3540.5			1.0
3541.4			1.0
3542.3			1.0
3543.2			1.0
3544.1			1.0
3545.0			1.0
3545.9			1.0
3546.8			1.0
3547.7			1.0
3548.6			1.0
3549.5			1.0
3550.4			1.0
3551.3			1.0
3552.2			1.0
3553.1			1.0
3554.0			1.0
3554.9			1.0
3555.8			1.0
3556.7			1.0
3557.6			1.0
3558.5			1.0
3559.4			1.0
3560.3			1.0
3561.2			1.0
3562.1			1.0
3563.0			1.0
3563.9			1.0
3564.8			1.0
3565.7			1.0
3566.6			1.0
3567.5			1.0
3568.4			1.0
3569.3			1.0
3570.2			1.0
3571.1			1.0
3572.0			1.0
3572.9			1.0
3573.8			1.0
3574.7			1.0
3575.6			1.0
3576.5			1.0
3577.4			1.0
3578.3			1.0
3579.2			1.0
3580.1			1.0
3581.0			1.0
3581.9			1.0
3582.8			1.0
3583.7			1.0
3584.6			1.0
3585.5			1.0
3586.4			1.0
3587.3			1.0
3588.2			1.0
3589.1			1.0
3590.0			1.0
3590.9			1.0
3591.8			1.0
3592.7			1.0
3593.6			1.0
3594.5			1.0
3595.4			1.0
3596.3			1.0
3597.2			1.0
3598.1			1.0
3599.0			1.0
3599.9			1.0
3600.8			1.0
3601.7			1.0
3602.6			1.0
3603.5			1.0
3604.4			1.0
3605.3			1.0
3606.2			1.0
3607.1			1.0
3608.0			1.0
3608.9			1.0
3609.8			1.0
3610.7			1.0
3611.6			1.0
3612.5			1.0
3613.4			1.0
3614.3			1.0
3615.2			1.0
3616.1			1.0
3617.0			1.0
3617.9			1.0
3618.8			1.0
3619.7			1.0
3620.6			1.0
3621.5			1.0
3622.4			1.0
3623.3			1.0
3624.2			1.0
3625.1			1.0
3626.0			1.0
3626.9			1.0
3627.8			1.0
3628.7			1.0
3629.6			1.0
3630.5			1.0
3631.4			1.0
3632.3			1.0
3633.2			1.0
3634.1			1.0
3635.0			1.0
3635.9			1.0
3636.8			1.0
3637.7			1.0
3638.6			1.0
3639.5			1.0
3640.4			1.0
3641.3			1.0
3642.2			1.0
3643.1			1.0
3644.0			1.0
3644.9			1.0
3645.8			1.0
3646.7			1.0
3647.6			1.0
3648.5			1.0
3649.4			1.0
3650.3			1.0
3651.2			1.0
3652.1			1.0
3653.0			1.0
3653.9			1.0
3654.8			1.0
3655.7			1.0
3656.6			1.0
3657.5			1.0
3658.4			1.0
3659.3			1.0
3660.2			1.0
3661.1			1.0
3662.0			1.0
3662.9			1.0
3663.8			1.0
3664.7			1.0
3665.6			1.0
3666.5			1.0
3667.4			1.0
3668.3			1.0
3669.2			1.0
3670.1			1.0
3671.0			1.0
3671.9			1.0
3672.8			1.0
3673.7			1.0
3674.6			1.0
3675.5			1.0
3676.4			1.0
3677.3			1.0
3678.2			1.0
3679.1			1.0
3680.0			1.0
3680.9			1.0
3681.8			1.0
3682.7			1.0
3683.6			1.0
3684.5			1.0
3685.4			1.0
3686.3			1.0
3687.2			1.0
3688.1			1.0
3689.0			1.0
3689.9			1.0
3690.8			1.0
3691.7			1.0
3692.6			1.0
3693.5			1.0
3694.4			1.0
3695.3			1.0
3696.2			1.0
3697.1			1.0
3698.0			1.0
3698.9			1.0
3699.8			1.0
3700.7			1.0
3701.6			1.0
3702.5			1.0
3703.4			1.0
3704.3			1.0
3705.2			1.0
3706.1			1.0
3707.0			1.0
3707.9			1.0
3708.8			1.0
3709.7			1.0
3710.6			1.0
3711.5			1.0
3712.4			1.0
3713.3			1.0
3714.2			1.0
3715.1			1.0
3716.0			1.0
3716.9			1.0
3717.8			1.0
3718.7			1.0
3719.6			1.0
3720.5			1.0
3721.4			1.0
3722.3			1.0
3723.2			1.0
3724.1			1.0
3725.0			1.0
3725.9			1.0
3726.8			1.0
3727.7			1.0
3728.6			1.0
3729.5			1.0
3730.4			1.0
3731.3			1.0
3732.2			1.0
3733.1			1.0
3734.0			1.0
3734.9			1.0
3735.8			1.0
3736.7			1.0
3737.6			1.0
3738.5			1.0
3739.4			1.0
3740.3			1.0
3741.2			1.0
3742.1			1.0
3743.0			1.0
3743.9			1.0
3744.8			1.0
3745.7			1.0
3746.6			1.0
3747.5			1.0
3748.4			1.0
3749.3			1.0
3750.2			1.0
3751.1			1.0
3752.0			1.0
3752.9			1.0
3753.8			1.0
3754.7			1.0
3755.6			1.0
3756.5			1.0
3757.4			1.0
3758.3			1.0
3759.2			1.0
3760.1			1.0
3761.0			1.0
3761.9			1.0
3762.8			1.0
3763.7			1.0
3764.6			1.0
3765.5			1.0
3766.4			1.0
3767.3			1.0
3768.2			1.0
3769.1			1.0
3770.0			1.0
3770.9			1.0
3771.8			1.0
3772.7			1.0
3773.6			1.0
3774.5			1.0
3775.4			1.0
3776.3			1.0
3777.2			1.0
3778.1			1.0
3779.0			1.0
3779.9			1.0
3780.8			1.0
3781.7			1.0
3782.6			1.0
3783.5			1.0
3784.4			1.0
3785.3			1.0
3786.2			1.0
3787.1			1.0
3788.0			1.0
3788.9			1.0
3789.8			1.0
3790.7			1.0
3791.6			1.0
3792.5			1.0
3793.4			1.0
3794.3			1.0
3795.2			1.0
3796.1			1.0
3797.0			1.0
3797.9			1.0
3798.8			1.0
3799.7			1.0
3800.6			1.0
3801.5			1.0
3802.4			1.0
3803.3			1.0
3804.2			1.0
3805.1			1.0
3806.0			1.0
3806.9			1.0
3807.8			1.0
3808.7			1.0
3809.6			1.0
3810.5			1.0
3811.4			1.0
3812.3			1.0
3813.2			1.0
3814.1			1.0
3815.0			1.0
3815.9			1.0
3816.8			1.0
3817.7			1.0
3818.6			1.0
3819.5			1.0
3820.4			1.0
3821.3			1.0
3822.2			1.0
3823.1			1.0
3824.0			1.0
3824.9			1.0
3825.8			1.0
3826.7			1.0
3827.6			1.0
3828.5			1.0
3829.4			1.0
3830.3			1.0
3831.2			1.0
3832.1			1.0
3833.0			1.0
3833.9			1.0
3834.8			1.0
3835.7			1.0
3836.6			1.0
3837.5			1.0
3838.4			1.0
3839.3			1.0
3840.2			1.0
3841.1			1.0
3842.0			1.0
3842.9			1.0
3843.8			1.0
3844.7			1.0
3845.6			1.0
3846.5			1.0
3847.4			1.0
3848.3			1.0
3849.2			1.0
3850.1			1.0
3851.0			1.0
3851.9			1.0
3852.8			1.0
3853.7			1.0
3854.6			1.0
3855.5			1.0
3856.4			1.0
3857.3			1.0
3858.2			1.0
3859.1			1.0
3860.0			1.0
3860.9			1.0
3861.8			1.0
3862.7			1.0
3863.6			1.0
3864.5			1.0
3865.4			1.0
3866.3			1.0
3867.2			1.0
3868.1			1.0
3869.0			1.0
3869.9			1.0
3870.8			1.0
3871.7			1.0
3872.6			1.0
3873.5			1.0
3874.4			1.0
3875.3			1.0
3876.2			1.0
3877.1			1.0
3878.0			1.0
3878.9			1.0
3879.8			1.0
3880.7			1.0
3881.6			1.0
3882.5			1.0
3883.4			1.0
3884.3			1.0
3885.2			1.0
3886.1			1.0
3887.0			1.0
3887.9			1.0
3888.8			1.0
3889.7			1.0
3890.6			1.0
3891.5			1.0
3892.4			1.0
3893.3			1.0
3894.2			1.0
3895.1			1.0
3896.0			1.0
3896.9			1.0
3897.8			1.0
3898.7			1.0
3899.6			1.0
3900.5			1.0
3901.4			1.0
3902.3			1.0
3903.2			1.0
3904.1			1.0
3905.0			1.0
3905.9			1.0
3906.8			1.0
3907.7			1.0
3908.6			1.0
3909.5			1.0
3910.4			1.0
3911.3			1.0
3912.2			1.0
3913.1			1.0
3914.0			1.0
3914.9			1.0
3915.8			1.0
3916.7			1.0
3917.6			1.0
3918.5			1.0
3919.4			1.0
3920.3			1.0
3921.2			1.0
3922.1			1.0
3923.0			1.0
3923.9			1.0
3924.8			1.0
3925.7			1.0
3926.6			1.0
3927.5			1.0
3928.4			1.0
3929.3			1.0
3930.2			1.0
3931.1			1.0
3932.0			1.0
3932.9			1.0
3933.8			1.0
3934.7			1.0
3935.6			1.0
3936.5			1.0
3937.4			1.0
3938.3			1.0
3939.2			1.0
3940.1			1.0
3941.0			1.0
3941.9			1.0
3942.8			1.0
3943.7			1.0
3944.6			1.0
3945.5			1.0
3946.4			1.0
3947.3			1.0
3948.2			1.0
3949.1			1.0
3950.0			1.0
3950.9			1.0
3951.8			1.0
3952.7			1.0
3953.6			1.0
3954.5			1.0
3955.4			1.0
3956.3			1.0
3957.2			1.0
3958.1			1.0
3959.0			1.0
3959.9			1.0
3960.8			1.0
3961.7			1.0
3962.6			1.0
3963.5			1.0
3964.4			1.0
3965.3			1.0
3966.2			1.0
3967.1			1.0
3968.0			1.0
3968.9			1.0
3969.8			1.0
3970.7			1.0
3971.6			1.0
3972.5			1.0
3973.4			1.0
3974.3			1.0
3975.2			1.0
3976.1			1.0
3977.0			1.0
3977.9			1.0
3978.8			1.0
3979.7			1.0
3980.6			1.0
3981.5			1.0
3982.4			1.0
3983.3			1.0
3984.2			1.0
3985.1			1.0
3986.0			1.0
3986.9			1.0
3987.8			1.0
3988.7			1.0
3989.6			1.0
3990.5			1.0
3991.4			1.0
3992.3			1.0
3993.2			1.0
3994.1			1.0
3995.0			1.0
3995.9			1.0
3996.8			1.0
3997.7			1.0
3998.6			1.0
3999.5			1.0
4000.4			1.0
4001.3			1.0
4002.2			1.0
4003.1			1.0017298669490473
4004.0			0.9361776188480051
4004.9			0.8516365267080532
4005.8			0.8339508760520905
4006.7			0.8949147360288223
4007.6			0.9693671432004789
4008.5			1.001881849915266
4009.4			1.0
4010.3			1.0
4011.2			1.0
4012.1			1.0
4013.0			1.0
4013.9			1.0
4014.8			1.0
4015.7			1.0
4016.6			1.0
4017.5			1.0
4018.4			1.0
4019.3			1.0
4020.2			1.0
4021.1			1.0
4022.0			1.0
4022.9			1.0
4023.8			1.0
4024.7			1.0
4025.6			1.0179934059660796
4026.5			1.050621823216396
4027.4			1.0629080605893426
4028.3			1.0545434496528237
4029.2			1.0091357698068557
4030.1			0.9350145060446103
4031.0			0.8909481707206715
4031.9			0.8882584972865669
4032.8			0.8906934593118285
4033.7			0.895962957945453
4034.6			0.918916413994723
4035.5			0.9549955340957069
4036.4			0.997576347125022
4037.3			1.0
4038.2			1.0
4039.1			1.0
4040.0			1.0
4040.9			1.0
4041.8			1.0
4042.7			1.014932017524375
4043.6			0.9507068818648381
4044.5			0.82925042707088
4045.4			0.7523615038448432
4046.3			0.8070767150145889
4047.2			0.9322942020882479
4048.1			0.9998767375330959
4049.0			1.0
4049.9			1.0
4050.8			1.0
4051.7			1.0
4052.6			1.0
4053.5			1.0
4054.4			1.0
4055.3			1.0
4056.2			1.0
4057.1			1.0
4058.0			1.0
4058.9			1.0
4059.8			1.0
4060.7			1.030729270797977
4061.6			0.9955516583921509
4062.5			0.9089760417705722
4063.4			0.860961128775672
4064.3			0.9114342518771095
4065.2			0.9847650266109739
4066.1			1.0004007742009917
4067.0			1.0
4067.9			1.0
4068.8			1.0
4069.7			1.0
4070.6			1.0
4071.5			1.0
4072.4			1.0
4073.3			1.0
4074.2			1.012696135847548
4075.1			0.9732398944754641
4076.0			0.9102232874008567
4076.9			0.8507078891822827
4077.8			0.8329322637795031
4078.7			0.8678930916215183
4079.6			0.9282501015375283
4080.5			0.9826690376790846
4081.4			0.9972087948930178
4082.3			1.0
4083.2			1.0
4084.1			1.0
4085.0			1.0
4085.9			1.0
4086.8			1.0
4087.7			1.0
4088.6			1.0
4089.5			1.0
4090.4			1.0
4091.3			1.0
4092.2			1.0
4093.1			1.0
4094.0			1.0
4094.9			1.0
4095.8			1.0
4096.7			0.9767371041098267
4097.6			0.9618997106504514
4098.5			0.9426467119498637
4099.4			0.8851206286048646
4100.3			0.7678636099872392
4101.2			0.6593096218898729
4102.1			0.6641277163895991
4103.0			0.7676085281131564
4103.9			0.8729281281345042
4104.8			0.9460644166101819
4105.7			0.999717108293899
4106.6			1.0
4107.5			1.0
4108.4			1.0
4109.3			1.0
4110.2			1.0
4111.1			1.0
4112.0			1.0
4112.9			1.0
4113.8			1.0
4114.7			1.0
4115.6			1.0
4116.5			1.0
4117.4			1.0
4118.3			1.0
4119.2			1.0
4120.1			1.0
4121.0			1.0
4121.9			1.0
4122.8			1.0
4123.7			1.0
4124.6			1.0
4125.5			1.0
4126.4			1.0
4127.3			1.0
4128.2			0.9918126090765974
4129.1			1.003261192992604
4130.0			1.0039798902427008
4130.9			0.9695633940758627
4131.8			0.9184726218861522
4132.7			0.8916010293636203
4133.6			0.8944554152943153
4134.5			0.9241848572134809
4135.4			0.9738711851688168
4136.3			0.9979914181130107
4137.2			0.9963343777204607
4138.1			1.0
4139.0			1.0
4139.9			1.0
4140.8			0.9864318261064751
4141.7			0.943581898547806
4142.6			0.875650622123792
4143.5			0.8430315604175114
4144.4			0.8897683665922191
4145.3			0.9650194490871788
4146.2			1.0033593413916169
4147.1			1.0
4148.0			1.0
4148.9			0.9786669847615462
4149.8			0.9684908641467566
4150.7			0.9830983563492824
4151.6			0.996986602946741
4152.5			0.9819779872069924
4153.4			0.9431386210581176
4154.3			0.9236613659628803
4155.2			0.9400399572133356
4156.1			0.9558217441837539
4157.0			0.9571573158096809
4157.9			0.9651845511540559
4158.8			0.9862813644927554
4159.7			1.0003450408234633
4160.6			1.0
4161.5			1.0
4162.4			1.0
4163.3			1.0
4164.2			1.0
4165.1			1.0
4166.0			1.0
4166.9			1.0
4167.8			1.0
4168.7			1.0270343661254036
4169.6			1.0411907166595258
4170.5			1.0049288502975124
4171.4			0.9316427702542001
4172.3			0.8820717886126137
4173.2			0.8933542258349487
4174.1			0.9372050531282259
4175.0			0.977956465116215
4175.9			0.9989416669731862
4176.8			1.0
4177.7			1.0
4178.6			1.0
4179.5			1.0
4180.4			1.0
4181.3			1.0
4182.2			1.0
4183.1			1.0
4184.0			1.0
4184.9			1.0149670189592588
4185.8			0.9935012829693195
4186.7			0.9340192801745776
4187.6			0.9115053644661328
4188.5			0.9444465978596557
4189.4			1.0
4190.3			1.0138279738798501
4191.2			0.999460371200884
4192.1			1.0184953494876723
4193.0			1.062842379115256
4193.9			1.0590160775562887
4194.8			1.009111029419754
4195.7			0.9813277133390083
4196.6			0.976790411440425
4197.5			0.9365318047543397
4198.4			0.8963924082067107
4199.3			0.9182397296734911
4200.2			0.9433508326209902
4201.1			0.9275041166699073
4202.0			0.9203953250920748
4202.9			0.9447370614111749
4203.8			0.9690430008713962
4204.7			0.9771942477929567
4205.6			0.9843345210441002
4206.5			1.0001888938524242
4207.4			1.0
4208.3			1.0
4209.2			1.0
4210.1			1.0
4211.0			1.0
4211.9			1.0
4212.8			1.0072628869608307
4213.7			0.9926573978562029
4214.6			0.9578627222849129
4215.5			0.9167418792164873
4216.4			0.9097850145053724
4217.3			0.9371961472929712
4218.2			0.9601547513763231
4219.1			0.9770736339514678
4220.0			1.0010129001286947
4220.9			1.0
4221.8			1.0
4222.7			1.0
4223.6			0.9482432951194598
4224.5			0.8765964846003711
4225.4			0.7698504154127629
4226.3			0.6807864561141004
4227.2			0.7240809248712367
4228.1			0.8806298087946421
4229.0			0.9998101391938643
4229.9			1.0
4230.8			1.0
4231.7			0.9854430643617788
4232.6			0.9609576308401457
4233.5			0.9572510855719739
4234.4			0.9577867700817828
4235.3			0.9225173308007735
4236.2			0.8909525124432588
4237.1			0.910588829834322
4238.0			0.9412504251043995
4238.9			0.9477263778067038
4239.8			0.9624133091916729
4240.7			0.9986634619867143
4241.6			1.0
4242.5			1.0
4243.4			1.0
4244.3			1.0
4245.2			1.0166830479783033
4246.1			0.9852758663110387
4247.0			0.9423841630179167
4247.9			0.9222646870298573
4248.8			0.9174079347297275
4249.7			0.9175784668178799
4250.6			0.9533029578769151
4251.5			1.032090184132245
4252.4			1.0811912207467425
4253.3			1.0520617662654734
4254.2			1.0044218910683396
4255.1			1.0
4256.0			1.0
4256.9			1.0
4257.8			0.9754597489158705
4258.7			0.9081437982887579
4259.6			0.8408527451689067
4260.5			0.8210109185790966
4261.4			0.8724060383311409
4262.3			0.9525080994518246
4263.2			0.9999186875026533
4264.1			1.0
4265.0			1.0
4265.9			0.9973224787384994
4266.8			0.9748573048060224
4267.7			0.9557940044621852
4268.6			0.9491551519818964
4269.5			0.918850646381127
4270.4			0.8451096316608188
4271.3			0.7881359160006302
4272.2			0.8120851768314968
4273.1			0.8565194606926063
4274.0			0.8563921698067485
4274.9			0.8689786610760893
4275.8			0.9330233196658714
4276.7			1.001046963263347
4277.6			1.0
4278.5			1.0
4279.4			1.0
4280.3			1.0
4281.2			1.0
4282.1			1.0
4283.0			1.0
4283.9			1.0
4284.8			1.0
4285.7			1.0
4286.6			1.0
4287.5			1.0095557059828495
4288.4			0.9616113407986872
4289.3			0.891572709188837
4290.2			1.0
4291.1			1.062293393328343
4292.0			1.147174160871779
4292.9			1.1920233688911432
4293.8			1.1706505359972479
4294.7			1.135448056273603
4295.6			1.1093122096104737
4296.5			1.0643776418532156
4297.4			0.9997143357615198
4298.3			0.9205488000384262
4299.2			0.8456338493883584
4300.1			0.8332431485573587
4301.0			0.8691364445343792
4301.9			0.8745544705481887
4302.8			0.8663652406533175
4303.7			0.8957828319121086
4304.6			0.9337842553840817
4305.5			0.9495065236663796
4306.4			0.9252445142091135
4307.3			0.8498200664924145
4308.2			0.7926947323972874
4309.1			0.8114443359118708
4310.0			0.8584943738842951
4310.9			0.8912016718948225
4311.8			0.9332010840996741
4312.7			1.0091057317292578
4313.6			1.0939293440939553
4314.5			1.1823145030597713
4315.4			1.298165363012617
4316.3			1.3998074303126251
4317.2			1.4344117831394985
4318.1			1.426144399638516
4319.0			1.4135112545771773
4319.9			1.3955820201638935
4320.8			1.0
4321.7			0.9641855461416506
4322.6			0.8923634792588652
4323.5			0.797128278002462
4324.4			0.7331295261335706
4325.3			0.7252978224359103
4326.2			0.7892673827243774
4327.1			0.8981994297078242
4328.0			0.9774003314695798
4328.9			0.9998880352842938
4329.8			1.0
4330.7			1.0
4331.6			1.0
4332.5			1.0
4333.4			1.0
4334.3			1.0
4335.2			0.9932000901396657
4336.1			0.9451199158218552
4337.0			0.8614187634887273
4337.9			0.7833233254187595
4338.8			0.7076526016265225
4339.7			0.6265057006397367
4340.6			0.6142292661262075
4341.5			0.7086176101339859
4342.4			0.8171802961579197
4343.3			0.8729588585225264
4344.2			0.9148654889831591
4345.1			0.9667551315465501
4346.0			0.9999496731338138
4346.9			1.0
4347.8			1.0
4348.7			1.0
4349.6			1.0001109647092272
4350.5			0.9370212588150523
4351.4			0.8612475610629516
4352.3			0.8612267558648398
4353.2			0.9288669518132983
4354.1			0.9813042528196099
4355.0			1.0000176784534442
4355.9			1.0
4356.8			1.0
4357.7			1.0
4358.6			1.0
4359.5			1.0
4360.4			1.0
4361.3			1.0
4362.2			1.0
4363.1			1.0
4364.0			1.0
4364.9			1.0
4365.8			1.0
4366.7			1.0
4367.6			1.0
4368.5			1.0
4369.4			1.0
4370.3			1.0
4371.2			1.0
4372.1			0.9981705965523305
4373.0			0.9737470691415342
4373.9			0.9247283626595755
4374.8			0.8926197281355979
4375.7			0.9097671023575326
4376.6			0.959582697735292
4377.5			1.0010305598335119
4378.4			1.0
4379.3			1.0
4380.2			1.0
4381.1			0.9959071387147878
4382.0			0.92059379433542
4382.9			0.7935216842749943
4383.8			0.7376280975907934
4384.7			0.8045614487588558
4385.6			0.9192851564940906
4386.5			0.993217576691744
4387.4			1.0
4388.3			1.0
4389.2			1.0
4390.1			1.0
4391.0			1.0
4391.9			1.0
4392.8			1.0
4393.7			1.0
4394.6			1.0
4395.5			1.0
4396.4			1.0
4397.3			1.0
4398.2			1.0
4399.1			1.0
4400.0			1.0
4400.9			1.0
4401.8			1.0415062884440263
4402.7			1.0551662798411192
4403.6			0.9864603523509852
4404.5			0.9093165788148198
4405.4			0.9241756262454679
4406.3			0.9851822935136583
4407.2			0.9934412182368801
4408.1			1.0
4409.0			1.0
4409.9			1.0
4410.8			1.0
4411.7			1.024407527428661
4412.6			1.0360101240109747
4413.5			0.9986978781540554
4414.4			0.9220547831996173
4415.3			0.8804015279517085
4416.2			0.9014046550085539
4417.1			0.9326686704299095
4418.0			0.9586651272937794
4418.9			0.9991768802886337
4419.8			1.0
4420.7			1.0
4421.6			1.0
4422.5			1.0
4423.4			1.0
4424.3			1.0
4425.2			1.0
4426.1			1.0
4427.0			1.0
4427.9			1.0
4428.8			1.0
4429.7			1.0
4430.6			1.0
4431.5			1.0
4432.4			1.001383481427906
4433.3			0.9715900978196877
4434.2			0.9165487315046754
4435.1			0.886342016552852
4436.0			0.918362743633785
4436.9			0.9730599917012074
4437.8			1.0006209434753714
4438.7			1.0
4439.6			1.0
4440.5			1.0
4441.4			1.0
4442.3			1.0
4443.2			1.0
4444.1			1.0
4445.0			1.0
4445.9			1.0174021534588518
4446.8			0.9956115547729578
4447.7			0.9814096337236091
4448.6			0.9900798417798298
4449.5			0.9912035271758556
4450.4			0.9842958497197845
4451.3			0.9968180283868735
4452.2			1.0051067509178193
4453.1			0.973161456837511
4454.0			0.9150740043201631
4454.9			0.8743778038320523
4455.8			0.8833661193020196
4456.7			0.9225385580259697
4457.6			0.9410587646076433
4458.5			0.9333846033076894
4459.4			0.9333308784859607
4460.3			0.9422755830575783
4461.2			0.9389997727255232
4462.1			0.9469735462309115
4463.0			0.9799021954344359
4463.9			0.9999688451952865
4464.8			1.0
4465.7			1.0
4466.6			1.0
4467.5			1.0
4468.4			1.0
4469.3			1.0
4470.2			1.0
4471.1			1.0
4472.0			1.0
4472.9			1.0
4473.8			1.0
4474.7			1.0
4475.6			1.0
4476.5			1.0
4477.4			1.0227420974457397
4478.3			1.0255160112138446
4479.2			0.9938747981113236
4480.1			0.9450350905120284
4481.0			0.9073796170797954
4481.9			0.9090247040784216
4482.8			0.9466059713742304
4483.7			0.9827891453757002
4484.6			1.0005366956567643
4485.5			1.0
4486.4			1.0
4487.3			1.0
4488.2			1.0
4489.1			1.0
4490.0			1.0
4490.9			1.0
4491.8			1.0
4492.7			1.0
4493.6			1.0
4494.5			1.0
4495.4			1.0
4496.3			1.0
4497.2			1.0
4498.1			1.0
4499.0			1.0
4499.9			1.0
4500.8			1.0
4501.7			1.0
4502.6			1.0
4503.5			1.0
4504.4			1.0
4505.3			1.0
4506.2			1.0
4507.1			1.0
4508.0			1.0
4508.9			1.0
4509.8			1.0
4510.7			1.0
4511.6			1.0
4512.5			1.0
4513.4			1.0
4514.3			1.0
4515.2			1.0
4516.1			1.0
4517.0			1.0
4517.9			1.0
4518.8			1.0
4519.7			1.0
4520.6			1.0
4521.5			1.0
4522.4			1.0
4523.3			0.9929363988705081
4524.2			0.9939209121842547
4525.1			0.9774103436333154
4526.0			0.9514033275458906
4526.9			0.9313532766846219
4527.8			0.9158667287612748
4528.7			0.9094209397086909
4529.6			0.9213431334981316
4530.5			0.9420131302367658
4531.4			0.9640103838038308
4532.3			0.9690636054946401
4533.2			0.940684682446666
4534.1			0.9112277594047548
4535.0			0.912549147296327
4535.9			0.9490159527017735
4536.8			1.0063769686365795
4537.7			1.0467054709372459
4538.6			1.0529302423120852
4539.5			1.040874507510953
4540.4			1.0272988323623882
4541.3			1.028806764699036
4542.2			1.0440218494075355
4543.1			1.0440776534141276
4544.0			1.0209792068572687
4544.9			1.0
4545.8			0.9966434488569513
4546.7			1.0024466131323704
4547.6			0.9980900911955365
4548.5			0.9674634706749525
4549.4			0.9394838882320319
4550.3			0.9579704874541575
4551.2			0.998264901111295
4552.1			1.0120720962651906
4553.0			1.0000072272869636
4553.9			1.0
4554.8			1.0
4555.7			1.0
4556.6			1.0
4557.5			1.0
4558.4			1.0
4559.3			1.0
4560.2			1.0
4561.1			1.0
4562.0			1.0
4562.9			1.0
4563.8			1.0
4564.7			1.0
4565.6			1.0
4566.5			1.0
4567.4			1.0
4568.3			1.0
4569.2			1.0
4570.1			1.0
4571.0			1.0
4571.9			1.0
4572.8			1.0
4573.7			1.0
4574.6			1.0
4575.5			1.0
4576.4			1.0
4577.3			1.0
4578.2			1.0
4579.1			1.0
4580.0			1.0
4580.9			1.0
4581.8			1.0
4582.7			1.0
4583.6			1.0
4584.5			1.0
4585.4			1.0
4586.3			1.0
4587.2			1.0
4588.1			1.0
4589.0			1.0
4589.9			1.0
4590.8			1.0
4591.7			1.0
4592.6			1.0
4593.5			1.0
4594.4			1.0
4595.3			1.0
4596.2			1.0
4597.1			1.0
4598.0			1.0
4598.9			1.0
4599.8			1.0
4600.7			1.0
4601.6			1.0
4602.5			1.0
4603.4			1.0
4604.3			1.0
4605.2			1.0
4606.1			1.0
4607.0			1.0
4607.9			1.0
4608.8			1.0
4609.7			1.0
4610.6			1.0
4611.5			1.0
4612.4			1.0
4613.3			1.0
4614.2			1.0
4615.1			1.0
4616.0			1.0
4616.9			1.0
4617.8			1.0
4618.7			1.0
4619.6			1.0
4620.5			1.0
4621.4			1.0
4622.3			1.0
4623.2			1.0
4624.1			1.0
4625.0			1.0
4625.9			1.0
4626.8			1.0
4627.7			1.0
4628.6			1.0
4629.5			1.0
4630.4			1.0
4631.3			1.0
4632.2			1.0
4633.1			1.0
4634.0			1.0
4634.9			1.0
4635.8			1.0
4636.7			1.0
4637.6			1.0
4638.5			1.0
4639.4			1.0
4640.3			1.0
4641.2			1.0
4642.1			1.0
4643.0			1.0
4643.9			1.0
4644.8			1.0
4645.7			1.0
4646.6			1.0
4647.5			1.0
4648.4			1.0
4649.3			1.0
4650.2			1.0
4651.1			1.0
4652.0			1.0
4652.9			1.0
4653.8			1.0
4654.7			1.0
4655.6			1.0
4656.5			1.0
4657.4			1.0
4658.3			1.0
4659.2			1.0
4660.1			1.0
4661.0			1.0
4661.9			1.0
4662.8			0.9849452201075845
4663.7			0.9843668655765279
4664.6			0.9895828156515565
4665.5			0.9758822636147002
4666.4			0.9356615792526587
4667.3			0.8981673398410298
4668.2			0.9008931529622547
4669.1			0.9375840071275905
4670.0			0.974105230556471
4670.9			0.9961165347727756
4671.8			1.0015138774974968
4672.7			1.0
4673.6			1.0
4674.5			1.0
4675.4			1.0
4676.3			1.0
4677.2			1.0
4678.1			1.0
4679.0			1.0
4679.9			1.0
4680.8			1.0
4681.7			1.0
4682.6			1.0
4683.5			1.0
4684.4			1.0
4685.3			1.0
4686.2			1.0
4687.1			1.0
4688.0			1.0
4688.9			1.0
4689.8			1.0
4690.7			1.0
4691.6			1.0
4692.5			1.0
4693.4			1.0
4694.3			1.0
4695.2			1.0
4696.1			1.0
4697.0			1.0
4697.9			1.0
4698.8			1.0
4699.7			1.0023961142258986
4700.6			1.006007915186906
4701.5			0.9837462267588865
4702.4			0.9451104966749404
4703.3			0.935101859457374
4704.2			0.9712070680955143
4705.1			1.0139664263168275
4706.0			1.0228423307240941
4706.9			1.0014617284205962
4707.8			1.0
4708.7			1.0
4709.6			1.0
4710.5			1.0
4711.4			1.0
4712.3			1.0
4713.2			1.0
4714.1			1.0
4715.0			1.0
4715.9			1.0
4716.8			1.0
4717.7			1.0
4718.6			1.0
4719.5			1.0
4720.4			1.0
4721.3			1.0
4722.2			1.0
4723.1			1.0
4724.0			1.0
4724.9			1.0
4725.8			1.0
4726.7			1.0
4727.6			1.0
4728.5			1.0
4729.4			1.0
4730.3			1.0
4731.2			1.0
4732.1			1.0
4733.0			1.0
4733.9			1.0
4734.8			1.0
4735.7			1.0
4736.6			1.0
4737.5			1.0
4738.4			1.0
4739.3			1.0
4740.2			1.0
4741.1			1.0
4742.0			1.0
4742.9			1.0
4743.8			1.0
4744.7			1.0
4745.6			1.0
4746.5			1.0
4747.4			1.0
4748.3			1.0
4749.2			1.0
4750.1			1.0
4751.0			1.0
4751.9			1.0
4752.8			1.0
4753.7			1.0
4754.6			1.0
4755.5			1.0
4756.4			1.0
4757.3			1.0
4758.2			1.0
4759.1			1.0
4760.0			1.0
4760.9			1.0
4761.8			1.0
4762.7			1.0
4763.6			1.0
4764.5			1.0
4765.4			1.0
4766.3			1.0
4767.2			1.0
4768.1			1.0
4769.0			1.0
4769.9			1.0
4770.8			1.0
4771.7			1.0
4772.6			1.0
4773.5			1.0
4774.4			1.0
4775.3			1.0
4776.2			1.0
4777.1			1.0
4778.0			1.0
4778.9			1.0
4779.8			1.0
4780.7			1.0
4781.6			1.0
4782.5			1.0
4783.4			1.0
4784.3			1.0
4785.2			1.0
4786.1			1.0
4787.0			1.0
4787.9			1.0
4788.8			1.0
4789.7			1.0
4790.6			1.0
4791.5			1.0
4792.4			1.0
4793.3			1.0
4794.2			1.0
4795.1			1.0
4796.0			1.0
4796.9			1.0
4797.8			1.0
4798.7			1.0
4799.6			1.0
4800.5			1.0
4801.4			1.0
4802.3			1.0
4803.2			1.0
4804.1			1.0
4805.0			1.0
4805.9			1.0
4806.8			1.0
4807.7			1.0
4808.6			1.0
4809.5			1.0
4810.4			1.0
4811.3			1.0
4812.2			1.0
4813.1			1.0
4814.0			1.0
4814.9			1.0
4815.8			1.0
4816.7			1.0
4817.6			1.0
4818.5			1.0
4819.4			1.0
4820.3			1.0
4821.2			1.0
4822.1			1.0
4823.0			1.0
4823.9			1.0
4824.8			1.0
4825.7			1.0
4826.6			1.0
4827.5			1.0
4828.4			1.0
4829.3			1.0
4830.2			1.0
4831.1			1.0
4832.0			1.0
4832.9			1.0
4833.8			1.0
4834.7			1.0
4835.6			1.0
4836.5			1.0
4837.4			1.0
4838.3			1.0
4839.2			1.0
4840.1			1.0
4841.0			1.0
4841.9			1.0
4842.8			1.0
4843.7			1.0
4844.6			1.0
4845.5			1.0
4846.4			1.0
4847.3			1.0
4848.2			1.0
4849.1			1.0
4850.0			1.0
4850.9			1.0
4851.8			1.0
4852.7			1.0
4853.6			1.0
4854.5			1.0
4855.4			1.0
4856.3			1.0
4857.2			1.0073802239792902
4858.1			0.9806917268442761
4859.0			0.9021402106422042
4859.9			0.7772186033554218
4860.8			0.6594383157173093
4861.7			0.649280858577558
4862.6			0.7569098485009468
4863.5			0.874968179466958
4864.4			0.9400493486173279
4865.3			0.9731709366420997
4866.2			0.9996901145343474
4867.1			1.0
4868.0			1.0
4868.9			1.0
4869.8			1.0
4870.7			1.0
4871.6			1.0
4872.5			1.0
4873.4			1.0
4874.3			1.0
4875.2			1.0
4876.1			1.0
4877.0			1.0
4877.9			1.0
4878.8			1.0
4879.7			1.0
4880.6			1.0
4881.5			1.0
4882.4			1.0
4883.3			1.0
4884.2			1.0
4885.1			1.0
4886.0			1.0
4886.9			1.0
4887.8			0.99264202849621
4888.7			0.9802895859571014
4889.6			0.9553740474764596
4890.5			0.91248342445477
4891.4			0.8896340802734861
4892.3			0.9237087033329143
4893.2			0.9754698629626708
4894.1			0.997796416711416
4895.0			0.9945226219108629
4895.9			1.0
4896.8			1.0
4897.7			1.0
4898.6			1.0
4899.5			1.0
4900.4			1.0
4901.3			1.0
4902.2			1.0
4903.1			1.0
4904.0			1.0
4904.9			1.0
4905.8			1.0
4906.7			1.0
4907.6			1.0
4908.5			1.0
4909.4			1.0
4910.3			1.0
4911.2			1.0
4912.1			1.0
4913.0			1.0
4913.9			1.0
4914.8			1.0
4915.7			1.0120811714805014
4916.6			1.0007904893499748
4917.5			0.9653905406970387
4918.4			0.9188230705227621
4919.3			0.8858029453678912
4920.2			0.8850214858703966
4921.1			0.9209642077754402
4922.0			0.9718172691377698
4922.9			0.9966211445825864
4923.8			0.9939241321033032
4924.7			1.0041658292853437
4925.6			1.0
4926.5			1.0
4927.4			1.0
4928.3			1.0
4929.2			1.0
4930.1			1.0
4931.0			1.0
4931.9			1.0
4932.8			1.0
4933.7			1.0
4934.6			1.0
4935.5			1.023907047046745
4936.4			1.0234432653215115
4937.3			0.9911960536867647
4938.2			0.9508927785042331
4939.1			0.9347572404595973
4940.0			0.9574618028483564
4940.9			0.9889006103549661
4941.8			0.9974936710229237
4942.7			0.9924748247902109
4943.6			1.0
4944.5			1.0
4945.4			1.0
4946.3			1.0
4947.2			1.0
4948.1			1.0
4949.0			1.0
4949.9			1.0
4950.8			1.0
4951.7			1.0
4952.6			1.0
4953.5			1.0
4954.4			1.0
4955.3			0.9885916287474599
4956.2			0.9342644150425027
4957.1			0.864239411159875
4958.0			0.8609452787459315
4958.9			0.9286287916447452
4959.8			0.9863491443427493
4960.7			0.9969533252058973
4961.6			1.0
4962.5			1.0
4963.4			1.0
4964.3			1.0
4965.2			1.0
4966.1			1.0
4967.0			1.0
4967.9			1.0
4968.8			1.0
4969.7			1.0
4970.6			1.0
4971.5			1.0
4972.4			1.0
4973.3			1.0
4974.2			1.0
4975.1			1.0
4976.0			1.0
4976.9			1.0
4977.8			1.0
4978.7			0.9849562173991074
4979.6			0.9759827623917946
4980.5			0.9626783027454783
4981.4			0.9341706368598321
4982.3			0.9003740425545849
4983.2			0.8828855740031176
4984.1			0.8905445643724599
4985.0			0.9157357917970732
4985.9			0.9507134419192985
4986.8			0.9834173447082207
4987.7			1.0000632073629563
4988.6			1.0
4989.5			1.0
4990.4			1.0
4991.3			1.0
4992.2			1.0
4993.1			1.0
4994.0			1.0
4994.9			1.0
4995.8			1.0
4996.7			1.0
4997.6			1.0
4998.5			1.0
4999.4			1.0
5000.3			1.0
5001.2			1.0
5002.1			1.0
5003.0			1.0
5003.9			1.0
5004.8			1.0
5005.7			0.9597781718706246
5006.6			0.953772288317331
5007.5			0.9942505821211944
5008.4			1.0434997648318014
5009.3			1.0631217661235461
5010.2			1.0502356840478784
5011.1			1.0182197146191703
5012.0			0.9837512131214886
5012.9			0.9597256716761143
5013.8			0.9449044666223224
5014.7			0.9521330350518574
5015.6			0.9798965222511457
5016.5			0.9892533773239545
5017.4			0.9679378016471767
5018.3			0.9568325183953478
5019.2			0.9796406733963242
5020.1			1.0061882337101011
5021.0			1.0107574050167187
5021.9			1.0000792418911943
5022.8			1.0
5023.7			1.0
5024.6			1.0
5025.5			1.0
5026.4			1.0
5027.3			1.0
5028.2			1.0
5029.1			1.0
5030.0			1.0
5030.9			1.0
5031.8			1.0
5032.7			1.0
5033.6			1.0
5034.5			1.0
5035.4			1.0
5036.3			1.0
5037.2			1.0
5038.1			0.9960766987035282
5039.0			0.9692193423647395
5039.9			0.9282199245601759
5040.8			0.8830908788634521
5041.7			0.877498458624269
5042.6			0.9221756734078786
5043.5			0.9687927212564917
5044.4			0.9916382057313273
5045.3			0.9996658220735618
5046.2			1.0
5047.1			1.0
5048.0			1.0
5048.9			1.0
5049.8			1.0
5050.7			1.0
5051.6			1.0
5052.5			1.0
5053.4			1.0
5054.3			1.0
5055.2			1.0
5056.1			1.0
5057.0			1.0
5057.9			1.0
5058.8			1.0
5059.7			1.0
5060.6			1.0
5061.5			1.0
5062.4			1.0
5063.3			1.0
5064.2			1.0
5065.1			1.0
5066.0			1.0
5066.9			1.0
5067.8			1.0
5068.7			1.0
5069.6			1.0
5070.5			1.0
5071.4			1.0
5072.3			1.0
5073.2			1.0
5074.1			1.0
5075.0			0.9960574170135752
5075.9			1.00031295020151
5076.8			1.0092476856097436
5077.7			0.9983276321199778
5078.6			0.9549725504497667
5079.5			0.9099676374644835
5080.4			0.905424793131949
5081.3			0.934043452161867
5082.2			0.953034071505271
5083.1			0.9514820350968634
5084.0			0.9582701876296831
5084.9			0.982496396524535
5085.8			0.9992067905653116
5086.7			1.0
5087.6			1.0
5088.5			1.0
5089.4			1.0
5090.3			1.0
5091.2			1.0
5092.1			1.0
5093.0			1.0
5093.9			1.0
5094.8			1.0
5095.7			0.9849448978728395
5096.6			0.9620995483252638
5097.5			0.9337058239818432
5098.4			0.9056105342609675
5099.3			0.9045289391026156
5100.2			0.9389664322613812
5101.1			0.9794767912862791
5102.0			0.9999748283450448
5102.9			1.0006476812760436
5103.8			1.0
5104.7			1.0
5105.6			1.0
5106.5			1.0
5107.4			1.0
5108.3			1.0
5109.2			1.0
5110.1			1.0
5111.0			1.0
5111.9			1.0
5112.8			1.0
5113.7			1.0
5114.6			1.0
5115.5			1.0
5116.4			1.0
5117.3			1.0
5118.2			1.0
5119.1			1.0
5120.0			1.0
5120.9			1.0
5121.8			1.0
5122.7			1.0
5123.6			1.0
5124.5			1.0
5125.4			1.0
5126.3			1.0
5127.2			1.0
5128.1			1.0
5129.0			1.0
5129.9			1.0
5130.8			1.0
5131.7			1.0
5132.6			1.0
5133.5			1.0
5134.4			1.0
5135.3			1.0
5136.2			1.0
5137.1			1.0
5138.0			1.0
5138.9			1.0
5139.8			1.0
5140.7			1.0
5141.6			1.0
5142.5			1.0
5143.4			1.0
5144.3			1.0
5145.2			1.0
5146.1			1.0
5147.0			1.0
5147.9			1.0
5148.8			1.0
5149.7			1.0
5150.6			1.0
5151.5			1.0
5152.4			1.0
5153.3			1.0
5154.2			1.0
5155.1			1.0
5156.0			1.0
5156.9			1.0
5157.8			1.0
5158.7			1.0
5159.6			1.0
5160.5			1.0
5161.4			1.0
5162.3			1.0
5163.2			1.0
5164.1			1.0
5165.0			1.0
5165.9			1.0
5166.8			1.0
5167.7			1.0
5168.6			1.0
5169.5			1.0761243550106607
5170.4			1.081094549390934
5171.3			0.9572507585780661
5172.2			0.8067626465448359
5173.1			0.7936112272129843
5174.0			0.9097786249756594
5174.9			1.013901739049487
5175.8			1.0
5176.7			1.0
5177.6			1.0
5178.5			1.0
5179.4			1.0
5180.3			1.0
5181.2			0.9609854503202082
5182.1			0.8558334979564854
5183.0			0.7136067051691125
5183.9			0.6715538411654989
5184.8			0.781119950756763
5185.7			0.9237235411592541
5186.6			0.9992327092860366
5187.5			1.0
5188.4			1.0
5189.3			1.0
5190.2			1.0
5191.1			1.0
5192.0			1.0
5192.9			1.0
5193.8			1.0
5194.7			1.0
5195.6			1.0
5196.5			1.0
5197.4			1.0
5198.3			1.0
5199.2			1.0
5200.1			1.0
5201.0			1.0
5201.9			1.0
5202.8			1.0
5203.7			1.0
5204.6			1.0
5205.5			1.0
5206.4			1.0
5207.3			1.0
5208.2			1.0
5209.1			1.0
5210.0			1.0
5210.9			1.0
5211.8			1.0
5212.7			1.0
5213.6			1.0
5214.5			1.0
5215.4			1.0
5216.3			1.0
5217.2			1.0
5218.1			1.0
5219.0			1.0
5219.9			1.0
5220.8			1.0
5221.7			1.0
5222.6			1.0
5223.5			1.0
5224.4			0.975358431631175
5225.3			0.9359345733107045
5226.2			0.8854933006881232
5227.1			0.8702911203547468
5228.0			0.9191563204926902
5228.9			0.9726410264442048
5229.8			0.9971940603937066
5230.7			1.0
5231.6			1.0
5232.5			1.0
5233.4			1.0
5234.3			1.0
5235.2			1.0
5236.1			1.0
5237.0			1.0
5237.9			1.0
5238.8			1.0
5239.7			1.0
5240.6			1.0
5241.5			1.0
5242.4			1.0
5243.3			1.0
5244.2			1.0
5245.1			1.0
5246.0			1.0
5246.9			1.0
5247.8			1.0
5248.7			1.0
5249.6			1.0
5250.5			1.0
5251.4			1.0
5252.3			1.0
5253.2			1.0
5254.1			1.0
5255.0			1.0
5255.9			1.0
5256.8			1.0
5257.7			1.0
5258.6			1.0
5259.5			1.0
5260.4			0.9762930919673981
5261.3			0.941295627358168
5262.2			0.9081582032233496
5263.1			0.8894377503829858
5264.0			0.8779380748091877
5264.9			0.8659368468928798
5265.8			0.8640275370236963
5266.7			0.8917554201978403
5267.6			0.9199144885128537
5268.5			0.8916076812900365
5269.4			0.8330538282524474
5270.3			0.8354702362027844
5271.2			0.9021486525456013
5272.1			0.9478858273186063
5273.0			0.9461815473556102
5273.9			0.9373622412035056
5274.8			0.9294650130325108
5275.7			0.9257867976568941
5276.6			0.9516216301916964
5277.5			0.9863069465066437
5278.4			1.000017010071858
5279.3			1.0
5280.2			1.0
5281.1			1.0
5282.0			1.0
5282.9			1.0
5283.8			1.0
5284.7			1.0
5285.6			1.0
5286.5			1.0
5287.4			1.0
5288.3			1.0
5289.2			1.0
5290.1			1.0
5291.0			1.0
5291.9			1.0
5292.8			1.0
5293.7			1.0
5294.6			1.0
5295.5			1.0
5296.4			1.0
5297.3			1.0
5298.2			1.0
5299.1			1.0
5300.0			1.0
5300.9			1.0
5301.8			1.0
5302.7			1.0
5303.6			1.0
5304.5			1.0
5305.4			1.0
5306.3			1.0
5307.2			1.0
5308.1			1.0
5309.0			1.0
5309.9			1.0
5310.8			1.0
5311.7			1.0
5312.6			1.0
5313.5			1.0
5314.4			1.0
5315.3			1.0
5316.2			1.0
5317.1			1.0
5318.0			1.0
5318.9			1.0
5319.8			1.0
5320.7			1.0
5321.6			1.0
5322.5			1.0
5323.4			1.0
5324.3			1.0
5325.2			1.0072964966981706
5326.1			1.0102212467886713
5327.0			0.9626887619467777
5327.9			0.8959495888610468
5328.8			0.8919211005153479
5329.7			0.9494177146189172
5330.6			1.0029359644238407
5331.5			1.0
5332.4			1.0
5333.3			1.0
5334.2			1.0
5335.1			1.0
5336.0			1.0
5336.9			1.0
5337.8			1.0
5338.7			1.0
5339.6			1.0
5340.5			1.0
5341.4			1.0
5342.3			1.0
5343.2			1.0
5344.1			1.0
5345.0			1.0
5345.9			1.0
5346.8			1.0
5347.7			1.0
5348.6			1.0
5349.5			1.0
5350.4			1.0
5351.3			1.0
5352.2			1.0
5353.1			1.0
5354.0			1.0
5354.9			1.0
5355.8			1.0
5356.7			1.0
5357.6			1.0
5358.5			1.0
5359.4			1.0
5360.3			1.0
5361.2			1.0
5362.1			1.0
5363.0			1.0
5363.9			1.0
5364.8			1.0
5365.7			1.0
5366.6			1.0
5367.5			0.9987083687182435
5368.4			0.9944659159517912
5369.3			0.9714011407971588
5370.2			0.938349791008365
5371.1			0.9214565511246147
5372.0			0.9376639434053265
5372.9			0.9714394970677998
5373.8			0.9929107070501475
5374.7			0.9982745870854424
5375.6			1.0
5376.5			1.0
5377.4			1.0
5378.3			1.0
5379.2			1.0
5380.1			1.0
5381.0			1.0
5381.9			1.0
5382.8			1.0
5383.7			1.0
5384.6			1.0
5385.5			1.0
5386.4			1.0
5387.3			1.0
5388.2			1.0
5389.1			1.0
5390.0			1.0
5390.9			1.0
5391.8			1.0
5392.7			1.0
5393.6			1.0
5394.5			1.0
5395.4			1.0
5396.3			1.0
5397.2			1.0
5398.1			1.0
5399.0			1.0
5399.9			1.0
5400.8			1.0
5401.7			1.0111952533683757
5402.6			1.0022237298789056
5403.5			0.9670346532388903
5404.4			0.9363888461595765
5405.3			0.9314511944872721
5406.2			0.9546225949891491
5407.1			0.9922241941891276
5408.0			1.0132316969273636
5408.9			1.0003333615904815
5409.8			1.0
5410.7			1.0
5411.6			1.0
5412.5			1.0
5413.4			1.0
5414.3			1.0
5415.2			1.0
5416.1			1.0
5417.0			1.0
5417.9			1.0
5418.8			1.0
5419.7			1.0
5420.6			1.0
5421.5			1.0
5422.4			1.0
5423.3			1.0
5424.2			1.0
5425.1			1.0
5426.0			1.0
5426.9			1.0
5427.8			1.0
5428.7			1.0
5429.6			1.0
5430.5			1.0
5431.4			1.0
5432.3			1.0
5433.2			1.0
5434.1			1.0
5435.0			1.0
5435.9			1.0
5436.8			1.0
5437.7			1.0
5438.6			1.0
5439.5			1.0
5440.4			1.0
5441.3			1.0
5442.2			1.0
5443.1			1.0
5444.0			1.0
5444.9			1.0
5445.8			1.0
5446.7			1.0
5447.6			1.0
5448.5			1.0
5449.4			1.0
5450.3			1.0
5451.2			1.0
5452.1			1.0
5453.0			1.0
5453.9			1.0
5454.8			1.0
5455.7			1.0
5456.6			1.0
5457.5			1.0
5458.4			1.0
5459.3			1.0
5460.2			1.0
5461.1			1.0
5462.0			1.0
5462.9			1.0
5463.8			1.0
5464.7			1.0
5465.6			1.0
5466.5			1.0
5467.4			1.0
5468.3			1.0
5469.2			1.0
5470.1			1.0
5471.0			1.0
5471.9			1.0
5472.8			1.0
5473.7			1.0
5474.6			1.0
5475.5			1.0
5476.4			1.0
5477.3			1.0
5478.2			1.0
5479.1			1.0
5480.0			1.0
5480.9			1.0
5481.8			1.0
5482.7			1.0
5483.6			1.0
5484.5			1.0
5485.4			1.0
5486.3			1.0
5487.2			1.0
5488.1			1.0
5489.0			1.0
5489.9			1.0
5490.8			1.0
5491.7			1.0
5492.6			1.0
5493.5			1.0
5494.4			1.0
5495.3			1.0
5496.2			1.0
5497.1			1.0
5498.0			1.0
5498.9			1.0
5499.8			1.0
5500.7			1.0
5501.6			1.0
5502.5			1.0
5503.4			1.0
5504.3			1.0
5505.2			1.0
5506.1			1.0
5507.0			1.0
5507.9			1.0
5508.8			1.0
5509.7			1.0
5510.6			1.0
5511.5			1.0
5512.4			1.0
5513.3			1.0
5514.2			1.0
5515.1			1.0
5516.0			1.0
5516.9			1.0
5517.8			1.0
5518.7			1.0
5519.6			1.0
5520.5			1.0
5521.4			1.0
5522.3			1.0
5523.2			1.0
5524.1			1.0
5525.0			1.0
5525.9			1.0
5526.8			1.0
5527.7			1.0
5528.6			1.0
5529.5			1.0
5530.4			1.0
5531.3			1.0
5532.2			1.0
5533.1			1.0
5534.0			1.0
5534.9			1.0
5535.8			1.0
5536.7			1.0
5537.6			1.0
5538.5			1.0
5539.4			1.0
5540.3			1.0
5541.2			1.0
5542.1			1.0
5543.0			1.0
5543.9			1.0
5544.8			1.0
5545.7			1.0
5546.6			1.0
5547.5			1.0
5548.4			1.0
5549.3			1.0
5550.200000000001			1.0
5551.1			1.0
5552.0			1.0
5552.9			1.0
5553.8			1.0
5554.700000000001			1.0
5555.6			1.0
5556.5			1.0
5557.4			1.0
5558.3			1.0
5559.200000000001			1.0
5560.1			1.0
5561.0			1.0
5561.9			1.0
5562.8			1.0
5563.700000000001			1.0
5564.6			1.0
5565.5			1.0
5566.4			1.0
5567.3			1.0
5568.200000000001			1.0
5569.1			1.0
5570.0			1.0
5570.9			1.0
5571.8			1.0
5572.700000000001			1.0
5573.6			1.0
5574.5			1.0
5575.4			1.0
5576.3			1.0
5577.200000000001			1.0
5578.1			1.0
5579.0			1.0
5579.9			1.0
5580.8			1.0
5581.700000000001			1.0
5582.6			1.0
5583.5			1.0084766372080112
5584.4			1.0121517378326799
5585.3			0.9934825863105936
5586.200000000001			0.956929138943945
5587.1			0.9285845566334493
5588.0			0.9270848849679922
5588.9			0.941195609723527
5589.8			0.962809026196028
5590.700000000001			0.988768505382466
5591.6			1.0035274756262913
5592.5			1.0002104907804055
5593.4			1.0
5594.3			1.0
5595.200000000001			1.0
5596.1			1.0
5597.0			1.0
5597.9			1.0
5598.8			1.0
5599.700000000001			1.0
5600.6			1.0
5601.5			1.0
5602.4			1.0
5603.3			1.0
5604.200000000001			1.0
5605.1			1.0
5606.0			1.0
5606.9			1.0
5607.8			1.0
5608.700000000001			1.0
5609.6			1.0
5610.5			1.0
5611.4			1.0
5612.3			1.0
5613.200000000001			1.0
5614.1			1.0
5615.0			1.0
5615.9			1.0
5616.8			1.0
5617.700000000001			1.0
5618.6			1.0
5619.5			1.0
5620.4			1.0
5621.3			1.0
5622.200000000001			1.0
5623.1			1.0
5624.0			1.0
5624.9			1.0
5625.8			1.0
5626.700000000001			1.0
5627.6			1.0
5628.5			1.0
5629.4			1.0
5630.3			1.0
5631.200000000001			1.0
5632.1			1.0
5633.0			1.0
5633.9			1.0
5634.8			1.0
5635.700000000001			1.0
5636.6			1.0
5637.5			1.0
5638.4			1.0
5639.3			1.0
5640.200000000001			1.0
5641.1			1.0
5642.0			1.0
5642.9			1.0
5643.8			1.0
5644.700000000001			1.0
5645.6			1.0
5646.5			1.0
5647.4			1.0
5648.3			1.0
5649.200000000001			1.0
5650.1			1.0
5651.0			1.0
5651.9			1.0
5652.8			1.0
5653.700000000001			1.0
5654.6			1.0
5655.5			1.0
5656.4			1.0
5657.3			1.0
5658.200000000001			1.0
5659.1			1.0
5660.0			1.0
5660.9			1.0
5661.8			1.0
5662.700000000001			1.0
5663.6			1.0
5664.5			1.0
5665.4			1.0
5666.3			1.0
5667.200000000001			1.0
5668.1			1.0
5669.0			1.0
5669.9			1.0
5670.8			1.0
5671.700000000001			1.0
5672.6			1.0
5673.5			1.0
5674.4			1.0
5675.3			1.0
5676.200000000001			1.0
5677.1			1.0
5678.0			1.0
5678.9			1.0
5679.8			1.0
5680.700000000001			1.0
5681.6			1.0
5682.5			1.0
5683.4			1.0
5684.3			1.0
5685.200000000001			1.0
5686.1			1.0
5687.0			1.0
5687.9			1.0
5688.8			1.0
5689.700000000001			1.0
5690.6			1.0
5691.5			1.0
5692.4			1.0
5693.3			1.0
5694.200000000001			1.0
5695.1			1.0
5696.0			1.0
5696.9			1.0
5697.8			1.0
5698.700000000001			1.0
5699.6			1.0
5700.5			1.0
5701.4			1.0
5702.3			1.0045597063066503
5703.200000000001			1.0174452747617126
5704.1			1.0210227941663863
5705.0			1.0118537460530888
5705.9			1.0006016434438618
5706.8			0.9930531509999156
5707.700000000001			0.9852147041717273
5708.6			0.9725259214333488
5709.5			0.9620830729372781
5710.4			0.962340110646374
5711.3			0.9692613701594038
5712.200000000001			0.985005816115899
5713.1			1.00651640427326
5714.0			1.0242460367297073
5714.9			1.0317403916782941
5715.8			1.0337544151789682
5716.700000000001			1.038596884720629
5717.6			1.039581955258314
5718.5			1.0400198124316176
5719.4			1.0468868657510826
5720.3			1.0519248558483094
5721.200000000001			1.052197219682228
5722.1			1.0541266258686983
5723.0			1.0583201422722175
5723.9			1.0564138998601125
5724.8			1.0513277983430087
5725.700000000001			1.0507366446559947
5726.6			1.0525317813168582
5727.5			1.054753945110515
5728.4			1.0585414218898088
5729.3			1.0605860732519672
5730.200000000001			1.0589861577452035
5731.1			1.0512857039991577
5732.0			1.0463542600322946
5732.9			1.0521907637928412
5733.8			1.0609440957853191
5734.700000000001			1.0668647005538743
5735.6			1.0646035086722194
5736.5			1.0577658525861402
5737.4			1.0540155047432163
5738.3			1.0567138113184533
5739.200000000001			1.0613730731425943
5740.1			1.0628030718520818
5741.0			1.062950642251829
5741.9			1.0638513849483366
5742.8			1.0618977213080267
5743.700000000001			1.0602457026633305
5744.6			1.0609335936707944
5745.5			1.062874187860738
5746.4			1.0600519546460963
5747.3			1.0525934777439063
5748.200000000001			1.0499482157256919
5749.1			1.0549248331277412
5750.0			1.059754562504171
5750.9			1.0567569814874367
5751.8			1.0476224400255822
5752.700000000001			1.0336446215528212
5753.6			1.0207709650015597
5754.5			1.0231364020912004
5755.4			1.04128756756361
5756.3			1.0566865106536703
5757.200000000001			1.0606089198234947
5758.1			1.060251871411923
5759.0			1.0625576081617754
5759.9			1.061176019088088
5760.8			1.0533222430670761
5761.700000000001			1.0454652767618533
5762.6			1.0393090776431837
5763.5			1.0432117846904225
5764.4			1.0603448362980703
5765.3			1.0720588495858074
5766.200000000001			1.0724192489716298
5767.1			1.0721001125499332
5768.0			1.0769703594208928
5768.9			1.0803657272590337
5769.8			1.078094441518506
5770.700000000001			1.072219757458891
5771.6			1.0622632396409928
5772.5			1.0590748749596586
5773.4			1.0597776898512763
5774.3			1.0565509747432826
5775.200000000001			1.0547142334860267
5776.1			1.0594868853445825
5777.0			1.0695555090274032
5777.9			1.0752660967561896
5778.8			1.074760287114641
5779.700000000001			1.0699736840103713
5780.6			1.059195512437391
5781.5			1.0519292316139246
5782.4			1.0520262000264986
5783.3			1.048672990863775
5784.200000000001			1.0431804503836366
5785.1			1.0427253586513687
5786.0			1.0493770699625757
5786.9			1.0598745627621216
5787.8			1.0674103156015597
5788.700000000001			1.069851833474859
5789.6			1.0670740633688436
5790.5			1.060085658276538
5791.4			1.057213152175347
5792.3			1.0607834994806062
5793.200000000001			1.0631996236808632
5794.1			1.0649135146317092
5795.0			1.07173726635569
5795.9			1.0742965026423297
5796.8			1.065621653595448
5797.700000000001			1.0586541692853149
5798.6			1.0624641951761549
5799.5			1.0739751473125294
5800.4			1.0876736892088064
5801.3			1.0930714619812911
5802.200000000001			1.0894203680571777
5803.1			1.0790860899488341
5804.0			1.0665003978900192
5804.9			1.0621843770473727
5805.8			1.0655935225473805
5806.700000000001			1.0704682861689079
5807.6			1.0746920003406542
5808.5			1.0755090826943885
5809.4			1.077856127269482
5810.3			1.0832767688954295
5811.200000000001			1.0877326185562997
5812.1			1.0917917494948755
5813.0			1.0927561617521067
5813.9			1.089789719636295
5814.8			1.087648820954445
5815.700000000001			1.085131594030485
5816.6			1.081783884830245
5817.5			1.0850406971504432
5818.4			1.0901698290514998
5819.3			1.0960346899127233
5820.200000000001			1.1039547757385133
5821.1			1.1076750579256287
5822.0			1.1045091496632415
5822.9			1.0984886384083608
5823.8			1.0946017315415546
5824.700000000001			1.0940756901564
5825.6			1.0936868544051357
5826.5			1.096415368849105
5827.4			1.0989986199499693
5828.3			1.0981321884311754
5829.200000000001			1.0996803141331903
5830.1			1.1004349847996615
5831.0			1.0994592679865796
5831.9			1.1029334244450226
5832.8			1.110013142625159
5833.700000000001			1.1096844718838754
5834.6			1.0991397121573783
5835.5			1.093791024428226
5836.4			1.099604019137374
5837.3			1.1028075825627797
5838.200000000001			1.1034994864254875
5839.1			1.1043628237360723
5840.0			1.1047438802210312
5840.9			1.1104590226666795
5841.8			1.112683912867205
5842.700000000001			1.1077620279049025
5843.6			1.101843904249795
5844.5			1.1013006221042874
5845.4			1.1047168197054071
5846.3			1.10434114806017
5847.200000000001			1.0990406298309707
5848.1			1.0962666397978469
5849.0			1.101755159691259
5849.9			1.1091382120080215
5850.8			1.1099861828636388
5851.700000000001			1.1027098810991134
5852.6			1.0919918175244185
5853.5			1.0833620209367745
5854.4			1.0892983084689014
5855.3			1.0976827249323358
5856.200000000001			1.081500329565862
5857.1			1.0537529418919647
5858.0			1.0479269342607636
5858.9			1.0640429896497654
5859.8			1.079450562495414
5860.700000000001			1.0884189020540522
5861.6			1.0885600165454548
5862.5			1.086149649583259
5863.4			1.095127253906077
5864.3			1.106196673809586
5865.200000000001			1.1053216762913247
5866.1			1.0949143122495517
5867.0			1.0891913291577537
5867.9			1.0925828776221977
5868.8			1.1008538431478954
5869.700000000001			1.112364243004709
5870.6			1.1194990000259422
5871.5			1.119526930049698
5872.4			1.1166542196479563
5873.3			1.1126508991500148
5874.200000000001			1.1111966549819192
5875.1			1.1113224070664305
5876.0			1.1139350775285914
5876.9			1.1167159618476326
5877.8			1.1138148379000663
5878.700000000001			1.110196998365368
5879.6			1.1082725005545082
5880.5			1.1092567220639546
5881.4			1.113375534522182
5882.3			1.1157008648406448
5883.200000000001			1.1118923474238087
5884.1			1.1077013140431748
5885.0			1.1096050100035142
5885.9			1.1109650719681476
5886.8			1.109017471713043
5887.700000000001			1.0939404796661643
5888.6			1.029811695047098
5889.5			0.93947700077158
5890.4			0.9264116659553562
5891.3			1.0027194530065022
5892.200000000001			1.0667182629864733
5893.1			1.086974414237546
5894.0			1.0806057318342592
5894.9			1.0307437849829157
5895.8			0.9734421801198947
5896.700000000001			0.9918365991529877
5897.6			1.0628429793663423
5898.5			1.1058053744394292
5899.4			1.1141137393017935
5900.3			1.1161149617896597
5901.200000000001			1.1260045813774886
5902.1			1.138823206019588
5903.0			1.1395878999618922
5903.9			1.128915548586653
5904.8			1.1191685286449424
5905.700000000001			1.1178408932938777
5906.6			1.1230687782176942
5907.5			1.1257853274523644
5908.4			1.1285409286348806
5909.3			1.128557778249005
5910.200000000001			1.1306756547770738
5911.1			1.1395553938411471
5912.0			1.141191115101576
5912.9			1.127617596268035
5913.8			1.109123991273491
5914.700000000001			1.1084289868377257
5915.6			1.120861227339573
5916.5			1.1310487479224542
5917.4			1.135826404878664
5918.3			1.1382686235724173
5919.200000000001			1.1445366327273065
5920.1			1.1491700041701083
5921.0			1.1470975776752264
5921.9			1.1388306908766763
5922.8			1.1307657999016498
5923.700000000001			1.1333576473351936
5924.6			1.1414759382982962
5925.5			1.1434389660777204
5926.4			1.1375660354692658
5927.3			1.1319039097357548
5928.200000000001			1.127429966399122
5929.1			1.117474421894009
5930.0			1.108299270232653
5930.9			1.1166529073618723
5931.8			1.1338758887695046
5932.700000000001			1.1410310975368112
5933.6			1.1346278049329808
5934.5			1.1298005659981918
5935.4			1.1360074513128267
5936.3			1.149291130797753
5937.200000000001			1.1589139706488045
5938.1			1.1587430503181726
5939.0			1.1524145414213232
5939.9			1.146733951227201
5940.8			1.14021533396255
5941.700000000001			1.137268585050335
5942.6			1.137658446948801
5943.5			1.1406836215916207
5944.4			1.1494274251474326
5945.3			1.1561604029118155
5946.200000000001			1.1537983389269109
5947.1			1.1418988670837213
5948.0			1.1305824901792698
5948.9			1.1320188269729254
5949.8			1.1421556917926492
5950.700000000001			1.1535437411566725
5951.6			1.1522609741866614
5952.5			1.1430423670029053
5953.4			1.1421671135628044
5954.3			1.1524716553684833
5955.200000000001			1.1608849423236176
5956.1			1.1550854038928384
5957.0			1.1487869769473302
5957.9			1.1488930044212895
5958.8			1.154276069889026
5959.700000000001			1.162478316803091
5960.6			1.1697019884615163
5961.5			1.1739596038645275
5962.4			1.1713549566136576
5963.3			1.1691938222381382
5964.200000000001			1.1715507100587312
5965.1			1.1744931590706071
5966.0			1.17221255175235
5966.9			1.1674493236568
5967.8			1.1684416588584579
5968.700000000001			1.1714086931186247
5969.6			1.1722769769698242
5970.5			1.1745127871852565
5971.4			1.181250564184949
5972.3			1.1859113873016662
5973.200000000001			1.1854471427409268
5974.1			1.1743567664762584
5975.0			1.160504565225553
5975.9			1.1555993465329906
5976.8			1.1563442886583564
5977.700000000001			1.1609909607925841
5978.6			1.1679160204800645
5979.5			1.1754151397079702
5980.4			1.1815827184987717
5981.3			1.184186472263518
5982.200000000001			1.1787435484596365
5983.1			1.158265145532643
5984.0			1.1387732471448782
5984.9			1.136790462047609
5985.8			1.1472017528884026
5986.700000000001			1.1581291862372753
5987.6			1.16271942375868
5988.5			1.167084629907922
5989.4			1.1768962277539352
5990.3			1.1814551559674589
5991.200000000001			1.1793652189545023
5992.1			1.1737747880748475
5993.0			1.1756740269201489
5993.9			1.186058263600408
5994.8			1.184921753674075
5995.700000000001			1.1756948813176
5996.6			1.165333417509278
5997.5			1.1607025637358859
5998.4			1.1660074999270014
5999.3			1.1739755482834644
6000.200000000001			1.1811825216870813
6001.1			1.1820317028013931
6002.0			1.1728915609413997
6002.9			1.1617697893447219
6003.8			1.1580113186332168
6004.700000000001			1.1615853696340588
6005.6			1.1658405255637856
6006.5			1.1646826346741683
6007.4			1.153463917384433
6008.3			1.1453522801195593
6009.200000000001			1.1597080056682953
6010.1			1.1851918270304358
6011.0			1.1937037263746029
6011.9			1.1832866398216966
6012.8			1.1727827501314094
6013.700000000001			1.172797823333128
6014.6			1.177632809915715
6015.5			1.1741759173464918
6016.4			1.1670624095366837
6017.3			1.1708270456173349
6018.200000000001			1.1810651758684905
6019.1			1.1703326168971997
6020.0			1.1463714784805514
6020.9			1.1413494422895505
6021.8			1.1547994604177223
6022.700000000001			1.1691481013552798
6023.6			1.173184040055769
6024.5			1.1707238016483832
6025.4			1.1744178971723125
6026.3			1.1803176874800245
6027.200000000001			1.1872337936628903
6028.1			1.1965204090613752
6029.0			1.2026262480007412
6029.9			1.2073010496081245
6030.8			1.2091725840356877
6031.700000000001			1.2079419299376517
6032.6			1.2042845820159749
6033.5			1.2043675202141804
6034.4			1.205689318488122
6035.3			1.2018151528414276
6036.200000000001			1.2048442395962662
6037.1			1.2114070830970718
6038.0			1.2124980097837337
6038.9			1.211053935657398
6039.8			1.2094934973750378
6040.700000000001			1.2089292805238923
6041.6			1.2080693846596202
6042.5			1.208762013556169
6043.4			1.2102865834654457
6044.3			1.2126191555165067
6045.200000000001			1.2180360773450212
6046.1			1.221707027375093
6047.0			1.224419708368399
6047.9			1.2256665995438516
6048.8			1.2225855109471733
6049.700000000001			1.2221393150954987
6050.6			1.2219781393787368
6051.5			1.2205615834297878
6052.4			1.2222454162856378
6053.3			1.2230236616588341
6054.200000000001			1.2191447672831757
6055.1			1.2104178521109183
6056.0			1.2011629655409601
6056.9			1.204643206138686
6057.8			1.2216259531496583
6058.700000000001			1.2323128250945232
6059.6			1.2317905425018714
6060.5			1.234828508188593
6061.4			1.2386477523858348
6062.3			1.2323694960439437
6063.200000000001			1.221460725042121
6064.1			1.2088613228661735
6065.0			1.1953874484915363
6065.9			1.1956507376462777
6066.8			1.2130740815163474
6067.700000000001			1.2280929036685555
6068.6			1.2326512814474875
6069.5			1.2342455598857276
6070.4			1.2394254567091842
6071.3			1.2434254342003679
6072.200000000001			1.243262286682422
6073.1			1.2437190321966547
6074.0			1.2448708013169743
6074.9			1.2440856318915336
6075.8			1.240915301145782
6076.700000000001			1.2331136999004715
6077.6			1.2197330376014848
6078.5			1.2093390552018575
6079.4			1.2135162887660174
6080.3			1.2226830795329735
6081.200000000001			1.231583556803008
6082.1			1.236423329150563
6083.0			1.238051217291571
6083.9			1.2409686563811757
6084.8			1.235593583522101
6085.700000000001			1.2269358145153553
6086.6			1.2266189793404458
6087.5			1.2322948246737429
6088.4			1.2354346638559144
6089.3			1.2336401900417946
6090.200000000001			1.2326390948762818
6091.1			1.2333692973613897
6092.0			1.2319958725508726
6092.9			1.2275520468051173
6093.8			1.2286924027698367
6094.700000000001			1.2419652928964704
6095.6			1.253054119755017
6096.5			1.2537854057263371
6097.4			1.252998294907685
6098.3			1.255499886418027
6099.200000000001			1.260474221348014
6100.1			1.257431962424882
6101.0			1.233305425059277
6101.9			1.1916918631905944
6102.8			1.165584057783484
6103.700000000001			1.1916991132654113
6104.6			1.2394463733735217
6105.5			1.2572086855609663
6106.4			1.2509108745393855
6107.3			1.2434933236226025
6108.200000000001			1.2431141192117874
6109.1			1.249906571394554
6110.0			1.2561811341829436
6110.9			1.2597131162839106
6111.8			1.2657322377794566
6112.700000000001			1.269710986151586
6113.6			1.268336846636891
6114.5			1.2609437482919443
6115.4			1.2518365433808396
6116.3			1.25256327494259
6117.200000000001			1.2620901523671282
6118.1			1.267808518712476
6119.0			1.2651042474133694
6119.9			1.2548289501689007
6120.8			1.2310079759880068
6121.700000000001			1.2014150777628474
6122.6			1.1946231058013497
6123.5			1.2216289474047248
6124.4			1.249826157446956
6125.3			1.2578863988798694
6126.200000000001			1.2619215843191127
6127.1			1.2672697275683975
6128.0			1.2664603302897566
6128.9			1.2634283760910396
6129.8			1.2632373618050923
6130.700000000001			1.2679682745218406
6131.6			1.2746114774240862
6132.5			1.2811287362350514
6133.4			1.2842817537850784
6134.3			1.2785771782474578
6135.200000000001			1.2586070394786273
6136.1			1.2137488825800693
6137.0			1.176465957277776
6137.9			1.190028187786757
6138.8			1.2378577660260603
6139.700000000001			1.269397375615324
6140.6			1.262148617246394
6141.5			1.2407854911235032
6142.4			1.2436581565141396
6143.3			1.2655355229186378
6144.200000000001			1.279194627350767
6145.1			1.2796561639009505
6146.0			1.2809658128930503
6146.9			1.282215218607716
6147.8			1.2761160874553639
6148.700000000001			1.2735437763522062
6149.6			1.2787988817689928
6150.5			1.2825914211327665
6151.4			1.2869954067623481
6152.3			1.2904337801907124
6153.200000000001			1.2870385172713357
6154.1			1.2779603379684474
6155.0			1.272767746819455
6155.9			1.2790397094688248
6156.8			1.2897693894216675
6157.700000000001			1.2946481108675927
6158.6			1.2961637185194999
6159.5			1.2876427271565212
6160.4			1.2559067707029332
6161.3			1.2059110631109933
6162.200000000001			1.1745404378022704
6163.1			1.1896202624044931
6164.0			1.2342914184298042
6164.9			1.2680112803977006
6165.8			1.2762643780053655
6166.700000000001			1.27705845007819
6167.6			1.2740092628082
6168.5			1.247506654103717
6169.4			1.218955643075386
6170.3			1.2284426746253119
6171.200000000001			1.2664391147141796
6172.1			1.29521601876065
6173.0			1.302945701666131
6173.9			1.302469871201848
6174.8			1.3007409409236954
6175.700000000001			1.2955897817219009
6176.6			1.2925506631526715
6177.5			1.299299217651787
6178.4			1.3108225029517784
6179.3			1.3178163699107583
6180.200000000001			1.320618562032082
6181.1			1.3253956361749089
6182.0			1.3313063736313986
6182.9			1.3328196655139237
6183.8			1.3335702763708714
6184.700000000001			1.332006483655046
6185.6			1.3231947859379232
6186.5			1.313928933940279
6187.4			1.3037382069778376
6188.3			1.3018378834054976
6189.200000000001			1.3121779868772
6190.1			1.3062173210498729
6191.0			1.280485024407953
6191.9			1.2730239097353218
6192.8			1.296590156029289
6193.700000000001			1.3209815590051315
6194.6			1.3277183462737192
6195.5			1.3298471043935356
6196.4			1.3358555677809556
6197.3			1.3397539947836348
6198.200000000001			1.3370105119099531
6199.1			1.3291149270916207
6200.0			1.3267535414827827
6200.9			1.3316595774339979
6201.8			1.3353262170724274
6202.700000000001			1.3375577346877072
6203.6			1.3389011451080148
6204.5			1.3444987035245075
6205.4			1.3485129630929562
6206.3			1.3443665745494637
6207.200000000001			1.3417074490335077
6208.1			1.3428288684976222
6209.0			1.3451619185837358
6209.9			1.3492370235420417
6210.8			1.354723489384825
6211.700000000001			1.3557006316173217
6212.6			1.339311849753239
6213.5			1.3167790798290255
6214.4			1.311317692598844
6215.3			1.3200212429277265
6216.200000000001			1.3340932440122957
6217.1			1.3462147754327396
6218.0			1.3470071595075717
6218.9			1.333320204392002
6219.8			1.3166607094200369
6220.700000000001			1.3162228546851327
6221.6			1.3288349559393358
6222.5			1.3431035173507868
6223.4			1.345435769796725
6224.3			1.3396465518880616
6225.200000000001			1.3428185516736582
6226.1			1.3500235269418657
6227.0			1.3521742476311425
6227.9			1.350892585531767
6228.8			1.342239606558526
6229.700000000001			1.3153864870414218
6230.6			1.2895537174671874
6231.5			1.2872477404864295
6232.4			1.2965644650861787
6233.3			1.306733898155845
6234.200000000001			1.3251033976327002
6235.1			1.3392827401268683
6236.0			1.3396709384734042
6236.9			1.334039251432756
6237.8			1.3289141731776026
6238.700000000001			1.3297879758829272
6239.6			1.3333084060270817
6240.5			1.336140196702709
6241.4			1.341509003868593
6242.3			1.3452674092221655
6243.200000000001			1.3377851373509386
6244.1			1.3254739048521318
6245.0			1.3199371962901252
6245.9			1.3147987251082993
6246.8			1.3183600567473444
6247.700000000001			1.3380307605822983
6248.6			1.3526902986592415
6249.5			1.3542464857384067
6250.4			1.3513145847146655
6251.3			1.336825179196935
6252.200000000001			1.3120371001335802
6253.1			1.2931707789071294
6254.0			1.2955223369679767
6254.9			1.3148834789969144
6255.8			1.3277843988865439
6256.700000000001			1.3320325954485748
6257.6			1.3322894426241194
6258.5			1.3283063440531881
6259.4			1.3329266557192578
6260.3			1.3487958582988158
6261.200000000001			1.3622252582491525
6262.1			1.3673822066601218
6263.0			1.3676751163886556
6263.9			1.3617748260580733
6264.8			1.3533921580115498
6265.700000000001			1.361321220792548
6266.6			1.3824540029314694
6267.5			1.3946925937127967
6268.4			1.3914010740543916
6269.3			1.385086196948519
6270.200000000001			1.3849875328711578
6271.1			1.385468281359057
6272.0			1.3909665095314405
6272.9			1.3992707873056223
6273.8			1.3985136225136947
6274.700000000001			1.3977210090875598
6275.6			1.400874248026305
6276.5			1.4042772720996421
6277.4			1.3991556771962295
6278.3			1.3889418069064
6279.200000000001			1.387079987476422
6280.1			1.3881322216457834
6281.0			1.395975655045792
6281.9			1.4131762521527582
6282.8			1.4247238003104334
6283.700000000001			1.4265079945469656
6284.6			1.4309101676926068
6285.5			1.431800786627938
6286.4			1.423569458586014
6287.3			1.4204796715616401
6288.200000000001			1.4262714652145956
6289.1			1.4313888550325906
6290.0			1.428454857405355
6290.9			1.420776673789597
6291.8			1.4155741711830574
6292.700000000001			1.4228342160102747
6293.6			1.4268096323018182
6294.5			1.4198997392617803
6295.4			1.419855577648227
6296.3			1.4182558090226476
6297.200000000001			1.40901545115332
6298.1			1.4034642376475905
6299.0			1.401742881960004
6299.9			1.3926503839164273
6300.8			1.3786974472902176
6301.700000000001			1.365958908079012
6302.6			1.3725304062586412
6303.5			1.400679748519083
6304.4			1.4248639808415484
6305.3			1.4342517974066689
6306.200000000001			1.440113935236053
6307.1			1.4430611268032933
6308.0			1.443557701983656
6308.9			1.4365084162749544
6309.8			1.42751116458688
6310.700000000001			1.4289997521477127
6311.6			1.4290815422027296
6312.5			1.4273792286499014
6313.4			1.4195431285255427
6314.3			1.3976538022374596
6315.200000000001			1.3812851965286999
6316.1			1.3853119480238574
6317.0			1.3949529677251136
6317.9			1.3857840892110442
6318.8			1.369431887956537
6319.700000000001			1.3773026919656484
6320.6			1.4080193919767883
6321.5			1.4209393722710735
6322.4			1.41046515703504
6323.3			1.4052138739002422
6324.200000000001			1.4194559268924307
6325.1			1.4347710127325057
6326.0			1.439319463996447
6326.9			1.4317276322244608
6327.8			1.4241071734185315
6328.700000000001			1.4310195393838152
6329.6			1.4346065429505397
6330.5			1.4321181028104741
6331.4			1.4349781387857532
6332.3			1.4394108850850718
6333.200000000001			1.4367991658411543
6334.1			1.4187783360359387
6335.0			1.3907671860159
6335.9			1.3735113832805637
6336.8			1.3766462652143563
6337.700000000001			1.398565016331537
6338.6			1.4158178023940209
6339.5			1.424331246112806
6340.4			1.4345316735142304
6341.3			1.4413795003626688
6342.200000000001			1.4422978695111337
6343.1			1.4367539173119275
6344.0			1.4277748663967549
6344.9			1.4337596837183266
6345.8			1.4422125616546686
6346.700000000001			1.439280549637106
6347.6			1.4403294101415256
6348.5			1.447091409521961
6349.4			1.4477580309926357
6350.3			1.447759715984975
6351.200000000001			1.45420246140167
6352.1			1.4624368254478346
6353.0			1.4632216808836394
6353.9			1.452228944360251
6354.8			1.4362308507248995
6355.700000000001			1.4352010259177979
6356.6			1.4457795439096917
6357.5			1.4434618133937842
6358.4			1.430692724212953
6359.3			1.4270234340445689
6360.200000000001			1.4326449004767505
6361.1			1.4372344405493118
6362.0			1.4301701803480182
6362.9			1.4290912027139244
6363.8			1.4382519350653273
6364.700000000001			1.4433825368812028
6365.6			1.44771365281095
6366.5			1.457980437878256
6367.4			1.469205310321973
6368.3			1.4757445570032275
6369.200000000001			1.4726353115052426
6370.1			1.462993313684394
6371.0			1.4588656300193095
6371.9			1.4664235898334177
6372.8			1.4800312981697943
6373.700000000001			1.4855427836266517
6374.6			1.4876193449803798
6375.5			1.4873111766984615
6376.4			1.487678497341062
6377.3			1.4905819610539397
6378.200000000001			1.487475949797568
6379.1			1.4835757568496084
6380.0			1.4779519671965917
6380.9			1.4729819160115287
6381.8			1.479248785235736
6382.700000000001			1.4888978601787506
6383.6			1.4862271993403053
6384.5			1.4878652788900544
6385.4			1.4991952097114403
6386.3			1.5028367292239428
6387.200000000001			1.4999377943296066
6388.1			1.4978497919658893
6389.0			1.4973726093063695
6389.9			1.4985497177450218
6390.8			1.4987736129539806
6391.700000000001			1.4979428877776813
6392.6			1.4802794903683307
6393.5			1.4524019099262186
6394.4			1.4553030131288573
6395.3			1.4822886045077457
6396.200000000001			1.5068420023364413
6397.1			1.5159992535483549
6398.0			1.5085294428466587
6398.9			1.475409579852558
6399.8			1.4369026102887947
6400.700000000001			1.4462450072093886
6401.6			1.4880003996428928
6402.5			1.5164484409649284
6403.4			1.5216287206224288
6404.3			1.515594303472169
6405.200000000001			1.5095722301178445
6406.1			1.5044933793301247
6407.0			1.4898217721729228
6407.9			1.478435946754679
6408.8			1.4889549258560388
6409.700000000001			1.5048745916533481
6410.6			1.5033529253495985
6411.5			1.4926304440222518
6412.4			1.4987866322294676
6413.3			1.5177842805986232
6414.200000000001			1.5247396836838618
6415.1			1.524419118509855
6416.0			1.5292092138785838
6416.9			1.5349220315249221
6417.8			1.5435408321123343
6418.700000000001			1.5423254664186519
6419.6			1.5101945298190846
6420.5			1.4741832417143481
6421.4			1.472340837444899
6422.3			1.50583909760739
6423.200000000001			1.5443117335136818
6424.1			1.5592576665846365
6425.0			1.5614401919738012
6425.9			1.5624558647202642
6426.8			1.5605815175098754
6427.700000000001			1.5595535660445106
6428.6			1.5565933583663232
6429.5			1.5404700938951688
6430.4			1.511118113911
6431.3			1.4953325025175723
6432.200000000001			1.507934759558369
6433.1			1.540058410091452
6434.0			1.570587694697511
6434.9			1.5895469052682478
6435.8			1.592403165833091
6436.700000000001			1.5826031747725764
6437.6			1.5508861990813854
6438.5			1.5076573862942122
6439.4			1.498589213518388
6440.3			1.5317360009370755
6441.200000000001			1.5694732833970348
6442.1			1.5799907229796546
6443.0			1.5769108218003203
6443.9			1.583049844577359
6444.8			1.5888391922301415
6445.700000000001			1.59178017571482
6446.6			1.5986085446193325
6447.5			1.5977496914586045
6448.4			1.5749908731034086
6449.3			1.5416826814575437
6450.200000000001			1.5288324310916044
6451.1			1.5546190431882851
6452.0			1.5877232513970896
6452.9			1.5983124475772312
6453.8			1.5922558974251302
6454.700000000001			1.573956918623689
6455.6			1.5435883381268176
6456.5			1.5348798057397857
6457.4			1.558363072000778
6458.3			1.5866954133588904
6459.200000000001			1.6001261951864731
6460.1			1.5948212531209873
6461.0			1.5676528568142647
6461.9			1.516096650774488
6462.8			1.482251972330867
6463.700000000001			1.5119783157298767
6464.6			1.568152797997988
6465.5			1.5994345105313987
6466.4			1.6102632545227873
6467.3			1.6078399910321601
6468.200000000001			1.5976067955835804
6469.1			1.5866114984707895
6470.0			1.5759549333294554
6470.9			1.5610872614713645
6471.8			1.5557879125053067
6472.700000000001			1.5738272474233768
6473.6			1.6002424059754117
6474.5			1.6039409594849467
6475.4			1.591132110870077
6476.3			1.592317906538268
6477.200000000001			1.6089452298937357
6478.1			1.6191070767645745
6479.0			1.616713481449825
6479.9			1.6127690177348737
6480.8			1.6009235348944488
6481.700000000001			1.5878602507487651
6482.6			1.5897726982937903
6483.5			1.5998516716639597
6484.4			1.6074057520232927
6485.3			1.611068112807638
6486.200000000001			1.6129938192721176
6487.1			1.612728644494854
6488.0			1.6163815337727738
6488.9			1.621220738076475
6489.8			1.6144216205069661
6490.700000000001			1.602995904628172
6491.6			1.595849555545623
6492.5			1.582151368072712
6493.4			1.5456562150621553
6494.3			1.5023671727260561
6495.200000000001			1.4893341180878827
6496.1			1.5032901249692605
6497.0			1.5388814421686239
6497.9			1.584081783189473
6498.8			1.6003004660316302
6499.700000000001			1.5965662401460843
6500.6			1.6045106866171652
6501.5			1.6276310770379236
6502.4			1.6504194842345745
6503.3			1.658378217144494
6504.200000000001			1.661187466515417
6505.1			1.662907367940227
6506.0			1.6601069804325357
6506.9			1.6579857401198823
6507.8			1.6566266828763347
6508.700000000001			1.6607471490670924
6509.6			1.6676979489969994
6510.5			1.6662766249327927
6511.4			1.6617077884679623
6512.3			1.6651009086532826
6513.200000000001			1.6718884369338363
6514.1			1.663543696425121
6515.0			1.6401022499685058
6515.9			1.6264690114605072
6516.8			1.6326873991794224
6517.700000000001			1.640749528558109
6518.6			1.649963971722356
6519.5			1.6727655003506852
6520.4			1.6844073612845598
6521.3			1.6721600999277626
6522.200000000001			1.6595461631903143
6523.1			1.6588921317285523
6524.0			1.6721142964960514
6524.9			1.6851244777573136
6525.8			1.678970239367187
6526.700000000001			1.6701366929611874
6527.6			1.6706182071487954
6528.5			1.6742180590296154
6529.4			1.671780059628491
6530.3			1.6673580834442223
6531.200000000001			1.674172294161907
6532.1			1.6799337561687782
6533.0			1.6661514058606373
6533.9			1.6568191153361285
6534.8			1.6635250919903053
6535.700000000001			1.6723703127276714
6536.6			1.681503327042982
6537.5			1.689190218072957
6538.4			1.6904640225073757
6539.3			1.68319885566513
6540.200000000001			1.672395470492324
6541.1			1.6646552537839068
6542.0			1.6559201871568114
6542.9			1.6400410558012064
6543.8			1.628511620542687
6544.700000000001			1.6256445137206572
6545.6			1.6171521288359914
6546.5			1.6130808939572094
6547.4			1.6255615318589969
6548.3			1.639756614016082
6549.200000000001			1.6442144347663472
6550.1			1.6435328329212493
6551.0			1.6466549114920763
6551.9			1.653249512577397
6552.8			1.6575093487000778
6553.700000000001			1.6510842741582996
6554.6			1.6255176025444094
6555.5			1.5965779306623045
6556.4			1.5825724731399184
6557.3			1.5761986130125323
6558.200000000001			1.5569181756809822
6559.1			1.5176534040729108
6560.0			1.455455562475891
6560.9			1.3332728193657757
6561.8			1.1164684811710723
6562.700000000001			0.9255998338275806
6563.6			0.9544361534106361
6564.5			1.1632569451746544
6565.4			1.3627038077049183
6566.3			1.4765485949244075
6567.200000000001			1.538615260110285
6568.1			1.5762302311920122
6569.0			1.5964890251108719
6569.9			1.6086243567142393
6570.8			1.621082589924989
6571.700000000001			1.6348727564341725
6572.6			1.642602977241166
6573.5			1.6486303626858732
6574.4			1.6602419937994715
6575.3			1.6786687438949577
6576.200000000001			1.701642228568423
6577.1			1.7184075709740139
6578.0			1.7247983256456283
6578.9			1.725466022205517
6579.8			1.7244121157910317
6580.700000000001			1.7272724431008704
6581.6			1.7325453928830685
6582.5			1.7409158120503971
6583.4			1.752511879639706
6584.3			1.7582772321676354
6585.200000000001			1.7555381015365474
6586.1			1.7461304870938392
6587.0			1.7415259553011224
6587.9			1.7468989377715658
6588.8			1.7547987756062238
6589.700000000001			1.7650039332402407
6590.6			1.7718863046833815
6591.5			1.7602670144691708
6592.4			1.7249614429048712
6593.3			1.6919520214695747
6594.200000000001			1.6981741610802
6595.1			1.7344754613788658
6596.0			1.768323188913692
6596.9			1.7793522825855317
6597.8			1.7726507328841072
6598.700000000001			1.7727328116145231
6599.6			1.786381508949432
6600.5			1.8018633226732381
6601.4			1.810433609452943
6602.3			1.8145951611123297
6603.200000000001			1.8154470793397306
6604.1			1.8085035127883822
6605.0			1.7981314268209891
6605.9			1.7967085091779915
6606.8			1.7982337258543006
6607.700000000001			1.7945789317103464
6608.6			1.7835695997700118
6609.5			1.785433020445795
6610.4			1.8079570667459446
6611.3			1.8214007553306044
6612.200000000001			1.8160940272730997
6613.1			1.807669290356613
6614.0			1.8048310139256605
6614.9			1.801496485028787
6615.8			1.8005506089410266
6616.700000000001			1.8078179789376863
6617.6			1.8152019163687205
6618.5			1.818947609956627
6619.4			1.8259469794312464
6620.3			1.8334410942313446
6621.200000000001			1.8342426057099472
6622.1			1.8310370126588094
6623.0			1.8326515249224191
6623.9			1.8375319967264254
6624.8			1.8382389935102361
6625.700000000001			1.8412289949397913
6626.6			1.843196804465212
6627.5			1.8381337284249042
6628.4			1.838627616231882
6629.3			1.8429962111222542
6630.200000000001			1.841353506542892
6631.1			1.8340042047185656
6632.0			1.8254557494578676
6632.9			1.814778373463034
6633.8			1.809621708596822
6634.700000000001			1.823183329747236
6635.6			1.8452053210635817
6636.5			1.8587424683745986
6637.4			1.8600137085550301
6638.3			1.861845090472512
6639.200000000001			1.871903962407024
6640.1			1.8769493946370173
6641.0			1.877408306842053
6641.9			1.879261393617468
6642.8			1.8662763124682462
6643.700000000001			1.8467328396558866
6644.6			1.8480268009907714
6645.5			1.8620873558999775
6646.4			1.8750883118480097
6647.3			1.8913279109596544
6648.200000000001			1.8992806996095102
6649.1			1.8946033813251117
6650.0			1.8933320192281007
6650.9			1.9009635234067424
6651.8			1.9078131095850155
6652.700000000001			1.903771034594219
6653.6			1.8991543484236721
6654.5			1.9032841329752308
6655.4			1.905424381206864
6656.3			1.901609771492454
6657.200000000001			1.9029095988760858
6658.1			1.9107933184643178
6659.0			1.9158106820268401
6659.9			1.9173053914728946
6660.8			1.9186074264796233
6661.700000000001			1.9138589644953417
6662.6			1.894630507193044
6663.5			1.8751736682973013
6664.4			1.8815254001396062
6665.3			1.896228240672958
6666.200000000001			1.9033768280891217
6667.1			1.9058299127827785
6668.0			1.9103461973243323
6668.9			1.9117830468632606
6669.8			1.909854261989641
6670.700000000001			1.9198279500006032
6671.6			1.9318836326231779
6672.5			1.9375039406016688
6673.4			1.9375769505939089
6674.3			1.9377995395433663
6675.200000000001			1.9440643790277612
6676.1			1.9369455154363384
6677.0			1.9078075028374482
6677.9			1.874463340803504
6678.8			1.871764133283547
6679.700000000001			1.90541419207255
6680.6			1.9385286019948191
6681.5			1.9558361326383422
6682.4			1.959867969937614
6683.3			1.9535169899798
6684.200000000001			1.9454118982856052
6685.1			1.94772254900083
6686.0			1.959473727842659
6686.9			1.9631322465938281
6687.8			1.9583622691611344
6688.700000000001			1.9587977570650914
6689.6			1.9636848760459504
6690.5			1.9744679960188325
6691.4			1.9809478883362326
6692.3			1.9807494303126725
6693.200000000001			1.9759985917802534
6694.1			1.9665725015671072
6695.0			1.9569143241022138
6695.9			1.9540629293217469
6696.8			1.9594512604005512
6697.700000000001			1.962681919634106
6698.6			1.9623426052404036
6699.5			1.9643231229194031
6700.4			1.9703862178908205
6701.3			1.9755632621451913
6702.200000000001			1.9781616402066855
6703.1			1.9737229784008927
6704.0			1.9715458379867699
6704.9			1.984840812823275
6705.8			1.9995537809696635
6706.700000000001			2.007465356685513
6707.6			2.0152721618199534
6708.5			2.0145179406134823
6709.4			2.0085067710550266
6710.3			2.008227226828076
6711.200000000001			2.014480767914658
6712.1			2.0203315835364593
6713.0			2.0242876314393228
6713.9			2.0310315227194975
6714.8			2.0266666284678476
6715.700000000001			2.0114371329765546
6716.6			1.9809058935884323
6717.5			1.9455066395204237
6718.4			1.9481000233013843
6719.3			1.985143086015488
6720.200000000001			2.016758383551016
6721.1			2.016062916275952
6722.0			1.9982524865812317
6722.9			1.9946541165523028
6723.8			2.0085757171834735
6724.700000000001			2.0247784510445683
6725.6			2.0253542925920582
6726.5			2.017944770739746
6727.4			2.026407635147228
6728.3			2.0441092620025465
6729.200000000001			2.0535455796103306
6730.1			2.0594819873529016
6731.0			2.0595362727117865
6731.9			2.0598737987208944
6732.8			2.0651980487672312
6733.700000000001			2.0712438828671873
6734.6			2.072439599388115
6735.5			2.068517411671299
6736.4			2.0681568630408758
6737.3			2.073409756867736
6738.200000000001			2.085742097962724
6739.1			2.0965670871168522
6740.0			2.0961827092547125
6740.9			2.092434197189322
6741.8			2.0875395680827538
6742.700000000001			2.0787213249738783
6743.6			2.07356256002779
6744.5			2.078044440293017
6745.4			2.0888954653214293
6746.3			2.093894823266471
6747.200000000001			2.0921114930632205
6748.1			2.086349993530224
6749.0			2.0747142458788512
6749.9			2.0662874775690163
6750.8			2.0793041495650244
6751.700000000001			2.1045439545537783
6752.6			2.1152714937418655
6753.5			2.1065843208497297
6754.4			2.1072167973591607
6755.3			2.1205479588529785
6756.200000000001			2.125545637269799
6757.1			2.1176279734209413
6758.0			2.1161011283343174
6758.9			2.123691244383347
6759.8			2.1255346653225704
6760.700000000001			2.130803759426052
6761.6			2.1357043082051894
6762.5			2.1352023705465606
6763.4			2.1353151076480876
6764.3			2.123907661041353
6765.200000000001			2.114733718297388
6766.1			2.118499033179627
6767.0			2.1199231846442625
6767.9			2.115747474842697
6768.8			2.1219635769501606
6769.700000000001			2.148175438577406
6770.6			2.1661111935842396
6771.5			2.1625101927870083
6772.4			2.1690063873886123
6773.3			2.1848589454163143
6774.200000000001			2.186121311277123
6775.1			2.181100917342042
6776.0			2.1866565991414246
6776.9			2.2002482726886465
6777.8			2.217118733457631
6778.700000000001			2.222418642772104
6779.6			2.2075447573052913
6780.5			2.198613375020641
6781.4			2.2070249783960136
6782.3			2.2090851571468297
6783.200000000001			2.1974631927451793
6784.1			2.191005948306
6785.0			2.2008087024577727
6785.9			2.2115460946748953
6786.8			2.217226904510959
6787.700000000001			2.228470235877838
6788.6			2.244154627508703
6789.5			2.252469865315974
6790.4			2.2504844453815758
6791.3			2.245953881146285
6792.200000000001			2.2410924923480016
6793.1			2.237594993479293
6794.0			2.238189335114674
6794.9			2.247048900833339
6795.8			2.252775715551932
6796.700000000001			2.2548392921172504
6797.6			2.2631585449101776
6798.5			2.2644535775878754
6799.4			2.257546690711489
6800.3			2.26122592153939
6801.200000000001			2.281787471587115
6802.1			2.295458609665992
6803.0			2.2931069282702152
6803.9			2.2884919975426468
6804.8			2.288091183342564
6805.700000000001			2.2882656473252045
6806.6			2.2862187994330982
6807.5			2.2858105650726444
6808.4			2.291798890420284
6809.3			2.2966568365211333
6810.200000000001			2.294077228372357
6811.1			2.2960949986728365
6812.0			2.305071997514835
6812.9			2.3073962432008073
6813.8			2.300508509717429
6814.700000000001			2.296738276001552
6815.6			2.3028120129527956
6816.5			2.320058921813279
6817.4			2.342567505325913
6818.3			2.349387985303591
6819.200000000001			2.3387253394580854
6820.1			2.324549265534897
6821.0			2.3251395014003533
6821.9			2.346427176719853
6822.8			2.369698830875555
6823.700000000001			2.3766023933785045
6824.6			2.3691324552614774
6825.5			2.3611998490754527
6826.4			2.3618227762694515
6827.3			2.365588800032749
6828.200000000001			2.36096204653739
6829.1			2.355301975334665
6830.0			2.3665145151443934
6830.9			2.3856439573233796
6831.8			2.3893825807788325
6832.700000000001			2.375368097837324
6833.6			2.367577695708662
6834.5			2.376034671344422
6835.4			2.3896186331854734
6836.3			2.395826661654801
6837.200000000001			2.394863647988049
6838.1			2.3859826034941105
6839.0			2.371674923497999
6839.9			2.361394802326804
6840.8			2.358260722115531
6841.700000000001			2.355202699341759
6842.6			2.354274537656446
6843.5			2.367907469005606
6844.4			2.3998898510390174
6845.3			2.423203830650655
6846.200000000001			2.4226144710372624
6847.1			2.4205945202460457
6848.0			2.4304377518633413
6848.9			2.441071903809273
6849.8			2.4478856755673886
6850.700000000001			2.4508683715396917
6851.6			2.4489186305789135
6852.5			2.4583796747227216
6853.4			2.48063277034738
6854.3			2.4793303164581584
6855.200000000001			2.454679531960899
6856.1			2.444148384026215
6857.0			2.4551806708750323
6857.9			2.4724979062139876
6858.8			2.4886156147024043
6859.700000000001			2.502347763456446
6860.6			2.506101989340381
6861.5			2.495451757459545
6862.4			2.4901690403378964
6863.3			2.4986004126897257
6864.200000000001			2.5116796398480967
6865.1			2.5118323658588935
6866.0			2.4970702675067287
6866.9			2.490269728040033
6867.8			2.508823244326596
6868.700000000001			2.5348025210340492
6869.6			2.548010645994477
6870.5			2.5486937100209595
6871.4			2.5365426416502896
6872.3			2.523090524451345
6873.200000000001			2.5351541143977467
6874.1			2.5578223257383157
6875.0			2.569831749408234
6875.9			2.570243666266866
6876.8			2.5606073882904092
6877.700000000001			2.551166345833081
6878.6			2.5536737800132685
6879.5			2.5675164134922306
6880.4			2.571101479868036
6881.3			2.5542865575412392
6882.200000000001			2.536751856237416
6883.1			2.5470960860666705
6884.0			2.57646248716659
6884.9			2.5967588608973085
6885.8			2.6027901291251854
6886.700000000001			2.611112112343787
6887.6			2.6122911218108413
6888.5			2.6073959754985587
6889.4			2.624152096190809
6890.3			2.6478393322799842
6891.200000000001			2.6478599088063173
6892.1			2.642851947857795
6893.0			2.648880625296773
6893.9			2.6538671070253677
6894.8			2.6469258968684404
6895.700000000001			2.634719167623277
6896.6			2.639384419931465
6897.5			2.6499513272096444
6898.4			2.6430501393146844
6899.3			2.6387826191656636
6900.200000000001			2.666655875337042
6901.1			2.69942975002144
6902.0			2.692323193264346
6902.9			2.6731194063361574
6903.8			2.680433786080295
6904.700000000001			2.6988915901457666
6905.6			2.7051814090365593
6906.5			2.696323995386678
6907.4			2.684838304879542
6908.3			2.684599317078823
6909.200000000001			2.7043195167249094
6910.1			2.7299686163960843
6911.0			2.7418268578286122
6911.9			2.7393774554963444
6912.8			2.7356248610454186
6913.700000000001			2.738286720184643
6914.6			2.7475319522464776
6915.5			2.7510515685054804
6916.4			2.7374071058623715
6917.3			2.727647560788649
6918.200000000001			2.747489583996138
6919.1			2.7733445383269935
6920.0			2.7717060183650952
6920.9			2.7631877976662693
6921.8			2.7780647945570194
6922.700000000001			2.8047260463878287
6923.6			2.8073512615018203
6924.5			2.7819348831868242
6925.4			2.759939947370959
6926.3			2.7625638946161897
6927.200000000001			2.784029300606595
6928.1			2.807425502091703
6929.0			2.824686496076017
6929.9			2.836706472322742
6930.8			2.8298849043498806
6931.700000000001			2.8116256931556824
6932.6			2.8004841260960864
6933.5			2.803505669535242
6934.4			2.822487953284532
6935.3			2.8417645598671504
6936.200000000001			2.8482790293161684
6937.1			2.857202518185527
6938.0			2.866990994193411
6938.9			2.8749753103337023
6939.8			2.891667638989878
6940.700000000001			2.9107589765809188
6941.6			2.923753948950204
6942.5			2.9214745095996544
6943.4			2.911473553186195
6944.3			2.896428286190302
6945.200000000001			2.8707893785299086
6946.1			2.8689783103645703
6947.0			2.904348611170624
6947.9			2.9391125163835206
6948.8			2.9485568957459094
6949.700000000001			2.9417014960740424
6950.6			2.9303893896387536
6951.5			2.9121813571171806
6952.4			2.911541946526281
6953.3			2.9417777327274073
6954.200000000001			2.9646129746304104
6955.1			2.9747230948121692
6956.0			2.9856902159806156
6956.9			2.991123725947375
6957.8			2.9902266421226424
6958.700000000001			2.994240736759801
6959.6			3.010147193395867
6960.5			3.0205057324509594
6961.4			3.0162188447737623
6962.3			3.011809594325649
6963.200000000001			3.009609330029232
6964.1			3.005414351666363
6965.0			2.9935678869656774
6965.9			2.9765057735669314
6966.8			2.9738602046883815
6967.700000000001			2.9979871095818695
6968.6			3.0209613904660664
6969.5			3.0233294591660838
6970.4			3.032274651105572
6971.3			3.057130792775585
6972.200000000001			1.0
6973.1			0.9958178524745716
6974.0			0.990029506867961
6974.9			0.9851038160002333
6975.8			0.9787601242496902
6976.700000000001			0.9683574477923185
6977.6			0.9600316274641467
6978.5			0.9546126347229268
6979.4			0.9559093043199879
6980.3			0.969210964150613
6981.200000000001			0.9844123023024164
6982.1			0.9921950303463214
6983.0			0.9932117779826312
6983.9			0.9927634909426764
6984.8			0.9965282605208792
6985.700000000001			1.001935963106911
6986.6			1.007960590892454
6987.5			1.0123727037167707
6988.4			1.0109775605418616
6989.3			1.0058548683894701
6990.200000000001			1.0052911736519226
6991.1			1.012559773935751
6992.0			1.0210413887577081
6992.9			1.0260445650762389
6993.8			1.026605345200002
6994.700000000001			1.0226577731040902
6995.6			1.018991080956314
6996.5			1.0196934058185891
6997.4			1.0249123294967686
6998.3			1.0305561312849352
6999.200000000001			1.0289014727291463
7000.1			1.020264440392464
7001.0			1.0158488597507083
7001.9			1.0193295594314702
7002.8			1.0236048340625121
7003.700000000001			1.0224951549596901
7004.6			1.02072540383019
7005.5			1.0218787088619672
7006.4			1.022730810715615
7007.3			1.0259221734209563
7008.200000000001			1.0312881675798722
7009.1			1.0373271385983693
7010.0			1.0429025363186692
7010.9			1.042585199696045
7011.8			1.0390713271178542
7012.700000000001			1.0383442568138823
7013.6			1.036756832335336
7014.5			1.0342833044142647
7015.4			1.033962912693007
7016.3			1.0310791385560496
7017.200000000001			1.0203447616429173
7018.1			1.01483122155559
7019.0			1.0257420448504513
7019.9			1.0455942963497362
7020.8			1.0604025904739223
7021.700000000001			1.0638865585261228
7022.6			1.0593525985184487
7023.5			1.0481674086536885
7024.4			1.0379093769272563
7025.3			1.0373783231967328
7026.200000000001			1.046748390517632
7027.1			1.0631575485193712
7028.0			1.0763766339072927
7028.9			1.0788743796466822
7029.8			1.0723562384945644
7030.700000000001			1.0661340213462007
7031.6			1.0694727341927366
7032.5			1.0736394068548252
7033.4			1.0739571196222342
7034.3			1.0758327267672276
7035.200000000001			1.0747152355309395
7036.1			1.0750976372349512
7037.0			1.085610097516535
7037.9			1.0938339940158752
7038.8			1.0865278771540987
7039.700000000001			1.0780080207522946
7040.6			1.0863598372853114
7041.5			1.1019446363071572
7042.4			1.107419369836446
7043.3			1.1021904044276318
7044.200000000001			1.097163177756112
7045.1			1.0974882411791609
7046.0			1.0982087288044027
7046.9			1.0996972829519174
7047.8			1.1024482421201154
7048.700000000001			1.0998376913432963
7049.6			1.0953953886427394
7050.5			1.1003092010034123
7051.4			1.1101801938062776
7052.3			1.1119529043326157
7053.200000000001			1.1051805679755644
7054.1			1.0993638961178385
7055.0			1.1017845099611772
7055.9			1.1109135935608807
7056.8			1.1190772093006593
7057.700000000001			1.1241260289406356
7058.6			1.1246720427962777
7059.5			1.1224570428946294
7060.4			1.1223501125236321
7061.3			1.1252287279476092
7062.200000000001			1.1294061261068908
7063.1			1.1363675423248725
7064.0			1.1502691441377548
7064.9			1.1682320982773133
7065.8			1.176925893542661
7066.700000000001			1.1660906416752292
7067.6			1.141668508766534
7068.5			1.121324498722702
7069.4			1.120652350175919
7070.3			1.1371039762335655
7071.200000000001			1.151358651409281
7072.1			1.1533010200814413
7073.0			1.1450458977949958
7073.9			1.1416419666206734
7074.8			1.1522490384758757
7075.700000000001			1.1607852582459928
7076.6			1.1615535404169046
7077.5			1.1601547343603658
7078.4			1.160823697790255
7079.3			1.1617953330027508
7080.200000000001			1.159909587441129
7081.1			1.1609039101465135
7082.0			1.1694230928728053
7082.9			1.1798945826251543
7083.8			1.179054730286383
7084.700000000001			1.166063897650951
7085.6			1.1574105409557596
7086.5			1.158974023425745
7087.4			1.16541294165139
7088.3			1.1707388023190548
7089.200000000001			1.1674409220708333
7090.1			1.1585863646460417
7091.0			1.1544100898224914
7091.9			1.1630504462499607
7092.8			1.1741699026064092
7093.700000000001			1.1777910340317195
7094.6			1.1827919964826294
7095.5			1.1869762520261253
7096.4			1.1870657260900093
7097.3			1.1866248153438936
7098.200000000001			1.1890676194099898
7099.1			1.1978955877745658
7100.0			1.2050712255048746
7100.9			1.2058171461124327
7101.8			1.2078434639507791
7102.700000000001			1.2119744915540238
7103.6			1.2140537753421115
7104.5			1.2147368918916255
7105.4			1.2132749694983218
7106.3			1.2104334155003276
7107.200000000001			1.2087518019380172
7108.1			1.2101794349221708
7109.0			1.2162340042498658
7109.9			1.2236415986396032
7110.8			1.2252731776861736
7111.700000000001			1.2218458677444093
7112.6			1.2216544278372088
7113.5			1.2191348518391094
7114.4			1.2146642108364187
7115.3			1.2220278447084028
7116.200000000001			1.2332882758211894
7117.1			1.2358130399211376
7118.0			1.2337617948141608
7118.9			1.2343984889348958
7119.8			1.2357591198778335
7120.700000000001			1.2373273001399905
7121.6			1.2393898309720488
7122.5			1.232668108390088
7123.4			1.2279505345855388
7124.3			1.2443233892528733
7125.200000000001			1.2681102245986224
7126.1			1.2777733906934208
7127.0			1.2710785573056416
7127.9			1.261384449016022
7128.8			1.259393114062554
7129.700000000001			1.2664558199691633
7130.6			1.2658625068590796
7131.5			1.2513248370544316
7132.4			1.243683729510997
7133.3			1.2553480367816108
7134.200000000001			1.2720222031510757
7135.1			1.2819468638191993
7136.0			1.2870932356546383
7136.9			1.2909703013879643
7137.8			1.2939914161506747
7138.700000000001			1.296685503372575
7139.6			1.298084876491813
7140.5			1.3040345523298968
7141.4			1.312202374404968
7142.3			1.3110668486313586
7143.200000000001			1.3003051224320092
7144.1			1.2976885834712424
7145.0			1.3021981854392515
7145.9			1.299696333928519
7146.8			1.3002226439047753
7147.700000000001			1.3006875301902778
7148.6			1.2816670019971108
7149.5			1.259217364173105
7150.4			1.2705077719010738
7151.3			1.3038650204866387
7152.200000000001			1.3211172069181536
7153.1			1.326686593854049
7154.0			1.3324510918859982
7154.9			1.336096787886311
7155.8			1.3319738894539002
7156.700000000001			1.3335908147292823
7157.6			1.3424283688114396
7158.5			1.3442745903034519
7159.4			1.3415371775915361
7160.3			1.3433623524205986
7161.200000000001			1.3473500171655597
7162.1			1.3483197243800082
7163.0			1.3472540829034656
7163.9			1.3458617908530368
7164.8			1.3345348987891537
7165.700000000001			1.3152985219350763
7166.6			1.3200053409444388
7167.5			1.3503871532997773
7168.4			1.3761819595879454
7169.3			1.3912321746130873
7170.200000000001			1.3956171366523134
7171.1			1.3954964269573167
7172.0			1.3975431461766157
7172.9			1.3945087417944484
7173.8			1.392699846458774
7174.700000000001			1.4044338222727624
7175.6			1.410907471826656
7176.5			1.4051652979750622
7177.4			1.4079931745109964
7178.3			1.4225746828014643
7179.200000000001			1.437795417733273
7180.1			1.4364291142193577
7181.0			1.4153835056860546
7181.9			1.3961823006852814
7182.8			1.3931138602025592
7183.700000000001			1.398538024373299
7184.6			1.4052343421790832
7185.5			1.4103647460499285
7186.4			1.4111930243984945
7187.3			1.4049854177723413
7188.200000000001			1.3929422420486333
7189.1			1.3971926719168988
7190.0			1.4137405498746896
7190.9			1.4195565066778943
7191.8			1.4247405128060757
7192.700000000001			1.4336406990865758
7193.6			1.4296765605256574
7194.5			1.4204194517112707
7195.4			1.4244738016361647
7196.3			1.4400368696158992
7197.200000000001			1.4494630309219203
7198.1			1.4498074168035546
7199.0			1.4499262125444066
7199.9			1.4476975150627531
7200.8			1.435614407924047
7201.700000000001			1.429675613471076
7202.6			1.4293450845824545
7203.5			1.426099134693937
7204.4			1.436153134535762
7205.3			1.455658274555062
7206.200000000001			1.462530134861828
7207.1			1.443550799412171
7208.0			1.4129755932485601
7208.9			1.4030265437931153
7209.8			1.4236239320189947
7210.700000000001			1.4513822652937867
7211.6			1.472180878538069
7212.5			1.4816228204803945
7213.4			1.4801627708924816
7214.3			1.4816708991420262
7215.200000000001			1.4873726717181806
7216.1			1.4889571628191376
7217.0			1.4965620386109353
7217.9			1.5072771924676112
7218.8			1.509118529293894
7219.700000000001			1.5015470438413
7220.6			1.493909717877312
7221.5			1.4982887058836234
7222.4			1.5075871708976127
7223.3			1.5098817210215207
7224.200000000001			1.5034403581488032
7225.1			1.5048771272825288
7226.0			1.5189454464430443
7226.9			1.5311640230851575
7227.8			1.5383490077231192
7228.700000000001			1.5364516786295106
7229.6			1.5415094739696198
7230.5			1.5593017721020666
7231.4			1.5745526330199537
7232.3			1.5815682536316706
7233.200000000001			1.5794988935257503
7234.1			1.5801656249739418
7235.0			1.5848679906160081
7235.9			1.5969079760292377
7236.8			1.6140341780948806
7237.700000000001			1.6209008847548734
7238.6			1.6242382475653572
7239.5			1.6286880317556043
7240.4			1.629629415925829
7241.3			1.6299394507599907
7242.200000000001			1.6322824921955645
7243.1			1.630602673116919
7244.0			1.6273918602667845
7244.9			1.6250104449562859
7245.8			1.6294826620751492
7246.700000000001			1.6412960368628475
7247.6			1.6629983677757147
7248.5			1.682885092511837
7249.4			1.6858301022908124
7250.3			1.6702382458517162
7251.200000000001			1.6373111738340278
7252.1			1.606522367007045
7253.0			1.6002715509585357
7253.9			1.616803358603615
7254.8			1.6375961802555947
7255.700000000001			1.6451442176214623
7256.6			1.6446415376108767
7257.5			1.6519963316944246
7258.4			1.6742327823633616
7259.3			1.7002010595470665
7260.200000000001			1.705182947739353
7261.1			1.6911495563437298
7262.0			1.6777794646912854
7262.9			1.6703839082559715
7263.8			1.6783397006994463
7264.700000000001			1.6955470097903727
7265.6			1.713194417623203
7266.5			1.736678573213644
7267.4			1.7638522775921064
7268.3			1.7781590116364714
7269.200000000001			1.7768478584305911
7270.1			1.7685626978839786
7271.0			1.764496336611592
7271.9			1.7730272446092281
7272.8			1.781867635843016
7273.700000000001			1.7776159580701154
7274.6			1.7634945706264733
7275.5			1.7495379185115558
7276.4			1.7372302230775927
7277.3			1.7400161559911391
7278.200000000001			1.7570445409348805
7279.1			1.7659371904425176
7280.0			1.7634909174001168
7280.9			1.7607306684979314
7281.8			1.7572434735210907
7282.700000000001			1.7465256910848235
7283.6			1.7366051179439352
7284.5			1.7395998131919057
7285.4			1.7495617114801265
7286.3			1.7554464736407027
7287.200000000001			1.7571780135778297
7288.1			1.763322591693636
7289.0			1.7697109019805612
7289.9			1.7619626372906163
7290.8			1.7563664800665115
7291.700000000001			1.7719013291755166
7292.6			1.79677739320275
7293.5			1.8078991597934435
7294.4			1.8054825205913
7295.3			1.8147306345091374
7296.200000000001			1.848187769416793
7297.1			1.8823485233067194
7298.0			1.8968223334823393
7298.9			1.9009160868718382
7299.8			1.9100816728253367
7300.700000000001			1.9237615541312094
7301.6			1.93350289399193
7302.5			1.9343219075013012
7303.4			1.9343624297299433
7304.3			1.947833249685772
7305.200000000001			1.9692849695489059
7306.1			1.9805942788241646
7307.0			1.9807272468134849
7307.9			1.9700018656547849
7308.8			1.9557161311917746
7309.700000000001			1.95707633908154
7310.6			1.9765831853048346
7311.5			1.9873062381664879
7312.4			1.9757933607459874
7313.3			1.9756356320110444
7314.200000000001			2.002820636727686
7315.1			2.032799568158119
7316.0			2.0475925394472183
7316.9			2.045699005388559
7317.8			2.0395128502454765
7318.700000000001			2.049918257570118
7319.6			2.067298411007888
7320.5			2.0674150819196115
7321.4			2.057068441532495
7322.3			2.0464876105786427
7323.200000000001			2.046252729720032
7324.1			2.0617692951942157
7325.0			2.0800573333101307
7325.9			2.0811564317333007
7326.8			2.0666504503196648
7327.700000000001			2.0591915519905366
7328.6			2.0786116297367867
7329.5			2.1043363601906706
7330.4			2.1174499811451963
7331.3			2.1253277477514017
7332.200000000001			2.1311737716862957
7333.1			2.138831057927953
7334.0			2.1413314375486565
7334.9			2.1425272333420704
7335.8			2.15635410164855
7336.700000000001			2.171933391111381
7337.6			2.1830038815918456
7338.5			2.1921830940097933
7339.4			2.1984955932888086
7340.3			2.2064368246459645
7341.200000000001			2.2144871537813624
7342.1			2.2277987523421756
7343.0			2.241850771811382
7343.9			2.245908503145056
7344.8			2.2399525283458326
7345.700000000001			2.2282772829307365
7346.6			2.2213949264643746
7347.5			2.229969920388788
7348.4			2.2558347918651673
7349.3			2.2721939969481597
7350.200000000001			2.280265695219636
7351.1			2.290352655302907
7352.0			2.2881554547971295
7352.9			2.272891032633244
7353.8			2.2691147010991717
7354.700000000001			2.29545476550258
7355.6			2.3084326863217863
7356.5			2.292606333174952
7357.4			2.2868487113978597
7358.3			2.299721831528286
7359.200000000001			2.324324687226627
7360.1			2.3468479274946685
7361.0			2.367077838631628
7361.9			2.375807884956655
7362.8			2.368872406556316
7363.700000000001			2.35659682427828
7364.6			2.358595090000102
7365.5			2.3615758986084345
7366.4			2.3703814349830545
7367.3			2.3944878931052376
7368.200000000001			2.426573447287786
7369.1			2.4608407678095157
7370.0			2.4861845414085213
7370.9			2.4908645834777237
7371.8			2.4709066336180747
7372.700000000001			2.4602322738692424
7373.6			2.45753943439155
7374.5			2.4656598781177452
7375.4			2.47512876446891
7376.3			2.4750202762282134
7377.200000000001			2.4651538879652866
7378.1			2.4695716144464366
7379.0			2.4970383527507867
7379.9			2.5339365009185633
7380.8			2.5504020799226654
7381.700000000001			2.5584260708341446
7382.6			2.5472103223842617
7383.5			2.52593268198303
7384.4			2.5128592843519613
7385.3			2.5060792974869
7386.200000000001			4.992481473510775
7387.1			2.4464648249108722
7388.0			2.443848113672874
7388.9			2.4495384249586527
7389.8			2.432285795273174
7390.700000000001			2.4396759997104014
7391.6			2.4868558095136124
7392.5			2.533807763766347
7393.4			2.550546941371053
7394.3			2.552043515094664
7395.200000000001			2.5472159147775004
7396.1			2.557045571242602
7397.0			2.5934685127113233
7397.9			2.6424865597917684
7398.8			2.6926822005979094
7399.700000000001			2.702600157996757
7400.6			2.701374837027813
7401.5			2.6996606344046135
7402.4			2.708601202168666
7403.3			2.7206159540378523
7404.200000000001			2.7472418086407284
7405.1			2.774330438472258
7406.0			2.791512754137225
7406.9			2.780294175836488
7407.8			2.7687847026584818
7408.700000000001			2.780947942813701
7409.6			2.7824191370135196
7410.5			2.760621912307309
7411.4			2.7454264770478836
7412.3			2.779517298157484
7413.200000000001			2.8506780938797225
7414.1			2.4795739359452043
7415.0			0.7862986031940528
7415.9			0.03915151214491217
7416.8			4.454536166191323e-05
7417.700000000001			4.4755665196460076e-05
7418.6			4.49679638824068e-05
7419.5			4.518228624710011e-05
7420.4			4.539866136434942e-05
7421.3			4.5617118867574604e-05
7422.200000000001			4.5837688963335325e-05
7423.1			4.606040244525468e-05
7424.0			4.6285290708350846e-05
7424.9			4.65123857637905e-05
7425.8			4.67417202540788e-05
7426.700000000001			4.697332746870088e-05
7427.6			4.720724136023081e-05
7428.5			4.744349656092417e-05
7429.4			1.0
