3500.0			1.0
3500.9			1.0
3501.8			1.0
3502.7			1.0
3503.6			1.0
3504.5			1.0
3505.4			1.0
3506.3			1.0
3507.2			1.0
3508.1			1.0
3509.0			1.0
3509.9			1.0
3510.8			1.0
3511.7			1.0
3512.6			1.0
3513.5			1.0
3514.4			1.0
3515.3			1.0
3516.2			1.0
3517.1			1.0
3518.0			1.0
3518.9			1.0
3519.8			1.0
3520.7			1.0
3521.6			1.0
3522.5			1.0
3523.4			1.0
3524.3			1.0
3525.2			1.0
3526.1			1.0
3527.0			1.0
3527.9			1.0
3528.8			1.0
3529.7			1.0
3530.6			1.0
3531.5			1.0
3532.4			1.0
3533.3			1.0
3534.2			1.0
3535.1			1.0
3536.0			1.0
3536.9			1.0
3537.8			1.0
3538.7			1.0
3539.6			1.0
3540.5			1.0
3541.4			1.0
3542.3			1.0
3543.2			1.0
3544.1			1.0
3545.0			1.0
3545.9			1.0
3546.8			1.0
3547.7			1.0
3548.6			1.0
3549.5			1.0
3550.4			1.0
3551.3			1.0
3552.2			1.0
3553.1			1.0
3554.0			1.0
3554.9			1.0
3555.8			1.0
3556.7			1.0
3557.6			1.0
3558.5			1.0
3559.4			1.0
3560.3			1.0
3561.2			1.0
3562.1			1.0
3563.0			1.0
3563.9			1.0
3564.8			1.0
3565.7			1.0
3566.6			1.0
3567.5			1.0
3568.4			1.0
3569.3			1.0
3570.2			1.0
3571.1			1.0
3572.0			1.0
3572.9			1.0
3573.8			1.0
3574.7			1.0
3575.6			1.0
3576.5			1.0
3577.4			1.0
3578.3			1.0
3579.2			1.0
3580.1			1.0
3581.0			1.0
3581.9			1.0
3582.8			1.0
3583.7			1.0
3584.6			1.0
3585.5			1.0
3586.4			1.0
3587.3			1.0
3588.2			1.0
3589.1			1.0
3590.0			1.0
3590.9			1.0
3591.8			1.0
3592.7			1.0
3593.6			1.0
3594.5			1.0
3595.4			1.0
3596.3			1.0
3597.2			1.0
3598.1			1.0
3599.0			1.0
3599.9			1.0
3600.8			1.0
3601.7			1.0
3602.6			1.0
3603.5			1.0
3604.4			1.0
3605.3			1.0
3606.2			1.0
3607.1			1.0
3608.0			1.0
3608.9			1.0
3609.8			1.0
3610.7			1.0
3611.6			1.0
3612.5			1.0
3613.4			1.0
3614.3			1.0
3615.2			1.0
3616.1			1.0
3617.0			1.0
3617.9			1.0
3618.8			1.0
3619.7			1.0
3620.6			1.0
3621.5			1.0
3622.4			1.0
3623.3			1.0
3624.2			1.0
3625.1			1.0
3626.0			1.0
3626.9			1.0
3627.8			1.0
3628.7			1.0
3629.6			1.0
3630.5			1.0
3631.4			1.0
3632.3			1.0
3633.2			1.0
3634.1			1.0
3635.0			1.0
3635.9			1.0
3636.8			1.0
3637.7			1.0
3638.6			1.0
3639.5			1.0
3640.4			1.0
3641.3			1.0
3642.2			1.0
3643.1			1.0
3644.0			1.0
3644.9			1.0
3645.8			1.0
3646.7			1.0
3647.6			1.0
3648.5			1.0
3649.4			1.0
3650.3			1.0
3651.2			1.0
3652.1			1.0
3653.0			1.0
3653.9			1.0
3654.8			1.0
3655.7			1.0
3656.6			1.0
3657.5			1.0
3658.4			1.0
3659.3			1.0
3660.2			1.0
3661.1			1.0
3662.0			1.0
3662.9			1.0
3663.8			1.0
3664.7			1.0
3665.6			1.0
3666.5			1.0
3667.4			1.0
3668.3			1.0
3669.2			1.0
3670.1			1.0
3671.0			1.0
3671.9			1.0
3672.8			1.0
3673.7			1.0
3674.6			1.0
3675.5			1.0
3676.4			1.0
3677.3			1.0
3678.2			1.0
3679.1			1.0
3680.0			1.0
3680.9			1.0
3681.8			1.0
3682.7			1.0
3683.6			1.0
3684.5			1.0
3685.4			1.0
3686.3			1.0
3687.2			1.0
3688.1			1.0
3689.0			1.0
3689.9			1.0
3690.8			1.0
3691.7			1.0
3692.6			1.0
3693.5			1.0
3694.4			1.0
3695.3			1.0
3696.2			1.0
3697.1			1.0
3698.0			1.0
3698.9			1.0
3699.8			1.0
3700.7			1.0
3701.6			1.0
3702.5			1.0
3703.4			1.0
3704.3			1.0
3705.2			1.0
3706.1			1.0
3707.0			1.0
3707.9			1.0
3708.8			1.0
3709.7			1.0
3710.6			1.0
3711.5			1.0
3712.4			1.0
3713.3			1.0
3714.2			1.0
3715.1			1.0
3716.0			1.0
3716.9			1.0
3717.8			1.0
3718.7			1.0
3719.6			1.0
3720.5			1.0
3721.4			1.0
3722.3			1.0
3723.2			1.0
3724.1			1.0
3725.0			1.0
3725.9			1.0
3726.8			1.0
3727.7			1.0
3728.6			1.0
3729.5			1.0
3730.4			1.0
3731.3			1.0
3732.2			1.0
3733.1			1.0
3734.0			1.0
3734.9			1.0
3735.8			1.0
3736.7			1.0
3737.6			1.0
3738.5			1.0
3739.4			1.0
3740.3			1.0
3741.2			1.0
3742.1			1.0
3743.0			1.0
3743.9			1.0
3744.8			1.0
3745.7			1.0
3746.6			1.0
3747.5			1.0
3748.4			1.0
3749.3			1.0
3750.2			1.0
3751.1			1.0
3752.0			1.0
3752.9			1.0
3753.8			1.0
3754.7			1.0
3755.6			1.0
3756.5			1.0
3757.4			1.0
3758.3			1.0
3759.2			1.0
3760.1			1.0
3761.0			1.0
3761.9			1.0
3762.8			1.0
3763.7			1.0
3764.6			1.0
3765.5			1.0
3766.4			1.0
3767.3			1.0
3768.2			1.0
3769.1			1.0
3770.0			1.0
3770.9			1.0
3771.8			1.0
3772.7			1.0
3773.6			1.0
3774.5			1.0
3775.4			1.0
3776.3			1.0
3777.2			1.0
3778.1			1.0
3779.0			1.0
3779.9			1.0
3780.8			1.0
3781.7			1.0
3782.6			1.0
3783.5			1.0
3784.4			1.0
3785.3			1.0
3786.2			1.0
3787.1			1.0
3788.0			1.0
3788.9			1.0
3789.8			1.0
3790.7			1.0
3791.6			1.0
3792.5			1.0
3793.4			1.0
3794.3			1.0
3795.2			1.0
3796.1			1.0
3797.0			1.0
3797.9			1.0
3798.8			1.0
3799.7			1.0
3800.6			1.0
3801.5			1.0
3802.4			1.0
3803.3			1.0
3804.2			1.0
3805.1			1.0
3806.0			1.0
3806.9			1.0
3807.8			1.0
3808.7			1.0
3809.6			1.0
3810.5			1.0
3811.4			1.0
3812.3			1.0
3813.2			1.0
3814.1			1.0
3815.0			1.0
3815.9			1.0
3816.8			1.0
3817.7			1.0
3818.6			1.0
3819.5			1.0
3820.4			1.0
3821.3			1.0
3822.2			1.0
3823.1			1.0
3824.0			1.0
3824.9			1.0
3825.8			1.0
3826.7			1.0
3827.6			1.0
3828.5			1.0
3829.4			1.0
3830.3			1.0
3831.2			1.0
3832.1			1.0
3833.0			1.0
3833.9			1.0
3834.8			1.0
3835.7			1.0
3836.6			1.0
3837.5			1.0
3838.4			1.0
3839.3			1.0
3840.2			1.0
3841.1			1.0
3842.0			1.0
3842.9			1.0
3843.8			1.0
3844.7			1.0
3845.6			1.0
3846.5			1.0
3847.4			1.0
3848.3			1.0
3849.2			1.0
3850.1			1.0
3851.0			1.0
3851.9			1.0
3852.8			1.0
3853.7			1.0
3854.6			1.0
3855.5			1.0
3856.4			1.0
3857.3			1.0
3858.2			1.0
3859.1			1.0
3860.0			1.0
3860.9			1.0
3861.8			1.0
3862.7			1.0
3863.6			1.0
3864.5			1.0
3865.4			1.0
3866.3			1.0
3867.2			1.0
3868.1			1.0
3869.0			1.0
3869.9			1.0
3870.8			1.0
3871.7			1.0
3872.6			1.0
3873.5			1.0
3874.4			1.0
3875.3			1.0
3876.2			1.0
3877.1			1.0
3878.0			1.0
3878.9			1.0
3879.8			1.0
3880.7			1.0
3881.6			1.0
3882.5			1.0
3883.4			1.0
3884.3			1.0
3885.2			1.0
3886.1			1.0
3887.0			1.0
3887.9			1.0
3888.8			1.0
3889.7			1.0
3890.6			1.0
3891.5			1.0
3892.4			1.0
3893.3			1.0
3894.2			1.0
3895.1			1.0
3896.0			1.0
3896.9			1.0
3897.8			1.0
3898.7			1.0
3899.6			1.0
3900.5			1.0
3901.4			1.0
3902.3			1.0
3903.2			1.0
3904.1			1.0
3905.0			1.0
3905.9			1.0
3906.8			1.0
3907.7			1.0
3908.6			1.0
3909.5			1.0
3910.4			1.0
3911.3			1.0
3912.2			1.0
3913.1			1.0
3914.0			1.0
3914.9			1.0
3915.8			1.0
3916.7			1.0
3917.6			1.0
3918.5			1.0
3919.4			1.0
3920.3			1.0
3921.2			1.0
3922.1			1.0
3923.0			1.0
3923.9			1.0
3924.8			1.0
3925.7			1.0
3926.6			1.0
3927.5			1.0
3928.4			1.0
3929.3			1.0
3930.2			1.0
3931.1			1.0
3932.0			1.0
3932.9			1.0
3933.8			1.0
3934.7			1.0
3935.6			1.0
3936.5			1.0
3937.4			1.0
3938.3			1.0
3939.2			1.0
3940.1			1.0
3941.0			1.0
3941.9			1.0
3942.8			1.0
3943.7			1.0
3944.6			1.0
3945.5			1.0
3946.4			1.0
3947.3			1.0
3948.2			1.0
3949.1			1.0
3950.0			1.0
3950.9			1.0
3951.8			1.0
3952.7			1.0
3953.6			1.0
3954.5			1.0
3955.4			1.0
3956.3			1.0
3957.2			1.0
3958.1			1.0
3959.0			1.0
3959.9			1.0
3960.8			1.0
3961.7			1.0
3962.6			1.0
3963.5			1.0
3964.4			1.0
3965.3			1.0
3966.2			1.0
3967.1			1.0
3968.0			1.0
3968.9			1.0
3969.8			1.0
3970.7			1.0
3971.6			1.0
3972.5			1.0
3973.4			1.0
3974.3			1.0
3975.2			1.0
3976.1			1.0
3977.0			1.0
3977.9			1.0
3978.8			1.0
3979.7			1.0
3980.6			1.0
3981.5			1.0
3982.4			1.0
3983.3			1.0
3984.2			1.0
3985.1			1.0
3986.0			1.0
3986.9			1.0
3987.8			1.0
3988.7			1.0
3989.6			1.0
3990.5			1.0
3991.4			1.0
3992.3			1.0
3993.2			1.0
3994.1			1.0
3995.0			1.0
3995.9			1.0
3996.8			1.0
3997.7			1.0
3998.6			1.0
3999.5			1.0
4000.4			1.0
4001.3			1.0
4002.2			1.0
4003.1			1.0
4004.0			1.0
4004.9			1.0
4005.8			1.0
4006.7			1.0
4007.6			1.0
4008.5			1.0
4009.4			1.0
4010.3			1.0
4011.2			1.0
4012.1			1.0
4013.0			1.0
4013.9			1.0
4014.8			1.0
4015.7			1.0
4016.6			1.0
4017.5			1.0
4018.4			1.0
4019.3			1.0
4020.2			1.0
4021.1			1.0
4022.0			1.0
4022.9			1.0
4023.8			1.0
4024.7			1.0
4025.6			1.0
4026.5			1.0
4027.4			1.0
4028.3			0.9862325055755418
4029.2			0.8946401119475639
4030.1			0.7302879936552075
4031.0			0.6092958040014438
4031.9			0.5757565344502193
4032.8			0.5553735440364607
4033.7			0.5452443139035712
4034.6			0.6094468312067691
4035.5			0.746994497901088
4036.4			0.897480348745998
4037.3			0.9957099359839575
4038.2			1.0193946992871539
4039.1			0.9974711377545593
4040.0			1.0
4040.9			1.0
4041.8			1.0
4042.7			0.9847083930481256
4043.6			0.9077141185406332
4044.5			0.7619400076038467
4045.4			0.6360978929926138
4046.3			0.6307581150330784
4047.2			0.7361754743109222
4048.1			0.8566341900422922
4049.0			0.9442089373509539
4049.9			1.001566607298416
4050.8			1.0
4051.7			1.0
4052.6			1.0
4053.5			1.0
4054.4			1.0
4055.3			1.0
4056.2			1.0
4057.1			1.0
4058.0			1.0
4058.9			1.0
4059.8			1.0361301261841576
4060.7			1.0457454308375602
4061.6			1.001383722092282
4062.5			0.8874537810663123
4063.4			0.7823251806647524
4064.3			0.789737063083982
4065.2			0.8874247980847516
4066.1			0.9684949773008448
4067.0			0.9983497358636192
4067.9			1.0
4068.8			1.0
4069.7			1.0
4070.6			1.0
4071.5			1.0
4072.4			1.0
4073.3			1.0
4074.2			1.0
4075.1			1.0
4076.0			1.0
4076.9			1.0
4077.8			1.0
4078.7			1.0
4079.6			1.0
4080.5			1.0
4081.4			1.0
4082.3			1.0
4083.2			1.0
4084.1			1.0
4085.0			1.0
4085.9			1.0
4086.8			1.0
4087.7			1.0
4088.6			1.0
4089.5			1.0
4090.4			1.0
4091.3			1.0
4092.2			1.0
4093.1			1.0
4094.0			1.0
4094.9			1.0
4095.8			1.0
4096.7			1.0
4097.6			1.0
4098.5			1.0
4099.4			1.0
4100.3			1.0
4101.2			1.0
4102.1			1.0
4103.0			1.0
4103.9			1.0
4104.8			1.0
4105.7			1.0
4106.6			1.0
4107.5			1.0
4108.4			1.0
4109.3			1.0
4110.2			1.0
4111.1			1.0
4112.0			1.0
4112.9			1.0
4113.8			1.0
4114.7			1.0
4115.6			1.0
4116.5			1.0
4117.4			1.0
4118.3			1.0
4119.2			1.0
4120.1			1.0
4121.0			1.0
4121.9			1.0
4122.8			1.0
4123.7			1.0
4124.6			1.0
4125.5			1.0
4126.4			1.0
4127.3			1.0
4128.2			1.0
4129.1			1.0
4130.0			1.0
4130.9			1.0
4131.8			1.0
4132.7			1.0
4133.6			1.0
4134.5			1.0
4135.4			1.0
4136.3			1.0
4137.2			1.0
4138.1			1.0
4139.0			1.0
4139.9			1.0146444952478788
4140.8			0.9910939132174997
4141.7			0.8864092439736395
4142.6			0.7374280770720076
4143.5			0.6756435546549222
4144.4			0.7518494325196707
4145.3			0.881366268978603
4146.2			0.967408717238354
4147.1			1.0019467711461942
4148.0			1.0
4148.9			1.0
4149.8			1.0
4150.7			1.0
4151.6			1.0
4152.5			1.0
4153.4			1.0
4154.3			1.0
4155.2			1.0
4156.1			1.0
4157.0			1.0
4157.9			1.0
4158.8			1.0
4159.7			1.0
4160.6			1.0
4161.5			1.0
4162.4			1.0
4163.3			1.0
4164.2			1.0
4165.1			1.0
4166.0			1.0
4166.9			1.0
4167.8			1.0
4168.7			1.0
4169.6			1.0
4170.5			1.0
4171.4			1.0
4172.3			1.0
4173.2			1.0
4174.1			1.0
4175.0			1.0
4175.9			1.0
4176.8			1.0
4177.7			1.0
4178.6			1.0
4179.5			1.0
4180.4			1.0
4181.3			1.0
4182.2			1.0
4183.1			1.0
4184.0			1.0
4184.9			1.0
4185.8			1.0
4186.7			1.0
4187.6			1.0
4188.5			1.0
4189.4			1.0
4190.3			1.0
4191.2			1.0
4192.1			1.0
4193.0			1.0
4193.9			1.0
4194.8			1.0
4195.7			1.0
4196.6			1.0
4197.5			1.0
4198.4			1.0
4199.3			1.0
4200.2			1.0
4201.1			1.0
4202.0			1.0
4202.9			1.0
4203.8			1.0
4204.7			1.0
4205.6			1.0
4206.5			1.0
4207.4			1.0
4208.3			1.0
4209.2			1.0
4210.1			1.0
4211.0			1.0
4211.9			1.01899562328835
4212.8			0.9996829835829337
4213.7			0.9525163763189506
4214.6			0.8949690707096495
4215.5			0.8402547714251934
4216.4			0.8167245730558422
4217.3			0.8208108057146675
4218.2			0.8149321924825033
4219.1			0.7810191678845728
4220.0			0.7339267302220599
4220.9			0.6777615359495825
4221.8			0.6098815513422036
4222.7			0.5395131531619812
4223.6			0.4634949035047952
4224.5			0.37570945937088224
4225.4			0.2833103435139014
4226.3			0.21668254421320823
4227.2			0.21800344485299866
4228.1			0.2920591772674959
4229.0			0.3943839407303667
4229.9			0.4878909161723587
4230.8			0.567944975419202
4231.7			0.6332545011051298
4232.6			0.6892442322215585
4233.5			0.7423094416197987
4234.4			0.7864374704799402
4235.3			0.824821501150023
4236.2			0.8817683773321765
4237.1			0.9631247799531512
4238.0			1.0230230152531234
4238.9			1.027478780317319
4239.8			1.0055037957317494
4240.7			0.9970817531112596
4241.6			1.0
4242.5			1.0
4243.4			1.0
4244.3			1.0
4245.2			1.0
4246.1			1.0
4247.0			1.0
4247.9			1.0
4248.8			1.0
4249.7			1.0
4250.6			0.9224751843072097
4251.5			0.9057609059172047
4252.4			0.8689019079741573
4253.3			0.7556898624477326
4254.2			0.6656390188334446
4255.1			0.7175892105751089
4256.0			0.8724956486190365
4256.9			0.9864499527425948
4257.8			1.0015207222179885
4258.7			1.0
4259.6			1.0
4260.5			1.0
4261.4			1.0
4262.3			1.0
4263.2			1.0
4264.1			1.0
4265.0			1.0
4265.9			1.0
4266.8			1.0
4267.7			1.0
4268.6			1.0
4269.5			0.9486721891561012
4270.4			0.844127100816064
4271.3			0.7319847894567335
4272.2			0.6851026694731809
4273.1			0.6761155803454668
4274.0			0.6385892249812548
4274.9			0.6180043968895591
4275.8			0.6879419907091788
4276.7			0.8194375479530803
4277.6			0.9453097109462781
4278.5			1.0271548432632502
4279.4			1.0413175833083292
4280.3			1.000758150652332
4281.2			1.0
4282.1			1.0
4283.0			1.0
4283.9			1.0
4284.8			1.0
4285.7			1.0
4286.6			0.9329064268010024
4287.5			0.8374042965998979
4288.4			0.7132583889862163
4289.3			0.6022531202837295
4290.2			0.5912135648912412
4291.1			0.7012212050643108
4292.0			0.8575846112727261
4292.9			0.9669550264919288
4293.8			1.0004827600275696
4294.7			1.0
4295.6			1.0
4296.5			1.0
4297.4			1.0
4298.3			1.0
4299.2			1.0
4300.1			1.0
4301.0			1.0
4301.9			1.0
4302.8			1.0
4303.7			1.0
4304.6			1.0
4305.5			0.9184441776336943
4306.4			0.7970798123125592
4307.3			0.705156084098977
4308.2			0.6824748646282562
4309.1			0.7541736312589914
4310.0			0.8849332405135227
4310.9			1.0056678380291735
4311.8			1.0
4312.7			1.0
4313.6			1.0
4314.5			1.0
4315.4			1.0
4316.3			1.0
4317.2			1.0
4318.1			1.0
4319.0			1.0
4319.9			1.0
4320.8			1.0
4321.7			1.0
4322.6			0.9967630829274041
4323.5			0.9436266602162127
4324.4			0.8218349258616099
4325.3			0.7080296380346894
4326.2			0.7182081075383169
4327.1			0.855967748104581
4328.0			0.9988633724203326
4328.9			1.0
4329.8			1.0
4330.7			1.0
4331.6			1.0
4332.5			1.0
4333.4			1.0
4334.3			1.0361756143105638
4335.2			1.0412826759055023
4336.1			0.9862393444256743
4337.0			0.8895794000709663
4337.9			0.8294273584305255
4338.8			0.8359530838340647
4339.7			0.8754903814713272
4340.6			0.9345154430157507
4341.5			0.9970264787542619
4342.4			1.0
4343.3			1.0
4344.2			1.0
4345.1			1.0
4346.0			1.0
4346.9			1.0
4347.8			1.0
4348.7			1.0388574097371988
4349.6			1.0129640516654426
4350.5			0.9161143288898449
4351.4			0.8009361657612446
4352.3			0.7417208742325534
4353.2			0.7756868675487535
4354.1			0.865461018430426
4355.0			0.9424482790344977
4355.9			0.9979811432976454
4356.8			1.0
4357.7			1.0
4358.6			1.0
4359.5			1.0
4360.4			1.0
4361.3			1.0
4362.2			1.0
4363.1			1.0
4364.0			1.0
4364.9			1.0
4365.8			1.0
4366.7			1.0
4367.6			1.0
4368.5			1.0
4369.4			1.0
4370.3			1.0
4371.2			1.0
4372.1			1.0
4373.0			1.0
4373.9			1.0
4374.8			1.0
4375.7			1.0
4376.6			1.0
4377.5			1.0
4378.4			1.0
4379.3			1.0
4380.2			0.9843021364241675
4381.1			0.9735258931224031
4382.0			0.8593626081217612
4382.9			0.6836664763251702
4383.8			0.6008649300133421
4384.7			0.6906450797318079
4385.6			0.8686332488306684
4386.5			0.9875278609940936
4387.4			0.9863051523153475
4388.3			1.0
4389.2			1.0
4390.1			1.0
4391.0			1.0
4391.9			1.0
4392.8			1.0
4393.7			1.0
4394.6			1.0
4395.5			1.0
4396.4			1.0
4397.3			1.0
4398.2			1.0
4399.1			1.0
4400.0			0.96625335427406
4400.9			0.9555733620925803
4401.8			0.9614085931555382
4402.7			0.916806095791855
4403.6			0.7940946224659674
4404.5			0.6931842732975161
4405.4			0.7125349839694618
4406.3			0.7925793176003869
4407.2			0.8347004101213209
4408.1			0.8789545793807881
4409.0			0.9963119217043062
4409.9			1.0
4410.8			1.0
4411.7			1.0
4412.6			0.9661985938214125
4413.5			0.9170533552186847
4414.4			0.8338224671061608
4415.3			0.7921845439232701
4416.2			0.8462102079980076
4417.1			0.9396974837208446
4418.0			0.9961097494043086
4418.9			1.0
4419.8			1.0
4420.7			1.0
4421.6			1.0
4422.5			0.9665916176287153
4423.4			0.9422471917973029
4424.3			0.8846197316081629
4425.2			0.8052968253708211
4426.1			0.7805434265850028
4427.0			0.8346920603024067
4427.9			0.9213839029617853
4428.8			0.9801733003308208
4429.7			0.9985463702936705
4430.6			1.0
4431.5			1.0
4432.4			0.9818241020081312
4433.3			0.854667181455177
4434.2			0.6948652730196514
4435.1			0.626616228586986
4436.0			0.7064428385266031
4436.9			0.8627455247980386
4437.8			0.9990744705554374
4438.7			1.0
4439.6			1.0
4440.5			1.0
4441.4			1.0
4442.3			1.0
4443.2			1.0
4444.1			1.0
4445.0			1.0
4445.9			1.0
4446.8			1.0
4447.7			1.0
4448.6			1.0
4449.5			1.0118058244448005
4450.4			1.0099521631448434
4451.3			0.9957852652580553
4452.2			0.9464990126156322
4453.1			0.8383467964615012
4454.0			0.7024965062965144
4454.9			0.6303339449967413
4455.8			0.6841702818001388
4456.7			0.8198377751958497
4457.6			0.9435862920545751
4458.5			1.003405863284522
4459.4			1.014327829674309
4460.3			1.0154532030495313
4461.2			1.0
4462.1			1.0
4463.0			1.0
4463.9			1.0
4464.8			1.0
4465.7			1.0
4466.6			1.0
4467.5			1.0
4468.4			1.0
4469.3			1.0
4470.2			1.0
4471.1			1.0
4472.0			1.0
4472.9			1.0
4473.8			1.0
4474.7			1.0
4475.6			1.0
4476.5			1.0
4477.4			1.0
4478.3			1.0
4479.2			0.9520418301188681
4480.1			0.8829611453833422
4481.0			0.8200699005870539
4481.9			0.8034383914499063
4482.8			0.8601226079189888
4483.7			0.9476814120790226
4484.6			1.0002948644531697
4485.5			1.0
4486.4			1.0
4487.3			1.0
4488.2			1.0
4489.1			1.0
4490.0			1.0
4490.9			1.0
4491.8			1.0
4492.7			0.9878882681518366
4493.6			0.9291329995280254
4494.5			0.8648351137950555
4495.4			0.8265131245427944
4496.3			0.82197036920823
4497.2			0.8663497018787266
4498.1			0.9430731683061621
4499.0			0.9957102209520817
4499.9			1.0000831333578535
4500.8			1.0
4501.7			1.0
4502.6			1.0
4503.5			1.0
4504.4			1.0
4505.3			1.0
4506.2			1.0
4507.1			1.0
4508.0			1.0
4508.9			1.0
4509.8			1.0080281487442766
4510.7			0.9876905645059726
4511.6			0.9392317441947944
4512.5			0.911102480819266
4513.4			0.9367825432972526
4514.3			0.9837005387958299
4515.2			1.0037438586989103
4516.1			1.0
4517.0			1.0
4517.9			1.0
4518.8			1.0
4519.7			1.0
4520.6			1.0
4521.5			1.0
4522.4			1.0
4523.3			1.0
4524.2			1.0
4525.1			1.0
4526.0			1.0
4526.9			1.0
4527.8			1.0
4528.7			1.0
4529.6			1.0
4530.5			0.9940508565840375
4531.4			0.9589688285140172
4532.3			0.8914950038740553
4533.2			0.7890994598688387
4534.1			0.6872268936371746
4535.0			0.6555643100996211
4535.9			0.7476757742845573
4536.8			0.9131504031531252
4537.7			1.0289915864634744
4538.6			1.043857021870345
4539.5			1.0
4540.4			0.9661620735034961
4541.3			0.9729077280453274
4542.2			1.0047820843526665
4543.1			1.0008463599064175
4544.0			0.9383743405714177
4544.9			0.8756215092451707
4545.8			0.8721798974779058
4546.7			0.8976646223640898
4547.6			0.9020078937405785
4548.5			0.9084059519122524
4549.4			0.953509351731919
4550.3			1.0031460386169362
4551.2			1.0002582530534334
4552.1			1.0
4553.0			1.0
4553.9			1.0
4554.8			1.0
4555.7			1.0
4556.6			1.0
4557.5			1.0
4558.4			1.0
4559.3			1.0
4560.2			1.0
4561.1			1.0
4562.0			1.0
4562.9			1.0
4563.8			1.0
4564.7			1.0
4565.6			1.0
4566.5			1.0
4567.4			1.0
4568.3			1.0
4569.2			0.9613129644157861
4570.1			0.9003178505380816
4571.0			0.873454358113494
4571.9			0.9186616621397149
4572.8			0.9933714985176181
4573.7			1.0
4574.6			1.0
4575.5			1.0
4576.4			1.0
4577.3			1.0
4578.2			1.0
4579.1			1.0
4580.0			1.0
4580.9			1.0
4581.8			1.0
4582.7			1.0680003252650134
4583.6			1.03585845802003
4584.5			0.9197647360478644
4585.4			0.8203874970775599
4586.3			0.8310953604029788
4587.2			0.9265353740975745
4588.1			1.004227449972439
4589.0			1.0
4589.9			1.0
4590.8			1.0
4591.7			1.0
4592.6			1.0
4593.5			1.0
4594.4			1.0
4595.3			1.0
4596.2			1.0
4597.1			1.0
4598.0			1.0
4598.9			1.0
4599.8			1.0
4600.7			1.0
4601.6			1.0
4602.5			1.0
4603.4			1.0
4604.3			1.0
4605.2			0.9473864922244062
4606.1			0.8706205862638444
4607.0			0.8544612772296639
4607.9			0.9276194792655839
4608.8			1.004328642728461
4609.7			1.0
4610.6			1.0
4611.5			1.0
4612.4			1.0
4613.3			1.0
4614.2			1.0
4615.1			1.0
4616.0			1.0
4616.9			1.0
4617.8			1.0
4618.7			1.0
4619.6			1.0
4620.5			1.0
4621.4			1.0
4622.3			1.0
4623.2			1.0
4624.1			1.0
4625.0			1.0
4625.9			1.0
4626.8			1.0
4627.7			1.0
4628.6			1.0
4629.5			1.0
4630.4			1.0
4631.3			1.0
4632.2			1.0
4633.1			0.9729875899358443
4634.0			0.9668692477706885
4634.9			0.9713168563039107
4635.8			0.963797390560684
4636.7			0.9306786003158197
4637.6			0.8907948703581686
4638.5			0.8563078947166263
4639.4			0.8433791397135756
4640.3			0.8899474345114702
4641.2			0.9640341799508092
4642.1			0.9925197138298878
4643.0			0.9747081451570876
4643.9			0.933708269781639
4644.8			0.860576933897734
4645.7			0.7931100441765715
4646.6			0.7968243526145631
4647.5			0.8438301171554532
4648.4			0.869806201583861
4649.3			0.8691389270340493
4650.2			0.846030340760707
4651.1			0.8157389990407785
4652.0			0.8256114777316754
4652.9			0.8602499685825731
4653.8			0.8610654189575435
4654.7			0.8367525890069331
4655.6			0.8307191412795825
4656.5			0.868610459244547
4657.4			0.9386533783282988
4658.3			0.9977806988099025
4659.2			1.0
4660.1			1.0
4661.0			1.0
4661.9			1.0
4662.8			1.0
4663.7			0.9779738154534507
4664.6			0.9724055790755937
4665.5			0.9494036770257227
4666.4			0.8756700803032577
4667.3			0.8038239332969193
4668.2			0.8173775581654786
4669.1			0.9018870887028451
4670.0			0.975977074193754
4670.9			1.002645672741325
4671.8			1.0
4672.7			1.0
4673.6			1.0
4674.5			1.0
4675.4			1.0
4676.3			1.0
4677.2			1.0
4678.1			0.985738418758117
4679.0			0.9616619985814243
4679.9			0.9246940148131693
4680.8			0.8778451957049354
4681.7			0.8704034945796439
4682.6			0.9268135491979052
4683.5			0.9846820908268499
4684.4			0.9975722312666643
4685.3			1.0032147968430432
4686.2			1.0
4687.1			1.0
4688.0			1.0
4688.9			1.0
4689.8			1.0
4690.7			1.0
4691.6			1.0
4692.5			1.0
4693.4			1.0
4694.3			1.0
4695.2			1.0
4696.1			1.0
4697.0			1.0
4697.9			1.0
4698.8			1.0
4699.7			1.0
4700.6			1.0
4701.5			1.0
4702.4			1.0
4703.3			1.0
4704.2			1.0
4705.1			1.0
4706.0			1.0
4706.9			1.0
4707.8			1.0
4708.7			1.0
4709.6			1.0
4710.5			1.0
4711.4			1.0
4712.3			1.0
4713.2			1.0
4714.1			1.0
4715.0			1.0
4715.9			1.0
4716.8			1.0
4717.7			1.0
4718.6			1.0
4719.5			1.0
4720.4			1.0
4721.3			1.0
4722.2			1.0
4723.1			1.0
4724.0			1.0
4724.9			1.0
4725.8			1.0
4726.7			1.0
4727.6			1.0
4728.5			1.0
4729.4			1.0
4730.3			1.0
4731.2			1.0
4732.1			1.0
4733.0			1.0
4733.9			1.0
4734.8			1.0
4735.7			1.0
4736.6			1.0
4737.5			1.0
4738.4			1.0
4739.3			1.0057144181897988
4740.2			0.9786680151063691
4741.1			0.9609705739137817
4742.0			0.973878058347359
4742.9			0.996731071197784
4743.8			1.0093797791684163
4744.7			1.0174163686620328
4745.6			1.0278752204228572
4746.5			1.0299788307573405
4747.4			1.0275550927140464
4748.3			1.0389030271258295
4749.2			1.0545885993389426
4750.1			1.0554360071776063
4751.0			1.0377582457476977
4751.9			1.0027252727946925
4752.8			0.9724626357985234
4753.7			0.9867680839082239
4754.6			1.0292136269836016
4755.5			1.0409156437902911
4756.4			1.0104795396516197
4757.3			0.9664312918687565
4758.2			0.9341069380286303
4759.1			0.9212005178045013
4760.0			0.9188459351484227
4760.9			0.896271786748155
4761.8			0.8518003332222502
4762.7			0.821158234061853
4763.6			0.8203715983315878
4764.5			0.8186892811048608
4765.4			0.7959364880937035
4766.3			0.7724120504871577
4767.2			0.778980720844171
4768.1			0.8039203501174592
4769.0			0.8133110610528923
4769.9			0.80599893091503
4770.8			0.7964247792584603
4771.7			0.7891707203042877
4772.6			0.7868710656877557
4773.5			0.7972929038623761
4774.4			0.8186218817620207
4775.3			0.8285644512630688
4776.2			0.8165241303485294
4777.1			0.7967338461224954
4778.0			0.7801663490134764
4778.9			0.7701849079826365
4779.8			0.7676344212568948
4780.7			0.7684994501539801
4781.6			0.7694096883556284
4782.5			0.7649641228507122
4783.4			0.7643331385151327
4784.3			0.7935956071526529
4785.2			0.8420223070929462
4786.1			0.869246116140298
4787.0			0.8694791902693261
4787.9			0.8673104397216397
4788.8			0.8736556379328646
4789.7			0.8910640166445448
4790.6			0.9141698272389905
4791.5			0.9266265570859186
4792.4			0.9356137162475293
4793.3			0.955422951658083
4794.2			0.9820195310046054
4795.1			1.0048375024597822
4796.0			1.016761753273482
4796.9			1.023921410274406
4797.8			1.0250275502374298
4798.7			1.0104136794004959
4799.6			0.9957613610807988
4800.5			0.9996990875846815
4801.4			1.0208328826077333
4802.3			1.04744027881279
4803.2			1.0657808367409518
4804.1			1.050257485687667
4805.0			1.002249833875487
4805.9			0.9653231065926335
4806.8			0.9463056547908505
4807.7			0.9329640993757513
4808.6			0.9356565911944691
4809.5			0.9517825776774496
4810.4			0.9563178195573288
4811.3			0.9481547987662058
4812.2			0.949919069609793
4813.1			0.9658400309402375
4814.0			0.9840007942282493
4814.9			0.9947015547503874
4815.8			1.0021828726209463
4816.7			1.0097192984207588
4817.6			1.0152298605212982
4818.5			1.0155917219639274
4819.4			1.0036706276305614
4820.3			0.9942936455629702
4821.2			1.0024659339520594
4822.1			0.9938747110321035
4823.0			0.9557251860088717
4823.9			0.9390124257959581
4824.8			0.9711508457397524
4825.7			1.0087598991426792
4826.6			1.0152653239413212
4827.5			0.9995080396732947
4828.4			1.0
4829.3			1.0
4830.2			1.0
4831.1			1.0
4832.0			1.0
4832.9			1.0
4833.8			1.0
4834.7			1.0
4835.6			1.0
4836.5			1.0
4837.4			1.0
4838.3			1.0
4839.2			1.0
4840.1			0.9883071124804874
4841.0			0.9666829791692891
4841.9			0.934101289405206
4842.8			0.8908389085132071
4843.7			0.8773865832493327
4844.6			0.9184630216028196
4845.5			0.9783896640303402
4846.4			1.009902636832261
4847.3			0.9999578394753763
4848.2			1.0
4849.1			1.0
4850.0			1.0
4850.9			1.0
4851.8			1.0
4852.7			1.0
4853.6			1.0
4854.5			1.0
4855.4			1.0
4856.3			1.0
4857.2			1.0
4858.1			1.0
4859.0			1.0
4859.9			1.0
4860.8			1.0
4861.7			1.0
4862.6			1.0
4863.5			1.0
4864.4			1.0
4865.3			1.0
4866.2			1.0
4867.1			1.0
4868.0			1.0
4868.9			1.0
4869.8			1.0
4870.7			1.0
4871.6			1.0
4872.5			1.0
4873.4			1.0
4874.3			1.0
4875.2			1.0
4876.1			1.0
4877.0			1.0
4877.9			1.0
4878.8			1.0
4879.7			1.0
4880.6			1.0
4881.5			1.0
4882.4			1.0
4883.3			1.0
4884.2			1.0
4885.1			1.0
4886.0			1.0
4886.9			1.0
4887.8			1.0
4888.7			1.0
4889.6			1.0
4890.5			1.0
4891.4			1.0
4892.3			1.0
4893.2			1.0
4894.1			1.0
4895.0			1.0
4895.9			1.0
4896.8			1.0
4897.7			1.0
4898.6			1.0
4899.5			1.0
4900.4			1.0
4901.3			1.0
4902.2			1.0
4903.1			1.0
4904.0			1.0
4904.9			1.0
4905.8			1.0
4906.7			1.0
4907.6			1.0
4908.5			1.0
4909.4			1.0
4910.3			1.0
4911.2			1.0
4912.1			1.0
4913.0			1.0
4913.9			1.0
4914.8			1.0
4915.7			1.0
4916.6			1.0
4917.5			0.9838319400491048
4918.4			0.9202517043518508
4919.3			0.8349251203268143
4920.2			0.7927619937311662
4921.1			0.8349337373638006
4922.0			0.9273145649038836
4922.9			1.0000710974544536
4923.8			1.0
4924.7			1.0
4925.6			1.0
4926.5			1.0
4927.4			1.0
4928.3			1.0
4929.2			1.0
4930.1			1.0
4931.0			1.0
4931.9			1.0
4932.8			1.0
4933.7			0.9683765563787583
4934.6			0.9865118498643043
4935.5			1.0182010774249655
4936.4			1.0178279095602463
4937.3			0.9765658355495156
4938.2			0.9238432629786009
4939.1			0.9034170466115098
4940.0			0.9270467120319027
4940.9			0.9560820219702666
4941.8			0.9626469783281145
4942.7			1.0
4943.6			1.0352278880349484
4944.5			1.0415565403612488
4945.4			1.0239833928811304
4946.3			1.0370167669868675
4947.2			1.0880383757933254
4948.1			1.131990079790068
4949.0			1.1537879242593132
4949.9			1.1584267931579721
4950.8			1.1529343881936316
4951.7			1.1533873116567008
4952.6			1.1371732436587505
4953.5			1.0636451722972735
4954.4			0.9417081785424286
4955.3			0.8284815710438839
4956.2			0.7462892091045479
4957.1			0.6833003840529948
4958.0			0.6808084738161653
4958.9			0.7545479528776848
4959.8			0.8246605747708047
4960.7			0.844919911834366
4961.6			0.8359427642025307
4962.5			0.8240674833442956
4963.4			0.8187289738769262
4964.3			0.8197278188604838
4965.2			0.8369612427444063
4966.1			0.8585636702014346
4967.0			0.8550699353802399
4967.9			0.8429568941102549
4968.8			0.86296459230762
4969.7			0.9099723944117262
4970.6			0.950125315071585
4971.5			0.976108849199767
4972.4			0.9982810936547563
4973.3			1.0
4974.2			1.0
4975.1			1.0
4976.0			1.0
4976.9			1.0
4977.8			1.0
4978.7			1.0
4979.6			0.9885188458827415
4980.5			0.9515086309977405
4981.4			0.8493894968799338
4982.3			0.7789148658471785
4983.2			0.826970734146658
4984.1			0.9339992742138202
4985.0			1.0021271314444722
4985.9			1.0
4986.8			1.0
4987.7			1.0
4988.6			1.0
4989.5			1.0
4990.4			1.0
4991.3			1.0
4992.2			1.0
4993.1			1.0
4994.0			1.0
4994.9			1.0
4995.8			1.0
4996.7			1.0
4997.6			1.0
4998.5			1.0
4999.4			1.0
5000.3			1.0
5001.2			1.0
5002.1			1.0
5003.0			1.0
5003.9			1.0
5004.8			1.0
5005.7			1.0
5006.6			1.0
5007.5			1.0
5008.4			1.0
5009.3			1.0
5010.2			1.0487266893814273
5011.1			1.0422184030042403
5012.0			0.9711923187895475
5012.9			0.882736923076393
5013.8			0.8151300579724735
5014.7			0.7938193977138268
5015.6			0.8370257222080226
5016.5			0.9036285029782936
5017.4			0.9539045160965234
5018.3			0.9895028228925848
5019.2			0.9960007775785297
5020.1			1.0
5021.0			1.0
5021.9			1.0
5022.8			1.0
5023.7			1.0
5024.6			1.0
5025.5			1.0
5026.4			1.0
5027.3			1.0
5028.2			1.0
5029.1			1.0
5030.0			1.0
5030.9			1.0
5031.8			1.0
5032.7			1.0
5033.6			1.0
5034.5			1.0
5035.4			1.0
5036.3			1.0
5037.2			1.023241781091329
5038.1			1.0375952412702305
5039.0			0.9731196529177426
5039.9			0.875311521311969
5040.8			0.8286697577784057
5041.7			0.8636814795444995
5042.6			0.9288967857119336
5043.5			0.9659598418084665
5044.4			0.9930890599459713
5045.3			1.0
5046.2			1.0
5047.1			1.0
5048.0			0.9854193557645103
5048.9			0.924457418405096
5049.8			0.8618772671226088
5050.7			0.8744295068221657
5051.6			0.9522208111813334
5052.5			1.0088201315215901
5053.4			1.0096136255633215
5054.3			1.0
5055.2			1.0
5056.1			1.0182756622440667
5057.0			1.0581071375727769
5057.9			1.0837832791080775
5058.8			1.073636808117659
5059.7			1.0693303520488673
5060.6			1.090870455983572
5061.5			1.0865715715144284
5062.4			1.0387545433515382
5063.3			0.9712436982385364
5064.2			0.9025462923192447
5065.1			0.8798267344686402
5066.0			0.9181673411418615
5066.9			0.9531450019326151
5067.8			0.9415976571880741
5068.7			0.9204615755651879
5069.6			0.9245841652168908
5070.5			0.9275779712137808
5071.4			0.9057063432492576
5072.3			0.8972955944224023
5073.2			0.9434894975549785
5074.1			1.0010213494799203
5075.0			1.0
5075.9			1.0
5076.8			0.9692623421088639
5077.7			1.014211832524884
5078.6			1.0357342489897183
5079.5			0.9860164199327267
5080.4			0.9349433025766836
5081.3			0.9055495345262944
5082.2			0.8805303255662772
5083.1			0.8910953178046475
5084.0			0.9406948703437962
5084.9			0.9896092587741067
5085.8			1.0
5086.7			1.007570147498967
5087.6			0.976070865170506
5088.5			0.9383810634116112
5089.4			0.9273112657299288
5090.3			0.9365996322526391
5091.2			0.9656471588051198
5092.1			1.021842935969554
5093.0			1.065340586385691
5093.9			1.030729854162947
5094.8			0.9335839885997408
5095.7			0.8890380816650835
5096.6			0.9535665249911214
5097.5			1.0227245814194474
5098.4			0.985836523721018
5099.3			0.8988505486178308
5100.2			0.8527784202604831
5101.1			0.8411533252751972
5102.0			0.8468006550755377
5102.9			0.8611172478875303
5103.8			0.8616995547111275
5104.7			0.8495883643662793
5105.6			0.837236027023835
5106.5			0.8316967672766233
5107.4			0.8465496627155633
5108.3			0.8797373146503121
5109.2			0.8990921457012437
5110.1			0.8921817169786472
5111.0			0.8775531579755503
5111.9			0.8670231916747769
5112.8			0.8674269915457683
5113.7			0.9079478634816801
5114.6			0.9759770615281858
5115.5			1.0001575754368937
5116.4			1.0
5117.3			1.0
5118.2			1.0
5119.1			1.0
5120.0			1.0
5120.9			1.0
5121.8			1.017645353445518
5122.7			1.007234038686511
5123.6			0.9472610796002785
5124.5			0.9108081150420657
5125.4			0.9186819103246512
5126.3			0.9221843903925482
5127.2			0.9135507348313463
5128.1			0.9045075688751819
5129.0			0.8829139351678447
5129.9			0.8717391652233445
5130.8			0.927178135953397
5131.7			1.0189223126270246
5132.6			1.049206936704301
5133.5			1.0126118594437212
5134.4			0.9905039995717289
5135.3			1.0086426644437474
5136.2			1.033619968435002
5137.1			1.0384357390510845
5138.0			1.0000299909233925
5138.9			1.0
5139.8			1.0
5140.7			1.0
5141.6			1.0
5142.5			1.0
5143.4			1.0
5144.3			1.0
5145.2			1.0
5146.1			1.0
5147.0			1.0
5147.9			1.0
5148.8			0.9973912503029614
5149.7			0.9472039637291622
5150.6			0.9004519521352324
5151.5			1.0
5152.4			0.9383550026467529
5153.3			0.8841974645830938
5154.2			0.9106626905850017
5155.1			1.0188869115763068
5156.0			1.1336704853857127
5156.9			1.2191203877167924
5157.8			1.2776285936593046
5158.7			1.285309150080743
5159.6			1.282381592710653
5160.5			1.3191143998563426
5161.4			1.329048899219388
5162.3			1.2721514314533957
5163.2			1.2451830544059055
5164.1			1.261769662553635
5165.0			1.1736859762406426
5165.9			0.9673962220553539
5166.8			0.7854469369500862
5167.7			0.7126619869886338
5168.6			0.7332100240019745
5169.5			0.7749178705730999
5170.4			0.7759987011282684
5171.3			0.7295686862707419
5172.2			0.6762553485767129
5173.1			0.670184211515067
5174.0			0.7288668740954205
5174.9			0.8147428301223912
5175.8			0.8777912695888069
5176.7			0.8937895542375942
5177.6			0.8735359162179023
5178.5			1.0
5179.4			0.9540395593327129
5180.3			0.8926296442374879
5181.2			0.820563271604605
5182.1			0.7575007659807105
5183.0			0.7112310938740933
5183.9			0.7250936234607513
5184.8			0.8235724519774535
5185.7			0.9346000281107913
5186.6			0.9866748093512292
5187.5			1.084645708657236
5188.4			1.0729476757151295
5189.3			1.079290157440051
5190.2			1.0
5191.1			0.9614966496077479
5192.0			0.8958181347338574
5192.9			0.880561561875977
5193.8			0.9332835279010433
5194.7			0.997750316363675
5195.6			1.0
5196.5			1.0
5197.4			1.0
5198.3			1.0
5199.2			1.0
5200.1			1.0
5201.0			0.9660294517452627
5201.9			0.924764190456233
5202.8			0.8649516812947977
5203.7			0.7721732371440828
5204.6			0.6715465162527334
5205.5			0.6126244466549738
5206.4			0.6026231183855559
5207.3			0.5994620730103973
5208.2			0.5820586365673618
5209.1			0.5860446089211995
5210.0			0.647142848610254
5210.9			0.7785106875085049
5211.8			0.9348821553604246
5212.7			1.0325580688278504
5213.6			1.0536154643631328
5214.5			1.0319478894634135
5215.4			0.9998991045531983
5216.3			1.0
5217.2			1.0
5218.1			1.0
5219.0			1.0
5219.9			1.0
5220.8			1.0
5221.7			0.9922060357061966
5222.6			0.9454186708165145
5223.5			0.8801880950009234
5224.4			0.8269141180618426
5225.3			0.7974931169901637
5226.2			0.7803193788115327
5227.1			0.7959092436711994
5228.0			0.8698227661837628
5228.9			0.9535111911989417
5229.8			0.9946619140526577
5230.7			1.0000675951358233
5231.6			1.0
5232.5			1.0
5233.4			1.0
5234.3			1.0
5235.2			1.0
5236.1			1.0
5237.0			1.0
5237.9			1.0
5238.8			1.0
5239.7			1.0
5240.6			0.9643292415910413
5241.5			0.9555673854784117
5242.4			0.9778469193276373
5243.3			1.0045172795841202
5244.2			1.0210175791648488
5245.1			1.00315867784286
5246.0			0.9344075116639978
5246.9			0.871717577960693
5247.8			0.8880751085020945
5248.7			0.9425973965100216
5249.6			0.9476160180000435
5250.5			0.9221435497529364
5251.4			0.9285582380688441
5252.3			0.9666800593714443
5253.2			0.9998551653361556
5254.1			1.0
5255.0			1.0
5255.9			1.0
5256.8			1.0
5257.7			1.0
5258.6			1.0
5259.5			0.967401753758624
5260.4			0.903393095856751
5261.3			0.8304587595997324
5262.2			0.7784369354677234
5263.1			0.7491179119870361
5264.0			0.7174607082002771
5264.9			0.6868236524103103
5265.8			0.6952173081792754
5266.7			0.7525011302264286
5267.6			0.7755756215512709
5268.5			0.6974675088043334
5269.4			0.6031240416843092
5270.3			0.6242164856832052
5271.2			0.746557611654711
5272.1			0.8537918961589666
5273.0			0.9031776880031599
5273.9			0.9251549604985476
5274.8			0.9288208379394757
5275.7			0.9291763508768764
5276.6			0.9608675659097539
5277.5			1.0050495382461315
5278.4			1.0
5279.3			0.9761664764254758
5280.2			0.9350210821615023
5281.1			0.8888644264193172
5282.0			0.8466798410776961
5282.9			0.8319331538341235
5283.8			0.8636203461736088
5284.7			0.9270341181403104
5285.6			0.9782780674408494
5286.5			0.9961543262560674
5287.4			1.0
5288.3			1.0
5289.2			1.0
5290.1			1.0
5291.0			1.0
5291.9			1.0
5292.8			1.0
5293.7			1.0173990067618681
5294.6			1.0121089009101325
5295.5			0.9551475690556178
5296.4			0.8549693902343138
5297.3			0.7869579302937274
5298.2			0.8078691835615767
5299.1			0.8861912405056935
5300.0			0.9522953489488141
5300.9			0.9901147374910897
5301.8			1.0
5302.7			1.0
5303.6			1.0
5304.5			1.0
5305.4			1.0
5306.3			1.0
5307.2			1.0
5308.1			1.0
5309.0			1.0
5309.9			1.0
5310.8			1.0
5311.7			1.0
5312.6			1.0
5313.5			1.0
5314.4			1.0
5315.3			1.0
5316.2			1.0
5317.1			1.0
5318.0			1.0
5318.9			1.0
5319.8			1.0
5320.7			1.0
5321.6			1.0
5322.5			1.0
5323.4			1.0
5324.3			0.9844797408414357
5325.2			1.0032954237099392
5326.1			0.9646160669248358
5327.0			0.8353338255959809
5327.9			0.7218383896464373
5328.8			0.7405458694014448
5329.7			0.8555582416152452
5330.6			0.9558422173025163
5331.5			0.9988789670488082
5332.4			1.0
5333.3			1.0
5334.2			1.0
5335.1			1.0
5336.0			1.0
5336.9			1.0
5337.8			0.990250177128657
5338.7			0.9724099784970166
5339.6			0.933381626274099
5340.5			0.9056108804147982
5341.4			0.9261963638499645
5342.3			0.9713958952115335
5343.2			1.0003625636347964
5344.1			1.0
5345.0			1.0
5345.9			1.0
5346.8			1.0
5347.7			1.0
5348.6			1.0
5349.5			1.0
5350.4			1.0
5351.3			1.0
5352.2			1.0
5353.1			1.0
5354.0			1.0
5354.9			1.0
5355.8			1.0
5356.7			1.0
5357.6			1.0
5358.5			1.0
5359.4			1.0
5360.3			1.0
5361.2			1.0
5362.1			1.0
5363.0			1.0
5363.9			1.0
5364.8			1.0
5365.7			1.0
5366.6			1.0
5367.5			1.0
5368.4			0.9791635189600583
5369.3			0.9004097599745116
5370.2			0.7966416408220081
5371.1			0.7443011056581733
5372.0			0.797848869775113
5372.9			0.9135065711026673
5373.8			1.0002590185130695
5374.7			1.0
5375.6			1.0
5376.5			1.0
5377.4			1.0
5378.3			1.0
5379.2			1.0
5380.1			1.0
5381.0			0.9807551831342104
5381.9			0.9502882350649939
5382.8			0.9088861524572255
5383.7			0.8981199884494327
5384.6			0.9337281164430492
5385.5			0.9796174093955347
5386.4			0.99954909343589
5387.3			1.0
5388.2			1.0
5389.1			1.0
5390.0			1.0
5390.9			1.0
5391.8			1.0
5392.7			1.0
5393.6			1.0
5394.5			1.0
5395.4			1.0
5396.3			1.0
5397.2			0.9814414857447982
5398.1			1.0719949669286029
5399.0			1.1556752931291872
5399.9			1.1572862960146248
5400.8			1.1279755444372703
5401.7			1.1175652169430006
5402.6			1.091807454372622
5403.5			1.011684432718677
5404.4			0.9067547779834116
5405.3			0.8385564054491464
5406.2			0.8559604956432352
5407.1			0.9174265629894117
5408.0			0.9148547011463806
5408.9			0.8388380929040119
5409.8			0.7953539671384141
5410.7			0.8378402159151247
5411.6			0.9039328941633531
5412.5			0.955878731052174
5413.4			0.9900255025882269
5414.3			1.0
5415.2			1.0
5416.1			1.0
5417.0			1.0
5417.9			1.0
5418.8			1.0
5419.7			1.0
5420.6			1.0
5421.5			1.0
5422.4			1.0164157388827262
5423.3			0.9942334458636778
5424.2			0.9736847015959887
5425.1			0.9913676112576886
5426.0			1.0320957237861845
5426.9			1.0555131405896352
5427.8			1.001830808630559
5428.7			0.8784574827059283
5429.6			0.808790188003064
5430.5			0.8511644992453818
5431.4			0.9061824578146754
5432.3			0.9026655888264692
5433.2			0.8697424053489177
5434.1			1.0
5435.0			1.0329827523903128
5435.9			1.1206875167302897
5436.8			1.1789074144390255
5437.7			1.1751601461880026
5438.6			1.1706416097384633
5439.5			1.2214257196444203
5440.4			1.2827898437692242
5441.3			1.3050147337524145
5442.2			1.3023560774961953
5443.1			1.290270091444251
5444.0			1.2355772019316107
5444.9			1.1171477776179894
5445.8			0.9805795895221732
5446.7			0.9008692088399382
5447.6			0.9086055117245858
5448.5			0.9448535823881239
5449.4			0.9620220512467108
5450.3			0.9634914212647199
5451.2			0.9617075769221076
5452.1			0.9650812884893429
5453.0			0.9510934020289912
5453.9			0.905769319986229
5454.8			0.8542651916552361
5455.7			0.8542501403152675
5456.6			0.9217560584760052
5457.5			0.9936109741476586
5458.4			1.027477349481211
5459.3			1.0221413744619299
5460.2			0.9944417994679343
5461.1			0.9782947035932086
5462.0			0.980803038929235
5462.9			0.9803778729554266
5463.8			0.9918088053477775
5464.7			1.0238597781385388
5465.6			1.05903501859574
5466.5			1.0932170346721155
5467.4			1.1133207169987565
5468.3			1.0948664797344878
5469.2			1.0552955194149896
5470.1			1.0343484174296547
5471.0			1.0
5471.9			1.0296466475704196
5472.8			1.0184919357984221
5473.7			0.9831402484898419
5474.6			0.9673887322337024
5475.5			0.9617105583372199
5476.4			0.9464065570141633
5477.3			0.9525969589625852
5478.2			0.991692362278532
5479.1			1.028424564464503
5480.0			1.0300631532664266
5480.9			0.9998592305873095
5481.8			1.0
5482.7			1.0
5483.6			1.0
5484.5			1.0
5485.4			1.0
5486.3			1.0
5487.2			1.0
5488.1			1.0
5489.0			1.0
5489.9			1.0
5490.8			1.0
5491.7			1.0
5492.6			1.0
5493.5			1.0
5494.4			1.0
5495.3			1.0
5496.2			1.0
5497.1			1.0
5498.0			1.0
5498.9			1.0
5499.8			1.0
5500.7			1.0
5501.6			1.0
5502.5			1.0
5503.4			1.0
5504.3			1.0
5505.2			1.0
5506.1			1.0
5507.0			1.026161948912542
5507.9			1.0881580830371202
5508.8			1.1066041928650623
5509.7			1.06130621574548
5510.6			0.979272686735381
5511.5			0.9005501712148115
5512.4			0.8593805455644663
5513.3			0.8553384823509461
5514.2			0.8668173004499675
5515.1			0.890418237794253
5516.0			0.9324019142723206
5516.9			0.9791456132701555
5517.8			1.0069668489316967
5518.7			1.0
5519.6			1.0
5520.5			1.0
5521.4			1.0
5522.3			1.0
5523.2			1.0
5524.1			1.0
5525.0			0.9898096706667048
5525.9			0.9811225370533139
5526.8			0.942150608008905
5527.7			0.8997330506081533
5528.6			0.9171111057992414
5529.5			0.9741881771388783
5530.4			0.9962083159885807
5531.3			1.0
5532.2			1.0
5533.1			1.0
5534.0			1.0
5534.9			1.0
5535.8			1.0
5536.7			1.0
5537.6			1.0
5538.5			1.0
5539.4			1.0
5540.3			1.0
5541.2			1.0
5542.1			1.0
5543.0			1.0
5543.9			1.0
5544.8			1.0
5545.7			1.0
5546.6			1.0
5547.5			1.0
5548.4			1.0
5549.3			1.0
5550.200000000001			1.0
5551.1			1.0
5552.0			1.0
5552.9			1.0
5553.8			1.0
5554.700000000001			1.0
5555.6			1.0
5556.5			1.0
5557.4			1.0
5558.3			1.0
5559.200000000001			1.0121015643660578
5560.1			0.9977258520751637
5561.0			0.9747526203055477
5561.9			0.9631461749713008
5562.8			0.9662677067738705
5563.700000000001			0.9702564426733711
5564.6			0.9619850042734844
5565.5			0.9421849811559746
5566.4			0.9274685219358854
5567.3			0.936636173628065
5568.200000000001			0.9671544372132195
5569.1			0.990477544237051
5570.0			1.0012102652853205
5570.9			1.008770762649026
5571.8			1.00267049732273
5572.700000000001			0.9910915816265696
5573.6			0.9975662819451395
5574.5			1.0
5575.4			1.0
5576.3			1.0
5577.200000000001			1.0
5578.1			1.0
5579.0			1.0
5579.9			1.0
5580.8			1.0
5581.700000000001			1.0
5582.6			1.0
5583.5			1.0
5584.4			1.0
5585.3			1.0
5586.200000000001			0.9464077173809525
5587.1			0.8865537712688216
5588.0			0.8351551284951897
5588.9			0.8154044208180905
5589.8			0.8606519292406754
5590.700000000001			1.0
5591.6			1.0495598689207115
5592.5			1.0393817317100893
5593.4			0.9954058092939266
5594.3			0.9659861322946057
5595.200000000001			0.9926315611445582
5596.1			1.0177030792480808
5597.0			0.9548777567394644
5597.9			0.8543292238419365
5598.8			0.8231867878837708
5599.700000000001			0.8617755273436155
5600.6			0.8906937838766048
5601.5			0.8929273543673196
5602.4			0.9009503348090006
5603.3			0.9239950937836638
5604.200000000001			0.9552469292418778
5605.1			0.9852163128643536
5606.0			1.0021586904272541
5606.9			1.0
5607.8			1.0
5608.700000000001			1.0
5609.6			1.0038217667346832
5610.5			1.0050191472030519
5611.4			1.012905421797612
5612.3			1.0198365225263522
5613.200000000001			1.0049807144611222
5614.1			0.9591725770950238
5615.0			0.9053022369256598
5615.9			0.8876276051929773
5616.8			0.9161714321720508
5617.700000000001			0.9475643094476468
5618.6			0.9499592123547386
5619.5			0.9378423528883912
5620.4			0.9412297978683201
5621.3			0.9710022560621167
5622.200000000001			0.9999946810402311
5623.1			1.0
5624.0			1.0
5624.9			1.0
5625.8			1.0
5626.700000000001			1.0
5627.6			0.988942101411208
5628.5			0.9523589390934772
5629.4			0.9141690300644328
5630.3			0.905512179104833
5631.200000000001			0.9357932871888863
5632.1			0.9749800965082805
5633.0			0.9987675175375715
5633.9			1.0
5634.8			1.0
5635.700000000001			1.0
5636.6			1.0
5637.5			1.0
5638.4			1.0
5639.3			1.0
5640.200000000001			1.0
5641.1			1.0
5642.0			1.0
5642.9			1.0
5643.8			1.0
5644.700000000001			1.0
5645.6			1.0
5646.5			1.0
5647.4			1.0
5648.3			1.0
5649.200000000001			1.0
5650.1			1.0
5651.0			1.0
5651.9			1.0
5652.8			1.0
5653.700000000001			1.0
5654.6			1.0
5655.5			1.0
5656.4			1.0
5657.3			1.0
5658.200000000001			1.0
5659.1			0.9987108030088233
5660.0			1.0200897740592791
5660.9			1.0020779984531474
5661.8			0.9511608269933647
5662.700000000001			0.9316534486673295
5663.6			0.9519189012854604
5664.5			0.9808532092676303
5665.4			1.001066463349976
5666.3			1.0011731164624453
5667.200000000001			1.0
5668.1			1.0
5669.0			1.0
5669.9			1.0
5670.8			1.0
5671.700000000001			1.0
5672.6			1.0
5673.5			1.0
5674.4			1.0
5675.3			1.0
5676.200000000001			1.0
5677.1			1.0
5678.0			1.0
5678.9			1.0
5679.8			1.0
5680.700000000001			1.0
5681.6			1.0
5682.5			1.0
5683.4			1.0
5684.3			1.0
5685.200000000001			1.0230352420562714
5686.1			0.9815938870794505
5687.0			0.9112965789256672
5687.9			0.8715191566884398
5688.8			0.8933251566225681
5689.700000000001			0.9531621215847345
5690.6			0.9994123391602241
5691.5			1.0
5692.4			1.0
5693.3			1.0
5694.200000000001			1.0
5695.1			1.0
5696.0			1.0
5696.9			1.0
5697.8			1.0
5698.700000000001			1.0
5699.6			1.0
5700.5			1.0
5701.4			1.0
5702.3			1.0
5703.200000000001			1.0
5704.1			1.0
5705.0			1.0
5705.9			1.0
5706.8			1.0
5707.700000000001			1.0
5708.6			1.0
5709.5			1.0
5710.4			1.0
5711.3			1.0
5712.200000000001			1.0
5713.1			1.0
5714.0			1.0
5714.9			1.0
5715.8			1.0
5716.700000000001			1.0
5717.6			1.0
5718.5			1.0
5719.4			1.0
5720.3			1.0
5721.200000000001			1.0
5722.1			1.0
5723.0			1.0
5723.9			1.0
5724.8			0.9940284946677768
5725.700000000001			0.9714220542020017
5726.6			0.9352318705492391
5727.5			0.9251421667548383
5728.4			0.9611236247519509
5729.3			0.9987965151524102
5730.200000000001			1.0009584211983131
5731.1			1.0
5732.0			1.0
5732.9			1.0
5733.8			1.0
5734.700000000001			1.0
5735.6			1.0
5736.5			1.0
5737.4			1.0
5738.3			1.0
5739.200000000001			1.0
5740.1			1.0
5741.0			1.0
5741.9			1.0
5742.8			1.0
5743.700000000001			1.0
5744.6			1.0
5745.5			1.0
5746.4			1.0
5747.3			1.0
5748.200000000001			1.0
5749.1			1.0
5750.0			1.0
5750.9			1.0
5751.8			1.0
5752.700000000001			1.0
5753.6			1.0
5754.5			1.013247082846985
5755.4			1.0324360903598744
5756.3			1.0480162825225787
5757.200000000001			1.0509490892277746
5758.1			1.0381814304428294
5759.0			1.0130068634307743
5759.9			0.986905711042054
5760.8			0.9594813489491151
5761.700000000001			0.927207907516811
5762.6			0.9078005221350791
5763.5			0.9203066888170056
5764.4			0.9501602414260041
5765.3			0.964674804909308
5766.200000000001			0.9676983902404457
5767.1			0.9746771800968479
5768.0			0.983629184627862
5768.9			0.9916391566290845
5769.8			0.9974333349253818
5770.700000000001			0.9992716423163394
5771.6			1.0
5772.5			1.0
5773.4			1.0
5774.3			1.0
5775.200000000001			1.0
5776.1			1.0
5777.0			1.0
5777.9			1.0
5778.8			1.0
5779.700000000001			1.0
5780.6			1.0
5781.5			1.0
5782.4			1.0
5783.3			1.0
5784.200000000001			1.0
5785.1			1.0
5786.0			1.0
5786.9			1.0
5787.8			1.0
5788.700000000001			1.0
5789.6			1.0
5790.5			1.0
5791.4			1.0
5792.3			1.0
5793.200000000001			1.0
5794.1			1.0
5795.0			1.0
5795.9			1.0
5796.8			1.0
5797.700000000001			1.0
5798.6			1.0
5799.5			1.0
5800.4			1.0
5801.3			1.0
5802.200000000001			1.0
5803.1			1.0
5804.0			0.9914216255948967
5804.9			0.9924140253585649
5805.8			1.0026301237716708
5806.700000000001			1.013641023364086
5807.6			1.020671752920664
5808.5			1.0171034123913683
5809.4			0.9992475159336006
5810.3			0.9819270103587939
5811.200000000001			0.9762045249823618
5812.1			0.9726478126618172
5813.0			0.957770869715533
5813.9			0.9383748802422994
5814.8			0.924976500327632
5815.700000000001			0.9238874876112338
5816.6			0.9340997985897582
5817.5			0.9463840429930673
5818.4			0.952674834001745
5819.3			0.9560688513610711
5820.200000000001			0.9622228909103693
5821.1			0.9629501712176459
5822.0			0.9586093375825085
5822.9			0.9615847290936336
5823.8			0.9730308875257749
5824.700000000001			0.9859889800774784
5825.6			0.9980056637647471
5826.5			1.0041287041788098
5827.4			1.0000793567481858
5828.3			1.0
5829.200000000001			1.0
5830.1			1.0
5831.0			1.0
5831.9			1.0
5832.8			1.0
5833.700000000001			1.0
5834.6			1.0
5835.5			1.0
5836.4			1.0
5837.3			1.0
5838.200000000001			1.0
5839.1			1.0
5840.0			1.0
5840.9			1.0
5841.8			1.0
5842.700000000001			1.0
5843.6			1.0
5844.5			1.0
5845.4			1.0
5846.3			1.0
5847.200000000001			1.0
5848.1			1.0
5849.0			1.0
5849.9			1.0
5850.8			1.0
5851.700000000001			1.0
5852.6			1.0
5853.5			1.0
5854.4			1.0035883932777907
5855.3			0.9794825698415444
5856.200000000001			0.919983144896047
5857.1			0.866694583834209
5858.0			0.8800880983315109
5858.9			0.9471967328268257
5859.8			0.9998178411303156
5860.700000000001			1.0
5861.6			1.0
5862.5			1.0
5863.4			1.0
5864.3			1.0
5865.200000000001			0.9916390095177694
5866.1			0.9664814287671306
5867.0			0.9564420565618121
5867.9			0.9790200211643734
5868.8			1.0113129842814481
5869.700000000001			1.022744122958053
5870.6			1.0142946102617043
5871.5			0.9924452623035596
5872.4			0.9669364894889384
5873.3			0.9513850788007306
5874.200000000001			0.946821871275675
5875.1			0.9390368718976763
5876.0			0.922707098638666
5876.9			0.9054369575991997
5877.8			0.8882746308837651
5878.700000000001			0.8691485499703353
5879.6			0.8475246085969077
5880.5			0.8303207815427702
5881.4			0.8197884740826268
5882.3			0.8002830238924109
5883.200000000001			0.7667837619728965
5884.1			0.7285848751758219
5885.0			0.6864083167181546
5885.9			0.6389351674061586
5886.8			0.581746436538494
5887.700000000001			0.5113748669199196
5888.6			0.4279531075715054
5889.5			0.35843436136472895
5890.4			0.3539476008321533
5891.3			0.41412034619584914
5892.200000000001			0.4832949844444143
5893.1			0.513874780907644
5894.0			0.49051571559936563
5894.9			0.4301917707119906
5895.8			0.39010371687745005
5896.700000000001			0.4232235609788811
5897.6			0.5063422867921601
5898.5			0.5826199398106545
5899.4			0.6372140022644807
5900.3			0.6895347751532382
5901.200000000001			0.7442198515713446
5902.1			0.7880227160154184
5903.0			0.8193005200037013
5903.9			0.8430552550684044
5904.8			0.8583385301992171
5905.700000000001			0.8716858011763151
5906.6			0.8921942847530384
5907.5			0.9155861950820272
5908.4			0.9383722550817545
5909.3			0.9557533704198948
5910.200000000001			0.9664099877265223
5911.1			0.9716269491339997
5912.0			0.9723920205662873
5912.9			0.9737410516448303
5913.8			0.9785403520627473
5914.700000000001			0.9881383436872044
5915.6			1.0011879125348826
5916.5			1.0
5917.4			1.0
5918.3			1.0
5919.200000000001			1.0
5920.1			1.0
5921.0			1.0
5921.9			1.0
5922.8			1.0
5923.700000000001			1.0
5924.6			1.0
5925.5			1.0
5926.4			1.0
5927.3			1.0
5928.200000000001			1.0
5929.1			1.0
5930.0			1.0
5930.9			1.0
5931.8			1.0
5932.700000000001			1.0
5933.6			1.0
5934.5			1.0
5935.4			1.0
5936.3			1.0
5937.200000000001			1.0
5938.1			1.0
5939.0			1.0
5939.9			1.0
5940.8			1.0
5941.700000000001			1.0
5942.6			1.0
5943.5			1.0
5944.4			1.0
5945.3			1.0
5946.200000000001			1.0010680991238792
5947.1			0.9875656210503343
5948.0			0.9609827129560853
5948.9			0.9295499247993048
5949.8			0.9117149897424783
5950.700000000001			0.9197645441171366
5951.6			0.9316658592528808
5952.5			0.9339320310230184
5953.4			0.937575289087744
5954.3			0.9401917336634292
5955.200000000001			0.9303308970888997
5956.1			0.9125930670841516
5957.0			0.904294675335758
5957.9			0.9140382634995112
5958.8			0.9350948324604558
5959.700000000001			0.9567536701369703
5960.6			0.972373849005843
5961.5			0.9777931258625694
5962.4			0.9723830287838845
5963.3			0.963100726384036
5964.200000000001			0.9556117256797344
5965.1			0.9520680414322436
5966.0			0.9596621034034536
5966.9			0.97997751335071
5967.8			0.9993297268070721
5968.700000000001			1.0
5969.6			1.0
5970.5			1.0
5971.4			1.0
5972.3			1.0
5973.200000000001			1.0
5974.1			1.0
5975.0			1.0
5975.9			1.0
5976.8			1.0
5977.700000000001			1.0
5978.6			1.0
5979.5			1.0
5980.4			1.0
5981.3			1.0
5982.200000000001			1.0
5983.1			1.0
5984.0			1.0
5984.9			1.0
5985.8			1.0
5986.700000000001			1.0
5987.6			1.0
5988.5			1.0
5989.4			1.0
5990.3			1.0
5991.200000000001			1.0
5992.1			1.0
5993.0			1.0
5993.9			1.0
5994.8			1.0
5995.700000000001			1.0
5996.6			0.9879214303037731
5997.5			0.9805879988806988
5998.4			0.9725670389298692
5999.3			0.9607123757509899
6000.200000000001			0.9494188132147185
6001.1			0.9417148183398809
6002.0			0.9332419536929395
6002.9			0.9336370257566572
6003.8			0.9488844508592311
6004.700000000001			0.9619991581607453
6005.6			0.95777191723533
6006.5			0.9421317907492999
6007.4			0.9350733937836994
6008.3			0.9476515537539552
6009.200000000001			0.974076521255579
6010.1			0.9973272977292255
6011.0			1.0070189145972988
6011.9			1.0025020099917503
6012.8			0.988254676210295
6013.700000000001			0.9858972417333886
6014.6			1.0012772784359012
6015.5			1.007167933409598
6016.4			0.991696449734866
6017.3			0.9845184239911451
6018.200000000001			1.0007375934015277
6019.1			1.0
6020.0			1.0
6020.9			1.0
6021.8			1.0
6022.700000000001			1.0
6023.6			1.0
6024.5			1.0
6025.4			1.0
6026.3			1.0
6027.200000000001			1.0
6028.1			1.0
6029.0			1.0
6029.9			1.0
6030.8			1.0
6031.700000000001			1.0
6032.6			1.0129180210767457
6033.5			1.0250387132509307
6034.4			1.0207011908329646
6035.3			0.9916031612087284
6036.200000000001			0.9522371901256288
6037.1			0.936013852669394
6038.0			0.9499040436028406
6038.9			0.967747893264699
6039.8			0.97383698541965
6040.700000000001			0.9825373802888826
6041.6			0.9999593112920999
6042.5			1.0
6043.4			1.0
6044.3			1.0
6045.200000000001			1.0
6046.1			1.0
6047.0			1.0
6047.9			1.0
6048.8			1.0
6049.700000000001			1.0
6050.6			1.0
6051.5			1.0
6052.4			1.0
6053.3			1.0
6054.200000000001			1.0
6055.1			1.0
6056.0			1.0
6056.9			1.0
6057.8			1.0
6058.700000000001			1.0
6059.6			1.0
6060.5			1.0
6061.4			1.0
6062.3			0.9857091438021403
6063.200000000001			0.9618807748641145
6064.1			0.9252059829841857
6065.0			0.9008977920665145
6065.9			0.9214663274924602
6066.8			0.966096926849247
6067.700000000001			0.9998504401076589
6068.6			1.0
6069.5			1.0
6070.4			1.0
6071.3			1.0
6072.200000000001			1.0
6073.1			1.0
6074.0			1.0
6074.9			1.0178372717533137
6075.8			1.0338925296849875
6076.700000000001			1.0359980907112714
6077.6			1.0145996446251286
6078.5			0.9814474898340296
6079.4			0.9542573099474678
6080.3			0.9407936390593289
6081.200000000001			0.9406815279895777
6082.1			0.9475307889078272
6083.0			0.9658395203906267
6083.9			0.9849997529795566
6084.8			0.9862792351498657
6085.700000000001			0.9858218038286461
6086.6			0.9953065735641745
6087.5			0.9999207512100029
6088.4			1.0
6089.3			1.0
6090.200000000001			1.0
6091.1			1.0
6092.0			1.0
6092.9			1.0
6093.8			1.0
6094.700000000001			1.0
6095.6			1.0
6096.5			1.0
6097.4			1.0
6098.3			1.0
6099.200000000001			1.0
6100.1			0.9860615050029949
6101.0			0.9155291520012754
6101.9			0.8026955881413842
6102.8			0.7477465824653782
6103.700000000001			0.812714541247601
6104.6			0.9258826002511364
6105.5			1.0002589294493456
6106.4			1.0
6107.3			1.0
6108.200000000001			1.0
6109.1			1.0
6110.0			1.0
6110.9			1.0
6111.8			1.0
6112.700000000001			1.0
6113.6			1.0
6114.5			1.0
6115.4			1.0
6116.3			1.0
6117.200000000001			1.0
6118.1			0.9981080522981363
6119.0			0.9681943864810021
6119.9			0.9035685942306313
6120.8			0.8011138207464765
6121.700000000001			0.7038024881144079
6122.6			0.70597663451251
6123.5			0.8188385231233869
6124.4			0.9394293245918408
6125.3			1.0004522623167418
6126.200000000001			1.0
6127.1			1.0
6128.0			1.0
6128.9			1.0
6129.8			1.0
6130.700000000001			1.0
6131.6			1.0
6132.5			1.0
6133.4			1.0
6134.3			0.9874276383872843
6135.200000000001			0.9553579769700262
6136.1			0.9073416552223829
6137.0			0.8798898221435553
6137.9			0.9093752159296099
6138.8			0.9690899704207051
6139.700000000001			1.0042198712961143
6140.6			1.0
6141.5			1.0
6142.4			1.0
6143.3			1.0
6144.200000000001			1.0
6145.1			1.0
6146.0			1.0
6146.9			1.0
6147.8			0.9785085728982391
6148.700000000001			1.0
6149.6			0.9637931956089276
6150.5			0.9918258469881531
6151.4			1.044105307590077
6152.3			1.0636666368405245
6153.200000000001			1.037968990231972
6154.1			1.0073529163406654
6155.0			1.0195483498997109
6155.9			1.0484862793363043
6156.8			1.0436032692765196
6157.700000000001			0.9946929409692529
6158.6			0.9136329186233122
6159.5			0.8235531887691395
6160.4			0.7277913753044186
6161.3			0.6307095240842485
6162.200000000001			0.5934864640419213
6163.1			0.6464580389785332
6164.0			0.7369971346782044
6164.9			0.8026041561141005
6165.8			0.8349612606362209
6166.700000000001			0.8592145313268026
6167.6			0.8636905008220888
6168.5			0.8214825002733469
6169.4			0.7946799657016277
6170.3			0.8552919147950054
6171.200000000001			0.9555551417875239
6172.1			1.009764380686364
6173.0			1.0078064324920342
6173.9			0.9921768119386086
6174.8			0.9964904563613339
6175.700000000001			1.0
6176.6			1.0
6177.5			1.0
6178.4			1.0
6179.3			1.0
6180.200000000001			1.0
6181.1			1.0
6182.0			1.0
6182.9			1.0
6183.8			0.9830333803154604
6184.700000000001			0.9749578519462193
6185.6			0.9484556458310694
6186.5			0.9108138101585846
6187.4			0.903982285885331
6188.3			0.9200219814934271
6189.200000000001			0.9208198918824761
6190.1			0.892620604994859
6191.0			0.8570992883224647
6191.9			0.8566466506096124
6192.8			0.893543732355333
6193.700000000001			0.9331406272973839
6194.6			0.9624395396985059
6195.5			1.0
6196.4			1.0060947270381166
6197.3			1.0071616081760169
6198.200000000001			0.9991213598471046
6199.1			0.9829772603538067
6200.0			0.9813915125304741
6200.9			1.004075678508396
6201.8			1.0334818513878763
6202.700000000001			1.0572443102954392
6203.6			1.0680978246832395
6204.5			1.0664966543707566
6205.4			1.0657187965178283
6206.3			1.0762892372624193
6207.200000000001			1.0872876846526578
6208.1			1.0854626188745424
6209.0			1.0651946291922452
6209.9			1.0294421434631025
6210.8			1.0010775708784307
6211.700000000001			0.9971186743559791
6212.6			0.9826026704957869
6213.5			0.9363146153135141
6214.4			0.8769106727254808
6215.3			0.8292498456853168
6216.200000000001			0.8263719522185763
6217.1			0.8625585546401094
6218.0			0.8914849426447993
6218.9			0.897900634349267
6219.8			0.9006986891944384
6220.700000000001			0.9039743546938592
6221.6			0.889999689844468
6222.5			0.8551390626856687
6223.4			0.8217270060864699
6224.3			0.8097277178641875
6225.200000000001			0.8184117824815449
6226.1			0.832170720422713
6227.0			0.8422551492905416
6227.9			0.8508032839965499
6228.8			0.8482345678423839
6229.700000000001			0.8249240436564484
6230.6			0.8030913351862246
6231.5			0.8136981864945146
6232.4			0.8431808209538637
6233.3			0.8692427592456374
6234.200000000001			0.8990874962697813
6235.1			0.9199347999036014
6236.0			0.920684028652345
6236.9			0.9106412559120364
6237.8			0.8914553772364883
6238.700000000001			0.8602643466466028
6239.6			0.8376362362067972
6240.5			0.8514380912858508
6241.4			0.8697978905772903
6242.3			0.8536896837290847
6243.200000000001			0.8384624546428331
6244.1			0.8591137221978512
6245.0			0.8896349857208651
6245.9			0.9114010006295986
6246.8			0.9307850939675493
6247.700000000001			0.943857089766835
6248.6			0.9423752993076059
6249.5			0.9428669456615353
6250.4			0.9471012200450437
6251.3			0.9345640268791685
6252.200000000001			0.9150812157283781
6253.1			0.9123278963629976
6254.0			0.9293543819997325
6254.9			1.0
6255.8			1.0001829849106596
6256.700000000001			0.9702163907474957
6257.6			0.9186082666329737
6258.5			0.8841172148984958
6259.4			0.9038621148322222
6260.3			0.9529640035038904
6261.200000000001			1.000339887163316
6262.1			0.9880699812010004
6263.0			1.02538769496067
6263.9			1.02486896618956
6264.8			1.0000921589298741
6265.700000000001			1.0
6266.6			1.0
6267.5			1.0
6268.4			1.0
6269.3			1.0
6270.200000000001			1.0
6271.1			1.0
6272.0			1.0
6272.9			1.0
6273.8			1.0
6274.700000000001			1.0
6275.6			1.0
6276.5			1.0
6277.4			1.0
6278.3			1.0
6279.200000000001			1.0
6280.1			1.0
6281.0			1.0
6281.9			1.0
6282.8			1.0
6283.700000000001			1.0
6284.6			1.0
6285.5			1.0
6286.4			1.0
6287.3			1.0
6288.200000000001			1.0
6289.1			1.0
6290.0			1.0
6290.9			0.9965602752854239
6291.8			0.9832906972127669
6292.700000000001			0.9697719562346303
6293.6			0.9762884551130104
6294.5			0.9804559245262349
6295.4			0.9614448250212257
6296.3			0.944090601283599
6297.200000000001			0.9536754393975555
6298.1			0.9912789141113665
6299.0			1.027473703577432
6299.9			1.0316229637902752
6300.8			1.0100816850658558
6301.700000000001			0.9989597360387192
6302.6			1.0
6303.5			1.0
6304.4			1.0
6305.3			1.0
6306.200000000001			1.0
6307.1			1.0
6308.0			1.0
6308.9			1.0
6309.8			1.0
6310.700000000001			1.0
6311.6			1.0
6312.5			1.0
6313.4			1.0
6314.3			1.0
6315.200000000001			1.0
6316.1			1.0
6317.0			1.0
6317.9			1.0
6318.8			1.0
6319.700000000001			1.0
6320.6			1.0
6321.5			1.0
6322.4			1.0
6323.3			1.0
6324.200000000001			1.0
6325.1			1.0
6326.0			1.0
6326.9			1.0
6327.8			1.0
6328.700000000001			1.0
6329.6			1.0
6330.5			1.0
6331.4			1.0
6332.3			1.0
6333.200000000001			1.0042972109036554
6334.1			0.9778957019952931
6335.0			0.9408625179954075
6335.9			0.9266076585947437
6336.8			0.9433317594100521
6337.700000000001			0.9742617395268692
6338.6			0.9999272136743519
6339.5			1.0
6340.4			1.0
6341.3			1.0
6342.200000000001			1.0
6343.1			1.0
6344.0			1.0
6344.9			1.0
6345.8			1.0
6346.700000000001			1.0
6347.6			1.0
6348.5			1.0
6349.4			1.0
6350.3			1.0
6351.200000000001			1.0
6352.1			1.0
6353.0			1.0
6353.9			1.0
6354.8			0.9930083578677495
6355.700000000001			0.9973259002632711
6356.6			0.990061269637645
6357.5			0.9646180565720499
6358.4			0.9447680133419843
6359.3			0.9413858647276552
6360.200000000001			0.9411381335416655
6361.1			0.9292028637540175
6362.0			0.9142720985979925
6362.9			0.9179176916368169
6363.8			0.943250218157129
6364.700000000001			0.9729799098771442
6365.6			0.9899985845224871
6366.5			0.9972956342624755
6367.4			1.0020302527680611
6368.3			1.0
6369.200000000001			1.0014786237019737
6370.1			1.018734071671027
6371.0			1.044179499111496
6371.9			1.05753620845328
6372.8			1.0544428481969292
6373.700000000001			1.0447835815539879
6374.6			1.0336197461855856
6375.5			1.0273918166999865
6376.4			1.0291133101589651
6377.3			1.0256739699851098
6378.200000000001			0.9985561067745845
6379.1			0.9566480776865601
6380.0			0.9164387830428512
6380.9			0.8873642155302391
6381.8			0.899272944413921
6382.700000000001			0.9561071208449022
6383.6			1.000349401496483
6384.5			1.0018653408564853
6385.4			0.9921001285800471
6386.3			0.9806365569291993
6387.200000000001			0.9550469993360853
6388.1			0.9344554768119976
6389.0			0.960608664025427
6389.9			1.0201521075513749
6390.8			1.051229304583468
6391.700000000001			1.0343746407123284
6392.6			1.0011429099318632
6393.5			1.0
6394.4			1.0
6395.3			1.0
6396.200000000001			1.0
6397.1			1.0
6398.0			1.0
6398.9			1.0
6399.8			1.0
6400.700000000001			1.0
6401.6			1.0
6402.5			1.0
6403.4			1.0
6404.3			1.0
6405.200000000001			1.0
6406.1			1.0
6407.0			1.0
6407.9			1.0
6408.8			1.0
6409.700000000001			1.0
6410.6			1.0
6411.5			1.0
6412.4			1.0
6413.3			1.0
6414.200000000001			1.0
6415.1			1.0
6416.0			1.0
6416.9			0.9910829752359412
6417.8			0.9748756492868832
6418.700000000001			0.9626727117794246
6419.6			0.9471074278685783
6420.5			0.9259879632563203
6421.4			0.9271377432650664
6422.3			0.9632417909843746
6423.200000000001			0.9963947987480698
6424.1			0.9999361083388839
6425.0			1.0
6425.9			1.0
6426.8			1.0
6427.700000000001			1.0
6428.6			1.0
6429.5			1.0
6430.4			1.0
6431.3			1.0
6432.200000000001			1.0
6433.1			1.0
6434.0			1.0
6434.9			1.0
6435.8			1.0
6436.700000000001			0.9592169963642005
6437.6			0.8804703340343187
6438.5			0.7968528600337694
6439.4			0.7869409429049068
6440.3			0.8687948487226359
6441.200000000001			0.9554307939536849
6442.1			0.9989893990766546
6443.0			1.0
6443.9			1.0
6444.8			1.0
6445.700000000001			1.0
6446.6			0.9920256447370411
6447.5			0.9520849615152879
6448.4			0.8845672486594313
6449.3			0.8291704476964948
6450.200000000001			0.84319619233072
6451.1			0.9208272915496712
6452.0			0.993654653945168
6452.9			1.0
6453.8			1.0
6454.700000000001			1.0
6455.6			1.0
6456.5			1.0
6457.4			1.0
6458.3			1.0
6459.200000000001			1.0
6460.1			0.9731180630940067
6461.0			0.9009873616211805
6461.9			0.8055396941399954
6462.8			0.7765660670263185
6463.700000000001			0.8503709768398979
6464.6			0.9441574993765619
6465.5			1.0000795457937275
6466.4			1.0
6467.3			1.0116330923530537
6468.200000000001			1.019835944895619
6469.1			1.0149240716351418
6470.0			0.9858563868632706
6470.9			0.9448854012239963
6471.8			0.9298841840434542
6472.700000000001			0.9656536246832775
6473.6			0.9991469891747522
6474.5			1.0030717895189138
6475.4			1.0090560317851391
6476.3			1.026846844820638
6477.200000000001			1.0370702464892814
6478.1			1.0225008816700032
6479.0			1.0005447452791278
6479.9			0.9895814373813283
6480.8			0.979554091618858
6481.700000000001			0.9641760154763926
6482.6			0.9536345207251916
6483.5			0.9540314706965685
6484.4			0.9594757169476203
6485.3			0.9633609591817809
6486.200000000001			0.9706660017637979
6487.1			0.9800377565704836
6488.0			0.9859199382759194
6488.9			0.9877315214436645
6489.8			0.9878363855816041
6490.700000000001			0.9862485348455114
6491.6			0.9581512659375977
6492.5			0.8855819706440358
6493.4			0.797012379230237
6494.3			0.7615428298701272
6495.200000000001			0.8014475464096281
6496.1			0.860623069481665
6497.0			0.89767841931623
6497.9			0.8990786875281744
6498.8			0.8716128214018577
6499.700000000001			0.8659885242554108
6500.6			0.9132054196538115
6501.5			0.9680666683307112
6502.4			0.9942866022903646
6503.3			0.9987016241551687
6504.200000000001			0.9969429939227146
6505.1			1.0073765137537045
6506.0			1.0231675412980095
6506.9			1.0238136676838927
6507.8			1.0054293096468618
6508.700000000001			0.992410068356395
6509.6			1.0078800044505545
6510.5			1.0284902290148248
6511.4			1.0283054607097148
6512.3			1.012656462016927
6513.200000000001			1.0035038040622208
6514.1			1.0070348660164339
6515.0			1.0161054940406964
6515.9			1.021604534727705
6516.8			1.0175501612626072
6517.700000000001			1.0125798198978264
6518.6			1.0118876920383066
6519.5			1.0215633397689214
6520.4			1.0385818416859351
6521.3			1.0469211036849555
6522.200000000001			1.0416152100469718
6523.1			1.031301937157178
6524.0			1.03231479020729
6524.9			1.0414868918906819
6525.8			1.0480954322426534
6526.700000000001			1.0563154167923496
6527.6			1.0657381543457745
6528.5			1.0680797456182523
6529.4			1.0572235036972892
6530.3			1.039711682903816
6531.200000000001			1.0310478177501545
6532.1			1.0315542500986201
6533.0			1.0403361500503625
6533.9			1.054518451220464
6534.8			1.0686770703898851
6535.700000000001			1.0799712355157784
6536.6			1.0772353901307241
6537.5			1.0673509610042669
6538.4			1.0710862725840133
6539.3			1.0876771277230421
6540.200000000001			1.0952999271263661
6541.1			1.0856658322301858
6542.0			1.061763561562314
6542.9			1.0348972146876907
6543.8			1.0173724122692251
6544.700000000001			1.0083410189198596
6545.6			0.9889969361945611
6546.5			0.978741924550225
6547.4			0.9974409129994494
6548.3			1.0159407032037084
6549.200000000001			1.020891311891346
6550.1			1.0163933073400186
6551.0			1.0059326036469625
6551.9			0.9966302985339117
6552.8			0.9877605487442656
6553.700000000001			0.9723129863521345
6554.6			0.9590305548638016
6555.5			0.9597036141264076
6556.4			0.9703991098533193
6557.3			0.9910176248133215
6558.200000000001			1.0152472664621959
6559.1			1.033981827558095
6560.0			1.0355498485478172
6560.9			1.00203650395262
6561.8			0.9184821062528693
6562.700000000001			0.8500526503671322
6563.6			0.8811335759056044
6564.5			0.9581585613353265
6565.4			0.9894713277140975
6566.3			0.992230543374907
6567.200000000001			0.9949435362097571
6568.1			0.9917113840845996
6569.0			0.9801865437724614
6569.9			0.9815895892648726
6570.8			0.9800718527670689
6571.700000000001			0.9429657626789596
6572.6			0.9002047554552823
6573.5			0.9032721390331858
6574.4			0.9432954797208818
6575.3			0.9767542328108324
6576.200000000001			0.9980438930294235
6577.1			1.0016980082753884
6578.0			0.9901831801158306
6578.9			0.9746623911524552
6579.8			0.9646244816320929
6580.700000000001			0.9615705377070186
6581.6			0.975865694206288
6582.5			1.0007008227683745
6583.4			1.0112653766219757
6584.3			1.0124960490108725
6585.200000000001			1.01173069822249
6586.1			1.0121840829240265
6587.0			1.0205768575552547
6587.9			1.0288303983833056
6588.8			1.028105656967696
6589.700000000001			1.0246605331579428
6590.6			1.0135150213400441
6591.5			0.9781294954205066
6592.4			0.9310346201031716
6593.3			0.9052609872891692
6594.200000000001			0.9226735556169183
6595.1			0.9636635128279101
6596.0			0.9938089055832547
6596.9			1.0007881509772254
6597.8			0.9921331500942748
6598.700000000001			0.983855332093328
6599.6			0.9897526207813571
6600.5			1.008640017206279
6601.4			1.0216330933921753
6602.3			1.0224664449403909
6603.200000000001			1.0173015258654052
6604.1			1.005245544654089
6605.0			0.985349863988366
6605.9			0.970945095277755
6606.8			0.9720346159745853
6607.700000000001			0.974634520423577
6608.6			0.9652649529672606
6609.5			0.9644922845992815
6610.4			0.9830220830656208
6611.3			1.0009298718829498
6612.200000000001			1.0039833083278435
6613.1			0.9990583972920947
6614.0			0.996391867841405
6614.9			0.9947803037425532
6615.8			0.988626538343636
6616.700000000001			0.9827418739896282
6617.6			0.9758332366730048
6618.5			0.9699206532584385
6619.4			0.9708098826012274
6620.3			0.970569975764675
6621.200000000001			0.965956323180037
6622.1			0.9620671378318216
6623.0			0.9564674190825649
6623.9			0.9417423123818007
6624.8			0.9191221253245451
6625.700000000001			0.9069452469845286
6626.6			0.9117478525702375
6627.5			0.9244691765529554
6628.4			0.9331154261449625
6629.3			0.9336254506564655
6630.200000000001			0.9384954547396519
6631.1			0.948141999309264
6632.0			0.9502491999199475
6632.9			0.9460463056996954
6633.8			0.9357213758671755
6634.700000000001			0.9238862858733843
6635.6			0.9196169513562691
6636.5			0.9223202559029001
6637.4			0.9285691616849095
6638.3			0.9353023064829133
6639.200000000001			0.9391850064339261
6640.1			0.9434219472080133
6641.0			0.9500930445014887
6641.9			0.948675414341659
6642.8			0.9330209541591566
6643.700000000001			0.9238947662851184
6644.6			0.9345922140609464
6645.5			0.9473687355549493
6646.4			0.9517319749011116
6647.3			0.9508674240003077
6648.200000000001			0.9427161010359059
6649.1			0.9219401641080807
6650.0			0.8921917094222609
6650.9			0.8615218947266673
6651.8			0.8455343430199873
6652.700000000001			0.8552284097404451
6653.6			0.8712471264956568
6654.5			0.8790546654986943
6655.4			0.879727073537961
6656.3			0.8767935419456958
6657.200000000001			0.8728908983090025
6658.1			0.8692984734745847
6659.0			0.8694963955178293
6659.9			0.8696184371130892
6660.8			0.865347924781327
6661.700000000001			0.8582103825205796
6662.6			0.8511025353246433
6663.5			0.8524137719686644
6664.4			0.8638526364131675
6665.3			0.8745519047095546
6666.200000000001			0.8829936675400459
6667.1			0.8909958203341953
6668.0			0.8964900546691744
6668.9			0.9027867963992209
6669.8			0.9104610165287563
6670.700000000001			0.9188036781229669
6671.6			0.9194081501371659
6672.5			0.9092718377919766
6673.4			0.8941945130192291
6674.3			0.887567911699864
6675.200000000001			0.8895603226599015
6676.1			0.8820693410896778
6677.0			0.8564445469863524
6677.9			0.8320159010388557
6678.8			0.8286390769899795
6679.700000000001			0.8265754940341462
6680.6			0.8042068172972436
6681.5			0.7791729280603594
6682.4			0.7791963937316999
6683.3			0.7991635325413791
6684.200000000001			0.814292100913048
6685.1			0.8154937754897944
6686.0			0.8153723311233865
6686.9			0.8228511322431311
6687.8			0.83004355075337
6688.700000000001			0.8282520969031424
6689.6			0.8161266607372617
6690.5			0.8043732622221376
6691.4			0.8050153088340688
6692.3			0.811350789874449
6693.200000000001			0.8143706607165587
6694.1			0.8098240408028059
6695.0			0.8037738238936963
6695.9			0.8050358948834032
6696.8			0.8142919863393321
6697.700000000001			0.8234197722308965
6698.6			0.8284041924669701
6699.5			0.8367886151352347
6700.4			0.8478215509847062
6701.3			0.8552383695079032
6702.200000000001			0.8558418568895464
6703.1			0.8510111988958995
6704.0			0.8470862576686498
6704.9			0.8464502515601077
6705.8			0.8450793742303683
6706.700000000001			0.8472925624621456
6707.6			0.8520206274372943
6708.5			0.8543863879739685
6709.4			0.853755720888701
6710.3			0.8461217805341087
6711.200000000001			0.8333564979733534
6712.1			0.8210743337394824
6713.0			0.8099425978259286
6713.9			0.7874259335288697
6714.8			0.7557319836569085
6715.700000000001			0.7281842070483846
6716.6			0.6950826691032038
6717.5			0.6672308256716454
6718.4			0.6777529444831265
6719.3			0.7106728133172191
6720.200000000001			0.7334646519577082
6721.1			0.7450081613248745
6722.0			0.7481031269698711
6722.9			0.7455448169078056
6723.8			0.7431666939029518
6724.700000000001			0.747415189600075
6725.6			0.7538700516582982
6726.5			0.7574753514848276
6727.4			0.7650552601435963
6728.3			0.7721821751017044
6729.200000000001			0.7715443700746677
6730.1			0.7657341228081109
6731.0			0.7623693108384443
6731.9			0.7630984315444963
6732.8			0.7637138853075485
6733.700000000001			0.76570157332501
6734.6			0.7691958202303079
6735.5			0.7732831152989584
6736.4			0.7810448789828921
6737.3			0.7904723712617184
6738.200000000001			0.7906301036285621
6739.1			0.7853922360590968
6740.0			0.7882096598770703
6740.9			0.7891210882195457
6741.8			1.0
6742.700000000001			0.9908939010027634
6743.6			1.0017315649427798
6744.5			1.0165352303004505
6745.4			1.0139597845833865
6746.3			0.9896705565109771
6747.200000000001			0.9574319379640531
6748.1			0.9310091362522332
6749.0			0.922205872239623
6749.9			0.9334465399605979
6750.8			0.9493963632278962
6751.700000000001			0.9575659449583204
6752.6			0.9672639424510711
6753.5			0.9853251070057129
6754.4			0.9965630741729068
6755.3			0.9982583447034422
6756.200000000001			0.7572401906195123
6757.1			0.7712247217521949
6758.0			0.7763448529982974
6758.9			0.760994355642276
6759.8			0.7432942198133934
6760.700000000001			0.7493537102438886
6761.6			0.7722783902177163
6762.5			0.7862891286748295
6763.4			0.7783651402638982
6764.3			0.7638634913945047
6765.200000000001			1.0
6766.1			1.0186547121005864
6767.0			1.0076431114832356
6767.9			0.9776583093253721
6768.8			0.967464883643093
6769.700000000001			0.9923966968601821
6770.6			1.0200275574612843
6771.5			1.0169850812550003
6772.4			0.9981905059428338
6773.3			1.004785184369847
6774.200000000001			1.0427323546413898
6775.1			1.0694776400131754
6776.0			1.0571180023437003
6776.9			1.0289222028132656
6777.8			1.0149055785946937
6778.700000000001			1.022534576917479
6779.6			1.0306982985766826
6780.5			1.009655934041594
6781.4			0.9681840871695563
6782.3			0.9346292117234479
6783.200000000001			0.9248172645395287
6784.1			0.9265973541985146
6785.0			0.9273590511039953
6785.9			0.9311039857228677
6786.8			0.938864079978954
6787.700000000001			0.9467355257532563
6788.6			0.9549282352791523
6789.5			0.9594363457676476
6790.4			0.9612745801948518
6791.3			0.9618638358889535
6792.200000000001			0.9577602550922247
6793.1			0.9504104578435842
6794.0			0.9510973880517561
6794.9			0.9626961804903831
6795.8			0.9643990959647761
6796.700000000001			0.9564364942353073
6797.6			0.9535327713554536
6798.5			0.9620209799845668
6799.4			0.9840059009516419
6800.3			0.9996164051498255
6801.200000000001			0.7556128509695254
6802.1			0.7557014195131697
6803.0			0.7540333463699398
6803.9			0.7501445210180466
6804.8			0.7403119547204009
6805.700000000001			0.7294442861616571
6806.6			0.7215977081022537
6807.5			0.7224767270698366
6808.4			0.7336455517323227
6809.3			1.0
6810.200000000001			0.9910809659532573
6811.1			0.9924136191111848
6812.0			1.0146844466811091
6812.9			1.0404986725359529
6813.8			1.0368071804067993
6814.700000000001			0.9933720807956006
6815.6			0.9555784548408607
6816.5			0.960311052848349
6817.4			0.9776447587720387
6818.3			0.9760009603020783
6819.200000000001			0.9618258827610191
6820.1			0.9726114788071613
6821.0			1.0004280049629137
6821.9			0.743005969089209
6822.8			0.721054630257449
6823.700000000001			0.7146366332751666
6824.6			0.7416010055247777
6825.5			0.7646260968622521
6826.4			0.748710900612977
6827.3			0.731441901154727
6828.200000000001			0.7500217059657501
6829.1			0.7742788318932587
6830.0			0.7660147775227866
6830.9			0.7397100417000134
6831.8			0.7298115148650747
6832.700000000001			0.7428601280868433
6833.6			0.7579350140396335
6834.5			0.7572940022239337
6835.4			0.7442033295366982
6836.3			0.7352255416721649
6837.200000000001			0.7433240996995613
6838.1			0.7562915256900301
6839.0			1.0
6839.9			0.9975508976224532
6840.8			0.9973599182551991
6841.700000000001			1.0061578822661457
6842.6			1.0183953828453354
6843.5			1.0160324419689573
6844.4			1.0011748800755478
6845.3			0.9846679029220275
6846.200000000001			0.9768415215861291
6847.1			0.9838273761794475
6848.0			0.9986090017017557
6848.9			0.9969435309565378
6849.8			0.9673291465305276
6850.700000000001			0.9439484652147805
6851.6			0.9371879676804709
6852.5			0.9372578169077683
6853.4			0.9532664066810564
6854.3			0.976397096903539
6855.200000000001			0.9785896455992946
6856.1			0.966038233116899
6857.0			0.9622609014861243
6857.9			0.9582280120569788
6858.8			0.9488095676091333
6859.700000000001			0.9462355781099876
6860.6			0.9464626629644886
6861.5			0.9479648541158711
6862.4			0.9708953593310907
6863.3			1.0121455625413522
6864.200000000001			1.028798405377167
6865.1			0.9997649008136452
6866.0			1.0
6866.9			1.0122560590500351
6867.8			1.032372791219189
6868.700000000001			0.994736437116122
6869.6			0.9307434771715042
6870.5			0.9089973025738458
6871.4			0.9466686981576741
6872.3			0.9985861743892964
6873.200000000001			1.014143861745762
6874.1			0.9962447189268496
6875.0			0.783276954765192
6875.9			0.789465843977948
6876.8			0.7867729092305487
6877.700000000001			0.794633952451962
6878.6			1.0
6879.5			0.9816099435542927
6880.4			0.9382160540275695
6881.3			0.9232136980734041
6882.200000000001			0.9334724440424681
6883.1			0.9400987550548381
6884.0			0.9456767191187602
6884.9			0.9367476759614114
6885.8			0.9215307009823154
6886.700000000001			0.9555643901341935
6887.6			0.9964466039314928
6888.5			0.9891343280873143
6889.4			0.9645477794351632
6890.3			0.9639976516553258
6891.200000000001			0.981996120032035
6892.1			1.0000548136794867
6893.0			0.8267839970429409
6893.9			0.8346710622167353
6894.8			0.8313904727361052
6895.700000000001			0.8202265775450143
6896.6			0.8115616583587918
6897.5			1.0
6898.4			0.9997673465107751
6899.3			0.9713002602601294
6900.200000000001			0.913364505815201
6901.1			0.8754400641543603
6902.0			0.8916009826871544
6902.9			0.9498351496571082
6903.8			0.9992810054432469
6904.700000000001			0.8418955917104235
6905.6			0.8346044483956233
6906.5			0.8444709792612446
6907.4			0.8666128495721942
6908.3			0.8746358146393662
6909.200000000001			0.8639514606033282
6910.1			0.8410155071467416
6911.0			0.825911576829992
6911.9			0.8404572546877772
6912.8			0.8689116104547698
6913.700000000001			0.8808825056662414
6914.6			1.0
6915.5			0.967223264961826
6916.4			0.941681849549691
6917.3			0.9189420998688307
6918.200000000001			0.8764935426594639
6919.1			0.8537002133501176
6920.0			0.895214437298678
6920.9			0.9617631364746149
6921.8			0.9954950181166003
6922.700000000001			0.998171223925115
6923.6			0.8781362024818031
6924.5			0.8703087366119734
6925.4			0.8762672902290104
6926.3			0.8927020109321727
6927.200000000001			0.9074006960499579
6928.1			0.9174973355517271
6929.0			0.9274542416440035
6929.9			0.9339035989169235
6930.8			0.9379128774047836
6931.700000000001			0.9380911657996676
6932.6			0.930871176431556
6933.5			0.9294246510830113
6934.4			0.92759704805427
6935.3			0.9148188472550636
6936.200000000001			0.9127735559932638
6937.1			0.9253664885299113
6938.0			0.926124450897309
6938.9			0.9217491529360852
6939.8			0.9403767253896025
6940.700000000001			0.9694240903344478
6941.6			0.9850020262649557
6942.5			0.9844790809659393
6943.4			0.9698939530999549
6944.3			0.9573996277628817
6945.200000000001			0.9685916744542248
6946.1			0.9963801291477539
6947.0			1.013056355915889
6947.9			1.0063913848347505
6948.8			0.995077355824065
6949.700000000001			0.9990121632001608
6950.6			1.001298273711229
6951.5			0.9857440085687856
6952.4			0.9623522847648275
6953.3			0.9465675161147922
6954.200000000001			0.949839056093871
6955.1			0.9646204012654042
6956.0			0.9741417302422041
6956.9			0.9769620815164429
6957.8			0.9835316625188945
6958.700000000001			0.993392113444194
6959.6			0.9916510367577775
6960.5			0.9830353762487748
6961.4			0.9846419311171444
6962.3			0.9914429985190883
6963.200000000001			0.9948642598475591
6964.1			0.9995735528705926
6965.0			0.9963008100078442
6965.9			0.9799391095662288
6966.8			0.9816830212901986
6967.700000000001			1.0000201341582933
6968.6			1.0
6969.5			1.0
6970.4			1.0
6971.3			1.0
6972.200000000001			1.0
6973.1			1.0
6974.0			1.0
6974.9			1.0056027226598534
6975.8			1.0076204489943732
6976.700000000001			0.9800028783402801
6977.6			0.9420602056295015
6978.5			0.9352515672551486
6979.4			0.9508142216112201
6980.3			0.9653740154586071
6981.200000000001			0.9819276687376313
6982.1			0.9979182140058
6983.0			1.0
6983.9			1.0
6984.8			1.0
6985.700000000001			1.0
6986.6			1.0
6987.5			1.0
6988.4			1.0
6989.3			1.0
6990.200000000001			1.0
6991.1			1.0
6992.0			1.0
6992.9			1.0
6993.8			1.0
6994.700000000001			1.0
6995.6			1.0
6996.5			1.0
6997.4			1.0
6998.3			1.0
6999.200000000001			1.0
7000.1			1.0
7001.0			1.0
7001.9			1.0
7002.8			1.0
7003.700000000001			1.0
7004.6			1.0
7005.5			1.0
7006.4			1.0
7007.3			1.0
7008.200000000001			1.0
7009.1			1.0
7010.0			1.0
7010.9			1.0
7011.8			1.0
7012.700000000001			1.0
7013.6			1.0
7014.5			1.0
7015.4			1.0
7016.3			1.0
7017.200000000001			1.0
7018.1			1.0
7019.0			1.0
7019.9			1.0
7020.8			0.9893226494611943
7021.700000000001			0.9702274064253134
7022.6			0.9491648815676188
7023.5			0.9326460376218119
7024.4			0.9218535513608226
7025.3			0.9220634039250166
7026.200000000001			0.9416865374763231
7027.1			0.9740775158615843
7028.0			1.0010291348956861
7028.9			1.0
7029.8			1.0
7030.700000000001			1.0
7031.6			1.0
7032.5			1.0
7033.4			1.0
7034.3			1.0
7035.200000000001			1.0
7036.1			1.0
7037.0			1.0
7037.9			1.0
7038.8			1.0
7039.700000000001			1.0
7040.6			1.0
7041.5			1.0
7042.4			1.0
7043.3			1.0
7044.200000000001			1.0
7045.1			1.0
7046.0			1.0
7046.9			1.0
7047.8			1.0
7048.700000000001			1.0
7049.6			1.0
7050.5			1.0
7051.4			1.0
7052.3			1.0
7053.200000000001			0.9234747021463908
7054.1			0.8422830887569371
7055.0			0.8371276572285724
7055.9			0.9087503460448795
7056.8			0.9843786916430083
7057.700000000001			1.0
7058.6			0.9663025904621966
7059.5			0.9297492222937596
7060.4			0.9109337987214319
7061.3			0.9145479895360926
7062.200000000001			0.9372037428466826
7063.1			0.9634553813402893
7064.0			0.9798877283559038
7064.9			0.9834562090438037
7065.8			0.9811103383395591
7066.700000000001			0.9775676284261383
7067.6			0.9725596187485906
7068.5			0.9715117330386327
7069.4			0.979492017187652
7070.3			0.9974088088111207
7071.200000000001			1.0187807043630788
7072.1			1.031736437879261
7073.0			1.0313138040321377
7073.9			1.0240437260462467
7074.8			1.0234048761458219
7075.700000000001			1.0296911377191844
7076.6			1.0326444230117835
7077.5			1.0310611133250398
7078.4			1.0302596577680616
7079.3			1.032685477263537
7080.200000000001			1.0388773123879094
7081.1			1.0420182132073537
7082.0			1.0311540425043897
7082.9			1.004053807386693
7083.8			0.9780591896934088
7084.700000000001			0.9749591104403801
7085.6			0.9663589194656479
7086.5			0.8966834261062527
7087.4			0.7996631406648195
7088.3			0.767115259643692
7089.200000000001			0.8031413371236334
7090.1			0.85484719016992
7091.0			0.8890670076731447
7091.9			0.8914943625001699
7092.8			0.8758034508891246
7093.700000000001			0.8625846765386291
7094.6			0.8551494068542395
7095.5			0.8566521480467809
7096.4			0.8686826648237016
7097.3			0.8836860211024109
7098.200000000001			0.8973380411429833
7099.1			0.9048260508954422
7100.0			0.9015979220337641
7100.9			0.8936065368302087
7101.8			0.889275476761015
7102.700000000001			0.8904793186812474
7103.6			0.8982002092282014
7104.5			0.9106470871652216
7105.4			0.9238168557025302
7106.3			0.935530212130957
7107.200000000001			0.9457906080542579
7108.1			0.9541508098415549
7109.0			0.9545919926827655
7109.9			0.9448798983177454
7110.8			0.9377939414919249
7111.700000000001			0.9464643324986113
7112.6			0.9602537780507086
7113.5			0.961291759329206
7114.4			0.953699291967786
7115.3			0.9570383295409476
7116.200000000001			0.9711372952697613
7117.1			0.9832288373056176
7118.0			0.9943568849345131
7118.9			1.0076347077719625
7119.8			1.0111329800944029
7120.700000000001			1.002843571205649
7121.6			0.996143821167938
7122.5			0.989624904780596
7123.4			0.9472557623532633
7124.3			0.8427591671151226
7125.200000000001			0.7348038233426039
7126.1			0.7078253740233986
7127.0			0.7491403510479289
7127.9			0.7951887960984907
7128.8			0.8121466444873726
7129.700000000001			0.7975446534679382
7130.6			0.772780553492498
7131.5			0.7617515915758474
7132.4			0.7685899584358432
7133.3			0.7819427231536603
7134.200000000001			0.789221302095592
7135.1			0.7916123398242488
7136.0			0.7928928003559252
7136.9			0.7873100262540783
7137.8			0.7784071666924803
7138.700000000001			0.7819108722043708
7139.6			0.7990581370784513
7140.5			0.8174327915333937
7141.4			0.8304502135803586
7142.3			0.8372713055601345
7143.200000000001			0.8381299255515837
7144.1			0.8338973675264802
7145.0			1.0
7145.9			0.9686014662402139
7146.8			0.9163589111427513
7147.700000000001			0.8935138193631957
7148.6			0.935936670133551
7149.5			1.0009348469435082
7150.4			0.8635394981658003
7151.3			0.8780362658887246
7152.200000000001			0.8897390323438126
7153.1			0.90127868505322
7154.0			0.9141426183011989
7154.9			1.0
7155.8			1.0073056898078463
7156.700000000001			0.9968763380288617
7157.6			0.9710001089749192
7158.5			0.9483216758297335
7159.4			0.9487914957725707
7160.3			0.9704173009339885
7161.200000000001			0.995102612911844
7162.1			1.0070546075851439
7163.0			1.0007432150954703
7163.9			0.8765175081690939
7164.8			0.8810343837664649
7165.700000000001			0.9042697120551856
7166.6			0.9219620221683911
7167.5			0.922032861225802
7168.4			0.9131743710867838
7169.3			0.9167379159861365
7170.200000000001			0.9337824687005206
7171.1			0.9423872868096449
7172.0			0.9365130325815051
7172.9			0.928133197008917
7173.8			0.9275120019578142
7174.700000000001			0.9290177262547173
7175.6			0.925589792951717
7176.5			0.9259887750419373
7177.4			0.9372595342165424
7178.3			0.948180594539289
7179.200000000001			0.9466536320918524
7180.1			0.9421040515278212
7181.0			0.9487433408473853
7181.9			0.964004227010525
7182.8			1.0
7183.700000000001			1.0055776912785885
7184.6			0.9948298171806182
7185.5			0.9661268313696303
7186.4			0.9399060213588386
7187.3			0.9335648926173454
7188.200000000001			0.9433310911491072
7189.1			0.9644087748987955
7190.0			0.9875220897927744
7190.9			0.9993671520074169
7191.8			0.9923714129227827
7192.700000000001			0.996407716950971
7193.6			0.9999408697743362
7194.5			1.0
7195.4			1.0
7196.3			1.0
7197.200000000001			1.0
7198.1			1.0064760604490977
7199.0			1.0080689621757974
7199.9			0.9707235689310958
7200.8			0.917825853366194
7201.700000000001			0.904416742055471
7202.6			0.9456657142836982
7203.5			0.996769066420325
7204.4			1.0165525612748685
7205.3			1.0004547460003015
7206.200000000001			1.0
7207.1			1.0
7208.0			1.0
7208.9			1.0
7209.8			1.0
7210.700000000001			1.0
7211.6			1.0
7212.5			1.0
7213.4			1.0
7214.3			1.0
7215.200000000001			1.0
7216.1			1.0
7217.0			1.0
7217.9			1.0
7218.8			1.0
7219.700000000001			1.0
7220.6			1.0
7221.5			1.0
7222.4			1.0
7223.3			1.0
7224.200000000001			1.0
7225.1			1.0
7226.0			1.0
7226.9			1.0
7227.8			1.0
7228.700000000001			1.0
7229.6			1.0
7230.5			1.0
7231.4			1.0
7232.3			1.0
7233.200000000001			1.0
7234.1			1.0
7235.0			1.0
7235.9			1.0
7236.8			1.0
7237.700000000001			1.0
7238.6			1.0
7239.5			1.0
7240.4			1.0
7241.3			1.0
7242.200000000001			1.0
7243.1			1.0
7244.0			1.0
7244.9			1.0
7245.8			1.0
7246.700000000001			1.0
7247.6			1.0
7248.5			1.0
7249.4			1.0
7250.3			1.0
7251.200000000001			1.0
7252.1			1.0
7253.0			1.0
7253.9			1.0
7254.8			1.0
7255.700000000001			1.0
7256.6			1.0
7257.5			1.0
7258.4			1.0
7259.3			1.0
7260.200000000001			1.0
7261.1			1.0
7262.0			1.0
7262.9			1.0
7263.8			1.0
7264.700000000001			1.0
7265.6			1.0
7266.5			1.0
7267.4			1.0
7268.3			1.0
7269.200000000001			1.0
7270.1			1.0
7271.0			1.0
7271.9			1.0
7272.8			1.0
7273.700000000001			1.0
7274.6			1.0
7275.5			1.0
7276.4			1.0
7277.3			1.0
7278.200000000001			1.0
7279.1			1.0
7280.0			1.0
7280.9			1.0
7281.8			1.0
7282.700000000001			1.0
7283.6			1.0
7284.5			1.0
7285.4			1.0
7286.3			1.0
7287.200000000001			1.0
7288.1			1.0
7289.0			1.0
7289.9			1.0
7290.8			1.0
7291.700000000001			1.0
7292.6			1.0
7293.5			1.0
7294.4			1.0
7295.3			1.0
7296.200000000001			1.0
7297.1			1.0
7298.0			1.0
7298.9			1.0
7299.8			1.0
7300.700000000001			1.0
7301.6			1.0
7302.5			1.0
7303.4			1.0
7304.3			1.0
7305.200000000001			1.0
7306.1			1.0
7307.0			1.0
7307.9			1.0
7308.8			1.0
7309.700000000001			1.0
7310.6			1.0
7311.5			1.0
7312.4			1.0
7313.3			1.0
7314.200000000001			1.0
7315.1			1.0
7316.0			1.0
7316.9			1.0
7317.8			1.0
7318.700000000001			1.0
7319.6			1.0
7320.5			1.0
7321.4			1.0
7322.3			0.9919186202585758
7323.200000000001			0.9564659522298962
7324.1			0.8931585356994796
7325.0			0.8519921341169177
7325.9			0.8849803291545313
7326.8			0.9565965204101307
7327.700000000001			0.9988404028551335
7328.6			1.0
7329.5			1.0
7330.4			1.0
7331.3			1.0
7332.200000000001			1.0
7333.1			1.0
7334.0			1.0
7334.9			1.0
7335.8			1.0
7336.700000000001			1.0
7337.6			1.0
7338.5			1.0
7339.4			1.0
7340.3			0.9983825986387203
7341.200000000001			0.9899788931328415
7342.1			0.9715500840873349
7343.0			0.9521066756666963
7343.9			0.9552436292580013
7344.8			0.9806626397261261
7345.700000000001			1.0005710352826316
7346.6			1.0
7347.5			1.0
7348.4			1.0
7349.3			0.9919770083868447
7350.200000000001			0.9854380782882288
7351.1			0.9774591143820038
7352.0			0.9705496731680575
7352.9			0.9586170218394638
7353.8			0.9294505269977594
7354.700000000001			0.8965454050400514
7355.6			0.8933834119464751
7356.5			0.9240688215576154
7357.4			0.9640694457043951
7358.3			1.0
7359.200000000001			0.999779120132088
7360.1			0.9875638837895769
7361.0			0.987849998518237
7361.9			1.0037524595348033
7362.8			1.027788777423561
7363.700000000001			1.054690610398207
7364.6			1.0773032092985448
7365.5			1.0970588137708588
7366.4			1.126247986493141
7367.3			1.1553154742476308
7368.200000000001			1.1731215922516705
7369.1			1.1888549091243743
7370.0			1.2075140171127723
7370.9			1.2227212451339387
7371.8			1.2341543631012293
7372.700000000001			1.2425818225371579
7373.6			1.248890562524955
7374.5			1.2629997687205134
7375.4			1.287271387979395
7376.3			1.3132793088564019
7377.200000000001			1.3386931971531277
7378.1			1.3602710910768552
7379.0			1.3694982390540356
7379.9			1.372377811349263
7380.8			1.383818965121406
7381.700000000001			1.4068343205953948
7382.6			1.4323173222786543
7383.5			1.4461304370622503
7384.4			1.4495616697505633
7385.3			1.4588714125854276
7386.200000000001			1.4774329109863955
7387.1			1.4958002628586358
7388.0			1.5087408253861239
7388.9			1.5272632505040478
7389.8			1.5619986637143992
7390.700000000001			1.6034798636335024
7391.6			1.6367513325648966
7392.5			1.6682096297756326
7393.4			1.7082794115300532
7394.3			1.7541135203467793
7395.200000000001			1.7852566534074248
7396.1			1.797670547078554
7397.0			1.7969526681749468
7397.9			1.7823909028339429
7398.8			1.7959087100163
7399.700000000001			1.8677219042735949
7400.6			1.968936972678284
7401.5			2.0579485858774795
7402.4			2.116963972233995
7403.3			2.161476937274731
7404.200000000001			2.2056173811685524
7405.1			2.2520320308251165
7406.0			2.2989796710875154
7406.9			2.339435093068338
7407.8			2.384107859535733
7408.700000000001			2.436416328489527
7409.6			2.520694057518347
7410.5			2.4211862538525657
7411.4			1.285234114405636
7412.3			0.1424213559997525
7413.200000000001			1.236937106883543e-05
7414.1			1.2727630754114475e-05
7415.0			1.3107262317148634e-05
7415.9			1.3510236953246142e-05
7416.8			1.3938775959643629e-05
7417.700000000001			1.4395391700536939e-05
7418.6			1.4882936896569287e-05
7419.5			1.5404664281497268e-05
7420.4			1.596429926243422e-05
7421.3			1.656612901517624e-05
7422.200000000001			1.721511252155884e-05
7423.1			1.7917017525872587e-05
7424.0			1.8678592419826635e-05
7424.9			1.95077839100464e-05
7425.8			2.0414015355855095e-05
7426.700000000001			2.1408546467506346e-05
7427.6			2.25049435318888e-05
7428.5			2.3719701927603496e-05
7429.4			1.0
