3500.0			1.0
3500.9			1.0
3501.8			1.0
3502.7			1.0
3503.6			1.0
3504.5			1.0
3505.4			1.0
3506.3			1.0
3507.2			1.0
3508.1			1.0
3509.0			1.0
3509.9			1.0
3510.8			1.0
3511.7			1.0
3512.6			1.0
3513.5			1.0
3514.4			1.0
3515.3			1.0
3516.2			1.0
3517.1			1.0
3518.0			1.0
3518.9			1.0
3519.8			1.0
3520.7			1.0
3521.6			1.0
3522.5			1.0
3523.4			1.0
3524.3			1.0
3525.2			1.0
3526.1			1.0
3527.0			1.0
3527.9			1.0
3528.8			1.0
3529.7			1.0
3530.6			1.0
3531.5			1.0
3532.4			1.0
3533.3			1.0
3534.2			1.0
3535.1			1.0
3536.0			1.0
3536.9			1.0
3537.8			1.0
3538.7			1.0
3539.6			1.0
3540.5			1.0
3541.4			1.0
3542.3			1.0
3543.2			1.0
3544.1			1.0
3545.0			1.0
3545.9			1.0
3546.8			1.0
3547.7			1.0
3548.6			1.0
3549.5			1.0
3550.4			1.0
3551.3			1.0
3552.2			1.0
3553.1			1.0
3554.0			1.0
3554.9			1.0
3555.8			1.0
3556.7			1.0
3557.6			1.0
3558.5			1.0
3559.4			1.0
3560.3			1.0
3561.2			1.0
3562.1			1.0
3563.0			1.0
3563.9			1.0
3564.8			1.0
3565.7			1.0
3566.6			1.0
3567.5			1.0
3568.4			1.0
3569.3			1.0
3570.2			1.0
3571.1			1.0
3572.0			1.0
3572.9			1.0
3573.8			1.0
3574.7			1.0
3575.6			1.0
3576.5			1.0
3577.4			1.0
3578.3			1.0
3579.2			1.0
3580.1			1.0
3581.0			1.0
3581.9			1.0
3582.8			1.0
3583.7			1.0
3584.6			1.0
3585.5			1.0
3586.4			1.0
3587.3			1.0
3588.2			1.0
3589.1			1.0
3590.0			1.0
3590.9			1.0
3591.8			1.0
3592.7			1.0
3593.6			1.0
3594.5			1.0
3595.4			1.0
3596.3			1.0
3597.2			1.0
3598.1			1.0
3599.0			1.0
3599.9			1.0
3600.8			1.0
3601.7			1.0
3602.6			1.0
3603.5			1.0
3604.4			1.0
3605.3			1.0
3606.2			1.0
3607.1			1.0
3608.0			1.0
3608.9			1.0
3609.8			1.0
3610.7			1.0
3611.6			1.0
3612.5			1.0
3613.4			1.0
3614.3			1.0
3615.2			1.0
3616.1			1.0
3617.0			1.0
3617.9			1.0
3618.8			1.0
3619.7			1.0
3620.6			1.0
3621.5			1.0
3622.4			1.0
3623.3			1.0
3624.2			1.0
3625.1			1.0
3626.0			1.0
3626.9			1.0
3627.8			1.0
3628.7			1.0
3629.6			1.0
3630.5			1.0
3631.4			1.0
3632.3			1.0
3633.2			1.0
3634.1			1.0
3635.0			1.0
3635.9			1.0
3636.8			1.0
3637.7			1.0
3638.6			1.0
3639.5			1.0
3640.4			1.0
3641.3			1.0
3642.2			1.0
3643.1			1.0
3644.0			1.0
3644.9			1.0
3645.8			1.0
3646.7			1.0
3647.6			1.0
3648.5			1.0
3649.4			1.0
3650.3			1.0
3651.2			1.0
3652.1			1.0
3653.0			1.0
3653.9			1.0
3654.8			1.0
3655.7			1.0
3656.6			1.0
3657.5			1.0
3658.4			1.0
3659.3			1.0
3660.2			1.0
3661.1			1.0
3662.0			1.0
3662.9			1.0
3663.8			1.0
3664.7			1.0
3665.6			1.0
3666.5			1.0
3667.4			1.0
3668.3			1.0
3669.2			1.0
3670.1			1.0
3671.0			1.0
3671.9			1.0
3672.8			1.0
3673.7			1.0
3674.6			1.0
3675.5			1.0
3676.4			1.0
3677.3			1.0
3678.2			1.0
3679.1			1.0
3680.0			1.0
3680.9			1.0
3681.8			1.0
3682.7			1.0
3683.6			1.0
3684.5			1.0
3685.4			1.0
3686.3			1.0
3687.2			1.0
3688.1			1.0
3689.0			1.0
3689.9			1.0
3690.8			1.0
3691.7			1.0
3692.6			1.0
3693.5			1.0
3694.4			1.0
3695.3			1.0
3696.2			1.0
3697.1			1.0
3698.0			1.0
3698.9			1.0
3699.8			1.0
3700.7			1.0
3701.6			1.0
3702.5			1.0
3703.4			1.0
3704.3			1.0
3705.2			1.0
3706.1			1.0
3707.0			1.0
3707.9			1.0
3708.8			1.0
3709.7			1.0
3710.6			1.0
3711.5			1.0
3712.4			1.0
3713.3			1.0
3714.2			1.0
3715.1			1.0
3716.0			1.0
3716.9			1.0
3717.8			1.0
3718.7			1.0
3719.6			1.0
3720.5			1.0
3721.4			1.0
3722.3			1.0
3723.2			1.0
3724.1			1.0
3725.0			1.0
3725.9			1.0
3726.8			1.0
3727.7			1.0
3728.6			1.0
3729.5			1.0
3730.4			1.0
3731.3			1.0
3732.2			1.0
3733.1			1.0
3734.0			1.0
3734.9			1.0
3735.8			1.0
3736.7			1.0
3737.6			1.0
3738.5			1.0
3739.4			1.0
3740.3			1.0
3741.2			1.0
3742.1			1.0
3743.0			1.0
3743.9			1.0
3744.8			1.0
3745.7			1.0
3746.6			1.0
3747.5			1.0
3748.4			1.0
3749.3			1.0
3750.2			1.0
3751.1			1.0
3752.0			1.0
3752.9			1.0
3753.8			1.0
3754.7			1.0
3755.6			1.0
3756.5			1.0
3757.4			1.0
3758.3			1.0
3759.2			1.0
3760.1			1.0
3761.0			1.0
3761.9			1.0
3762.8			1.0
3763.7			1.0
3764.6			1.0
3765.5			1.0
3766.4			1.0
3767.3			1.0
3768.2			1.0
3769.1			1.0
3770.0			1.0
3770.9			1.0
3771.8			1.0
3772.7			1.0
3773.6			1.0
3774.5			1.0
3775.4			1.0
3776.3			1.0
3777.2			1.0
3778.1			1.0
3779.0			1.0
3779.9			1.0
3780.8			1.0
3781.7			1.0
3782.6			1.0
3783.5			1.0
3784.4			1.0
3785.3			1.0
3786.2			1.0
3787.1			1.0
3788.0			1.0
3788.9			1.0
3789.8			1.0
3790.7			1.0
3791.6			1.0
3792.5			1.0
3793.4			1.0
3794.3			1.0
3795.2			1.0
3796.1			1.0
3797.0			1.0
3797.9			1.0
3798.8			1.0
3799.7			1.0
3800.6			1.0
3801.5			1.0
3802.4			1.0
3803.3			1.0
3804.2			1.0
3805.1			1.0
3806.0			1.0
3806.9			1.0
3807.8			1.0
3808.7			1.0
3809.6			1.0
3810.5			1.0
3811.4			1.0
3812.3			1.0
3813.2			1.0
3814.1			1.0
3815.0			1.0
3815.9			1.0
3816.8			1.0
3817.7			1.0
3818.6			1.0
3819.5			1.0
3820.4			1.0
3821.3			1.0
3822.2			1.0
3823.1			1.0
3824.0			1.0
3824.9			1.0
3825.8			1.0
3826.7			1.0
3827.6			1.0
3828.5			1.0
3829.4			1.0
3830.3			1.0
3831.2			1.0
3832.1			1.0
3833.0			1.0
3833.9			1.0
3834.8			1.0
3835.7			1.0
3836.6			1.0
3837.5			1.0
3838.4			1.0
3839.3			1.0
3840.2			1.0
3841.1			1.0
3842.0			1.0
3842.9			1.0
3843.8			1.0
3844.7			1.0
3845.6			1.0
3846.5			1.0
3847.4			1.0
3848.3			1.0
3849.2			1.0
3850.1			1.0
3851.0			1.0
3851.9			1.0
3852.8			1.0
3853.7			1.0
3854.6			1.0
3855.5			1.0
3856.4			1.0
3857.3			1.0
3858.2			1.0
3859.1			1.0
3860.0			1.0
3860.9			1.0
3861.8			1.0
3862.7			1.0
3863.6			1.0
3864.5			1.0
3865.4			1.0
3866.3			1.0
3867.2			1.0
3868.1			1.0
3869.0			1.0
3869.9			1.0
3870.8			1.0
3871.7			1.0
3872.6			1.0
3873.5			1.0
3874.4			1.0
3875.3			1.0
3876.2			1.0
3877.1			1.0
3878.0			1.0
3878.9			1.0
3879.8			1.0
3880.7			1.0
3881.6			1.0
3882.5			1.0
3883.4			1.0
3884.3			1.0
3885.2			1.0
3886.1			1.0
3887.0			1.0
3887.9			1.0
3888.8			1.0
3889.7			1.0
3890.6			1.0
3891.5			1.0
3892.4			1.0
3893.3			1.0
3894.2			1.0
3895.1			1.0
3896.0			1.0
3896.9			1.0
3897.8			1.0
3898.7			1.0
3899.6			1.0
3900.5			1.0
3901.4			1.0
3902.3			1.0
3903.2			1.0
3904.1			1.0
3905.0			1.0
3905.9			1.0
3906.8			1.0
3907.7			1.0
3908.6			1.0
3909.5			1.0
3910.4			1.0
3911.3			1.0
3912.2			1.0
3913.1			1.0
3914.0			1.0
3914.9			1.0
3915.8			1.0
3916.7			1.0
3917.6			1.0
3918.5			1.0
3919.4			1.0
3920.3			1.0
3921.2			1.0
3922.1			1.0
3923.0			1.0
3923.9			1.0
3924.8			1.0
3925.7			1.0
3926.6			1.0
3927.5			1.0
3928.4			1.0
3929.3			1.0
3930.2			1.0
3931.1			1.0
3932.0			1.0
3932.9			1.0
3933.8			1.0
3934.7			1.0
3935.6			1.0
3936.5			1.0
3937.4			1.0
3938.3			1.0
3939.2			1.0
3940.1			1.0
3941.0			1.0
3941.9			1.0
3942.8			1.0
3943.7			1.0
3944.6			1.0
3945.5			1.0
3946.4			1.0
3947.3			1.0
3948.2			1.0
3949.1			1.0
3950.0			1.0
3950.9			1.0
3951.8			1.0
3952.7			1.0
3953.6			1.0
3954.5			1.0
3955.4			1.0
3956.3			1.0
3957.2			1.0
3958.1			1.0
3959.0			1.0
3959.9			1.0
3960.8			1.0
3961.7			1.0
3962.6			1.0
3963.5			1.0
3964.4			1.0
3965.3			1.0
3966.2			1.0
3967.1			1.0
3968.0			1.0
3968.9			1.0
3969.8			1.0
3970.7			1.0
3971.6			1.0
3972.5			1.0
3973.4			1.0
3974.3			1.0
3975.2			1.0
3976.1			1.0
3977.0			1.0
3977.9			1.0
3978.8			1.0
3979.7			1.0
3980.6			1.0
3981.5			1.0
3982.4			1.0
3983.3			1.0
3984.2			1.0
3985.1			1.0
3986.0			1.0
3986.9			1.0
3987.8			1.0
3988.7			1.0
3989.6			1.0
3990.5			1.0
3991.4			1.0
3992.3			1.0
3993.2			1.0
3994.1			1.0
3995.0			1.0
3995.9			1.0
3996.8			1.0
3997.7			1.0
3998.6			1.0
3999.5			1.0
4000.4			1.0
4001.3			1.0
4002.2			1.0
4003.1			1.0459461623755784
4004.0			0.976843348205067
4004.9			0.8064234805993609
4005.8			0.715283928372712
4006.7			0.7903881479177457
4007.6			0.9269902140640128
4008.5			1.0029579567289133
4009.4			1.0
4010.3			1.0
4011.2			1.0
4012.1			1.0
4013.0			1.0
4013.9			1.0
4014.8			1.0
4015.7			1.0
4016.6			1.0
4017.5			1.0
4018.4			1.0
4019.3			1.0
4020.2			1.0
4021.1			1.0
4022.0			1.0
4022.9			1.0
4023.8			1.0
4024.7			1.0
4025.6			1.0
4026.5			1.0
4027.4			1.0429926403648935
4028.3			1.0612074017457669
4029.2			0.9903073216681251
4030.1			0.8203902485629685
4031.0			0.6894376533449222
4031.9			0.6511524524575101
4032.8			0.6307261018180975
4033.7			0.6275747500489605
4034.6			0.6691228116832058
4035.5			0.757119982609799
4036.4			0.8715961880384299
4037.3			0.9645954068208563
4038.2			1.000747665912449
4039.1			1.0
4040.0			1.0
4040.9			1.0
4041.8			1.0335548354917126
4042.7			1.0558191134048098
4043.6			0.9236019362406994
4044.5			0.6835833904089057
4045.4			0.4961420685896804
4046.3			0.49706185304810363
4047.2			0.6818455074964512
4048.1			0.883676955566613
4049.0			1.000401523570366
4049.9			1.0
4050.8			1.0
4051.7			1.0
4052.6			1.0
4053.5			1.0
4054.4			1.0
4055.3			1.0
4056.2			1.0
4057.1			1.0
4058.0			1.0
4058.9			1.0
4059.8			1.1177182063192705
4060.7			1.1788273053860892
4061.6			1.0811344600378539
4062.5			0.8622203590118257
4063.4			0.6816048213275154
4064.3			0.7137224020097375
4065.2			0.8906898951156487
4066.1			0.9887176146376985
4067.0			0.999909935444209
4067.9			1.0
4068.8			1.0
4069.7			1.0
4070.6			1.0
4071.5			1.0
4072.4			1.0
4073.3			1.0
4074.2			1.0
4075.1			0.9680534302888137
4076.0			0.8614894815369346
4076.9			0.7532619999062441
4077.8			0.725686309623408
4078.7			0.7927102175044904
4079.6			0.8964481136877545
4080.5			0.994385684877744
4081.4			1.0
4082.3			1.0
4083.2			1.0
4084.1			1.0
4085.0			1.0
4085.9			1.0
4086.8			1.0
4087.7			1.0
4088.6			1.0
4089.5			1.0
4090.4			1.0
4091.3			1.0
4092.2			1.0
4093.1			1.0
4094.0			1.0183577350021153
4094.9			0.960971631737408
4095.8			0.8775484592157244
4096.7			0.8454846824126018
4097.6			0.8634365446516399
4098.5			0.8922694570351056
4099.4			0.8906297996633724
4100.3			0.8230500645308393
4101.2			0.7370769275629976
4102.1			0.738357938260218
4103.0			0.8207513583842941
4103.9			0.8965494156181871
4104.8			0.9566824986924105
4105.7			1.0188292715756622
4106.6			1.0520858739954588
4107.5			1.044606869148443
4108.4			1.0251090201151776
4109.3			1.0074543519386112
4110.2			0.9993685124199008
4111.1			1.0
4112.0			1.0
4112.9			1.0
4113.8			1.0
4114.7			1.0
4115.6			1.0
4116.5			1.0
4117.4			0.9821100041739047
4118.3			0.905815682467924
4119.2			0.8778909125456096
4120.1			0.9394066150642753
4121.0			0.9992431870518946
4121.9			1.0
4122.8			1.0
4123.7			1.0
4124.6			1.0
4125.5			1.0
4126.4			1.0
4127.3			1.0
4128.2			1.0
4129.1			1.0100811174601811
4130.0			1.0014348942661833
4130.9			0.9291563764348614
4131.8			0.7959731320897393
4132.7			0.733696430598079
4133.6			0.7623606186453535
4134.5			0.8152645598814307
4135.4			0.9184015870783012
4136.3			1.0021466156890113
4137.2			1.0
4138.1			1.0
4139.0			1.0
4139.9			1.0
4140.8			1.0010493270490624
4141.7			0.923061541505767
4142.6			0.7566711477810221
4143.5			0.6319539977553935
4144.4			0.6830761591846869
4145.3			0.8547666011773059
4146.2			0.9840474210415225
4147.1			1.0
4148.0			1.0
4148.9			1.0
4149.8			0.9716717243866455
4150.7			0.9830956947814306
4151.6			0.9989664411678445
4152.5			0.9745516506715168
4153.4			0.9208229693106658
4154.3			0.8765878947390956
4155.2			0.8892741851105356
4156.1			0.9055964376789172
4157.0			0.901559522880971
4157.9			0.9364840031724379
4158.8			0.9998362771462855
4159.7			1.0
4160.6			1.0
4161.5			1.0
4162.4			1.0
4163.3			1.0
4164.2			1.0
4165.1			1.0
4166.0			1.0
4166.9			1.0
4167.8			0.9705868750002754
4168.7			1.031815304356099
4169.6			1.0970266062649714
4170.5			1.0828105763998261
4171.4			0.9880333397917821
4172.3			0.8851776511482683
4173.2			0.8651698021591417
4174.1			0.9109408119433916
4175.0			0.9441751602244883
4175.9			0.9526993230957582
4176.8			0.9530371596334756
4177.7			0.9594961283973367
4178.6			0.9988413939027079
4179.5			1.0
4180.4			1.0
4181.3			1.0
4182.2			1.0
4183.1			1.0
4184.0			1.0
4184.9			1.046500359793886
4185.8			1.0131151452195637
4186.7			0.8722790773710407
4187.6			0.7773571591048711
4188.5			0.8421959571068706
4189.4			1.0
4190.3			1.0347407963535875
4191.2			0.9865618428891061
4192.1			1.0027975644147538
4193.0			1.0907573143202114
4193.9			1.1007463280872185
4194.8			0.9970317399635795
4195.7			0.8908032147462394
4196.6			0.8396282040428318
4197.5			0.7912537171821411
4198.4			0.7333261177925867
4199.3			0.7446461709244334
4200.2			0.7879760906412104
4201.1			0.7640741907578062
4202.0			0.7301470688283334
4202.9			0.7848435839081112
4203.8			0.8727470560101421
4204.7			0.9367630672359036
4205.6			0.9791850197381179
4206.5			0.9938497939880709
4207.4			1.0
4208.3			1.0
4209.2			1.0
4210.1			1.0
4211.0			1.0
4211.9			1.0
4212.8			1.0249069469645635
4213.7			0.9896263494748692
4214.6			0.9037462021228175
4215.5			0.8071630963196884
4216.4			0.8213898802107272
4217.3			0.9265168761491053
4218.2			1.0022219137552097
4219.1			1.0
4220.0			1.0
4220.9			1.0
4221.8			1.0
4222.7			0.9135159563041912
4223.6			0.8233600382821028
4224.5			0.7114684896317471
4225.4			0.5571973800849641
4226.3			0.41040208641796605
4227.2			0.40594906533000213
4228.1			0.5847383521422672
4229.0			1.0
4229.9			1.141868184703135
4230.8			1.212099175712126
4231.7			1.2023070937842875
4232.6			1.0989904104366404
4233.5			1.0061169998759345
4234.4			0.9840057046170901
4235.3			0.924081968167588
4236.2			0.850288228611557
4237.1			0.87211256503991
4238.0			0.9157389283250327
4238.9			0.9090372956884695
4239.8			0.9130910509955094
4240.7			0.9758662173422201
4241.6			1.0253775342493634
4242.5			0.9998058470211415
4243.4			1.0
4244.3			1.0
4245.2			1.0
4246.1			1.0
4247.0			0.943556522621142
4247.9			0.8935479553631703
4248.8			0.8586636881737969
4249.7			0.7984802288108392
4250.6			0.7968131220727194
4251.5			0.9624567963961278
4252.4			1.144258108167966
4253.3			1.1410396993690992
4254.2			1.0303276358577296
4255.1			1.0
4256.0			1.0
4256.9			1.0
4257.8			1.0005068722498263
4258.7			0.8712788991291665
4259.6			0.7222324243662812
4260.5			0.641332775641451
4261.4			0.707622216196474
4262.3			0.8754808600526282
4263.2			1.0007585368904024
4264.1			1.0
4265.0			1.0
4265.9			1.0
4266.8			0.9679041311894203
4267.7			0.9128892694135884
4268.6			0.872173346841573
4269.5			0.8066007685151023
4270.4			0.6731492283402237
4271.3			0.5406640392244881
4272.2			0.529082918535404
4273.1			0.6020371277865181
4274.0			0.6276218017847288
4274.9			0.640588557308837
4275.8			0.7442784286688349
4276.7			0.8944119815790647
4277.6			0.9981974184203066
4278.5			1.0
4279.4			1.0
4280.3			1.0
4281.2			1.0
4282.1			1.0
4283.0			1.0
4283.9			1.0
4284.8			1.0
4285.7			1.0
4286.6			1.0
4287.5			1.0214335699370494
4288.4			0.9437109648565705
4289.3			0.7937592364902687
4290.2			0.7352070004041719
4291.1			0.8135901380516298
4292.0			1.0
4292.9			1.0688373856785824
4293.8			1.0213145510457375
4294.7			0.9800610814190436
4295.6			1.0099488006468693
4296.5			1.0048220540491068
4297.4			0.9265137891455723
4298.3			0.8045984763591826
4299.2			0.674393182644202
4300.1			0.6312019802257931
4301.0			0.693872876660975
4301.9			0.7406587144989423
4302.8			0.7434059234719705
4303.7			0.7659189611892508
4304.6			0.7830700381445173
4305.5			0.7607268106893572
4306.4			0.7063895397187266
4307.3			0.6121850959157453
4308.2			0.5433073728488369
4309.1			0.5708587960589796
4310.0			0.6485757550090184
4310.9			0.7176810482375346
4311.8			0.7861826817544284
4312.7			0.8894128230184538
4313.6			0.9940246647325477
4314.5			1.0758775642875538
4315.4			1.2282524420369805
4316.3			1.4126159759823302
4317.2			1.4855994012546219
4318.1			1.4547573188924827
4319.0			1.4220558192104018
4319.9			1.4038152981373633
4320.8			1.0
4321.7			0.9765684259940265
4322.6			0.8912167735211927
4323.5			0.7276299040421369
4324.4			0.576974482395067
4325.3			0.48600390259433496
4326.2			0.5219744401970139
4327.1			0.6984418665105822
4328.0			0.8927418898177896
4328.9			0.9993741794099787
4329.8			1.0
4330.7			1.0
4331.6			1.0
4332.5			1.0
4333.4			1.0
4334.3			1.0
4335.2			1.0
4336.1			0.9633000780439327
4337.0			0.8443396415243418
4337.9			0.7464680745732756
4338.8			0.706460502531433
4339.7			0.6618814383157534
4340.6			0.6585427443398693
4341.5			0.7641779760218189
4342.4			0.8850102989750415
4343.3			0.9172072896670012
4344.2			0.9315998257772579
4345.1			0.99604913191386
4346.0			1.0
4346.9			1.0
4347.8			1.0
4348.7			1.0670892627394741
4349.6			1.09771141377777
4350.5			0.9924495762752851
4351.4			0.8204864081633672
4352.3			0.754097850689792
4353.2			0.8388566970780335
4354.1			0.9393146899028422
4355.0			0.9719024135678977
4355.9			1.0043404138870697
4356.8			1.0
4357.7			1.0
4358.6			1.0
4359.5			1.0
4360.4			1.0
4361.3			1.0
4362.2			1.0
4363.1			1.0
4364.0			1.0
4364.9			1.0
4365.8			1.0
4366.7			1.0
4367.6			1.0
4368.5			1.0
4369.4			1.0
4370.3			1.0
4371.2			1.0
4372.1			1.0
4373.0			1.0
4373.9			1.0
4374.8			1.0
4375.7			1.0
4376.6			1.0
4377.5			1.0
4378.4			1.0
4379.3			1.0
4380.2			0.9672116247747925
4381.1			0.9103254724104614
4382.0			0.7785256637391355
4382.9			0.5823636449476912
4383.8			0.47036800918539406
4384.7			0.5575017075495105
4385.6			0.7719431261883444
4386.5			0.9422372539798558
4387.4			0.9907545747710224
4388.3			1.0
4389.2			1.0
4390.1			1.0
4391.0			1.0
4391.9			1.0
4392.8			1.0
4393.7			1.0
4394.6			1.0
4395.5			1.0
4396.4			1.0
4397.3			1.0
4398.2			1.0
4399.1			1.0
4400.0			1.0
4400.9			0.9620155381395024
4401.8			1.0109894710982823
4402.7			1.0152695071359576
4403.6			0.8631364129839747
4404.5			0.6944740681451185
4405.4			0.7161062332756606
4406.3			0.8722313500042878
4407.2			0.9658681944825337
4408.1			0.994692755227313
4409.0			1.0
4409.9			1.0
4410.8			1.0
4411.7			1.0
4412.6			1.0199675888642425
4413.5			0.9565039511452675
4414.4			0.8047387538147979
4415.3			0.7180400171829769
4416.2			0.7832374551071033
4417.1			0.902519274563617
4418.0			1.0009416135020115
4418.9			1.0
4419.8			1.0
4420.7			1.0
4421.6			1.0
4422.5			1.0
4423.4			1.0
4424.3			1.0
4425.2			1.0
4426.1			1.0
4427.0			1.0
4427.9			1.0
4428.8			1.0
4429.7			1.0
4430.6			1.0
4431.5			1.0148990110086349
4432.4			1.0195967851753627
4433.3			0.9457809640697281
4434.2			0.8309108277383784
4435.1			0.7541089778844057
4436.0			0.7813669044913037
4436.9			0.8736730774179144
4437.8			0.9489956321597016
4438.7			0.9822979457541928
4439.6			1.0
4440.5			1.0
4441.4			1.0
4442.3			1.0
4443.2			1.0
4444.1			1.0
4445.0			1.0
4445.9			1.0359776654750577
4446.8			0.9908044048332185
4447.7			0.9615072482491402
4448.6			0.9959549616793208
4449.5			1.013721248895732
4450.4			0.994783065082752
4451.3			0.9908500041740729
4452.2			0.9884431691822433
4453.1			0.9384449826186728
4454.0			0.8310389439941422
4454.9			0.7326498991959964
4455.8			0.7396273285724427
4456.7			0.8096663249952134
4457.6			0.8399812087488181
4458.5			0.8214262769382952
4459.4			0.8135569771113352
4460.3			0.8250160616015892
4461.2			0.8011917792370756
4462.1			0.8086831762042105
4463.0			0.912026711054896
4463.9			0.9991484497132621
4464.8			1.0
4465.7			1.0
4466.6			1.0
4467.5			1.0
4468.4			1.0
4469.3			1.0
4470.2			1.0
4471.1			1.0
4472.0			1.0
4472.9			1.0
4473.8			1.0
4474.7			1.0
4475.6			1.0
4476.5			1.0
4477.4			1.0
4478.3			1.0118456578412
4479.2			0.9511484199326744
4480.1			0.8596691001133253
4481.0			0.7986502230784441
4481.9			0.7856658714215686
4482.8			0.831104069889539
4483.7			0.9117876404217846
4484.6			0.9720342234022716
4485.5			1.0002027771074418
4486.4			1.0
4487.3			1.0
4488.2			1.0
4489.1			1.0
4490.0			1.0
4490.9			1.0
4491.8			1.0
4492.7			1.0191794587318954
4493.6			0.9606584749754478
4494.5			0.8798658053751477
4495.4			0.8684653902659458
4496.3			0.9109116738423378
4497.2			0.9628061896559494
4498.1			1.0030353153683813
4499.0			1.0
4499.9			1.0
4500.8			1.0
4501.7			1.0
4502.6			1.0
4503.5			1.0
4504.4			1.0
4505.3			1.0
4506.2			1.0
4507.1			1.0
4508.0			0.9880481485136514
4508.9			0.9926986556567372
4509.8			1.0089722356813566
4510.7			1.0144545313916007
4511.6			0.9923130760918049
4512.5			0.956328102252172
4513.4			0.9252261747665163
4514.3			0.9087999631933367
4515.2			0.9244536559901616
4516.1			0.948279432836334
4517.0			1.0
4517.9			0.9801444137760396
4518.8			1.000200684230436
4519.7			1.039485580022052
4520.6			1.06424749586169
4521.5			1.0558546555254535
4522.4			1.0143115316608686
4523.3			0.98847458386253
4524.2			0.9756526521599429
4525.1			0.933300620789459
4526.0			0.8699987805449306
4526.9			0.8165613920209601
4527.8			0.7792740259188776
4528.7			0.768204972212765
4529.6			0.7936924412957002
4530.5			0.8255888752378241
4531.4			0.8647499261696029
4532.3			0.8998321116851966
4533.2			0.8888775312550574
4534.1			0.8440083806877543
4535.0			0.8072705062158503
4535.9			0.8445513845970523
4536.8			1.0
4537.7			1.081564412541566
4538.6			1.0776876669229092
4539.5			1.034049059335821
4540.4			0.9896220510960327
4541.3			0.9786787718933168
4542.2			1.0091205051332293
4543.1			1.034919908471314
4544.0			1.0124113135851625
4544.9			0.9714634208078458
4545.8			0.9572475178928541
4546.7			0.9617160873013891
4547.6			0.9582751273756486
4548.5			0.9257076941399784
4549.4			0.8935338107743086
4550.3			0.9124871725889708
4551.2			0.9472359865017511
4552.1			0.9476916114149313
4553.0			0.9269524532656199
4553.9			0.8993067701373784
4554.8			0.8813175235362172
4555.7			0.8925504450535722
4556.6			0.9386193186828707
4557.5			0.9828574937392897
4558.4			1.00359992940632
4559.3			1.0031409423226636
4560.2			0.9932700744810193
4561.1			0.9975915732436925
4562.0			1.0
4562.9			0.9725132806990314
4563.8			0.9179301020739582
4564.7			0.8759158500402628
4565.6			0.8773364568828277
4566.5			0.9294585257640563
4567.4			0.9857316831493236
4568.3			0.9996880396796107
4569.2			1.0
4570.1			1.0
4571.0			1.0
4571.9			1.0
4572.8			1.0
4573.7			1.0
4574.6			1.0
4575.5			1.0
4576.4			1.018349329355493
4577.3			1.0263833107439946
4578.2			1.0085853691179045
4579.1			0.9730616153424331
4580.0			0.9299047277132096
4580.9			0.9170585164119458
4581.8			0.9661998676672385
4582.7			1.028931821778754
4583.6			1.049891492317729
4584.5			1.0
4585.4			0.9571251581107323
4586.3			0.9558466746409138
4587.2			1.0137308397499476
4588.1			1.0756799478979886
4589.0			1.111899175444044
4589.9			1.1034136747329055
4590.8			1.0538722317571028
4591.7			1.0021547717493184
4592.6			0.9832309780307092
4593.5			0.9964348501194805
4594.4			0.9960246731955892
4595.3			0.9728457914158261
4596.2			0.962307948091925
4597.1			0.957158576034505
4598.0			0.9632852024258246
4598.9			0.9894048963884075
4599.8			0.9717702452918409
4600.7			0.9436380155306909
4601.6			0.9583432986871459
4602.5			0.9715042410032044
4603.4			0.9734460701663367
4604.3			0.9627118316705365
4605.2			0.947075593032427
4606.1			0.9636513951296933
4607.0			0.9909069688692193
4607.9			1.026468884942098
4608.8			1.06658739794399
4609.7			1.0645775692688164
4610.6			1.019038930940866
4611.5			0.9834352887269295
4612.4			0.971085829922711
4613.3			0.9545869551969149
4614.2			0.9753147720839326
4615.1			1.0053768436072856
4616.0			1.0013458860248472
4616.9			1.0
4617.8			1.0
4618.7			1.0
4619.6			1.0
4620.5			1.0
4621.4			1.0
4622.3			1.0
4623.2			1.0
4624.1			1.0
4625.0			1.0
4625.9			1.0
4626.8			1.0
4627.7			1.0
4628.6			1.0
4629.5			1.0
4630.4			1.0
4631.3			1.0
4632.2			1.0
4633.1			1.0
4634.0			1.0
4634.9			1.0
4635.8			1.0
4636.7			1.0
4637.6			1.0
4638.5			1.0
4639.4			1.0
4640.3			1.0
4641.2			1.0
4642.1			1.0266853543880363
4643.0			1.0074641361787926
4643.9			0.9759879320575485
4644.8			0.9524029717815216
4645.7			0.9018452977033696
4646.6			0.8467607216143708
4647.5			0.8336660971631964
4648.4			0.8640308623511189
4649.3			0.9134225718505119
4650.2			0.9552621653096719
4651.1			0.9751270566149932
4652.0			0.9883496739339007
4652.9			0.9989295499692534
4653.8			1.0
4654.7			1.0
4655.6			1.0
4656.5			1.0
4657.4			1.0
4658.3			1.0
4659.2			1.0
4660.1			1.0
4661.0			1.0
4661.9			1.0
4662.8			1.0
4663.7			0.9793216564664095
4664.6			0.9760561256013681
4665.5			0.9381333004541751
4666.4			0.8436267622701348
4667.3			0.761715742645626
4668.2			0.775041425882974
4669.1			0.8670472618476723
4670.0			0.959365434598101
4670.9			1.0019253501001226
4671.8			1.0
4672.7			1.0
4673.6			1.0
4674.5			1.0
4675.4			1.035895909200364
4676.3			1.0690520562329222
4677.2			1.0539605437314445
4678.1			0.993591346281171
4679.0			0.9508396918938018
4679.9			0.9444029927744196
4680.8			0.9422064999321974
4681.7			0.9445250560152364
4682.6			0.9692313531012049
4683.5			1.0005034948864537
4684.4			1.0011121076104683
4685.3			1.0
4686.2			1.0
4687.1			1.0
4688.0			1.0
4688.9			1.0
4689.8			1.0
4690.7			1.0
4691.6			1.0
4692.5			1.0
4693.4			1.0
4694.3			1.0
4695.2			1.0
4696.1			1.0
4697.0			0.9853170318620279
4697.9			0.9363012431508286
4698.8			0.9006697450989398
4699.7			0.9101750656283075
4700.6			0.925818150569563
4701.5			0.9080196675081976
4702.4			0.8640429768032419
4703.3			0.8603729149955304
4704.2			0.9289173855848104
4705.1			0.9973078688748207
4706.0			1.009074656582052
4706.9			0.9781933546965821
4707.8			0.9592933032111602
4708.7			0.9709118456457673
4709.6			1.00102978016807
4710.5			1.0
4711.4			1.0
4712.3			1.0
4713.2			1.0
4714.1			1.0
4715.0			1.0
4715.9			1.0
4716.8			1.0
4717.7			1.0
4718.6			1.0
4719.5			1.0
4720.4			1.0
4721.3			1.0
4722.2			1.0
4723.1			1.0
4724.0			1.0230643269339137
4724.9			1.044395693794314
4725.8			1.0308002517007258
4726.7			0.969192964336321
4727.6			0.9083473966096361
4728.5			0.887696671918908
4729.4			0.8867548718081473
4730.3			0.8935112709824067
4731.2			0.9195783387146245
4732.1			0.9601519427643811
4733.0			0.9843287210818826
4733.9			0.9943586697266478
4734.8			1.0013327550786877
4735.7			1.0
4736.6			1.0
4737.5			1.0
4738.4			1.0
4739.3			1.0
4740.2			1.0
4741.1			1.0
4742.0			1.0
4742.9			1.0
4743.8			1.0
4744.7			1.0
4745.6			1.0
4746.5			1.0
4747.4			1.0
4748.3			1.0
4749.2			1.0
4750.1			1.0
4751.0			1.0
4751.9			1.0
4752.8			1.0
4753.7			1.0
4754.6			1.0
4755.5			1.0
4756.4			1.0
4757.3			1.0
4758.2			1.0
4759.1			1.0
4760.0			1.0169227040766136
4760.9			0.9964096796328923
4761.8			0.9528950703168836
4762.7			0.937439560330148
4763.6			0.9454794729925677
4764.5			0.9361131695957542
4765.4			0.901383412745811
4766.3			0.8885356817146414
4767.2			0.9207404859599388
4768.1			0.964959894135607
4769.0			1.0158125713409365
4769.9			1.0471429410698831
4770.8			1.0264019801418656
4771.7			0.994758919383712
4772.6			1.0
4773.5			1.0380857879304934
4774.4			1.0760820843597516
4775.3			1.0718415198683142
4776.2			1.0504755647426234
4777.1			1.0589512991836585
4778.0			1.0738254443995094
4778.9			1.063439315893135
4779.8			1.0442480473878735
4780.7			1.0407218658033268
4781.6			1.0312427815171232
4782.5			0.9849285153917279
4783.4			0.9431660503833862
4784.3			0.9642831911507508
4785.2			0.979826888073675
4786.1			0.947044271293651
4787.0			0.9348463207068691
4787.9			0.9480284094669081
4788.8			0.9414673292438137
4789.7			0.9338500087218887
4790.6			0.9462096862925251
4791.5			0.9592330265322165
4792.4			0.9691889634141867
4793.3			0.9970440361150716
4794.2			1.0
4795.1			1.0
4796.0			1.0
4796.9			1.0
4797.8			1.0
4798.7			1.0
4799.6			1.0
4800.5			1.0
4801.4			1.0
4802.3			1.0297980681969345
4803.2			1.0385243297287021
4804.1			1.0211510465718225
4805.0			0.9916315154036316
4805.9			0.9852711483904513
4806.8			0.9727184826582881
4807.7			0.9487333157451731
4808.6			0.9494212517077603
4809.5			0.9781003546347466
4810.4			0.9989636112309745
4811.3			1.006085151464496
4812.2			1.0054875248757578
4813.1			1.0003181147841598
4814.0			1.0
4814.9			1.0
4815.8			1.0
4816.7			1.0
4817.6			1.0
4818.5			1.0
4819.4			1.0
4820.3			1.0
4821.2			1.0
4822.1			0.9738474674407345
4823.0			0.9143064903200745
4823.9			0.8921831763294322
4824.8			0.940493384021438
4825.7			0.9979884932516702
4826.6			1.0
4827.5			1.0
4828.4			1.0
4829.3			1.0
4830.2			1.0
4831.1			1.0
4832.0			1.0
4832.9			1.0
4833.8			1.0
4834.7			1.0139772752441505
4835.6			1.0103945830870453
4836.5			1.0117261184530708
4837.4			1.0096521371544873
4838.3			0.9804085868765913
4839.2			0.9440421293384232
4840.1			0.9217821445105759
4841.0			0.9356035434877606
4841.9			0.9538422454599317
4842.8			0.9398690984019443
4843.7			0.9388082668192272
4844.6			0.9736714441605866
4845.5			0.9996582102295041
4846.4			1.0
4847.3			1.0
4848.2			1.0
4849.1			1.0
4850.0			1.0
4850.9			1.0
4851.8			1.0
4852.7			1.0
4853.6			1.0
4854.5			1.0
4855.4			1.0
4856.3			1.0
4857.2			1.03549482305627
4858.1			1.0229480403833127
4859.0			0.9433765296381011
4859.9			0.8234939762650804
4860.8			0.7124742639384236
4861.7			0.6978410027247329
4862.6			0.8057220547565964
4863.5			0.9011832201165311
4864.4			0.943942996135624
4865.3			0.9776303114790694
4866.2			0.9995356930884931
4867.1			1.0
4868.0			1.0
4868.9			1.0
4869.8			0.9758287332814293
4870.7			0.8641677406986834
4871.6			0.777704152854322
4872.5			0.8433475919548876
4873.4			0.9840945940721341
4874.3			1.0
4875.2			1.0
4876.1			1.0
4877.0			1.0
4877.9			1.0
4878.8			1.0
4879.7			1.0
4880.6			1.0
4881.5			1.0
4882.4			1.0
4883.3			1.0
4884.2			1.0
4885.1			1.0
4886.0			1.0
4886.9			1.0
4887.8			1.0
4888.7			0.9757769816879203
4889.6			0.9139678685867559
4890.5			0.789113907372197
4891.4			0.7159496617044665
4892.3			0.8029533851526663
4893.2			0.9313244565632682
4894.1			1.0012083697794474
4895.0			1.0
4895.9			1.0
4896.8			1.0
4897.7			1.0
4898.6			1.0
4899.5			1.0
4900.4			1.0
4901.3			1.0
4902.2			1.0
4903.1			1.0
4904.0			1.0
4904.9			1.0
4905.8			1.0
4906.7			1.0136987935657578
4907.6			0.9891262446610204
4908.5			0.9559476228415544
4909.4			0.9094109627807085
4910.3			0.8711852215378777
4911.2			0.8892218518087093
4912.1			0.9402213153146731
4913.0			0.980086973867724
4913.9			1.0039686506984093
4914.8			1.0
4915.7			1.0
4916.6			0.9822386415476154
4917.5			0.9089628211715385
4918.4			0.7922685532563629
4919.3			0.6880313355389349
4920.2			0.6570906314965098
4921.1			0.730573336573905
4922.0			0.8711804376048956
4922.9			0.972065851239834
4923.8			0.9933187119654097
4924.7			1.0
4925.6			1.0
4926.5			1.0
4927.4			1.0
4928.3			1.0
4929.2			1.0
4930.1			1.0
4931.0			1.0
4931.9			1.0
4932.8			1.0
4933.7			1.0
4934.6			1.0
4935.5			1.0
4936.4			0.9879593703542231
4937.3			0.9208158183617318
4938.2			0.8386634560384552
4939.1			0.8105898712891985
4940.0			0.875173393206561
4940.9			0.966531889738446
4941.8			1.0028338530657752
4942.7			1.0
4943.6			1.0
4944.5			1.0
4945.4			1.0
4946.3			1.0
4947.2			1.0
4948.1			1.0
4949.0			1.0
4949.9			1.0
4950.8			1.0
4951.7			1.0
4952.6			1.0
4953.5			1.0
4954.4			1.0
4955.3			0.9696568322284727
4956.2			0.8655777645963276
4957.1			0.7092500198564836
4958.0			0.6725998069816397
4958.9			0.8050498235077885
4959.8			0.9443237095821987
4960.7			0.9967224588113802
4961.6			1.0
4962.5			1.0
4963.4			1.0
4964.3			1.0
4965.2			1.0
4966.1			1.0
4967.0			1.0
4967.9			1.0
4968.8			1.0
4969.7			1.0
4970.6			1.0
4971.5			1.0
4972.4			1.0
4973.3			1.0
4974.2			1.0
4975.1			1.0
4976.0			1.0
4976.9			1.0
4977.8			1.0
4978.7			0.9622536423587763
4979.6			0.9561480341304474
4980.5			0.9518357267872992
4981.4			0.900711661495011
4982.3			0.8115323871874837
4983.2			0.7613247300607423
4984.1			0.7797258660879902
4985.0			0.8226262251855047
4985.9			0.8764505452322799
4986.8			0.952017527951482
4987.7			0.9984478030806603
4988.6			1.0
4989.5			1.0
4990.4			1.0
4991.3			1.0
4992.2			1.0
4993.1			1.0
4994.0			1.0
4994.9			1.0
4995.8			1.0
4996.7			1.0
4997.6			1.0
4998.5			1.0
4999.4			1.0
5000.3			1.0
5001.2			1.0
5002.1			1.0
5003.0			1.0
5003.9			1.0058067311004664
5004.8			0.951260340291297
5005.7			0.8555643929330242
5006.6			0.8231418319891237
5007.5			0.8918047377166176
5008.4			0.9798056040901431
5009.3			1.0105303306333522
5010.2			1.0
5011.1			1.0
5012.0			1.0
5012.9			1.0
5013.8			1.0
5014.7			1.0
5015.6			1.0
5016.5			1.0
5017.4			1.0
5018.3			1.0
5019.2			1.0
5020.1			1.0
5021.0			1.0
5021.9			1.0
5022.8			1.0
5023.7			1.0
5024.6			1.0
5025.5			1.0
5026.4			1.0
5027.3			1.0
5028.2			1.0
5029.1			1.0
5030.0			1.0
5030.9			1.0
5031.8			1.0
5032.7			1.0
5033.6			1.0
5034.5			1.0
5035.4			1.0
5036.3			1.0
5037.2			1.0
5038.1			1.0049657272328327
5039.0			0.9501579111049837
5039.9			0.8632902502397741
5040.8			0.7751668835508136
5041.7			0.7661436449726233
5042.6			0.8548476668919852
5043.5			0.9368576331858155
5044.4			0.9742572160384013
5045.3			1.0027387368474248
5046.2			1.0
5047.1			1.0
5048.0			1.0
5048.9			1.0
5049.8			1.0
5050.7			1.0
5051.6			1.0
5052.5			1.0
5053.4			1.0
5054.3			1.0
5055.2			1.0
5056.1			1.0
5057.0			1.0
5057.9			1.0
5058.8			1.0
5059.7			1.0
5060.6			1.0
5061.5			1.0
5062.4			1.0
5063.3			1.0
5064.2			1.0
5065.1			1.0
5066.0			1.0
5066.9			1.0
5067.8			1.0
5068.7			1.0
5069.6			1.0
5070.5			1.0
5071.4			1.0
5072.3			1.0
5073.2			1.0
5074.1			1.0
5075.0			0.9937853303992088
5075.9			0.9912309963835432
5076.8			1.0123691664061205
5077.7			1.0162462629469113
5078.6			0.9460003943733207
5079.5			0.8510461690779852
5080.4			0.8293518009704847
5081.3			0.8780800554617282
5082.2			0.9181546905091137
5083.1			0.9189123567630741
5084.0			0.9274491917553787
5084.9			0.9651835401053073
5085.8			1.0002820474583616
5086.7			1.0
5087.6			1.0
5088.5			1.0
5089.4			1.0
5090.3			1.0
5091.2			1.0
5092.1			1.0
5093.0			1.0
5093.9			1.0
5094.8			1.0
5095.7			0.9702238905626612
5096.6			0.9356293774155643
5097.5			0.8927121947727692
5098.4			0.8428417626286325
5099.3			0.8311010820982005
5100.2			0.8876254513156716
5101.1			0.9630196796819771
5102.0			1.0038177011243323
5102.9			1.001244388627012
5103.8			1.0
5104.7			0.9796170012474607
5105.6			0.9738033176841976
5106.5			0.953796159161299
5107.4			0.9238259027662312
5108.3			0.9197200059924678
5109.2			0.9192219842400297
5110.1			0.9094068849736539
5111.0			0.9324739582713997
5111.9			0.9778215361884527
5112.8			1.000556693949832
5113.7			1.0074110048332492
5114.6			1.0079820495093763
5115.5			1.0004885294345416
5116.4			1.0
5117.3			1.0251031428919861
5118.2			1.0408874344232144
5119.1			1.0379722946100078
5120.0			1.0159532656586718
5120.9			0.9849776333712337
5121.8			0.9645408317108103
5122.7			0.9417902026916924
5123.6			0.9054985069894848
5124.5			0.8827360522705634
5125.4			0.8928351598484701
5126.3			0.9217568055851801
5127.2			0.9423703171659777
5128.1			0.94790937241702
5129.0			0.9428034369973898
5129.9			0.9483804696147224
5130.8			0.9744911654873754
5131.7			1.0
5132.6			0.998001724451369
5133.5			0.9742074523108787
5134.4			0.987346074048675
5135.3			1.027000801248135
5136.2			1.0189875267483677
5137.1			0.9704584655151595
5138.0			0.9190589996364026
5138.9			0.8673471679681991
5139.8			0.880134957856777
5140.7			0.9474177901063862
5141.6			0.953115124637017
5142.5			0.9138861248104853
5143.4			0.9350011776722371
5144.3			0.9890577537118846
5145.2			1.0004000258074648
5146.1			1.0
5147.0			1.0
5147.9			1.0
5148.8			1.0
5149.7			1.0
5150.6			1.0
5151.5			1.0
5152.4			1.0
5153.3			1.0
5154.2			1.0
5155.1			1.0
5156.0			1.0
5156.9			1.0
5157.8			1.0
5158.7			1.0
5159.6			1.0
5160.5			1.0
5161.4			1.0
5162.3			1.0
5163.2			1.0
5164.1			1.0
5165.0			1.0
5165.9			1.0
5166.8			1.0
5167.7			1.0
5168.6			1.0
5169.5			1.1232708546774208
5170.4			1.1108622941518573
5171.3			0.9057708793680235
5172.2			0.6771711980640486
5173.1			0.6264819064350341
5174.0			0.7608579592149177
5174.9			0.9184378957021275
5175.8			0.9848372310534019
5176.7			0.9783125108090354
5177.6			1.0
5178.5			1.0
5179.4			0.9831001835458616
5180.3			0.939196662495431
5181.2			0.8539808432382505
5182.1			0.7107404998929401
5183.0			0.551453079366227
5183.9			0.5010100953607729
5184.8			0.6169166687750401
5185.7			0.8058587080037853
5186.6			0.9509240542122114
5187.5			1.0013801357508059
5188.4			1.0013899790472163
5189.3			1.0
5190.2			1.0
5191.1			1.0
5192.0			1.0
5192.9			1.0
5193.8			1.0
5194.7			1.0
5195.6			1.0
5196.5			1.0
5197.4			1.0
5198.3			1.0
5199.2			1.0
5200.1			1.0
5201.0			1.0
5201.9			0.9720831489755374
5202.8			0.9513022226753545
5203.7			0.9091107857746583
5204.6			0.8300614161190383
5205.5			0.7721927517499562
5206.4			0.7811131000068994
5207.3			0.792727857925085
5208.2			0.7632987986141937
5209.1			0.7842970294830456
5210.0			0.8653921205306156
5210.9			0.9563855072054391
5211.8			1.0315475122714215
5212.7			1.0726543233176218
5213.6			1.0640193264192759
5214.5			1.002183880996137
5215.4			1.0
5216.3			1.0
5217.2			1.0
5218.1			1.0
5219.0			1.0
5219.9			1.0
5220.8			1.0
5221.7			1.0
5222.6			1.0
5223.5			0.9697577922987065
5224.4			0.9225220973736834
5225.3			0.8593865745269493
5226.2			0.7737515040651315
5227.1			0.7336623007243767
5228.0			0.812294034265523
5228.9			0.9212203805426765
5229.8			0.9754559647885503
5230.7			1.0032840948716202
5231.6			1.0
5232.5			1.0
5233.4			1.0
5234.3			1.0
5235.2			1.0
5236.1			1.0
5237.0			1.0
5237.9			1.0
5238.8			1.0
5239.7			1.0
5240.6			1.0
5241.5			1.0
5242.4			1.0
5243.3			1.0
5244.2			1.0
5245.1			1.0
5246.0			0.9914762540850689
5246.9			0.9527029206767521
5247.8			0.9496135214907426
5248.7			0.9749390596061727
5249.6			0.973604375681633
5250.5			0.9657217366926455
5251.4			0.9947462823421076
5252.3			1.0375548769468599
5253.2			1.0569496631348512
5254.1			1.0464657720502213
5255.0			1.0315759780677347
5255.9			1.076225176194612
5256.8			1.159433223634788
5257.7			1.2204288914575088
5258.6			1.250235114634398
5259.5			1.2525059463658184
5260.4			1.0
5261.3			0.9316014505694296
5262.2			0.8536451861537812
5263.1			0.7922578147098147
5264.0			0.7568373255905396
5264.9			0.7279493506345287
5265.8			0.6967998580441656
5266.7			0.7255375886615902
5267.6			0.7821194724884827
5268.5			0.733753223351867
5269.4			0.610574913030331
5270.3			0.6013104837622514
5271.2			0.7325717219020146
5272.1			0.8448536188775626
5273.0			0.873636861819555
5273.9			0.8790120263703477
5274.8			0.8625115592189818
5275.7			0.8544292654022995
5276.6			0.9131050389066998
5277.5			0.9865386584836395
5278.4			1.0152688116169544
5279.3			1.0
5280.2			0.9523168601842766
5281.1			0.8965947339725094
5282.0			0.8540753335687356
5282.9			0.8222000651189868
5283.8			0.811692571512483
5284.7			0.8671572036573479
5285.6			0.9540761810164667
5286.5			1.0032130995105877
5287.4			1.001322810461464
5288.3			1.0
5289.2			1.0
5290.1			1.0
5291.0			1.0
5291.9			1.0
5292.8			1.0
5293.7			1.0
5294.6			1.0081071597970532
5295.5			0.995905990034669
5296.4			0.9418097242290389
5297.3			0.8703232658969705
5298.2			0.8551546124744792
5299.1			0.9314536250452018
5300.0			1.0091380649236785
5300.9			1.0217468649036452
5301.8			1.0080021730497808
5302.7			1.0
5303.6			1.0
5304.5			1.0
5305.4			1.0
5306.3			1.0
5307.2			1.0
5308.1			1.0
5309.0			1.0
5309.9			1.0
5310.8			1.0
5311.7			1.0
5312.6			1.0
5313.5			1.0
5314.4			1.0
5315.3			1.0
5316.2			1.0
5317.1			1.0
5318.0			1.0
5318.9			1.0
5319.8			1.0
5320.7			1.0
5321.6			1.0
5322.5			1.0
5323.4			1.0
5324.3			1.0
5325.2			1.0187658384539318
5326.1			1.031436531020756
5327.0			0.9201793983928079
5327.9			0.7550738937349686
5328.8			0.7339200554028311
5329.7			0.8604800111712002
5330.6			0.9837108792607345
5331.5			1.0186235641082486
5332.4			0.989524123346115
5333.3			1.0
5334.2			1.0
5335.1			1.0
5336.0			1.0
5336.9			1.0
5337.8			0.9964316445546492
5338.7			0.9643340992976127
5339.6			0.8872532126893287
5340.5			0.8348466569870117
5341.4			0.8741727083521376
5342.3			0.9545905470304245
5343.2			1.0017577720850848
5344.1			1.0
5345.0			1.0
5345.9			1.0
5346.8			1.0
5347.7			1.0
5348.6			1.0
5349.5			1.0
5350.4			1.0
5351.3			1.0
5352.2			1.0
5353.1			1.0
5354.0			1.0
5354.9			1.0
5355.8			1.0
5356.7			1.0
5357.6			1.0
5358.5			1.0
5359.4			1.0
5360.3			1.0
5361.2			1.0
5362.1			1.0
5363.0			1.0
5363.9			1.0
5364.8			1.0
5365.7			1.0
5366.6			1.0
5367.5			0.9830973154491726
5368.4			0.9659066334759138
5369.3			0.909980392543137
5370.2			0.8180786360916414
5371.1			0.7581021318324093
5372.0			0.7992804954443111
5372.9			0.8994171254670423
5373.8			0.9665281440317289
5374.7			0.9953008366608601
5375.6			1.0
5376.5			1.0
5377.4			1.0
5378.3			1.0
5379.2			1.0
5380.1			1.0
5381.0			1.0
5381.9			1.0
5382.8			1.0
5383.7			1.0
5384.6			1.0
5385.5			1.0
5386.4			1.0
5387.3			1.0
5388.2			1.0
5389.1			1.0
5390.0			1.0
5390.9			1.0
5391.8			1.0
5392.7			1.0
5393.6			1.0
5394.5			1.0
5395.4			1.0
5396.3			1.0
5397.2			1.0
5398.1			1.0
5399.0			1.0
5399.9			1.0
5400.8			1.0
5401.7			1.0307242432288488
5402.6			1.0328347475140138
5403.5			0.9598680983149731
5404.4			0.863568167518862
5405.3			0.8123145236653774
5406.2			0.8428833682415574
5407.1			0.9349127960449304
5408.0			1.006596246383205
5408.9			0.9994367281770832
5409.8			1.0
5410.7			1.0
5411.6			1.0
5412.5			1.0
5413.4			1.0
5414.3			1.0
5415.2			1.0
5416.1			1.0
5417.0			1.0
5417.9			1.0
5418.8			1.0
5419.7			1.0
5420.6			1.0
5421.5			1.0
5422.4			1.0
5423.3			1.0
5424.2			1.0
5425.1			1.0
5426.0			1.0
5426.9			1.048177000260213
5427.8			1.0306630950121758
5428.7			0.9408774774915282
5429.6			0.8663639138532604
5430.5			0.9112087443108987
5431.4			0.9949433457847623
5432.3			1.0066412938098839
5433.2			1.0
5434.1			1.0
5435.0			1.0
5435.9			1.0
5436.8			1.0
5437.7			1.0
5438.6			1.0
5439.5			1.0
5440.4			1.0
5441.3			1.0
5442.2			1.0
5443.1			1.0
5444.0			0.966470881978952
5444.9			0.9051601679094238
5445.8			0.8352175786934413
5446.7			0.7922404686664268
5447.6			0.8410622581129601
5448.5			0.9367028974185015
5449.4			0.9997838711012726
5450.3			1.0
5451.2			1.0
5452.1			1.0
5453.0			0.9815519282633486
5453.9			0.9383166038044907
5454.8			0.8586445315682039
5455.7			0.8164912041034614
5456.6			0.8730596885005605
5457.5			0.9555960964567217
5458.4			0.997954381181569
5459.3			1.0
5460.2			1.0
5461.1			1.0
5462.0			1.0
5462.9			1.0
5463.8			1.0
5464.7			1.0
5465.6			1.0
5466.5			1.0
5467.4			1.0
5468.3			1.0
5469.2			1.0
5470.1			1.0
5471.0			1.0
5471.9			1.0
5472.8			1.0
5473.7			1.0
5474.6			0.9962425067645606
5475.5			0.9541246728325855
5476.4			0.8765283535015207
5477.3			0.8717650589450092
5478.2			0.9479726924766103
5479.1			1.0097322891550682
5480.0			1.000879110616834
5480.9			1.0
5481.8			1.0
5482.7			1.0
5483.6			1.0
5484.5			1.0
5485.4			1.0
5486.3			1.0
5487.2			1.0
5488.1			1.0
5489.0			1.0
5489.9			1.0
5490.8			1.0
5491.7			1.0
5492.6			1.0
5493.5			1.0
5494.4			1.0
5495.3			1.0
5496.2			1.0
5497.1			1.0
5498.0			1.0
5498.9			1.0
5499.8			1.0
5500.7			1.0
5501.6			1.0
5502.5			1.0
5503.4			1.0
5504.3			1.0
5505.2			1.0
5506.1			1.0
5507.0			1.0
5507.9			1.0
5508.8			1.0
5509.7			0.9960112531584829
5510.6			0.9826213119106565
5511.5			0.954212015979755
5512.4			0.918938464711256
5513.3			0.9165463539266835
5514.2			0.9441904582516674
5515.1			0.9745852566538862
5516.0			0.9893391641791235
5516.9			0.9992658885656952
5517.8			1.0
5518.7			1.0
5519.6			1.0
5520.5			1.0
5521.4			1.0
5522.3			1.0
5523.2			1.0
5524.1			1.0
5525.0			1.0
5525.9			0.9791064409810233
5526.8			0.9406346158099107
5527.7			0.8804976757074593
5528.6			0.8571770686385308
5529.5			0.911033976314308
5530.4			0.9771932868396503
5531.3			1.0002399844017065
5532.2			1.0
5533.1			1.0
5534.0			1.0
5534.9			1.0
5535.8			1.0
5536.7			1.0
5537.6			1.0
5538.5			1.0
5539.4			1.0
5540.3			1.0
5541.2			1.0
5542.1			1.0
5543.0			1.0
5543.9			1.0
5544.8			1.0
5545.7			1.0
5546.6			1.0
5547.5			1.0
5548.4			1.0
5549.3			1.0
5550.200000000001			1.0
5551.1			1.0
5552.0			1.0
5552.9			1.0
5553.8			1.0
5554.700000000001			1.0
5555.6			1.0
5556.5			1.0
5557.4			1.0
5558.3			1.0
5559.200000000001			1.0
5560.1			1.0
5561.0			1.0
5561.9			1.0
5562.8			1.0
5563.700000000001			1.0
5564.6			1.0
5565.5			1.0
5566.4			0.9911512286510059
5567.3			0.9939573381668053
5568.200000000001			0.9853251586676293
5569.1			0.9620107030298816
5570.0			0.9585738510927951
5570.9			0.9740299708815935
5571.8			0.9514412251753464
5572.700000000001			0.9090880796216644
5573.6			0.9236161095548826
5574.5			0.9717705098476532
5575.4			0.983766799885926
5576.3			0.9744712110469449
5577.200000000001			0.9816965536770454
5578.1			0.9931283258807749
5579.0			0.9968495569701058
5579.9			1.0
5580.8			1.0
5581.700000000001			1.0
5582.6			1.000584598651001
5583.5			1.0127310821432474
5584.4			1.0036982634908336
5585.3			0.9534139392554994
5586.200000000001			0.8766818517833027
5587.1			0.8246807576756942
5588.0			0.8271491095039879
5588.9			0.8627001600571363
5589.8			0.9112060087407985
5590.700000000001			0.9648260887241987
5591.6			0.9984828276660299
5592.5			1.0
5593.4			1.0
5594.3			1.0
5595.200000000001			1.0
5596.1			1.0
5597.0			1.0
5597.9			0.9560567120879705
5598.8			0.9290055600782244
5599.700000000001			0.9274086062414112
5600.6			0.9137774410504809
5601.5			0.8797059038505038
5602.4			0.8572633986403516
5603.3			0.8790715175340638
5604.200000000001			0.9384126048697808
5605.1			0.988411265298726
5606.0			1.0058160855810216
5606.9			1.0011228732646686
5607.8			1.0
5608.700000000001			1.0
5609.6			1.0
5610.5			1.0
5611.4			1.0
5612.3			1.0
5613.200000000001			0.98393796061853
5614.1			0.9126153241051339
5615.0			0.819632353796567
5615.9			0.8020941067455961
5616.8			0.880924838054669
5617.700000000001			0.9670766528029375
5618.6			0.9999124753974735
5619.5			1.0
5620.4			1.0
5621.3			1.0
5622.200000000001			1.0107711951809564
5623.1			0.97837288600128
5624.0			0.9189507213522777
5624.9			0.8974011872305832
5625.8			0.9343104384240934
5626.700000000001			0.9796356429477869
5627.6			1.0010318051100457
5628.5			1.0
5629.4			1.0
5630.3			1.0
5631.200000000001			1.0
5632.1			1.0
5633.0			1.0
5633.9			1.0
5634.8			1.0
5635.700000000001			1.0
5636.6			1.0
5637.5			1.0
5638.4			1.0
5639.3			1.0
5640.200000000001			1.0
5641.1			1.0
5642.0			1.0
5642.9			1.0
5643.8			1.0
5644.700000000001			1.0
5645.6			1.0
5646.5			1.0
5647.4			1.0
5648.3			1.0
5649.200000000001			1.0
5650.1			1.0
5651.0			1.0
5651.9			1.0
5652.8			0.9977681248339725
5653.700000000001			0.9725123586064267
5654.6			0.945084736089264
5655.5			0.9512852089943994
5656.4			0.9726338040213384
5657.3			0.9479352990278304
5658.200000000001			0.8904678570035199
5659.1			0.8831607992050268
5660.0			0.9295252251086422
5660.9			0.9545780661273429
5661.8			0.9370745424597706
5662.700000000001			0.9262320090146839
5663.6			0.9485554531712647
5664.5			0.9817408073375369
5665.4			1.0000037135896238
5666.3			1.0
5667.200000000001			1.0
5668.1			1.0
5669.0			1.0
5669.9			1.0
5670.8			1.0
5671.700000000001			1.0
5672.6			1.0
5673.5			1.0
5674.4			1.0
5675.3			1.0
5676.200000000001			1.0
5677.1			1.0
5678.0			1.0
5678.9			1.0
5679.8			1.0
5680.700000000001			1.0
5681.6			1.0
5682.5			1.0
5683.4			1.0
5684.3			1.0
5685.200000000001			1.0
5686.1			1.0
5687.0			1.0
5687.9			1.0
5688.8			1.0
5689.700000000001			1.0
5690.6			1.0
5691.5			1.0
5692.4			1.0
5693.3			1.0
5694.200000000001			1.0
5695.1			1.0
5696.0			1.0
5696.9			1.0
5697.8			1.0
5698.700000000001			1.0
5699.6			1.0
5700.5			1.0
5701.4			1.0
5702.3			0.9982353713122868
5703.200000000001			1.0126866714893903
5704.1			1.0187727005544855
5705.0			1.0016625105757269
5705.9			0.9741241710722847
5706.8			0.9565147223090744
5707.700000000001			0.9361291000921798
5708.6			0.9028050380263359
5709.5			0.8852040771257813
5710.4			0.8931559109850998
5711.3			0.9020773243490525
5712.200000000001			0.9218053714278371
5713.1			0.9599617977737182
5714.0			0.9868487674669912
5714.9			0.9952279853456131
5715.8			0.9994199755903882
5716.700000000001			0.999829552955883
5717.6			1.0
5718.5			1.0
5719.4			1.0
5720.3			1.0
5721.200000000001			1.0
5722.1			1.0
5723.0			1.0
5723.9			1.0
5724.8			1.0
5725.700000000001			1.0
5726.6			1.0
5727.5			1.0
5728.4			1.0
5729.3			1.0
5730.200000000001			1.0
5731.1			1.0
5732.0			1.0
5732.9			1.0
5733.8			1.0
5734.700000000001			1.0
5735.6			1.0
5736.5			1.0
5737.4			1.0
5738.3			1.0
5739.200000000001			1.0
5740.1			1.0
5741.0			1.0
5741.9			1.0
5742.8			1.0
5743.700000000001			1.0
5744.6			1.0
5745.5			1.0
5746.4			1.0
5747.3			1.0
5748.200000000001			1.0
5749.1			1.0
5750.0			1.0
5750.9			0.9973238307802598
5751.8			0.9719778991237942
5752.700000000001			0.9346941230953802
5753.6			0.9098804524156408
5754.5			0.920353062768983
5755.4			0.9608785248595517
5756.3			0.9983927514683163
5757.200000000001			1.0
5758.1			1.0
5759.0			1.0
5759.9			1.0
5760.8			1.0
5761.700000000001			1.0
5762.6			1.0
5763.5			1.0
5764.4			1.0
5765.3			1.0
5766.200000000001			1.0
5767.1			1.0
5768.0			1.0
5768.9			1.0
5769.8			1.0
5770.700000000001			1.0
5771.6			1.0
5772.5			1.0
5773.4			1.0
5774.3			1.0
5775.200000000001			1.0
5776.1			1.0
5777.0			1.0
5777.9			0.9976085564734916
5778.8			0.9797506879654243
5779.700000000001			0.9558921034509321
5780.6			0.9274090877653705
5781.5			0.9097388089567008
5782.4			0.9135742654340399
5783.3			0.9206198035093763
5784.200000000001			0.9137277534524011
5785.1			0.9074978739078808
5786.0			0.9316024244716339
5786.9			0.9747385749560907
5787.8			1.000679353270451
5788.700000000001			1.0097157988372583
5789.6			1.0036751455893695
5790.5			0.9843157944667379
5791.4			0.9823301503231622
5792.3			1.0030309369478432
5793.200000000001			1.0
5794.1			1.0
5795.0			1.0
5795.9			1.0
5796.8			1.0
5797.700000000001			1.0
5798.6			1.0
5799.5			1.0
5800.4			1.0
5801.3			1.0
5802.200000000001			1.0
5803.1			1.0
5804.0			1.0
5804.9			1.0
5805.8			1.0
5806.700000000001			1.0
5807.6			1.0
5808.5			1.0
5809.4			1.0
5810.3			1.0
5811.200000000001			1.0
5812.1			1.0
5813.0			1.0
5813.9			1.0
5814.8			1.0
5815.700000000001			1.0
5816.6			1.0
5817.5			1.0
5818.4			1.0
5819.3			1.0
5820.200000000001			1.0
5821.1			1.0
5822.0			1.0
5822.9			1.0
5823.8			1.0
5824.700000000001			1.0
5825.6			1.0
5826.5			1.0
5827.4			1.0
5828.3			1.0
5829.200000000001			1.0
5830.1			1.0
5831.0			1.0
5831.9			1.0
5832.8			1.0
5833.700000000001			1.0
5834.6			1.0
5835.5			1.0
5836.4			1.0
5837.3			1.0
5838.200000000001			1.0
5839.1			1.0
5840.0			1.0
5840.9			1.0
5841.8			1.0
5842.700000000001			1.0
5843.6			1.0
5844.5			1.0
5845.4			1.0
5846.3			1.0
5847.200000000001			1.0
5848.1			1.0
5849.0			1.0
5849.9			1.0
5850.8			1.0
5851.700000000001			1.0
5852.6			1.0
5853.5			1.0
5854.4			1.0013823621291769
5855.3			1.0022179826527737
5856.200000000001			0.9765140581002206
5857.1			0.9328790089631162
5858.0			0.9147421474968134
5858.9			0.94210798130898
5859.8			0.9852474596255674
5860.700000000001			1.007490737678367
5861.6			1.0000351813663986
5862.5			1.0
5863.4			1.0
5864.3			1.0
5865.200000000001			1.0
5866.1			1.0
5867.0			1.0
5867.9			1.0
5868.8			1.0
5869.700000000001			1.0
5870.6			1.0
5871.5			1.0
5872.4			1.0
5873.3			1.0
5874.200000000001			1.0
5875.1			1.0
5876.0			1.0
5876.9			1.0
5877.8			1.0
5878.700000000001			1.0
5879.6			1.0
5880.5			1.0
5881.4			1.0
5882.3			1.0
5883.200000000001			1.0
5884.1			1.0
5885.0			1.0
5885.9			1.0
5886.8			0.999341244971179
5887.700000000001			0.94595608666614
5888.6			0.8197393162310863
5889.5			0.6829293870295052
5890.4			0.6638009261906349
5891.3			0.7853829042996319
5892.200000000001			0.9305275204233144
5893.1			1.01287047760011
5894.0			1.0097001015324885
5894.9			1.0
5895.8			1.0
5896.700000000001			1.0
5897.6			1.0
5898.5			1.0
5899.4			1.0
5900.3			1.0
5901.200000000001			1.0
5902.1			1.0
5903.0			1.0
5903.9			1.0
5904.8			1.0
5905.700000000001			1.0
5906.6			1.0
5907.5			1.0
5908.4			1.0
5909.3			1.0
5910.200000000001			1.0
5911.1			1.0
5912.0			1.0
5912.9			1.0
5913.8			1.0
5914.700000000001			1.0
5915.6			1.0
5916.5			1.0
5917.4			1.0
5918.3			1.0
5919.200000000001			1.0
5920.1			1.0
5921.0			1.0
5921.9			1.0
5922.8			1.0
5923.700000000001			1.0
5924.6			1.0
5925.5			1.0
5926.4			1.0
5927.3			1.0
5928.200000000001			1.0
5929.1			1.0
5930.0			1.0
5930.9			1.0
5931.8			1.0
5932.700000000001			1.0
5933.6			1.0
5934.5			1.0
5935.4			1.0
5936.3			1.0
5937.200000000001			1.0
5938.1			1.0
5939.0			1.0
5939.9			1.0
5940.8			1.0
5941.700000000001			1.0
5942.6			1.0
5943.5			1.0
5944.4			1.0
5945.3			1.0
5946.200000000001			1.0
5947.1			1.0
5948.0			1.0
5948.9			1.0
5949.8			1.0
5950.700000000001			1.0
5951.6			1.0
5952.5			1.0
5953.4			1.0
5954.3			1.0
5955.200000000001			1.0
5956.1			1.0
5957.0			1.0
5957.9			1.0
5958.8			1.0
5959.700000000001			1.0
5960.6			1.0
5961.5			1.0
5962.4			1.0
5963.3			1.0
5964.200000000001			1.0
5965.1			1.0
5966.0			1.0
5966.9			1.0
5967.8			1.0
5968.700000000001			1.0
5969.6			1.0
5970.5			1.0
5971.4			1.0
5972.3			1.0
5973.200000000001			1.0
5974.1			1.0
5975.0			1.0
5975.9			1.0
5976.8			1.0
5977.700000000001			1.0
5978.6			1.0
5979.5			1.0
5980.4			1.0
5981.3			1.0
5982.200000000001			1.0
5983.1			1.0
5984.0			1.0
5984.9			1.0
5985.8			1.0
5986.700000000001			1.0
5987.6			1.0
5988.5			1.0
5989.4			1.0
5990.3			1.0
5991.200000000001			1.0
5992.1			1.0
5993.0			1.0
5993.9			1.0
5994.8			1.0
5995.700000000001			1.0
5996.6			1.0
5997.5			1.0
5998.4			1.0
5999.3			1.0
6000.200000000001			1.0
6001.1			1.0
6002.0			1.0
6002.9			1.0
6003.8			1.0
6004.700000000001			1.0
6005.6			1.0
6006.5			1.0
6007.4			1.0
6008.3			1.0
6009.200000000001			1.0
6010.1			1.0
6011.0			1.0
6011.9			1.0
6012.8			1.0
6013.700000000001			1.0
6014.6			1.0
6015.5			1.0
6016.4			1.0
6017.3			1.0
6018.200000000001			1.0
6019.1			1.0
6020.0			1.0
6020.9			1.0
6021.8			1.0
6022.700000000001			1.0
6023.6			1.0
6024.5			1.0
6025.4			1.0
6026.3			1.0
6027.200000000001			1.0
6028.1			1.0
6029.0			1.0
6029.9			1.0
6030.8			1.0
6031.700000000001			1.0
6032.6			1.0
6033.5			1.0
6034.4			1.0
6035.3			1.0
6036.200000000001			1.0
6037.1			1.0
6038.0			1.0
6038.9			1.0
6039.8			1.0
6040.700000000001			1.0
6041.6			1.0
6042.5			1.0
6043.4			1.0
6044.3			1.0
6045.200000000001			1.0
6046.1			1.0
6047.0			1.0
6047.9			1.0
6048.8			1.0
6049.700000000001			1.0
6050.6			1.0
6051.5			1.0
6052.4			1.0
6053.3			1.0
6054.200000000001			1.0
6055.1			1.0
6056.0			1.0
6056.9			1.0
6057.8			1.0
6058.700000000001			1.0
6059.6			1.0
6060.5			1.0
6061.4			1.0
6062.3			1.0
6063.200000000001			1.0
6064.1			1.0
6065.0			1.0
6065.9			1.0
6066.8			1.0
6067.700000000001			1.0
6068.6			1.0
6069.5			1.0
6070.4			1.0
6071.3			1.0
6072.200000000001			1.0
6073.1			1.0
6074.0			1.0
6074.9			1.0
6075.8			1.0
6076.700000000001			1.0
6077.6			1.0
6078.5			1.0
6079.4			1.0
6080.3			1.0
6081.200000000001			1.0
6082.1			1.0
6083.0			1.0
6083.9			1.0
6084.8			1.0
6085.700000000001			1.0
6086.6			1.0
6087.5			1.0
6088.4			1.0
6089.3			1.0
6090.200000000001			1.0
6091.1			1.0
6092.0			1.0
6092.9			1.0
6093.8			1.0
6094.700000000001			1.0
6095.6			1.0
6096.5			1.0
6097.4			1.0
6098.3			1.0
6099.200000000001			1.0
6100.1			0.9964754079845914
6101.0			0.9553572450225181
6101.9			0.8818351080428565
6102.8			0.8411070978612984
6103.700000000001			0.8835859658922851
6104.6			0.9596460260283277
6105.5			0.9997899717552308
6106.4			1.0
6107.3			1.0
6108.200000000001			1.0
6109.1			1.0
6110.0			1.0
6110.9			1.0
6111.8			1.0
6112.700000000001			1.0
6113.6			1.0
6114.5			1.0
6115.4			1.0
6116.3			1.0
6117.200000000001			1.0
6118.1			1.0
6119.0			1.0
6119.9			0.9843584692185645
6120.8			0.9419464029465461
6121.700000000001			0.8830180156437043
6122.6			0.8719533750550454
6123.5			0.9276273646793809
6124.4			0.9838706007938254
6125.3			1.0003879874027422
6126.200000000001			1.0
6127.1			1.0
6128.0			1.0
6128.9			1.0
6129.8			1.0
6130.700000000001			1.0
6131.6			1.0
6132.5			1.0
6133.4			1.0
6134.3			0.9972988355353216
6135.200000000001			0.9562039584676598
6136.1			0.8828342168004628
6137.0			0.8337602582790227
6137.9			0.8617295766042952
6138.8			0.9424799714184181
6139.700000000001			1.0009854742570095
6140.6			1.0
6141.5			1.0
6142.4			1.0
6143.3			1.0
6144.200000000001			1.0
6145.1			1.0
6146.0			1.0
6146.9			1.0
6147.8			1.0
6148.700000000001			1.0
6149.6			1.0
6150.5			1.0
6151.4			1.0
6152.3			1.0
6153.200000000001			1.0
6154.1			1.0
6155.0			1.0
6155.9			1.0
6156.8			1.0
6157.700000000001			1.0
6158.6			1.0
6159.5			0.9890873758077766
6160.4			0.9287011688229992
6161.3			0.8396109941304221
6162.200000000001			0.7956326743168091
6163.1			0.8387784424429985
6164.0			0.9273250240822563
6164.9			0.993644849010341
6165.8			1.0
6166.700000000001			1.0
6167.6			1.0
6168.5			1.0
6169.4			1.0
6170.3			1.0
6171.200000000001			1.0
6172.1			1.0
6173.0			1.0
6173.9			1.0
6174.8			1.0
6175.700000000001			1.0
6176.6			1.0
6177.5			1.0
6178.4			1.0
6179.3			1.0
6180.200000000001			1.0
6181.1			1.0
6182.0			1.0
6182.9			1.0
6183.8			1.0
6184.700000000001			1.0
6185.6			1.0
6186.5			1.0
6187.4			1.0
6188.3			1.0
6189.200000000001			0.9972966887171418
6190.1			0.9657997370786169
6191.0			0.9169195788932852
6191.9			0.9108399099363401
6192.8			0.9556779099202249
6193.700000000001			0.992735586226396
6194.6			0.9992574456126282
6195.5			1.0
6196.4			1.0
6197.3			1.0
6198.200000000001			1.0
6199.1			1.0
6200.0			1.0
6200.9			1.0
6201.8			1.0
6202.700000000001			1.0
6203.6			1.0
6204.5			1.0
6205.4			1.0
6206.3			1.0
6207.200000000001			1.0
6208.1			1.0
6209.0			1.0
6209.9			1.0
6210.8			1.0
6211.700000000001			1.0
6212.6			1.0
6213.5			1.0
6214.4			1.0
6215.3			1.0
6216.200000000001			1.0
6217.1			1.0
6218.0			1.0
6218.9			1.0
6219.8			1.0
6220.700000000001			1.0
6221.6			1.0
6222.5			1.0
6223.4			1.0
6224.3			1.0
6225.200000000001			1.0
6226.1			1.0
6227.0			0.9965188585428033
6227.9			0.993233771655784
6228.8			0.9747728421216225
6229.700000000001			0.9333231850500978
6230.6			0.8983157397833095
6231.5			0.9024853063774395
6232.4			0.933012331637476
6233.3			0.9680871280493555
6234.200000000001			1.0000162530634875
6235.1			1.0
6236.0			1.0
6236.9			1.0
6237.8			1.0
6238.700000000001			1.0
6239.6			1.0
6240.5			1.0
6241.4			1.0
6242.3			1.0
6243.200000000001			1.0
6244.1			1.0
6245.0			0.9932088110610601
6245.9			0.9853288604585
6246.8			0.9951916452717757
6247.700000000001			1.0239611960231485
6248.6			1.0443410972331162
6249.5			1.0466239505095287
6250.4			1.0348882591485822
6251.3			1.0020323530419835
6252.200000000001			0.9600367167949381
6253.1			0.9397802242302472
6254.0			0.9460952476876192
6254.9			0.9613329668195709
6255.8			0.9677768453903198
6256.700000000001			0.9617097508273988
6257.6			0.9540564592287539
6258.5			0.9540499321162498
6259.4			0.9688176863721923
6260.3			0.9880322420292733
6261.200000000001			1.0010881193499475
6262.1			1.0
6263.0			1.0
6263.9			1.0
6264.8			1.0
6265.700000000001			1.0
6266.6			1.0
6267.5			1.0
6268.4			1.0
6269.3			1.0
6270.200000000001			1.0
6271.1			1.0
6272.0			1.0
6272.9			1.0
6273.8			1.0
6274.700000000001			1.0
6275.6			1.0
6276.5			1.0
6277.4			1.0
6278.3			1.0
6279.200000000001			1.0
6280.1			1.0
6281.0			1.0
6281.9			1.0
6282.8			1.0
6283.700000000001			1.0
6284.6			1.0
6285.5			1.0
6286.4			1.0
6287.3			1.0
6288.200000000001			1.0
6289.1			1.0
6290.0			1.0
6290.9			1.0
6291.8			1.0
6292.700000000001			1.0
6293.6			1.0
6294.5			1.0
6295.4			1.0
6296.3			1.0
6297.200000000001			1.0
6298.1			0.9912825298443805
6299.0			0.9937386522944933
6299.9			0.9841751820960057
6300.8			0.949615151177345
6301.700000000001			0.9161880029371877
6302.6			0.9201615376195315
6303.5			0.9526981753527665
6304.4			0.9833290259281129
6305.3			0.9961620904753344
6306.200000000001			1.0
6307.1			1.0
6308.0			1.0
6308.9			1.0
6309.8			1.0
6310.700000000001			1.0
6311.6			1.0
6312.5			1.0
6313.4			1.0
6314.3			1.0
6315.200000000001			1.0
6316.1			1.0
6317.0			1.0
6317.9			1.0
6318.8			1.0
6319.700000000001			1.0
6320.6			1.0
6321.5			1.0
6322.4			1.0
6323.3			1.0
6324.200000000001			1.0
6325.1			1.0
6326.0			1.0
6326.9			1.0
6327.8			1.0
6328.700000000001			1.0
6329.6			1.0
6330.5			1.0
6331.4			1.0
6332.3			1.0
6333.200000000001			1.0
6334.1			1.0
6335.0			1.0
6335.9			1.0
6336.8			1.0
6337.700000000001			1.0
6338.6			1.0
6339.5			1.0
6340.4			1.0
6341.3			1.0
6342.200000000001			1.0
6343.1			1.0
6344.0			1.0
6344.9			1.0
6345.8			1.0
6346.700000000001			1.0
6347.6			1.0
6348.5			1.0
6349.4			1.0
6350.3			1.0
6351.200000000001			1.0
6352.1			1.0
6353.0			1.0
6353.9			1.0
6354.8			1.0
6355.700000000001			1.0
6356.6			1.0
6357.5			1.0
6358.4			1.0
6359.3			1.0
6360.200000000001			1.0
6361.1			1.0
6362.0			1.0
6362.9			1.0
6363.8			1.0
6364.700000000001			1.0
6365.6			1.0
6366.5			1.0
6367.4			1.0
6368.3			1.0
6369.200000000001			1.0
6370.1			1.0
6371.0			1.0
6371.9			1.0
6372.8			1.0
6373.700000000001			1.0
6374.6			1.0
6375.5			1.0
6376.4			1.0
6377.3			1.0
6378.200000000001			1.0
6379.1			1.0
6380.0			1.0
6380.9			1.0
6381.8			1.0
6382.700000000001			1.0
6383.6			1.0
6384.5			1.0
6385.4			1.0
6386.3			1.0
6387.200000000001			1.0
6388.1			1.0
6389.0			1.0
6389.9			1.0
6390.8			1.0
6391.700000000001			1.0
6392.6			1.0
6393.5			1.0
6394.4			1.0
6395.3			1.0
6396.200000000001			1.0
6397.1			1.0038690475523007
6398.0			0.9807005964666423
6398.9			0.9277842388299954
6399.8			0.8800758686742611
6400.700000000001			0.892888084625184
6401.6			0.953808287500052
6402.5			1.000044835778273
6403.4			1.0
6404.3			1.0
6405.200000000001			1.0
6406.1			1.0
6407.0			1.0
6407.9			1.0
6408.8			1.0
6409.700000000001			1.0
6410.6			1.0
6411.5			1.0
6412.4			1.0
6413.3			1.0
6414.200000000001			1.0
6415.1			1.0
6416.0			1.0
6416.9			1.0
6417.8			1.0
6418.700000000001			1.0
6419.6			1.0
6420.5			1.0
6421.4			1.0
6422.3			1.0
6423.200000000001			1.0
6424.1			1.0
6425.0			1.0
6425.9			1.0
6426.8			1.0
6427.700000000001			1.0
6428.6			1.0
6429.5			1.0
6430.4			0.9639787786860762
6431.3			0.9569932130208164
6432.200000000001			0.9806509688401647
6433.1			1.0075223514039469
6434.0			1.021112341942635
6434.9			1.0263839578229146
6435.8			1.0259134366521525
6436.700000000001			1.0122740480184287
6437.6			0.9732880594764172
6438.5			0.9217293678022656
6439.4			0.9110432314578136
6440.3			0.9531995716008214
6441.200000000001			0.9983052739860001
6442.1			1.019315573527349
6443.0			1.0263217695280815
6443.9			1.0313608473899407
6444.8			1.036440094787973
6445.700000000001			1.040908369802279
6446.6			1.036362778318758
6447.5			1.0112768238561174
6448.4			0.9611576079251439
6449.3			0.9092861133505838
6450.200000000001			0.9049061960299242
6451.1			0.9518703630598431
6452.0			0.9981156564194695
6452.9			1.0140885386469907
6453.8			1.0040473173080768
6454.700000000001			0.9781826187261728
6455.6			0.9602873272408603
6456.5			0.9647474811582488
6457.4			0.9835498574595725
6458.3			1.0016001926040146
6459.200000000001			1.0127891916257985
6460.1			1.0046936832903113
6461.0			0.9616781003080902
6461.9			0.9045346153704686
6462.8			0.8909098519249409
6463.700000000001			0.9340480781750145
6464.6			0.9819704264968023
6465.5			1.0
6466.4			1.005925170695497
6467.3			1.0036927707386114
6468.200000000001			0.9902697443213168
6469.1			0.9766018454652813
6470.0			0.9690979676146853
6470.9			0.9637016275279483
6471.8			0.9665331037357574
6472.700000000001			0.9832468517411116
6473.6			0.9950295526811397
6474.5			0.9872547145342095
6475.4			0.9752618142215297
6476.3			0.9804024668026938
6477.200000000001			0.9946185399060468
6478.1			1.0006309771383353
6479.0			1.0004322404533166
6479.9			0.9986197577002714
6480.8			0.9855005994336271
6481.700000000001			0.9646390375310414
6482.6			0.9550957450343723
6483.5			0.9670350831305181
6484.4			0.9903424946336586
6485.3			1.0089918166446032
6486.200000000001			1.0158833887384282
6487.1			1.0173838036166478
6488.0			1.0163702946646802
6488.9			1.00903674690547
6489.8			0.9979839580653456
6490.700000000001			0.9902882898449246
6491.6			0.9792670200672263
6492.5			0.9444354946594063
6493.4			0.8825601214172464
6494.3			0.8249629518051997
6495.200000000001			0.8130019476171904
6496.1			0.8490573451056905
6497.0			0.8995640775393333
6497.9			0.9326541488270494
6498.8			0.9402741067936171
6499.700000000001			0.9479427097461851
6500.6			0.9738902927045285
6501.5			0.9984159173931184
6502.4			1.0067274501643435
6503.3			1.0075157727721313
6504.200000000001			1.0107699769389114
6505.1			1.0161759723742454
6506.0			1.0186142032171068
6506.9			1.0188056560442325
6507.8			1.0198363211193981
6508.700000000001			1.0225126725289053
6509.6			1.024413522230962
6510.5			1.0237268939242563
6511.4			1.0214874725949459
6512.3			1.0216732903628196
6513.200000000001			1.0241462724065216
6514.1			1.0233098922869965
6515.0			1.0143976215050838
6515.9			1.0010181979719277
6516.8			0.9877404343700964
6517.700000000001			0.9784738737793859
6518.6			0.9798968713525524
6519.5			0.9959163331890412
6520.4			1.0161293859714102
6521.3			1.0237602886290478
6522.200000000001			1.0193236491461892
6523.1			1.0153340476356025
6524.0			1.0145832897386602
6524.9			1.0120061436798182
6525.8			1.003523176522948
6526.700000000001			1.0
6527.6			1.0006482499463998
6528.5			1.0133130148198377
6529.4			1.0217142422944494
6530.3			1.018370328115645
6531.200000000001			1.00880218295571
6532.1			0.9950513896091658
6533.0			0.9841377376079593
6533.9			0.9907493906475401
6534.8			1.009804978046414
6535.700000000001			1.022506255262998
6536.6			1.0214816097226525
6537.5			1.015599551099828
6538.4			1.0146919493696906
6539.3			1.0212695329486856
6540.200000000001			1.02817056136353
6541.1			1.026888601623526
6542.0			1.0181955562087657
6542.9			1.0127852532056494
6543.8			1.0096206850468767
6544.700000000001			0.9955361325784935
6545.6			0.9707551254099651
6546.5			0.9597425296020381
6547.4			0.9773993470729215
6548.3			1.003740418526439
6549.200000000001			1.0172741233828628
6550.1			1.015832366853581
6551.0			1.0083480708683248
6551.9			1.0058004897577733
6552.8			1.0025359944550092
6553.700000000001			0.9884683163159084
6554.6			0.9670947727500097
6555.5			0.9529118615310332
6556.4			0.9567643938132472
6557.3			0.9714485386293982
6558.200000000001			0.976814713801922
6559.1			0.9584578457664729
6560.0			0.9146541441394571
6560.9			0.8303687709860228
6561.8			0.7065670601712607
6562.700000000001			0.632850341343403
6563.6			0.6907728452810006
6564.5			0.8213482757128263
6565.4			0.9219081383016448
6566.3			0.9673380149209971
6567.200000000001			0.9787042953330053
6568.1			0.9713025210643719
6569.0			0.9634650714239729
6569.9			0.9738249276318877
6570.8			0.9893312437866989
6571.700000000001			0.9866998594118139
6572.6			0.9717785235617659
6573.5			0.9620406355172368
6574.4			0.9643216128582651
6575.3			0.9825669573791095
6576.200000000001			1.0071761552190293
6577.1			1.021066137817735
6578.0			1.0217138648108814
6578.9			1.0180642134662372
6579.8			1.0143251574088927
6580.700000000001			1.0106743754042984
6581.6			1.012554305451735
6582.5			1.0195069336811196
6583.4			1.0222908963337347
6584.3			1.020030221989352
6585.200000000001			1.0134348672881583
6586.1			1.0074638241788767
6587.0			1.012709608782852
6587.9			1.0250521419742398
6588.8			1.0354770099289172
6589.700000000001			1.0432653545534913
6590.6			1.0370431029601643
6591.5			1.0002039009002295
6592.4			0.9479933636501342
6593.3			0.9264488990591567
6594.200000000001			0.9562200001916918
6595.1			1.0047444967816372
6596.0			1.029421891717779
6596.9			1.0215082267959859
6597.8			1.0083683058436372
6598.700000000001			1.0136442910385828
6599.6			1.0296888102022668
6600.5			1.0404896212158756
6601.4			1.0464444718691988
6602.3			1.0539712593695247
6603.200000000001			1.0572705847404003
6604.1			1.0481221901644562
6605.0			1.0395241416117187
6605.9			1.037658701596405
6606.8			1.028666070863076
6607.700000000001			1.0077328661639724
6608.6			0.9918725089329544
6609.5			0.9992963524994705
6610.4			1.0255015119241797
6611.3			1.0454553048599615
6612.200000000001			1.047332397120005
6613.1			1.042395039437273
6614.0			1.046970139162494
6614.9			1.0568597198909728
6615.8			1.057884326854874
6616.700000000001			1.0517099249828565
6617.6			1.048702025994997
6618.5			1.0540137560100875
6619.4			1.0592570869734022
6620.3			1.0564324813256876
6621.200000000001			1.0508146088457548
6622.1			1.047450814805963
6623.0			1.0410608158438694
6623.9			1.0324356576287113
6624.8			1.032857864655945
6625.700000000001			1.0408303721096328
6626.6			1.0415671533246622
6627.5			1.0387952467713761
6628.4			1.0423127718585339
6629.3			1.044801886238758
6630.200000000001			1.0403013669165755
6631.1			1.033257245797619
6632.0			1.0184240632475579
6632.9			0.9909287032026985
6633.8			0.9744223435022743
6634.700000000001			0.9902311489638129
6635.6			1.0200002209588293
6636.5			1.0395814504226701
6637.4			1.046313188604035
6638.3			1.0433189862882375
6639.200000000001			1.0377793487851756
6640.1			1.0390229327932547
6641.0			1.0441265360952146
6641.9			1.0379102839723147
6642.8			1.01665734880973
6643.700000000001			1.0059037462757956
6644.6			1.02063167379544
6645.5			1.0392289367773675
6646.4			1.0455930379900595
6647.3			1.0469265158145942
6648.200000000001			1.0514220090154807
6649.1			1.0567091132755302
6650.0			1.058314916583392
6650.9			1.0582924206072255
6651.8			1.0589945270333037
6652.700000000001			1.0602040620571052
6653.6			1.0612650375369774
6654.5			1.0606137551175487
6655.4			1.0565599037359334
6656.3			1.0526654766382988
6657.200000000001			1.0538462826334973
6658.1			1.056602222951297
6659.0			1.0540422747774596
6659.9			1.0479794955209871
6660.8			1.0432551762103899
6661.700000000001			1.0318950008123564
6662.6			1.0099397955336913
6663.5			1.0016414263654392
6664.4			1.0209105183624965
6665.3			1.0429558507861303
6666.200000000001			1.0488918214750853
6667.1			1.0436572234342611
6668.0			1.0389713515133383
6668.9			1.042938303936949
6669.8			1.0542952826033138
6670.700000000001			1.0640688661857216
6671.6			1.068538303069269
6672.5			1.0691680217575414
6673.4			1.0694059704357082
6674.3			1.069621356159109
6675.200000000001			1.062707927281394
6676.1			1.0364476377069662
6677.0			0.9973179922599694
6677.9			0.9791225023771573
6678.8			1.0004088039726575
6679.700000000001			1.0
6680.6			1.0
6681.5			1.0
6682.4			1.0
6683.3			1.0
6684.200000000001			1.0
6685.1			1.0
6686.0			1.0
6686.9			1.0
6687.8			1.0
6688.700000000001			1.0
6689.6			1.0
6690.5			1.0
6691.4			1.0
6692.3			1.0
6693.200000000001			1.0
6694.1			1.0
6695.0			1.0
6695.9			1.0
6696.8			1.0
6697.700000000001			1.0
6698.6			1.0
6699.5			1.0
6700.4			1.0
6701.3			1.0
6702.200000000001			1.0
6703.1			1.0
6704.0			1.0
6704.9			1.0
6705.8			1.0
6706.700000000001			1.0
6707.6			1.0
6708.5			1.0
6709.4			1.0
6710.3			1.0
6711.200000000001			1.0
6712.1			1.0
6713.0			1.0
6713.9			1.0
6714.8			1.0
6715.700000000001			1.0
6716.6			1.0
6717.5			1.0
6718.4			1.0
6719.3			1.0
6720.200000000001			1.0
6721.1			1.0
6722.0			1.0
6722.9			1.0
6723.8			1.0
6724.700000000001			1.0
6725.6			1.0
6726.5			1.0
6727.4			1.0
6728.3			1.0
6729.200000000001			1.0
6730.1			1.0
6731.0			1.0
6731.9			1.0
6732.8			1.0
6733.700000000001			1.0
6734.6			1.0
6735.5			1.0
6736.4			1.0
6737.3			1.0
6738.200000000001			1.0
6739.1			1.0
6740.0			1.0
6740.9			1.0
6741.8			1.0
6742.700000000001			1.0
6743.6			1.0
6744.5			1.0
6745.4			1.0
6746.3			1.0
6747.200000000001			1.0
6748.1			1.0
6749.0			1.0
6749.9			1.0
6750.8			1.0
6751.700000000001			1.0
6752.6			1.0
6753.5			1.0
6754.4			1.0
6755.3			1.0
6756.200000000001			1.0
6757.1			1.0
6758.0			1.0
6758.9			1.0
6759.8			1.0
6760.700000000001			1.0
6761.6			1.0
6762.5			1.0
6763.4			1.0
6764.3			1.0
6765.200000000001			1.0
6766.1			1.0
6767.0			1.0
6767.9			1.0
6768.8			1.0
6769.700000000001			1.0
6770.6			1.0
6771.5			1.0
6772.4			1.0
6773.3			1.0
6774.200000000001			1.0
6775.1			1.0
6776.0			1.0
6776.9			1.0
6777.8			1.0
6778.700000000001			1.0
6779.6			1.0
6780.5			1.0
6781.4			1.0
6782.3			1.0
6783.200000000001			1.0
6784.1			1.0
6785.0			1.0
6785.9			1.0
6786.8			1.0
6787.700000000001			1.0
6788.6			1.0
6789.5			1.0
6790.4			1.0
6791.3			1.0
6792.200000000001			1.0
6793.1			1.0
6794.0			1.0
6794.9			1.0
6795.8			1.0
6796.700000000001			1.0
6797.6			1.0
6798.5			1.0
6799.4			1.0
6800.3			1.0
6801.200000000001			1.0
6802.1			1.0
6803.0			1.0
6803.9			1.0
6804.8			1.0
6805.700000000001			1.0
6806.6			1.0
6807.5			1.0
6808.4			1.0
6809.3			1.0
6810.200000000001			1.0
6811.1			1.0
6812.0			1.0
6812.9			1.0
6813.8			1.0
6814.700000000001			1.0
6815.6			1.0
6816.5			1.0
6817.4			1.0
6818.3			1.0
6819.200000000001			1.0
6820.1			1.0
6821.0			1.0
6821.9			1.0
6822.8			1.0
6823.700000000001			1.0
6824.6			1.0
6825.5			1.0
6826.4			1.0
6827.3			1.0
6828.200000000001			1.0
6829.1			1.0
6830.0			1.0
6830.9			1.0
6831.8			1.0
6832.700000000001			1.0
6833.6			1.0
6834.5			1.0
6835.4			1.0
6836.3			1.0
6837.200000000001			1.0
6838.1			1.0
6839.0			1.0
6839.9			1.0
6840.8			1.0
6841.700000000001			1.0
6842.6			1.0
6843.5			1.0
6844.4			1.0
6845.3			1.0
6846.200000000001			1.0
6847.1			1.0
6848.0			1.0
6848.9			1.0
6849.8			1.0
6850.700000000001			1.0
6851.6			1.0
6852.5			1.0
6853.4			1.0
6854.3			1.0
6855.200000000001			1.0
6856.1			1.0
6857.0			1.0
6857.9			1.0
6858.8			1.0
6859.700000000001			1.0
6860.6			1.0
6861.5			1.0
6862.4			1.0
6863.3			1.0
6864.200000000001			1.0
6865.1			1.0
6866.0			1.0
6866.9			1.0
6867.8			1.0
6868.700000000001			1.0
6869.6			1.0
6870.5			1.0
6871.4			1.0
6872.3			1.0
6873.200000000001			1.0
6874.1			1.0
6875.0			1.0
6875.9			1.0
6876.8			1.0
6877.700000000001			1.0
6878.6			1.0
6879.5			1.0
6880.4			1.0
6881.3			1.0
6882.200000000001			1.0
6883.1			1.0
6884.0			1.0
6884.9			1.0
6885.8			1.0
6886.700000000001			1.0
6887.6			1.0
6888.5			1.0
6889.4			1.0
6890.3			1.0
6891.200000000001			1.0
6892.1			1.0
6893.0			1.0
6893.9			1.0
6894.8			1.0
6895.700000000001			1.0
6896.6			1.0
6897.5			1.0
6898.4			1.0
6899.3			1.0
6900.200000000001			1.0
6901.1			1.0
6902.0			1.0
6902.9			1.0
6903.8			1.0
6904.700000000001			1.0
6905.6			1.0
6906.5			1.0
6907.4			1.0
6908.3			1.0
6909.200000000001			1.0
6910.1			1.0
6911.0			1.0
6911.9			1.0
6912.8			1.0
6913.700000000001			1.0
6914.6			1.0
6915.5			1.0
6916.4			1.0
6917.3			1.0
6918.200000000001			1.0
6919.1			1.0
6920.0			1.0
6920.9			1.0
6921.8			1.0
6922.700000000001			1.0
6923.6			1.0
6924.5			1.0
6925.4			1.0
6926.3			1.0
6927.200000000001			1.0
6928.1			1.0
6929.0			1.0
6929.9			1.0
6930.8			1.0
6931.700000000001			1.0
6932.6			1.0
6933.5			1.0
6934.4			1.0
6935.3			1.0
6936.200000000001			1.0
6937.1			1.0
6938.0			1.0
6938.9			1.0
6939.8			1.0
6940.700000000001			1.0
6941.6			1.0
6942.5			1.0
6943.4			1.0
6944.3			1.0
6945.200000000001			1.0
6946.1			1.0
6947.0			1.0
6947.9			1.0
6948.8			1.0
6949.700000000001			1.0
6950.6			1.0
6951.5			1.0
6952.4			1.0
6953.3			1.0
6954.200000000001			1.0
6955.1			1.0
6956.0			1.0
6956.9			1.0
6957.8			1.0
6958.700000000001			1.0
6959.6			1.0
6960.5			1.0
6961.4			1.0
6962.3			1.0
6963.200000000001			1.0
6964.1			1.0
6965.0			1.0
6965.9			1.0
6966.8			1.0
6967.700000000001			1.0
6968.6			1.0
6969.5			1.0
6970.4			1.0
6971.3			1.0
6972.200000000001			1.0
6973.1			1.0
6974.0			1.0
6974.9			1.0
6975.8			1.0
6976.700000000001			1.0
6977.6			1.0
6978.5			1.0
6979.4			1.0
6980.3			1.0
6981.200000000001			1.0
6982.1			1.0
6983.0			1.0
6983.9			1.0
6984.8			1.0
6985.700000000001			1.0
6986.6			1.0
6987.5			1.0
6988.4			1.0
6989.3			1.0
6990.200000000001			1.0
6991.1			1.0
6992.0			1.0
6992.9			1.0
6993.8			1.0
6994.700000000001			1.0
6995.6			1.0
6996.5			1.0
6997.4			1.0
6998.3			1.0
6999.200000000001			1.0
7000.1			1.0
7001.0			1.0
7001.9			1.0
7002.8			1.0
7003.700000000001			1.0
7004.6			1.0
7005.5			1.0
7006.4			1.0
7007.3			1.0
7008.200000000001			1.0
7009.1			1.0
7010.0			1.0
7010.9			1.0
7011.8			1.0
7012.700000000001			1.0
7013.6			1.0
7014.5			1.0
7015.4			1.0
7016.3			1.0
7017.200000000001			1.0
7018.1			1.0
7019.0			1.0
7019.9			1.0
7020.8			1.0
7021.700000000001			1.0
7022.6			1.0
7023.5			1.0
7024.4			1.0
7025.3			1.0
7026.200000000001			1.0
7027.1			1.0
7028.0			1.0
7028.9			1.0
7029.8			1.0
7030.700000000001			1.0
7031.6			1.0
7032.5			1.0
7033.4			1.0
7034.3			1.0
7035.200000000001			1.0
7036.1			1.0
7037.0			1.0
7037.9			1.0
7038.8			1.0
7039.700000000001			1.0
7040.6			1.0
7041.5			1.0
7042.4			1.0
7043.3			1.0
7044.200000000001			1.0
7045.1			1.0
7046.0			1.0
7046.9			1.0
7047.8			1.0
7048.700000000001			1.0
7049.6			1.0
7050.5			1.0
7051.4			1.0
7052.3			1.0
7053.200000000001			1.0
7054.1			1.0
7055.0			1.0
7055.9			1.0
7056.8			1.0
7057.700000000001			1.0
7058.6			1.0
7059.5			1.0
7060.4			1.0
7061.3			1.0
7062.200000000001			1.0
7063.1			1.0
7064.0			1.0
7064.9			1.0
7065.8			1.0
7066.700000000001			1.0
7067.6			1.0
7068.5			1.0
7069.4			1.0
7070.3			1.0
7071.200000000001			1.0
7072.1			1.0
7073.0			1.0
7073.9			1.0
7074.8			1.0
7075.700000000001			1.0
7076.6			1.0
7077.5			1.0
7078.4			1.0
7079.3			1.0
7080.200000000001			1.0
7081.1			1.0
7082.0			1.0
7082.9			1.0
7083.8			1.0
7084.700000000001			1.0
7085.6			1.0
7086.5			1.0
7087.4			1.0
7088.3			1.0
7089.200000000001			1.0
7090.1			1.0
7091.0			1.0
7091.9			1.0
7092.8			1.0
7093.700000000001			1.0
7094.6			1.0
7095.5			1.0
7096.4			1.0
7097.3			1.0
7098.200000000001			1.0
7099.1			1.0
7100.0			1.0
7100.9			1.0
7101.8			1.0
7102.700000000001			1.0
7103.6			1.0
7104.5			1.0
7105.4			1.0
7106.3			1.0
7107.200000000001			1.0
7108.1			1.0
7109.0			1.0
7109.9			1.0
7110.8			1.0
7111.700000000001			1.0
7112.6			1.0
7113.5			1.0
7114.4			1.0
7115.3			1.0
7116.200000000001			1.0
7117.1			1.0
7118.0			1.0
7118.9			1.0
7119.8			1.0
7120.700000000001			1.0
7121.6			1.0
7122.5			1.0
7123.4			1.0
7124.3			1.0
7125.200000000001			1.0
7126.1			1.0
7127.0			1.0
7127.9			1.0
7128.8			1.0
7129.700000000001			1.0
7130.6			1.0
7131.5			1.0
7132.4			1.0
7133.3			1.0
7134.200000000001			1.0
7135.1			1.0
7136.0			1.0
7136.9			1.0
7137.8			1.0
7138.700000000001			1.0
7139.6			1.0
7140.5			1.0
7141.4			1.0
7142.3			1.0
7143.200000000001			1.0
7144.1			1.0
7145.0			1.0
7145.9			1.0
7146.8			1.0
7147.700000000001			1.0
7148.6			1.0
7149.5			1.0
7150.4			1.0
7151.3			1.0
7152.200000000001			1.0
7153.1			1.0
7154.0			1.0
7154.9			1.0
7155.8			1.0
7156.700000000001			1.0
7157.6			1.0
7158.5			1.0
7159.4			1.0
7160.3			1.0
7161.200000000001			1.0
7162.1			1.0
7163.0			1.0
7163.9			1.0
7164.8			1.0
7165.700000000001			1.0
7166.6			1.0
7167.5			1.0
7168.4			1.0
7169.3			1.0
7170.200000000001			1.0
7171.1			1.0
7172.0			1.0
7172.9			1.0
7173.8			1.0
7174.700000000001			1.0
7175.6			1.0
7176.5			1.0
7177.4			1.0
7178.3			1.0
7179.200000000001			1.0
7180.1			1.0
7181.0			1.0
7181.9			1.0
7182.8			1.0
7183.700000000001			1.0
7184.6			1.0
7185.5			1.0
7186.4			1.0
7187.3			1.0
7188.200000000001			1.0
7189.1			1.0
7190.0			1.0
7190.9			1.0
7191.8			1.0
7192.700000000001			1.0
7193.6			1.0
7194.5			1.0
7195.4			1.0
7196.3			1.0
7197.200000000001			1.0
7198.1			1.0
7199.0			1.0
7199.9			1.0
7200.8			1.0
7201.700000000001			1.0
7202.6			1.0
7203.5			1.0
7204.4			1.0
7205.3			1.0
7206.200000000001			1.0
7207.1			1.0
7208.0			1.0
7208.9			1.0
7209.8			1.0
7210.700000000001			1.0
7211.6			1.0
7212.5			1.0
7213.4			1.0
7214.3			1.0
7215.200000000001			1.0
7216.1			1.0
7217.0			1.0
7217.9			1.0
7218.8			1.0
7219.700000000001			1.0
7220.6			1.0
7221.5			1.0
7222.4			1.0
7223.3			1.0
7224.200000000001			1.0
7225.1			1.0
7226.0			1.0
7226.9			1.0
7227.8			1.0
7228.700000000001			1.0
7229.6			1.0
7230.5			1.0
7231.4			1.0
7232.3			1.0
7233.200000000001			1.0
7234.1			1.0
7235.0			1.0
7235.9			1.0
7236.8			1.0
7237.700000000001			1.0
7238.6			1.0
7239.5			1.0
7240.4			1.0
7241.3			1.0
7242.200000000001			1.0
7243.1			1.0
7244.0			1.0
7244.9			1.0
7245.8			1.0
7246.700000000001			1.0
7247.6			1.0
7248.5			1.0
7249.4			1.0
7250.3			1.0
7251.200000000001			1.0
7252.1			1.0
7253.0			1.0
7253.9			1.0
7254.8			1.0
7255.700000000001			1.0
7256.6			1.0
7257.5			1.0
7258.4			1.0
7259.3			1.0
7260.200000000001			1.0
7261.1			1.0
7262.0			1.0
7262.9			1.0
7263.8			1.0
7264.700000000001			1.0
7265.6			1.0
7266.5			1.0
7267.4			1.0
7268.3			1.0
7269.200000000001			1.0
7270.1			1.0
7271.0			1.0
7271.9			1.0
7272.8			1.0
7273.700000000001			1.0
7274.6			1.0
7275.5			1.0
7276.4			1.0
7277.3			1.0
7278.200000000001			1.0
7279.1			1.0
7280.0			1.0
7280.9			1.0
7281.8			1.0
7282.700000000001			1.0
7283.6			1.0
7284.5			1.0
7285.4			1.0
7286.3			1.0
7287.200000000001			1.0
7288.1			1.0
7289.0			1.0
7289.9			1.0
7290.8			1.0
7291.700000000001			1.0
7292.6			1.0
7293.5			1.0
7294.4			1.0
7295.3			1.0
7296.200000000001			1.0
7297.1			1.0
7298.0			1.0
7298.9			1.0
7299.8			1.0
7300.700000000001			1.0
7301.6			1.0
7302.5			1.0
7303.4			1.0
7304.3			1.0
7305.200000000001			1.0
7306.1			1.0
7307.0			1.0
7307.9			1.0
7308.8			1.0
7309.700000000001			1.0
7310.6			1.0
7311.5			1.0
7312.4			1.0
7313.3			1.0
7314.200000000001			1.0
7315.1			1.0
7316.0			1.0
7316.9			1.0
7317.8			1.0
7318.700000000001			1.0
7319.6			1.0
7320.5			1.0
7321.4			1.0
7322.3			1.0
7323.200000000001			1.0
7324.1			1.0
7325.0			1.0
7325.9			1.0
7326.8			1.0
7327.700000000001			1.0
7328.6			1.0
7329.5			1.0
7330.4			1.0
7331.3			1.0
7332.200000000001			1.0
7333.1			1.0
7334.0			1.0
7334.9			1.0
7335.8			1.0
7336.700000000001			1.0
7337.6			1.0
7338.5			1.0
7339.4			1.0
7340.3			1.0
7341.200000000001			1.0
7342.1			1.0
7343.0			1.0
7343.9			1.0
7344.8			1.0
7345.700000000001			1.0
7346.6			1.0
7347.5			1.0
7348.4			1.0
7349.3			1.0
7350.200000000001			1.0
7351.1			1.0
7352.0			1.0
7352.9			1.0
7353.8			1.0
7354.700000000001			1.0
7355.6			1.0
7356.5			1.0
7357.4			1.0
7358.3			1.0
7359.200000000001			1.0
7360.1			1.0
7361.0			1.0
7361.9			1.0
7362.8			1.0
7363.700000000001			1.0
7364.6			1.0
7365.5			1.0
7366.4			1.0
7367.3			1.0
7368.200000000001			1.0
7369.1			1.0
7370.0			1.0
7370.9			1.0
7371.8			1.0
7372.700000000001			1.0
7373.6			1.0
7374.5			1.0
7375.4			1.0
7376.3			1.0
7377.200000000001			1.0
7378.1			1.0
7379.0			1.0
7379.9			1.0
7380.8			1.0
7381.700000000001			1.0
7382.6			1.0
7383.5			1.0
7384.4			1.0
7385.3			1.0
7386.200000000001			1.0
7387.1			1.0
7388.0			1.0
7388.9			1.0
7389.8			1.0
7390.700000000001			1.0
7391.6			1.0
7392.5			1.0
7393.4			1.0
7394.3			1.0
7395.200000000001			1.0
7396.1			1.0
7397.0			1.0
7397.9			1.0
7398.8			1.0
7399.700000000001			1.0
7400.6			1.0
7401.5			1.0
7402.4			1.0
7403.3			1.0
7404.200000000001			1.0
7405.1			1.0
7406.0			1.0
7406.9			1.0
7407.8			1.0
7408.700000000001			1.0
7409.6			1.0
7410.5			1.0
7411.4			1.0
7412.3			1.0
7413.200000000001			1.0
7414.1			1.0
7415.0			1.0
7415.9			1.0
7416.8			1.0
7417.700000000001			1.0
7418.6			1.0
7419.5			1.0
7420.4			1.0
7421.3			1.0
7422.200000000001			1.0
7423.1			1.0
7424.0			1.0
7424.9			1.0
7425.8			1.0
7426.700000000001			1.0
7427.6			1.0
7428.5			1.0
7429.4			1.0
