3500.0			1.0
3500.9			1.0
3501.8			1.0
3502.7			1.0
3503.6			1.0
3504.5			1.0
3505.4			1.0
3506.3			1.0
3507.2			1.0
3508.1			1.0
3509.0			1.0
3509.9			1.0
3510.8			1.0
3511.7			1.0
3512.6			1.0
3513.5			1.0
3514.4			1.0
3515.3			1.0
3516.2			1.0
3517.1			1.0
3518.0			1.0
3518.9			1.0
3519.8			1.0
3520.7			1.0
3521.6			1.0
3522.5			1.0
3523.4			1.0
3524.3			1.0
3525.2			1.0
3526.1			1.0
3527.0			1.0
3527.9			1.0
3528.8			1.0
3529.7			1.0
3530.6			1.0
3531.5			1.0
3532.4			1.0
3533.3			1.0
3534.2			1.0
3535.1			1.0
3536.0			1.0
3536.9			1.0
3537.8			1.0
3538.7			1.0
3539.6			1.0
3540.5			1.0
3541.4			1.0
3542.3			1.0
3543.2			1.0
3544.1			1.0
3545.0			1.0
3545.9			1.0
3546.8			1.0
3547.7			1.0
3548.6			1.0
3549.5			1.0
3550.4			1.0
3551.3			1.0
3552.2			1.0
3553.1			1.0
3554.0			1.0
3554.9			1.0
3555.8			1.0
3556.7			1.0
3557.6			1.0
3558.5			1.0
3559.4			1.0
3560.3			1.0
3561.2			1.0
3562.1			1.0
3563.0			1.0
3563.9			1.0
3564.8			1.0
3565.7			1.0
3566.6			1.0
3567.5			1.0
3568.4			1.0
3569.3			1.0
3570.2			1.0
3571.1			1.0
3572.0			1.0
3572.9			1.0
3573.8			1.0
3574.7			1.0
3575.6			1.0
3576.5			1.0
3577.4			1.0
3578.3			1.0
3579.2			1.0
3580.1			1.0
3581.0			1.0
3581.9			1.0
3582.8			1.0
3583.7			1.0
3584.6			1.0
3585.5			1.0
3586.4			1.0
3587.3			1.0
3588.2			1.0
3589.1			1.0
3590.0			1.0
3590.9			1.0
3591.8			1.0
3592.7			1.0
3593.6			1.0
3594.5			1.0
3595.4			1.0
3596.3			1.0
3597.2			1.0
3598.1			1.0
3599.0			1.0
3599.9			1.0
3600.8			1.0
3601.7			1.0
3602.6			1.0
3603.5			1.0
3604.4			1.0
3605.3			1.0
3606.2			1.0
3607.1			1.0
3608.0			1.0
3608.9			1.0
3609.8			1.0
3610.7			1.0
3611.6			1.0
3612.5			1.0
3613.4			1.0
3614.3			1.0
3615.2			1.0
3616.1			1.0
3617.0			1.0
3617.9			1.0
3618.8			1.0
3619.7			1.0
3620.6			1.0
3621.5			1.0
3622.4			1.0
3623.3			1.0
3624.2			1.0
3625.1			1.0
3626.0			1.0
3626.9			1.0
3627.8			1.0
3628.7			1.0
3629.6			1.0
3630.5			1.0
3631.4			1.0
3632.3			1.0
3633.2			1.0
3634.1			1.0
3635.0			1.0
3635.9			1.0
3636.8			1.0
3637.7			1.0
3638.6			1.0
3639.5			1.0
3640.4			1.0
3641.3			1.0
3642.2			1.0
3643.1			1.0
3644.0			1.0
3644.9			1.0
3645.8			1.0
3646.7			1.0
3647.6			1.0
3648.5			1.0
3649.4			1.0
3650.3			1.0
3651.2			1.0
3652.1			1.0
3653.0			1.0
3653.9			1.0
3654.8			1.0
3655.7			1.0
3656.6			1.0
3657.5			1.0
3658.4			1.0
3659.3			1.0
3660.2			1.0
3661.1			1.0
3662.0			1.0
3662.9			1.0
3663.8			1.0
3664.7			1.0
3665.6			1.0
3666.5			1.0
3667.4			1.0
3668.3			1.0
3669.2			1.0
3670.1			1.0
3671.0			1.0
3671.9			1.0
3672.8			1.0
3673.7			1.0
3674.6			1.0
3675.5			1.0
3676.4			1.0
3677.3			1.0
3678.2			1.0
3679.1			1.0
3680.0			1.0
3680.9			1.0
3681.8			1.0
3682.7			1.0
3683.6			1.0
3684.5			1.0
3685.4			1.0
3686.3			1.0
3687.2			1.0
3688.1			1.0
3689.0			1.0
3689.9			1.0
3690.8			1.0
3691.7			1.0
3692.6			1.0
3693.5			1.0
3694.4			1.0
3695.3			1.0
3696.2			1.0
3697.1			1.0
3698.0			1.0
3698.9			1.0
3699.8			1.0
3700.7			1.0
3701.6			1.0
3702.5			1.0
3703.4			1.0
3704.3			1.0
3705.2			1.0
3706.1			1.0
3707.0			1.0
3707.9			1.0
3708.8			1.0
3709.7			1.0
3710.6			1.0
3711.5			1.0
3712.4			1.0
3713.3			1.0
3714.2			1.0
3715.1			1.0
3716.0			1.0
3716.9			1.0
3717.8			1.0
3718.7			1.0
3719.6			1.0
3720.5			1.0
3721.4			1.0
3722.3			1.0
3723.2			1.0
3724.1			1.0
3725.0			1.0
3725.9			1.0
3726.8			1.0
3727.7			1.0
3728.6			1.0
3729.5			1.0
3730.4			1.0
3731.3			1.0
3732.2			1.0
3733.1			1.0
3734.0			1.0
3734.9			1.0
3735.8			1.0
3736.7			1.0
3737.6			1.0
3738.5			1.0
3739.4			1.0
3740.3			1.0
3741.2			1.0
3742.1			1.0
3743.0			1.0
3743.9			1.0
3744.8			1.0
3745.7			1.0
3746.6			1.0
3747.5			1.0
3748.4			1.0
3749.3			1.0
3750.2			1.0
3751.1			1.0
3752.0			1.0
3752.9			1.0
3753.8			1.0
3754.7			1.0
3755.6			1.0
3756.5			1.0
3757.4			1.0
3758.3			1.0
3759.2			1.0
3760.1			1.0
3761.0			1.0
3761.9			1.0
3762.8			1.0
3763.7			1.0
3764.6			1.0
3765.5			1.0
3766.4			1.0
3767.3			1.0
3768.2			1.0
3769.1			1.0
3770.0			1.0
3770.9			1.0
3771.8			1.0
3772.7			1.0
3773.6			1.0
3774.5			1.0
3775.4			1.0
3776.3			1.0
3777.2			1.0
3778.1			1.0
3779.0			1.0
3779.9			1.0
3780.8			1.0
3781.7			1.0
3782.6			1.0
3783.5			1.0
3784.4			1.0
3785.3			1.0
3786.2			1.0
3787.1			1.0
3788.0			1.0
3788.9			1.0
3789.8			1.0
3790.7			1.0
3791.6			1.0
3792.5			1.0
3793.4			1.0
3794.3			1.0
3795.2			1.0
3796.1			1.0
3797.0			1.0
3797.9			1.0
3798.8			1.0
3799.7			1.0
3800.6			1.0
3801.5			1.0
3802.4			1.0
3803.3			1.0
3804.2			1.0
3805.1			1.0
3806.0			1.0
3806.9			1.0
3807.8			1.0
3808.7			1.0
3809.6			1.0
3810.5			1.0
3811.4			1.0
3812.3			1.0
3813.2			1.0
3814.1			1.0
3815.0			1.0
3815.9			1.0
3816.8			1.0
3817.7			1.0
3818.6			1.0
3819.5			1.0
3820.4			1.0
3821.3			1.0
3822.2			1.0
3823.1			1.0
3824.0			1.0
3824.9			1.0
3825.8			1.0
3826.7			1.0
3827.6			1.0
3828.5			1.0
3829.4			1.0
3830.3			1.0
3831.2			1.0
3832.1			1.0
3833.0			1.0
3833.9			1.0
3834.8			1.0
3835.7			1.0
3836.6			1.0
3837.5			1.0
3838.4			1.0
3839.3			1.0
3840.2			1.0
3841.1			1.0
3842.0			1.0
3842.9			1.0
3843.8			1.0
3844.7			1.0
3845.6			1.0
3846.5			1.0
3847.4			1.0
3848.3			1.0
3849.2			1.0
3850.1			1.0
3851.0			1.0
3851.9			1.0
3852.8			1.0
3853.7			1.0
3854.6			1.0
3855.5			1.0
3856.4			1.0
3857.3			1.0
3858.2			1.0
3859.1			1.0
3860.0			1.0
3860.9			1.0
3861.8			1.0
3862.7			1.0
3863.6			1.0
3864.5			1.0
3865.4			1.0
3866.3			1.0
3867.2			1.0
3868.1			1.0
3869.0			1.0
3869.9			1.0
3870.8			1.0
3871.7			1.0
3872.6			1.0
3873.5			1.0
3874.4			1.0
3875.3			1.0
3876.2			1.0
3877.1			1.0
3878.0			1.0
3878.9			1.0
3879.8			1.0
3880.7			1.0
3881.6			1.0
3882.5			1.0
3883.4			1.0
3884.3			1.0
3885.2			1.0
3886.1			1.0
3887.0			1.0
3887.9			1.0
3888.8			1.0
3889.7			1.0
3890.6			1.0
3891.5			1.0
3892.4			1.0
3893.3			1.0
3894.2			1.0
3895.1			1.0
3896.0			1.0
3896.9			1.0
3897.8			1.0
3898.7			1.0
3899.6			1.0
3900.5			1.0
3901.4			1.0
3902.3			1.0
3903.2			1.0
3904.1			1.0
3905.0			1.0
3905.9			1.0
3906.8			1.0
3907.7			1.0
3908.6			1.0
3909.5			1.0
3910.4			1.0
3911.3			1.0
3912.2			1.0
3913.1			1.0
3914.0			1.0
3914.9			1.0
3915.8			1.0
3916.7			1.0
3917.6			1.0
3918.5			1.0
3919.4			1.0
3920.3			1.0
3921.2			1.0
3922.1			1.0
3923.0			1.0
3923.9			1.0
3924.8			1.0
3925.7			1.0
3926.6			1.0
3927.5			1.0
3928.4			1.0
3929.3			1.0
3930.2			1.0
3931.1			1.0
3932.0			1.0
3932.9			1.0
3933.8			1.0
3934.7			1.0
3935.6			1.0
3936.5			1.0
3937.4			1.0
3938.3			1.0
3939.2			1.0
3940.1			1.0
3941.0			1.0
3941.9			1.0
3942.8			1.0
3943.7			1.0
3944.6			1.0
3945.5			1.0
3946.4			1.0
3947.3			1.0
3948.2			1.0
3949.1			1.0
3950.0			1.0
3950.9			1.0
3951.8			1.0
3952.7			1.0
3953.6			1.0
3954.5			1.0
3955.4			1.0
3956.3			1.0
3957.2			1.0
3958.1			1.0
3959.0			1.0
3959.9			1.0
3960.8			1.0
3961.7			1.0
3962.6			1.0
3963.5			1.0
3964.4			1.0
3965.3			1.0
3966.2			1.0
3967.1			1.0
3968.0			1.0
3968.9			1.0
3969.8			1.0
3970.7			1.0
3971.6			1.0
3972.5			1.0
3973.4			1.0
3974.3			1.0
3975.2			1.0
3976.1			1.0
3977.0			1.0
3977.9			1.0
3978.8			1.0
3979.7			1.0
3980.6			1.0
3981.5			1.0
3982.4			1.0
3983.3			1.0
3984.2			1.0
3985.1			1.0
3986.0			1.0
3986.9			1.0
3987.8			1.0
3988.7			1.0
3989.6			1.0
3990.5			1.0
3991.4			1.0
3992.3			1.0
3993.2			1.0
3994.1			1.0
3995.0			1.0
3995.9			1.0
3996.8			1.0
3997.7			1.0
3998.6			1.0
3999.5			1.0
4000.4			1.0
4001.3			1.0
4002.2			1.0
4003.1			1.0
4004.0			1.0
4004.9			1.0
4005.8			1.0
4006.7			1.0
4007.6			1.0
4008.5			1.0
4009.4			1.0
4010.3			1.0
4011.2			1.0
4012.1			1.0
4013.0			1.0
4013.9			1.0
4014.8			1.0
4015.7			1.0
4016.6			1.0
4017.5			1.0
4018.4			1.0
4019.3			1.0
4020.2			1.0
4021.1			1.0
4022.0			1.0
4022.9			1.0
4023.8			1.0
4024.7			1.0
4025.6			1.0
4026.5			1.0
4027.4			1.0756102443978544
4028.3			1.1047516945923186
4029.2			1.0219309988865397
4030.1			0.8301245131654503
4031.0			0.6601840638936509
4031.9			0.5813218860712165
4032.8			0.5479412364391916
4033.7			0.5500758500076742
4034.6			0.62033482224729
4035.5			0.7489364163994703
4036.4			0.8853268847998388
4037.3			0.974025075506962
4038.2			0.9879391370294406
4039.1			1.0
4040.0			1.0
4040.9			1.0
4041.8			1.0012055804854934
4042.7			0.9937937933151534
4043.6			0.890787619558523
4044.5			0.695491110704366
4045.4			0.5315641562945451
4046.3			0.5341617047483268
4047.2			0.6954295259165341
4048.1			0.8801527922370382
4049.0			0.9998973173925919
4049.9			1.0
4050.8			1.0
4051.7			1.0
4052.6			1.0
4053.5			1.0
4054.4			1.0
4055.3			1.0
4056.2			1.0
4057.1			1.0
4058.0			1.0
4058.9			1.0
4059.8			1.0
4060.7			1.0
4061.6			0.979491387993148
4062.5			0.819315147182573
4063.4			0.6399796705794917
4064.3			0.6427463686716834
4065.2			0.826338132874455
4066.1			0.9752990389589263
4067.0			0.9975658046876673
4067.9			1.0
4068.8			1.0
4069.7			1.0
4070.6			1.0
4071.5			1.0
4072.4			1.0
4073.3			1.0
4074.2			1.0
4075.1			0.9294753136362732
4076.0			0.7524317335878674
4076.9			0.6029732962092633
4077.8			0.5771229990061505
4078.7			0.676984522757078
4079.6			0.8419533932439748
4080.5			1.0055454688123422
4081.4			1.0
4082.3			1.0
4083.2			1.0
4084.1			1.0
4085.0			1.0
4085.9			1.0
4086.8			1.0
4087.7			1.0
4088.6			1.0
4089.5			1.0
4090.4			1.0
4091.3			1.0
4092.2			1.0
4093.1			1.029353084790286
4094.0			1.0726084719508737
4094.9			0.9941414334079759
4095.8			0.8330706043053908
4096.7			0.7481888615527744
4097.6			0.772605713446611
4098.5			0.8105346184881105
4099.4			0.779468227059777
4100.3			0.6807230886472124
4101.2			0.6102969692050056
4102.1			0.6494584040278769
4103.0			0.747551581279671
4103.9			0.822307040406333
4104.8			0.8944868270280021
4105.7			0.9910028983534984
4106.6			1.0621709687502319
4107.5			1.0783215247255415
4108.4			1.0558543689438804
4109.3			0.994846610125716
4110.2			1.0
4111.1			1.0
4112.0			1.0
4112.9			1.0
4113.8			1.0
4114.7			1.0
4115.6			1.0
4116.5			1.0
4117.4			1.0
4118.3			1.0
4119.2			1.0
4120.1			1.0
4121.0			1.0
4121.9			1.0
4122.8			1.0
4123.7			1.0
4124.6			1.0
4125.5			1.0
4126.4			1.0
4127.3			1.0
4128.2			1.0
4129.1			1.0
4130.0			1.0
4130.9			1.0
4131.8			1.0
4132.7			1.0
4133.6			1.0
4134.5			1.0
4135.4			1.0
4136.3			1.0
4137.2			1.0
4138.1			1.0
4139.0			1.000685922395346
4139.9			0.9967845649468166
4140.8			0.9682894134330419
4141.7			0.8314885547556011
4142.6			0.6128039256440877
4143.5			0.48964961348474884
4144.4			0.5669997537306837
4145.3			0.7546210342609712
4146.2			0.9127850078827192
4147.1			0.9929827534875882
4148.0			1.0002312426928508
4148.9			1.0
4149.8			1.0
4150.7			1.0
4151.6			1.0
4152.5			1.0
4153.4			1.0
4154.3			1.0
4155.2			1.0
4156.1			1.0
4157.0			1.0
4157.9			1.0
4158.8			1.0
4159.7			1.0
4160.6			1.0
4161.5			1.0
4162.4			1.0
4163.3			1.0
4164.2			1.0
4165.1			1.0
4166.0			1.0
4166.9			0.9956702544568348
4167.8			0.9701654924821406
4168.7			0.9662287106538698
4169.6			1.0156236284905638
4170.5			1.0358599546134024
4171.4			0.9200991284254707
4172.3			0.7441905346802205
4173.2			0.6708840596005787
4174.1			0.713252206477101
4175.0			0.7927003086197945
4175.9			0.8641707969156303
4176.8			0.8861576549084553
4177.7			0.8764912339587807
4178.6			0.9193252721887921
4179.5			0.9977644426618425
4180.4			1.0
4181.3			1.0
4182.2			1.0
4183.1			1.0
4184.0			1.0
4184.9			1.0
4185.8			1.0
4186.7			1.0
4187.6			1.0
4188.5			1.0
4189.4			1.0
4190.3			1.0
4191.2			1.0
4192.1			1.0
4193.0			1.0
4193.9			1.0
4194.8			1.0
4195.7			1.0
4196.6			1.0
4197.5			1.0
4198.4			1.0
4199.3			1.0
4200.2			1.0
4201.1			1.0
4202.0			1.0
4202.9			1.0
4203.8			1.0
4204.7			1.0
4205.6			1.0
4206.5			1.0
4207.4			1.0
4208.3			1.0
4209.2			1.0
4210.1			1.0
4211.0			1.0
4211.9			1.0
4212.8			1.0
4213.7			1.0
4214.6			1.0
4215.5			1.0
4216.4			1.0
4217.3			1.0
4218.2			1.0
4219.1			1.0
4220.0			1.0
4220.9			1.0
4221.8			0.9382137017694598
4222.7			0.808974660521755
4223.6			0.659580886594178
4224.5			0.5036845497629944
4225.4			0.3359035968802343
4226.3			0.20784183197662998
4227.2			0.20330859501013274
4228.1			0.3391447888825415
4229.0			0.5462747700635203
4229.9			0.7639241253544334
4230.8			0.9502597873482388
4231.7			1.0297705510197184
4232.6			0.9976899203124331
4233.5			1.0
4234.4			1.0
4235.3			1.0
4236.2			1.0
4237.1			1.0
4238.0			1.0
4238.9			1.0
4239.8			1.0
4240.7			1.0
4241.6			1.0
4242.5			1.0
4243.4			1.0
4244.3			1.0
4245.2			1.0
4246.1			1.0
4247.0			0.9185068235459428
4247.9			0.8933976635155408
4248.8			0.8979517461870409
4249.7			0.8402645487930057
4250.6			0.7503263090436587
4251.5			0.7514646236346378
4252.4			0.8107419762338459
4253.3			0.7815597206653296
4254.2			0.695192156908735
4255.1			0.7370936515520866
4256.0			0.9394163451064
4256.9			1.127616630770989
4257.8			1.1634353206998826
4258.7			1.0819523520702314
4259.6			0.9828897626759631
4260.5			0.9402542860538434
4261.4			1.0150644610053283
4262.3			1.0
4263.2			1.0
4264.1			1.0
4265.0			1.0
4265.9			1.001971948711202
4266.8			0.9628040221690187
4267.7			0.9028304393764521
4268.6			0.8554018170184172
4269.5			0.7972918698182897
4270.4			0.6677389975243527
4271.3			0.5186359770301976
4272.2			0.47825437366139895
4273.1			0.5312947529909253
4274.0			0.551112760376226
4274.9			0.5552941862689703
4275.8			0.6447603544638679
4276.7			0.7997642250810411
4277.6			0.9417587480629682
4278.5			1.001790776299655
4279.4			1.0
4280.3			1.0
4281.2			1.0
4282.1			1.0
4283.0			1.0
4283.9			1.0
4284.8			1.0
4285.7			1.0
4286.6			1.0
4287.5			0.9759118256413748
4288.4			0.8654691024692653
4289.3			0.688080462787533
4290.2			0.5916502294115403
4291.1			0.6664031179427438
4292.0			0.8545884786546877
4292.9			1.0028162204093254
4293.8			1.0
4294.7			1.0
4295.6			1.0119134346950813
4296.5			1.0257316280045727
4297.4			0.9695532820765554
4298.3			0.8319400114990554
4299.2			0.6776953969971827
4300.1			0.6147238736459951
4301.0			0.6559825969744508
4301.9			0.7059762914469697
4302.8			0.7330015714939927
4303.7			0.7645986806056848
4304.6			0.7609702949899024
4305.5			0.6882752130866878
4306.4			0.5890764780217634
4307.3			0.5036936365809385
4308.2			0.4694654757027065
4309.1			0.5230350396376359
4310.0			0.6438939233213843
4310.9			0.773409075183687
4311.8			0.8568524254138685
4312.7			0.8711291828789204
4313.6			0.8307165111013551
4314.5			0.8320139921070547
4315.4			0.976873214752426
4316.3			1.1737462376357544
4317.2			1.2519079336211842
4318.1			1.2094927462964775
4319.0			1.1433071068677412
4319.9			1.0710199975198125
4320.8			0.9935764135642119
4321.7			1.0
4322.6			0.9751316331952687
4323.5			0.8842467408725407
4324.4			0.7201923719786092
4325.3			0.5665985165700081
4326.2			0.5589680731254941
4327.1			0.7396876245636219
4328.0			0.9609985648345389
4328.9			1.0512961783239894
4329.8			1.0046156467090133
4330.7			1.0
4331.6			1.0
4332.5			1.0
4333.4			1.0
4334.3			1.0
4335.2			1.0
4336.1			0.9665626596577217
4337.0			0.8265221953453915
4337.9			0.6969056635722837
4338.8			0.6393881428874906
4339.7			0.6003660071356304
4340.6			0.6040019671936814
4341.5			0.7143136277548491
4342.4			0.8554860527754169
4343.3			0.9215468432990891
4344.2			0.9500466110369821
4345.1			0.9934135037677532
4346.0			1.0
4346.9			1.0
4347.8			1.0
4348.7			1.1020948244092377
4349.6			1.1032949308834035
4350.5			0.9403118390479935
4351.4			0.7570147573022613
4352.3			0.7133974847466734
4353.2			0.7930437976750631
4354.1			0.8795878521028302
4355.0			0.9325130793098557
4355.9			1.0001108170944837
4356.8			1.0
4357.7			1.0
4358.6			1.0
4359.5			1.0
4360.4			1.0
4361.3			1.0
4362.2			1.0
4363.1			1.0
4364.0			1.0
4364.9			1.0
4365.8			1.0
4366.7			1.0
4367.6			1.0
4368.5			1.0
4369.4			1.0
4370.3			1.0
4371.2			1.0
4372.1			0.9735464364335557
4373.0			0.899018642900638
4373.9			0.793384936074537
4374.8			0.7219208542612645
4375.7			0.7538852312617494
4376.6			0.8838023136298091
4377.5			1.0047285381774624
4378.4			1.0
4379.3			1.0
4380.2			0.9591123917584384
4381.1			0.920871451705258
4382.0			0.7911348523627337
4382.9			0.5700020364280043
4383.8			0.4289847943853729
4384.7			0.5134720663641513
4385.6			0.7519091061476679
4386.5			0.9423171245201424
4387.4			1.001926600613503
4388.3			1.0
4389.2			1.0
4390.1			1.0
4391.0			1.0
4391.9			1.0
4392.8			1.0
4393.7			1.0
4394.6			1.0
4395.5			1.0
4396.4			1.0
4397.3			1.0
4398.2			1.0
4399.1			1.0
4400.0			0.8901039454037891
4400.9			0.8874814935407879
4401.8			0.9847652593830215
4402.7			0.9906421555189763
4403.6			0.8015785901826405
4404.5			0.5879414775899129
4405.4			0.5515558710592308
4406.3			0.6445708503562698
4407.2			0.6882639090359307
4408.1			0.674748365854724
4409.0			0.7392480810248013
4409.9			0.8918280838788474
4410.8			1.0005426477669859
4411.7			1.0
4412.6			1.0026040974704857
4413.5			0.9482497543926277
4414.4			0.8196399122846915
4415.3			0.7336348241768265
4416.2			0.7717639361416294
4417.1			0.8807626547876257
4418.0			0.9979109919447939
4418.9			1.0
4419.8			1.0
4420.7			1.0
4421.6			1.0
4422.5			1.0
4423.4			1.0
4424.3			1.0
4425.2			1.0
4426.1			1.0
4427.0			1.0
4427.9			1.0
4428.8			1.0
4429.7			1.0
4430.6			1.0
4431.5			1.0
4432.4			1.0438876255207443
4433.3			0.9493247419311522
4434.2			0.7944844928664385
4435.1			0.703618039529682
4436.0			0.7439138694988804
4436.9			0.8718926553688618
4437.8			0.9988077646520268
4438.7			1.0
4439.6			1.0
4440.5			1.0
4441.4			1.0
4442.3			1.0
4443.2			1.0
4444.1			1.0
4445.0			1.0
4445.9			1.0
4446.8			1.0
4447.7			1.0
4448.6			1.0
4449.5			1.0
4450.4			1.0
4451.3			1.0
4452.2			1.015704809061001
4453.1			0.9614591124040791
4454.0			0.8744174887599353
4454.9			0.8122862830313285
4455.8			0.817308620916199
4456.7			0.8635463894844817
4457.6			0.8858455507060504
4458.5			0.868189442794938
4459.4			0.8390978357872969
4460.3			0.8007032874908541
4461.2			0.7582426437918298
4462.1			0.7840122216271943
4463.0			0.9079337418321812
4463.9			1.0170729887310337
4464.8			1.027172180430793
4465.7			1.0008486916339037
4466.6			1.0016529704984825
4467.5			1.0033856045317757
4468.4			0.975518631096836
4469.3			0.9622664964722087
4470.2			0.9968049835323237
4471.1			1.0
4472.0			1.0
4472.9			1.0
4473.8			1.0
4474.7			1.0
4475.6			1.0
4476.5			1.0
4477.4			1.0477467117192683
4478.3			1.0232224113708364
4479.2			0.9315213495919462
4480.1			0.8338234390797233
4481.0			0.7776319421521705
4481.9			0.7801518047567495
4482.8			0.8438629214991962
4483.7			0.931888984980266
4484.6			0.9992897870736169
4485.5			1.0
4486.4			1.0
4487.3			1.0
4488.2			1.0
4489.1			1.0
4490.0			1.0
4490.9			1.0
4491.8			1.0677767870803023
4492.7			1.0673683851497786
4493.6			0.9794210331544271
4494.5			0.8568421526199925
4495.4			0.774803141403682
4496.3			0.7727463856988723
4497.2			0.8463231714991124
4498.1			0.9447055523625405
4499.0			1.0028603707576935
4499.9			1.0
4500.8			1.0
4501.7			1.0
4502.6			1.0
4503.5			1.0
4504.4			1.0
4505.3			1.0
4506.2			1.0
4507.1			1.0
4508.0			1.0
4508.9			1.0
4509.8			1.0
4510.7			0.999689812717164
4511.6			0.9658701336591952
4512.5			0.9231684225024349
4513.4			0.9081971438996655
4514.3			0.9302408328102482
4515.2			0.9710405832888752
4516.1			0.9916680138744682
4517.0			0.9606239787639665
4517.9			0.919210702548411
4518.8			0.9456501097251123
4519.7			1.0460948401325871
4520.6			1.0
4521.5			0.986613446362486
4522.4			0.8989214306599757
4523.3			0.8475512812182329
4524.2			0.8584615099096129
4525.1			0.8533468001276501
4526.0			0.7932017142307097
4526.9			0.7214054904317316
4527.8			0.6892290898712005
4528.7			0.7103107142077263
4529.6			0.7541778331613734
4530.5			0.7950713173403714
4531.4			0.839576723218213
4532.3			0.8608368775077254
4533.2			0.8134685962024536
4534.1			0.7226486953154738
4535.0			0.6800748749735375
4535.9			0.7654603120236502
4536.8			0.9394084839658625
4537.7			1.0592423516054856
4538.6			1.0544334397292823
4539.5			0.9710375245579551
4540.4			0.8967917160756373
4541.3			0.9035192492048864
4542.2			0.9827313000842033
4543.1			1.0365833925881915
4544.0			1.0025554193013955
4544.9			0.9513559599894915
4545.8			0.9679564499426342
4546.7			1.0217554637027138
4547.6			1.0345606952615132
4548.5			1.0039033140949536
4549.4			1.0
4550.3			1.0
4551.2			1.0
4552.1			0.9472258844546937
4553.0			0.8775551749163907
4553.9			0.8213906502620909
4554.8			0.8039091042017262
4555.7			0.8552761868739097
4556.6			0.9474960912233157
4557.5			1.0122139147209237
4558.4			1.0
4559.3			1.0
4560.2			1.0
4561.1			0.986621947249357
4562.0			0.9573086646643093
4562.9			0.88344132772807
4563.8			0.8171409247111586
4564.7			0.8006612948586944
4565.6			0.8402027395663265
4566.5			0.9229041104572006
4567.4			0.9894478723312542
4568.3			0.9935757394087078
4569.2			1.0
4570.1			1.0
4571.0			1.0
4571.9			1.0
4572.8			1.0
4573.7			1.0
4574.6			1.0
4575.5			1.0
4576.4			1.0159168837363877
4577.3			1.0150095408411155
4578.2			1.0
4579.1			0.9068138482188816
4580.0			0.8496885888925031
4580.9			0.880336064661591
4581.8			0.9624476818038006
4582.7			1.0047066079252753
4583.6			0.9837211773336548
4584.5			0.938591811239776
4585.4			0.896341998379193
4586.3			0.8954000885121544
4587.2			0.9581829190187562
4588.1			1.0304500167883648
4589.0			1.0468578580098593
4589.9			1.0030854791831239
4590.8			0.9355691166382437
4591.7			0.8871928445851623
4592.6			0.8628753273145822
4593.5			0.8377094402621955
4594.4			0.8232752396001759
4595.3			0.8423143262027915
4596.2			0.8681944120873842
4597.1			0.8732703985105587
4598.0			0.8789755228683872
4598.9			0.8843606990677751
4599.8			0.8615024002407556
4600.7			0.8402367036315733
4601.6			0.8530668392559877
4602.5			0.8680182224393366
4603.4			0.8654913870074622
4604.3			0.8473947516665511
4605.2			0.8177214458978533
4606.1			0.8127060770264868
4607.0			0.8714048869454883
4607.9			0.9662170127322643
4608.8			1.0192877550635
4609.7			1.0028543133892536
4610.6			1.0
4611.5			1.0
4612.4			1.0
4613.3			1.0
4614.2			1.0
4615.1			1.0
4616.0			1.0
4616.9			1.0
4617.8			1.0
4618.7			1.0
4619.6			1.0
4620.5			1.0
4621.4			1.0
4622.3			1.0
4623.2			1.0
4624.1			1.0
4625.0			1.0
4625.9			1.0
4626.8			1.0
4627.7			1.0
4628.6			1.0
4629.5			1.0
4630.4			1.0
4631.3			1.0
4632.2			1.0
4633.1			1.0
4634.0			1.0
4634.9			1.0
4635.8			1.0
4636.7			1.0
4637.6			1.0
4638.5			1.0
4639.4			1.0
4640.3			1.0
4641.2			1.0
4642.1			1.0772290905504127
4643.0			1.080210858202964
4643.9			1.0360879202475464
4644.8			0.9556860170344507
4645.7			0.8558393356711532
4646.6			0.8031456883642171
4647.5			0.8275204869647979
4648.4			0.8893402635157927
4649.3			0.9497487885742163
4650.2			0.9892270625513222
4651.1			1.0028199203398258
4652.0			1.0
4652.9			1.0
4653.8			1.0
4654.7			1.0
4655.6			1.0
4656.5			1.0
4657.4			1.0
4658.3			1.0
4659.2			1.0
4660.1			1.0
4661.0			1.0
4661.9			1.0
4662.8			0.9471580937442652
4663.7			0.9414766618729205
4664.6			0.9608121168236118
4665.5			0.9388065046845763
4666.4			0.849247926783556
4667.3			0.7614513831742262
4668.2			0.7559566520757345
4669.1			0.8298608540722775
4670.0			0.927265952701724
4670.9			1.0053957424612323
4671.8			1.0426841165900718
4672.7			1.0373706263016436
4673.6			1.0067630693457976
4674.5			1.0
4675.4			1.0
4676.3			1.0
4677.2			1.0
4678.1			0.9845411378796644
4679.0			0.94542229734916
4679.9			0.8972580657424404
4680.8			0.8603793289595021
4681.7			0.8656293904794073
4682.6			0.9193149353508906
4683.5			0.9790072721715556
4684.4			1.0056890830620253
4685.3			1.0014360285128363
4686.2			1.0
4687.1			1.0
4688.0			1.0
4688.9			1.0
4689.8			1.0
4690.7			1.0
4691.6			1.0
4692.5			1.0
4693.4			1.0
4694.3			1.0
4695.2			1.0
4696.1			1.0
4697.0			1.0
4697.9			1.0
4698.8			1.0
4699.7			1.0
4700.6			1.0
4701.5			1.0
4702.4			1.0
4703.3			1.0058820135895261
4704.2			1.0362922884498376
4705.1			1.0488017829227378
4706.0			1.0186770122475344
4706.9			0.9738954328883664
4707.8			0.9439105592166376
4708.7			0.9312158675787036
4709.6			0.9536080135728932
4710.5			1.0260282677793924
4711.4			1.100137525060694
4712.3			1.1179121108344476
4713.2			1.0710000443893608
4714.1			1.002563914552778
4715.0			1.0
4715.9			1.0
4716.8			1.0
4717.7			1.0
4718.6			1.0
4719.5			1.0
4720.4			1.0
4721.3			1.0
4722.2			0.9586857624958993
4723.1			0.9630028677558328
4724.0			1.0175430178470848
4724.9			1.0608654290961081
4725.8			1.0312792701579951
4726.7			0.9279345155940334
4727.6			0.8249751010420692
4728.5			0.7929179662227301
4729.4			0.8188988146154661
4730.3			0.8513278567990468
4731.2			0.8765036868107065
4732.1			0.9010742093269533
4733.0			0.9229465522160533
4733.9			0.9568642693440031
4734.8			0.9996778171086578
4735.7			1.0
4736.6			1.0
4737.5			1.0
4738.4			1.0
4739.3			1.0
4740.2			1.0
4741.1			1.0
4742.0			1.0
4742.9			1.0
4743.8			1.0
4744.7			1.0
4745.6			1.0
4746.5			1.0
4747.4			1.0
4748.3			1.0
4749.2			1.0
4750.1			1.0
4751.0			1.0
4751.9			1.0
4752.8			1.0
4753.7			1.0
4754.6			1.0
4755.5			1.0
4756.4			1.0
4757.3			1.0
4758.2			1.0
4759.1			1.0210163432203665
4760.0			1.0513977327259585
4760.9			1.0322538621618413
4761.8			0.9770455270436433
4762.7			0.9416408649900821
4763.6			0.9308340433913566
4764.5			0.9115781209548722
4765.4			0.8827103278285552
4766.3			0.8817032945596588
4767.2			0.9197323763941173
4768.1			0.9701071662478037
4769.0			1.0071599800695934
4769.9			1.0092466046403623
4770.8			0.9736791725480138
4771.7			1.0
4772.6			1.0030794081559087
4773.5			1.0497690028655748
4774.4			1.0842359344817916
4775.3			1.069019878621825
4776.2			1.0356569702884273
4777.1			1.0177468353507062
4778.0			1.0021556577237802
4778.9			0.9805698303990232
4779.8			0.9596848005429517
4780.7			0.9342971466862503
4781.6			0.898109260043928
4782.5			0.8608595361595207
4783.4			0.8507619646569612
4784.3			0.8761903443148844
4785.2			0.8916439505564412
4786.1			0.8784271616608345
4787.0			0.8716133001988516
4787.9			0.8710209903250902
4788.8			0.8566514601792967
4789.7			0.8464003174426569
4790.6			0.8520405665705124
4791.5			0.8710510622705921
4792.4			0.9119836541010817
4793.3			0.9674940361673962
4794.2			1.0045211655476702
4795.1			1.0
4796.0			0.9674402367821049
4796.9			0.9300569255500728
4797.8			0.8909192084228715
4798.7			0.8547347246762159
4799.6			0.8484520609594902
4800.5			0.883127502993346
4801.4			0.9423179496295447
4802.3			0.9942380432549938
4803.2			0.9999082855446022
4804.1			1.0
4805.0			1.0
4805.9			1.0
4806.8			1.0
4807.7			1.0
4808.6			1.0
4809.5			1.0
4810.4			1.0
4811.3			1.0
4812.2			1.0
4813.1			1.0
4814.0			1.0
4814.9			1.0
4815.8			1.0
4816.7			1.0
4817.6			1.0
4818.5			1.0
4819.4			1.0
4820.3			1.0
4821.2			1.0
4822.1			1.0
4823.0			1.0
4823.9			1.0
4824.8			1.0
4825.7			1.0
4826.6			1.0
4827.5			1.0
4828.4			1.0
4829.3			1.0092373828441652
4830.2			0.9918282363829313
4831.1			0.9195068883906558
4832.0			0.871558216787373
4832.9			0.9129963083667588
4833.8			0.9826047131028414
4834.7			0.9975264537657789
4835.6			1.0
4836.5			1.0
4837.4			1.0
4838.3			1.0
4839.2			1.0
4840.1			1.0
4841.0			1.0
4841.9			1.0
4842.8			1.0
4843.7			1.0
4844.6			1.0
4845.5			1.0
4846.4			1.0
4847.3			1.0
4848.2			1.0
4849.1			1.0
4850.0			1.0
4850.9			1.0
4851.8			1.0
4852.7			1.0
4853.6			1.0
4854.5			1.0
4855.4			1.0
4856.3			1.0
4857.2			1.0717798855622873
4858.1			1.0712015074770311
4859.0			0.997801713748821
4859.9			0.8769118669060837
4860.8			0.7844627229202137
4861.7			0.8157052209212322
4862.6			0.9233223441467717
4863.5			0.9848056298404454
4864.4			1.0043690216832613
4865.3			1.0
4866.2			1.0
4867.1			1.0
4868.0			1.0
4868.9			1.0
4869.8			1.0
4870.7			1.0
4871.6			1.0
4872.5			1.0
4873.4			1.0
4874.3			1.0
4875.2			1.0
4876.1			1.0
4877.0			1.0
4877.9			1.0
4878.8			1.0
4879.7			1.0
4880.6			1.0
4881.5			1.0
4882.4			1.0
4883.3			1.0352341311118878
4884.2			0.9958753703860063
4885.1			0.9219485750526719
4886.0			0.8887763036555311
4886.9			0.9079119605764683
4887.8			0.9327005407622267
4888.7			0.9243674370545586
4889.6			0.8751766925055956
4890.5			0.822552347426856
4891.4			0.8318998024453674
4892.3			0.9006549297361185
4893.2			0.9668278824246056
4894.1			1.011020510355198
4895.0			1.042079225536849
4895.9			1.0529772580304615
4896.8			1.0435637774414641
4897.7			1.0108067202901458
4898.6			1.0
4899.5			1.0
4900.4			1.0
4901.3			1.0
4902.2			1.0
4903.1			1.0
4904.0			1.0053033519301915
4904.9			1.0635261375758618
4905.8			1.1097718726934058
4906.7			1.0915954584817975
4907.6			1.0256523812384264
4908.5			0.9560868523869854
4909.4			0.9156677540238257
4910.3			0.9180313450441299
4911.2			0.9420344789082721
4912.1			0.9538642979917412
4913.0			0.9528255932730723
4913.9			0.96605884358664
4914.8			1.000670592898186
4915.7			1.0
4916.6			0.995532286419518
4917.5			0.9354978751775471
4918.4			0.8449641030316489
4919.3			0.767491506147671
4920.2			0.7556040161860483
4921.1			0.8333655535821416
4922.0			0.9497474847882331
4922.9			1.0127115123698642
4923.8			0.9930762219824929
4924.7			1.0
4925.6			1.0
4926.5			1.0
4927.4			1.0
4928.3			1.0
4929.2			1.0
4930.1			1.0
4931.0			1.0
4931.9			1.0
4932.8			1.0
4933.7			1.0
4934.6			1.0422897052325784
4935.5			1.080333453875183
4936.4			1.0365706645145936
4937.3			0.9339000961103462
4938.2			0.8607285472274645
4939.1			0.8748610782505188
4940.0			0.9423043410733111
4940.9			0.9880347205854246
4941.8			1.002270903847763
4942.7			1.0
4943.6			1.0
4944.5			1.0
4945.4			1.0
4946.3			1.0
4947.2			1.0
4948.1			1.0
4949.0			1.0
4949.9			1.0
4950.8			1.0
4951.7			1.0
4952.6			1.0
4953.5			1.0
4954.4			0.9744443302217788
4955.3			0.9324102613161734
4956.2			0.8460618270365027
4957.1			0.7645858509225476
4958.0			0.783102594361542
4958.9			0.8936681306375449
4959.8			0.9937761462250119
4960.7			1.0
4961.6			0.9928323265674502
4962.5			0.9866292583228219
4963.4			0.9649153443842583
4964.3			0.9150199209163634
4965.2			0.868028034127027
4966.1			0.8491988774620736
4967.0			0.858054922673792
4967.9			0.8919997784428747
4968.8			0.9380228069813891
4969.7			0.9738711745790686
4970.6			1.0012156859378571
4971.5			1.0
4972.4			1.0
4973.3			1.0
4974.2			1.0
4975.1			1.0
4976.0			1.0
4976.9			1.0
4977.8			1.0
4978.7			0.9783062379746192
4979.6			0.9717621851836994
4980.5			0.9302520563112233
4981.4			0.8557316943104557
4982.3			0.8240020488250243
4983.2			0.8717332672527105
4984.1			0.9432481129029017
4985.0			0.9816866964394839
4985.9			1.0024369932391224
4986.8			1.0
4987.7			1.0
4988.6			1.0
4989.5			1.0
4990.4			1.0
4991.3			1.0
4992.2			1.0
4993.1			1.0
4994.0			1.0
4994.9			1.0
4995.8			1.0
4996.7			1.0
4997.6			1.0
4998.5			1.0
4999.4			1.0
5000.3			1.0
5001.2			1.0
5002.1			1.0
5003.0			1.0
5003.9			1.0
5004.8			1.0
5005.7			1.0
5006.6			1.0
5007.5			1.0
5008.4			1.0451838867097754
5009.3			1.0622389445368996
5010.2			1.0520661848171493
5011.1			1.0019828481087407
5012.0			0.917829646948115
5012.9			0.8326963345222711
5013.8			0.7911331329056243
5014.7			0.8249486764513518
5015.6			0.9057974769818196
5016.5			0.9677380611859984
5017.4			0.9912538153283533
5018.3			0.9982802186612991
5019.2			0.9990030840480719
5020.1			1.0
5021.0			1.0
5021.9			1.0
5022.8			1.0
5023.7			1.0
5024.6			1.0
5025.5			1.0
5026.4			1.0
5027.3			1.0
5028.2			1.0
5029.1			1.0
5030.0			1.0
5030.9			1.0
5031.8			1.0
5032.7			1.0
5033.6			1.0
5034.5			1.0
5035.4			1.0
5036.3			1.0
5037.2			1.0268203953483312
5038.1			0.9961409427180582
5039.0			0.8800754757369664
5039.9			0.7519071338678998
5040.8			0.7132203632329606
5041.7			0.7900985596812812
5042.6			0.8969278384679861
5043.5			1.0
5044.4			1.0577988311047948
5045.3			1.105997753036608
5046.2			1.114674889142836
5047.1			1.0606136358314202
5048.0			0.968832471633822
5048.9			0.8983904793248078
5049.8			0.8791202396804533
5050.7			0.8896035094830882
5051.6			0.9056726554360415
5052.5			0.9270628429253074
5053.4			0.9572531659664474
5054.3			0.9851396646639553
5055.2			0.9986707808971577
5056.1			1.0
5057.0			1.0
5057.9			1.0
5058.8			1.0
5059.7			1.0110509628499431
5060.6			1.0408423745072408
5061.5			1.0590856922087593
5062.4			1.025430390727413
5063.3			0.9315925073060543
5064.2			0.8423599659052304
5065.1			0.8425172944574901
5066.0			0.9077529431722366
5066.9			0.9432544135133956
5067.8			0.9364040080394495
5068.7			0.9478840276353888
5069.6			0.9864358891310631
5070.5			0.9980699139541198
5071.4			1.0
5072.3			1.0
5073.2			1.0
5074.1			1.0400173406609934
5075.0			1.003932289962502
5075.9			0.9594600214153948
5076.8			0.9715978697852401
5077.7			0.9750416811093494
5078.6			0.9033607115600003
5079.5			0.8229864432422149
5080.4			0.8095857608425329
5081.3			1.0
5082.2			1.008836248459511
5083.1			1.0200786064621923
5084.0			1.0533758869436134
5084.9			1.09557342584352
5085.8			1.1229698977861795
5086.7			1.1274342116941565
5087.6			1.124600456282643
5088.5			1.1299286626815577
5089.4			1.13246671923769
5090.3			1.1247984719506054
5091.2			1.1321439872650405
5092.1			1.1691169709005118
5093.0			1.1923174346819643
5093.9			1.1470341695238602
5094.8			1.0633049447892593
5095.7			1.0274140200770703
5096.6			1.0436450883229103
5097.5			1.024576077750348
5098.4			0.9547100223466001
5099.3			0.9171420973863023
5100.2			0.944209681302657
5101.1			0.9859872673548574
5102.0			0.99895300546903
5102.9			0.9832710404547502
5103.8			0.9599066231670548
5104.7			0.9450977266028591
5105.6			0.9281355983452815
5106.5			0.8995774169647868
5107.4			0.8831855600588067
5108.3			0.8857000038970969
5109.2			0.8809102976165715
5110.1			0.8735610725892965
5111.0			0.876785180481109
5111.9			0.8726111264388134
5112.8			0.8775873506157603
5113.7			1.0
5114.6			1.0580912488017582
5115.5			1.0824408585758365
5116.4			1.0945377041271658
5117.3			1.1018233682228749
5118.2			1.0843111929178622
5119.1			1.0424425145866476
5120.0			0.9989941019063273
5120.9			0.9708126020267392
5121.8			0.9308351146094138
5122.7			0.85726336321167
5123.6			0.8076654534845105
5124.5			0.8339750222870468
5125.4			0.8853235815835339
5126.3			0.8952413206937608
5127.2			0.8733207415623471
5128.1			0.8480860994628149
5129.0			0.8316425347306977
5129.9			0.8558404702523217
5130.8			0.9267657169879845
5131.7			0.986324757526762
5132.6			0.9997725455021068
5133.5			1.0
5134.4			1.0
5135.3			1.0
5136.2			1.0
5137.1			1.0
5138.0			1.0
5138.9			1.0
5139.8			1.0506408947444894
5140.7			1.0891340526395725
5141.6			1.037792682286202
5142.5			0.9777116824475293
5143.4			0.9859923115702373
5144.3			1.0024317345178961
5145.2			0.9750869747579466
5146.1			0.9461103334901515
5147.0			0.9605748373380233
5147.9			1.0054676008438015
5148.8			1.0290482399908185
5149.7			1.0046581258615106
5150.6			0.9540856360843012
5151.5			1.0
5152.4			0.9682207071035609
5153.3			0.9712194952841724
5154.2			1.034689320405557
5155.1			1.1470984068176369
5156.0			1.2596089147938965
5156.9			1.3353703996466153
5157.8			1.351166883279459
5158.7			1.3264772746348494
5159.6			1.330885062907845
5160.5			1.3627695460256843
5161.4			1.346399198605442
5162.3			1.2970586700013433
5163.2			1.2707754675863314
5164.1			1.210398495470651
5165.0			1.0472106067527087
5165.9			0.8367957519472378
5166.8			0.692006352642815
5167.7			0.676303287671468
5168.6			0.7707762418032027
5169.5			0.8765936157530767
5170.4			0.8732845610504127
5171.3			0.7447524292097804
5172.2			0.6283328809462403
5173.1			0.6622485272121112
5174.0			0.8164798427000456
5174.9			0.9609638798443759
5175.8			1.0348141025987176
5176.7			1.0543842789142552
5177.6			1.0458981809384722
5178.5			1.0258778519502634
5179.4			1.0
5180.3			0.9344977929758354
5181.2			0.8335206419481297
5182.1			0.6992997146093719
5183.0			0.6075446994195949
5183.9			0.6600796437521448
5184.8			0.8350251313967764
5185.7			1.0029561809305931
5186.6			1.2255206924366087
5187.5			1.251511910292936
5188.4			1.0
5189.3			1.0258892672142756
5190.2			0.9964858950805927
5191.1			0.8881213892386849
5192.0			0.7899080836061642
5192.9			0.7842830738842013
5193.8			0.8377197169774362
5194.7			0.8904777855180016
5195.6			0.944253542935953
5196.5			0.9999422509051734
5197.4			1.0
5198.3			1.0
5199.2			1.0
5200.1			1.0
5201.0			1.0
5201.9			0.9731413820184154
5202.8			0.9357614093451726
5203.7			0.8548503593849481
5204.6			0.7530501732567024
5205.5			0.6951212444427
5206.4			0.6788606901065429
5207.3			0.6482953864226744
5208.2			0.6090169517847984
5209.1			0.6103433887634692
5210.0			0.6745965946125364
5210.9			0.7922566446362258
5211.8			0.9190522379770195
5212.7			1.0036603842373397
5213.6			1.0274661543317631
5214.5			1.0013245738271024
5215.4			1.0
5216.3			1.0
5217.2			1.0
5218.1			1.0
5219.0			1.0
5219.9			1.0
5220.8			1.0
5221.7			1.0
5222.6			0.9357126577223714
5223.5			0.8437999462196394
5224.4			0.7644213806710527
5225.3			0.7142430352022222
5226.2			0.701276993729247
5227.1			0.7614215141639176
5228.0			0.8785907064946014
5228.9			0.967339149027058
5229.8			1.0024451991354097
5230.7			1.0
5231.6			1.0
5232.5			1.0
5233.4			1.0
5234.3			1.0
5235.2			1.0
5236.1			1.0
5237.0			1.0
5237.9			1.0
5238.8			1.0
5239.7			0.9896473836255643
5240.6			1.0118808521227753
5241.5			1.0429090409638053
5242.4			1.0660201550191593
5243.3			1.0967675908814347
5244.2			1.1172491979481505
5245.1			1.0534426442186293
5246.0			0.9073583888651401
5246.9			0.8190250614114826
5247.8			0.8663353199978867
5248.7			0.9345161023443566
5249.6			0.9157866818741264
5250.5			0.8724715075008926
5251.4			0.9003407196473271
5252.3			0.9818420433209479
5253.2			1.0284255131889328
5254.1			1.0041867838306502
5255.0			1.0
5255.9			1.0
5256.8			1.0
5257.7			1.0
5258.6			1.0
5259.5			1.0
5260.4			1.0
5261.3			1.0
5262.2			1.0
5263.1			1.0
5264.0			1.0
5264.9			1.0
5265.8			0.9906968501080983
5266.7			1.060363260114406
5267.6			1.051234401820835
5268.5			0.8810435452314603
5269.4			0.726212280496405
5270.3			0.7580041797426817
5271.2			0.8968913119254387
5272.1			0.9795830707490772
5273.0			0.9773932406794983
5273.9			1.0
5274.8			1.0
5275.7			1.0
5276.6			1.0
5277.5			1.0
5278.4			1.0
5279.3			0.9705619937926087
5280.2			0.9217703888688565
5281.1			0.8740411804681563
5282.0			0.8333489296553269
5282.9			0.8108036830878753
5283.8			0.831743818443585
5284.7			0.9030358178175768
5285.6			0.9774641085051647
5286.5			0.999636336929326
5287.4			1.0
5288.3			1.0
5289.2			1.0
5290.1			1.0
5291.0			1.0
5291.9			0.9968495690343492
5292.8			0.9902428717351206
5293.7			0.9943129705493353
5294.6			0.9805041453419622
5295.5			0.9154047728360051
5296.4			0.8176824101726302
5297.3			0.756910753981791
5298.2			0.7877949065839482
5299.1			0.8651308521321407
5300.0			0.9028720915034903
5300.9			0.9061045390231427
5301.8			0.9340339269245849
5302.7			0.9987215445954749
5303.6			1.0
5304.5			1.0
5305.4			1.0
5306.3			1.0
5307.2			1.0
5308.1			1.0
5309.0			1.0
5309.9			1.0
5310.8			1.0
5311.7			1.0
5312.6			1.0
5313.5			1.0
5314.4			1.0
5315.3			1.0
5316.2			1.0
5317.1			1.0
5318.0			1.0
5318.9			1.0
5319.8			1.0
5320.7			1.0
5321.6			1.0
5322.5			1.0
5323.4			1.0
5324.3			1.0081843618007804
5325.2			1.0365927331200786
5326.1			0.9912623835075277
5327.0			0.8369568237119501
5327.9			0.7016191303518603
5328.8			0.7231779881376024
5329.7			0.8559350094549542
5330.6			0.9651089214319722
5331.5			1.0001712322984266
5332.4			1.0
5333.3			1.0
5334.2			1.0
5335.1			1.0
5336.0			1.0
5336.9			1.0
5337.8			0.9996074818196651
5338.7			0.9685002876962346
5339.6			0.8983916778030151
5340.5			0.8611512691217532
5341.4			0.9001533605614842
5342.3			0.9633621173250215
5343.2			0.9992107475891969
5344.1			1.0
5345.0			1.0
5345.9			1.0
5346.8			1.0
5347.7			1.0
5348.6			1.0
5349.5			1.0
5350.4			1.0
5351.3			1.0
5352.2			1.0
5353.1			1.0
5354.0			1.0
5354.9			1.0
5355.8			1.0
5356.7			1.0
5357.6			1.0
5358.5			1.0
5359.4			1.0
5360.3			1.0
5361.2			1.0
5362.1			1.0
5363.0			1.0
5363.9			1.0
5364.8			1.0
5365.7			1.0
5366.6			1.0
5367.5			1.0
5368.4			0.9723705967822713
5369.3			0.8984986656426848
5370.2			0.8115656551335061
5371.1			0.7802623914413012
5372.0			0.8399443941209114
5372.9			0.9395411915395806
5373.8			1.0063416306030009
5374.7			1.0
5375.6			1.0
5376.5			1.0
5377.4			1.0
5378.3			1.0
5379.2			1.0
5380.1			1.0
5381.0			1.0
5381.9			1.0
5382.8			1.0
5383.7			1.0
5384.6			1.0
5385.5			1.0
5386.4			1.0
5387.3			1.0
5388.2			1.0
5389.1			1.0
5390.0			1.0
5390.9			1.0
5391.8			1.0
5392.7			1.0
5393.6			0.9879005121242063
5394.5			0.9646660103923341
5395.4			0.9100853645135862
5396.3			0.8384981148777463
5397.2			1.0
5398.1			1.0949466147169316
5399.0			1.1630170949862952
5399.9			1.1454073536484703
5400.8			1.1119411018024001
5401.7			1.1085079168998988
5402.6			1.0926397852589758
5403.5			1.0226078590683867
5404.4			0.9208059303440451
5405.3			0.8555038370297968
5406.2			0.8664647170317905
5407.1			0.9107538858884727
5408.0			0.9111041331410085
5408.9			0.8667111876202386
5409.8			0.8580484474918821
5410.7			0.9131114864217565
5411.6			0.9776576731371578
5412.5			1.006742745972263
5413.4			1.0
5414.3			1.0
5415.2			1.0
5416.1			1.0
5417.0			1.0
5417.9			1.0
5418.8			1.0
5419.7			1.0
5420.6			1.0027873267904872
5421.5			1.0370565559598182
5422.4			1.0537202691971963
5423.3			1.0268038784562799
5424.2			0.9934226938322536
5425.1			0.9940030417426992
5426.0			1.0282962672313678
5426.9			1.0566704919758005
5427.8			1.0168860947106915
5428.7			0.9162246256327765
5429.6			0.8667464040135724
5430.5			0.9054943697850156
5431.4			0.9407197166116781
5432.3			0.9226375822876841
5433.2			1.0
5434.1			0.9738922055449492
5435.0			0.970295289939299
5435.9			0.9865480486973689
5436.8			1.0224383642250765
5437.7			1.0722894197419448
5438.6			1.1231241729411658
5439.5			1.167304624371503
5440.4			1.1932722018330262
5441.3			1.2007323869043849
5442.2			1.2053637622506077
5443.1			1.2032554864294864
5444.0			1.164644803284358
5444.9			1.0661243700425813
5445.8			0.938190252578251
5446.7			0.8702003966673958
5447.6			0.9006459569108917
5448.5			0.9659780314696824
5449.4			1.0079394058423328
5450.3			1.0177584508320845
5451.2			1.01024907268791
5452.1			1.0
5453.0			0.9715371918124606
5453.9			0.9156008880260285
5454.8			0.8555918862562305
5455.7			0.8479162672914488
5456.6			0.9059865164224404
5457.5			0.9748504331569134
5458.4			0.9991181915860574
5459.3			0.9985848220053901
5460.2			1.0
5461.1			1.0
5462.0			1.0
5462.9			1.0
5463.8			1.0
5464.7			1.0
5465.6			1.0
5466.5			1.0
5467.4			1.0
5468.3			1.0
5469.2			1.0
5470.1			1.0
5471.0			1.0
5471.9			1.0110945118210084
5472.8			0.9921732999224249
5473.7			0.9769125575783948
5474.6			0.9819682348554133
5475.5			0.9634205303940467
5476.4			0.9358428569521816
5477.3			0.9730022108768528
5478.2			1.0652186590552248
5479.1			1.1157425984923137
5480.0			1.0736426300442685
5480.9			0.9970564459626945
5481.8			1.0
5482.7			1.0
5483.6			1.0
5484.5			1.0
5485.4			1.0
5486.3			1.0
5487.2			1.0
5488.1			1.0
5489.0			1.0
5489.9			1.0
5490.8			1.0
5491.7			1.0
5492.6			1.0
5493.5			1.0
5494.4			1.0
5495.3			1.0
5496.2			1.0
5497.1			1.0
5498.0			1.0
5498.9			1.0
5499.8			1.0
5500.7			1.0
5501.6			1.0
5502.5			1.0
5503.4			1.0
5504.3			1.0
5505.2			1.0
5506.1			1.0
5507.0			1.0
5507.9			1.053553980421193
5508.8			1.069222727978251
5509.7			1.035061080441927
5510.6			0.974653292190436
5511.5			0.910310517914176
5512.4			0.8651157627417584
5513.3			0.8403258009285911
5514.2			0.831852284527189
5515.1			0.8480306297523327
5516.0			0.8785344895921678
5516.9			0.9177505130431974
5517.8			0.9643829390530072
5518.7			0.9900698884393669
5519.6			1.0
5520.5			1.0
5521.4			1.0
5522.3			1.0
5523.2			1.0
5524.1			1.0
5525.0			0.9906129466197966
5525.9			0.9655614322224406
5526.8			0.9242602748651908
5527.7			0.8959727093549072
5528.6			0.9169329005547882
5529.5			0.9676322858558993
5530.4			0.9991605425422039
5531.3			1.0
5532.2			1.0
5533.1			1.0
5534.0			1.0
5534.9			1.0
5535.8			1.0
5536.7			1.0
5537.6			1.0
5538.5			1.0
5539.4			1.0
5540.3			1.0
5541.2			1.0
5542.1			1.0
5543.0			1.0
5543.9			1.0
5544.8			1.0
5545.7			1.0
5546.6			1.0
5547.5			1.0
5548.4			1.0
5549.3			1.0
5550.200000000001			1.0
5551.1			1.0
5552.0			1.0
5552.9			1.0
5553.8			1.0
5554.700000000001			1.0
5555.6			1.0
5556.5			1.0
5557.4			0.9968865624976139
5558.3			1.006608615139035
5559.200000000001			1.0111317821943082
5560.1			1.002521144772428
5561.0			0.9884424916092522
5561.9			0.9764582887281974
5562.8			0.9748385658228241
5563.700000000001			0.9787203908784461
5564.6			0.9694139265688149
5565.5			0.9471763383250733
5566.4			0.9391192243533263
5567.3			0.9524527917719791
5568.200000000001			0.962787229414443
5569.1			0.9617823616479598
5570.0			0.968821939611502
5570.9			0.9797900200450016
5571.8			0.9725085925258578
5572.700000000001			0.962965778967249
5573.6			0.9768508137157653
5574.5			0.9962353390956838
5575.4			1.0002900439275402
5576.3			1.0
5577.200000000001			1.0
5578.1			1.0
5579.0			1.009124547442019
5579.9			1.0226201874199974
5580.8			1.0217290726679662
5581.700000000001			1.0107334662436325
5582.6			1.0019070713136111
5583.5			0.9923400409260393
5584.4			0.9776270746973431
5585.3			0.9566496904356593
5586.200000000001			0.9253746132656218
5587.1			0.8923953349887591
5588.0			0.8782430978861495
5588.9			0.8897188100132613
5589.8			0.9139638779272837
5590.700000000001			0.9315781211343643
5591.6			1.0
5592.5			0.9948103117107848
5593.4			1.0049329188222913
5594.3			1.0373817848286806
5595.200000000001			1.0784932802444382
5596.1			1.0821108515605986
5597.0			1.0242422327256082
5597.9			0.9554781422576605
5598.8			0.9308851045187682
5599.700000000001			0.9385249862384938
5600.6			0.9417809886187483
5601.5			0.9343855677743418
5602.4			0.93096499967563
5603.3			0.9442465486143867
5604.200000000001			0.9719228072915302
5605.1			1.0019753550707087
5606.0			1.0
5606.9			1.0
5607.8			1.0
5608.700000000001			1.0
5609.6			1.0
5610.5			1.0
5611.4			1.0
5612.3			1.0
5613.200000000001			0.9905445423744235
5614.1			0.9416480801696515
5615.0			0.8961401179015012
5615.9			0.9035070568634557
5616.8			0.9483389804725034
5617.700000000001			0.9855326268390397
5618.6			0.9999293971319212
5619.5			1.0
5620.4			1.0117125292714222
5621.3			1.0360023114428918
5622.200000000001			1.0365497769193488
5623.1			0.9907012062376463
5624.0			0.9330897984646342
5624.9			0.9184007483504338
5625.8			0.9488764113519419
5626.700000000001			0.9792320365867738
5627.6			0.9905215776170456
5628.5			0.994291458390747
5629.4			0.9995689800624504
5630.3			1.0
5631.200000000001			1.0
5632.1			1.0
5633.0			1.0
5633.9			1.0
5634.8			1.0
5635.700000000001			1.0
5636.6			1.0
5637.5			1.0
5638.4			1.0
5639.3			1.0
5640.200000000001			1.0
5641.1			1.0
5642.0			1.0
5642.9			1.0
5643.8			1.0
5644.700000000001			1.0
5645.6			1.0
5646.5			1.0
5647.4			1.0
5648.3			1.0
5649.200000000001			1.0
5650.1			1.0
5651.0			1.0
5651.9			1.0
5652.8			1.0
5653.700000000001			1.0
5654.6			1.0
5655.5			0.9960846553888648
5656.4			0.9635600206285441
5657.3			0.8993230468735622
5658.200000000001			0.8700677046043451
5659.1			0.9183636401815348
5660.0			0.9851923025852236
5660.9			0.9964154895924395
5661.8			1.0
5662.700000000001			1.0
5663.6			1.0
5664.5			1.0
5665.4			1.0
5666.3			1.0
5667.200000000001			1.0
5668.1			1.0
5669.0			1.0
5669.9			1.0
5670.8			1.0
5671.700000000001			1.0
5672.6			1.0
5673.5			1.0
5674.4			1.0
5675.3			1.0
5676.200000000001			1.0
5677.1			1.0
5678.0			1.0
5678.9			1.0
5679.8			1.0
5680.700000000001			1.0
5681.6			1.0
5682.5			1.0
5683.4			1.0
5684.3			1.0110641322316316
5685.200000000001			1.0012564131152204
5686.1			0.9695732992864854
5687.0			0.9397137719667289
5687.9			0.9301767687334489
5688.8			0.9429457300383205
5689.700000000001			0.9657871994210242
5690.6			0.9858346846165646
5691.5			1.0019745652335188
5692.4			1.0
5693.3			1.0
5694.200000000001			1.0
5695.1			1.0
5696.0			1.0
5696.9			1.0
5697.8			1.0
5698.700000000001			1.0
5699.6			1.0
5700.5			1.0
5701.4			1.0
5702.3			0.999188338662417
5703.200000000001			1.0340375770399044
5704.1			1.0716748525892077
5705.0			1.0685449129125968
5705.9			1.023148529858331
5706.8			0.967523590967932
5707.700000000001			0.9234061864059946
5708.6			0.9040242287760705
5709.5			0.9111853807400936
5710.4			0.9156078400013604
5711.3			0.9100312217812038
5712.200000000001			0.9269679638890336
5713.1			0.9700886368854562
5714.0			1.0017972804234752
5714.9			1.0054081899929637
5715.8			1.0
5716.700000000001			1.0
5717.6			1.0
5718.5			1.0
5719.4			1.0
5720.3			1.0
5721.200000000001			1.0
5722.1			1.0
5723.0			1.0
5723.9			0.9978153768605326
5724.8			0.9847274581847694
5725.700000000001			0.9513909222915462
5726.6			0.9170906305646399
5727.5			0.9242025113370671
5728.4			0.9702846625766728
5729.3			1.000108717599886
5730.200000000001			1.0
5731.1			1.0
5732.0			1.0
5732.9			1.0
5733.8			1.0
5734.700000000001			1.0
5735.6			1.0
5736.5			1.0
5737.4			1.0
5738.3			1.0
5739.200000000001			1.0
5740.1			1.0
5741.0			1.0
5741.9			1.0
5742.8			1.0
5743.700000000001			1.0
5744.6			1.0
5745.5			1.0
5746.4			1.0
5747.3			1.0
5748.200000000001			1.0
5749.1			1.0
5750.0			1.0
5750.9			1.0
5751.8			1.0
5752.700000000001			1.0
5753.6			1.0
5754.5			1.0
5755.4			1.0
5756.3			1.0
5757.200000000001			1.0
5758.1			1.0
5759.0			0.9744751770213314
5759.9			0.9329040326987136
5760.8			0.8941384682501168
5761.700000000001			0.8764679495441503
5762.6			0.8972963163319364
5763.5			0.9512190677118949
5764.4			0.9982006199618064
5765.3			1.0
5766.200000000001			1.0
5767.1			1.0
5768.0			1.0
5768.9			1.0
5769.8			1.0
5770.700000000001			1.0
5771.6			1.0
5772.5			1.0
5773.4			1.0
5774.3			0.9929422942105659
5775.200000000001			0.9927021584480725
5776.1			1.0013010050448865
5777.0			1.013097145183576
5777.9			1.0212220423945473
5778.8			1.01136825063331
5779.700000000001			0.9684888908959621
5780.6			0.9098039074873222
5781.5			0.8772133821334901
5782.4			0.8839825849795461
5783.3			0.8981250000010156
5784.200000000001			0.8906795551595913
5785.1			0.8817938100656226
5786.0			0.9047940081669003
5786.9			0.9491304338657116
5787.8			0.985819688018075
5788.700000000001			0.9999526450762739
5789.6			1.0
5790.5			1.0
5791.4			1.0
5792.3			1.0
5793.200000000001			1.0
5794.1			1.0
5795.0			1.0
5795.9			1.0
5796.8			1.0
5797.700000000001			1.0
5798.6			1.0
5799.5			1.0
5800.4			1.0
5801.3			1.0
5802.200000000001			1.0
5803.1			1.0
5804.0			1.0
5804.9			1.0
5805.8			1.0
5806.700000000001			1.0
5807.6			1.0
5808.5			1.0
5809.4			1.0
5810.3			1.0037180453629804
5811.200000000001			1.0031166785449803
5812.1			0.9979141052084733
5813.0			0.9855670703905713
5813.9			0.9679979196592882
5814.8			0.9501289933404652
5815.700000000001			0.9410007715942482
5816.6			0.9498369159306385
5817.5			0.9752230369303702
5818.4			1.000523423643185
5819.3			1.0098382050394046
5820.200000000001			1.008234179088797
5821.1			0.9992385842980743
5822.0			1.0
5822.9			1.0
5823.8			1.0
5824.700000000001			1.0
5825.6			1.0
5826.5			1.0
5827.4			1.0
5828.3			1.0
5829.200000000001			1.0
5830.1			1.0
5831.0			1.0
5831.9			1.0
5832.8			1.0
5833.700000000001			1.0
5834.6			1.0
5835.5			1.0
5836.4			1.0
5837.3			1.0
5838.200000000001			1.0
5839.1			1.0
5840.0			1.0
5840.9			1.0
5841.8			1.0
5842.700000000001			1.0
5843.6			1.0
5844.5			1.0
5845.4			1.0
5846.3			1.0
5847.200000000001			1.0
5848.1			1.0
5849.0			1.0
5849.9			1.0
5850.8			1.0
5851.700000000001			1.0
5852.6			1.0
5853.5			1.0
5854.4			1.0271426549182792
5855.3			1.0367773402320304
5856.200000000001			1.0081811294142558
5857.1			0.970576630189452
5858.0			0.962406718517888
5858.9			0.9834514815063448
5859.8			1.0085840430010478
5860.700000000001			1.0154764180295588
5861.6			0.9999486804385751
5862.5			1.0
5863.4			1.0
5864.3			1.0
5865.200000000001			1.0
5866.1			1.0
5867.0			1.0
5867.9			1.0
5868.8			1.0
5869.700000000001			1.0
5870.6			1.0
5871.5			1.0
5872.4			1.0
5873.3			1.0
5874.200000000001			1.0
5875.1			1.0
5876.0			1.0
5876.9			1.0
5877.8			1.0
5878.700000000001			1.0
5879.6			1.0
5880.5			1.0
5881.4			1.0
5882.3			1.0
5883.200000000001			1.0
5884.1			1.0
5885.0			1.0
5885.9			1.0221975272719357
5886.8			1.0051362366684216
5887.700000000001			0.9020266797734594
5888.6			0.7345726762093705
5889.5			0.6218888045803902
5890.4			0.6647810589640208
5891.3			0.8162499683676715
5892.200000000001			0.947049144171387
5893.1			0.9886310572701181
5894.0			1.0
5894.9			1.0
5895.8			1.0
5896.700000000001			1.0
5897.6			1.0
5898.5			1.0
5899.4			1.0
5900.3			1.0
5901.200000000001			1.0
5902.1			1.0
5903.0			1.0
5903.9			1.0
5904.8			1.0
5905.700000000001			1.0
5906.6			1.0
5907.5			1.0
5908.4			1.0
5909.3			1.0020919708512015
5910.200000000001			1.0068677347330715
5911.1			1.0147666827474764
5912.0			1.0057798656219792
5912.9			0.973703704743007
5913.8			0.9411212723777178
5914.700000000001			0.9282947531202655
5915.6			0.9295104111241084
5916.5			0.9369996328388114
5917.4			0.9472757725455214
5918.3			0.9611018852330071
5919.200000000001			0.9833588054873947
5920.1			0.9996879203669193
5921.0			1.0
5921.9			1.0
5922.8			1.0
5923.700000000001			1.0
5924.6			1.0
5925.5			1.0
5926.4			1.0
5927.3			1.0
5928.200000000001			1.0
5929.1			1.0
5930.0			1.0
5930.9			1.0
5931.8			1.0
5932.700000000001			1.0
5933.6			1.0
5934.5			1.0
5935.4			1.0
5936.3			1.0
5937.200000000001			1.0
5938.1			1.0
5939.0			1.0
5939.9			1.0
5940.8			1.0
5941.700000000001			1.0
5942.6			1.0
5943.5			1.0
5944.4			1.0
5945.3			1.0
5946.200000000001			1.0
5947.1			1.0
5948.0			1.0
5948.9			1.0
5949.8			1.0041733498729715
5950.700000000001			1.0213346987317893
5951.6			1.0180062485750125
5952.5			0.9986351349595958
5953.4			0.9930704551348621
5954.3			0.9980889462066567
5955.200000000001			0.9856599321745069
5956.1			0.959304801500163
5957.0			0.9506716822733338
5957.9			0.9677870403523308
5958.8			0.9955682956249982
5959.700000000001			1.020002831349479
5960.6			1.0359979705550235
5961.5			1.038336417447994
5962.4			1.029330192044218
5963.3			1.0158836142667655
5964.200000000001			0.997653816370104
5965.1			1.0
5966.0			1.0
5966.9			1.0
5967.8			1.0
5968.700000000001			1.0
5969.6			1.0
5970.5			1.0
5971.4			1.0
5972.3			1.0
5973.200000000001			1.0
5974.1			1.0
5975.0			1.0
5975.9			1.0
5976.8			1.0
5977.700000000001			1.0
5978.6			1.0
5979.5			1.0
5980.4			1.0
5981.3			1.005267130311916
5982.200000000001			0.9891637085148951
5983.1			0.9535047005424603
5984.0			0.929565521131374
5984.9			0.9464559777315456
5985.8			0.9838338548429836
5986.700000000001			1.0010447881130913
5987.6			1.0
5988.5			1.0
5989.4			1.0
5990.3			1.0
5991.200000000001			1.0
5992.1			1.0
5993.0			1.0
5993.9			1.0
5994.8			1.0
5995.700000000001			1.0
5996.6			1.0
5997.5			1.0
5998.4			1.0
5999.3			1.0
6000.200000000001			1.0
6001.1			1.0
6002.0			1.0
6002.9			1.0
6003.8			1.0115638227962227
6004.700000000001			1.01903365423267
6005.6			1.0036555693557492
6006.5			0.9755197412999742
6007.4			0.9529859010687962
6008.3			0.9553042300171315
6009.200000000001			0.9847099579854229
6010.1			1.0122126146517
6011.0			1.005844860837829
6011.9			1.0
6012.8			1.0
6013.700000000001			1.0
6014.6			1.0
6015.5			1.0
6016.4			1.0
6017.3			1.0
6018.200000000001			1.0
6019.1			1.0
6020.0			1.0
6020.9			1.0
6021.8			1.0
6022.700000000001			1.0
6023.6			1.0
6024.5			1.0
6025.4			1.0
6026.3			1.0
6027.200000000001			1.0
6028.1			1.0
6029.0			1.0
6029.9			1.0
6030.8			1.0
6031.700000000001			1.0
6032.6			1.0
6033.5			1.0
6034.4			1.0
6035.3			1.0
6036.200000000001			1.0
6037.1			1.0
6038.0			1.0
6038.9			1.0
6039.8			1.0
6040.700000000001			1.0
6041.6			1.0
6042.5			1.0
6043.4			1.0
6044.3			1.0
6045.200000000001			1.0
6046.1			1.0
6047.0			1.0
6047.9			1.0
6048.8			1.0
6049.700000000001			1.0
6050.6			1.0
6051.5			1.0
6052.4			1.0
6053.3			1.0
6054.200000000001			1.0
6055.1			1.0
6056.0			1.0
6056.9			1.0
6057.8			1.0
6058.700000000001			1.0
6059.6			1.0
6060.5			1.0
6061.4			0.9942194843508094
6062.3			0.9675212592280612
6063.200000000001			0.9333168228104131
6064.1			0.9013488585287714
6065.0			0.8869724267532711
6065.9			0.9095021192916205
6066.8			0.9542396255354116
6067.700000000001			0.9880821437421953
6068.6			0.9987158536179307
6069.5			1.0
6070.4			1.0
6071.3			1.0
6072.200000000001			1.0
6073.1			1.0
6074.0			1.0
6074.9			1.0
6075.8			1.0
6076.700000000001			1.0
6077.6			1.0
6078.5			1.0
6079.4			0.9956409000277532
6080.3			0.9837242832123185
6081.200000000001			0.9602841699307556
6082.1			0.9527603278792248
6083.0			0.9736451045719623
6083.9			0.9948236818911278
6084.8			0.9984982712162908
6085.700000000001			1.0
6086.6			1.0110399765791065
6087.5			1.0196914975609281
6088.4			1.004853509905045
6089.3			0.9667864816686395
6090.200000000001			0.9347749732060275
6091.1			0.9279263294928118
6092.0			0.9336400378393657
6092.9			0.9433824602934756
6093.8			0.9674758818433089
6094.700000000001			0.9975751163008831
6095.6			1.0026660520047292
6096.5			1.0
6097.4			1.0
6098.3			1.0
6099.200000000001			1.0
6100.1			1.0104509289921402
6101.0			0.9722874302496002
6101.9			0.896622700807978
6102.8			0.8468774078182455
6103.700000000001			0.8720777476580769
6104.6			0.9449175361991552
6105.5			0.9988983983038268
6106.4			1.0
6107.3			1.0
6108.200000000001			1.0
6109.1			1.0
6110.0			1.0
6110.9			1.0
6111.8			1.0
6112.700000000001			1.0
6113.6			1.0
6114.5			1.0
6115.4			1.0
6116.3			1.0
6117.200000000001			1.0
6118.1			1.0039290066649538
6119.0			0.9786336367819782
6119.9			0.9335529514412318
6120.8			0.8944086581572134
6121.700000000001			0.8847405394608484
6122.6			0.9235087217705634
6123.5			0.9879032123854276
6124.4			1.019667603169969
6125.3			1.0008941825169706
6126.200000000001			1.0
6127.1			1.0
6128.0			1.0
6128.9			1.0
6129.8			1.0
6130.700000000001			1.0
6131.6			1.0
6132.5			1.0
6133.4			0.9772333421956882
6134.3			0.9315568756917968
6135.200000000001			0.871539606358851
6136.1			0.8176719872413037
6137.0			0.8075405827151865
6137.9			0.8668860491888936
6138.8			0.9582206467736963
6139.700000000001			1.010834196432584
6140.6			1.0037086529947314
6141.5			1.0
6142.4			1.0
6143.3			1.0
6144.200000000001			1.0
6145.1			1.0
6146.0			1.0
6146.9			0.9954914352500275
6147.8			0.9791831047036649
6148.700000000001			0.943779684392509
6149.6			0.9139109403900135
6150.5			0.9200191117821436
6151.4			0.9600466737622864
6152.3			1.0004753010172525
6153.200000000001			1.0
6154.1			1.0
6155.0			1.0
6155.9			1.0
6156.8			1.0
6157.700000000001			1.0
6158.6			0.9827647390457248
6159.5			0.9538335770205909
6160.4			0.9004054610101557
6161.3			0.8416606236530628
6162.200000000001			0.8200845501063765
6163.1			0.8538573698202978
6164.0			0.9140110592365307
6164.9			0.9620074636983756
6165.8			0.9920465129187334
6166.700000000001			1.0
6167.6			1.0
6168.5			1.0
6169.4			1.0
6170.3			1.0
6171.200000000001			1.0
6172.1			1.0
6173.0			1.0
6173.9			1.0
6174.8			1.0
6175.700000000001			1.0
6176.6			1.0
6177.5			1.0
6178.4			1.0
6179.3			1.0
6180.200000000001			1.0
6181.1			1.0
6182.0			1.0
6182.9			1.0
6183.8			1.0
6184.700000000001			0.9829315510204242
6185.6			0.9513302922617494
6186.5			0.917846751405177
6187.4			0.8995749471707323
6188.3			0.8909917347536661
6189.200000000001			0.8776500046585181
6190.1			0.8538417639479365
6191.0			0.8345776470326809
6191.9			0.848765461079798
6192.8			0.8938596963292509
6193.700000000001			0.9384976636636916
6194.6			0.9695647645792529
6195.5			0.991634399536246
6196.4			1.0
6197.3			0.9891777532324568
6198.200000000001			0.9525053205483993
6199.1			0.9154774959988846
6200.0			0.9104721575092795
6200.9			0.9405181124445213
6201.8			0.9781350813073955
6202.700000000001			0.9997013256822467
6203.6			1.0
6204.5			1.0
6205.4			1.0
6206.3			1.0
6207.200000000001			1.0
6208.1			1.0
6209.0			1.0
6209.9			1.0
6210.8			1.0
6211.700000000001			1.0
6212.6			0.9669834168218877
6213.5			0.9229200172671157
6214.4			0.8961019398781335
6215.3			0.9007710688051024
6216.200000000001			0.932967689598873
6217.1			0.9750809839278424
6218.0			0.99708270208328
6218.9			1.0
6219.8			1.0
6220.700000000001			1.0
6221.6			1.0
6222.5			1.0
6223.4			1.0
6224.3			1.0
6225.200000000001			1.0
6226.1			1.011582545599865
6227.0			1.0173150232593227
6227.9			1.0058286368583382
6228.8			0.964027249486049
6229.700000000001			0.9021718514160709
6230.6			0.8630355982372142
6231.5			0.8706990216631397
6232.4			1.0
6233.3			1.044653213385378
6234.200000000001			1.0858961360997688
6235.1			1.1141121598084878
6236.0			1.1223317501609458
6236.9			1.1065424895939142
6237.8			1.0567926962242666
6238.700000000001			0.9810795512446584
6239.6			0.9284311222525482
6240.5			0.9335881246487188
6241.4			0.9574926924991126
6242.3			0.9477193981452805
6243.200000000001			0.9304290459577246
6244.1			0.9465467071167962
6245.0			1.0
6245.9			1.0278951589218162
6246.8			1.0550563051957484
6247.700000000001			1.0806948263172478
6248.6			1.091978787971777
6249.5			1.0864296512814255
6250.4			1.0606408017514966
6251.3			1.0193136363242568
6252.200000000001			0.990158426097277
6253.1			0.9937767393162371
6254.0			1.0114647698313592
6254.9			1.0079559478355598
6255.8			0.964220291140936
6256.700000000001			0.8902438137913844
6257.6			0.8263880178767453
6258.5			0.8257853776607532
6259.4			0.8881288259988634
6260.3			0.9538914116958003
6261.200000000001			0.9998829038363486
6262.1			1.0497258982202762
6263.0			1.0880715065830089
6263.9			1.077191157697098
6264.8			1.0312967816804974
6265.700000000001			1.003498149076976
6266.6			1.0092126534704018
6267.5			1.0112834773570503
6268.4			0.9982471841444314
6269.3			0.9991558023966707
6270.200000000001			1.0
6271.1			1.0
6272.0			1.0
6272.9			1.0
6273.8			1.0
6274.700000000001			1.0
6275.6			1.0
6276.5			1.0
6277.4			1.0
6278.3			1.0
6279.200000000001			1.0
6280.1			1.0
6281.0			1.0
6281.9			1.0
6282.8			1.0
6283.700000000001			1.0
6284.6			1.0
6285.5			1.0
6286.4			1.0
6287.3			1.0
6288.200000000001			1.0
6289.1			1.0
6290.0			0.9854750353347207
6290.9			0.9587347408862626
6291.8			0.9346662794749648
6292.700000000001			0.9304406745476335
6293.6			0.9435036713540637
6294.5			0.9443297922277675
6295.4			0.9145119656834182
6296.3			0.8844637747899227
6297.200000000001			0.8963835528992966
6298.1			0.9459385316827772
6299.0			0.9884002166293472
6299.9			0.9968108296311076
6300.8			0.9841444520556762
6301.700000000001			0.9816280663471952
6302.6			0.9953454450525023
6303.5			1.0
6304.4			1.0
6305.3			1.0
6306.200000000001			1.0
6307.1			1.0
6308.0			1.0
6308.9			1.003421256134914
6309.8			0.9845225605834144
6310.700000000001			0.9558256194121257
6311.6			0.9411322513852198
6312.5			0.9510001807985069
6313.4			0.9613256732009487
6314.3			0.9543011520264091
6315.200000000001			0.9495052139815862
6316.1			0.9547483023128006
6317.0			0.944984399865506
6317.9			0.9276355630537022
6318.8			0.938595105212761
6319.700000000001			0.9709514848101871
6320.6			0.991949752637877
6321.5			0.9930798749113948
6322.4			0.9936866902153779
6323.3			1.0004969391241887
6324.200000000001			0.9999876694260812
6325.1			0.9912895744730579
6326.0			0.989231220681294
6326.9			1.000233524084279
6327.8			1.0
6328.700000000001			1.0
6329.6			1.0
6330.5			1.0
6331.4			1.0
6332.3			1.0
6333.200000000001			0.9998614468538555
6334.1			0.9649286881988989
6335.0			0.9187539526444086
6335.9			0.9058201665661932
6336.8			0.9354146070629805
6337.700000000001			0.9750484040192711
6338.6			0.998153489492793
6339.5			1.0
6340.4			1.0
6341.3			1.0
6342.200000000001			1.0
6343.1			1.0
6344.0			1.0
6344.9			1.0
6345.8			1.0
6346.700000000001			1.0
6347.6			1.0
6348.5			1.0021029085817568
6349.4			1.001755814470537
6350.3			1.0022535384271931
6351.200000000001			1.0031080466736841
6352.1			0.9948098939510913
6353.0			0.9716317129318885
6353.9			0.9412215787322576
6354.8			0.9251930202544534
6355.700000000001			0.9292123864413747
6356.6			0.9285288387303389
6357.5			0.9044893457361834
6358.4			0.8748175982001757
6359.3			0.8658025847872012
6360.200000000001			0.8760856676649299
6361.1			0.8854738253793694
6362.0			0.884857923923393
6362.9			0.8836967257867258
6363.8			0.8885096406264809
6364.700000000001			0.9006456243480909
6365.6			0.9194728302103434
6366.5			0.94874436716415
6367.4			0.9834583520656365
6368.3			1.0059101179328747
6369.200000000001			1.0076542448240131
6370.1			1.0003157362149646
6371.0			1.0
6371.9			1.0
6372.8			1.0
6373.700000000001			1.0
6374.6			1.0
6375.5			1.0
6376.4			1.0
6377.3			1.0
6378.200000000001			1.0
6379.1			1.0
6380.0			1.0
6380.9			1.0
6381.8			1.0
6382.700000000001			1.0
6383.6			1.0
6384.5			1.0
6385.4			1.0
6386.3			1.0
6387.200000000001			1.0
6388.1			1.0
6389.0			1.0
6389.9			1.0
6390.8			0.9921379707182687
6391.700000000001			0.96146732694386
6392.6			0.9231209029274737
6393.5			0.910438229471872
6394.4			0.9333414230610494
6395.3			0.9699891987237123
6396.200000000001			1.0006556660937649
6397.1			1.0
6398.0			1.0
6398.9			1.0
6399.8			1.0
6400.700000000001			1.0
6401.6			1.0
6402.5			1.0
6403.4			1.0
6404.3			1.0
6405.200000000001			1.0
6406.1			1.0
6407.0			1.0
6407.9			1.0
6408.8			1.0
6409.700000000001			1.0
6410.6			1.0
6411.5			1.0
6412.4			1.0
6413.3			1.0
6414.200000000001			1.0
6415.1			1.0
6416.0			1.0
6416.9			0.9921446491985041
6417.8			0.9734361696788495
6418.700000000001			0.9504274646243341
6419.6			0.9272443528111575
6420.5			0.9142218140918008
6421.4			0.9274264210753876
6422.3			0.9623960549773807
6423.200000000001			0.9915248327396218
6424.1			1.0007732206527462
6425.0			1.0
6425.9			1.0
6426.8			1.0083091588774575
6427.700000000001			1.006669505416494
6428.6			0.9816372534955828
6429.5			0.9358721458641888
6430.4			0.9027020549763481
6431.3			0.9141894262005605
6432.200000000001			0.9567176659657227
6433.1			0.9901757481294283
6434.0			1.0027929428244022
6434.9			1.0
6435.8			1.0
6436.700000000001			1.0
6437.6			1.0
6438.5			1.0
6439.4			1.0
6440.3			1.0
6441.200000000001			1.0
6442.1			1.0
6443.0			1.0
6443.9			1.0
6444.8			1.0
6445.700000000001			1.0
6446.6			1.004832190626332
6447.5			0.9770237229715597
6448.4			0.9147366922063537
6449.3			0.8516322724668458
6450.200000000001			0.8372166133206032
6451.1			0.8792142757746296
6452.0			0.9423209062747516
6452.9			0.9888562920966758
6453.8			1.0029129586157923
6454.700000000001			1.0
6455.6			1.0
6456.5			1.0
6457.4			1.0
6458.3			1.0
6459.200000000001			1.0
6460.1			0.9981859519862442
6461.0			0.962373307394751
6461.9			0.9153133430569038
6462.8			0.8995056176750836
6463.700000000001			0.925641366642119
6464.6			0.968295123908155
6465.5			1.0027910366279504
6466.4			1.0
6467.3			1.0
6468.200000000001			1.0
6469.1			1.0
6470.0			1.0
6470.9			1.0
6471.8			1.0
6472.700000000001			1.0
6473.6			1.0
6474.5			1.0
6475.4			1.0
6476.3			1.0
6477.200000000001			1.0
6478.1			1.0
6479.0			1.0
6479.9			0.9892502716998636
6480.8			0.9563802908305284
6481.700000000001			0.9233621091528553
6482.6			0.919590436487814
6483.5			0.9449350280550088
6484.4			0.9772800723277922
6485.3			0.9999013106567055
6486.200000000001			1.0
6487.1			1.002655681036319
6488.0			0.9989459915731246
6488.9			0.9887776128421195
6489.8			0.9738341541438212
6490.700000000001			0.964616932313791
6491.6			0.9595655635450152
6492.5			0.936491241653224
6493.4			0.8854196938371955
6494.3			0.8359506968782583
6495.200000000001			0.8202755531883889
6496.1			0.8350370043582446
6497.0			0.8569648366282063
6497.9			0.8718255023400339
6498.8			0.8858400001249886
6499.700000000001			0.9102559706454803
6500.6			0.9433307467621018
6501.5			0.9726256974928927
6502.4			0.9914552760272426
6503.3			1.001304114311713
6504.200000000001			1.0
6505.1			1.0
6506.0			1.0
6506.9			1.0
6507.8			1.0
6508.700000000001			1.0
6509.6			1.0
6510.5			1.0
6511.4			1.0
6512.3			1.0
6513.200000000001			1.0
6514.1			1.0
6515.0			1.0
6515.9			1.0
6516.8			1.0
6517.700000000001			1.0
6518.6			1.0
6519.5			1.0
6520.4			1.0
6521.3			1.0
6522.200000000001			1.0
6523.1			1.0
6524.0			1.0
6524.9			1.0
6525.8			1.0
6526.700000000001			1.0
6527.6			1.0
6528.5			1.0
6529.4			1.0
6530.3			1.0
6531.200000000001			1.0
6532.1			1.0
6533.0			1.0
6533.9			1.0
6534.8			1.0
6535.700000000001			1.0
6536.6			1.0
6537.5			1.0
6538.4			1.0
6539.3			1.0
6540.200000000001			1.0
6541.1			1.0
6542.0			1.0
6542.9			1.0
6543.8			1.0
6544.700000000001			1.0
6545.6			1.0
6546.5			1.0
6547.4			1.0
6548.3			1.0
6549.200000000001			1.0
6550.1			1.0
6551.0			1.0
6551.9			1.0
6552.8			1.0
6553.700000000001			1.0
6554.6			1.0
6555.5			1.0
6556.4			1.0
6557.3			1.0
6558.200000000001			1.0
6559.1			1.0
6560.0			0.9748429749057905
6560.9			0.8765394906978423
6561.8			0.7287630088981013
6562.700000000001			0.6567254801510085
6563.6			0.7385871853455879
6564.5			0.89136326342882
6565.4			0.9977473093268678
6566.3			1.0
6567.200000000001			1.0
6568.1			1.0
6569.0			1.0
6569.9			0.987719534033492
6570.8			0.9782647035598558
6571.700000000001			0.9528617319474967
6572.6			0.9191877205202086
6573.5			0.9007273081822743
6574.4			0.9092631019568226
6575.3			0.9407650373023897
6576.200000000001			0.9781636311567842
6577.1			1.0019376214156805
6578.0			1.0
6578.9			1.0
6579.8			1.0
6580.700000000001			1.0
6581.6			1.0
6582.5			1.0
6583.4			1.0
6584.3			1.0
6585.200000000001			1.0
6586.1			1.0
6587.0			1.0
6587.9			1.0
6588.8			1.0
6589.700000000001			1.0
6590.6			0.9778979617319684
6591.5			0.9337616321615857
6592.4			0.8901461276968078
6593.3			0.8852943319548606
6594.200000000001			0.9248328581890187
6595.1			0.9747989950618884
6596.0			0.9980053708379635
6596.9			1.0
6597.8			1.0
6598.700000000001			1.0
6599.6			1.0
6600.5			1.0
6601.4			1.0
6602.3			1.0
6603.200000000001			0.9884458617313192
6604.1			0.9683145517182943
6605.0			0.9487516454541505
6605.9			0.9380293714958082
6606.8			0.9338371816492105
6607.700000000001			0.9261570050196108
6608.6			0.9191383015459141
6609.5			0.9371079093819206
6610.4			0.9805381078902161
6611.3			1.0142077728644656
6612.200000000001			1.0147406707452744
6613.1			1.0001955789645964
6614.0			1.001034280724311
6614.9			1.0
6615.8			1.0
6616.700000000001			1.0
6617.6			1.0
6618.5			1.0
6619.4			1.0
6620.3			1.0
6621.200000000001			1.0
6622.1			0.987861248791836
6623.0			0.9637883018776309
6623.9			0.9370833324904007
6624.8			0.9335093521585255
6625.700000000001			0.9599918194610911
6626.6			0.9907114142023895
6627.5			1.0013621217475248
6628.4			1.0
6629.3			1.0
6630.200000000001			1.0
6631.1			1.0
6632.0			1.0
6632.9			1.0
6633.8			1.0
6634.700000000001			1.0
6635.6			1.0
6636.5			1.0
6637.4			1.0
6638.3			1.0
6639.200000000001			1.0
6640.1			1.0
6641.0			1.0
6641.9			1.0
6642.8			1.0
6643.700000000001			1.0
6644.6			1.0
6645.5			1.0
6646.4			1.0
6647.3			1.0
6648.200000000001			1.0
6649.1			1.0
6650.0			1.0
6650.9			1.0
6651.8			1.0
6652.700000000001			1.0
6653.6			1.0
6654.5			1.0
6655.4			1.0
6656.3			1.0
6657.200000000001			0.9995368506899741
6658.1			1.0015737729031478
6659.0			1.003731008083927
6659.9			1.0021280196466826
6660.8			0.9932398965496979
6661.700000000001			0.9724021136094844
6662.6			0.9496132377904084
6663.5			0.9426593539390339
6664.4			0.9531629017918689
6665.3			0.959523903398111
6666.200000000001			0.9568614637461019
6667.1			0.9594676271340555
6668.0			0.9723638058348645
6668.9			0.989142315077108
6669.8			1.0020611973030384
6670.700000000001			1.0
6671.6			1.0
6672.5			1.0
6673.4			1.003035185244147
6674.3			1.0067127290577496
6675.200000000001			1.0027088639962831
6676.1			0.9782075848725685
6677.0			0.9392774183933669
6677.9			0.916870410297593
6678.8			0.9327836155478221
6679.700000000001			0.9621145224922688
6680.6			0.9760112948353049
6681.5			0.9814617499742581
6682.4			0.9976431033858236
6683.3			1.0
6684.200000000001			1.0
6685.1			1.0
6686.0			1.0
6686.9			1.0
6687.8			1.0
6688.700000000001			1.0
6689.6			1.0
6690.5			1.0
6691.4			1.0
6692.3			1.0
6693.200000000001			1.0
6694.1			1.0
6695.0			1.0
6695.9			1.0
6696.8			1.0
6697.700000000001			1.0
6698.6			1.0
6699.5			1.0
6700.4			1.0
6701.3			1.0
6702.200000000001			1.0
6703.1			0.9890714186633244
6704.0			0.9822978887795872
6704.9			0.9759929242327662
6705.8			0.9456590011558227
6706.700000000001			0.8887631385514397
6707.6			0.857523050519009
6708.5			0.8873419082910213
6709.4			0.9399448268498071
6710.3			0.9735463567463126
6711.200000000001			0.9906671901449288
6712.1			1.0
6713.0			0.9933756685621445
6713.9			0.9720754611830243
6714.8			0.9469272270047858
6715.700000000001			0.9241640260014398
6716.6			0.9066886448660098
6717.5			0.9078899912334097
6718.4			0.935966942715521
6719.3			0.9720109296538341
6720.200000000001			0.9943771364479774
6721.1			0.9998781081100587
6722.0			1.001990959950746
6722.9			1.0
6723.8			1.0
6724.700000000001			1.0
6725.6			1.0
6726.5			1.0
6727.4			1.0
6728.3			1.0
6729.200000000001			1.0
6730.1			1.0
6731.0			1.0
6731.9			1.0
6732.8			1.0
6733.700000000001			1.0
6734.6			1.0
6735.5			1.0
6736.4			1.0
6737.3			1.0
6738.200000000001			1.0
6739.1			1.0
6740.0			1.0
6740.9			1.0
6741.8			1.0
6742.700000000001			1.0
6743.6			1.0
6744.5			1.0
6745.4			1.0030316482043615
6746.3			0.9927878507895324
6747.200000000001			0.9754962534504066
6748.1			0.9589259999223367
6749.0			0.9504011516122317
6749.9			0.9524910690440807
6750.8			0.952866340594307
6751.700000000001			0.936752403663833
6752.6			0.9214859174774607
6753.5			0.9316923905134549
6754.4			0.9574465806158678
6755.3			0.9772400502020506
6756.200000000001			0.9894049221922013
6757.1			0.9976410301256495
6758.0			1.0012443971613034
6758.9			1.001801085735007
6759.8			1.0
6760.700000000001			0.9948594916384916
6761.6			0.9895459837047764
6762.5			0.9891927150628239
6763.4			0.9921858155955562
6764.3			0.9869570800989723
6765.200000000001			0.9649781882856148
6766.1			0.9366965776885695
6767.0			0.9257851864655239
6767.9			0.9401345800514465
6768.8			0.9583139389667129
6769.700000000001			0.9580700752184205
6770.6			1.0
6771.5			1.0043681364374168
6772.4			1.0261368802813695
6773.3			1.0503330986290238
6774.200000000001			1.0624676046569643
6775.1			1.0613393972379492
6776.0			1.0570385088547034
6776.9			1.0584760381635496
6777.8			1.0672027272654718
6778.700000000001			1.073056412511343
6779.6			1.0669555616754787
6780.5			1.0472807464547715
6781.4			1.0191379646428507
6782.3			0.9861479388070028
6783.200000000001			0.9581560690011116
6784.1			0.9444795389157447
6785.0			0.9472369584013469
6785.9			0.9630192096959198
6786.8			0.9829127261795304
6787.700000000001			0.9969763418921115
6788.6			0.99863888463403
6789.5			0.9940597137037398
6790.4			0.9933493544997537
6791.3			0.9950084068749234
6792.200000000001			0.9886291378234854
6793.1			0.9788050912825983
6794.0			0.9794688707991588
6794.9			0.989581603468042
6795.8			0.9987723264824566
6796.700000000001			1.0005464668233195
6797.6			1.0
6798.5			1.0
6799.4			1.0
6800.3			1.0
6801.200000000001			1.0
6802.1			1.0
6803.0			1.0
6803.9			1.0
6804.8			1.0
6805.700000000001			1.0
6806.6			1.0
6807.5			1.0
6808.4			1.0
6809.3			1.0
6810.200000000001			1.0
6811.1			1.0
6812.0			1.0
6812.9			1.0
6813.8			1.0
6814.700000000001			1.0
6815.6			1.0
6816.5			1.0
6817.4			1.0
6818.3			1.0
6819.200000000001			1.0
6820.1			1.0
6821.0			1.0
6821.9			1.0
6822.8			1.0
6823.700000000001			1.0
6824.6			1.0
6825.5			1.0
6826.4			1.0
6827.3			1.0
6828.200000000001			1.0
6829.1			1.0
6830.0			1.0
6830.9			1.0
6831.8			1.0
6832.700000000001			1.0
6833.6			1.0
6834.5			1.0
6835.4			1.0
6836.3			1.0
6837.200000000001			1.0
6838.1			1.0
6839.0			1.0
6839.9			1.0
6840.8			1.0
6841.700000000001			1.0
6842.6			1.0
6843.5			1.0
6844.4			1.0
6845.3			1.0
6846.200000000001			1.0
6847.1			1.0
6848.0			1.0
6848.9			1.0
6849.8			1.0
6850.700000000001			1.0
6851.6			1.0
6852.5			1.0
6853.4			1.0
6854.3			1.0
6855.200000000001			1.0
6856.1			1.0
6857.0			1.010283584866675
6857.9			1.0193910753301414
6858.8			1.018918545943057
6859.700000000001			1.001625608457939
6860.6			0.9755992781345054
6861.5			0.9661419311800329
6862.4			0.9840745659585959
6863.3			1.0054455064634469
6864.200000000001			1.0092481152133184
6865.1			1.0041091142820642
6866.0			0.9984081393948493
6866.9			1.0
6867.8			1.0
6868.700000000001			1.0
6869.6			1.0
6870.5			1.0
6871.4			1.0
6872.3			1.0
6873.200000000001			1.0
6874.1			1.0
6875.0			1.0
6875.9			1.0
6876.8			1.0
6877.700000000001			1.0
6878.6			1.0046913893091702
6879.5			0.999719121107028
6880.4			0.9849324165987207
6881.3			0.9621543400359394
6882.200000000001			0.9437692509079102
6883.1			0.9474509607584205
6884.0			0.9697281521633982
6884.9			0.9875031117441595
6885.8			1.0005629893459391
6886.700000000001			1.0
6887.6			1.0
6888.5			1.0
6889.4			1.0
6890.3			1.0
6891.200000000001			1.0
6892.1			1.0
6893.0			1.0
6893.9			1.0
6894.8			1.0
6895.700000000001			1.0
6896.6			1.0
6897.5			1.0
6898.4			1.0
6899.3			1.0
6900.200000000001			1.0
6901.1			1.0
6902.0			1.0
6902.9			1.0
6903.8			1.0
6904.700000000001			1.0
6905.6			1.0
6906.5			1.0
6907.4			1.0
6908.3			1.0
6909.200000000001			1.0
6910.1			1.0
6911.0			1.0
6911.9			1.0
6912.8			1.0
6913.700000000001			1.0
6914.6			1.0
6915.5			1.0
6916.4			1.0
6917.3			1.0
6918.200000000001			1.0
6919.1			1.0
6920.0			1.0
6920.9			1.0
6921.8			1.0043255726430198
6922.700000000001			0.9909912522337001
6923.6			0.9628786520644039
6924.5			0.9381308369745995
6925.4			0.9328987658710162
6926.3			0.9507464143958598
6927.200000000001			0.9745469706947137
6928.1			0.989892139793101
6929.0			0.9994761188976286
6929.9			1.0
6930.8			1.0
6931.700000000001			1.0
6932.6			1.0
6933.5			1.0
6934.4			1.0
6935.3			1.0
6936.200000000001			1.0
6937.1			1.0
6938.0			1.0
6938.9			1.0
6939.8			1.0
6940.700000000001			1.0
6941.6			1.0
6942.5			1.0
6943.4			1.0
6944.3			1.0
6945.200000000001			1.0
6946.1			1.0
6947.0			1.0
6947.9			1.0
6948.8			1.0
6949.700000000001			1.0
6950.6			1.0
6951.5			1.0
6952.4			1.0
6953.3			1.0
6954.200000000001			1.0
6955.1			1.0
6956.0			1.0
6956.9			1.0
6957.8			1.0
6958.700000000001			1.0
6959.6			1.0
6960.5			1.0
6961.4			1.0
6962.3			1.0
6963.200000000001			1.0
6964.1			1.0
6965.0			1.0
6965.9			1.0
6966.8			1.0
6967.700000000001			1.0
6968.6			1.0
6969.5			1.0
6970.4			1.0
6971.3			1.0
6972.200000000001			1.0
6973.1			1.0
6974.0			1.0
6974.9			0.9880938233180705
6975.8			0.9721019311515504
6976.700000000001			0.941558471491312
6977.6			0.8984933807631015
6978.5			0.8758051465228704
6979.4			0.8987606968000609
6980.3			0.9461704497685952
6981.200000000001			0.9843225671319047
6982.1			1.0008086511413343
6983.0			1.0
6983.9			1.0
6984.8			1.0
6985.700000000001			1.0
6986.6			1.0
6987.5			1.0
6988.4			1.0
6989.3			1.0
6990.200000000001			1.0
6991.1			1.0
6992.0			1.0
6992.9			1.0
6993.8			1.0
6994.700000000001			1.0
6995.6			1.0
6996.5			1.0
6997.4			1.0
6998.3			1.0
6999.200000000001			1.0
7000.1			1.0
7001.0			1.0
7001.9			1.0
7002.8			1.0
7003.700000000001			1.0
7004.6			1.0
7005.5			1.0
7006.4			1.0
7007.3			1.0
7008.200000000001			1.0
7009.1			1.0
7010.0			1.0
7010.9			1.0
7011.8			1.0
7012.700000000001			1.0
7013.6			0.9822580719211009
7014.5			0.9445570363849325
7015.4			0.905349199742135
7016.3			0.8995643175283383
7017.200000000001			0.9350060501379822
7018.1			0.9796113927815424
7019.0			1.0015613531149001
7019.9			1.0
7020.8			1.0
7021.700000000001			1.0
7022.6			1.0
7023.5			1.0
7024.4			1.0
7025.3			1.0
7026.200000000001			1.0
7027.1			1.0
7028.0			1.0
7028.9			1.0
7029.8			1.0
7030.700000000001			1.0
7031.6			1.0
7032.5			1.0
7033.4			1.0
7034.3			1.0
7035.200000000001			1.0
7036.1			1.0
7037.0			1.0
7037.9			1.0
7038.8			1.0
7039.700000000001			1.0
7040.6			1.0
7041.5			1.0
7042.4			1.0
7043.3			1.0
7044.200000000001			1.0
7045.1			1.0
7046.0			1.0
7046.9			1.0
7047.8			1.0
7048.700000000001			1.0
7049.6			1.0
7050.5			0.9886519430459987
7051.4			0.9628884802658996
7052.3			0.927368240756317
7053.200000000001			0.8939611864183443
7054.1			0.8787696747770354
7055.0			0.8962193075475055
7055.9			0.9375619157156481
7056.8			0.9767778471335781
7057.700000000001			0.9939192076857073
7058.6			1.0
7059.5			1.0
7060.4			1.0
7061.3			1.0
7062.200000000001			1.0
7063.1			1.0
7064.0			1.0
7064.9			1.0
7065.8			0.9887657332770711
7066.700000000001			0.9891733240194099
7067.6			0.9941091719787536
7068.5			1.0040549452535752
7069.4			1.0277757107011447
7070.3			1.0581214443053706
7071.200000000001			1.0782489266722104
7072.1			1.0851639786756149
7073.0			1.0866723320999228
7073.9			1.0869848449931152
7074.8			1.0855946527573468
7075.700000000001			1.0835535113229768
7076.6			1.0837225657062501
7077.5			1.0876518258917705
7078.4			1.0943834997970325
7079.3			1.1022667059495466
7080.200000000001			1.1074485295686571
7081.1			1.1017129062477893
7082.0			1.0786256934889662
7082.9			1.0354329528770347
7083.8			0.9882064833245593
7084.700000000001			0.9654139405815199
7085.6			0.9638767261287083
7086.5			0.9485588175117968
7087.4			0.918466267790075
7088.3			0.9067954831739404
7089.200000000001			0.9248567338766432
7090.1			0.9532420993456518
7091.0			0.9697297113852797
7091.9			0.9686307916926391
7092.8			0.959623251924773
7093.700000000001			0.9541334244423563
7094.6			0.9536145729447671
7095.5			0.9559082773743032
7096.4			0.9585559700562712
7097.3			0.9650206103992425
7098.200000000001			0.9793492271065831
7099.1			0.9955467621915954
7100.0			0.9987650422313843
7100.9			0.9826938464191375
7101.8			0.9584480277517755
7102.700000000001			0.9456001237973923
7103.6			0.95917174489612
7104.5			0.9881269958216458
7105.4			1.0061771934295198
7106.3			1.006930838135945
7107.200000000001			1.006023970557049
7108.1			1.0066858591182999
7109.0			0.9943427177110292
7109.9			0.9684914496948778
7110.8			0.9497848646136918
7111.700000000001			0.9579566865475301
7112.6			0.9817161196152149
7113.5			0.9990538744613827
7114.4			1.008150840743087
7115.3			1.0190799367497694
7116.200000000001			1.03208619955809
7117.1			1.041430743047535
7118.0			1.046484567186413
7118.9			1.0500731318575787
7119.8			1.0517975620756648
7120.700000000001			1.04829368669175
7121.6			1.0470368155622571
7122.5			1.0503724247031871
7123.4			1.0355966121469466
7124.3			0.9842719693999296
7125.200000000001			0.9178726631012567
7126.1			0.8883040830212688
7127.0			0.9086256362846483
7127.9			0.9373542537131511
7128.8			0.9400742125695833
7129.700000000001			0.9210322391233032
7130.6			0.9052755540110724
7131.5			0.911035462087008
7132.4			0.9346260486107224
7133.3			0.958054273167586
7134.200000000001			0.9676809866526691
7135.1			0.9684437036559735
7136.0			0.9691765027893458
7136.9			0.9622926660641049
7137.8			0.9458629131974318
7138.700000000001			0.9427579084279046
7139.6			0.9632289228762094
7140.5			0.9878172358760164
7141.4			0.9999578696625236
7142.3			1.0033007183825913
7143.200000000001			1.0058764095048034
7144.1			1.0114741351750578
7145.0			1.0164439390388984
7145.9			1.0083852377198965
7146.8			0.9856393634888884
7147.700000000001			0.9717462015486295
7148.6			0.9815252524745505
7149.5			0.9973854186624055
7150.4			1.0044908362050786
7151.3			1.0131449530281804
7152.200000000001			1.0297791144560877
7153.1			1.0365353114122733
7154.0			1.0233493067273143
7154.9			1.0137412788124378
7155.8			1.0264116049187517
7156.700000000001			1.0411059537153329
7157.6			1.0268101403173608
7158.5			0.9936113918864059
7159.4			0.976775326814347
7160.3			0.9911884742581015
7161.200000000001			1.019393069473128
7162.1			1.0265059267589154
7163.0			1.0032683031805867
7163.9			0.975915898546
7164.8			0.9727119149221383
7165.700000000001			0.9889701282155834
7166.6			1.0025918069878006
7167.5			1.002532594058218
7168.4			0.9937846533587857
7169.3			0.9908302751153673
7170.200000000001			1.0057762212169956
7171.1			1.0303265583040877
7172.0			1.0426567797332227
7172.9			1.0403807411833583
7173.8			1.0333609950789364
7174.700000000001			1.0260003391465955
7175.6			1.0225541014056643
7176.5			1.0296976374934146
7177.4			1.0407172862071243
7178.3			1.0383178099789234
7179.200000000001			1.016617077215719
7180.1			0.9889408706646253
7181.0			0.9827349682784953
7181.9			1.005050828205393
7182.8			1.034868008703157
7183.700000000001			1.0554109614518372
7184.6			1.0
7185.5			0.979706774464452
7186.4			0.9469435521127161
7187.3			0.9176727334043902
7188.200000000001			0.9120963889069951
7189.1			0.9351637150475549
7190.0			0.970605095546701
7190.9			0.9994936980356615
7191.8			1.0
7192.700000000001			1.0
7193.6			1.0
7194.5			1.0
7195.4			1.0
7196.3			1.0
7197.200000000001			1.0
7198.1			1.0
7199.0			1.0
7199.9			1.0
7200.8			1.0
7201.700000000001			1.0
7202.6			1.0
7203.5			1.0
7204.4			1.0175164957468348
7205.3			0.9950485803360096
7206.200000000001			0.9510923448757865
7207.1			0.9164239076090022
7208.0			0.9068413305773911
7208.9			0.9259103659837409
7209.8			0.9626918778679179
7210.700000000001			0.994609045833126
7211.6			1.000273118894381
7212.5			1.0
7213.4			1.0
7214.3			1.0
7215.200000000001			1.0
7216.1			1.0
7217.0			1.0
7217.9			1.0183186235154782
7218.8			1.0166794167166215
7219.700000000001			1.0097173179275738
7220.6			1.0089453959480752
7221.5			1.0043172213156886
7222.4			0.9922560854287056
7223.3			0.9874358005075375
7224.200000000001			0.9950446198031578
7225.1			1.0060693509659577
7226.0			1.010191583813482
7226.9			1.0016480908214191
7227.8			0.984371526376864
7228.700000000001			0.9752517236746922
7229.6			0.9811871617584625
7230.5			0.9913810334399559
7231.4			0.9968230793792541
7232.3			1.0
7233.200000000001			1.0
7234.1			0.9989375252033923
7235.0			0.9798278220704679
7235.9			0.9603166280421085
7236.8			0.9596568029632889
7237.700000000001			0.9768503793338219
7238.6			0.9846959284411276
7239.5			0.9834214215784154
7240.4			0.9952078685982303
7241.3			1.0133444151165476
7242.200000000001			1.0149100779672309
7243.1			0.9968894268769674
7244.0			0.9815163099799693
7244.9			0.9886034396547582
7245.8			1.0193274604619091
7246.700000000001			1.0527782222747584
7247.6			1.0681424788435503
7248.5			1.060469615526295
7249.4			1.0338700549911213
7250.3			1.0023909766592167
7251.200000000001			0.9867308331065067
7252.1			0.9943825867134215
7253.0			1.011276851533958
7253.9			1.0325698664539262
7254.8			1.0579002330490859
7255.700000000001			1.0806496927960845
7256.6			1.094218631930529
7257.5			1.0990386253721662
7258.4			1.092312878756729
7259.3			1.0659055134584638
7260.200000000001			1.031963620360674
7261.1			1.0211687420888476
7262.0			1.0551824401948855
7262.9			1.1026923648863054
7263.8			1.1217502985243877
7264.700000000001			1.1155289739662682
7265.6			1.1157768115445246
7266.5			1.1352917787219305
7267.4			1.1592816427077466
7268.3			1.1683515562427
7269.200000000001			1.1628109605798822
7270.1			1.1565124662048463
7271.0			1.1495643075966864
7271.9			1.1456570437201923
7272.8			1.147823856832442
7273.700000000001			1.1637131261866551
7274.6			1.190003172924347
7275.5			1.209480002986359
7276.4			1.2146649356020542
7277.3			1.213296530107286
7278.200000000001			1.2091844382249222
7279.1			1.1960282657559922
7280.0			1.170022785579772
7280.9			1.1413399938849227
7281.8			1.1288520141648537
7282.700000000001			1.134568111143265
7283.6			1.1497155125750493
7284.5			1.1779254124446588
7285.4			1.2072397185842574
7286.3			1.21424061485341
7287.200000000001			1.19976251067659
7288.1			1.1836135401640557
7289.0			1.16856691944784
7289.9			1.146086412002814
7290.8			1.121587708098007
7291.700000000001			1.123668022050452
7292.6			1.1588786163157705
7293.5			1.207661567887029
7294.4			1.2538024396459255
7295.3			1.2875512309882806
7296.200000000001			1.2939072023925742
7297.1			1.2728574523215315
7298.0			1.2411048154882673
7298.9			1.220093010724964
7299.8			1.2265840866629034
7300.700000000001			1.2562895850002895
7301.6			1.2876645370351354
7302.5			1.3085753489331404
7303.4			1.3163582072521496
7304.3			1.309121831090042
7305.200000000001			1.2928621311736863
7306.1			1.2790170053924224
7307.0			1.2823165482835146
7307.9			1.3026048963768126
7308.8			1.3228803376752982
7309.700000000001			1.3223598461436814
7310.6			1.3095244837393394
7311.5			1.3141372399884477
7312.4			1.3378794917895493
7313.3			1.3536014368012677
7314.200000000001			1.3458630785258097
7315.1			1.3324262437009886
7316.0			1.3317708651771671
7316.9			1.3430333582359528
7317.8			1.3589996159396796
7318.700000000001			1.375309284366234
7319.6			1.391388655226463
7320.5			1.4059596569750128
7321.4			1.407141956826963
7322.3			1.3856278163573164
7323.200000000001			1.3594746389278072
7324.1			1.3429384928184578
7325.0			1.3376855213780547
7325.9			1.3607837946776458
7326.8			1.4108814486937653
7327.700000000001			1.4461959429737694
7328.6			1.445148006360007
7329.5			1.4309082411166467
7330.4			1.420429312021808
7331.3			1.4258482348563961
7332.200000000001			1.4470550989393043
7333.1			1.4702576233999742
7334.0			1.4817784743062685
7334.9			1.487678051804713
7335.8			1.4974059288968617
7336.700000000001			1.5103003996743405
7337.6			1.5268326790841114
7338.5			1.5454867613132355
7339.4			1.5704082966504083
7340.3			1.5864976205712271
7341.200000000001			1.5805869587345618
7342.1			1.5327961289263563
7343.0			1.4692733773364275
7343.9			1.4552470735217937
7344.8			1.5042055826019534
7345.700000000001			1.5691395754527746
7346.6			1.609694233798944
7347.5			1.618883269655527
7348.4			1.6058280688474529
7349.3			1.5858779130403056
7350.200000000001			1.5755575935679864
7351.1			1.581613273262207
7352.0			1.591889619216613
7352.9			1.5762563409998211
7353.8			1.5275415726407209
7354.700000000001			1.4736955329195602
7355.6			1.4594962580693096
7356.5			1.5049750279245895
7357.4			1.5896182287043552
7358.3			1.6569444010498937
7359.200000000001			1.6611410130166935
7360.1			1.61799698609225
7361.0			1.5695175947993165
7361.9			1.5471458509020728
7362.8			1.5568732282978484
7363.700000000001			1.5975982523985446
7364.6			1.6395668572451374
7365.5			1.6750883777658954
7366.4			1.7087393140843903
7367.3			1.7338652253076625
7368.200000000001			1.7444173788236672
7369.1			1.7497793340034846
7370.0			1.7693326544240893
7370.9			1.7911813132211496
7371.8			1.796462724534638
7372.700000000001			1.7867114569737617
7373.6			1.7852716677037157
7374.5			1.7904350603477552
7375.4			1.8049781799954145
7376.3			1.8304199311883567
7377.200000000001			1.8535202033557412
7378.1			1.8524464772655815
7379.0			1.8320826069689484
7379.9			1.8108318976162119
7380.8			1.8026181906041971
7381.700000000001			1.8072409042383926
7382.6			1.8127120236699166
7383.5			1.808998023756526
7384.4			1.795534778641905
7385.3			1.7891249888336362
7386.200000000001			1.786391348589986
7387.1			1.7683320688650679
7388.0			1.7482918220032466
7388.9			1.7594899234392218
7389.8			1.7987910911398624
7390.700000000001			1.833785258685678
7391.6			1.8418000369103553
7392.5			1.8462000742786782
7393.4			1.8814801038625713
7394.3			1.9338217709753398
7395.200000000001			1.9688946612458615
7396.1			1.980360082408408
7397.0			1.9748591798447255
7397.9			1.9513019002377208
7398.8			1.9184408346062063
7399.700000000001			1.899921622296916
7400.6			1.9293434018710898
7401.5			1.9897926728328121
7402.4			2.0477261724899107
7403.3			2.0871688049513057
7404.200000000001			2.1005821842849817
7405.1			2.0972538152011215
7406.0			2.093246843894255
7406.9			2.084099002144431
7407.8			2.0605223845811484
7408.700000000001			2.043701039817276
7409.6			2.0516208213854834
7410.5			2.065057880018049
7411.4			1.890367371970872
7412.3			1.1952700015799422
7413.200000000001			0.31071875549786643
7414.1			0.002267982809585016
7415.0			1.3555279258297574e-05
7415.9			1.5617481438509078e-05
7416.8			2.4417429828966133e-06
7417.700000000001			1.539779842026808e-08
7418.6			1.735241203150706e-11
7419.5			1.3948280478879845e-05
7420.4			1.4029631251536156e-05
7421.3			1.4111936517847802e-05
7422.200000000001			1.4195213175646218e-05
7423.1			1.4279478523997154e-05
7424.0			1.4364750275180784e-05
7424.9			1.4451046567103649e-05
7425.8			1.4538385976160676e-05
7426.700000000001			1.462678753056646e-05
7427.6			1.4716270724175898e-05
7428.5			1.4806855530815227e-05
7429.4			1.0
