3500.0			1.0
3500.9			1.0
3501.8			1.0
3502.7			1.0
3503.6			1.0
3504.5			1.0
3505.4			1.0
3506.3			1.0
3507.2			1.0
3508.1			1.0
3509.0			1.0
3509.9			1.0
3510.8			1.0
3511.7			1.0
3512.6			1.0
3513.5			1.0
3514.4			1.0
3515.3			1.0
3516.2			1.0
3517.1			1.0
3518.0			1.0
3518.9			1.0
3519.8			1.0
3520.7			1.0
3521.6			1.0
3522.5			1.0
3523.4			1.0
3524.3			1.0
3525.2			1.0
3526.1			1.0
3527.0			1.0
3527.9			1.0
3528.8			1.0
3529.7			1.0
3530.6			1.0
3531.5			1.0
3532.4			1.0
3533.3			1.0
3534.2			1.0
3535.1			1.0
3536.0			1.0
3536.9			1.0
3537.8			1.0
3538.7			1.0
3539.6			1.0
3540.5			1.0
3541.4			1.0
3542.3			1.0
3543.2			1.0
3544.1			1.0
3545.0			1.0
3545.9			1.0
3546.8			1.0
3547.7			1.0
3548.6			1.0
3549.5			1.0
3550.4			1.0
3551.3			1.0
3552.2			1.0
3553.1			1.0
3554.0			1.0
3554.9			1.0
3555.8			1.0
3556.7			1.0
3557.6			1.0
3558.5			1.0
3559.4			1.0
3560.3			1.0
3561.2			1.0
3562.1			1.0
3563.0			1.0
3563.9			1.0
3564.8			1.0
3565.7			1.0
3566.6			1.0
3567.5			1.0
3568.4			1.0
3569.3			1.0
3570.2			1.0
3571.1			1.0
3572.0			1.0
3572.9			1.0
3573.8			1.0
3574.7			1.0
3575.6			1.0
3576.5			1.0
3577.4			1.0
3578.3			1.0
3579.2			1.0
3580.1			1.0
3581.0			1.0
3581.9			1.0
3582.8			1.0
3583.7			1.0
3584.6			1.0
3585.5			1.0
3586.4			1.0
3587.3			1.0
3588.2			1.0
3589.1			1.0
3590.0			1.0
3590.9			1.0
3591.8			1.0
3592.7			1.0
3593.6			1.0
3594.5			1.0
3595.4			1.0
3596.3			1.0
3597.2			1.0
3598.1			1.0
3599.0			1.0
3599.9			1.0
3600.8			1.0
3601.7			1.0
3602.6			1.0
3603.5			1.0
3604.4			1.0
3605.3			1.0
3606.2			1.0
3607.1			1.0
3608.0			1.0
3608.9			1.0
3609.8			1.0
3610.7			1.0
3611.6			1.0
3612.5			1.0
3613.4			1.0
3614.3			1.0
3615.2			1.0
3616.1			1.0
3617.0			1.0
3617.9			1.0
3618.8			1.0
3619.7			1.0
3620.6			1.0
3621.5			1.0
3622.4			1.0
3623.3			1.0
3624.2			1.0
3625.1			1.0
3626.0			1.0
3626.9			1.0
3627.8			1.0
3628.7			1.0
3629.6			1.0
3630.5			1.0
3631.4			1.0
3632.3			1.0
3633.2			1.0
3634.1			1.0
3635.0			1.0
3635.9			1.0
3636.8			1.0
3637.7			1.0
3638.6			1.0
3639.5			1.0
3640.4			1.0
3641.3			1.0
3642.2			1.0
3643.1			1.0
3644.0			1.0
3644.9			1.0
3645.8			1.0
3646.7			1.0
3647.6			1.0
3648.5			1.0
3649.4			1.0
3650.3			1.0
3651.2			1.0
3652.1			1.0
3653.0			1.0
3653.9			1.0
3654.8			1.0
3655.7			1.0
3656.6			1.0
3657.5			1.0
3658.4			1.0
3659.3			1.0
3660.2			1.0
3661.1			1.0
3662.0			1.0
3662.9			1.0
3663.8			1.0
3664.7			1.0
3665.6			1.0
3666.5			1.0
3667.4			1.0
3668.3			1.0
3669.2			1.0
3670.1			1.0
3671.0			1.0
3671.9			1.0
3672.8			1.0
3673.7			1.0
3674.6			1.0
3675.5			1.0
3676.4			1.0
3677.3			1.0
3678.2			1.0
3679.1			1.0
3680.0			1.0
3680.9			1.0
3681.8			1.0
3682.7			1.0
3683.6			1.0
3684.5			1.0
3685.4			1.0
3686.3			1.0
3687.2			1.0
3688.1			1.0
3689.0			1.0
3689.9			1.0
3690.8			1.0
3691.7			1.0
3692.6			1.0
3693.5			1.0
3694.4			1.0
3695.3			1.0
3696.2			1.0
3697.1			1.0
3698.0			1.0
3698.9			1.0
3699.8			1.0
3700.7			1.0
3701.6			1.0
3702.5			1.0
3703.4			1.0
3704.3			1.0
3705.2			1.0
3706.1			1.0
3707.0			1.0
3707.9			1.0
3708.8			1.0
3709.7			1.0
3710.6			1.0
3711.5			1.0
3712.4			1.0
3713.3			1.0
3714.2			1.0
3715.1			1.0
3716.0			1.0
3716.9			1.0
3717.8			1.0
3718.7			1.0
3719.6			1.0
3720.5			1.0
3721.4			1.0
3722.3			1.0
3723.2			1.0
3724.1			1.0
3725.0			1.0
3725.9			1.0
3726.8			1.0
3727.7			1.0
3728.6			1.0
3729.5			1.0
3730.4			1.0
3731.3			1.0
3732.2			1.0
3733.1			1.0
3734.0			1.0
3734.9			1.0
3735.8			1.0
3736.7			1.0
3737.6			1.0
3738.5			1.0
3739.4			1.0
3740.3			1.0
3741.2			1.0
3742.1			1.0
3743.0			1.0
3743.9			1.0
3744.8			1.0
3745.7			1.0
3746.6			1.0
3747.5			1.0
3748.4			1.0
3749.3			1.0
3750.2			1.0
3751.1			1.0
3752.0			1.0
3752.9			1.0
3753.8			1.0
3754.7			1.0
3755.6			1.0
3756.5			1.0
3757.4			1.0
3758.3			1.0
3759.2			1.0
3760.1			1.0
3761.0			1.0
3761.9			1.0
3762.8			1.0
3763.7			1.0
3764.6			1.0
3765.5			1.0
3766.4			1.0
3767.3			1.0
3768.2			1.0
3769.1			1.0
3770.0			1.0
3770.9			1.0
3771.8			1.0
3772.7			1.0
3773.6			1.0
3774.5			1.0
3775.4			1.0
3776.3			1.0
3777.2			1.0
3778.1			1.0
3779.0			1.0
3779.9			1.0
3780.8			1.0
3781.7			1.0
3782.6			1.0
3783.5			1.0
3784.4			1.0
3785.3			1.0
3786.2			1.0
3787.1			1.0
3788.0			1.0
3788.9			1.0
3789.8			1.0
3790.7			1.0
3791.6			1.0
3792.5			1.0
3793.4			1.0
3794.3			1.0
3795.2			1.0
3796.1			1.0
3797.0			1.0
3797.9			1.0
3798.8			1.0
3799.7			1.0
3800.6			1.0
3801.5			1.0
3802.4			1.0
3803.3			1.0
3804.2			1.0
3805.1			1.0
3806.0			1.0
3806.9			1.0
3807.8			1.0
3808.7			1.0
3809.6			1.0
3810.5			1.0
3811.4			1.0
3812.3			1.0
3813.2			1.0
3814.1			1.0
3815.0			1.0
3815.9			1.0
3816.8			1.0
3817.7			1.0
3818.6			1.0
3819.5			1.0
3820.4			1.0
3821.3			1.0
3822.2			1.0
3823.1			1.0
3824.0			1.0
3824.9			1.0
3825.8			1.0
3826.7			1.0
3827.6			1.0
3828.5			1.0
3829.4			1.0
3830.3			1.0
3831.2			1.0
3832.1			1.0
3833.0			1.0
3833.9			1.0
3834.8			1.0
3835.7			1.0
3836.6			1.0
3837.5			1.0
3838.4			1.0
3839.3			1.0
3840.2			1.0
3841.1			1.0
3842.0			1.0
3842.9			1.0
3843.8			1.0
3844.7			1.0
3845.6			1.0
3846.5			1.0
3847.4			1.0
3848.3			1.0
3849.2			1.0
3850.1			1.0
3851.0			1.0
3851.9			1.0
3852.8			1.0
3853.7			1.0
3854.6			1.0
3855.5			1.0
3856.4			1.0
3857.3			1.0
3858.2			1.0
3859.1			1.0
3860.0			1.0
3860.9			1.0
3861.8			1.0
3862.7			1.0
3863.6			1.0
3864.5			1.0
3865.4			1.0
3866.3			1.0
3867.2			1.0
3868.1			1.0
3869.0			1.0
3869.9			1.0
3870.8			1.0
3871.7			1.0
3872.6			1.0
3873.5			1.0
3874.4			1.0
3875.3			1.0
3876.2			1.0
3877.1			1.0
3878.0			1.0
3878.9			1.0
3879.8			1.0
3880.7			1.0
3881.6			1.0
3882.5			1.0
3883.4			1.0
3884.3			1.0
3885.2			1.0
3886.1			1.0
3887.0			1.0
3887.9			1.0
3888.8			1.0
3889.7			1.0
3890.6			1.0
3891.5			1.0
3892.4			1.0
3893.3			1.0
3894.2			1.0
3895.1			1.0
3896.0			1.0
3896.9			1.0
3897.8			1.0
3898.7			1.0
3899.6			1.0
3900.5			1.0
3901.4			1.0
3902.3			1.0
3903.2			1.0
3904.1			1.0
3905.0			1.0
3905.9			1.0
3906.8			1.0
3907.7			1.0
3908.6			1.0
3909.5			1.0
3910.4			1.0
3911.3			1.0
3912.2			1.0
3913.1			1.0
3914.0			1.0
3914.9			1.0
3915.8			1.0
3916.7			1.0
3917.6			1.0
3918.5			1.0
3919.4			1.0
3920.3			1.0
3921.2			1.0
3922.1			1.0
3923.0			1.0
3923.9			1.0
3924.8			1.0
3925.7			1.0
3926.6			1.0
3927.5			1.0
3928.4			1.0
3929.3			1.0
3930.2			1.0
3931.1			1.0
3932.0			1.0
3932.9			1.0
3933.8			1.0
3934.7			1.0
3935.6			1.0
3936.5			1.0
3937.4			1.0
3938.3			1.0
3939.2			1.0
3940.1			1.0
3941.0			1.0
3941.9			1.0
3942.8			1.0
3943.7			1.0
3944.6			1.0
3945.5			1.0
3946.4			1.0
3947.3			1.0
3948.2			1.0
3949.1			1.0
3950.0			1.0
3950.9			1.0
3951.8			1.0
3952.7			1.0
3953.6			1.0
3954.5			1.0
3955.4			1.0
3956.3			1.0
3957.2			1.0
3958.1			1.0
3959.0			1.0
3959.9			1.0
3960.8			1.0
3961.7			1.0
3962.6			1.0
3963.5			1.0
3964.4			1.0
3965.3			1.0
3966.2			1.0
3967.1			1.0
3968.0			1.0
3968.9			1.0
3969.8			1.0
3970.7			1.0
3971.6			1.0
3972.5			1.0
3973.4			1.0
3974.3			1.0
3975.2			1.0
3976.1			1.0
3977.0			1.0
3977.9			1.0
3978.8			1.0
3979.7			1.0
3980.6			1.0
3981.5			1.0
3982.4			1.0
3983.3			1.0
3984.2			1.0
3985.1			1.0
3986.0			1.0
3986.9			1.0
3987.8			1.0
3988.7			1.0
3989.6			1.0
3990.5			1.0
3991.4			1.0
3992.3			1.0
3993.2			1.0
3994.1			1.0
3995.0			1.0
3995.9			1.0
3996.8			1.0
3997.7			1.0
3998.6			1.0
3999.5			1.0
4000.4			1.0
4001.3			1.0
4002.2			1.0
4003.1			1.0341578147207984
4004.0			0.9553142286133
4004.9			0.8085723648146628
4005.8			0.7500947074529714
4006.7			0.8241957995718652
4007.6			0.9363305957499157
4008.5			1.0018099938265137
4009.4			1.0
4010.3			1.0
4011.2			1.0
4012.1			1.0
4013.0			1.0
4013.9			1.0
4014.8			1.0
4015.7			1.0
4016.6			1.0
4017.5			1.0
4018.4			1.0
4019.3			1.0
4020.2			1.0
4021.1			1.0
4022.0			1.0
4022.9			1.0
4023.8			1.0
4024.7			1.0
4025.6			1.0
4026.5			1.0
4027.4			1.0364952753283792
4028.3			1.0556082964735471
4029.2			1.0056444333508303
4030.1			0.8780444809017783
4031.0			0.7892551336698768
4031.9			0.7584548112357081
4032.8			0.7425082618031463
4033.7			0.7446475658535859
4034.6			0.7759040679694044
4035.5			0.837000925243865
4036.4			0.9196236548641297
4037.3			0.990133448472526
4038.2			0.999635380497123
4039.1			1.0
4040.0			1.0
4040.9			1.0
4041.8			1.0
4042.7			1.016507708822136
4043.6			0.9182962069504195
4044.5			0.7411515422662139
4045.4			0.6207983272398845
4046.3			0.6892936611378871
4047.2			0.871602098907333
4048.1			0.9974205281964976
4049.0			1.0
4049.9			1.0
4050.8			1.0
4051.7			1.0
4052.6			1.0
4053.5			1.0
4054.4			1.0
4055.3			1.0
4056.2			1.0
4057.1			1.0
4058.0			1.0
4058.9			1.0
4059.8			1.109735838433313
4060.7			1.1844031956199177
4061.6			1.13701722203619
4062.5			0.9668218292732326
4063.4			0.8219174168908573
4064.3			0.8594445529315056
4065.2			0.9800617800807416
4066.1			1.0086384085970634
4067.0			0.9986252820013095
4067.9			1.0
4068.8			1.0
4069.7			1.0
4070.6			1.0
4071.5			1.0
4072.4			1.0
4073.3			1.0
4074.2			1.0230509005708897
4075.1			0.943536034137663
4076.0			0.8212098037246345
4076.9			0.7307593351268368
4077.8			0.7215785961201826
4078.7			0.7829161657695632
4079.6			0.8815170590343822
4080.5			0.9719337835391462
4081.4			0.994314154513483
4082.3			1.0
4083.2			1.0
4084.1			1.0
4085.0			1.0
4085.9			1.0
4086.8			1.0
4087.7			1.0
4088.6			1.0
4089.5			1.0
4090.4			1.0
4091.3			1.0
4092.2			1.0
4093.1			1.0
4094.0			1.0
4094.9			1.0
4095.8			1.0
4096.7			1.0
4097.6			1.0244812714090759
4098.5			1.0561709549157776
4099.4			1.0293055113754837
4100.3			0.9140779330525225
4101.2			0.8168063979717254
4102.1			0.8435430107176097
4103.0			0.9260293087320804
4103.9			0.968280630231516
4104.8			1.0037728369845496
4105.7			1.0
4106.6			1.0
4107.5			1.0
4108.4			1.0
4109.3			1.0
4110.2			1.0
4111.1			1.0
4112.0			1.0
4112.9			1.0
4113.8			1.0
4114.7			1.0
4115.6			1.0
4116.5			1.0
4117.4			1.0
4118.3			1.0
4119.2			1.0
4120.1			1.0
4121.0			1.0
4121.9			1.0
4122.8			1.0
4123.7			1.0
4124.6			1.0
4125.5			1.0
4126.4			1.0
4127.3			1.0
4128.2			1.0
4129.1			0.9817253152823913
4130.0			0.9823881724404331
4130.9			0.9577987237939927
4131.8			0.8860518309290433
4132.7			0.8379701415034891
4133.6			0.8251170137464789
4134.5			0.858750636810075
4135.4			0.9459889167165976
4136.3			0.9974104984305825
4137.2			0.9974955198448061
4138.1			1.0013242432595568
4139.0			1.0
4139.9			1.0083479778339006
4140.8			0.9808075896697719
4141.7			0.8696284049428203
4142.6			0.7181442568617548
4143.5			0.6537556608527353
4144.4			0.7369890521215062
4145.3			0.870238948030679
4146.2			0.9599189888762779
4147.1			1.001904951994127
4148.0			1.0
4148.9			1.0
4149.8			1.0
4150.7			1.0
4151.6			1.0
4152.5			1.0
4153.4			1.0
4154.3			1.0
4155.2			1.0
4156.1			1.0
4157.0			1.0
4157.9			1.0
4158.8			1.0
4159.7			1.0
4160.6			1.0
4161.5			1.0
4162.4			1.0
4163.3			1.0
4164.2			1.0
4165.1			1.0
4166.0			1.0
4166.9			1.0
4167.8			1.0
4168.7			1.0450623840681617
4169.6			1.0911967977662014
4170.5			1.0825348564091692
4171.4			0.9879234298961757
4172.3			0.8792341369580227
4173.2			0.86067834245322
4174.1			0.9201247232430748
4175.0			0.9903378002059184
4175.9			1.0339871314364117
4176.8			1.0246106257148682
4177.7			1.005727282413232
4178.6			1.0
4179.5			1.0
4180.4			1.0
4181.3			1.0
4182.2			1.0
4183.1			1.0
4184.0			1.0
4184.9			1.0
4185.8			1.0
4186.7			1.0
4187.6			1.0
4188.5			1.0
4189.4			1.0
4190.3			1.0
4191.2			1.0
4192.1			1.0431990970049432
4193.0			1.127940695417335
4193.9			1.1270805129177484
4194.8			1.0313949796897102
4195.7			0.9413508401628926
4196.6			0.9084182753935603
4197.5			0.8824351127783471
4198.4			0.8657588623224964
4199.3			0.8895515229875034
4200.2			0.9048323656355206
4201.1			0.8647659020516338
4202.0			0.8426241985457199
4202.9			0.8829694985463564
4203.8			0.9094695321349723
4204.7			0.9153622245327419
4205.6			0.944013954087581
4206.5			0.9897737682975281
4207.4			1.045800023548851
4208.3			1.068314359146236
4209.2			1.0298936049987424
4210.1			0.9820630189186337
4211.0			0.9806052461487196
4211.9			1.0
4212.8			0.9947897017238273
4213.7			0.9579097056688788
4214.6			0.8705854407475369
4215.5			0.7971212880573082
4216.4			0.8382705127305846
4217.3			0.9354027149637844
4218.2			0.9979107753978903
4219.1			1.0
4220.0			1.0
4220.9			1.0
4221.8			1.0
4222.7			0.9297797026360786
4223.6			0.8600953822398064
4224.5			0.7670636225226637
4225.4			0.6151867849974316
4226.3			0.46680228039168603
4227.2			0.5033439047247638
4228.1			0.7377360745130612
4229.0			0.9266570387840476
4229.9			1.0
4230.8			1.0347250792217086
4231.7			1.0229442621665765
4232.6			0.9648710194698672
4233.5			0.9508434571530386
4234.4			0.9691546971015471
4235.3			0.915024136593447
4236.2			0.8454663639340929
4237.1			0.8569647161272735
4238.0			0.9036361653947586
4238.9			0.9134303223115405
4239.8			0.9196756346051809
4240.7			0.974437828067817
4241.6			1.001167589860432
4242.5			1.0
4243.4			1.0
4244.3			1.0
4245.2			1.0
4246.1			0.9744538405917791
4247.0			0.9065471126696835
4247.9			0.8459818375651462
4248.8			0.8236121699198625
4249.7			0.815601038034959
4250.6			0.839948040045976
4251.5			0.9293964004591462
4252.4			1.0076578666638791
4253.3			0.9914308423229508
4254.2			1.0
4255.1			1.0
4256.0			1.0
4256.9			1.0815295940176126
4257.8			1.040620998150555
4258.7			0.92964240997938
4259.6			0.8228945372945731
4260.5			0.7670731201169786
4261.4			0.8072087493815806
4262.3			0.9093126047682227
4263.2			0.9801085415131442
4264.1			0.9868321471014426
4265.0			1.0
4265.9			1.0191227462006478
4266.8			0.9862175996825224
4267.7			0.9303053891155589
4268.6			0.907216886920602
4269.5			0.8810034562916496
4270.4			0.797394112343173
4271.3			0.7000615341689265
4272.2			0.705271810784766
4273.1			0.7680798549821126
4274.0			0.7752564813597731
4274.9			0.7816288677968429
4275.8			0.8716089821964941
4276.7			0.9926610176860746
4277.6			1.0
4278.5			1.0
4279.4			1.0
4280.3			1.0
4281.2			1.0
4282.1			1.0
4283.0			1.0
4283.9			1.0
4284.8			1.0
4285.7			1.0
4286.6			1.0
4287.5			1.0332999187367078
4288.4			0.9763290519818565
4289.3			0.8543949121393015
4290.2			0.799313588539086
4291.1			0.8417761882624532
4292.0			1.0
4292.9			1.0934476536579263
4293.8			1.0835870811639314
4294.7			1.0441557825104002
4295.6			1.031487799597186
4296.5			0.9939652675227038
4297.4			0.9274282099087795
4298.3			0.8269094445216107
4299.2			0.7083010314506831
4300.1			0.6731842365415899
4301.0			0.7322975014056282
4301.9			0.7677568866940948
4302.8			0.7640634324561252
4303.7			0.7833593788708808
4304.6			0.8063406810405489
4305.5			0.8208747497572905
4306.4			0.8119557777458403
4307.3			0.7389077714191657
4308.2			0.6730449635053444
4309.1			0.6753228404830129
4310.0			0.71495701635888
4310.9			0.7610168404939163
4311.8			0.8281896304965447
4312.7			0.9483862018416058
4313.6			1.0665463969288842
4314.5			1.1987743568040787
4315.4			1.4506896646113283
4316.3			1.7007270792075075
4317.2			1.8127296822784522
4318.1			1.8012389321678137
4319.0			1.7846541401666365
4319.9			1.756189741267617
4320.8			1.0
4321.7			0.9548576010057306
4322.6			0.8532366608331596
4323.5			0.71630342399082
4324.4			0.6078266251363831
4325.3			0.5632967508741794
4326.2			0.6417221527219664
4327.1			0.8083226820059222
4328.0			0.9519959027476419
4328.9			0.9996551594193122
4329.8			1.0
4330.7			1.0
4331.6			1.0
4332.5			1.0
4333.4			1.0
4334.3			1.0
4335.2			1.0
4336.1			0.9770371933614159
4337.0			0.860809738049224
4337.9			0.7608395176816999
4338.8			0.7120905080389258
4339.7			0.6643716599580598
4340.6			0.6669576864870191
4341.5			0.7726236637005353
4342.4			0.879780143026522
4343.3			0.9008195117167945
4344.2			0.9280852189701208
4345.1			0.9997204173928631
4346.0			1.0
4346.9			1.0
4347.8			1.0021747013970805
4348.7			1.0801884275581703
4349.6			1.1031163404442397
4350.5			0.9829588253302164
4351.4			0.8161893876916039
4352.3			0.7646664629605714
4353.2			0.8572270260670903
4354.1			0.9284159022261114
4355.0			0.9291850085420527
4355.9			0.9445865841229125
4356.8			1.0003044935227272
4357.7			1.0
4358.6			1.0
4359.5			1.0
4360.4			1.0
4361.3			1.0
4362.2			1.0
4363.1			1.0
4364.0			1.0
4364.9			1.0
4365.8			1.0
4366.7			1.0
4367.6			1.0
4368.5			1.0
4369.4			1.0
4370.3			1.0
4371.2			1.0
4372.1			0.9984714226657745
4373.0			0.9543608153142911
4373.9			0.8800458860474748
4374.8			0.8244354690266767
4375.7			0.844465192944804
4376.6			0.9268025767004642
4377.5			1.0044370820904354
4378.4			1.0
4379.3			1.0
4380.2			0.9854004191186323
4381.1			0.9770417465664284
4382.0			0.8937419553722624
4382.9			0.7014709910460838
4383.8			0.5756447758848081
4384.7			0.6401377415551824
4385.6			0.8207580634418904
4386.5			0.955409373474964
4387.4			0.9997898888676693
4388.3			1.0
4389.2			1.0
4390.1			1.0
4391.0			1.0
4391.9			1.0
4392.8			1.0
4393.7			1.0
4394.6			1.0
4395.5			1.0
4396.4			1.0
4397.3			1.0
4398.2			1.0
4399.1			1.0
4400.0			1.0
4400.9			1.0
4401.8			1.0940434475518823
4402.7			1.1315341130743206
4403.6			0.9976612956912235
4404.5			0.8425633566409972
4405.4			0.8660092196537323
4406.3			0.9804437275730278
4407.2			0.9980077363601763
4408.1			1.0
4409.0			1.0
4409.9			1.0
4410.8			1.0
4411.7			1.0
4412.6			1.0288795377784508
4413.5			1.0020191103018716
4414.4			0.9012507524976839
4415.3			0.8320919018755889
4416.2			0.8608554474366521
4417.1			0.9248373747091719
4418.0			0.9946779594441064
4418.9			1.0
4419.8			1.0
4420.7			1.0
4421.6			1.0
4422.5			1.0
4423.4			1.0
4424.3			1.0
4425.2			1.0
4426.1			1.0
4427.0			1.0
4427.9			1.0
4428.8			1.0
4429.7			1.0
4430.6			1.0
4431.5			1.0
4432.4			1.0236872404521695
4433.3			0.9721353770745691
4434.2			0.8820126031024604
4435.1			0.825338948823663
4436.0			0.850461350165184
4436.9			0.9291260047269314
4437.8			1.0042578683612797
4438.7			1.0
4439.6			1.0
4440.5			1.0
4441.4			1.0
4442.3			1.0
4443.2			1.0
4444.1			1.0
4445.0			1.0
4445.9			1.0
4446.8			1.0
4447.7			1.0
4448.6			1.0
4449.5			1.0
4450.4			1.0
4451.3			1.0
4452.2			1.0191819374648827
4453.1			0.993627666267446
4454.0			0.9240747268016751
4454.9			0.8659236795933797
4455.8			0.8698324669436606
4456.7			0.9082726952169468
4457.6			0.9272371241614925
4458.5			0.9140167116656286
4459.4			0.9028302539116133
4460.3			0.8930842224526583
4461.2			0.8616339881389795
4462.1			0.8744583993391385
4463.0			0.9557517723641142
4463.9			1.020682199468068
4464.8			1.0335635361243858
4465.7			1.0300396058419246
4466.6			1.0408478571699473
4467.5			1.0490963539109055
4468.4			1.0183045880793753
4469.3			0.9884257981368749
4470.2			0.99804128399882
4471.1			1.0
4472.0			1.0
4472.9			1.0
4473.8			1.0
4474.7			1.0
4475.6			1.0
4476.5			1.0
4477.4			1.0
4478.3			0.9898199232472862
4479.2			0.9264596001611524
4480.1			0.8608198950110666
4481.0			0.825655145054474
4481.9			0.8255414624028483
4482.8			0.8718725672494201
4483.7			0.9370643781399792
4484.6			0.9831714482432401
4485.5			0.9999673759537869
4486.4			1.0
4487.3			1.0
4488.2			1.0
4489.1			1.0
4490.0			1.0
4490.9			1.0
4491.8			1.0406828660537153
4492.7			1.0429996551916954
4493.6			0.9825811613243219
4494.5			0.9195754180026892
4495.4			0.8935042082078731
4496.3			0.8954270988989672
4497.2			0.9411452264282351
4498.1			0.9881334500684122
4499.0			1.0000759715853724
4499.9			1.0
4500.8			1.0
4501.7			1.0
4502.6			1.0
4503.5			1.0
4504.4			1.0
4505.3			1.0
4506.2			1.0
4507.1			1.0
4508.0			1.0
4508.9			1.0
4509.8			1.0
4510.7			1.0
4511.6			1.0
4512.5			1.0
4513.4			1.0
4514.3			1.0
4515.2			1.008567156308133
4516.1			1.027241988522627
4517.0			1.001467414687917
4517.9			0.9655134903043209
4518.8			0.9891386677781729
4519.7			1.0325514981585513
4520.6			1.06119377217543
4521.5			1.0506015308727106
4522.4			0.9907560427060258
4523.3			0.9666494906578037
4524.2			0.9760750145489089
4525.1			0.9634391377627566
4526.0			0.9222093473437954
4526.9			0.8795157289104663
4527.8			0.851281928649832
4528.7			0.8406360374978227
4529.6			0.8634472241631125
4530.5			0.8814041322852053
4531.4			0.9102526699958904
4532.3			0.9421200912916446
4533.2			0.9208799313005294
4534.1			0.8761747364162363
4535.0			0.8410235711524678
4535.9			0.8629131449388782
4536.8			0.9731828533549041
4537.7			1.0545605946188161
4538.6			1.0540546431297029
4539.5			1.0159446582032987
4540.4			0.9759487545097227
4541.3			1.0
4542.2			1.0284934890973403
4543.1			1.0382333458109552
4544.0			0.9977149999787502
4544.9			0.9597730297938064
4545.8			0.9718595638996473
4546.7			0.9929871707644088
4547.6			0.9879455336508615
4548.5			0.9511306811172675
4549.4			0.9177430924091963
4550.3			0.9478854860925398
4551.2			0.9896447858084851
4552.1			0.9826697102476852
4553.0			0.9589158684375688
4553.9			0.9288103932683279
4554.8			0.9130995274493803
4555.7			0.9374768324126908
4556.6			0.9974953765786863
4557.5			1.0
4558.4			1.0
4559.3			1.0
4560.2			1.0
4561.1			1.0
4562.0			0.9982838899293321
4562.9			0.9599150798530952
4563.8			0.9131430743009408
4564.7			0.8835097408503721
4565.6			0.889054961749553
4566.5			0.946550994562776
4567.4			0.9999929793374579
4568.3			1.0
4569.2			1.0
4570.1			1.0
4571.0			1.0
4571.9			1.0
4572.8			1.0
4573.7			1.0437181530872206
4574.6			1.034165878129388
4575.5			1.0194803767029743
4576.4			1.0173716282189833
4577.3			1.010961848755102
4578.2			0.9877059715235219
4579.1			0.9422017828302723
4580.0			0.8899707385728256
4580.9			0.8746485910197642
4581.8			0.906721665465407
4582.7			0.9393007693381514
4583.6			0.941694416926665
4584.5			0.9273190371950875
4585.4			0.9064541597958581
4586.3			0.9085477353920912
4587.2			0.9534498530297256
4588.1			1.0
4589.0			1.0155921349860055
4589.9			0.9967021242652143
4590.8			0.9629624030395453
4591.7			0.9316540862476301
4592.6			0.9207489544520558
4593.5			0.924907128148711
4594.4			0.9196879737859592
4595.3			0.9150331581632305
4596.2			0.9313792686800577
4597.1			0.9479831900581007
4598.0			0.9580582896538314
4598.9			0.9623206573994982
4599.8			0.9364480527637378
4600.7			0.915467388320679
4601.6			0.9350816923477715
4602.5			0.9592049527999675
4603.4			0.9746194273652408
4604.3			0.9768284964468431
4605.2			0.9656877440968619
4606.1			0.9682437328063871
4607.0			0.9898506447063148
4607.9			1.0306028061884673
4608.8			1.0675799963499386
4609.7			1.0674328091132976
4610.6			1.0352190596949107
4611.5			1.0129479441156068
4612.4			0.9997987995640805
4613.3			1.0
4614.2			1.0
4615.1			1.0
4616.0			1.0
4616.9			1.0
4617.8			1.0
4618.7			1.0
4619.6			1.0
4620.5			1.0
4621.4			1.0
4622.3			1.0
4623.2			1.0
4624.1			1.0
4625.0			1.0
4625.9			1.0
4626.8			1.0
4627.7			1.0
4628.6			1.0
4629.5			1.0
4630.4			1.0
4631.3			1.0
4632.2			1.0
4633.1			1.0
4634.0			1.0
4634.9			1.0
4635.8			1.0
4636.7			1.0
4637.6			1.0
4638.5			1.0
4639.4			1.0
4640.3			1.0
4641.2			1.0440425748950597
4642.1			1.0631473177951047
4643.0			1.0498175314589888
4643.9			1.033541654100555
4644.8			1.0042859288609576
4645.7			0.952034291044222
4646.6			0.9129156648941692
4647.5			0.9115128289291617
4648.4			0.9357686183683361
4649.3			0.9669428482870469
4650.2			0.9882645934985648
4651.1			0.9895881985931019
4652.0			0.9989862726968103
4652.9			1.0
4653.8			1.0
4654.7			1.0
4655.6			1.0
4656.5			1.0
4657.4			1.0
4658.3			1.0
4659.2			1.0
4660.1			1.0
4661.0			1.0
4661.9			1.0
4662.8			0.962291086815465
4663.7			0.9627990140111646
4664.6			0.9779980799673007
4665.5			0.9595037106526103
4666.4			0.8865197929824138
4667.3			0.8149309781565023
4668.2			0.8237831413412394
4669.1			0.8796246172367981
4670.0			0.937705968218324
4670.9			0.9838107372665832
4671.8			1.000286371640447
4672.7			1.0
4673.6			1.0
4674.5			1.0
4675.4			1.0
4676.3			1.0
4677.2			1.0
4678.1			0.971990261181234
4679.0			0.9425915962966895
4679.9			0.9202732956304466
4680.8			0.9125792871374407
4681.7			0.9102968037212782
4682.6			0.9445681156025749
4683.5			0.9892878630982778
4684.4			1.001755184712257
4685.3			0.9973618146417308
4686.2			1.0
4687.1			1.0
4688.0			1.0
4688.9			1.0
4689.8			1.0
4690.7			1.0
4691.6			1.0
4692.5			1.0
4693.4			1.0
4694.3			1.0
4695.2			1.0
4696.1			1.0
4697.0			1.0
4697.9			1.0
4698.8			1.0
4699.7			1.0
4700.6			1.0
4701.5			1.0
4702.4			1.0
4703.3			1.0
4704.2			1.0
4705.1			1.0258792277121518
4706.0			1.0184038974267948
4706.9			0.978670196324563
4707.8			0.941408601421909
4708.7			0.9207643002811289
4709.6			0.926428862910427
4710.5			0.9690754823185005
4711.4			1.0079526533878482
4712.3			1.005694312094727
4713.2			1.0
4714.1			1.0
4715.0			1.0
4715.9			1.0
4716.8			1.0
4717.7			1.0
4718.6			1.0
4719.5			1.0
4720.4			1.0
4721.3			1.0
4722.2			0.9726807256143787
4723.1			0.9757923670164576
4724.0			1.0068519054299578
4724.9			1.0334710682605825
4725.8			1.023618670168719
4726.7			0.9622837641623202
4727.6			0.8998071896406916
4728.5			0.8915040870243465
4729.4			0.9108620050018046
4730.3			0.9213473286561665
4731.2			0.933445647407732
4732.1			0.9579921157886738
4733.0			0.9697919171705027
4733.9			0.9792235756753401
4734.8			1.0003262763641043
4735.7			1.0
4736.6			1.0
4737.5			1.0
4738.4			1.0
4739.3			1.0
4740.2			1.0
4741.1			1.0
4742.0			1.0
4742.9			1.0
4743.8			1.0
4744.7			1.0
4745.6			1.0
4746.5			1.0
4747.4			1.0
4748.3			1.0
4749.2			1.0
4750.1			1.0
4751.0			1.0
4751.9			1.0
4752.8			1.0
4753.7			1.0
4754.6			1.0
4755.5			1.0
4756.4			1.0
4757.3			1.0
4758.2			1.0
4759.1			1.0194207715737649
4760.0			1.0426985695258173
4760.9			1.0264095598831073
4761.8			0.9736506476836473
4762.7			0.9438384210447042
4763.6			0.948610354849515
4764.5			0.9432421908273704
4765.4			0.9329993737015309
4766.3			0.9433675236835986
4767.2			0.9740657483246573
4768.1			0.9996822697197424
4769.0			1.0289027227562713
4769.9			1.046299323481224
4770.8			1.0276339753137231
4771.7			1.0004804856120317
4772.6			1.0
4773.5			1.0
4774.4			1.0
4775.3			1.0
4776.2			1.0
4777.1			1.0
4778.0			1.0
4778.9			1.0
4779.8			1.0
4780.7			1.0
4781.6			1.0
4782.5			1.0
4783.4			1.0
4784.3			1.0
4785.2			1.0
4786.1			1.0
4787.0			1.0
4787.9			1.0
4788.8			1.0
4789.7			1.0
4790.6			1.0
4791.5			1.0
4792.4			1.0
4793.3			1.0
4794.2			1.0
4795.1			1.0
4796.0			1.0
4796.9			1.0
4797.8			1.0
4798.7			1.0
4799.6			1.0
4800.5			1.0
4801.4			1.0
4802.3			1.0
4803.2			1.0
4804.1			1.0
4805.0			1.0
4805.9			1.0
4806.8			1.0
4807.7			1.0
4808.6			1.0
4809.5			1.0
4810.4			1.0
4811.3			1.0
4812.2			1.0
4813.1			1.0
4814.0			1.0
4814.9			1.0
4815.8			1.0
4816.7			1.0
4817.6			1.0
4818.5			1.0
4819.4			1.0
4820.3			1.0
4821.2			1.0
4822.1			1.0
4823.0			1.0
4823.9			1.0
4824.8			1.0
4825.7			1.0
4826.6			1.0
4827.5			1.0
4828.4			1.0
4829.3			1.0
4830.2			1.0
4831.1			1.0
4832.0			1.0
4832.9			1.0
4833.8			1.0
4834.7			1.0
4835.6			1.0
4836.5			1.0
4837.4			1.0
4838.3			1.0
4839.2			1.0
4840.1			1.0
4841.0			1.0
4841.9			1.0
4842.8			1.0
4843.7			1.0
4844.6			1.0
4845.5			1.0
4846.4			1.0
4847.3			1.0
4848.2			1.0
4849.1			1.0
4850.0			1.0
4850.9			1.0
4851.8			1.0
4852.7			1.0
4853.6			1.0
4854.5			1.0
4855.4			1.0
4856.3			1.0
4857.2			1.0490046893155918
4858.1			1.0538344676488456
4859.0			0.9928780194850703
4859.9			0.8796392726554342
4860.8			0.7710552569988092
4861.7			0.7812256252595446
4862.6			0.8957878704783658
4863.5			0.9726400351784029
4864.4			1.000441855834289
4865.3			1.0
4866.2			1.0
4867.1			1.0
4868.0			1.0
4868.9			1.0
4869.8			0.9793374345554123
4870.7			0.920906029090928
4871.6			0.8960650512316815
4872.5			0.9420011673810588
4873.4			0.9955198937538448
4874.3			1.0
4875.2			1.0
4876.1			1.0
4877.0			1.0
4877.9			1.0
4878.8			1.0
4879.7			1.0
4880.6			1.0
4881.5			1.0
4882.4			1.0
4883.3			1.0
4884.2			0.9777202702507307
4885.1			0.9360927796973848
4886.0			0.9156193948054588
4886.9			0.9243902917937964
4887.8			0.9355946325786703
4888.7			0.935981932597782
4889.6			0.9197650419292065
4890.5			0.8767411893905208
4891.4			0.8722349881303257
4892.3			0.9362808215390475
4893.2			1.0037443529967793
4894.1			1.0389217382469502
4895.0			1.0509622460536847
4895.9			1.0488148377341329
4896.8			1.046274394959227
4897.7			1.0372067222015338
4898.6			1.0012567193859971
4899.5			1.0
4900.4			1.0
4901.3			1.0
4902.2			1.0
4903.1			1.0
4904.0			1.0
4904.9			1.0
4905.8			1.0270303604266526
4906.7			1.0217247928912037
4907.6			0.9938072513031688
4908.5			0.961337034930548
4909.4			0.9213375261055912
4910.3			0.8993789403811859
4911.2			0.9126461096491898
4912.1			0.9423805503250197
4913.0			0.9577837697281051
4913.9			0.9712334339619532
4914.8			1.0
4915.7			1.0304976831923547
4916.6			1.022523801522707
4917.5			0.9703283141386029
4918.4			0.8996558223490133
4919.3			0.8509332506690781
4920.2			0.8390691520019518
4921.1			0.8869043563492927
4922.0			0.9641161119585796
4922.9			1.009248272507701
4923.8			1.008475229421498
4924.7			1.0090689643194555
4925.6			1.0
4926.5			1.0
4927.4			1.0
4928.3			1.0
4929.2			1.0
4930.1			1.0
4931.0			1.0
4931.9			1.0
4932.8			1.0
4933.7			1.0
4934.6			1.0
4935.5			1.033202208659548
4936.4			1.009808383434667
4937.3			0.9460842454125696
4938.2			0.8942337647152901
4939.1			0.898408241289862
4940.0			0.9566907133490631
4940.9			1.0049162209404694
4941.8			1.0
4942.7			1.0
4943.6			1.0
4944.5			1.0
4945.4			1.0
4946.3			1.0
4947.2			1.0
4948.1			1.0
4949.0			1.0
4949.9			1.0
4950.8			1.0
4951.7			1.0
4952.6			1.0
4953.5			1.0
4954.4			1.0
4955.3			1.0025920439212561
4956.2			0.9443173819364967
4957.1			0.8600170579931098
4958.0			0.8813130861516183
4958.9			0.9921924876512366
4959.8			1.0
4960.7			1.0
4961.6			1.0
4962.5			1.0
4963.4			1.0
4964.3			1.0
4965.2			1.0
4966.1			1.0
4967.0			1.0
4967.9			1.0
4968.8			1.0
4969.7			1.0
4970.6			1.0
4971.5			1.0
4972.4			1.0
4973.3			1.0
4974.2			1.0
4975.1			1.0
4976.0			1.0
4976.9			1.0
4977.8			1.0
4978.7			0.9860323368507093
4979.6			0.9887903893791841
4980.5			0.9747596099114864
4981.4			0.9282744341899195
4982.3			0.8814794476173698
4983.2			0.8708378682202847
4984.1			0.8942872348913576
4985.0			0.9189579329869629
4985.9			0.9489800913191795
4986.8			0.9856100641306745
4987.7			0.9984105943619289
4988.6			1.0
4989.5			1.0
4990.4			1.0
4991.3			1.0
4992.2			1.0
4993.1			1.0
4994.0			1.0
4994.9			1.0
4995.8			1.0
4996.7			1.0
4997.6			1.0
4998.5			1.0
4999.4			1.0
5000.3			1.0
5001.2			1.0
5002.1			1.0
5003.0			1.0
5003.9			1.0
5004.8			1.0
5005.7			1.0
5006.6			1.003759540661786
5007.5			1.0572679757336596
5008.4			1.1002936297813233
5009.3			1.0965134304783648
5010.2			1.0745059652878548
5011.1			1.0343802227912664
5012.0			0.9761738078257917
5012.9			0.934973830610522
5013.8			0.918408542581962
5014.7			0.9471269355144504
5015.6			0.9962056701084111
5016.5			1.0118497965870163
5017.4			0.9971953977389619
5018.3			0.992865458349949
5019.2			1.0117445492481234
5020.1			1.020061993344608
5021.0			1.0001688436612
5021.9			1.0
5022.8			1.0
5023.7			1.0
5024.6			1.0
5025.5			1.0
5026.4			1.0
5027.3			1.0
5028.2			1.0
5029.1			1.0
5030.0			1.0
5030.9			1.0
5031.8			1.0
5032.7			1.0
5033.6			1.0
5034.5			1.0
5035.4			1.0
5036.3			1.0
5037.2			1.023482220875008
5038.1			1.0032042004729074
5039.0			0.9414592596174823
5039.9			0.8628739485172384
5040.8			0.7993839430829097
5041.7			0.8279255324301841
5042.6			0.9185792869050061
5043.5			0.9757480469009783
5044.4			0.9990054010765359
5045.3			1.0
5046.2			1.0
5047.1			1.0
5048.0			1.0
5048.9			1.0
5049.8			1.0
5050.7			1.0
5051.6			1.0
5052.5			1.0
5053.4			1.0
5054.3			1.0
5055.2			1.0
5056.1			1.0
5057.0			1.0
5057.9			1.0
5058.8			1.0
5059.7			1.0
5060.6			1.0
5061.5			1.0
5062.4			1.0
5063.3			1.0
5064.2			1.0
5065.1			1.0
5066.0			1.0
5066.9			1.0
5067.8			1.0
5068.7			1.0
5069.6			1.0
5070.5			1.0
5071.4			1.0
5072.3			1.0
5073.2			1.0
5074.1			1.0235139458298035
5075.0			1.017931518516887
5075.9			1.0114634825736264
5076.8			1.0219254803873246
5077.7			1.0128508876670166
5078.6			0.9412751684063843
5079.5			0.8690609883914887
5080.4			0.8766431338750187
5081.3			0.9269959435903414
5082.2			0.9510524637842119
5083.1			0.9543065389823999
5084.0			0.9726181798675275
5084.9			0.9993580394995153
5085.8			1.0
5086.7			1.0
5087.6			1.0
5088.5			1.0
5089.4			1.0
5090.3			1.0
5091.2			1.0
5092.1			1.0
5093.0			1.0
5093.9			1.0
5094.8			0.9823165060402527
5095.7			0.9650762586268203
5096.6			0.9434066260737322
5097.5			0.9089811746819974
5098.4			0.8694605107759301
5099.3			0.8743078778227007
5100.2			0.9340484992780432
5101.1			0.9872888660996093
5102.0			1.0021654083753184
5102.9			1.0
5103.8			1.0
5104.7			1.0
5105.6			1.0
5106.5			1.0
5107.4			1.0
5108.3			1.0
5109.2			1.0
5110.1			1.0
5111.0			1.0
5111.9			1.0
5112.8			1.0
5113.7			1.0
5114.6			1.0067684931402094
5115.5			1.0092525627914637
5116.4			1.0244353723620003
5117.3			1.0485660232390417
5118.2			1.0527816915648716
5119.1			1.038177037625842
5120.0			1.014288339373387
5120.9			0.990230550071791
5121.8			0.9721966848833921
5122.7			0.9393756320895614
5123.6			0.9065995344642322
5124.5			0.9085254144138394
5125.4			0.9265105908409279
5126.3			0.9407903499824558
5127.2			0.9484365494104883
5128.1			1.0
5129.0			0.9851302720296924
5129.9			0.9894253611189064
5130.8			1.0125858215145613
5131.7			1.0294137490664022
5132.6			1.0379974938623928
5133.5			1.0413796548074112
5134.4			1.064373389196349
5135.3			1.075635496826566
5136.2			1.0406876639961253
5137.1			0.9962592118840973
5138.0			0.9714766731032237
5138.9			0.9571872476713433
5139.8			0.981045996074347
5140.7			1.0108554238017229
5141.6			0.9759776561885649
5142.5			0.9348763390698529
5143.4			0.9556520651049754
5144.3			0.9836687310099972
5145.2			0.9713104378255755
5146.1			0.9488157361735592
5147.0			0.9425860749090808
5147.9			0.9551897495107938
5148.8			0.9801482212010955
5149.7			0.9797144378565783
5150.6			0.9480165048443648
5151.5			0.924500248423464
5152.4			0.9244244160726808
5153.3			0.9338983802905231
5154.2			0.9475951512285067
5155.1			0.9739819690443974
5156.0			1.0017492346423473
5156.9			1.0
5157.8			1.0
5158.7			1.0
5159.6			1.0
5160.5			1.0
5161.4			1.0
5162.3			1.0
5163.2			1.0
5164.1			1.0
5165.0			1.0
5165.9			1.0
5166.8			1.0
5167.7			1.0
5168.6			1.0
5169.5			1.1007151131752586
5170.4			1.077584404523058
5171.3			0.8995978530242198
5172.2			0.7280134322836835
5173.1			0.7381118636935636
5174.0			0.8915349952089752
5174.9			1.0099104444142106
5175.8			1.0
5176.7			1.0
5177.6			1.0
5178.5			1.0
5179.4			1.0
5180.3			0.970346298455269
5181.2			0.9023312711810227
5182.1			0.7694221033561361
5183.0			0.6258826974433327
5183.9			0.6152141928619042
5184.8			0.760879053670371
5185.7			0.916232176425786
5186.6			0.9919823287355348
5187.5			0.9999994045794011
5188.4			1.0
5189.3			1.0
5190.2			1.0
5191.1			1.0
5192.0			1.0
5192.9			1.0
5193.8			1.0
5194.7			1.0
5195.6			1.0
5196.5			1.0
5197.4			1.0
5198.3			1.0
5199.2			1.0
5200.1			1.0
5201.0			1.0
5201.9			0.9862276911002231
5202.8			0.973977042429276
5203.7			0.9471223721960523
5204.6			0.8973988195835462
5205.5			0.871770832752314
5206.4			0.880207742034528
5207.3			0.8801415025331815
5208.2			0.8556966909574945
5209.1			0.8620056478851374
5210.0			0.9003923691850927
5210.9			0.9475919818333123
5211.8			0.9987818050632131
5212.7			1.0324033107033386
5213.6			1.0340791131907814
5214.5			1.0000754961660334
5215.4			1.0
5216.3			1.0
5217.2			1.0
5218.1			1.0
5219.0			1.0
5219.9			1.0
5220.8			1.0
5221.7			1.0
5222.6			0.9796078799678106
5223.5			0.9414473371813686
5224.4			0.8970941338693997
5225.3			0.8544493470861778
5226.2			0.8182734021255268
5227.1			0.8294425078053344
5228.0			0.9092760765000037
5228.9			0.9783165013427045
5229.8			1.0002135275406618
5230.7			1.0
5231.6			1.0
5232.5			1.0
5233.4			1.0
5234.3			1.0
5235.2			1.0
5236.1			1.0
5237.0			1.0
5237.9			1.0
5238.8			1.0
5239.7			1.0
5240.6			1.012919861491581
5241.5			1.0141952813193387
5242.4			0.9999803806408993
5243.3			0.9999678700066433
5244.2			1.0176944986872354
5245.1			1.0163996227491587
5246.0			0.972529796504096
5246.9			0.9215649570527601
5247.8			0.9170081586480364
5248.7			0.9365469104747532
5249.6			0.9261962005335872
5250.5			0.9117886508067897
5251.4			0.9277851073160006
5252.3			0.9513491116463622
5253.2			0.9585559634788285
5254.1			0.9423740574031856
5255.0			0.9285966199809105
5255.9			0.9591542915719644
5256.8			1.0119728213241181
5257.7			1.0418153324274142
5258.6			1.0463010648311875
5259.5			1.0
5260.4			0.9673976262185262
5261.3			0.9183983215430034
5262.2			0.8655837449012467
5263.1			0.8283545889832298
5264.0			0.8026644894032864
5264.9			0.7820488517650913
5265.8			0.7819911058483159
5266.7			0.8283491812936646
5267.6			0.861782688560036
5268.5			0.8040232612631995
5269.4			0.7233342062409924
5270.3			0.7461964825102583
5271.2			0.8502345916133704
5272.1			0.9127746466126909
5273.0			0.9120975500404077
5273.9			0.8981615145748446
5274.8			0.8842195314298154
5275.7			0.8873003001167521
5276.6			0.9335051059242797
5277.5			1.0
5278.4			1.0143343902224715
5279.3			0.9934392559224268
5280.2			0.9561815163692835
5281.1			0.9229307692895671
5282.0			0.9005600208240285
5282.9			0.8853878668867443
5283.8			0.8893143490046798
5284.7			0.9332532386777194
5285.6			0.9875763227161107
5286.5			1.009847158699389
5287.4			0.9991510333014194
5288.3			1.0
5289.2			1.0
5290.1			1.0
5291.0			1.0
5291.9			1.0
5292.8			1.0
5293.7			1.0030815098538859
5294.6			1.0021073740414888
5295.5			0.9720941151540466
5296.4			0.9199618384903778
5297.3			0.8808010303032086
5298.2			0.894026621236543
5299.1			0.9535800381871073
5300.0			0.9952796077924119
5300.9			0.996912215650922
5301.8			1.0
5302.7			1.0
5303.6			1.0
5304.5			1.0
5305.4			1.0
5306.3			1.0
5307.2			1.0
5308.1			1.0
5309.0			1.0
5309.9			1.0
5310.8			1.0
5311.7			1.0
5312.6			1.0
5313.5			1.0
5314.4			1.0
5315.3			1.0
5316.2			1.0
5317.1			1.0
5318.0			1.0
5318.9			1.0
5319.8			1.0
5320.7			1.0
5321.6			1.0
5322.5			1.0
5323.4			1.0
5324.3			1.0
5325.2			1.0094936050949324
5326.1			0.9948499880024667
5327.0			0.9147246121478816
5327.9			0.8224962958408153
5328.8			0.8292439436543418
5329.7			0.9260881447967549
5330.6			1.0023952622669685
5331.5			1.0
5332.4			1.0
5333.3			1.0
5334.2			1.0
5335.1			1.0
5336.0			1.0
5336.9			1.0
5337.8			0.9984544663047761
5338.7			0.9847867806069383
5339.6			0.9395305660347157
5340.5			0.9047268446477428
5341.4			0.9244641869670723
5342.3			0.9720887800927422
5343.2			0.9998932321496822
5344.1			1.0
5345.0			1.0
5345.9			1.0
5346.8			1.0
5347.7			1.0
5348.6			1.0
5349.5			1.0
5350.4			1.0
5351.3			1.0
5352.2			1.0
5353.1			1.0
5354.0			1.0
5354.9			1.0
5355.8			1.0
5356.7			1.0
5357.6			1.0
5358.5			1.0
5359.4			1.0
5360.3			1.0
5361.2			1.0
5362.1			1.0
5363.0			1.0
5363.9			1.0
5364.8			1.0
5365.7			1.0
5366.6			1.0
5367.5			0.9983078149842776
5368.4			0.9808464744812091
5369.3			0.9384755792066506
5370.2			0.8862970790032604
5371.1			0.8624144811221349
5372.0			0.8926060821957001
5372.9			0.9498290591242493
5373.8			0.9845719309847563
5374.7			0.9955150310341341
5375.6			1.0
5376.5			1.0
5377.4			1.0
5378.3			1.0
5379.2			1.0
5380.1			1.0
5381.0			1.0
5381.9			1.0
5382.8			1.0
5383.7			1.0
5384.6			1.0
5385.5			1.0
5386.4			1.0
5387.3			1.0
5388.2			1.0
5389.1			1.0
5390.0			1.0
5390.9			1.0
5391.8			1.0
5392.7			1.0
5393.6			1.0
5394.5			1.0
5395.4			1.0
5396.3			1.0
5397.2			1.0
5398.1			1.0293817554021185
5399.0			1.0660795037244177
5399.9			1.0700102149327926
5400.8			1.065029864260442
5401.7			1.0708777887716265
5402.6			1.0561474536404232
5403.5			1.0010236851703587
5404.4			0.9371901043589538
5405.3			0.9060680477311013
5406.2			0.9212570447211069
5407.1			0.9610638433240828
5408.0			0.9771431640549331
5408.9			0.9547941591128591
5409.8			0.9311227586874545
5410.7			0.9431431074051508
5411.6			0.9779570551561219
5412.5			1.0017006494608158
5413.4			1.0
5414.3			1.0
5415.2			1.0
5416.1			1.0
5417.0			1.0
5417.9			1.0
5418.8			1.0
5419.7			1.0
5420.6			1.0
5421.5			1.0
5422.4			1.0
5423.3			1.0
5424.2			1.0
5425.1			1.0
5426.0			1.0
5426.9			1.028455428600332
5427.8			1.0152144893570556
5428.7			0.9600341269321616
5429.6			0.9241398224074334
5430.5			0.9534376977006767
5431.4			0.9977384959336579
5432.3			1.002280909296375
5433.2			1.0
5434.1			1.0
5435.0			1.0
5435.9			1.0
5436.8			1.0
5437.7			1.0
5438.6			1.0
5439.5			1.0
5440.4			1.0
5441.3			1.0
5442.2			1.0
5443.1			1.0
5444.0			0.9778094734622333
5444.9			0.9370836854751151
5445.8			0.8888258468882839
5446.7			0.867776512397003
5447.6			0.9022056520003907
5448.5			0.9622463617008129
5449.4			0.999929413186319
5450.3			1.0
5451.2			1.0
5452.1			1.0
5453.0			0.9800880995362455
5453.9			0.9433206831799721
5454.8			0.8983892001057588
5455.7			0.8874356276198258
5456.6			0.9287072779543918
5457.5			0.9791462915417948
5458.4			1.0001366869098998
5459.3			1.0
5460.2			1.0
5461.1			1.0
5462.0			1.0
5462.9			1.0
5463.8			1.0
5464.7			1.0
5465.6			1.0
5466.5			1.0
5467.4			1.0
5468.3			1.0
5469.2			1.0
5470.1			1.0
5471.0			1.0
5471.9			1.0046967151983837
5472.8			0.9993412264342114
5473.7			0.9943801105205353
5474.6			0.9926688948705963
5475.5			0.9656505428425458
5476.4			0.9285856576710578
5477.3			0.9410166739694616
5478.2			1.0031855015330482
5479.1			1.0484059907800722
5480.0			1.037176389596038
5480.9			0.999977468905946
5481.8			1.0
5482.7			1.0
5483.6			1.0
5484.5			1.0
5485.4			1.0
5486.3			1.0
5487.2			1.0
5488.1			1.0
5489.0			1.0
5489.9			1.0
5490.8			1.0
5491.7			1.0
5492.6			1.0
5493.5			1.0
5494.4			1.0
5495.3			1.0
5496.2			1.0
5497.1			1.0
5498.0			1.0
5498.9			1.0
5499.8			1.0
5500.7			1.0
5501.6			1.0
5502.5			1.0
5503.4			1.0
5504.3			1.0
5505.2			1.0
5506.1			1.0
5507.0			1.0
5507.9			1.0
5508.8			1.0094696094408955
5509.7			0.9988769690403608
5510.6			0.9820261239325214
5511.5			0.9549980904186368
5512.4			0.9268422828985404
5513.3			0.917470709652769
5514.2			0.9293478411168212
5515.1			0.9517958906130722
5516.0			0.9711601669937252
5516.9			0.9836307217541873
5517.8			0.9985634964483784
5518.7			1.0
5519.6			1.0
5520.5			1.0
5521.4			1.0
5522.3			1.0
5523.2			1.0
5524.1			1.00148626871669
5525.0			0.9939734497899021
5525.9			0.9746544883247007
5526.8			0.9448548132669022
5527.7			0.9182109968856114
5528.6			0.9231249276378503
5529.5			0.9598086746615055
5530.4			0.991222016464478
5531.3			1.0002020608997844
5532.2			1.0
5533.1			1.0
5534.0			1.0
5534.9			1.0
5535.8			1.0
5536.7			1.0
5537.6			1.0
5538.5			1.0
5539.4			1.0
5540.3			1.0
5541.2			1.0
5542.1			1.0
5543.0			1.0
5543.9			1.0
5544.8			1.0
5545.7			1.0
5546.6			1.0
5547.5			1.0
5548.4			1.0
5549.3			1.0
5550.200000000001			1.0
5551.1			1.0
5552.0			1.0
5552.9			1.0
5553.8			1.0
5554.700000000001			1.0
5555.6			1.0
5556.5			1.0
5557.4			1.0
5558.3			1.0
5559.200000000001			1.0
5560.1			1.0
5561.0			1.0
5561.9			1.0
5562.8			1.0
5563.700000000001			1.0
5564.6			1.0
5565.5			1.0
5566.4			1.0
5567.3			1.0
5568.200000000001			1.0
5569.1			1.0
5570.0			1.0
5570.9			1.0
5571.8			1.0
5572.700000000001			1.0
5573.6			1.0
5574.5			1.0
5575.4			1.0
5576.3			1.0
5577.200000000001			1.0
5578.1			1.0
5579.0			0.9992553586546058
5579.9			1.0048985689496557
5580.8			1.002684751921026
5581.700000000001			0.9952390867172797
5582.6			0.9988245381705968
5583.5			1.0068221493308815
5584.4			0.9989417359983954
5585.3			0.9727992166015398
5586.200000000001			0.9358553456911204
5587.1			0.9054434842733264
5588.0			0.896895398746169
5588.9			0.9062981669845077
5589.8			0.9266079283275491
5590.700000000001			0.9502832690961664
5591.6			0.9639662176271449
5592.5			0.9623385031673133
5593.4			0.9524520684830144
5594.3			0.9540479404671561
5595.200000000001			0.9827696412187017
5596.1			1.0098343404321763
5597.0			0.9999790234170539
5597.9			1.0
5598.8			1.0
5599.700000000001			1.0
5600.6			1.0
5601.5			1.0
5602.4			1.0
5603.3			1.0
5604.200000000001			1.0
5605.1			1.0
5606.0			1.0
5606.9			1.0
5607.8			1.0
5608.700000000001			1.0
5609.6			1.0
5610.5			1.0
5611.4			1.0
5612.3			1.0051202843050493
5613.200000000001			0.9909067466687239
5614.1			0.9476283044853049
5615.0			0.9062681036389414
5615.9			0.9148205102395441
5616.8			0.9633991119346249
5617.700000000001			0.9994555153448069
5618.6			1.0
5619.5			1.0
5620.4			1.0
5621.3			1.0
5622.200000000001			1.0
5623.1			1.0
5624.0			1.0
5624.9			1.0
5625.8			1.0
5626.700000000001			1.0
5627.6			1.0
5628.5			1.0
5629.4			1.0
5630.3			1.0
5631.200000000001			1.0
5632.1			1.0
5633.0			1.0
5633.9			1.0
5634.8			1.0
5635.700000000001			1.0
5636.6			1.0
5637.5			1.0
5638.4			1.0
5639.3			1.0
5640.200000000001			1.0
5641.1			1.0
5642.0			1.0
5642.9			1.0
5643.8			1.0
5644.700000000001			1.0
5645.6			1.0
5646.5			1.0
5647.4			1.0
5648.3			1.0
5649.200000000001			1.0
5650.1			1.0
5651.0			1.0
5651.9			1.0
5652.8			1.0
5653.700000000001			1.0
5654.6			0.989346175696999
5655.5			0.9937175602173578
5656.4			0.9885874840836045
5657.3			0.9502046219162525
5658.200000000001			0.9177661368040464
5659.1			0.9391509838418388
5660.0			0.9905606721654774
5660.9			1.0131367452018993
5661.8			1.0011031101781738
5662.700000000001			1.0
5663.6			1.0
5664.5			1.0
5665.4			1.0
5666.3			1.0
5667.200000000001			1.0
5668.1			1.0
5669.0			1.0
5669.9			1.0
5670.8			1.0
5671.700000000001			1.0
5672.6			1.0
5673.5			1.0
5674.4			1.0
5675.3			1.0
5676.200000000001			1.0
5677.1			1.0
5678.0			1.0
5678.9			1.0
5679.8			1.0
5680.700000000001			1.0
5681.6			1.0
5682.5			1.0
5683.4			1.0
5684.3			1.0
5685.200000000001			1.0
5686.1			1.0
5687.0			1.0
5687.9			1.0
5688.8			1.0
5689.700000000001			1.0
5690.6			1.0
5691.5			1.0
5692.4			1.0
5693.3			1.0
5694.200000000001			1.0
5695.1			1.0
5696.0			1.0
5696.9			1.0
5697.8			1.0
5698.700000000001			1.0
5699.6			1.0
5700.5			1.0
5701.4			1.0
5702.3			1.0025643557562465
5703.200000000001			1.018241003224597
5704.1			1.0263382489035866
5705.0			1.0128866280618123
5705.9			0.9884011895431919
5706.8			0.9684955914196719
5707.700000000001			0.9504989913108157
5708.6			0.9313368635885554
5709.5			0.9239552037029288
5710.4			0.9265092572581731
5711.3			0.9301143221497535
5712.200000000001			0.950087966831308
5713.1			0.983810234988943
5714.0			1.0033958608113787
5714.9			1.0033296727315073
5715.8			1.0005090476319376
5716.700000000001			1.0001813130931962
5717.6			1.0
5718.5			1.0
5719.4			1.0
5720.3			1.0
5721.200000000001			1.0
5722.1			1.0
5723.0			1.0
5723.9			1.0
5724.8			1.0
5725.700000000001			1.0
5726.6			1.0
5727.5			1.0
5728.4			1.0
5729.3			1.0
5730.200000000001			1.0
5731.1			1.0
5732.0			1.0
5732.9			1.0
5733.8			1.0
5734.700000000001			1.0
5735.6			1.0
5736.5			1.0
5737.4			1.0
5738.3			1.0
5739.200000000001			1.0
5740.1			1.0
5741.0			1.0
5741.9			1.0
5742.8			1.0
5743.700000000001			1.0
5744.6			1.0
5745.5			1.0
5746.4			1.0
5747.3			1.0
5748.200000000001			1.0
5749.1			1.0
5750.0			1.0
5750.9			1.0
5751.8			1.0
5752.700000000001			1.0
5753.6			1.0
5754.5			1.0
5755.4			1.0
5756.3			1.0
5757.200000000001			1.0
5758.1			1.0
5759.0			1.0
5759.9			1.0
5760.8			1.0
5761.700000000001			1.0
5762.6			1.0
5763.5			1.0
5764.4			1.0
5765.3			1.0
5766.200000000001			1.0
5767.1			1.0
5768.0			1.0
5768.9			1.0
5769.8			1.0
5770.700000000001			1.0
5771.6			1.0
5772.5			1.0
5773.4			1.0
5774.3			0.996726607048568
5775.200000000001			1.0017974510151484
5776.1			1.0120738655643582
5777.0			1.0160956659458122
5777.9			1.012047010886375
5778.8			0.9989045839623757
5779.700000000001			0.9730765433797067
5780.6			0.9396372558486914
5781.5			0.9222926019920531
5782.4			0.9300277473606232
5783.3			0.9404121913066944
5784.200000000001			0.9337042396769965
5785.1			0.9246732522552462
5786.0			0.9389462930881112
5786.9			0.9693157085223004
5787.8			0.9916728074937262
5788.700000000001			0.9998654770754559
5789.6			1.0
5790.5			1.0
5791.4			1.0
5792.3			1.0
5793.200000000001			1.0
5794.1			1.0
5795.0			1.0
5795.9			1.0
5796.8			1.0
5797.700000000001			1.0
5798.6			1.0
5799.5			1.0
5800.4			1.0
5801.3			1.0
5802.200000000001			1.0
5803.1			1.0
5804.0			1.0
5804.9			1.0
5805.8			1.0
5806.700000000001			1.0
5807.6			1.0
5808.5			1.0
5809.4			1.0
5810.3			1.0
5811.200000000001			1.0
5812.1			1.0
5813.0			1.0
5813.9			1.0
5814.8			1.0
5815.700000000001			1.0
5816.6			1.0
5817.5			1.0
5818.4			1.0
5819.3			1.0
5820.200000000001			1.0
5821.1			1.0
5822.0			1.0
5822.9			1.0
5823.8			1.0
5824.700000000001			1.0
5825.6			1.0
5826.5			1.0
5827.4			1.0
5828.3			1.0
5829.200000000001			1.0
5830.1			1.0
5831.0			1.0
5831.9			1.0
5832.8			1.0
5833.700000000001			1.0
5834.6			1.0
5835.5			1.0
5836.4			1.0
5837.3			1.0
5838.200000000001			1.0
5839.1			1.0
5840.0			1.0
5840.9			1.0
5841.8			1.0
5842.700000000001			1.0
5843.6			1.0
5844.5			1.0
5845.4			1.0
5846.3			1.0
5847.200000000001			1.0
5848.1			1.0
5849.0			1.0
5849.9			1.0
5850.8			1.0
5851.700000000001			1.0
5852.6			1.0
5853.5			1.0
5854.4			1.0
5855.3			1.0
5856.200000000001			1.0
5857.1			1.0
5858.0			1.0
5858.9			1.0
5859.8			1.0
5860.700000000001			1.0
5861.6			1.0
5862.5			1.0
5863.4			1.0
5864.3			1.0
5865.200000000001			1.0
5866.1			1.0
5867.0			1.0
5867.9			1.0
5868.8			1.0
5869.700000000001			1.0
5870.6			1.0
5871.5			1.0
5872.4			1.0
5873.3			1.0
5874.200000000001			1.0
5875.1			1.0
5876.0			1.0
5876.9			1.0
5877.8			1.0
5878.700000000001			1.0
5879.6			1.0
5880.5			1.0
5881.4			1.0
5882.3			1.0
5883.200000000001			1.0
5884.1			1.0
5885.0			1.0
5885.9			1.0
5886.8			1.0
5887.700000000001			0.9724682450594186
5888.6			0.8907798438143175
5889.5			0.8027727324233229
5890.4			0.8028592531408643
5891.3			0.8865378232650994
5892.200000000001			0.962266302941972
5893.1			0.9939068296359062
5894.0			1.0
5894.9			1.0
5895.8			1.0
5896.700000000001			1.0
5897.6			1.0
5898.5			1.0
5899.4			1.0
5900.3			1.0
5901.200000000001			1.0
5902.1			1.0
5903.0			1.0
5903.9			1.0
5904.8			1.0
5905.700000000001			1.0
5906.6			1.0
5907.5			1.0
5908.4			1.0
5909.3			1.0
5910.200000000001			1.0
5911.1			1.0
5912.0			1.0
5912.9			1.0
5913.8			1.0
5914.700000000001			1.0
5915.6			1.0
5916.5			1.0
5917.4			1.0
5918.3			1.0
5919.200000000001			1.0
5920.1			1.0
5921.0			1.0
5921.9			1.0
5922.8			1.0
5923.700000000001			1.0
5924.6			1.0
5925.5			1.0
5926.4			1.0
5927.3			1.0
5928.200000000001			1.0
5929.1			1.0
5930.0			1.0
5930.9			1.0
5931.8			1.0
5932.700000000001			1.0
5933.6			1.0
5934.5			1.0
5935.4			1.0
5936.3			1.0
5937.200000000001			1.0
5938.1			1.0
5939.0			1.0
5939.9			1.0
5940.8			1.0
5941.700000000001			1.0
5942.6			1.0
5943.5			1.0
5944.4			1.0
5945.3			1.0
5946.200000000001			1.0
5947.1			1.0
5948.0			1.0
5948.9			1.0
5949.8			1.0
5950.700000000001			1.0
5951.6			1.0
5952.5			1.0
5953.4			1.0
5954.3			1.0
5955.200000000001			1.0
5956.1			1.0
5957.0			1.0
5957.9			1.0
5958.8			1.0
5959.700000000001			1.0
5960.6			1.0
5961.5			1.0
5962.4			1.0
5963.3			1.0
5964.200000000001			1.0
5965.1			1.0
5966.0			1.0
5966.9			1.0
5967.8			1.0
5968.700000000001			1.0
5969.6			1.0
5970.5			1.0
5971.4			1.0
5972.3			1.0
5973.200000000001			1.0
5974.1			1.0
5975.0			1.0
5975.9			1.0
5976.8			1.0
5977.700000000001			1.0
5978.6			1.0
5979.5			1.0
5980.4			1.0
5981.3			1.0
5982.200000000001			1.0
5983.1			1.0
5984.0			1.0
5984.9			1.0
5985.8			1.0
5986.700000000001			1.0
5987.6			1.0
5988.5			1.0
5989.4			1.0
5990.3			1.0
5991.200000000001			1.0
5992.1			1.0
5993.0			1.0
5993.9			1.0
5994.8			1.0
5995.700000000001			1.0
5996.6			1.0
5997.5			1.0
5998.4			1.0
5999.3			1.0
6000.200000000001			1.0
6001.1			1.0
6002.0			1.0
6002.9			1.0
6003.8			1.0
6004.700000000001			1.0
6005.6			1.0
6006.5			1.0
6007.4			1.0
6008.3			1.0
6009.200000000001			1.0
6010.1			1.0
6011.0			1.0
6011.9			1.0
6012.8			1.0
6013.700000000001			1.0
6014.6			1.0
6015.5			1.0
6016.4			1.0
6017.3			1.0
6018.200000000001			1.0
6019.1			1.0
6020.0			1.0
6020.9			1.0
6021.8			1.0
6022.700000000001			1.0
6023.6			1.0
6024.5			1.0
6025.4			1.0
6026.3			1.0
6027.200000000001			1.0
6028.1			1.0
6029.0			1.0
6029.9			1.0
6030.8			1.0
6031.700000000001			1.0
6032.6			1.0
6033.5			1.0
6034.4			1.0
6035.3			1.0
6036.200000000001			1.0
6037.1			1.0
6038.0			1.0
6038.9			1.0
6039.8			1.0
6040.700000000001			1.0
6041.6			1.0
6042.5			1.0
6043.4			1.0
6044.3			1.0
6045.200000000001			1.0
6046.1			1.0
6047.0			1.0
6047.9			1.0
6048.8			1.0
6049.700000000001			1.0
6050.6			1.0
6051.5			1.0
6052.4			1.0
6053.3			1.0
6054.200000000001			1.0
6055.1			1.0
6056.0			1.0
6056.9			1.0
6057.8			1.0
6058.700000000001			1.0
6059.6			1.0
6060.5			1.0
6061.4			1.0
6062.3			1.0
6063.200000000001			1.0
6064.1			1.0
6065.0			1.0
6065.9			1.0
6066.8			1.0
6067.700000000001			1.0
6068.6			1.0
6069.5			1.0
6070.4			1.0
6071.3			1.0
6072.200000000001			1.0
6073.1			1.0
6074.0			1.0
6074.9			1.0
6075.8			1.0
6076.700000000001			1.0
6077.6			1.0
6078.5			1.0
6079.4			1.0
6080.3			1.0
6081.200000000001			1.0
6082.1			1.0
6083.0			1.0
6083.9			1.0
6084.8			1.0
6085.700000000001			1.0
6086.6			1.0
6087.5			1.0
6088.4			1.0
6089.3			1.0
6090.200000000001			1.0
6091.1			1.0
6092.0			1.0
6092.9			1.0
6093.8			1.0
6094.700000000001			1.0
6095.6			1.0
6096.5			1.0
6097.4			1.0
6098.3			1.0
6099.200000000001			1.0
6100.1			0.9977601680316399
6101.0			0.9714914303398023
6101.9			0.9252096453437084
6102.8			0.9014250829755864
6103.700000000001			0.9286292418557133
6104.6			0.975070624771616
6105.5			1.0009295250783896
6106.4			1.0
6107.3			1.0
6108.200000000001			1.0
6109.1			1.0
6110.0			1.0
6110.9			1.0
6111.8			1.0
6112.700000000001			1.0
6113.6			1.0
6114.5			1.0
6115.4			1.0
6116.3			1.0
6117.200000000001			1.0
6118.1			1.0
6119.0			1.0
6119.9			1.0
6120.8			1.0
6121.700000000001			1.0
6122.6			1.0
6123.5			1.0
6124.4			1.0
6125.3			1.0
6126.200000000001			1.0
6127.1			1.0
6128.0			1.0
6128.9			1.0
6129.8			1.0
6130.700000000001			1.0
6131.6			1.0
6132.5			1.0
6133.4			1.0
6134.3			0.9881769609875295
6135.200000000001			0.9506160414484186
6136.1			0.8948868693090312
6137.0			0.8625395464057524
6137.9			0.8911604675851289
6138.8			0.9561066658339307
6139.700000000001			1.0000731119707218
6140.6			1.0
6141.5			1.0
6142.4			1.0
6143.3			1.0
6144.200000000001			1.0
6145.1			1.0
6146.0			1.0
6146.9			1.0
6147.8			1.0
6148.700000000001			1.0
6149.6			1.0
6150.5			1.0
6151.4			1.0
6152.3			1.0
6153.200000000001			1.0
6154.1			1.0
6155.0			1.0
6155.9			1.0
6156.8			1.0
6157.700000000001			1.0
6158.6			1.0049506158911592
6159.5			0.9937176063285461
6160.4			0.9534270475138961
6161.3			0.9003362104190291
6162.200000000001			0.8755217726791585
6163.1			0.8970754315466467
6164.0			0.9424976389939578
6164.9			0.9811652565029824
6165.8			1.0010426692146834
6166.700000000001			1.0
6167.6			1.0
6168.5			1.0
6169.4			1.0
6170.3			1.0
6171.200000000001			1.0
6172.1			1.0
6173.0			1.0
6173.9			1.0
6174.8			1.0
6175.700000000001			1.0
6176.6			1.0
6177.5			1.0
6178.4			1.0
6179.3			1.0
6180.200000000001			1.0
6181.1			1.0
6182.0			1.0
6182.9			1.0
6183.8			1.0
6184.700000000001			1.0
6185.6			1.0
6186.5			1.0
6187.4			1.0
6188.3			1.0
6189.200000000001			1.0
6190.1			1.0
6191.0			1.0
6191.9			1.0
6192.8			1.0
6193.700000000001			1.0
6194.6			1.0
6195.5			1.0
6196.4			1.0
6197.3			1.0
6198.200000000001			1.0
6199.1			1.0
6200.0			1.0
6200.9			1.0
6201.8			1.0
6202.700000000001			1.0
6203.6			1.0
6204.5			1.0
6205.4			1.0
6206.3			1.0
6207.200000000001			1.0
6208.1			1.0
6209.0			1.0
6209.9			1.0
6210.8			1.0
6211.700000000001			1.0
6212.6			1.0
6213.5			1.0
6214.4			1.0
6215.3			1.0
6216.200000000001			1.0
6217.1			1.0
6218.0			1.0
6218.9			1.0
6219.8			1.0
6220.700000000001			1.0
6221.6			1.0
6222.5			1.0
6223.4			1.0
6224.3			1.0
6225.200000000001			1.0
6226.1			1.0
6227.0			1.003192328115604
6227.9			0.9961701157464832
6228.8			0.9737651686782441
6229.700000000001			0.9391456306235212
6230.6			0.9147831899924562
6231.5			0.9196618447384076
6232.4			0.9437016404922901
6233.3			0.9721317695167634
6234.200000000001			0.9999473091651803
6235.1			1.0
6236.0			1.0
6236.9			1.0
6237.8			1.0
6238.700000000001			1.0
6239.6			1.0
6240.5			1.0
6241.4			1.0
6242.3			1.0
6243.200000000001			1.0
6244.1			1.0
6245.0			1.0
6245.9			1.0
6246.8			1.0
6247.700000000001			1.0
6248.6			1.0
6249.5			0.9993123886722021
6250.4			0.9853172174052407
6251.3			0.9587524588163095
6252.200000000001			0.9330894468267643
6253.1			0.9256033013856537
6254.0			0.932557395103081
6254.9			0.93822130470109
6255.8			0.9320681188801263
6256.700000000001			0.9171989136171194
6257.6			0.9021734069408148
6258.5			0.9020317728150903
6259.4			0.9242275510133855
6260.3			0.9482091538965496
6261.200000000001			0.9649332476384914
6262.1			0.9849928619409563
6263.0			1.0005540981477083
6263.9			0.9922861396834411
6264.8			0.9723222708155597
6265.700000000001			0.9707684890516954
6266.6			0.9886016120376673
6267.5			1.000011603517277
6268.4			1.0
6269.3			1.0
6270.200000000001			1.0
6271.1			1.0
6272.0			1.0
6272.9			1.0
6273.8			1.0
6274.700000000001			1.0
6275.6			1.0
6276.5			1.0
6277.4			1.0
6278.3			1.0
6279.200000000001			1.0
6280.1			1.0
6281.0			1.0
6281.9			1.0
6282.8			1.0
6283.700000000001			1.0
6284.6			1.0
6285.5			1.0
6286.4			1.0
6287.3			1.0
6288.200000000001			1.0
6289.1			1.0
6290.0			1.0
6290.9			1.0
6291.8			1.0
6292.700000000001			1.0
6293.6			1.0
6294.5			1.0
6295.4			1.0
6296.3			1.0
6297.200000000001			1.0
6298.1			1.0
6299.0			1.0
6299.9			1.0
6300.8			1.0
6301.700000000001			1.0
6302.6			1.0
6303.5			1.0
6304.4			1.0
6305.3			1.0
6306.200000000001			1.0
6307.1			1.0
6308.0			1.0
6308.9			1.0
6309.8			1.0
6310.700000000001			1.0
6311.6			1.0
6312.5			1.0
6313.4			1.0
6314.3			1.0
6315.200000000001			1.0
6316.1			1.0
6317.0			1.0
6317.9			1.0
6318.8			1.0
6319.700000000001			1.0
6320.6			1.0
6321.5			1.0
6322.4			1.0
6323.3			1.0
6324.200000000001			1.0
6325.1			1.0
6326.0			1.0
6326.9			1.0
6327.8			1.0
6328.700000000001			1.0
6329.6			1.0
6330.5			1.0
6331.4			1.0
6332.3			1.0
6333.200000000001			1.0
6334.1			1.0
6335.0			1.0
6335.9			1.0
6336.8			1.0
6337.700000000001			1.0
6338.6			1.0
6339.5			1.0
6340.4			1.0
6341.3			1.0
6342.200000000001			1.0
6343.1			1.0
6344.0			1.0
6344.9			1.0
6345.8			1.0
6346.700000000001			1.0
6347.6			1.0
6348.5			1.0
6349.4			1.0
6350.3			1.0
6351.200000000001			1.0
6352.1			1.0
6353.0			1.0
6353.9			1.0
6354.8			1.0
6355.700000000001			1.0
6356.6			1.0
6357.5			1.0
6358.4			1.0
6359.3			1.0
6360.200000000001			1.0
6361.1			1.0
6362.0			1.0
6362.9			1.0
6363.8			1.0
6364.700000000001			1.0
6365.6			1.0
6366.5			1.0
6367.4			1.0
6368.3			1.0
6369.200000000001			1.0
6370.1			1.0
6371.0			1.0
6371.9			1.0
6372.8			1.0
6373.700000000001			1.0
6374.6			1.0
6375.5			1.0
6376.4			1.0
6377.3			1.0
6378.200000000001			1.0
6379.1			1.0
6380.0			1.0
6380.9			1.0
6381.8			1.0
6382.700000000001			1.0
6383.6			1.0
6384.5			1.0
6385.4			1.0
6386.3			1.0
6387.200000000001			1.0
6388.1			1.0
6389.0			1.0
6389.9			1.0
6390.8			1.0
6391.700000000001			1.0
6392.6			1.0
6393.5			1.0
6394.4			1.0
6395.3			1.0
6396.200000000001			1.0
6397.1			1.0
6398.0			1.0
6398.9			1.0
6399.8			1.0
6400.700000000001			1.0
6401.6			1.0
6402.5			1.0
6403.4			1.0
6404.3			1.0
6405.200000000001			1.0
6406.1			1.0
6407.0			1.0
6407.9			1.0
6408.8			1.0
6409.700000000001			1.0
6410.6			1.0
6411.5			1.0
6412.4			1.0
6413.3			1.0
6414.200000000001			1.0
6415.1			1.0
6416.0			1.0
6416.9			1.0
6417.8			1.0
6418.700000000001			1.0
6419.6			1.0
6420.5			1.0
6421.4			1.0
6422.3			1.0
6423.200000000001			1.0
6424.1			1.0
6425.0			1.0
6425.9			1.0
6426.8			1.0
6427.700000000001			1.0
6428.6			1.0
6429.5			1.0
6430.4			1.0
6431.3			1.0
6432.200000000001			1.0
6433.1			1.0
6434.0			1.0
6434.9			1.0
6435.8			1.0
6436.700000000001			1.0
6437.6			1.0
6438.5			1.0
6439.4			1.0
6440.3			1.0
6441.200000000001			1.0
6442.1			1.0
6443.0			1.0
6443.9			1.0
6444.8			1.0
6445.700000000001			1.0
6446.6			1.0
6447.5			0.9889466649041366
6448.4			0.9505222877335112
6449.3			0.9044356883094211
6450.200000000001			0.895144019094566
6451.1			0.9320316959124624
6452.0			0.9784173283151312
6452.9			1.0010913171791391
6453.8			1.0
6454.700000000001			1.0
6455.6			0.9917073599030354
6456.5			1.004218600287319
6457.4			1.0295522076997632
6458.3			1.0527565550812648
6459.200000000001			1.0674262246648312
6460.1			1.0666310198739708
6461.0			1.0415448672700156
6461.9			1.0071540874391132
6462.8			1.0007597712936296
6463.700000000001			1.0
6464.6			1.0
6465.5			1.0
6466.4			1.0
6467.3			1.0
6468.200000000001			1.0
6469.1			1.0
6470.0			1.0
6470.9			1.0
6471.8			1.0
6472.700000000001			1.0
6473.6			1.0
6474.5			1.0
6475.4			1.0
6476.3			1.0
6477.200000000001			1.0
6478.1			1.0
6479.0			1.0
6479.9			1.0
6480.8			1.0
6481.700000000001			1.0
6482.6			1.0
6483.5			1.0
6484.4			1.0
6485.3			1.0
6486.200000000001			1.0
6487.1			1.0
6488.0			1.0
6488.9			0.9973997024555834
6489.8			0.9917795278900322
6490.700000000001			0.9836956476161645
6491.6			0.9756963260086335
6492.5			0.9568570202270027
6493.4			0.9215853344635766
6494.3			1.0
6495.200000000001			0.9913241684601887
6496.1			1.0096565613874757
6497.0			1.0331474361980315
6497.9			1.0447663390322577
6498.8			1.0460043682684625
6499.700000000001			1.054790294325215
6500.6			1.074853742173192
6501.5			1.0940480093680474
6502.4			1.1051251769969372
6503.3			1.1097831202705222
6504.200000000001			1.110217155349535
6505.1			1.1095415942041216
6506.0			1.1095114339834098
6506.9			1.1068128752692221
6507.8			1.1001349118730979
6508.700000000001			1.095937498300756
6509.6			1.0977940446554908
6510.5			1.0988354287389275
6511.4			1.093903285647282
6512.3			1.0862678818519873
6513.200000000001			1.0789061553013948
6514.1			1.070618985481149
6515.0			1.0615309765096332
6515.9			1.0551921352875284
6516.8			1.0500185104583655
6517.700000000001			1.0474742619765167
6518.6			1.0516197634803552
6519.5			1.06263911116194
6520.4			1.0727154821883742
6521.3			1.0780844113946026
6522.200000000001			1.0808760162763327
6523.1			1.0823344626182043
6524.0			1.0812170458469736
6524.9			1.0758285810610306
6525.8			1.063055649895693
6526.700000000001			1.0482565587765702
6527.6			1.041994201708572
6528.5			1.0470860341993644
6529.4			1.054968235508251
6530.3			1.0561596767178951
6531.200000000001			1.0489466440644544
6532.1			1.0378609403685544
6533.0			1.0307465021259523
6533.9			1.0330520431650372
6534.8			1.0416700948202868
6535.700000000001			1.0479795809755081
6536.6			1.0482407193324539
6537.5			1.0470386259293332
6538.4			1.0480184226582763
6539.3			1.0492400677292633
6540.200000000001			1.0470294933787638
6541.1			1.0424572818183324
6542.0			1.0408215167699262
6542.9			1.041672978313236
6543.8			1.0351883592854478
6544.700000000001			1.013571395327871
6545.6			1.0
6546.5			0.9958144597729824
6547.4			1.0135651019269118
6548.3			1.0335399705356885
6549.200000000001			1.0429160324231295
6550.1			1.0416909755687955
6551.0			1.036440328092532
6551.9			1.0313848709746434
6552.8			1.023735254938285
6553.700000000001			1.0082088083274021
6554.6			0.9908284064726435
6555.5			0.9854714018418825
6556.4			0.9982810486022902
6557.3			1.014429000051925
6558.200000000001			1.018307292820652
6559.1			1.0056693663610001
6560.0			0.965279461397667
6560.9			0.8641875463796638
6561.8			0.7257012695867826
6562.700000000001			0.6622635218880164
6563.6			0.7417278023243004
6564.5			0.8872020167132076
6565.4			0.9907343236764844
6566.3			1.0292897835891295
6567.200000000001			1.031324397681675
6568.1			1.0186473387374093
6569.0			1.007943383100853
6569.9			1.0094669222329666
6570.8			1.0134362505069638
6571.700000000001			1.005243382302605
6572.6			0.9879521388840882
6573.5			0.9760194015617789
6574.4			0.9796091994949188
6575.3			0.9985694806067608
6576.200000000001			1.0220011952453636
6577.1			1.0380968579227847
6578.0			1.044014580779528
6578.9			1.0420294047398329
6579.8			1.0318457711882851
6580.700000000001			1.0222559015191817
6581.6			1.0222761974627044
6582.5			1.0305110499941958
6583.4			1.03716591440648
6584.3			1.0357641880978137
6585.200000000001			1.0257831016093362
6586.1			1.0188311358772815
6587.0			1.024184497468499
6587.9			1.039157568324336
6588.8			1.0505184172044422
6589.700000000001			1.0525798348602864
6590.6			1.0391684754562942
6591.5			1.00683822649723
6592.4			0.9702755809948366
6593.3			0.9591376246454469
6594.200000000001			0.9824797296273194
6595.1			1.0150513406902617
6596.0			1.0311207615822298
6596.9			1.0283814355373566
6597.8			1.020234278578838
6598.700000000001			1.0179284484523639
6599.6			1.026152243245038
6600.5			1.0380719118105346
6601.4			1.0454771423267109
6602.3			1.0419487060790291
6603.200000000001			1.030756954461569
6604.1			1.019039366452292
6605.0			1.0146170906935896
6605.9			1.013863366020193
6606.8			1.0073932536973595
6607.700000000001			0.9933792907798233
6608.6			0.9848147841857976
6609.5			0.9946311771603317
6610.4			1.0174129991679977
6611.3			1.0347313825919342
6612.200000000001			1.0378994438127391
6613.1			1.0345581327140605
6614.0			1.0341476503030766
6614.9			1.0386237017858295
6615.8			1.042327273357987
6616.700000000001			1.0442296488101934
6617.6			1.046268896106494
6618.5			1.049469867089726
6619.4			1.051251019303745
6620.3			1.0524796355867159
6621.200000000001			1.05300656292075
6622.1			1.0519482635565192
6623.0			1.0427703566379614
6623.9			1.0281970312441588
6624.8			1.0199567870913158
6625.700000000001			1.0245170767697405
6626.6			1.0337764236732176
6627.5			1.038558474737418
6628.4			1.0373939010169142
6629.3			1.0321878496097987
6630.200000000001			1.0270334781882193
6631.1			1.022234537987145
6632.0			1.0130805344669949
6632.9			1.0000211256238714
6633.8			1.0
6634.700000000001			1.0
6635.6			1.0
6636.5			1.0
6637.4			1.0
6638.3			1.0
6639.200000000001			1.0
6640.1			1.0
6641.0			1.0
6641.9			1.0
6642.8			1.0
6643.700000000001			1.0
6644.6			1.0
6645.5			1.0
6646.4			1.0
6647.3			1.0
6648.200000000001			1.0
6649.1			1.0
6650.0			1.0
6650.9			1.0
6651.8			1.0
6652.700000000001			1.0
6653.6			1.0
6654.5			1.0
6655.4			1.0
6656.3			1.0
6657.200000000001			1.0
6658.1			1.0
6659.0			1.0
6659.9			1.0
6660.8			1.0
6661.700000000001			1.0
6662.6			1.0
6663.5			1.0
6664.4			1.0
6665.3			1.0
6666.200000000001			1.0
6667.1			1.0
6668.0			1.0
6668.9			1.0
6669.8			1.0
6670.700000000001			1.0
6671.6			1.0
6672.5			1.0
6673.4			1.0
6674.3			1.0
6675.200000000001			1.0
6676.1			1.0
6677.0			1.0
6677.9			1.0
6678.8			1.0
6679.700000000001			1.0
6680.6			1.0
6681.5			1.0
6682.4			1.0
6683.3			1.0
6684.200000000001			1.0
6685.1			1.0
6686.0			1.0
6686.9			1.0
6687.8			1.0
6688.700000000001			1.0
6689.6			1.0
6690.5			1.0
6691.4			1.0
6692.3			1.0
6693.200000000001			1.0
6694.1			1.0
6695.0			1.0
6695.9			1.0
6696.8			1.0
6697.700000000001			1.0
6698.6			1.0
6699.5			1.0
6700.4			1.0
6701.3			1.0
6702.200000000001			1.0
6703.1			1.0
6704.0			1.0
6704.9			1.0
6705.8			1.0
6706.700000000001			1.0
6707.6			1.0
6708.5			1.0
6709.4			1.0
6710.3			1.0
6711.200000000001			1.0
6712.1			1.0
6713.0			1.0
6713.9			1.0
6714.8			1.0
6715.700000000001			1.0
6716.6			1.0
6717.5			1.0
6718.4			1.0
6719.3			1.0
6720.200000000001			1.0
6721.1			1.0
6722.0			1.0
6722.9			1.0
6723.8			1.0
6724.700000000001			1.0
6725.6			1.0
6726.5			1.0
6727.4			1.0
6728.3			1.0
6729.200000000001			1.0
6730.1			1.0
6731.0			1.0
6731.9			1.0
6732.8			1.0
6733.700000000001			1.0
6734.6			1.0
6735.5			1.0
6736.4			1.0
6737.3			1.0
6738.200000000001			1.0
6739.1			1.0
6740.0			1.0
6740.9			1.0
6741.8			1.0
6742.700000000001			1.0
6743.6			1.0
6744.5			1.0
6745.4			1.0
6746.3			1.0
6747.200000000001			1.0
6748.1			1.0
6749.0			1.0
6749.9			1.0
6750.8			1.0
6751.700000000001			1.0
6752.6			1.0
6753.5			1.0
6754.4			1.0
6755.3			1.0
6756.200000000001			1.0
6757.1			1.0
6758.0			1.0
6758.9			1.0
6759.8			1.0
6760.700000000001			1.0
6761.6			1.0
6762.5			1.0
6763.4			1.0
6764.3			1.0
6765.200000000001			1.0
6766.1			1.0
6767.0			1.0
6767.9			1.0
6768.8			1.0
6769.700000000001			1.0
6770.6			1.0
6771.5			1.0
6772.4			1.0
6773.3			1.0
6774.200000000001			1.0
6775.1			1.0
6776.0			1.0
6776.9			1.0
6777.8			1.0
6778.700000000001			1.0
6779.6			1.0
6780.5			1.0
6781.4			1.0
6782.3			1.0
6783.200000000001			1.0
6784.1			1.0
6785.0			1.0
6785.9			1.0
6786.8			1.0
6787.700000000001			1.0
6788.6			1.0
6789.5			1.0
6790.4			1.0
6791.3			1.0
6792.200000000001			1.0
6793.1			1.0
6794.0			1.0
6794.9			1.0
6795.8			1.0
6796.700000000001			1.0
6797.6			1.0
6798.5			1.0
6799.4			1.0
6800.3			1.0
6801.200000000001			1.0
6802.1			1.0
6803.0			1.0
6803.9			1.0
6804.8			1.0
6805.700000000001			1.0
6806.6			1.0
6807.5			1.0
6808.4			1.0
6809.3			1.0
6810.200000000001			1.0
6811.1			1.0
6812.0			1.0
6812.9			1.0
6813.8			1.0
6814.700000000001			1.0
6815.6			1.0
6816.5			1.0
6817.4			1.0
6818.3			1.0
6819.200000000001			1.0
6820.1			1.0
6821.0			1.0
6821.9			1.0
6822.8			1.0
6823.700000000001			1.0
6824.6			1.0
6825.5			1.0
6826.4			1.0
6827.3			1.0
6828.200000000001			1.0
6829.1			1.0
6830.0			1.0
6830.9			1.0
6831.8			1.0
6832.700000000001			1.0
6833.6			1.0
6834.5			1.0
6835.4			1.0
6836.3			1.0
6837.200000000001			1.0
6838.1			1.0
6839.0			1.0
6839.9			1.0
6840.8			1.0
6841.700000000001			1.0
6842.6			1.0
6843.5			1.0
6844.4			1.0
6845.3			1.0
6846.200000000001			1.0
6847.1			1.0
6848.0			1.0
6848.9			1.0
6849.8			1.0
6850.700000000001			1.0
6851.6			1.0
6852.5			1.0
6853.4			1.0
6854.3			1.0
6855.200000000001			1.0
6856.1			1.0
6857.0			1.0
6857.9			1.0
6858.8			1.0
6859.700000000001			1.0
6860.6			1.0
6861.5			1.0
6862.4			1.0
6863.3			1.0
6864.200000000001			1.0
6865.1			1.0
6866.0			1.0
6866.9			1.0
6867.8			1.0
6868.700000000001			1.0
6869.6			1.0
6870.5			1.0
6871.4			1.0
6872.3			1.0
6873.200000000001			1.0
6874.1			1.0
6875.0			1.0
6875.9			1.0
6876.8			1.0
6877.700000000001			1.0
6878.6			1.0
6879.5			1.0
6880.4			1.0
6881.3			1.0
6882.200000000001			1.0
6883.1			1.0
6884.0			1.0
6884.9			1.0
6885.8			1.0
6886.700000000001			1.0
6887.6			1.0
6888.5			1.0
6889.4			1.0
6890.3			1.0
6891.200000000001			1.0
6892.1			1.0
6893.0			1.0
6893.9			1.0
6894.8			1.0
6895.700000000001			1.0
6896.6			1.0
6897.5			1.0
6898.4			1.0
6899.3			1.0
6900.200000000001			1.0
6901.1			1.0
6902.0			1.0
6902.9			1.0
6903.8			1.0
6904.700000000001			1.0
6905.6			1.0
6906.5			1.0
6907.4			1.0
6908.3			1.0
6909.200000000001			1.0
6910.1			1.0
6911.0			1.0
6911.9			1.0
6912.8			1.0
6913.700000000001			1.0
6914.6			1.0
6915.5			1.0
6916.4			1.0
6917.3			1.0
6918.200000000001			1.0
6919.1			1.0
6920.0			1.0
6920.9			1.0
6921.8			1.0
6922.700000000001			1.0
6923.6			1.0
6924.5			1.0
6925.4			1.0
6926.3			1.0
6927.200000000001			1.0
6928.1			1.0
6929.0			1.0
6929.9			1.0
6930.8			1.0
6931.700000000001			1.0
6932.6			1.0
6933.5			1.0
6934.4			1.0
6935.3			1.0
6936.200000000001			1.0
6937.1			1.0
6938.0			1.0
6938.9			1.0
6939.8			1.0
6940.700000000001			1.0
6941.6			1.0
6942.5			1.0
6943.4			1.0
6944.3			1.0
6945.200000000001			1.0
6946.1			1.0
6947.0			1.0
6947.9			1.0
6948.8			1.0
6949.700000000001			1.0
6950.6			1.0
6951.5			1.0
6952.4			1.0
6953.3			1.0
6954.200000000001			1.0
6955.1			1.0
6956.0			1.0
6956.9			1.0
6957.8			1.0
6958.700000000001			1.0
6959.6			1.0
6960.5			1.0
6961.4			1.0
6962.3			1.0
6963.200000000001			1.0
6964.1			1.0
6965.0			1.0
6965.9			1.0
6966.8			1.0
6967.700000000001			1.0
6968.6			1.0
6969.5			1.0
6970.4			1.0
6971.3			1.0
6972.200000000001			1.0
6973.1			1.0
6974.0			1.0
6974.9			1.0
6975.8			1.0
6976.700000000001			1.0
6977.6			1.0
6978.5			1.0
6979.4			1.0
6980.3			1.0
6981.200000000001			1.0
6982.1			1.0
6983.0			1.0
6983.9			1.0
6984.8			1.0
6985.700000000001			1.0
6986.6			1.0
6987.5			1.0
6988.4			1.0
6989.3			1.0
6990.200000000001			1.0
6991.1			1.0
6992.0			1.0
6992.9			1.0
6993.8			1.0
6994.700000000001			1.0
6995.6			1.0
6996.5			1.0
6997.4			1.0
6998.3			1.0
6999.200000000001			1.0
7000.1			1.0
7001.0			1.0
7001.9			1.0
7002.8			1.0
7003.700000000001			1.0
7004.6			1.0
7005.5			1.0
7006.4			1.0
7007.3			1.0
7008.200000000001			1.0
7009.1			1.0
7010.0			1.0
7010.9			1.0
7011.8			1.0
7012.700000000001			1.0
7013.6			1.0
7014.5			1.0
7015.4			1.0
7016.3			1.0
7017.200000000001			1.0
7018.1			1.0
7019.0			1.0
7019.9			1.0
7020.8			1.0
7021.700000000001			1.0
7022.6			1.0
7023.5			1.0
7024.4			1.0
7025.3			1.0
7026.200000000001			1.0
7027.1			1.0
7028.0			1.0
7028.9			1.0
7029.8			1.0
7030.700000000001			1.0
7031.6			1.0
7032.5			1.0
7033.4			1.0
7034.3			1.0
7035.200000000001			1.0
7036.1			1.0
7037.0			1.0
7037.9			1.0
7038.8			1.0
7039.700000000001			1.0
7040.6			1.0
7041.5			1.0
7042.4			1.0
7043.3			1.0
7044.200000000001			1.0
7045.1			1.0
7046.0			1.0
7046.9			1.0
7047.8			1.0
7048.700000000001			1.0
7049.6			1.0
7050.5			1.0
7051.4			1.0
7052.3			1.0
7053.200000000001			1.0
7054.1			1.0
7055.0			1.0
7055.9			1.0
7056.8			1.0
7057.700000000001			1.0
7058.6			1.0
7059.5			1.0
7060.4			1.0
7061.3			1.0
7062.200000000001			1.0
7063.1			1.0
7064.0			1.0
7064.9			1.0
7065.8			1.0
7066.700000000001			1.0
7067.6			1.0
7068.5			1.0
7069.4			1.0
7070.3			1.0
7071.200000000001			1.0
7072.1			1.0
7073.0			1.0
7073.9			1.0
7074.8			1.0
7075.700000000001			1.0
7076.6			1.0
7077.5			1.0
7078.4			1.0
7079.3			1.0
7080.200000000001			1.0
7081.1			1.0
7082.0			1.0
7082.9			1.0
7083.8			1.0
7084.700000000001			1.0
7085.6			1.0
7086.5			1.0
7087.4			1.0
7088.3			1.0
7089.200000000001			1.0
7090.1			1.0
7091.0			1.0
7091.9			1.0
7092.8			1.0
7093.700000000001			1.0
7094.6			1.0
7095.5			1.0
7096.4			1.0
7097.3			1.0
7098.200000000001			1.0
7099.1			1.0
7100.0			1.0
7100.9			1.0
7101.8			1.0
7102.700000000001			1.0
7103.6			1.0
7104.5			1.0
7105.4			1.0
7106.3			1.0
7107.200000000001			1.0
7108.1			1.0
7109.0			1.0
7109.9			1.0
7110.8			1.0
7111.700000000001			1.0
7112.6			1.0
7113.5			1.0
7114.4			1.0
7115.3			1.0
7116.200000000001			1.0
7117.1			1.0
7118.0			1.0
7118.9			1.0
7119.8			1.0
7120.700000000001			1.0
7121.6			1.0
7122.5			1.0
7123.4			1.0
7124.3			1.0
7125.200000000001			1.0
7126.1			1.0
7127.0			1.0
7127.9			1.0
7128.8			1.0
7129.700000000001			1.0
7130.6			1.0
7131.5			1.0
7132.4			1.0
7133.3			1.0
7134.200000000001			1.0
7135.1			1.0
7136.0			1.0
7136.9			1.0
7137.8			1.0
7138.700000000001			1.0
7139.6			1.0
7140.5			1.0
7141.4			1.0
7142.3			1.0
7143.200000000001			1.0
7144.1			1.0
7145.0			1.0
7145.9			1.0
7146.8			1.0
7147.700000000001			1.0
7148.6			1.0
7149.5			1.0
7150.4			1.0
7151.3			1.0
7152.200000000001			1.0
7153.1			1.0
7154.0			1.0
7154.9			1.0
7155.8			1.0
7156.700000000001			1.0
7157.6			1.0
7158.5			1.0
7159.4			1.0
7160.3			1.0
7161.200000000001			1.0
7162.1			1.0
7163.0			1.0
7163.9			1.0
7164.8			1.0
7165.700000000001			1.0
7166.6			1.0
7167.5			1.0
7168.4			1.0
7169.3			1.0
7170.200000000001			1.0
7171.1			1.0
7172.0			1.0
7172.9			1.0
7173.8			1.0
7174.700000000001			1.0
7175.6			1.0
7176.5			1.0
7177.4			1.0
7178.3			1.0
7179.200000000001			1.0
7180.1			1.0
7181.0			1.0
7181.9			1.0
7182.8			1.0
7183.700000000001			1.0
7184.6			1.0
7185.5			1.0
7186.4			1.0
7187.3			1.0
7188.200000000001			1.0
7189.1			1.0
7190.0			1.0
7190.9			1.0
7191.8			1.0
7192.700000000001			1.0
7193.6			1.0
7194.5			1.0
7195.4			1.0
7196.3			1.0
7197.200000000001			1.0
7198.1			1.0
7199.0			1.0
7199.9			1.0
7200.8			1.0
7201.700000000001			1.0
7202.6			1.0
7203.5			1.0
7204.4			1.0
7205.3			1.0
7206.200000000001			1.0
7207.1			1.0
7208.0			1.0
7208.9			1.0
7209.8			1.0
7210.700000000001			1.0
7211.6			1.0
7212.5			1.0
7213.4			1.0
7214.3			1.0
7215.200000000001			1.0
7216.1			1.0
7217.0			1.0
7217.9			1.0
7218.8			1.0
7219.700000000001			1.0
7220.6			1.0
7221.5			1.0
7222.4			1.0
7223.3			1.0
7224.200000000001			1.0
7225.1			1.0
7226.0			1.0
7226.9			1.0
7227.8			1.0
7228.700000000001			1.0
7229.6			1.0
7230.5			1.0
7231.4			1.0
7232.3			1.0
7233.200000000001			1.0
7234.1			1.0
7235.0			1.0
7235.9			1.0
7236.8			1.0
7237.700000000001			1.0
7238.6			1.0
7239.5			1.0
7240.4			1.0
7241.3			1.0
7242.200000000001			1.0
7243.1			1.0
7244.0			1.0
7244.9			1.0
7245.8			1.0
7246.700000000001			1.0
7247.6			1.0
7248.5			1.0
7249.4			1.0
7250.3			1.0
7251.200000000001			1.0
7252.1			1.0
7253.0			1.0
7253.9			1.0
7254.8			1.0
7255.700000000001			1.0
7256.6			1.0
7257.5			1.0
7258.4			1.0
7259.3			1.0
7260.200000000001			1.0
7261.1			1.0
7262.0			1.0
7262.9			1.0
7263.8			1.0
7264.700000000001			1.0
7265.6			1.0
7266.5			1.0
7267.4			1.0
7268.3			1.0
7269.200000000001			1.0
7270.1			1.0
7271.0			1.0
7271.9			1.0
7272.8			1.0
7273.700000000001			1.0
7274.6			1.0
7275.5			1.0
7276.4			1.0
7277.3			1.0
7278.200000000001			1.0
7279.1			1.0
7280.0			1.0
7280.9			1.0
7281.8			1.0
7282.700000000001			1.0
7283.6			1.0
7284.5			1.0
7285.4			1.0
7286.3			1.0
7287.200000000001			1.0
7288.1			1.0
7289.0			1.0
7289.9			1.0
7290.8			1.0
7291.700000000001			1.0
7292.6			1.0
7293.5			1.0
7294.4			1.0
7295.3			1.0
7296.200000000001			1.0
7297.1			1.0
7298.0			1.0
7298.9			1.0
7299.8			1.0
7300.700000000001			1.0
7301.6			1.0
7302.5			1.0
7303.4			1.0
7304.3			1.0
7305.200000000001			1.0
7306.1			1.0
7307.0			1.0
7307.9			1.0
7308.8			1.0
7309.700000000001			1.0
7310.6			1.0
7311.5			1.0
7312.4			1.0
7313.3			1.0
7314.200000000001			1.0
7315.1			1.0
7316.0			1.0
7316.9			1.0
7317.8			1.0
7318.700000000001			1.0
7319.6			1.0
7320.5			1.0
7321.4			1.0
7322.3			1.0
7323.200000000001			1.0
7324.1			1.0
7325.0			1.0
7325.9			1.0
7326.8			1.0
7327.700000000001			1.0
7328.6			1.0
7329.5			1.0
7330.4			1.0
7331.3			1.0
7332.200000000001			1.0
7333.1			1.0
7334.0			1.0
7334.9			1.0
7335.8			1.0
7336.700000000001			1.0
7337.6			1.0
7338.5			1.0
7339.4			1.0
7340.3			1.0
7341.200000000001			1.0
7342.1			1.0
7343.0			1.0
7343.9			1.0
7344.8			1.0
7345.700000000001			1.0
7346.6			1.0
7347.5			1.0
7348.4			1.0
7349.3			1.0
7350.200000000001			1.0
7351.1			1.0
7352.0			1.0
7352.9			1.0
7353.8			1.0
7354.700000000001			1.0
7355.6			1.0
7356.5			1.0
7357.4			1.0
7358.3			1.0
7359.200000000001			1.0
7360.1			1.0
7361.0			1.0
7361.9			1.0
7362.8			1.0
7363.700000000001			1.0
7364.6			1.0
7365.5			1.0
7366.4			1.0
7367.3			1.0
7368.200000000001			1.0
7369.1			1.0
7370.0			1.0
7370.9			1.0
7371.8			1.0
7372.700000000001			1.0
7373.6			1.0
7374.5			1.0
7375.4			1.0
7376.3			1.0
7377.200000000001			1.0
7378.1			1.0
7379.0			1.0
7379.9			1.0
7380.8			1.0
7381.700000000001			1.0
7382.6			1.0
7383.5			1.0
7384.4			1.0
7385.3			1.0
7386.200000000001			1.0
7387.1			1.0
7388.0			1.0
7388.9			1.0
7389.8			1.0
7390.700000000001			1.0
7391.6			1.0
7392.5			1.0
7393.4			1.0
7394.3			1.0
7395.200000000001			1.0
7396.1			1.0
7397.0			1.0
7397.9			1.0
7398.8			1.0
7399.700000000001			1.0
7400.6			1.0
7401.5			1.0
7402.4			1.0
7403.3			1.0
7404.200000000001			1.0
7405.1			1.0
7406.0			1.0
7406.9			1.0
7407.8			1.0
7408.700000000001			1.0
7409.6			1.0
7410.5			1.0
7411.4			1.0
7412.3			1.0
7413.200000000001			1.0
7414.1			1.0
7415.0			1.0
7415.9			1.0
7416.8			1.0
7417.700000000001			1.0
7418.6			1.0
7419.5			1.0
7420.4			1.0
7421.3			1.0
7422.200000000001			1.0
7423.1			1.0
7424.0			1.0
7424.9			1.0
7425.8			1.0
7426.700000000001			1.0
7427.6			1.0
7428.5			1.0
7429.4			1.0
