3500.0			1.0
3500.9			1.0
3501.8			1.0
3502.7			1.0
3503.6			1.0
3504.5			1.0
3505.4			1.0
3506.3			1.0
3507.2			1.0
3508.1			1.0
3509.0			1.0
3509.9			1.0
3510.8			1.0
3511.7			1.0
3512.6			1.0
3513.5			1.0
3514.4			1.0
3515.3			1.0
3516.2			1.0
3517.1			1.0
3518.0			1.0
3518.9			1.0
3519.8			1.0
3520.7			1.0
3521.6			1.0
3522.5			1.0
3523.4			1.0
3524.3			1.0
3525.2			1.0
3526.1			1.0
3527.0			1.0
3527.9			1.0
3528.8			1.0
3529.7			1.0
3530.6			1.0
3531.5			1.0
3532.4			1.0
3533.3			1.0
3534.2			1.0
3535.1			1.0
3536.0			1.0
3536.9			1.0
3537.8			1.0
3538.7			1.0
3539.6			1.0
3540.5			1.0
3541.4			1.0
3542.3			1.0
3543.2			1.0
3544.1			1.0
3545.0			1.0
3545.9			1.0
3546.8			1.0
3547.7			1.0
3548.6			1.0
3549.5			1.0
3550.4			1.0
3551.3			1.0
3552.2			1.0
3553.1			1.0
3554.0			1.0
3554.9			1.0
3555.8			1.0
3556.7			1.0
3557.6			1.0
3558.5			1.0
3559.4			1.0
3560.3			1.0
3561.2			1.0
3562.1			1.0
3563.0			1.0
3563.9			1.0
3564.8			1.0
3565.7			1.0
3566.6			1.0
3567.5			1.0
3568.4			1.0
3569.3			1.0
3570.2			1.0
3571.1			1.0
3572.0			1.0
3572.9			1.0
3573.8			1.0
3574.7			1.0
3575.6			1.0
3576.5			1.0
3577.4			1.0
3578.3			1.0
3579.2			1.0
3580.1			1.0
3581.0			1.0
3581.9			1.0
3582.8			1.0
3583.7			1.0
3584.6			1.0
3585.5			1.0
3586.4			1.0
3587.3			1.0
3588.2			1.0
3589.1			1.0
3590.0			1.0
3590.9			1.0
3591.8			1.0
3592.7			1.0
3593.6			1.0
3594.5			1.0
3595.4			1.0
3596.3			1.0
3597.2			1.0
3598.1			1.0
3599.0			1.0
3599.9			1.0
3600.8			1.0
3601.7			1.0
3602.6			1.0
3603.5			1.0
3604.4			1.0
3605.3			1.0
3606.2			1.0
3607.1			1.0
3608.0			1.0
3608.9			1.0
3609.8			1.0
3610.7			1.0
3611.6			1.0
3612.5			1.0
3613.4			1.0
3614.3			1.0
3615.2			1.0
3616.1			1.0
3617.0			1.0
3617.9			1.0
3618.8			1.0
3619.7			1.0
3620.6			1.0
3621.5			1.0
3622.4			1.0
3623.3			1.0
3624.2			1.0
3625.1			1.0
3626.0			1.0
3626.9			1.0
3627.8			1.0
3628.7			1.0
3629.6			1.0
3630.5			1.0
3631.4			1.0
3632.3			1.0
3633.2			1.0
3634.1			1.0
3635.0			1.0
3635.9			1.0
3636.8			1.0
3637.7			1.0
3638.6			1.0
3639.5			1.0
3640.4			1.0
3641.3			1.0
3642.2			1.0
3643.1			1.0
3644.0			1.0
3644.9			1.0
3645.8			1.0
3646.7			1.0
3647.6			1.0
3648.5			1.0
3649.4			1.0
3650.3			1.0
3651.2			1.0
3652.1			1.0
3653.0			1.0
3653.9			1.0
3654.8			1.0
3655.7			1.0
3656.6			1.0
3657.5			1.0
3658.4			1.0
3659.3			1.0
3660.2			1.0
3661.1			1.0
3662.0			1.0
3662.9			1.0
3663.8			1.0
3664.7			1.0
3665.6			1.0
3666.5			1.0
3667.4			1.0
3668.3			1.0
3669.2			1.0
3670.1			1.0
3671.0			1.0
3671.9			1.0
3672.8			1.0
3673.7			1.0
3674.6			1.0
3675.5			1.0
3676.4			1.0
3677.3			1.0
3678.2			1.0
3679.1			1.0
3680.0			1.0
3680.9			1.0
3681.8			1.0
3682.7			1.0
3683.6			1.0
3684.5			1.0
3685.4			1.0
3686.3			1.0
3687.2			1.0
3688.1			1.0
3689.0			1.0
3689.9			1.0
3690.8			1.0
3691.7			1.0
3692.6			1.0
3693.5			1.0
3694.4			1.0
3695.3			1.0
3696.2			1.0
3697.1			1.0
3698.0			1.0
3698.9			1.0
3699.8			1.0
3700.7			1.0
3701.6			1.0
3702.5			1.0
3703.4			1.0
3704.3			1.0
3705.2			1.0
3706.1			1.0
3707.0			1.0
3707.9			1.0
3708.8			1.0
3709.7			1.0
3710.6			1.0
3711.5			1.0
3712.4			1.0
3713.3			1.0
3714.2			1.0
3715.1			1.0
3716.0			1.0
3716.9			1.0
3717.8			1.0
3718.7			1.0
3719.6			1.0
3720.5			1.0
3721.4			1.0
3722.3			1.0
3723.2			1.0
3724.1			1.0
3725.0			1.0
3725.9			1.0
3726.8			1.0
3727.7			1.0
3728.6			1.0
3729.5			1.0
3730.4			1.0
3731.3			1.0
3732.2			1.0
3733.1			1.0
3734.0			1.0
3734.9			1.0
3735.8			1.0
3736.7			1.0
3737.6			1.0
3738.5			1.0
3739.4			1.0
3740.3			1.0
3741.2			1.0
3742.1			1.0
3743.0			1.0
3743.9			1.0
3744.8			1.0
3745.7			1.0
3746.6			1.0
3747.5			1.0
3748.4			1.0
3749.3			1.0
3750.2			1.0
3751.1			1.0
3752.0			1.0
3752.9			1.0
3753.8			1.0
3754.7			1.0
3755.6			1.0
3756.5			1.0
3757.4			1.0
3758.3			1.0
3759.2			1.0
3760.1			1.0
3761.0			1.0
3761.9			1.0
3762.8			1.0
3763.7			1.0
3764.6			1.0
3765.5			1.0
3766.4			1.0
3767.3			1.0
3768.2			1.0
3769.1			1.0
3770.0			1.0
3770.9			1.0
3771.8			1.0
3772.7			1.0
3773.6			1.0
3774.5			1.0
3775.4			1.0
3776.3			1.0
3777.2			1.0
3778.1			1.0
3779.0			1.0
3779.9			1.0
3780.8			1.0
3781.7			1.0
3782.6			1.0
3783.5			1.0
3784.4			1.0
3785.3			1.0
3786.2			1.0
3787.1			1.0
3788.0			1.0
3788.9			1.0
3789.8			1.0
3790.7			1.0
3791.6			1.0
3792.5			1.0
3793.4			1.0
3794.3			1.0
3795.2			1.0
3796.1			1.0
3797.0			1.0
3797.9			1.0
3798.8			1.0
3799.7			1.0
3800.6			1.0
3801.5			1.0
3802.4			1.0
3803.3			1.0
3804.2			1.0
3805.1			1.0
3806.0			1.0
3806.9			1.0
3807.8			1.0
3808.7			1.0
3809.6			1.0
3810.5			1.0
3811.4			1.0
3812.3			1.0
3813.2			1.0
3814.1			1.0
3815.0			1.0
3815.9			1.0
3816.8			1.0
3817.7			1.0
3818.6			1.0
3819.5			1.0
3820.4			1.0
3821.3			1.0
3822.2			1.0
3823.1			1.0
3824.0			1.0
3824.9			1.0
3825.8			1.0
3826.7			1.0
3827.6			1.0
3828.5			1.0
3829.4			1.0
3830.3			1.0
3831.2			1.0
3832.1			1.0
3833.0			1.0
3833.9			1.0
3834.8			1.0
3835.7			1.0
3836.6			1.0
3837.5			1.0
3838.4			1.0
3839.3			1.0
3840.2			1.0
3841.1			1.0
3842.0			1.0
3842.9			1.0
3843.8			1.0
3844.7			1.0
3845.6			1.0
3846.5			1.0
3847.4			1.0
3848.3			1.0
3849.2			1.0
3850.1			1.0
3851.0			1.0
3851.9			1.0
3852.8			1.0
3853.7			1.0
3854.6			1.0
3855.5			1.0
3856.4			1.0
3857.3			1.0
3858.2			1.0
3859.1			1.0
3860.0			1.0
3860.9			1.0
3861.8			1.0
3862.7			1.0
3863.6			1.0
3864.5			1.0
3865.4			1.0
3866.3			1.0
3867.2			1.0
3868.1			1.0
3869.0			1.0
3869.9			1.0
3870.8			1.0
3871.7			1.0
3872.6			1.0
3873.5			1.0
3874.4			1.0
3875.3			1.0
3876.2			1.0
3877.1			1.0
3878.0			1.0
3878.9			1.0
3879.8			1.0
3880.7			1.0
3881.6			1.0
3882.5			1.0
3883.4			1.0
3884.3			1.0
3885.2			1.0
3886.1			1.0
3887.0			1.0
3887.9			1.0
3888.8			1.0
3889.7			1.0
3890.6			1.0
3891.5			1.0
3892.4			1.0
3893.3			1.0
3894.2			1.0
3895.1			1.0
3896.0			1.0
3896.9			1.0
3897.8			1.0
3898.7			1.0
3899.6			1.0
3900.5			1.0
3901.4			1.0
3902.3			1.0
3903.2			1.0
3904.1			1.0
3905.0			1.0
3905.9			1.0
3906.8			1.0
3907.7			1.0
3908.6			1.0
3909.5			1.0
3910.4			1.0
3911.3			1.0
3912.2			1.0
3913.1			1.0
3914.0			1.0
3914.9			1.0
3915.8			1.0
3916.7			1.0
3917.6			1.0
3918.5			1.0
3919.4			1.0
3920.3			1.0
3921.2			1.0
3922.1			1.0
3923.0			1.0
3923.9			1.0
3924.8			1.0
3925.7			1.0
3926.6			1.0
3927.5			1.0
3928.4			1.0
3929.3			1.0
3930.2			1.0
3931.1			1.0
3932.0			1.0
3932.9			1.0
3933.8			1.0
3934.7			1.0
3935.6			1.0
3936.5			1.0
3937.4			1.0
3938.3			1.0
3939.2			1.0
3940.1			1.0
3941.0			1.0
3941.9			1.0
3942.8			1.0
3943.7			1.0
3944.6			1.0
3945.5			1.0
3946.4			1.0
3947.3			1.0
3948.2			1.0
3949.1			1.0
3950.0			1.0
3950.9			1.0
3951.8			1.0
3952.7			1.0
3953.6			1.0
3954.5			1.0
3955.4			1.0
3956.3			1.0
3957.2			1.0
3958.1			1.0
3959.0			1.0
3959.9			1.0
3960.8			1.0
3961.7			1.0
3962.6			1.0
3963.5			1.0
3964.4			1.0
3965.3			1.0
3966.2			1.0
3967.1			1.0
3968.0			1.0
3968.9			1.0
3969.8			1.0
3970.7			1.0
3971.6			1.0
3972.5			1.0
3973.4			1.0
3974.3			1.0
3975.2			1.0
3976.1			1.0
3977.0			1.0
3977.9			1.0
3978.8			1.0
3979.7			1.0
3980.6			1.0
3981.5			1.0
3982.4			1.0
3983.3			1.0
3984.2			1.0
3985.1			1.0
3986.0			1.0
3986.9			1.0
3987.8			1.0
3988.7			1.0
3989.6			1.0
3990.5			1.0
3991.4			1.0
3992.3			1.0
3993.2			1.0
3994.1			1.0
3995.0			1.0
3995.9			1.0
3996.8			1.0
3997.7			1.0
3998.6			1.0
3999.5			1.0
4000.4			1.0
4001.3			1.0
4002.2			1.0
4003.1			1.0285731754375091
4004.0			0.9600034839212453
4004.9			0.824645066291867
4005.8			0.7828712615921649
4006.7			0.862334991808312
4007.6			0.9570368695608344
4008.5			1.0027858914117767
4009.4			1.0
4010.3			1.0
4011.2			1.0
4012.1			1.0
4013.0			1.0
4013.9			1.0
4014.8			1.0
4015.7			1.0
4016.6			1.0
4017.5			1.0
4018.4			1.0
4019.3			1.0
4020.2			1.0
4021.1			1.0
4022.0			1.0
4022.9			1.0
4023.8			1.0
4024.7			1.0
4025.6			1.0
4026.5			1.0473661982882676
4027.4			1.068388871104572
4028.3			1.0526433791485978
4029.2			0.9931404936679926
4030.1			0.8789477611651447
4031.0			0.8104060050580425
4031.9			0.8027448124316529
4032.8			0.7976142541821712
4033.7			0.8112703299433655
4034.6			0.837437943935749
4035.5			0.8820849131003625
4036.4			0.9479648658830914
4037.3			1.0015011936609493
4038.2			1.0
4039.1			1.0
4040.0			1.0
4040.9			1.0
4041.8			1.0
4042.7			1.0335898961735912
4043.6			0.9334006358542717
4044.5			0.7525797116022247
4045.4			0.6233552418097696
4046.3			0.690141781292601
4047.2			0.8910333489114429
4048.1			1.000751915053241
4049.0			1.0
4049.9			1.0
4050.8			1.0
4051.7			1.0
4052.6			1.0
4053.5			1.0
4054.4			1.0
4055.3			1.0
4056.2			1.0
4057.1			1.0
4058.0			1.0
4058.9			1.0
4059.8			1.0
4060.7			1.0367066085973027
4061.6			0.9846296334472873
4062.5			0.8554947140166241
4063.4			0.7486724173487332
4064.3			0.808337953927045
4065.2			0.9584198547312436
4066.1			1.0004298251814023
4067.0			1.0
4067.9			1.0
4068.8			1.0
4069.7			1.0
4070.6			1.0
4071.5			1.0
4072.4			1.0
4073.3			1.0
4074.2			1.0
4075.1			0.9477692801773109
4076.0			0.8645139973132895
4076.9			0.7736841038423395
4077.8			0.7605252677609533
4078.7			0.8328657129255242
4079.6			0.9239763360835481
4080.5			1.0013128304344732
4081.4			1.0
4082.3			1.0
4083.2			1.0
4084.1			1.0
4085.0			1.0
4085.9			1.0
4086.8			1.0
4087.7			1.0
4088.6			1.0
4089.5			1.0
4090.4			1.0
4091.3			1.0
4092.2			1.0
4093.1			1.0
4094.0			1.0
4094.9			1.0
4095.8			1.0
4096.7			1.0
4097.6			0.9872230970904303
4098.5			0.9793655568991212
4099.4			0.934724945862383
4100.3			0.8100182336907547
4101.2			0.6793752213907335
4102.1			0.6737737232615372
4103.0			0.7750508664631423
4103.9			0.8770227908130946
4104.8			0.9451978892595428
4105.7			0.9912970272601506
4106.6			1.0067566775457957
4107.5			1.0
4108.4			1.0
4109.3			1.0
4110.2			1.0
4111.1			1.0
4112.0			1.0
4112.9			1.0
4113.8			1.0
4114.7			1.0
4115.6			1.0
4116.5			1.0
4117.4			1.0
4118.3			1.0
4119.2			1.0
4120.1			1.0
4121.0			1.0
4121.9			1.0
4122.8			1.0
4123.7			1.0
4124.6			1.0
4125.5			1.0
4126.4			1.0
4127.3			1.0
4128.2			1.0
4129.1			1.0104853876397542
4130.0			1.0068421030910057
4130.9			0.9618465975860399
4131.8			0.8722587747259699
4132.7			0.8382373890167168
4133.6			0.860477728941939
4134.5			0.8962354694750486
4135.4			0.975309719572191
4136.3			1.0062061852954345
4137.2			1.0
4138.1			1.0
4139.0			1.0
4139.9			1.0
4140.8			0.9859415284954042
4141.7			0.9358549242223179
4142.6			0.8260973393434223
4143.5			0.7623334164991676
4144.4			0.8281785394970238
4145.3			0.9504323501299589
4146.2			1.0044267613753213
4147.1			1.0
4148.0			1.0
4148.9			1.0
4149.8			0.9695972802479349
4150.7			1.0011448052908476
4151.6			1.0194977723312055
4152.5			1.0025260352735192
4153.4			0.964622803680645
4154.3			0.9144841044000416
4155.2			0.9306177643238591
4156.1			0.9349374394088751
4157.0			0.9292656366705325
4157.9			0.9753624113205039
4158.8			0.9999659349910862
4159.7			1.0
4160.6			1.0
4161.5			1.0
4162.4			1.0
4163.3			1.0
4164.2			1.0
4165.1			1.0
4166.0			1.0
4166.9			1.0
4167.8			1.0
4168.7			1.0
4169.6			1.0384760120620986
4170.5			1.008385905182299
4171.4			0.9342366125062109
4172.3			0.8682489221295678
4173.2			0.8718076071961021
4174.1			0.9327397631101104
4175.0			0.9820777889324657
4175.9			1.0026436377798076
4176.8			1.0091306040201602
4177.7			1.0
4178.6			1.0
4179.5			1.0
4180.4			1.0
4181.3			1.0
4182.2			1.0
4183.1			1.0
4184.0			1.0
4184.9			1.033692985302576
4185.8			1.0249912802727519
4186.7			0.9281887430866401
4187.6			0.8560232949484582
4188.5			0.9020996841246919
4189.4			1.0
4190.3			1.0198160911295933
4191.2			0.9858958492460181
4192.1			1.0078379554920518
4193.0			1.082976787930975
4193.9			1.0889949427963708
4194.8			1.0096918624666071
4195.7			0.937470582515549
4196.6			0.9134403246288723
4197.5			0.872033155928752
4198.4			0.8132942631803971
4199.3			0.8291607142889569
4200.2			0.8748364540125906
4201.1			0.8576349734214641
4202.0			0.836523603458632
4202.9			0.8840009563056929
4203.8			0.9429067830551889
4204.7			0.9680282618143612
4205.6			0.9868815839048778
4206.5			0.9984955112875855
4207.4			1.0
4208.3			1.0
4209.2			1.0
4210.1			1.0
4211.0			1.0
4211.9			1.0
4212.8			1.0316511150843717
4213.7			1.0200700942453296
4214.6			0.9555938432104986
4215.5			0.8793793615171994
4216.4			0.8884365661491384
4217.3			0.9611103350699697
4218.2			1.0080856573814796
4219.1			1.0
4220.0			1.0
4220.9			1.0
4221.8			1.0
4222.7			0.9516464813118134
4223.6			0.8920803033186405
4224.5			0.8165672991011629
4225.4			0.7024239825208363
4226.3			0.5750937948177555
4227.2			0.5847755062406215
4228.1			1.0
4229.0			1.197216099774267
4229.9			1.25425051818193
4230.8			1.2675177056389948
4231.7			1.2347481600075465
4232.6			1.1418275131154068
4233.5			1.0766490683666554
4234.4			1.0722561885618151
4235.3			1.0155722100284807
4236.2			0.9492813027913424
4237.1			0.9672113815503058
4238.0			0.9896612681180069
4238.9			0.969876818390177
4239.8			0.9582955889095873
4240.7			1.0071494826997465
4241.6			1.0417771402555385
4242.5			1.0041378531819287
4243.4			0.9956013197661363
4244.3			1.0
4245.2			1.0
4246.1			1.0
4247.0			0.9459262120284053
4247.9			0.9162165049116233
4248.8			0.9119668401133139
4249.7			0.8767641591011551
4250.6			0.8754797486203156
4251.5			0.9917357246731447
4252.4			1.0947114125200255
4253.3			1.0768946181840147
4254.2			0.9985632335692568
4255.1			1.0
4256.0			1.0
4256.9			1.0
4257.8			0.9753925917288785
4258.7			0.8854596650717909
4259.6			0.7962649956542153
4260.5			0.7342757987927194
4261.4			0.7920834993499583
4262.3			0.9193481545370636
4263.2			1.0004994084014347
4264.1			1.0
4265.0			1.0
4265.9			1.0197697407809612
4266.8			0.995852907493175
4267.7			0.9483329158112052
4268.6			0.9314213425429865
4269.5			0.902319780965639
4270.4			0.8106430022435532
4271.3			0.701354548875557
4272.2			0.7090632362672258
4273.1			0.8102937177944431
4274.0			0.832774470395714
4274.9			0.826609473912752
4275.8			0.8952525364549518
4276.7			1.0023155494398812
4277.6			1.0
4278.5			1.0
4279.4			1.0
4280.3			1.0
4281.2			1.0
4282.1			1.0
4283.0			1.0
4283.9			1.0
4284.8			1.0
4285.7			1.0
4286.6			1.0
4287.5			1.004145766785094
4288.4			0.9501277438429108
4289.3			0.8524402166229955
4290.2			0.8139462025509726
4291.1			0.8726964116788993
4292.0			1.0
4292.9			1.05419484522135
4293.8			1.029514070344278
4294.7			0.9920935599853256
4295.6			0.9926413823916742
4296.5			0.9715205779492291
4297.4			0.9106441220199819
4298.3			0.8207569650811867
4299.2			0.7139036700697992
4300.1			0.6828840323555692
4301.0			0.7390190944437026
4301.9			0.773140691416876
4302.8			0.7694033976239675
4303.7			0.7946501783593062
4304.6			0.8229707649224882
4305.5			0.8124684127568176
4306.4			0.7850190835415978
4307.3			0.7201719483392132
4308.2			0.6535785566003588
4309.1			0.6718937471792904
4310.0			0.7425233959226177
4310.9			0.8044776864572851
4311.8			0.8587177619825275
4312.7			0.9191827873504181
4313.6			0.9783705896136388
4314.5			1.0321131064477655
4315.4			1.1308814392382618
4316.3			1.2570473117089138
4317.2			1.311350335207627
4318.1			1.2994030364634257
4319.0			1.2753617289984678
4319.9			1.2470007918987744
4320.8			1.0
4321.7			0.9756467268400217
4322.6			0.9241998621166383
4323.5			0.8143942090621363
4324.4			0.7044660559859862
4325.3			0.6372406127522612
4326.2			0.6737686988004166
4327.1			0.8131749977624757
4328.0			0.9438153281502187
4328.9			0.9980574205420212
4329.8			1.0
4330.7			1.0
4331.6			1.0
4332.5			1.0
4333.4			1.0
4334.3			1.0
4335.2			1.002467436655309
4336.1			0.9556527582403515
4337.0			0.8483362577492869
4337.9			0.7538423934479092
4338.8			0.6900015351578263
4339.7			0.6128197770671743
4340.6			0.5897002553007302
4341.5			0.6845600955588226
4342.4			0.8012882394564075
4343.3			0.8478462672992746
4344.2			0.8808038267072912
4345.1			0.9513721422413706
4346.0			0.9964165165267173
4346.9			1.0
4347.8			1.0
4348.7			1.0
4349.6			1.0218032484658357
4350.5			0.9526290759957675
4351.4			0.8355711557440904
4352.3			0.8112292186939903
4353.2			0.9059999054999628
4354.1			0.988311667441464
4355.0			1.006604352775386
4355.9			1.0
4356.8			1.0
4357.7			1.0
4358.6			1.0
4359.5			1.0
4360.4			1.0
4361.3			1.0
4362.2			1.0
4363.1			1.0
4364.0			1.0
4364.9			1.0
4365.8			1.0
4366.7			1.0
4367.6			1.0
4368.5			1.0
4369.4			1.0
4370.3			1.0
4371.2			1.0
4372.1			1.0073688286002949
4373.0			0.9784402169413066
4373.9			0.908712695516233
4374.8			0.8607315121761617
4375.7			0.880568896127464
4376.6			0.9459165031890673
4377.5			0.999253529211785
4378.4			1.0
4379.3			1.0
4380.2			1.0
4381.1			0.9860010873645243
4382.0			0.9100455436261834
4382.9			0.7299090516498998
4383.8			0.6075209777015187
4384.7			0.689313349802362
4385.6			0.8658984965676724
4386.5			0.9926464839172515
4387.4			1.0
4388.3			1.0
4389.2			1.0
4390.1			1.0
4391.0			1.0
4391.9			1.0
4392.8			1.0
4393.7			1.0
4394.6			1.0
4395.5			1.0
4396.4			1.0
4397.3			1.0
4398.2			1.0
4399.1			1.0
4400.0			1.0
4400.9			1.0
4401.8			1.0450672249725796
4402.7			1.0819845302518638
4403.6			0.987560199240799
4404.5			0.8588688772023474
4405.4			0.8678677676526658
4406.3			0.9780913713741672
4407.2			1.004573548900695
4408.1			1.0
4409.0			1.0
4409.9			1.0
4410.8			1.0
4411.7			1.0
4412.6			1.0202378605661238
4413.5			0.9949832310838689
4414.4			0.9017449564052982
4415.3			0.8348624712527215
4416.2			0.8813221592392907
4417.1			0.9568653919428766
4418.0			1.0031394998592664
4418.9			1.0
4419.8			1.0
4420.7			1.0
4421.6			1.0
4422.5			1.0
4423.4			1.0
4424.3			1.0
4425.2			1.0
4426.1			1.0
4427.0			1.0
4427.9			1.0
4428.8			1.0
4429.7			1.0
4430.6			1.0
4431.5			1.0003735721326974
4432.4			1.004863738222873
4433.3			0.9590470507136907
4434.2			0.8900081042304703
4435.1			0.8421624409362868
4436.0			0.8595126487841015
4436.9			0.9253982340628869
4437.8			0.9739499377615302
4438.7			0.9930564817721701
4439.6			1.0
4440.5			1.0
4441.4			1.0
4442.3			1.0
4443.2			1.0
4444.1			1.0
4445.0			1.0
4445.9			1.0
4446.8			0.9782144328015334
4447.7			0.9631219887254028
4448.6			0.9862074123431201
4449.5			0.9922025800831057
4450.4			0.9710044723885055
4451.3			0.973038410305986
4452.2			0.9873475751769986
4453.1			0.9631606373509134
4454.0			0.8908858732819086
4454.9			0.8189816966156155
4455.8			0.8124430911681362
4456.7			0.8561349003070103
4457.6			0.8790917917910893
4458.5			0.8747233965153701
4459.4			0.88212188754206
4460.3			0.8924223073817275
4461.2			0.8746732358209385
4462.1			0.8786825366811402
4463.0			0.9462026948798951
4463.9			0.999741497628974
4464.8			0.9993644946485593
4465.7			1.0
4466.6			1.0
4467.5			1.0
4468.4			1.0
4469.3			1.0
4470.2			1.0
4471.1			1.0
4472.0			1.0
4472.9			1.0
4473.8			1.0
4474.7			1.0
4475.6			1.0
4476.5			1.0
4477.4			1.0
4478.3			0.9985585624236485
4479.2			0.944880314496459
4480.1			0.8685372867218758
4481.0			0.8155627923177912
4481.9			0.8170885257329598
4482.8			0.8741272308664274
4483.7			0.9451497449803484
4484.6			0.9849807937357471
4485.5			1.0015510545817763
4486.4			1.0
4487.3			1.0
4488.2			1.0
4489.1			1.0
4490.0			1.0
4490.9			1.0
4491.8			1.0
4492.7			1.0
4493.6			1.0
4494.5			1.0
4495.4			1.0
4496.3			1.0
4497.2			1.0
4498.1			1.0
4499.0			1.0
4499.9			1.0
4500.8			1.0
4501.7			1.0
4502.6			1.0
4503.5			1.0
4504.4			1.0
4505.3			1.0
4506.2			1.0
4507.1			1.0
4508.0			1.0
4508.9			1.0
4509.8			1.0
4510.7			1.0
4511.6			1.0
4512.5			1.0
4513.4			1.0
4514.3			1.0
4515.2			1.0
4516.1			1.0
4517.0			1.0
4517.9			0.9880948440035119
4518.8			1.0047475490571915
4519.7			1.0252024216740334
4520.6			1.0340846234610994
4521.5			1.0265335512143035
4522.4			0.9898658905699155
4523.3			0.9765440290888966
4524.2			0.9801701766045612
4525.1			0.9524753359084294
4526.0			0.914577213857032
4526.9			0.8802161107004176
4527.8			0.8622046728729281
4528.7			0.8491780155633613
4529.6			0.8600338187877365
4530.5			0.8841930571393635
4531.4			0.9072700475527702
4532.3			0.9372260249996198
4533.2			0.9149950167865275
4534.1			0.879542749239937
4535.0			0.8678410655526165
4535.9			0.8966188539396445
4536.8			0.9839984481667715
4537.7			1.0442593690746325
4538.6			1.035362908282883
4539.5			0.9999866214994471
4540.4			1.0
4541.3			1.0
4542.2			1.0
4543.1			1.0245440214501946
4544.0			1.015863448991915
4544.9			0.9878613330054901
4545.8			0.9821244045157896
4546.7			0.9915567324286313
4547.6			0.9898713742523707
4548.5			0.9635749724479282
4549.4			0.9245339955268544
4550.3			0.9432009211082286
4551.2			1.0053275457532094
4552.1			1.0283067868231175
4553.0			1.0189841755387676
4553.9			1.000798666616224
4554.8			0.9821289113941998
4555.7			0.9986227960745018
4556.6			1.0
4557.5			1.0
4558.4			1.0
4559.3			1.0
4560.2			1.0
4561.1			1.0
4562.0			1.0077001433536332
4562.9			0.9880434759316219
4563.8			0.9399713551470354
4564.7			0.9045294539774339
4565.6			0.9102915687790715
4566.5			0.952906116629499
4567.4			0.9994096018095385
4568.3			1.0
4569.2			1.0
4570.1			1.0
4571.0			1.0
4571.9			1.0
4572.8			1.0
4573.7			1.0437098016734245
4574.6			1.0400769852291052
4575.5			1.0332359264470925
4576.4			1.0411463311724387
4577.3			1.0379632791057658
4578.2			1.0154053498839628
4579.1			0.9754230926691592
4580.0			0.9321783506760836
4580.9			0.9037001927525166
4581.8			0.9120977294619581
4582.7			0.9329528513045515
4583.6			0.933493320477332
4584.5			0.9249234513368595
4585.4			0.9208549541004284
4586.3			0.9294767950308083
4587.2			0.9642663485679253
4588.1			1.0006242653585793
4589.0			1.0
4589.9			1.0
4590.8			1.0
4591.7			1.0
4592.6			1.0
4593.5			1.0
4594.4			1.0
4595.3			1.0
4596.2			1.0
4597.1			1.0
4598.0			1.0
4598.9			1.0
4599.8			1.0
4600.7			1.0
4601.6			1.0
4602.5			1.0
4603.4			1.0
4604.3			1.0
4605.2			1.0
4606.1			1.0
4607.0			1.0
4607.9			1.0
4608.8			1.0
4609.7			1.0
4610.6			1.0
4611.5			1.0
4612.4			1.0
4613.3			1.0
4614.2			1.0
4615.1			1.0
4616.0			1.0
4616.9			1.0
4617.8			1.0
4618.7			1.0
4619.6			1.0
4620.5			1.0
4621.4			1.0
4622.3			1.0
4623.2			1.0
4624.1			1.0
4625.0			1.0
4625.9			1.0
4626.8			1.0
4627.7			1.0
4628.6			1.0
4629.5			1.0
4630.4			1.0
4631.3			1.0
4632.2			1.0
4633.1			1.0
4634.0			1.0
4634.9			1.0
4635.8			1.0
4636.7			1.0
4637.6			1.0
4638.5			1.0
4639.4			1.0
4640.3			1.0
4641.2			1.0
4642.1			1.015676943550435
4643.0			0.9991831633909616
4643.9			0.9744688658062064
4644.8			0.956791632402682
4645.7			0.9262793914998618
4646.6			0.8914973627506633
4647.5			0.8809135112299288
4648.4			0.8997769352667735
4649.3			0.9345053784948087
4650.2			0.9646661544511691
4651.1			0.9818680876603881
4652.0			0.9928244531227335
4652.9			1.0000343643906038
4653.8			1.0
4654.7			1.0
4655.6			1.0
4656.5			1.0
4657.4			1.0
4658.3			1.0
4659.2			1.0
4660.1			1.0
4661.0			1.0
4661.9			1.0
4662.8			1.0
4663.7			0.9829987422333902
4664.6			0.980431873561795
4665.5			0.9477176740802047
4666.4			0.8677043295121857
4667.3			0.8101570776091586
4668.2			0.8347597481891762
4669.1			0.9076153775676151
4670.0			0.9711562500695491
4670.9			1.0006537499009063
4671.8			1.0
4672.7			1.0
4673.6			1.0
4674.5			1.0
4675.4			1.0
4676.3			1.0
4677.2			1.0
4678.1			1.0
4679.0			1.0
4679.9			1.0
4680.8			1.0
4681.7			1.0
4682.6			1.0
4683.5			1.0
4684.4			1.0
4685.3			1.0
4686.2			1.0
4687.1			1.0
4688.0			1.0
4688.9			1.0
4689.8			1.0
4690.7			1.0
4691.6			1.0
4692.5			1.0
4693.4			1.0
4694.3			1.0
4695.2			1.0
4696.1			1.0
4697.0			0.9921265206150325
4697.9			0.9558925077124284
4698.8			0.9255544612009435
4699.7			0.9346623678645114
4700.6			0.9470775921441923
4701.5			0.9343806851313704
4702.4			0.902954430732719
4703.3			0.8966420418659148
4704.2			0.9506690859714202
4705.1			1.000797762510588
4706.0			1.0118827472093062
4706.9			0.9879232275201714
4707.8			0.9677633836149487
4708.7			0.9733401180954194
4709.6			0.9977797859701589
4710.5			1.0
4711.4			1.0
4712.3			1.0
4713.2			1.0
4714.1			1.0
4715.0			1.0
4715.9			1.0
4716.8			1.0
4717.7			1.0
4718.6			1.0
4719.5			1.0
4720.4			1.0
4721.3			1.0
4722.2			1.0
4723.1			1.0
4724.0			1.0
4724.9			1.0123404850191604
4725.8			1.0087878298870936
4726.7			0.9680000174148801
4727.6			0.9155768205718188
4728.5			0.8995133368469627
4729.4			0.9029269608265562
4730.3			0.907127199940595
4731.2			0.923412771101741
4732.1			0.958859682099609
4733.0			0.9866018725613566
4733.9			0.9968844444633738
4734.8			1.0
4735.7			1.0
4736.6			1.0
4737.5			1.0
4738.4			1.0
4739.3			1.0
4740.2			1.0
4741.1			1.0
4742.0			1.0
4742.9			1.0
4743.8			1.0
4744.7			1.0
4745.6			1.0
4746.5			1.0
4747.4			1.0
4748.3			1.0
4749.2			1.0
4750.1			1.0
4751.0			1.0
4751.9			1.0
4752.8			1.0
4753.7			1.0
4754.6			1.0
4755.5			1.0
4756.4			1.0
4757.3			1.0
4758.2			1.0
4759.1			1.0
4760.0			1.0077125597924046
4760.9			0.9877983300702915
4761.8			0.9474279451194586
4762.7			0.9301226126170566
4763.6			0.9383927591121481
4764.5			0.9310633196009424
4765.4			0.9120318290361912
4766.3			0.9129829000695238
4767.2			0.9449177697866372
4768.1			0.9812287288898421
4769.0			1.0138992050433324
4769.9			1.036628817712767
4770.8			1.0175887547772153
4771.7			0.9898603760227578
4772.6			0.9992694752742985
4773.5			1.0
4774.4			1.0
4775.3			1.0
4776.2			1.0
4777.1			1.0
4778.0			1.009248899202421
4778.9			0.9953175673423637
4779.8			0.9847706036083782
4780.7			0.9903966497698655
4781.6			0.9904380803139324
4782.5			0.9629282735964885
4783.4			0.9364072678815156
4784.3			0.945899622945851
4785.2			0.9514733117181016
4786.1			0.9183085256413261
4787.0			0.9029560779824745
4787.9			0.9198505882054985
4788.8			0.9205734221703027
4789.7			0.9182876695131548
4790.6			0.929278446088922
4791.5			0.9397000499710232
4792.4			0.9502150190427969
4793.3			0.9714338803482312
4794.2			0.9971324601449603
4795.1			1.0061710795609742
4796.0			0.9993484773275946
4796.9			1.0
4797.8			1.0
4798.7			1.0
4799.6			1.0
4800.5			1.0
4801.4			1.0
4802.3			1.0
4803.2			1.0
4804.1			1.0
4805.0			1.0
4805.9			1.0
4806.8			1.0
4807.7			1.0
4808.6			1.0
4809.5			1.0
4810.4			1.0
4811.3			1.0
4812.2			1.0
4813.1			1.0
4814.0			1.0
4814.9			1.0
4815.8			1.0
4816.7			1.0
4817.6			1.0
4818.5			1.0
4819.4			1.0
4820.3			1.0
4821.2			1.0
4822.1			1.0
4823.0			1.0
4823.9			1.0
4824.8			1.0
4825.7			1.0
4826.6			1.0
4827.5			1.0
4828.4			1.0
4829.3			1.0
4830.2			1.0
4831.1			1.0
4832.0			1.0
4832.9			1.0
4833.8			1.0
4834.7			1.0
4835.6			1.0
4836.5			1.0
4837.4			1.0
4838.3			1.0
4839.2			1.0
4840.1			1.0
4841.0			1.0
4841.9			1.0
4842.8			1.0
4843.7			1.0
4844.6			1.0
4845.5			1.0
4846.4			1.0
4847.3			1.0
4848.2			1.0
4849.1			1.0
4850.0			1.0
4850.9			1.0
4851.8			1.0
4852.7			1.0
4853.6			1.0
4854.5			1.0
4855.4			1.0
4856.3			0.9921941250479592
4857.2			1.0121303604071052
4858.1			0.9918149731229425
4859.0			0.9063062746209902
4859.9			0.7724451167619409
4860.8			0.654094044805067
4861.7			0.6457629757308218
4862.6			0.752883643228622
4863.5			0.8589620580260167
4864.4			0.9137715279033528
4865.3			0.9531026480788634
4866.2			0.9823051550909915
4867.1			0.9955256742779208
4868.0			1.0
4868.9			1.0
4869.8			0.9794202145393143
4870.7			0.9115090873905024
4871.6			0.8691804145369797
4872.5			0.9143213970565932
4873.4			0.9957786673930751
4874.3			1.0
4875.2			1.0
4876.1			1.0
4877.0			1.0
4877.9			1.0
4878.8			1.0
4879.7			1.0
4880.6			1.0
4881.5			1.0
4882.4			1.0
4883.3			1.0
4884.2			1.0
4885.1			1.0
4886.0			1.0
4886.9			1.0
4887.8			1.0
4888.7			0.9872152495899625
4889.6			0.9435374741999827
4890.5			0.8667905668437866
4891.4			0.8320282957129935
4892.3			0.8961926338113932
4893.2			0.9780396304075429
4894.1			1.012378664463119
4895.0			1.0
4895.9			1.0
4896.8			1.0
4897.7			1.0
4898.6			1.0
4899.5			1.0
4900.4			1.0
4901.3			1.0
4902.2			1.0
4903.1			1.0
4904.0			1.0
4904.9			1.0
4905.8			1.0
4906.7			1.0
4907.6			0.9819682332447645
4908.5			0.9533792137335636
4909.4			0.9160916819140975
4910.3			0.8887417912762745
4911.2			0.9068762186774517
4912.1			0.9565967066285285
4913.0			0.9952329081203051
4913.9			1.0
4914.8			1.0
4915.7			1.017271153324026
4916.6			0.999478059850153
4917.5			0.9408788747484257
4918.4			0.8661482736035025
4919.3			0.8130699039205042
4920.2			0.8066246122573163
4921.1			0.8635670405618601
4922.0			0.9512636310739524
4922.9			0.996781169643961
4923.8			0.9939247654944977
4924.7			1.0101152521093513
4925.6			1.0
4926.5			1.0
4927.4			1.0
4928.3			1.0
4929.2			1.0
4930.1			1.0
4931.0			1.0
4931.9			1.0
4932.8			1.0
4933.7			1.0
4934.6			1.0
4935.5			1.0262971537370333
4936.4			1.0032813433574639
4937.3			0.9441853354802295
4938.2			0.8909635546021664
4939.1			0.8790179608370728
4940.0			0.9228694601260009
4940.9			0.9779282040878428
4941.8			0.9954797532692022
4942.7			0.990193648252162
4943.6			1.0
4944.5			1.0
4945.4			1.0
4946.3			1.0
4947.2			1.0
4948.1			1.0
4949.0			1.0
4949.9			1.0
4950.8			1.0
4951.7			1.0
4952.6			1.0
4953.5			1.0
4954.4			1.0
4955.3			0.9807376519204051
4956.2			0.9026947716696532
4957.1			0.7942200745857602
4958.0			0.7856529625967839
4958.9			0.8914812226502538
4959.8			0.9773376812133483
4960.7			0.9955441795072737
4961.6			1.0
4962.5			1.0
4963.4			1.0
4964.3			1.0
4965.2			1.0
4966.1			1.0
4967.0			1.0
4967.9			1.0
4968.8			1.0
4969.7			1.0
4970.6			1.0
4971.5			1.0
4972.4			1.0
4973.3			1.0
4974.2			1.0
4975.1			1.0
4976.0			1.0
4976.9			1.0
4977.8			1.0
4978.7			0.9754135714420665
4979.6			0.9704680791159541
4980.5			0.9626710104617289
4981.4			0.9235892920338603
4982.3			0.8587496686081554
4983.2			0.821808425649378
4984.1			0.8350469607390423
4985.0			0.8661096282573728
4985.9			0.9071487607877476
4986.8			0.9657082963698274
4987.7			0.9975779111183806
4988.6			1.0
4989.5			1.0
4990.4			1.0
4991.3			1.0
4992.2			1.0
4993.1			1.0
4994.0			1.0
4994.9			1.0
4995.8			1.0
4996.7			1.0
4997.6			1.0
4998.5			1.0
4999.4			1.0
5000.3			1.0
5001.2			1.0
5002.1			1.0
5003.0			1.007310288529946
5003.9			1.00850237238226
5004.8			0.9672158967850929
5005.7			0.8997023116154006
5006.6			0.8840033374440962
5007.5			0.9405455099625158
5008.4			1.0044772964004494
5009.3			1.0191924740438536
5010.2			0.9989644130757823
5011.1			1.0
5012.0			1.0
5012.9			1.0
5013.8			1.0
5014.7			1.0
5015.6			1.0
5016.5			1.0
5017.4			1.0
5018.3			1.0
5019.2			1.0
5020.1			1.0
5021.0			1.0
5021.9			1.0
5022.8			1.0
5023.7			1.0
5024.6			1.0
5025.5			1.0
5026.4			1.0
5027.3			1.0
5028.2			1.0
5029.1			1.0
5030.0			1.0
5030.9			1.0
5031.8			1.0
5032.7			1.0
5033.6			1.0
5034.5			1.0
5035.4			1.0
5036.3			0.9665020730730838
5037.2			0.9861812930479397
5038.1			0.9801232403401654
5039.0			0.9345555417420114
5039.9			0.877010452340807
5040.8			0.8120512199209757
5041.7			0.8062114388217673
5042.6			0.8840917093653028
5043.5			0.9502208559964627
5044.4			0.9758304612303552
5045.3			0.9909198294690932
5046.2			1.0
5047.1			1.0
5048.0			1.0
5048.9			1.0
5049.8			1.0
5050.7			1.0
5051.6			1.0
5052.5			1.0
5053.4			1.0
5054.3			1.0
5055.2			1.0
5056.1			1.0
5057.0			1.0
5057.9			1.0
5058.8			1.0
5059.7			1.0
5060.6			1.0
5061.5			1.0
5062.4			1.0
5063.3			1.0
5064.2			1.0
5065.1			1.0
5066.0			1.0
5066.9			1.0
5067.8			1.0
5068.7			1.0
5069.6			1.0
5070.5			1.0
5071.4			1.0
5072.3			1.0
5073.2			1.0
5074.1			1.0
5075.0			1.0
5075.9			1.009455881234417
5076.8			1.0316382840090845
5077.7			1.0274027272594741
5078.6			0.9591838975480327
5079.5			0.8804990856120986
5080.4			0.8720698255168811
5081.3			0.9187721466136693
5082.2			0.9551242792009721
5083.1			0.9574558652077501
5084.0			0.9681271309596671
5084.9			1.0010653075721598
5085.8			1.0
5086.7			1.0
5087.6			1.0
5088.5			1.0
5089.4			1.0
5090.3			1.0
5091.2			1.0
5092.1			1.0
5093.0			1.0
5093.9			1.0
5094.8			1.0
5095.7			0.9847325347946271
5096.6			0.9434720855942523
5097.5			0.8938450410740455
5098.4			0.8542742719237699
5099.3			0.852273381950869
5100.2			0.9103311805418562
5101.1			0.97654832605485
5102.0			1.0058082731680638
5102.9			1.001119536949165
5103.8			1.0
5104.7			1.0
5105.6			1.0
5106.5			1.0
5107.4			1.0
5108.3			1.0
5109.2			1.0
5110.1			1.0
5111.0			1.0
5111.9			1.0
5112.8			1.0
5113.7			1.0
5114.6			1.0
5115.5			1.0
5116.4			1.0
5117.3			1.0
5118.2			1.0
5119.1			1.0
5120.0			1.0
5120.9			1.0
5121.8			1.0
5122.7			1.0
5123.6			1.0
5124.5			1.0
5125.4			1.0
5126.3			1.0
5127.2			1.0
5128.1			1.0
5129.0			1.0
5129.9			1.0
5130.8			1.0
5131.7			1.0
5132.6			0.9932054484399285
5133.5			0.9847946229173649
5134.4			1.0017522655501299
5135.3			1.0299080964479819
5136.2			1.0132836393214608
5137.1			0.9715355973096702
5138.0			0.9457973824691988
5138.9			0.918824910595539
5139.8			0.9194365148690167
5140.7			0.9678419971841922
5141.6			0.9648527722966143
5142.5			0.9289346798993243
5143.4			0.9492900063974757
5144.3			0.9972654686965995
5145.2			0.9998241076988873
5146.1			1.0
5147.0			1.0
5147.9			1.0
5148.8			1.0
5149.7			1.0
5150.6			1.0
5151.5			1.0
5152.4			1.0
5153.3			1.0
5154.2			1.0
5155.1			1.0
5156.0			1.0
5156.9			1.0
5157.8			1.0
5158.7			1.0
5159.6			1.0
5160.5			1.0
5161.4			1.0
5162.3			1.0
5163.2			1.0
5164.1			1.0
5165.0			1.0
5165.9			1.0
5166.8			1.0
5167.7			1.0
5168.6			1.0
5169.5			1.0
5170.4			1.023508275182349
5171.3			0.9026086104996165
5172.2			0.7438522436675651
5173.1			0.7253277279980925
5174.0			0.858796696705457
5174.9			0.9861772619765033
5175.8			1.0205365354432414
5176.7			1.0
5177.6			1.0
5178.5			1.0
5179.4			1.0
5180.3			1.0
5181.2			0.9535572204927453
5182.1			0.8424459341004001
5183.0			0.6891517009146884
5183.9			0.6324305197227674
5184.8			0.7493258279957953
5185.7			0.9118242993753175
5186.6			0.9982991207352563
5187.5			1.0
5188.4			1.0
5189.3			1.0
5190.2			1.0
5191.1			1.0
5192.0			1.0
5192.9			1.0
5193.8			1.0
5194.7			1.0
5195.6			1.0
5196.5			1.0
5197.4			1.0
5198.3			1.0
5199.2			1.0
5200.1			1.0
5201.0			1.0
5201.9			1.0
5202.8			0.9872174607221929
5203.7			0.9738001593466231
5204.6			0.9325808552173855
5205.5			0.8972878251427412
5206.4			0.898330243832265
5207.3			0.9083769498698286
5208.2			0.8891285140772575
5209.1			0.8981558168626076
5210.0			0.951730374297172
5210.9			0.9862869195135511
5211.8			1.0032953542158998
5212.7			1.0107641052130119
5213.6			0.9991020738069265
5214.5			1.0
5215.4			1.0
5216.3			1.0
5217.2			1.0
5218.1			1.0
5219.0			1.0
5219.9			1.0
5220.8			1.0
5221.7			1.0
5222.6			1.0
5223.5			1.0
5224.4			0.9662945288345145
5225.3			0.9103785751419938
5226.2			0.8392874314519493
5227.1			0.8102475018984779
5228.0			0.8744597736348811
5228.9			0.9602424205821298
5229.8			0.9979475802330694
5230.7			1.0
5231.6			1.0
5232.5			1.0
5233.4			1.0
5234.3			1.0
5235.2			1.0
5236.1			1.0
5237.0			1.0
5237.9			1.0
5238.8			1.0
5239.7			1.0
5240.6			1.0
5241.5			1.0
5242.4			1.0
5243.3			1.0
5244.2			1.0
5245.1			1.0
5246.0			1.0
5246.9			1.0
5247.8			1.0
5248.7			1.0
5249.6			1.0
5250.5			1.0
5251.4			1.0
5252.3			1.0
5253.2			1.0
5254.1			1.0
5255.0			1.0
5255.9			1.0
5256.8			1.0
5257.7			1.0
5258.6			1.0
5259.5			1.0
5260.4			1.0
5261.3			0.9479172860752868
5262.2			0.8967978470655107
5263.1			0.862418662709426
5264.0			0.8380518629097168
5264.9			0.8134911544332314
5265.8			0.797008109125628
5266.7			0.8251459855121039
5267.6			0.878304016500488
5268.5			0.8577811590746107
5269.4			0.7746790138575014
5270.3			0.7629234025275892
5271.2			0.8521562390375859
5272.1			0.9240345222264352
5273.0			0.9281896267702036
5273.9			0.9136984395253043
5274.8			0.8948677058092095
5275.7			0.8884111992319634
5276.6			0.9372595517923962
5277.5			0.9988718796354457
5278.4			1.0165514543579275
5279.3			1.0
5280.2			0.9697816264610295
5281.1			0.9421866791674036
5282.0			0.9189235591713423
5282.9			0.8937134428475199
5283.8			0.8781201197652964
5284.7			0.9091342276132341
5285.6			0.969536930744846
5286.5			1.0024339254488805
5287.4			1.0010430469955716
5288.3			1.0
5289.2			1.0
5290.1			1.0
5291.0			1.0
5291.9			1.0
5292.8			1.0
5293.7			1.0
5294.6			1.0045510305331113
5295.5			0.9966432051028022
5296.4			0.961649869931286
5297.3			0.9122992790570086
5298.2			0.8990502825492828
5299.1			0.9498310711861615
5300.0			1.006541575294063
5300.9			1.0156543261198943
5301.8			1.0056189015918304
5302.7			1.0
5303.6			1.0
5304.5			1.0
5305.4			1.0
5306.3			1.0
5307.2			1.0
5308.1			1.0
5309.0			1.0
5309.9			1.0
5310.8			1.0
5311.7			1.0
5312.6			1.0
5313.5			1.0
5314.4			1.0
5315.3			1.0
5316.2			1.0
5317.1			1.0
5318.0			1.0
5318.9			1.0
5319.8			1.0
5320.7			1.0
5321.6			1.0
5322.5			1.0
5323.4			1.0
5324.3			1.0
5325.2			1.0079732834215245
5326.1			1.0205409427490897
5327.0			0.962885642367193
5327.9			0.8624248284785098
5328.8			0.8350538076928845
5329.7			0.9157124911693438
5330.6			0.9952172115173007
5331.5			1.0146523679557635
5332.4			0.9916437624093153
5333.3			1.0
5334.2			1.0
5335.1			1.0
5336.0			1.0
5336.9			1.0
5337.8			0.9935883222264055
5338.7			0.9755057504019561
5339.6			0.9327518606684465
5340.5			0.9018882408088187
5341.4			0.9262998236837492
5342.3			0.9752527735595148
5343.2			1.0001201341442219
5344.1			1.0
5345.0			1.0
5345.9			1.0
5346.8			1.0
5347.7			1.0
5348.6			1.0
5349.5			1.0
5350.4			1.0
5351.3			1.0
5352.2			1.0
5353.1			1.0
5354.0			1.0
5354.9			1.0
5355.8			1.0
5356.7			1.0
5357.6			1.0
5358.5			1.0
5359.4			1.0
5360.3			1.0
5361.2			1.0
5362.1			1.0
5363.0			1.0
5363.9			1.0
5364.8			1.0
5365.7			1.0
5366.6			1.0
5367.5			0.9902907039269858
5368.4			0.9759478025937158
5369.3			0.9446303917522842
5370.2			0.8930220395345816
5371.1			0.8707654039045883
5372.0			0.8988280955533031
5372.9			0.9521109344757799
5373.8			0.986395272047474
5374.7			1.0015324234406113
5375.6			1.0
5376.5			1.0
5377.4			1.0
5378.3			1.0
5379.2			1.0
5380.1			1.0
5381.0			1.0
5381.9			1.0
5382.8			1.0
5383.7			1.0
5384.6			1.0
5385.5			1.0
5386.4			1.0
5387.3			1.0
5388.2			1.0
5389.1			1.0
5390.0			1.0
5390.9			1.0
5391.8			1.0
5392.7			1.0
5393.6			1.0
5394.5			1.0
5395.4			1.0
5396.3			1.0
5397.2			1.0
5398.1			1.0
5399.0			1.0
5399.9			1.0
5400.8			1.0
5401.7			1.0207045484643882
5402.6			1.0205169850631073
5403.5			0.9684981687553883
5404.4			0.9073719363687853
5405.3			0.8890557901604428
5406.2			0.9181276497892066
5407.1			0.9715349852691828
5408.0			1.0078198612484237
5408.9			0.9991766062837752
5409.8			1.0
5410.7			1.0
5411.6			1.0
5412.5			1.0
5413.4			1.0
5414.3			1.0
5415.2			1.0
5416.1			1.0
5417.0			1.0
5417.9			1.0
5418.8			1.0
5419.7			1.0
5420.6			1.0
5421.5			1.0
5422.4			1.0
5423.3			1.0
5424.2			1.0
5425.1			1.0
5426.0			1.0
5426.9			1.0331388939900514
5427.8			1.0205258116091371
5428.7			0.9676927654454124
5429.6			0.9225346882736889
5430.5			0.9445669105435904
5431.4			0.9958301955337371
5432.3			1.0026629599274897
5433.2			1.0
5434.1			1.0
5435.0			1.0
5435.9			1.0
5436.8			1.0
5437.7			1.0
5438.6			1.0
5439.5			1.0
5440.4			1.0
5441.3			1.0
5442.2			1.0
5443.1			1.0
5444.0			0.9769720532570457
5444.9			0.9364500980561945
5445.8			0.8943533435499995
5446.7			0.8742820286783025
5447.6			0.9032584744159406
5448.5			0.9626681464620681
5449.4			1.000066820800359
5450.3			1.0
5451.2			1.0
5452.1			1.0
5453.0			0.9874322827265866
5453.9			0.9588183669730369
5454.8			0.9100897629597594
5455.7			0.8863650331200678
5456.6			0.925894069194432
5457.5			0.9797541664212215
5458.4			0.998771005642602
5459.3			1.0
5460.2			1.0
5461.1			1.0
5462.0			1.0
5462.9			1.0
5463.8			1.0
5464.7			1.0
5465.6			1.0
5466.5			1.0
5467.4			1.0
5468.3			1.0
5469.2			1.0
5470.1			1.0
5471.0			1.0
5471.9			1.0
5472.8			1.0
5473.7			1.0
5474.6			0.9983095581284993
5475.5			0.9670459639403625
5476.4			0.9126195968699669
5477.3			0.9104813743118165
5478.2			0.9672811232627594
5479.1			1.0085119519672074
5480.0			1.0006835636557563
5480.9			1.0
5481.8			1.0
5482.7			1.0
5483.6			1.0
5484.5			1.0
5485.4			1.0
5486.3			1.0
5487.2			1.0
5488.1			1.0
5489.0			1.0
5489.9			1.0
5490.8			1.0
5491.7			1.0
5492.6			1.0
5493.5			1.0
5494.4			1.0
5495.3			1.0
5496.2			1.0
5497.1			1.0
5498.0			1.0
5498.9			1.0
5499.8			1.0
5500.7			1.0
5501.6			1.0
5502.5			1.0
5503.4			1.0
5504.3			1.0
5505.2			1.0
5506.1			1.0
5507.0			1.0
5507.9			1.0
5508.8			1.0
5509.7			1.0
5510.6			1.0
5511.5			1.0
5512.4			1.0
5513.3			1.0
5514.2			1.0
5515.1			1.0
5516.0			1.0
5516.9			1.0
5517.8			1.0
5518.7			1.0
5519.6			1.0
5520.5			1.0
5521.4			1.0
5522.3			1.0
5523.2			1.0
5524.1			1.0
5525.0			0.9872557455543682
5525.9			0.9657496470511803
5526.8			0.9365569423207777
5527.7			0.9019944672145899
5528.6			0.8963879236923362
5529.5			0.938740026269959
5530.4			0.9857762675010512
5531.3			1.0024530997989163
5532.2			1.0006398983453448
5533.1			1.0
5534.0			1.0
5534.9			1.0
5535.8			1.0
5536.7			1.0
5537.6			1.0
5538.5			1.0
5539.4			1.0
5540.3			1.0
5541.2			1.0
5542.1			1.0
5543.0			1.0
5543.9			1.0
5544.8			1.0
5545.7			1.0
5546.6			1.0
5547.5			1.0
5548.4			1.0
5549.3			1.0
5550.200000000001			1.0
5551.1			1.0
5552.0			1.0
5552.9			1.0
5553.8			1.0
5554.700000000001			1.0
5555.6			1.0
5556.5			1.0
5557.4			1.0
5558.3			1.0
5559.200000000001			1.0
5560.1			1.0
5561.0			1.0
5561.9			1.0
5562.8			1.0
5563.700000000001			1.0
5564.6			1.0
5565.5			1.0
5566.4			1.0
5567.3			1.0
5568.200000000001			1.0
5569.1			1.0
5570.0			1.0
5570.9			1.0
5571.8			1.0
5572.700000000001			1.0
5573.6			1.0
5574.5			1.0
5575.4			1.0
5576.3			1.0
5577.200000000001			1.0
5578.1			1.0
5579.0			1.0
5579.9			1.0
5580.8			1.0
5581.700000000001			1.0
5582.6			1.0105780978833874
5583.5			1.030291263441935
5584.4			1.0253454616609126
5585.3			0.9853881620400642
5586.200000000001			0.9281131653302808
5587.1			0.8950369533587555
5588.0			0.9029387973367261
5588.9			0.9291494331018392
5589.8			0.9616878801999741
5590.700000000001			0.9907869149240262
5591.6			0.9999941128417084
5592.5			1.0
5593.4			1.0
5594.3			1.0
5595.200000000001			1.0
5596.1			1.0
5597.0			1.0
5597.9			1.0
5598.8			1.0
5599.700000000001			1.0
5600.6			1.0
5601.5			1.0
5602.4			1.0
5603.3			1.0
5604.200000000001			1.0
5605.1			1.0
5606.0			1.0
5606.9			1.0
5607.8			1.0
5608.700000000001			1.0
5609.6			1.0
5610.5			1.0
5611.4			1.0
5612.3			1.0
5613.200000000001			0.9889912869530646
5614.1			0.9416550880394915
5615.0			0.8800427942764342
5615.9			0.8728520432522084
5616.8			0.928194396529788
5617.700000000001			0.9795679821873591
5618.6			0.9981690786890693
5619.5			1.0
5620.4			1.0
5621.3			1.0
5622.200000000001			1.0
5623.1			1.0
5624.0			1.0
5624.9			1.0
5625.8			1.0
5626.700000000001			1.0
5627.6			1.0
5628.5			1.0
5629.4			1.0
5630.3			1.0
5631.200000000001			1.0
5632.1			1.0
5633.0			1.0
5633.9			1.0
5634.8			1.0
5635.700000000001			1.0
5636.6			1.0
5637.5			1.0
5638.4			1.0
5639.3			1.0
5640.200000000001			1.0
5641.1			1.0
5642.0			1.0
5642.9			1.0
5643.8			1.0
5644.700000000001			1.0
5645.6			1.0
5646.5			1.0
5647.4			1.0
5648.3			1.0
5649.200000000001			0.9760796225806468
5650.1			0.9616401103028231
5651.0			0.9653289715134089
5651.9			0.9800497547365465
5652.8			0.9897595599356833
5653.700000000001			0.9780618108594576
5654.6			0.9537420346632925
5655.5			0.9502842157299278
5656.4			0.9650130269997462
5657.3			0.9469101619445737
5658.200000000001			0.9105923282068349
5659.1			0.9150719479671343
5660.0			0.9514824684671975
5660.9			0.9689909503754811
5661.8			0.9645957487828603
5662.700000000001			0.9675095295492944
5663.6			0.9873183743877711
5664.5			1.0095970743920069
5665.4			1.0166583244006637
5666.3			1.0088861394334803
5667.200000000001			1.0008321987536417
5668.1			1.0
5669.0			1.0
5669.9			1.0
5670.8			1.0
5671.700000000001			1.0
5672.6			1.0
5673.5			1.0
5674.4			1.0
5675.3			1.0
5676.200000000001			1.0
5677.1			1.0
5678.0			1.0
5678.9			1.0
5679.8			1.0
5680.700000000001			1.0
5681.6			1.0
5682.5			1.0
5683.4			1.0
5684.3			1.0
5685.200000000001			1.0
5686.1			1.0
5687.0			1.0
5687.9			1.0
5688.8			1.0
5689.700000000001			1.0
5690.6			1.0
5691.5			1.0
5692.4			1.0
5693.3			1.0
5694.200000000001			1.0
5695.1			1.0
5696.0			1.0
5696.9			1.0
5697.8			1.0
5698.700000000001			1.0
5699.6			1.0
5700.5			1.0
5701.4			1.0
5702.3			1.005063059377925
5703.200000000001			1.0193861717228236
5704.1			1.0172614900429506
5705.0			0.9947333370394184
5705.9			0.9706638686139449
5706.8			0.9661222462130686
5707.700000000001			0.9608803133037603
5708.6			0.9351506280315954
5709.5			0.919062388913944
5710.4			0.9302561215761252
5711.3			0.9403567950207612
5712.200000000001			0.9509809601835006
5713.1			0.9814340959142681
5714.0			1.0055009685529421
5714.9			1.004372635575586
5715.8			0.9993508201349529
5716.700000000001			1.000723170878374
5717.6			1.0
5718.5			1.0
5719.4			1.0
5720.3			1.0
5721.200000000001			1.0
5722.1			1.0
5723.0			1.0
5723.9			1.0
5724.8			1.0
5725.700000000001			1.0
5726.6			1.0
5727.5			1.0
5728.4			1.0
5729.3			1.0
5730.200000000001			1.0
5731.1			1.0
5732.0			1.0
5732.9			1.0
5733.8			1.0
5734.700000000001			1.0
5735.6			1.0
5736.5			1.0
5737.4			1.0
5738.3			1.0
5739.200000000001			1.0
5740.1			1.0
5741.0			1.0
5741.9			1.0
5742.8			1.0
5743.700000000001			1.0
5744.6			1.0
5745.5			1.0
5746.4			1.0
5747.3			1.0
5748.200000000001			1.0
5749.1			1.0
5750.0			1.0
5750.9			1.0
5751.8			1.0
5752.700000000001			1.0
5753.6			1.0
5754.5			1.0
5755.4			1.0
5756.3			1.0
5757.200000000001			1.0
5758.1			1.0
5759.0			1.0
5759.9			1.0
5760.8			1.0
5761.700000000001			1.0
5762.6			1.0
5763.5			1.0
5764.4			1.0
5765.3			1.0
5766.200000000001			1.0
5767.1			1.0
5768.0			1.0
5768.9			1.0
5769.8			1.0
5770.700000000001			1.0
5771.6			1.0
5772.5			1.0
5773.4			1.0
5774.3			1.0
5775.200000000001			1.0
5776.1			1.0
5777.0			1.0
5777.9			1.0
5778.8			1.0
5779.700000000001			1.0
5780.6			1.0
5781.5			1.0
5782.4			1.0
5783.3			1.0
5784.200000000001			1.0
5785.1			1.0
5786.0			1.0
5786.9			1.0
5787.8			1.0
5788.700000000001			1.0
5789.6			1.0
5790.5			1.0
5791.4			1.0
5792.3			1.0
5793.200000000001			1.0
5794.1			1.0
5795.0			1.0
5795.9			1.0
5796.8			1.0
5797.700000000001			1.0
5798.6			1.0
5799.5			1.0
5800.4			1.0
5801.3			1.0
5802.200000000001			1.0
5803.1			1.0
5804.0			1.0
5804.9			1.0
5805.8			1.0
5806.700000000001			1.0
5807.6			1.0
5808.5			1.0
5809.4			1.0
5810.3			1.0
5811.200000000001			1.0
5812.1			1.0
5813.0			1.0
5813.9			1.0
5814.8			1.0
5815.700000000001			1.0
5816.6			1.0
5817.5			1.0
5818.4			1.0
5819.3			1.0
5820.200000000001			1.0
5821.1			1.0
5822.0			1.0
5822.9			1.0
5823.8			1.0
5824.700000000001			1.0
5825.6			1.0
5826.5			1.0
5827.4			1.0
5828.3			1.0
5829.200000000001			1.0
5830.1			1.0
5831.0			1.0
5831.9			1.0
5832.8			1.0
5833.700000000001			1.0
5834.6			1.0
5835.5			1.0
5836.4			1.0
5837.3			1.0
5838.200000000001			1.0
5839.1			1.0
5840.0			1.0
5840.9			1.0
5841.8			1.0
5842.700000000001			1.0
5843.6			1.0
5844.5			1.0
5845.4			1.0
5846.3			1.0
5847.200000000001			1.0
5848.1			1.0
5849.0			1.0
5849.9			1.0
5850.8			1.0
5851.700000000001			1.0
5852.6			1.0
5853.5			1.0
5854.4			1.0
5855.3			1.0
5856.200000000001			1.0
5857.1			1.0
5858.0			1.0
5858.9			1.0
5859.8			1.0
5860.700000000001			1.0
5861.6			1.0
5862.5			1.0
5863.4			1.0
5864.3			1.0
5865.200000000001			1.0
5866.1			1.0
5867.0			1.0
5867.9			1.0
5868.8			1.0
5869.700000000001			1.0
5870.6			1.0
5871.5			1.0
5872.4			1.0
5873.3			1.0
5874.200000000001			1.0
5875.1			1.0
5876.0			1.0
5876.9			1.0
5877.8			1.0
5878.700000000001			1.0
5879.6			1.0
5880.5			1.0
5881.4			1.0
5882.3			1.0
5883.200000000001			1.0
5884.1			1.0
5885.0			1.0
5885.9			1.0
5886.8			1.0
5887.700000000001			0.9816774601634906
5888.6			0.9154220878695042
5889.5			0.8185668092675449
5890.4			0.7947158978240505
5891.3			0.8741348066269691
5892.200000000001			0.96016766440023
5893.1			0.9973975538562491
5894.0			1.0
5894.9			1.0
5895.8			1.0
5896.700000000001			1.0
5897.6			1.0
5898.5			1.0
5899.4			1.0
5900.3			1.0
5901.200000000001			1.0
5902.1			1.0
5903.0			1.0
5903.9			1.0
5904.8			1.0
5905.700000000001			1.0
5906.6			1.0
5907.5			1.0
5908.4			1.0
5909.3			1.0
5910.200000000001			1.0
5911.1			1.0
5912.0			1.0
5912.9			1.0
5913.8			1.0
5914.700000000001			1.0
5915.6			1.0
5916.5			1.0
5917.4			1.0
5918.3			1.0
5919.200000000001			1.0
5920.1			1.0
5921.0			1.0
5921.9			1.0
5922.8			1.0
5923.700000000001			1.0
5924.6			1.0
5925.5			1.0
5926.4			1.0
5927.3			1.0
5928.200000000001			1.0
5929.1			1.0
5930.0			1.0
5930.9			1.0
5931.8			1.0
5932.700000000001			1.0
5933.6			1.0
5934.5			1.0
5935.4			1.0
5936.3			1.0
5937.200000000001			1.0
5938.1			1.0
5939.0			1.0
5939.9			1.0
5940.8			1.0
5941.700000000001			1.0
5942.6			1.0
5943.5			1.0
5944.4			1.0
5945.3			1.0
5946.200000000001			1.0
5947.1			1.0
5948.0			1.0
5948.9			1.0
5949.8			1.0
5950.700000000001			1.0
5951.6			1.0
5952.5			1.0
5953.4			1.0
5954.3			1.0
5955.200000000001			1.0
5956.1			1.0
5957.0			1.0
5957.9			1.0
5958.8			1.0
5959.700000000001			1.0
5960.6			1.0
5961.5			1.0
5962.4			1.0
5963.3			1.0
5964.200000000001			1.0
5965.1			1.0
5966.0			1.0
5966.9			1.0
5967.8			1.0
5968.700000000001			1.0
5969.6			1.0
5970.5			1.0
5971.4			1.0
5972.3			1.0
5973.200000000001			1.0
5974.1			1.0
5975.0			1.0
5975.9			1.0
5976.8			1.0
5977.700000000001			1.0
5978.6			1.0
5979.5			1.0
5980.4			1.0
5981.3			1.0
5982.200000000001			1.0
5983.1			1.0
5984.0			1.0
5984.9			1.0
5985.8			1.0
5986.700000000001			1.0
5987.6			1.0
5988.5			1.0
5989.4			1.0
5990.3			1.0
5991.200000000001			1.0
5992.1			1.0
5993.0			1.0
5993.9			1.0
5994.8			1.0
5995.700000000001			1.0
5996.6			1.0
5997.5			1.0
5998.4			1.0
5999.3			1.0
6000.200000000001			1.0
6001.1			1.0
6002.0			1.0
6002.9			1.0
6003.8			1.0
6004.700000000001			1.0
6005.6			1.0
6006.5			1.0
6007.4			1.0
6008.3			1.0
6009.200000000001			1.0
6010.1			1.0
6011.0			1.0
6011.9			1.0
6012.8			1.0
6013.700000000001			1.0
6014.6			1.0
6015.5			1.0
6016.4			1.0
6017.3			1.0
6018.200000000001			1.0
6019.1			1.0
6020.0			1.0
6020.9			1.0
6021.8			1.0
6022.700000000001			1.0
6023.6			1.0
6024.5			1.0
6025.4			1.0
6026.3			1.0
6027.200000000001			1.0
6028.1			1.0
6029.0			1.0
6029.9			1.0
6030.8			1.0
6031.700000000001			1.0
6032.6			1.0
6033.5			1.0
6034.4			1.0
6035.3			1.0
6036.200000000001			1.0
6037.1			1.0
6038.0			1.0
6038.9			1.0
6039.8			1.0
6040.700000000001			1.0
6041.6			1.0
6042.5			1.0
6043.4			1.0
6044.3			1.0
6045.200000000001			1.0
6046.1			1.0
6047.0			1.0
6047.9			1.0
6048.8			1.0
6049.700000000001			1.0
6050.6			1.0
6051.5			1.0
6052.4			1.0
6053.3			1.0
6054.200000000001			1.0
6055.1			1.0
6056.0			1.0
6056.9			1.0
6057.8			1.0
6058.700000000001			1.0
6059.6			1.0
6060.5			1.0
6061.4			1.0
6062.3			1.0
6063.200000000001			1.0
6064.1			1.0
6065.0			1.0
6065.9			1.0
6066.8			1.0
6067.700000000001			1.0
6068.6			1.0
6069.5			1.0
6070.4			1.0
6071.3			1.0
6072.200000000001			1.0
6073.1			1.0
6074.0			1.0
6074.9			1.0
6075.8			1.0
6076.700000000001			1.0
6077.6			1.0
6078.5			1.0
6079.4			1.0
6080.3			1.0
6081.200000000001			1.0
6082.1			1.0
6083.0			1.0
6083.9			1.0
6084.8			1.0
6085.700000000001			1.0
6086.6			1.0
6087.5			1.0
6088.4			1.0
6089.3			1.0
6090.200000000001			1.0
6091.1			1.0
6092.0			1.0
6092.9			1.0
6093.8			1.0
6094.700000000001			1.0
6095.6			1.0
6096.5			1.0
6097.4			1.0
6098.3			1.0
6099.200000000001			1.0
6100.1			0.9959915262562978
6101.0			0.9715344375936019
6101.9			0.9271501558031894
6102.8			0.8987005271531165
6103.700000000001			0.921682427691506
6104.6			0.9711537006769922
6105.5			0.9999031800485298
6106.4			1.0
6107.3			1.0
6108.200000000001			1.0
6109.1			1.0
6110.0			1.0
6110.9			1.0
6111.8			1.0
6112.700000000001			1.0
6113.6			1.0
6114.5			1.0
6115.4			1.0
6116.3			1.0
6117.200000000001			1.0
6118.1			1.0
6119.0			1.0
6119.9			1.0
6120.8			1.0
6121.700000000001			1.0
6122.6			1.0
6123.5			1.0
6124.4			1.0
6125.3			1.0
6126.200000000001			1.0
6127.1			1.0
6128.0			1.0
6128.9			1.0
6129.8			1.0
6130.700000000001			1.0
6131.6			1.0
6132.5			1.0
6133.4			1.0
6134.3			1.0010552676321542
6135.200000000001			0.9766599732454679
6136.1			0.9269479918257678
6137.0			0.8868079136976907
6137.9			0.900724130969293
6138.8			0.9574525047858937
6139.700000000001			1.0037167443880892
6140.6			1.0
6141.5			1.0
6142.4			1.0
6143.3			1.0
6144.200000000001			1.0
6145.1			1.0
6146.0			1.0
6146.9			0.9994209992432491
6147.8			0.9989506367611847
6148.700000000001			1.0020273674990572
6149.6			1.0088470135159733
6150.5			1.0100238659607865
6151.4			1.0053480330511224
6152.3			1.004000169821394
6153.200000000001			1.0076279191011666
6154.1			1.0001252104907372
6155.0			1.0
6155.9			1.0
6156.8			1.0
6157.700000000001			1.0
6158.6			1.0
6159.5			1.0067029124726594
6160.4			0.9822113984613555
6161.3			0.9271476962864607
6162.200000000001			0.8909840738519743
6163.1			0.9117523292859133
6164.0			0.9627026372789157
6164.9			0.9973067825279132
6165.8			1.0
6166.700000000001			1.0
6167.6			1.0
6168.5			1.0
6169.4			1.0
6170.3			1.0
6171.200000000001			1.0
6172.1			1.0
6173.0			1.0
6173.9			1.0054966684269553
6174.8			1.0058221315614042
6175.700000000001			0.997784060480563
6176.6			0.993193497103105
6177.5			1.0013879169092355
6178.4			1.0142941512097012
6179.3			1.0149044244568373
6180.200000000001			1.0098166310673742
6181.1			1.0151562929093456
6182.0			1.021832687228738
6182.9			1.0214130123285352
6183.8			1.0199984543831473
6184.700000000001			1.0210885279772688
6185.6			1.0187682443468224
6186.5			1.0113053360099993
6187.4			1.0076828061046161
6188.3			1.0139842520121147
6189.200000000001			1.0224164398890205
6190.1			1.0104976183697834
6191.0			0.9785026392569881
6191.9			0.9693517792999512
6192.8			0.9998059695520984
6193.700000000001			1.029554132110786
6194.6			1.030077271382101
6195.5			1.026041673297318
6196.4			1.038271133325227
6197.3			1.0565398942793445
6198.200000000001			1.0579027704295876
6199.1			1.0357168328430155
6200.0			1.0173284737634263
6200.9			1.025720373769875
6201.8			1.0496652345853625
6202.700000000001			1.0636972501888344
6203.6			1.0592649507131953
6204.5			1.0520106305208445
6205.4			1.054627310887026
6206.3			1.0632301373987862
6207.200000000001			1.069190905706422
6208.1			1.0667802557372188
6209.0			1.060850694481929
6209.9			1.059940558682914
6210.8			1.0618775325002445
6211.700000000001			1.0608848631895083
6212.6			1.0473665601494138
6213.5			1.0236954179763635
6214.4			1.0073950989446263
6215.3			1.0086618067584572
6216.200000000001			1.024164948532529
6217.1			1.0380282911136158
6218.0			1.0374984163974117
6218.9			1.0257537176938003
6219.8			1.0165047079845464
6220.700000000001			1.0237022435649918
6221.6			1.0399987347219215
6222.5			1.0536355329342892
6223.4			1.0640707985722009
6224.3			1.071214193286955
6225.200000000001			1.072344294237147
6226.1			1.06675270499042
6227.0			1.0635862394305358
6227.9			1.0668952419314013
6228.8			1.0583085443686366
6229.700000000001			1.029237631039334
6230.6			1.0005837391186208
6231.5			0.9999453737570294
6232.4			1.0
6233.3			1.0
6234.200000000001			1.0
6235.1			1.0
6236.0			1.0
6236.9			1.0
6237.8			1.0
6238.700000000001			1.0
6239.6			1.0
6240.5			1.0
6241.4			1.0
6242.3			1.0
6243.200000000001			1.0
6244.1			1.0
6245.0			1.0
6245.9			1.0
6246.8			1.0
6247.700000000001			1.0
6248.6			1.0
6249.5			1.0
6250.4			1.0
6251.3			1.0
6252.200000000001			1.0
6253.1			1.0
6254.0			1.0
6254.9			1.0
6255.8			1.0
6256.700000000001			1.0
6257.6			1.0
6258.5			1.0
6259.4			1.0
6260.3			1.0
6261.200000000001			1.0
6262.1			1.0
6263.0			1.0
6263.9			1.0
6264.8			1.0
6265.700000000001			1.0
6266.6			1.0
6267.5			1.0
6268.4			1.0
6269.3			1.0
6270.200000000001			1.0
6271.1			1.0
6272.0			1.0
6272.9			1.0
6273.8			1.0
6274.700000000001			1.0
6275.6			1.0
6276.5			1.0
6277.4			1.0
6278.3			1.0
6279.200000000001			1.0
6280.1			1.0
6281.0			1.0
6281.9			1.0
6282.8			1.0
6283.700000000001			1.0
6284.6			1.0
6285.5			1.0
6286.4			1.0
6287.3			1.0
6288.200000000001			1.0
6289.1			1.0
6290.0			1.0
6290.9			1.0
6291.8			1.0
6292.700000000001			1.0
6293.6			1.0
6294.5			1.0
6295.4			1.0
6296.3			1.0
6297.200000000001			1.0
6298.1			1.0
6299.0			1.0
6299.9			1.0
6300.8			1.0
6301.700000000001			1.0
6302.6			1.0
6303.5			1.0
6304.4			1.0
6305.3			1.0
6306.200000000001			1.0
6307.1			1.0
6308.0			1.0
6308.9			1.0
6309.8			1.0
6310.700000000001			1.0
6311.6			1.0
6312.5			1.0
6313.4			1.0
6314.3			1.0
6315.200000000001			1.0
6316.1			1.0
6317.0			1.0
6317.9			1.0
6318.8			1.0
6319.700000000001			1.0
6320.6			1.0
6321.5			1.0
6322.4			1.0
6323.3			1.0
6324.200000000001			1.0
6325.1			1.0
6326.0			1.0
6326.9			1.0
6327.8			1.0
6328.700000000001			1.0
6329.6			1.0
6330.5			1.0
6331.4			1.0
6332.3			1.0
6333.200000000001			1.0
6334.1			1.0
6335.0			1.0
6335.9			1.0
6336.8			1.0
6337.700000000001			1.0
6338.6			1.0
6339.5			1.0
6340.4			1.0
6341.3			1.0
6342.200000000001			1.0
6343.1			1.0
6344.0			1.0
6344.9			1.0
6345.8			1.0
6346.700000000001			1.0
6347.6			1.0
6348.5			1.0
6349.4			1.0
6350.3			1.0
6351.200000000001			1.0
6352.1			1.0
6353.0			1.0
6353.9			1.0
6354.8			1.0
6355.700000000001			1.0
6356.6			1.0
6357.5			1.0
6358.4			1.0
6359.3			1.0
6360.200000000001			1.0
6361.1			1.0
6362.0			1.0
6362.9			1.0
6363.8			1.0
6364.700000000001			1.0
6365.6			1.0
6366.5			1.0
6367.4			1.0
6368.3			1.0
6369.200000000001			1.0
6370.1			1.0
6371.0			1.0
6371.9			1.0
6372.8			1.0
6373.700000000001			1.0
6374.6			1.0
6375.5			1.0
6376.4			1.0
6377.3			1.0
6378.200000000001			1.0
6379.1			1.0
6380.0			1.0
6380.9			1.0
6381.8			1.0
6382.700000000001			1.0
6383.6			1.0
6384.5			1.0
6385.4			1.0
6386.3			1.0
6387.200000000001			1.0
6388.1			1.0
6389.0			1.0
6389.9			1.0
6390.8			1.0
6391.700000000001			1.0
6392.6			1.0
6393.5			1.0
6394.4			1.0
6395.3			1.0
6396.200000000001			1.0
6397.1			1.0
6398.0			1.0
6398.9			1.0
6399.8			1.0
6400.700000000001			1.0
6401.6			1.0
6402.5			1.0
6403.4			1.0
6404.3			1.0
6405.200000000001			1.0
6406.1			1.0
6407.0			1.0
6407.9			1.0
6408.8			1.0
6409.700000000001			1.0
6410.6			1.0
6411.5			1.0
6412.4			1.0
6413.3			1.0
6414.200000000001			1.0
6415.1			1.0
6416.0			1.0
6416.9			1.0
6417.8			1.0
6418.700000000001			1.0
6419.6			1.0
6420.5			1.0
6421.4			1.0
6422.3			1.0
6423.200000000001			1.0
6424.1			1.0
6425.0			1.0
6425.9			1.0
6426.8			1.0
6427.700000000001			1.0
6428.6			1.0
6429.5			1.0
6430.4			1.0
6431.3			1.0
6432.200000000001			1.0
6433.1			1.0
6434.0			1.0
6434.9			1.0
6435.8			1.0
6436.700000000001			1.0
6437.6			1.0
6438.5			1.0
6439.4			1.0
6440.3			1.0
6441.200000000001			1.0
6442.1			1.0
6443.0			1.0
6443.9			1.0
6444.8			1.0
6445.700000000001			1.0
6446.6			1.0
6447.5			1.0
6448.4			1.0
6449.3			1.0
6450.200000000001			1.0
6451.1			1.0
6452.0			1.0
6452.9			1.0
6453.8			1.0
6454.700000000001			1.0
6455.6			1.0
6456.5			1.0
6457.4			1.0
6458.3			1.0
6459.200000000001			1.0
6460.1			1.0
6461.0			1.0
6461.9			1.0
6462.8			1.0
6463.700000000001			1.0160897144259886
6464.6			1.0558576298496407
6465.5			1.081073846343651
6466.4			1.0912152553836476
6467.3			1.090974116277104
6468.200000000001			1.0795411524714482
6469.1			1.0610970963667945
6470.0			1.0515799671110009
6470.9			1.05001239801739
6471.8			1.0460677008171992
6472.700000000001			1.0496635858705317
6473.6			1.059149635211328
6474.5			1.0583639447682252
6475.4			1.0498258365383615
6476.3			1.0514474214143197
6477.200000000001			1.064840539855739
6478.1			1.0764704030891519
6479.0			1.084155898570668
6479.9			1.0875584079422744
6480.8			1.0733262223390623
6481.700000000001			1.044016436296584
6482.6			1.0256445356471098
6483.5			1.0349260336041544
6484.4			1.0557821477455855
6485.3			1.0700995260270882
6486.200000000001			1.0768023905550606
6487.1			1.0757470163296303
6488.0			1.0711528750781856
6488.9			1.0679935351017364
6489.8			1.0631600674038673
6490.700000000001			1.0548704739271635
6491.6			1.0456315561053384
6492.5			1.0302310737450675
6493.4			0.993832993170801
6494.3			0.9449320142792582
6495.200000000001			0.919646380511775
6496.1			0.9285920825679984
6497.0			0.9592257723379041
6497.9			0.9956631955027857
6498.8			1.0146002117671018
6499.700000000001			1.0199156992551277
6500.6			1.0284318241318786
6501.5			1.0384618973971087
6502.4			1.0475825530845688
6503.3			1.0552971105152358
6504.200000000001			1.0577347116586762
6505.1			1.059122784245505
6506.0			1.0631209532151158
6506.9			1.0647129177024182
6507.8			1.0591808958177473
6508.700000000001			1.0522320903680782
6509.6			1.050197730164894
6510.5			1.051883672063354
6511.4			1.0545871838715115
6512.3			1.0543745917600886
6513.200000000001			1.0498129391097288
6514.1			1.041078114641813
6515.0			1.026512935590121
6515.9			1.0150767596460968
6516.8			1.016624925875873
6517.700000000001			1.0151404890617868
6518.6			1.0104668627128324
6519.5			1.0221521201049681
6520.4			1.0402357725150133
6521.3			1.0482098231977297
6522.200000000001			1.0484267230458197
6523.1			1.0458774941971154
6524.0			1.0432507518644394
6524.9			1.0376588477448148
6525.8			1.0239047536124426
6526.700000000001			1.008130288614869
6527.6			1.0058936902530253
6528.5			1.0151893018159655
6529.4			1.0212643808308737
6530.3			1.021495805860095
6531.200000000001			1.0207858813274704
6532.1			1.0193352518146759
6533.0			1.0152845542802786
6533.9			1.0108149844609786
6534.8			1.0144651143010261
6535.700000000001			1.0257771686048105
6536.6			1.0338154414078353
6537.5			1.0345747010707358
6538.4			1.031541426992118
6539.3			1.0
6540.200000000001			0.9999645353612339
6541.1			1.0001306266658945
6542.0			0.9952038477132473
6542.9			0.9888199347193583
6543.8			0.9854708058706606
6544.700000000001			0.9800053324849679
6545.6			0.9666150441769659
6546.5			0.9538181715038517
6547.4			0.9571973586580378
6548.3			0.9707718815475602
6549.200000000001			0.9792918135261143
6550.1			0.9787363221594468
6551.0			0.9748920508226082
6551.9			0.9719138410444893
6552.8			0.9659201257227654
6553.700000000001			0.9559421942465451
6554.6			0.9411121548981445
6555.5			0.9214425925788846
6556.4			0.9091758811027407
6557.3			0.9083290619318878
6558.200000000001			0.9014195623319581
6559.1			0.8733896823420043
6560.0			0.8290201216438339
6560.9			0.7609646731297143
6561.8			0.6517491920617179
6562.700000000001			0.5537087032684189
6563.6			0.5668929476027975
6564.5			0.6829701107978877
6565.4			0.7999483015555071
6566.3			0.8672339539892566
6567.200000000001			0.8964562843786839
6568.1			0.9038548451241691
6569.0			0.9046259476693207
6569.9			0.9135425070897257
6570.8			0.9317350174020348
6571.700000000001			0.946838087318261
6572.6			0.9491958716579284
6573.5			0.94228336471871
6574.4			0.9354699351871916
6575.3			0.9391287906064061
6576.200000000001			0.9572849221447133
6577.1			0.9783064078489876
6578.0			0.9914947342973371
6578.9			0.9954017675049459
6579.8			0.9889005940127384
6580.700000000001			0.975967270488419
6581.6			0.9672446903671235
6582.5			0.9685757217175335
6583.4			0.9752417375527414
6584.3			0.9804915009585015
6585.200000000001			0.9802702159823014
6586.1			0.9779911494165471
6587.0			0.9814154461107876
6587.9			0.9903035495167974
6588.8			1.0009656384421193
6589.700000000001			1.0099873408557636
6590.6			1.008014559180505
6591.5			0.9885268926313979
6592.4			0.9555538529435927
6593.3			0.9313555769725949
6594.200000000001			0.9420899396828734
6595.1			0.9752119230792872
6596.0			0.9944136429306903
6596.9			0.9903298694710425
6597.8			0.9811399794306775
6598.700000000001			0.9812783312844428
6599.6			0.9916685957141326
6600.5			1.007582262437857
6601.4			1.0188613148101795
6602.3			1.0153626750724356
6603.200000000001			1.0031931873792224
6604.1			0.9923572476588454
6605.0			0.9890257154315534
6605.9			0.9946937740482739
6606.8			0.9988342615294845
6607.700000000001			0.9928334353710487
6608.6			0.9799675200244984
6609.5			0.9751575984679592
6610.4			0.9860908049441236
6611.3			1.0001481435507533
6612.200000000001			1.0036688775575613
6613.1			0.9995276757219391
6614.0			0.9990170551259389
6614.9			1.006026066926825
6615.8			1.012724665896208
6616.700000000001			1.0150053090714641
6617.6			1.0170285610415781
6618.5			1.019658023840396
6619.4			1.017606681009703
6620.3			1.0131004079726698
6621.200000000001			1.0152583301558393
6622.1			1.0202092590602494
6623.0			1.0193225758214306
6623.9			1.016474612603128
6624.8			1.0168024390473491
6625.700000000001			1.0170030911925165
6626.6			1.0106846889088987
6627.5			1.0037544179946902
6628.4			1.005125925023806
6629.3			1.011531588346319
6630.200000000001			1.0126436000102534
6631.1			1.0084926122054665
6632.0			1.0020786367416046
6632.9			0.9853219746664236
6633.8			0.9600862596865106
6634.700000000001			0.9514453753167077
6635.6			0.9713209175030781
6636.5			1.0002404533277502
6637.4			1.0157389599592523
6638.3			1.0116302156134955
6639.200000000001			0.9996673599034717
6640.1			0.9928519734533082
6641.0			1.000630518004741
6641.9			1.010381545663416
6642.8			1.0020380973494967
6643.700000000001			0.9883667632671237
6644.6			0.9871293723957361
6645.5			0.9998338004689074
6646.4			1.013330913740153
6647.3			1.0202086996768958
6648.200000000001			1.0267786047604464
6649.1			1.0341973681933077
6650.0			1.0336140066103205
6650.9			1.0277634412167338
6651.8			1.0247568219810668
6652.700000000001			1.0221432137471689
6653.6			1.014701167429007
6654.5			1.0122987297298411
6655.4			1.0216304744189482
6656.3			1.0298764833117686
6657.200000000001			1.0283442286131301
6658.1			1.0214434009467985
6659.0			1.0163501184968744
6659.9			1.0157152674674714
6660.8			1.0179350835944714
6661.700000000001			1.015254085168731
6662.6			1.0000296711354972
6663.5			1.0
6664.4			1.0
6665.3			1.0
6666.200000000001			1.0
6667.1			1.0
6668.0			1.0
6668.9			1.0
6669.8			1.0
6670.700000000001			1.0
6671.6			1.0
6672.5			1.0
6673.4			1.0
6674.3			1.0
6675.200000000001			1.0
6676.1			1.0
6677.0			1.0
6677.9			1.0
6678.8			1.0
6679.700000000001			1.0
6680.6			1.0
6681.5			1.0
6682.4			1.0
6683.3			1.0
6684.200000000001			1.0
6685.1			1.0
6686.0			1.0
6686.9			1.0
6687.8			1.0
6688.700000000001			1.0
6689.6			1.0
6690.5			1.0
6691.4			1.0
6692.3			1.0
6693.200000000001			1.0
6694.1			1.0
6695.0			1.0
6695.9			1.0
6696.8			1.0
6697.700000000001			1.0
6698.6			1.0
6699.5			1.0
6700.4			1.0
6701.3			1.0
6702.200000000001			1.0
6703.1			1.0
6704.0			1.0
6704.9			1.0
6705.8			1.0
6706.700000000001			1.0
6707.6			1.0
6708.5			1.0
6709.4			1.0
6710.3			1.0
6711.200000000001			1.0
6712.1			1.0
6713.0			1.0
6713.9			1.0
6714.8			1.0
6715.700000000001			1.0
6716.6			1.0
6717.5			1.0
6718.4			1.0
6719.3			1.0
6720.200000000001			1.0
6721.1			1.0
6722.0			1.0
6722.9			1.0
6723.8			1.0
6724.700000000001			1.0
6725.6			1.0
6726.5			1.0
6727.4			1.0
6728.3			1.0
6729.200000000001			1.0
6730.1			1.0
6731.0			1.0
6731.9			1.0
6732.8			1.0
6733.700000000001			1.0
6734.6			1.0
6735.5			1.0
6736.4			1.0
6737.3			1.0
6738.200000000001			1.0
6739.1			1.0
6740.0			1.0
6740.9			1.0
6741.8			1.0
6742.700000000001			1.0
6743.6			1.0
6744.5			1.0
6745.4			1.0
6746.3			1.0
6747.200000000001			1.0
6748.1			1.0
6749.0			1.0
6749.9			1.0
6750.8			1.0
6751.700000000001			1.0
6752.6			1.0
6753.5			1.0
6754.4			1.0
6755.3			1.0
6756.200000000001			1.0
6757.1			1.0
6758.0			1.0
6758.9			1.0
6759.8			1.0
6760.700000000001			1.0
6761.6			1.0
6762.5			1.0
6763.4			1.0
6764.3			1.0
6765.200000000001			1.0
6766.1			1.0
6767.0			1.0
6767.9			1.0
6768.8			1.0
6769.700000000001			1.0
6770.6			1.0
6771.5			1.0
6772.4			1.0
6773.3			1.0
6774.200000000001			1.0
6775.1			1.0
6776.0			1.0
6776.9			1.0
6777.8			1.0
6778.700000000001			1.0
6779.6			1.0
6780.5			1.0
6781.4			1.0
6782.3			1.0
6783.200000000001			1.0
6784.1			1.0
6785.0			1.0
6785.9			1.0
6786.8			1.0
6787.700000000001			1.0
6788.6			1.0
6789.5			1.0
6790.4			1.0
6791.3			1.0
6792.200000000001			1.0
6793.1			1.0
6794.0			1.0
6794.9			1.0
6795.8			1.0
6796.700000000001			1.0
6797.6			1.0
6798.5			1.0
6799.4			1.0
6800.3			1.0
6801.200000000001			1.0
6802.1			1.0
6803.0			1.0
6803.9			1.0
6804.8			1.0
6805.700000000001			1.0
6806.6			1.0
6807.5			1.0
6808.4			1.0
6809.3			1.0
6810.200000000001			1.0
6811.1			1.0
6812.0			1.0
6812.9			1.0
6813.8			1.0
6814.700000000001			1.0
6815.6			1.0
6816.5			1.0
6817.4			1.0
6818.3			1.0
6819.200000000001			1.0
6820.1			1.0
6821.0			1.0
6821.9			1.0
6822.8			1.0
6823.700000000001			1.0
6824.6			1.0
6825.5			1.0
6826.4			1.0
6827.3			1.0
6828.200000000001			1.0
6829.1			1.0
6830.0			1.0
6830.9			1.0
6831.8			1.0
6832.700000000001			1.0
6833.6			1.0
6834.5			1.0
6835.4			1.0
6836.3			1.0
6837.200000000001			1.0
6838.1			1.0
6839.0			1.0
6839.9			1.0
6840.8			1.0
6841.700000000001			1.0
6842.6			1.0
6843.5			1.0
6844.4			1.0
6845.3			1.0
6846.200000000001			1.0
6847.1			1.0
6848.0			1.0
6848.9			1.0
6849.8			1.0
6850.700000000001			1.0
6851.6			1.0
6852.5			1.0
6853.4			1.0
6854.3			1.0
6855.200000000001			1.0
6856.1			1.0
6857.0			1.0
6857.9			1.0
6858.8			1.0
6859.700000000001			1.0
6860.6			1.0
6861.5			1.0
6862.4			1.0
6863.3			1.0
6864.200000000001			1.0
6865.1			1.0
6866.0			1.0
6866.9			1.0
6867.8			1.0
6868.700000000001			1.0
6869.6			1.0
6870.5			1.0
6871.4			1.0
6872.3			1.0
6873.200000000001			1.0
6874.1			1.0
6875.0			1.0
6875.9			1.0
6876.8			1.0
6877.700000000001			1.0
6878.6			1.0
6879.5			1.0
6880.4			1.0
6881.3			1.0
6882.200000000001			1.0
6883.1			1.0
6884.0			1.0
6884.9			1.0
6885.8			1.0
6886.700000000001			1.0
6887.6			1.0
6888.5			1.0
6889.4			1.0
6890.3			1.0
6891.200000000001			1.0
6892.1			1.0
6893.0			1.0
6893.9			1.0
6894.8			1.0
6895.700000000001			1.0
6896.6			1.0
6897.5			1.0
6898.4			1.0
6899.3			1.0
6900.200000000001			1.0
6901.1			1.0
6902.0			1.0
6902.9			1.0
6903.8			1.0
6904.700000000001			1.0
6905.6			1.0
6906.5			1.0
6907.4			1.0
6908.3			1.0
6909.200000000001			1.0
6910.1			1.0
6911.0			1.0
6911.9			1.0
6912.8			1.0
6913.700000000001			1.0
6914.6			1.0
6915.5			1.0
6916.4			1.0
6917.3			1.0
6918.200000000001			1.0
6919.1			1.0
6920.0			1.0
6920.9			1.0
6921.8			1.0
6922.700000000001			1.0
6923.6			1.0
6924.5			1.0
6925.4			1.0
6926.3			1.0
6927.200000000001			1.0
6928.1			1.0
6929.0			1.0
6929.9			1.0
6930.8			1.0
6931.700000000001			1.0
6932.6			1.0
6933.5			1.0
6934.4			1.0
6935.3			1.0
6936.200000000001			1.0
6937.1			1.0
6938.0			1.0
6938.9			1.0
6939.8			1.0
6940.700000000001			1.0
6941.6			1.0
6942.5			1.0
6943.4			1.0
6944.3			1.0
6945.200000000001			1.0
6946.1			1.0
6947.0			1.0
6947.9			1.0
6948.8			1.0
6949.700000000001			1.0
6950.6			1.0
6951.5			1.0
6952.4			1.0
6953.3			1.0
6954.200000000001			1.0
6955.1			1.0
6956.0			1.0
6956.9			1.0
6957.8			1.0
6958.700000000001			1.0
6959.6			1.0
6960.5			1.0
6961.4			1.0
6962.3			1.0
6963.200000000001			1.0
6964.1			1.0
6965.0			1.0
6965.9			1.0
6966.8			1.0
6967.700000000001			1.0
6968.6			1.0
6969.5			1.0
6970.4			1.0
6971.3			1.0
6972.200000000001			1.0
6973.1			1.0
6974.0			1.0
6974.9			1.0
6975.8			1.0
6976.700000000001			1.0
6977.6			1.0
6978.5			1.0
6979.4			1.0
6980.3			1.0
6981.200000000001			1.0
6982.1			1.0
6983.0			1.0
6983.9			1.0
6984.8			1.0
6985.700000000001			1.0
6986.6			1.0
6987.5			1.0
6988.4			1.0
6989.3			1.0
6990.200000000001			1.0
6991.1			1.0
6992.0			1.0
6992.9			1.0
6993.8			1.0
6994.700000000001			1.0
6995.6			1.0
6996.5			1.0
6997.4			1.0
6998.3			1.0
6999.200000000001			1.0
7000.1			1.0
7001.0			1.0
7001.9			1.0
7002.8			1.0
7003.700000000001			1.0
7004.6			1.0
7005.5			1.0
7006.4			1.0
7007.3			1.0
7008.200000000001			1.0
7009.1			1.0
7010.0			1.0
7010.9			1.0
7011.8			1.0
7012.700000000001			1.0
7013.6			1.0
7014.5			1.0
7015.4			1.0
7016.3			1.0
7017.200000000001			1.0
7018.1			1.0
7019.0			1.0
7019.9			1.0
7020.8			1.0
7021.700000000001			1.0
7022.6			1.0
7023.5			1.0
7024.4			1.0
7025.3			1.0
7026.200000000001			1.0
7027.1			1.0
7028.0			1.0
7028.9			1.0
7029.8			1.0
7030.700000000001			1.0
7031.6			1.0
7032.5			1.0
7033.4			1.0
7034.3			1.0
7035.200000000001			1.0
7036.1			1.0
7037.0			1.0
7037.9			1.0
7038.8			1.0
7039.700000000001			1.0
7040.6			1.0
7041.5			1.0
7042.4			1.0
7043.3			1.0
7044.200000000001			1.0
7045.1			1.0
7046.0			1.0
7046.9			1.0
7047.8			1.0
7048.700000000001			1.0
7049.6			1.0
7050.5			1.0
7051.4			1.0
7052.3			1.0
7053.200000000001			1.0
7054.1			1.0
7055.0			1.0
7055.9			1.0
7056.8			1.0
7057.700000000001			1.0
7058.6			1.0
7059.5			1.0
7060.4			1.0
7061.3			1.0
7062.200000000001			1.0
7063.1			1.0
7064.0			1.0
7064.9			1.0
7065.8			1.0
7066.700000000001			1.0
7067.6			1.0
7068.5			1.0
7069.4			1.0
7070.3			1.0
7071.200000000001			1.0
7072.1			1.0
7073.0			1.0
7073.9			1.0
7074.8			1.0
7075.700000000001			1.0
7076.6			1.0
7077.5			1.0
7078.4			1.0
7079.3			1.0
7080.200000000001			1.0
7081.1			1.0
7082.0			1.0
7082.9			1.0
7083.8			1.0
7084.700000000001			1.0
7085.6			1.0
7086.5			1.0
7087.4			1.0
7088.3			1.0
7089.200000000001			1.0
7090.1			1.0
7091.0			1.0
7091.9			1.0
7092.8			1.0
7093.700000000001			1.0
7094.6			1.0
7095.5			1.0
7096.4			1.0
7097.3			1.0
7098.200000000001			1.0
7099.1			1.0
7100.0			1.0
7100.9			1.0
7101.8			1.0
7102.700000000001			1.0
7103.6			1.0
7104.5			1.0
7105.4			1.0
7106.3			1.0
7107.200000000001			1.0
7108.1			1.0
7109.0			1.0
7109.9			1.0
7110.8			1.0
7111.700000000001			1.0
7112.6			1.0
7113.5			1.0
7114.4			1.0
7115.3			1.0
7116.200000000001			1.0
7117.1			1.0
7118.0			1.0
7118.9			1.0
7119.8			1.0
7120.700000000001			1.0
7121.6			1.0
7122.5			1.0
7123.4			1.0
7124.3			1.0
7125.200000000001			1.0
7126.1			1.0
7127.0			1.0
7127.9			1.0
7128.8			1.0
7129.700000000001			1.0
7130.6			1.0
7131.5			1.0
7132.4			1.0
7133.3			1.0
7134.200000000001			1.0
7135.1			1.0
7136.0			1.0
7136.9			1.0
7137.8			1.0
7138.700000000001			1.0
7139.6			1.0
7140.5			1.0
7141.4			1.0
7142.3			1.0
7143.200000000001			1.0
7144.1			1.0
7145.0			1.0
7145.9			1.0
7146.8			1.0
7147.700000000001			1.0
7148.6			1.0
7149.5			1.0
7150.4			1.0
7151.3			1.0
7152.200000000001			1.0
7153.1			1.0
7154.0			1.0
7154.9			1.0
7155.8			1.0
7156.700000000001			1.0
7157.6			1.0
7158.5			1.0
7159.4			1.0
7160.3			1.0
7161.200000000001			1.0
7162.1			1.0
7163.0			1.0
7163.9			1.0
7164.8			1.0
7165.700000000001			1.0
7166.6			1.0
7167.5			1.0
7168.4			1.0
7169.3			1.0
7170.200000000001			1.0
7171.1			1.0
7172.0			1.0
7172.9			1.0
7173.8			1.0
7174.700000000001			1.0
7175.6			1.0
7176.5			1.0
7177.4			1.0
7178.3			1.0
7179.200000000001			1.0
7180.1			1.0
7181.0			1.0
7181.9			1.0
7182.8			1.0
7183.700000000001			1.0
7184.6			1.0
7185.5			1.0
7186.4			1.0
7187.3			1.0
7188.200000000001			1.0
7189.1			1.0
7190.0			1.0
7190.9			1.0
7191.8			1.0
7192.700000000001			1.0
7193.6			1.0
7194.5			1.0
7195.4			1.0
7196.3			1.0
7197.200000000001			1.0
7198.1			1.0
7199.0			1.0
7199.9			1.0
7200.8			1.0
7201.700000000001			1.0
7202.6			1.0
7203.5			1.0
7204.4			1.0
7205.3			1.0
7206.200000000001			1.0
7207.1			1.0
7208.0			1.0
7208.9			1.0
7209.8			1.0
7210.700000000001			1.0
7211.6			1.0
7212.5			1.0
7213.4			1.0
7214.3			1.0
7215.200000000001			1.0
7216.1			1.0
7217.0			1.0
7217.9			1.0
7218.8			1.0
7219.700000000001			1.0
7220.6			1.0
7221.5			1.0
7222.4			1.0
7223.3			1.0
7224.200000000001			1.0
7225.1			1.0
7226.0			1.0
7226.9			1.0
7227.8			1.0
7228.700000000001			1.0
7229.6			1.0
7230.5			1.0
7231.4			1.0
7232.3			1.0
7233.200000000001			1.0
7234.1			1.0
7235.0			1.0
7235.9			1.0
7236.8			1.0
7237.700000000001			1.0
7238.6			1.0
7239.5			1.0
7240.4			1.0
7241.3			1.0
7242.200000000001			1.0
7243.1			1.0
7244.0			1.0
7244.9			1.0
7245.8			1.0
7246.700000000001			1.0
7247.6			1.0
7248.5			1.0
7249.4			1.0
7250.3			1.0
7251.200000000001			1.0
7252.1			1.0
7253.0			1.0
7253.9			1.0
7254.8			1.0
7255.700000000001			1.0
7256.6			1.0
7257.5			1.0
7258.4			1.0
7259.3			1.0
7260.200000000001			1.0
7261.1			1.0
7262.0			1.0
7262.9			1.0
7263.8			1.0
7264.700000000001			1.0
7265.6			1.0
7266.5			1.0
7267.4			1.0
7268.3			1.0
7269.200000000001			1.0
7270.1			1.0
7271.0			1.0
7271.9			1.0
7272.8			1.0
7273.700000000001			1.0
7274.6			1.0
7275.5			1.0
7276.4			1.0
7277.3			1.0
7278.200000000001			1.0
7279.1			1.0
7280.0			1.0
7280.9			1.0
7281.8			1.0
7282.700000000001			1.0
7283.6			1.0
7284.5			1.0
7285.4			1.0
7286.3			1.0
7287.200000000001			1.0
7288.1			1.0
7289.0			1.0
7289.9			1.0
7290.8			1.0
7291.700000000001			1.0
7292.6			1.0
7293.5			1.0
7294.4			1.0
7295.3			1.0
7296.200000000001			1.0
7297.1			1.0
7298.0			1.0
7298.9			1.0
7299.8			1.0
7300.700000000001			1.0
7301.6			1.0
7302.5			1.0
7303.4			1.0
7304.3			1.0
7305.200000000001			1.0
7306.1			1.0
7307.0			1.0
7307.9			1.0
7308.8			1.0
7309.700000000001			1.0
7310.6			1.0
7311.5			1.0
7312.4			1.0
7313.3			1.0
7314.200000000001			1.0
7315.1			1.0
7316.0			1.0
7316.9			1.0
7317.8			1.0
7318.700000000001			1.0
7319.6			1.0
7320.5			1.0
7321.4			1.0
7322.3			1.0
7323.200000000001			1.0
7324.1			1.0
7325.0			1.0
7325.9			1.0
7326.8			1.0
7327.700000000001			1.0
7328.6			1.0
7329.5			1.0
7330.4			1.0
7331.3			1.0
7332.200000000001			1.0
7333.1			1.0
7334.0			1.0
7334.9			1.0
7335.8			1.0
7336.700000000001			1.0
7337.6			1.0
7338.5			1.0
7339.4			1.0
7340.3			1.0
7341.200000000001			1.0
7342.1			1.0
7343.0			1.0
7343.9			1.0
7344.8			1.0
7345.700000000001			1.0
7346.6			1.0
7347.5			1.0
7348.4			1.0
7349.3			1.0
7350.200000000001			1.0
7351.1			1.0
7352.0			1.0
7352.9			1.0
7353.8			1.0
7354.700000000001			1.0
7355.6			1.0
7356.5			1.0
7357.4			1.0
7358.3			1.0
7359.200000000001			1.0
7360.1			1.0
7361.0			1.0
7361.9			1.0
7362.8			1.0
7363.700000000001			1.0
7364.6			1.0
7365.5			1.0
7366.4			1.0
7367.3			1.0
7368.200000000001			1.0
7369.1			1.0
7370.0			1.0
7370.9			1.0
7371.8			1.0
7372.700000000001			1.0
7373.6			1.0
7374.5			1.0
7375.4			1.0
7376.3			1.0
7377.200000000001			1.0
7378.1			1.0
7379.0			1.0
7379.9			1.0
7380.8			1.0
7381.700000000001			1.0
7382.6			1.0
7383.5			1.0
7384.4			1.0
7385.3			1.0
7386.200000000001			1.0
7387.1			1.0
7388.0			1.0
7388.9			1.0
7389.8			1.0
7390.700000000001			1.0
7391.6			1.0
7392.5			1.0
7393.4			1.0
7394.3			1.0
7395.200000000001			1.0
7396.1			1.0
7397.0			1.0
7397.9			1.0
7398.8			1.0
7399.700000000001			1.0
7400.6			1.0
7401.5			1.0
7402.4			1.0
7403.3			1.0
7404.200000000001			1.0
7405.1			1.0
7406.0			1.0
7406.9			1.0
7407.8			1.0
7408.700000000001			1.0
7409.6			1.0
7410.5			1.0
7411.4			1.0
7412.3			1.0
7413.200000000001			1.0
7414.1			1.0
7415.0			1.0
7415.9			1.0
7416.8			1.0
7417.700000000001			1.0
7418.6			1.0
7419.5			1.0
7420.4			1.0
7421.3			1.0
7422.200000000001			1.0
7423.1			1.0
7424.0			1.0
7424.9			1.0
7425.8			1.0
7426.700000000001			1.0
7427.6			1.0
7428.5			1.0
7429.4			1.0
