3500.0			1.0
3500.9			1.0
3501.8			1.0
3502.7			1.0
3503.6			1.0
3504.5			1.0
3505.4			1.0
3506.3			1.0
3507.2			1.0
3508.1			1.0
3509.0			1.0
3509.9			1.0
3510.8			1.0
3511.7			1.0
3512.6			1.0
3513.5			1.0
3514.4			1.0
3515.3			1.0
3516.2			1.0
3517.1			1.0
3518.0			1.0
3518.9			1.0
3519.8			1.0
3520.7			1.0
3521.6			1.0
3522.5			1.0
3523.4			1.0
3524.3			1.0
3525.2			1.0
3526.1			1.0
3527.0			1.0
3527.9			1.0
3528.8			1.0
3529.7			1.0
3530.6			1.0
3531.5			1.0
3532.4			1.0
3533.3			1.0
3534.2			1.0
3535.1			1.0
3536.0			1.0
3536.9			1.0
3537.8			1.0
3538.7			1.0
3539.6			1.0
3540.5			1.0
3541.4			1.0
3542.3			1.0
3543.2			1.0
3544.1			1.0
3545.0			1.0
3545.9			1.0
3546.8			1.0
3547.7			1.0
3548.6			1.0
3549.5			1.0
3550.4			1.0
3551.3			1.0
3552.2			1.0
3553.1			1.0
3554.0			1.0
3554.9			1.0
3555.8			1.0
3556.7			1.0
3557.6			1.0
3558.5			1.0
3559.4			1.0
3560.3			1.0
3561.2			1.0
3562.1			1.0
3563.0			1.0
3563.9			1.0
3564.8			1.0
3565.7			1.0
3566.6			1.0
3567.5			1.0
3568.4			1.0
3569.3			1.0
3570.2			1.0
3571.1			1.0
3572.0			1.0
3572.9			1.0
3573.8			1.0
3574.7			1.0
3575.6			1.0
3576.5			1.0
3577.4			1.0
3578.3			1.0
3579.2			1.0
3580.1			1.0
3581.0			1.0
3581.9			1.0
3582.8			1.0
3583.7			1.0
3584.6			1.0
3585.5			1.0
3586.4			1.0
3587.3			1.0
3588.2			1.0
3589.1			1.0
3590.0			1.0
3590.9			1.0
3591.8			1.0
3592.7			1.0
3593.6			1.0
3594.5			1.0
3595.4			1.0
3596.3			1.0
3597.2			1.0
3598.1			1.0
3599.0			1.0
3599.9			1.0
3600.8			1.0
3601.7			1.0
3602.6			1.0
3603.5			1.0
3604.4			1.0
3605.3			1.0
3606.2			1.0
3607.1			1.0
3608.0			1.0
3608.9			1.0
3609.8			1.0
3610.7			1.0
3611.6			1.0
3612.5			1.0
3613.4			1.0
3614.3			1.0
3615.2			1.0
3616.1			1.0
3617.0			1.0
3617.9			1.0
3618.8			1.0
3619.7			1.0
3620.6			1.0
3621.5			1.0
3622.4			1.0
3623.3			1.0
3624.2			1.0
3625.1			1.0
3626.0			1.0
3626.9			1.0
3627.8			1.0
3628.7			1.0
3629.6			1.0
3630.5			1.0
3631.4			1.0
3632.3			1.0
3633.2			1.0
3634.1			1.0
3635.0			1.0
3635.9			1.0
3636.8			1.0
3637.7			1.0
3638.6			1.0
3639.5			1.0
3640.4			1.0
3641.3			1.0
3642.2			1.0
3643.1			1.0
3644.0			1.0
3644.9			1.0
3645.8			1.0
3646.7			1.0
3647.6			1.0
3648.5			1.0
3649.4			1.0
3650.3			1.0
3651.2			1.0
3652.1			1.0
3653.0			1.0
3653.9			1.0
3654.8			1.0
3655.7			1.0
3656.6			1.0
3657.5			1.0
3658.4			1.0
3659.3			1.0
3660.2			1.0
3661.1			1.0
3662.0			1.0
3662.9			1.0
3663.8			1.0
3664.7			1.0
3665.6			1.0
3666.5			1.0
3667.4			1.0
3668.3			1.0
3669.2			1.0
3670.1			1.0
3671.0			1.0
3671.9			1.0
3672.8			1.0
3673.7			1.0
3674.6			1.0
3675.5			1.0
3676.4			1.0
3677.3			1.0
3678.2			1.0
3679.1			1.0
3680.0			1.0
3680.9			1.0
3681.8			1.0
3682.7			1.0
3683.6			1.0
3684.5			1.0
3685.4			1.0
3686.3			1.0
3687.2			1.0
3688.1			1.0
3689.0			1.0
3689.9			1.0
3690.8			1.0
3691.7			1.0
3692.6			1.0
3693.5			1.0
3694.4			1.0
3695.3			1.0
3696.2			1.0
3697.1			1.0
3698.0			1.0
3698.9			1.0
3699.8			1.0
3700.7			1.0
3701.6			1.0
3702.5			1.0
3703.4			1.0
3704.3			1.0
3705.2			1.0
3706.1			1.0
3707.0			1.0
3707.9			1.0
3708.8			1.0
3709.7			1.0
3710.6			1.0
3711.5			1.0
3712.4			1.0
3713.3			1.0
3714.2			1.0
3715.1			1.0
3716.0			1.0
3716.9			1.0
3717.8			1.0
3718.7			1.0
3719.6			1.0
3720.5			1.0
3721.4			1.0
3722.3			1.0
3723.2			1.0
3724.1			1.0
3725.0			1.0
3725.9			1.0
3726.8			1.0
3727.7			1.0
3728.6			1.0
3729.5			1.0
3730.4			1.0
3731.3			1.0
3732.2			1.0
3733.1			1.0
3734.0			1.0
3734.9			1.0
3735.8			1.0
3736.7			1.0
3737.6			1.0
3738.5			1.0
3739.4			1.0
3740.3			1.0
3741.2			1.0
3742.1			1.0
3743.0			1.0
3743.9			1.0
3744.8			1.0
3745.7			1.0
3746.6			1.0
3747.5			1.0
3748.4			1.0
3749.3			1.0
3750.2			1.0
3751.1			1.0
3752.0			1.0
3752.9			1.0
3753.8			1.0
3754.7			1.0
3755.6			1.0
3756.5			1.0
3757.4			1.0
3758.3			1.0
3759.2			1.0
3760.1			1.0
3761.0			1.0
3761.9			1.0
3762.8			1.0
3763.7			1.0
3764.6			1.0
3765.5			1.0
3766.4			1.0
3767.3			1.0
3768.2			1.0
3769.1			1.0
3770.0			1.0
3770.9			1.0
3771.8			1.0
3772.7			1.0
3773.6			1.0
3774.5			1.0
3775.4			1.0
3776.3			1.0
3777.2			1.0
3778.1			1.0
3779.0			1.0
3779.9			1.0
3780.8			1.0
3781.7			1.0
3782.6			1.0
3783.5			1.0
3784.4			1.0
3785.3			1.0
3786.2			1.0
3787.1			1.0
3788.0			1.0
3788.9			1.0
3789.8			1.0
3790.7			1.0
3791.6			1.0
3792.5			1.0
3793.4			1.0
3794.3			1.0
3795.2			1.0
3796.1			1.0
3797.0			1.0
3797.9			1.0
3798.8			1.0
3799.7			1.0
3800.6			1.0
3801.5			1.0
3802.4			1.0
3803.3			1.0
3804.2			1.0
3805.1			1.0
3806.0			1.0
3806.9			1.0
3807.8			1.0
3808.7			1.0
3809.6			1.0
3810.5			1.0
3811.4			1.0
3812.3			1.0
3813.2			1.0
3814.1			1.0
3815.0			1.0
3815.9			1.0
3816.8			1.0
3817.7			1.0
3818.6			1.0
3819.5			1.0
3820.4			1.0
3821.3			1.0
3822.2			1.0
3823.1			1.0
3824.0			1.0
3824.9			1.0
3825.8			1.0
3826.7			1.0
3827.6			1.0
3828.5			1.0
3829.4			1.0
3830.3			1.0
3831.2			1.0
3832.1			1.0
3833.0			1.0
3833.9			1.0
3834.8			1.0
3835.7			1.0
3836.6			1.0
3837.5			1.0
3838.4			1.0
3839.3			1.0
3840.2			1.0
3841.1			1.0
3842.0			1.0
3842.9			1.0
3843.8			1.0
3844.7			1.0
3845.6			1.0
3846.5			1.0
3847.4			1.0
3848.3			1.0
3849.2			1.0
3850.1			1.0
3851.0			1.0
3851.9			1.0
3852.8			1.0
3853.7			1.0
3854.6			1.0
3855.5			1.0
3856.4			1.0
3857.3			1.0
3858.2			1.0
3859.1			1.0
3860.0			1.0
3860.9			1.0
3861.8			1.0
3862.7			1.0
3863.6			1.0
3864.5			1.0
3865.4			1.0
3866.3			1.0
3867.2			1.0
3868.1			1.0
3869.0			1.0
3869.9			1.0
3870.8			1.0
3871.7			1.0
3872.6			1.0
3873.5			1.0
3874.4			1.0
3875.3			1.0
3876.2			1.0
3877.1			1.0
3878.0			1.0
3878.9			1.0
3879.8			1.0
3880.7			1.0
3881.6			1.0
3882.5			1.0
3883.4			1.0
3884.3			1.0
3885.2			1.0
3886.1			1.0
3887.0			1.0
3887.9			1.0
3888.8			1.0
3889.7			1.0
3890.6			1.0
3891.5			1.0
3892.4			1.0
3893.3			1.0
3894.2			1.0
3895.1			1.0
3896.0			1.0
3896.9			1.0
3897.8			1.0
3898.7			1.0
3899.6			1.0
3900.5			1.0
3901.4			1.0
3902.3			1.0
3903.2			1.0
3904.1			1.0
3905.0			1.0
3905.9			1.0
3906.8			1.0
3907.7			1.0
3908.6			1.0
3909.5			1.0
3910.4			1.0
3911.3			1.0
3912.2			1.0
3913.1			1.0
3914.0			1.0
3914.9			1.0
3915.8			1.0
3916.7			1.0
3917.6			1.0
3918.5			1.0
3919.4			1.0
3920.3			1.0
3921.2			1.0
3922.1			1.0
3923.0			1.0
3923.9			1.0
3924.8			1.0
3925.7			1.0
3926.6			1.0
3927.5			1.0
3928.4			1.0
3929.3			1.0
3930.2			1.0
3931.1			1.0
3932.0			1.0
3932.9			1.0
3933.8			1.0
3934.7			1.0
3935.6			1.0
3936.5			1.0
3937.4			1.0
3938.3			1.0
3939.2			1.0
3940.1			1.0
3941.0			1.0
3941.9			1.0
3942.8			1.0
3943.7			1.0
3944.6			1.0
3945.5			1.0
3946.4			1.0
3947.3			1.0
3948.2			1.0
3949.1			1.0
3950.0			1.0
3950.9			1.0
3951.8			1.0
3952.7			1.0
3953.6			1.0
3954.5			1.0
3955.4			1.0
3956.3			1.0
3957.2			1.0
3958.1			1.0
3959.0			1.0
3959.9			1.0
3960.8			1.0
3961.7			1.0
3962.6			1.0
3963.5			1.0
3964.4			1.0
3965.3			1.0
3966.2			1.0
3967.1			1.0
3968.0			1.0
3968.9			1.0
3969.8			1.0
3970.7			1.0
3971.6			1.0
3972.5			1.0
3973.4			1.0
3974.3			1.0
3975.2			1.0
3976.1			1.0
3977.0			1.0
3977.9			1.0
3978.8			1.0
3979.7			1.0
3980.6			1.0
3981.5			1.0
3982.4			1.0
3983.3			1.0
3984.2			1.0
3985.1			1.0
3986.0			1.0
3986.9			1.0
3987.8			1.0
3988.7			1.0
3989.6			1.0
3990.5			1.0
3991.4			1.0
3992.3			1.0
3993.2			1.0
3994.1			1.0
3995.0			1.0
3995.9			1.0
3996.8			1.0
3997.7			1.0
3998.6			1.0
3999.5			1.0
4000.4			1.0
4001.3			1.0
4002.2			1.0
4003.1			1.0095400848490494
4004.0			0.9147564692323409
4004.9			0.7523845464666324
4005.8			0.680064137378403
4006.7			0.7709059063607803
4007.6			0.9228027983280513
4008.5			1.004555912679222
4009.4			1.0
4010.3			1.0
4011.2			1.0
4012.1			1.0
4013.0			1.0
4013.9			1.0
4014.8			1.0
4015.7			1.0
4016.6			1.0
4017.5			1.0
4018.4			1.0
4019.3			1.0
4020.2			1.0
4021.1			1.0
4022.0			1.0
4022.9			1.0
4023.8			1.0
4024.7			1.0
4025.6			1.0
4026.5			1.0
4027.4			1.0
4028.3			1.01099436141871
4029.2			0.9227097895107438
4030.1			0.7433839900380201
4031.0			0.6043908098057869
4031.9			0.5557178862874036
4032.8			0.5345401980655035
4033.7			0.5308543955156911
4034.6			0.5911119970217535
4035.5			0.7289289142766769
4036.4			0.8956953414248335
4037.3			1.0116396714113696
4038.2			1.036823651625595
4039.1			0.9985482779297651
4040.0			1.0
4040.9			1.0
4041.8			1.0009437254090439
4042.7			0.9935228236339697
4043.6			0.859891832637424
4044.5			0.6308573775979466
4045.4			0.45827867156430097
4046.3			0.4645468005474125
4047.2			0.6320464285436691
4048.1			0.8328751002761783
4049.0			0.9960979008550616
4049.9			1.0
4050.8			1.0
4051.7			1.0
4052.6			1.0
4053.5			1.0
4054.4			1.0
4055.3			1.0
4056.2			1.0
4057.1			1.0
4058.0			1.0
4058.9			1.0
4059.8			1.114307999253186
4060.7			1.167139557811828
4061.6			1.0540220166562448
4062.5			0.8079050947088989
4063.4			0.617899829781938
4064.3			0.650984495990933
4065.2			0.8322618544000102
4066.1			0.9588124283024457
4067.0			0.9996931361301871
4067.9			1.0
4068.8			1.0
4069.7			1.0
4070.6			1.0
4071.5			1.0
4072.4			1.0
4073.3			1.0
4074.2			1.0
4075.1			0.9822911020159427
4076.0			0.8653090032320918
4076.9			0.7419392665489354
4077.8			0.7112695446576581
4078.7			0.776596889731233
4079.6			0.8804780011382303
4080.5			0.9799860526094893
4081.4			1.0
4082.3			1.0
4083.2			1.0
4084.1			1.0
4085.0			1.0
4085.9			1.0
4086.8			1.0
4087.7			1.0
4088.6			1.0
4089.5			1.0
4090.4			1.0
4091.3			1.0
4092.2			1.0
4093.1			1.0316564814191167
4094.0			1.0473634081245722
4094.9			0.976944640729514
4095.8			0.8748166971376989
4096.7			0.8314298349614395
4097.6			0.8484016959059637
4098.5			0.8736008685385035
4099.4			0.8669781525963127
4100.3			0.8133439957938011
4101.2			0.7602601914992106
4102.1			0.7759180073726308
4103.0			0.8444345541365921
4103.9			0.9029020864824903
4104.8			0.9529361201329078
4105.7			1.0088547764708053
4106.6			1.038099604557324
4107.5			1.027941968414714
4108.4			1.0095009163122388
4109.3			0.9976475946398442
4110.2			1.0
4111.1			1.0
4112.0			1.0
4112.9			1.0
4113.8			1.0
4114.7			1.0
4115.6			1.0
4116.5			1.0200695769076664
4117.4			0.9929846046806581
4118.3			0.9143432290729129
4119.2			0.8843527298395326
4120.1			0.9408572514114042
4121.0			0.9991827699071828
4121.9			1.0063514705530072
4122.8			1.0
4123.7			1.0
4124.6			1.0
4125.5			1.0
4126.4			1.0
4127.3			1.0
4128.2			1.0
4129.1			1.0002729672540442
4130.0			0.9632585901846042
4130.9			0.854428708852275
4131.8			0.7250889524667667
4132.7			0.6690537536337895
4133.6			0.6967046332405061
4134.5			0.7877018461642517
4135.4			0.9213770781112075
4136.3			1.0060459373425756
4137.2			1.0
4138.1			1.0
4139.0			1.0
4139.9			1.0122342274669132
4140.8			0.9833256065811933
4141.7			0.8610562381401665
4142.6			0.6623052911855274
4143.5			0.5419696115950827
4144.4			0.6124691868712515
4145.3			0.7956208574181972
4146.2			0.9399812280328955
4147.1			1.0055775879189517
4148.0			1.0
4148.9			1.0
4149.8			1.0
4150.7			1.0
4151.6			1.0
4152.5			1.0
4153.4			1.0
4154.3			1.0
4155.2			1.0
4156.1			1.0
4157.0			1.0
4157.9			1.0
4158.8			1.0
4159.7			1.0
4160.6			1.0
4161.5			1.0
4162.4			1.0
4163.3			1.0
4164.2			1.0
4165.1			1.0
4166.0			1.0
4166.9			1.0
4167.8			0.9812882700696812
4168.7			1.0248885626646043
4169.6			1.07912129649254
4170.5			1.0580124788829555
4171.4			0.9484440512262713
4172.3			0.8399246671841912
4173.2			0.8248838362134865
4174.1			0.8722666146141708
4175.0			0.9013778361262074
4175.9			0.9080500718725039
4176.8			0.9190945843392886
4177.7			0.945242706502895
4178.6			1.0016953149565642
4179.5			1.0
4180.4			1.0
4181.3			1.0
4182.2			1.0
4183.1			1.0
4184.0			1.0
4184.9			1.0389326784823707
4185.8			0.9780487532200778
4186.7			0.8305561916331231
4187.6			0.7514615302720449
4188.5			0.8396892550153287
4189.4			1.0
4190.3			1.0213537947338056
4191.2			0.980286283943754
4192.1			1.0176258591020313
4193.0			1.1117156177502443
4193.9			1.1181290927071685
4194.8			1.0179703332222256
4195.7			0.9135933698568478
4196.6			0.8425709150684124
4197.5			0.7651237106154636
4198.4			0.6976658704920358
4199.3			0.6938820892606505
4200.2			0.71514751891228
4201.1			0.6927226916838176
4202.0			0.6755191447923057
4202.9			0.7405198837076543
4203.8			0.8490275111526735
4204.7			0.9311517728878037
4205.6			0.974077725305896
4206.5			0.994349344239954
4207.4			1.0
4208.3			1.0
4209.2			1.0
4210.1			1.0
4211.0			1.0
4211.9			1.0
4212.8			1.0
4213.7			0.9585184207884875
4214.6			0.8658940379876223
4215.5			0.7808981514266008
4216.4			0.7851051331843776
4217.3			0.8719768571061651
4218.2			0.9555010646706599
4219.1			1.0020255329947572
4220.0			1.0
4220.9			0.985052595430401
4221.8			0.9088415074851678
4222.7			0.8051716887755856
4223.6			0.6958254121298526
4224.5			0.5624365199778949
4225.4			0.4126110486749246
4226.3			0.3053906863902837
4227.2			0.31454147685677936
4228.1			0.4517435051192937
4229.0			0.6452716193750506
4229.9			0.8251110805226697
4230.8			1.0
4231.7			1.0236845556563532
4232.6			0.9582576613152445
4233.5			0.8968269427125746
4234.4			0.8729121195201661
4235.3			0.8312521445617944
4236.2			0.8024689667298077
4237.1			0.8463306781320509
4238.0			0.9005325034695075
4238.9			0.9103620553519169
4239.8			0.9287267002786601
4240.7			0.994200054057514
4241.6			1.0
4242.5			1.0
4243.4			1.0
4244.3			1.0
4245.2			1.0
4246.1			1.0
4247.0			1.0
4247.9			1.0
4248.8			0.9368083479380901
4249.7			0.8277758338807385
4250.6			0.7768308606215838
4251.5			0.8901240546824039
4252.4			1.0105415367070611
4253.3			1.0
4254.2			1.0
4255.1			1.0
4256.0			1.0
4256.9			1.1356870218776127
4257.8			1.0825832054318283
4258.7			0.9020431644677879
4259.6			0.7165940427323108
4260.5			0.6243287894600607
4261.4			0.6822996258045327
4262.3			0.8343199994644093
4263.2			0.9486838973258932
4264.1			0.9785344623115999
4265.0			1.0
4265.9			0.9973129674908667
4266.8			0.9565338363915701
4267.7			0.8912911261487768
4268.6			0.8347702301250256
4269.5			0.7528877267216932
4270.4			0.6077242111521626
4271.3			0.47248322451643143
4272.2			0.4508353011585034
4273.1			0.5052066996305464
4274.0			0.5257811915565462
4274.9			0.5440451029046404
4275.8			0.655933981326434
4276.7			0.8275055904892654
4277.6			0.9614188552920437
4278.5			1.0006386585311726
4279.4			1.0
4280.3			1.0
4281.2			1.0
4282.1			1.0
4283.0			1.0
4283.9			1.0
4284.8			1.0
4285.7			1.0
4286.6			1.0
4287.5			0.9929642017356546
4288.4			0.8871591812745644
4289.3			0.7255273850965769
4290.2			0.6694009420166382
4291.1			0.7760739882850678
4292.0			0.9340866613665131
4292.9			1.0
4293.8			0.9590548926906214
4294.7			0.9360690141947476
4295.6			0.9772724109333176
4296.5			0.9873533756080158
4297.4			0.903484846218839
4298.3			0.7626891650403659
4299.2			0.6426125221467173
4300.1			0.6157072350620818
4301.0			0.6632452963798545
4301.9			0.6998558457139227
4302.8			0.7166085537133544
4303.7			0.7437530226638498
4304.6			0.7443075316684419
4305.5			0.685129589925042
4306.4			0.5928825487182359
4307.3			0.5068845849288889
4308.2			0.4727938461286657
4309.1			0.5209994377287147
4310.0			0.6159814206730007
4310.9			0.7032195877733651
4311.8			0.7737590494294261
4312.7			0.8405628555923723
4313.6			0.8910238809530241
4314.5			0.9445256010591682
4315.4			1.064508906798521
4316.3			1.2138751062165647
4317.2			1.2731800033695577
4318.1			1.2303622219653614
4319.0			1.1792934666049466
4319.9			1.1637003613486654
4320.8			1.0
4321.7			0.9663416722459264
4322.6			0.874830397662348
4323.5			0.7237564848090519
4324.4			0.5608524978024624
4325.3			0.45877750098972875
4326.2			0.49379359421076224
4327.1			0.6700492539432281
4328.0			0.8773505317451142
4328.9			0.9996005411333558
4329.8			1.0
4330.7			1.0
4331.6			1.0
4332.5			1.0
4333.4			1.0
4334.3			1.0
4335.2			1.0078186583449986
4336.1			0.9448114453079898
4337.0			0.8303118595585574
4337.9			0.7483493984922822
4338.8			0.7175965836553655
4339.7			0.7040291775933484
4340.6			0.74073115925406
4341.5			0.8511709792924522
4342.4			0.951679476387042
4343.3			0.9774089744536907
4344.2			0.9894461203843092
4345.1			1.0
4346.0			1.0
4346.9			1.0
4347.8			1.0
4348.7			1.0594868909451896
4349.6			1.0665916556694026
4350.5			0.947790885393575
4351.4			0.7781209753643353
4352.3			0.7214105909787897
4353.2			0.8097064794233693
4354.1			0.9146566920050808
4355.0			0.9635016367679935
4355.9			1.0094785995880717
4356.8			1.0
4357.7			1.0
4358.6			1.0
4359.5			1.0
4360.4			1.0
4361.3			1.0
4362.2			1.0
4363.1			1.0
4364.0			1.0
4364.9			1.0
4365.8			1.0
4366.7			1.0
4367.6			1.0
4368.5			1.0
4369.4			1.0
4370.3			1.0
4371.2			1.0
4372.1			1.0
4373.0			1.0
4373.9			1.0
4374.8			1.0
4375.7			1.0
4376.6			1.0
4377.5			1.0
4378.4			1.0
4379.3			0.9770233046683752
4380.2			0.9245328887279776
4381.1			0.8400572051397738
4382.0			0.6900176857679696
4382.9			0.509124171443909
4383.8			0.42632392763901983
4384.7			0.5294471823614324
4385.6			0.7497653446172118
4386.5			0.9298552640110762
4387.4			0.9947533548753575
4388.3			0.9991762302319425
4389.2			1.0
4390.1			1.0
4391.0			1.0
4391.9			1.0
4392.8			1.0
4393.7			1.0
4394.6			1.0
4395.5			1.0
4396.4			1.0
4397.3			1.0
4398.2			1.0
4399.1			1.0
4400.0			0.9273811077782892
4400.9			0.8905233772704495
4401.8			0.9056953277770468
4402.7			0.8749132174000789
4403.6			0.7246036543887724
4404.5			0.5771550384207454
4405.4			0.5959890285205471
4406.3			0.7380551126937253
4407.2			0.8421778109770426
4408.1			0.8938441822489751
4409.0			0.9922198388857165
4409.9			1.0
4410.8			1.0
4411.7			1.0
4412.6			0.9905379929705774
4413.5			0.90349757939239
4414.4			0.7528391489129257
4415.3			0.6729053862230482
4416.2			0.7434443997772325
4417.1			0.883067250325901
4418.0			1.0009167799570955
4418.9			1.0
4419.8			1.0
4420.7			1.0
4421.6			0.9293392784235813
4422.5			0.8710794688041367
4423.4			0.8746144541833527
4424.3			0.8951089043627998
4425.2			0.8793298568952304
4426.1			0.8561575365408453
4427.0			0.8813460514124731
4427.9			0.9562628495182742
4428.8			1.013906064370681
4429.7			1.0040435300781774
4430.6			0.9896774549720622
4431.5			1.0
4432.4			1.0165239698359028
4433.3			0.9389334966416027
4434.2			0.8072948851633568
4435.1			0.731968927204102
4436.0			0.7762726567496577
4436.9			0.8987996817398569
4437.8			1.0090342570661643
4438.7			1.0
4439.6			1.0
4440.5			1.0
4441.4			1.0
4442.3			1.0
4443.2			1.0
4444.1			1.0
4445.0			1.0
4445.9			1.0246851016746912
4446.8			0.9840130136646783
4447.7			0.9613189533821366
4448.6			0.9914065423954811
4449.5			1.0154662322356955
4450.4			1.0022988014747403
4451.3			0.9869170785412977
4452.2			0.9659136224520541
4453.1			0.8957636280982267
4454.0			0.775580782801878
4454.9			0.684674479822435
4455.8			0.6930721108847329
4456.7			0.760527672770267
4457.6			0.7967776880321329
4458.5			0.7898395497475038
4459.4			0.7870873313087556
4460.3			0.7874955791446394
4461.2			0.7760420291225906
4462.1			0.8096596354191625
4463.0			0.9121089176407341
4463.9			0.9985967414595269
4464.8			1.0
4465.7			1.0
4466.6			1.0
4467.5			1.0
4468.4			1.0
4469.3			1.0
4470.2			1.0
4471.1			1.0
4472.0			1.0
4472.9			1.0
4473.8			1.0
4474.7			1.0
4475.6			1.0
4476.5			1.0
4477.4			1.0
4478.3			1.0065667684510275
4479.2			0.9422430418090451
4480.1			0.8521613314282153
4481.0			0.7862011599626869
4481.9			0.7688188458384729
4482.8			0.8154682415980499
4483.7			0.9003146909066754
4484.6			0.9668853046944361
4485.5			0.9997861045013046
4486.4			1.0
4487.3			1.0
4488.2			1.0
4489.1			1.0
4490.0			1.0
4490.9			1.0
4491.8			1.0465888042247544
4492.7			1.040092755908448
4493.6			0.960919071124638
4494.5			0.869075404192353
4495.4			0.8402934524298623
4496.3			0.8754122681877821
4497.2			0.9310471936457658
4498.1			0.9744652188693297
4499.0			0.9893617786918337
4499.9			1.0
4500.8			1.0
4501.7			1.0
4502.6			1.0
4503.5			1.0
4504.4			1.0
4505.3			1.0
4506.2			1.0
4507.1			1.0
4508.0			1.0
4508.9			1.0
4509.8			1.0
4510.7			1.0
4511.6			1.0
4512.5			1.0
4513.4			1.0
4514.3			1.0
4515.2			1.0
4516.1			1.0
4517.0			0.9765996258597829
4517.9			0.9536496987809888
4518.8			0.9749686121519466
4519.7			1.0205385841931254
4520.6			1.0478929562681298
4521.5			1.0355248367083076
4522.4			0.9919735277128455
4523.3			0.9578779698314931
4524.2			0.9352349836472461
4525.1			0.8880735511690828
4526.0			0.8151588632016504
4526.9			0.7470086379652591
4527.8			0.7075668333318668
4528.7			0.7101122005130518
4529.6			0.7487671295772096
4530.5			0.7920014228911428
4531.4			0.8231399460846092
4532.3			0.8379153259499189
4533.2			0.8120209174178074
4534.1			0.7556182691561757
4535.0			0.7249567496344017
4535.9			0.7802952492926174
4536.8			0.9078454834570607
4537.7			1.0005547849284948
4538.6			1.0006377590613702
4539.5			1.0
4540.4			1.0
4541.3			1.0
4542.2			1.0
4543.1			1.0220343334711814
4544.0			0.996229850143245
4544.9			0.9521461308144246
4545.8			0.9383125318415885
4546.7			0.9509900640023109
4547.6			0.9509020693069518
4548.5			0.9283739759232157
4549.4			0.9145196539877302
4550.3			0.9366428726614083
4551.2			0.9679066107384346
4552.1			0.9666895943081211
4553.0			0.9363159651156913
4553.9			0.9045407552767185
4554.8			0.892411841968352
4555.7			0.9184212583361372
4556.6			0.9771811520058518
4557.5			1.035944455507136
4558.4			1.065526542379869
4559.3			1.0684610203370422
4560.2			1.063403599953294
4561.1			1.0
4562.0			0.9939871884711107
4562.9			0.9560477146576388
4563.8			0.9047033758540373
4564.7			0.8754800872187869
4565.6			0.8917889677506695
4566.5			0.9473133935298967
4567.4			0.9997444862957469
4568.3			1.0
4569.2			1.0
4570.1			1.0
4571.0			1.0
4571.9			1.0
4572.8			1.0
4573.7			1.0
4574.6			1.0
4575.5			1.0
4576.4			1.0
4577.3			0.999181239367569
4578.2			0.9686846408036643
4579.1			0.9192344847109553
4580.0			0.8787148953835352
4580.9			0.8836179505946422
4581.8			0.9436353281061606
4582.7			1.0129487658348244
4583.6			1.0
4584.5			0.9570545018519037
4585.4			0.9137092728814593
4586.3			0.9201543211383009
4587.2			0.9847039164918727
4588.1			1.055626243195388
4589.0			1.0812523640426817
4589.9			1.0559623025751625
4590.8			1.0034676714159134
4591.7			0.9574050390431769
4592.6			0.9440510390182424
4593.5			0.9558889073468294
4594.4			0.9612223127213915
4595.3			0.9520670249688736
4596.2			0.943142205073127
4597.1			0.9368657546516378
4598.0			0.9392593919909042
4598.9			0.9456191375496381
4599.8			0.9354132949587929
4600.7			0.9190111651895624
4601.6			0.922552130355701
4602.5			0.9319025285583773
4603.4			0.935479379598506
4604.3			0.937860016718406
4605.2			0.9407933927466721
4606.1			0.9506545360001065
4607.0			0.9748002412607726
4607.9			1.018874963442165
4608.8			1.060658895900269
4609.7			1.060124422692292
4610.6			1.0187156206930879
4611.5			0.9770902700206003
4612.4			0.9553762151875307
4613.3			0.95598219356774
4614.2			0.9799704443876068
4615.1			1.0019489753102158
4616.0			1.0010433623802135
4616.9			0.9990859121101366
4617.8			1.0
4618.7			1.0
4619.6			1.0
4620.5			1.0
4621.4			1.0
4622.3			1.0
4623.2			1.0
4624.1			1.0
4625.0			1.0
4625.9			1.0
4626.8			1.0
4627.7			1.0
4628.6			1.0
4629.5			1.0
4630.4			1.0
4631.3			1.0
4632.2			1.0
4633.1			1.0
4634.0			1.0
4634.9			1.0
4635.8			1.0
4636.7			1.0
4637.6			1.0
4638.5			1.0
4639.4			1.0
4640.3			1.0
4641.2			1.0
4642.1			1.0296798088321633
4643.0			1.022664304722095
4643.9			0.9974122040227319
4644.8			0.9542602689853611
4645.7			0.8869949648675768
4646.6			0.8397109530875324
4647.5			0.8499082336867979
4648.4			0.8950554136376384
4649.3			0.9425561425738519
4650.2			0.9787288909414528
4651.1			0.9982108146544509
4652.0			1.0
4652.9			1.0
4653.8			1.0
4654.7			1.0
4655.6			1.0
4656.5			1.0
4657.4			1.0
4658.3			1.0
4659.2			1.0
4660.1			1.0
4661.0			1.0
4661.9			1.0
4662.8			1.0
4663.7			0.9781798396691984
4664.6			0.9680352175959813
4665.5			0.920985928675885
4666.4			0.8265159630146903
4667.3			0.7511294713826181
4668.2			0.7666906609162255
4669.1			0.8615200224469622
4670.0			0.9593789680750059
4670.9			0.9988338184749102
4671.8			1.0
4672.7			1.0
4673.6			1.0
4674.5			1.0
4675.4			1.0
4676.3			1.0335427433395423
4677.2			1.0247205587623036
4678.1			0.9781084514192342
4679.0			0.939933416320791
4679.9			0.9280701568095922
4680.8			0.9248535096108366
4681.7			0.9302604048689392
4682.6			0.9601575370732758
4683.5			0.9926148822729707
4684.4			1.0006064783246575
4685.3			0.999173106674018
4686.2			1.0
4687.1			1.0
4688.0			1.0
4688.9			1.0
4689.8			1.0
4690.7			1.0
4691.6			1.0
4692.5			1.0
4693.4			1.0
4694.3			1.0
4695.2			1.0
4696.1			1.0
4697.0			0.9729437009773151
4697.9			0.9172191535373487
4698.8			0.8840681541501043
4699.7			0.8980941020494227
4700.6			0.9164353284179767
4701.5			0.8905745057959706
4702.4			0.8398490396651045
4703.3			0.8417962889431327
4704.2			0.9188819920804591
4705.1			0.9922665002618818
4706.0			0.9974617404843679
4706.9			0.961238644099912
4707.8			0.9443706623648855
4708.7			0.9607425747156082
4709.6			0.9962482057253752
4710.5			1.0
4711.4			1.0
4712.3			1.0
4713.2			1.0
4714.1			1.0
4715.0			1.0
4715.9			1.0
4716.8			1.0
4717.7			1.0
4718.6			1.0
4719.5			1.0
4720.4			1.0
4721.3			1.0
4722.2			1.0
4723.1			1.0
4724.0			1.0293144394895162
4724.9			1.053639779149275
4725.8			1.0335493724997398
4726.7			0.9701637725235416
4727.6			0.909410961105072
4728.5			0.8871555759617059
4729.4			0.8932677038210048
4730.3			0.9091622177680244
4731.2			0.9390826849740044
4732.1			0.9761387309904102
4733.0			0.9971638775892425
4733.9			1.0
4734.8			1.0
4735.7			1.0
4736.6			1.0
4737.5			1.0
4738.4			1.0
4739.3			1.0
4740.2			1.0
4741.1			1.0
4742.0			1.0
4742.9			1.0
4743.8			1.0
4744.7			1.0
4745.6			1.0
4746.5			1.0
4747.4			1.0
4748.3			1.0
4749.2			1.0
4750.1			1.0
4751.0			1.0
4751.9			1.0
4752.8			1.0
4753.7			1.0
4754.6			1.0
4755.5			1.0
4756.4			1.0
4757.3			1.0
4758.2			1.0
4759.1			1.0177732146309078
4760.0			1.026146729614034
4760.9			1.0030271861817015
4761.8			0.9628190369030979
4762.7			0.9466341812673514
4763.6			0.9484882977614824
4764.5			0.9304529385848591
4765.4			0.8963801765218158
4766.3			0.8861628350115539
4767.2			0.9159605467456509
4768.1			0.9603896318408154
4769.0			0.9966866608280208
4769.9			1.010448434404785
4770.8			0.98914213129489
4771.7			0.9601771213102245
4772.6			0.9641287914411864
4773.5			1.000107201172449
4774.4			1.0
4775.3			0.997134641398949
4776.2			0.981577849165175
4777.1			0.9835010203992514
4778.0			0.9937484372231478
4778.9			0.991980501945809
4779.8			0.9819002755288028
4780.7			0.9751085875288955
4781.6			0.960171530764839
4782.5			0.9256702208950368
4783.4			0.9061331620349442
4784.3			0.9309325561392343
4785.2			0.9568909901919069
4786.1			0.9504284334799871
4787.0			0.9435197196559277
4787.9			0.9502366546561899
4788.8			0.9504154988566201
4789.7			0.9541815363705568
4790.6			0.9770591704559339
4791.5			0.9993542307165932
4792.4			1.0
4793.3			1.0
4794.2			1.0
4795.1			1.0
4796.0			0.993211577484088
4796.9			0.9762588214751287
4797.8			0.9529870579683174
4798.7			0.9220130610195224
4799.6			0.9034548888781921
4800.5			0.9168435185473185
4801.4			0.9544481803018631
4802.3			0.989529699150225
4803.2			1.0015673083428864
4804.1			1.0
4805.0			1.0
4805.9			1.0
4806.8			1.0
4807.7			1.0
4808.6			1.0
4809.5			1.0
4810.4			1.0
4811.3			1.0
4812.2			1.0
4813.1			1.0
4814.0			1.0
4814.9			1.0
4815.8			1.0
4816.7			1.0
4817.6			1.0
4818.5			1.0
4819.4			1.0
4820.3			1.0
4821.2			0.9903075675516385
4822.1			0.9490466718413131
4823.0			0.8920206088759595
4823.9			0.8819083432693623
4824.8			0.9333308408403731
4825.7			0.9873579187471538
4826.6			1.0030299535972473
4827.5			1.0
4828.4			1.0
4829.3			1.0
4830.2			1.0
4831.1			1.0
4832.0			1.0
4832.9			1.0
4833.8			1.0
4834.7			1.0
4835.6			1.0
4836.5			1.0
4837.4			1.0
4838.3			1.0
4839.2			1.0
4840.1			1.0
4841.0			1.0
4841.9			1.0
4842.8			1.0
4843.7			1.0
4844.6			1.0
4845.5			1.0
4846.4			1.0
4847.3			1.0
4848.2			1.0
4849.1			1.0
4850.0			1.0
4850.9			1.0
4851.8			1.0
4852.7			1.0
4853.6			1.0
4854.5			1.0
4855.4			1.0
4856.3			1.0
4857.2			1.035560470336718
4858.1			1.0200713461231035
4859.0			0.9386460230718985
4859.9			0.8307491008972507
4860.8			0.7623090559947971
4861.7			0.7849505725663816
4862.6			0.876153087860884
4863.5			0.9572687495268098
4864.4			1.0007789017094906
4865.3			1.0
4866.2			1.0
4867.1			1.0
4868.0			1.0
4868.9			0.9865820884375925
4869.8			0.9155751349530558
4870.7			0.7919994193705382
4871.6			0.7305400663952973
4872.5			0.8039105374861729
4873.4			0.9306531435403047
4874.3			0.9997514786479713
4875.2			1.0
4876.1			1.0
4877.0			1.0
4877.9			1.0
4878.8			1.0
4879.7			1.0
4880.6			1.0
4881.5			1.0
4882.4			1.0
4883.3			1.0
4884.2			1.0
4885.1			1.0
4886.0			1.0
4886.9			0.9839767915091329
4887.8			0.981687771444537
4888.7			0.9453388076881453
4889.6			0.8509411416653387
4890.5			0.7350563761622094
4891.4			0.7042086305913835
4892.3			0.799123672165153
4893.2			0.9297302258070546
4894.1			1.0046629090096812
4895.0			1.018137011326544
4895.9			1.0012554780295537
4896.8			1.0
4897.7			1.0
4898.6			1.0
4899.5			1.0
4900.4			1.0
4901.3			1.0
4902.2			1.0
4903.1			1.0
4904.0			1.0
4904.9			1.0
4905.8			1.0
4906.7			1.0
4907.6			0.9827685813403133
4908.5			0.9459275097868525
4909.4			0.903378289556132
4910.3			0.8886285274641873
4911.2			0.9202455258214003
4912.1			0.9661329327947694
4913.0			0.9945532070013899
4913.9			1.0
4914.8			1.0
4915.7			1.0
4916.6			0.972337810163263
4917.5			0.8795383328994224
4918.4			0.7449799803674236
4919.3			0.6359124297106
4920.2			0.619460147265692
4921.1			0.7132811228797331
4922.0			0.862011635099194
4922.9			0.9682465282205616
4923.8			0.9946388111902862
4924.7			1.0
4925.6			1.0
4926.5			1.0
4927.4			1.0
4928.3			1.0
4929.2			1.0
4930.1			1.0
4931.0			1.0
4931.9			1.0
4932.8			1.0
4933.7			1.0
4934.6			1.0
4935.5			1.0279206376452128
4936.4			0.9996957988665487
4937.3			0.9122205053029897
4938.2			0.8232413012884393
4939.1			0.8043846464320744
4940.0			0.8693966907686329
4940.9			0.9459123783781386
4941.8			0.9797594711112753
4942.7			0.9922993223789421
4943.6			1.0
4944.5			1.0
4945.4			1.0
4946.3			1.0
4947.2			1.0
4948.1			1.0
4949.0			1.0
4949.9			1.0
4950.8			1.0
4951.7			1.0
4952.6			1.0
4953.5			1.0
4954.4			0.9843289859875992
4955.3			0.9329069261378976
4956.2			0.8101410812829498
4957.1			0.6851228414440244
4958.0			0.6953811309882102
4958.9			0.8475957718318731
4959.8			1.0
4960.7			1.0516174289938656
4961.6			1.0437675189926399
4962.5			1.036684897555243
4963.4			1.031432214994925
4964.3			0.9988542691514509
4965.2			0.9504311503409798
4966.1			0.928697272402871
4967.0			0.9336091366629111
4967.9			0.9360757202460176
4968.8			0.9373249133360572
4969.7			0.9488519133951054
4970.6			0.9720553526790441
4971.5			0.9997946860830097
4972.4			1.0
4973.3			1.0
4974.2			1.0
4975.1			1.0
4976.0			1.0
4976.9			1.0
4977.8			1.0
4978.7			0.9715585475444717
4979.6			0.9699880004466672
4980.5			0.9456389049422003
4981.4			0.8627770112793529
4982.3			0.7763180918888204
4983.2			0.75753300267994
4984.1			0.7968797200107182
4985.0			0.8451650920044681
4985.9			0.8999139952874834
4986.8			0.964253314243605
4987.7			0.9993031263517687
4988.6			1.0
4989.5			1.0
4990.4			1.0
4991.3			1.0
4992.2			1.0
4993.1			1.0
4994.0			1.0
4994.9			1.0
4995.8			1.0
4996.7			1.0
4997.6			1.0
4998.5			1.0
4999.4			1.0
5000.3			1.0
5001.2			1.0
5002.1			1.0
5003.0			1.0251057226964573
5003.9			1.0250173760816392
5004.8			0.9567440604135536
5005.7			0.8620213147076173
5006.6			0.8397700881178503
5007.5			0.908651560276601
5008.4			0.988741832811426
5009.3			1.0191908390599687
5010.2			0.9988716840840598
5011.1			1.0
5012.0			1.0
5012.9			1.0
5013.8			1.0
5014.7			1.0
5015.6			1.0
5016.5			1.0
5017.4			1.0
5018.3			1.0
5019.2			1.0
5020.1			1.0
5021.0			1.0
5021.9			1.0
5022.8			1.0
5023.7			1.0
5024.6			1.0
5025.5			1.0
5026.4			1.0
5027.3			1.0
5028.2			1.0
5029.1			1.0
5030.0			1.0
5030.9			1.0
5031.8			1.0
5032.7			1.0
5033.6			1.0
5034.5			1.0
5035.4			1.0
5036.3			1.0
5037.2			1.0277028619484267
5038.1			1.0330898834167481
5039.0			0.9658694205949364
5039.9			0.8600682100835406
5040.8			0.7798391305270435
5041.7			0.7896653114266503
5042.6			0.8759354759882813
5043.5			0.9575767834021414
5044.4			1.0064418975694407
5045.3			1.0
5046.2			1.02998127429102
5047.1			1.009323164356318
5048.0			0.939815910318596
5048.9			0.8670260583574109
5049.8			0.8413125337631076
5050.7			0.8689113314930681
5051.6			0.9166951923177203
5052.5			0.9608078632496324
5053.4			0.9955663527756611
5054.3			1.0
5055.2			1.0
5056.1			1.0
5057.0			1.0
5057.9			1.0
5058.8			1.0
5059.7			1.0
5060.6			1.0
5061.5			1.0
5062.4			1.0
5063.3			1.0
5064.2			1.0
5065.1			1.0
5066.0			1.0
5066.9			1.0
5067.8			1.0
5068.7			1.0
5069.6			1.0
5070.5			1.0
5071.4			1.0
5072.3			1.0
5073.2			1.0
5074.1			1.0305480553391722
5075.0			1.0238693412175257
5075.9			1.002510598660276
5076.8			1.006578074186735
5077.7			1.0016873686788863
5078.6			0.9349502037219561
5079.5			0.8525300947156975
5080.4			0.8351120035432948
5081.3			0.867641234583033
5082.2			0.8848192068797565
5083.1			0.8836493249819163
5084.0			0.903533698657007
5084.9			0.9499425878969301
5085.8			0.9912304421316591
5086.7			1.0002253802936443
5087.6			1.0
5088.5			1.0
5089.4			1.0
5090.3			1.0
5091.2			1.0
5092.1			1.0
5093.0			1.0
5093.9			1.0
5094.8			0.9527559622876426
5095.7			0.9141238599990616
5096.6			0.9085630613315577
5097.5			0.8998589198926773
5098.4			0.8671846716512701
5099.3			0.8555550481484083
5100.2			0.9000545908940188
5101.1			0.964398118997857
5102.0			1.0044862782560415
5102.9			1.0121880369280691
5103.8			0.9972288155584506
5104.7			1.0
5105.6			1.0
5106.5			1.0
5107.4			1.0
5108.3			1.0
5109.2			1.0
5110.1			1.0
5111.0			1.0
5111.9			1.0
5112.8			1.0
5113.7			1.0
5114.6			1.0
5115.5			1.0
5116.4			1.0
5117.3			1.0
5118.2			1.0
5119.1			1.0
5120.0			0.9810968593534665
5120.9			0.9653664273842067
5121.8			0.958233853897787
5122.7			0.9330816254163116
5123.6			0.8890934689986011
5124.5			0.8728011610726023
5125.4			0.9018693718108339
5126.3			0.9468412000567886
5127.2			0.9837361649684008
5128.1			1.0037820847403076
5129.0			1.0003828880579682
5129.9			1.0
5130.8			1.0
5131.7			1.0
5132.6			1.006321933105753
5133.5			0.977839302111798
5134.4			0.9805916382150448
5135.3			1.0163730791493926
5136.2			1.0209380874648746
5137.1			0.9765571536000206
5138.0			0.9096817964742516
5138.9			0.8624747353529442
5139.8			0.8883828141964324
5140.7			0.9550870115636886
5141.6			0.9666168958512391
5142.5			0.9388985673916934
5143.4			0.9565931329241656
5144.3			0.9994091185717822
5145.2			1.0002273692221921
5146.1			1.0
5147.0			1.0
5147.9			1.0
5148.8			1.0
5149.7			1.0
5150.6			1.0
5151.5			1.0
5152.4			1.0
5153.3			1.0
5154.2			1.0
5155.1			1.0
5156.0			1.0
5156.9			1.0
5157.8			1.0
5158.7			1.0
5159.6			1.0
5160.5			1.0
5161.4			1.0
5162.3			1.0
5163.2			1.0
5164.1			1.0
5165.0			1.0
5165.9			1.0
5166.8			1.0
5167.7			1.0
5168.6			1.08350726388629
5169.5			1.1823952384835805
5170.4			1.107374166074798
5171.3			0.8717321653262744
5172.2			0.6632647475655464
5173.1			0.6374288475434068
5174.0			0.7686490909839413
5174.9			0.9184884890673121
5175.8			0.9915095130693123
5176.7			1.0
5177.6			1.0008385002959423
5178.5			0.9838202134489671
5179.4			0.9428844812843554
5180.3			0.8644388034811339
5181.2			0.7457346627413783
5182.1			0.60480581350894
5183.0			0.4924944835310524
5183.9			0.4820711894304328
5184.8			0.5977403827551522
5185.7			0.7723268285494778
5186.6			0.9100563483304109
5187.5			0.973667051278646
5188.4			0.9980643821883778
5189.3			1.0207784862965625
5190.2			1.0018490778219635
5191.1			1.0
5192.0			1.0
5192.9			1.0
5193.8			1.0
5194.7			1.0
5195.6			1.0
5196.5			1.0
5197.4			1.0
5198.3			1.0
5199.2			1.0
5200.1			1.0
5201.0			1.0
5201.9			0.9540369342100209
5202.8			0.8996398562009527
5203.7			0.8236266737473616
5204.6			0.7286186044232779
5205.5			0.6652203875940322
5206.4			0.6542227913978772
5207.3			0.6519898034439814
5208.2			0.6358856057640131
5209.1			0.6532564794360531
5210.0			0.7395281254595769
5210.9			0.8702640075376082
5211.8			0.9956743827589924
5212.7			1.0677200001373017
5213.6			1.0634077892919855
5214.5			1.000264115884253
5215.4			1.0
5216.3			1.0
5217.2			1.0
5218.1			1.0
5219.0			1.0
5219.9			1.0
5220.8			1.0
5221.7			1.0
5222.6			1.0
5223.5			0.9516668296117597
5224.4			0.8922737687317136
5225.3			0.82243276611757
5226.2			0.7520241969045027
5227.1			0.7329480178522791
5228.0			0.8084662577747839
5228.9			0.9199317910403844
5229.8			0.9853043746162402
5230.7			0.9986220170128424
5231.6			1.0
5232.5			1.0
5233.4			1.0
5234.3			1.0
5235.2			1.0
5236.1			1.0
5237.0			1.0
5237.9			1.0
5238.8			1.0
5239.7			1.0
5240.6			1.0
5241.5			0.9919416213511969
5242.4			0.9732568834501015
5243.3			0.9738214719723006
5244.2			0.9987470730905549
5245.1			1.007955477269474
5246.0			0.9696833214638287
5246.9			0.9159047876059062
5247.8			0.9022449201064988
5248.7			0.9176127149827624
5249.6			0.9137911576945157
5250.5			0.8953525429686754
5251.4			0.9009771838145096
5252.3			0.9240691999313553
5253.2			0.9286392617389461
5254.1			0.9095048918469615
5255.0			0.8983202390962871
5255.9			0.9295042615274756
5256.8			0.9853659676550376
5257.7			1.020433527419708
5258.6			1.0227413759096804
5259.5			1.0
5260.4			0.9515927581786401
5261.3			0.8774286083960188
5262.2			0.7972337751711439
5263.1			0.7353110613387435
5264.0			0.6978958151543949
5264.9			0.6693150712115109
5265.8			0.6526770074146488
5266.7			0.6736239411345999
5267.6			0.6947079931489625
5268.5			0.6373598268676312
5269.4			0.5399643054971953
5270.3			0.5406136848290911
5271.2			0.6615877157834312
5272.1			0.7832141164363462
5273.0			0.8345979066169016
5273.9			0.8443450175140422
5274.8			0.8419621221236964
5275.7			0.8515817642105614
5276.6			0.9014600562979466
5277.5			0.9685837364834861
5278.4			1.0
5279.3			0.981922673744061
5280.2			0.9309382112818446
5281.1			0.8680332586497846
5282.0			0.8109352039026464
5282.9			0.7783292856441678
5283.8			0.7911832265224329
5284.7			0.8607334073244537
5285.6			0.9499647493829462
5286.5			1.0001043449671703
5287.4			1.0
5288.3			1.0
5289.2			1.0
5290.1			1.0
5291.0			1.0
5291.9			1.0
5292.8			1.0
5293.7			1.0
5294.6			0.9975229991500445
5295.5			0.9636715419589056
5296.4			0.8917434869658063
5297.3			0.8212345768048486
5298.2			0.8151927739022647
5299.1			0.8870996075326031
5300.0			0.9664985994977421
5300.9			0.9925104522485159
5301.8			0.9909209433707926
5302.7			1.0
5303.6			1.0
5304.5			1.0
5305.4			1.0
5306.3			1.0
5307.2			1.0
5308.1			1.0
5309.0			1.0
5309.9			1.0
5310.8			1.0
5311.7			1.0
5312.6			1.0
5313.5			1.0
5314.4			1.0
5315.3			1.0
5316.2			1.0
5317.1			1.0
5318.0			1.0
5318.9			1.0
5319.8			1.0
5320.7			1.0
5321.6			1.0
5322.5			0.952169133061285
5323.4			0.8741358548926558
5324.3			0.8257011430015877
5325.2			0.8412959460994276
5326.1			0.8413370483790288
5327.0			0.7457098518122226
5327.9			0.6255929928352166
5328.8			0.6198799493011315
5329.7			0.7451103504435836
5330.6			0.8831379346109559
5331.5			0.9430694653411121
5332.4			0.9425344922530114
5333.3			0.9440047088723902
5334.2			0.9719799221257921
5335.1			0.9978724873331947
5336.0			1.0
5336.9			1.0
5337.8			0.9868461032099671
5338.7			0.9421833856626175
5339.6			0.8651123493773234
5340.5			0.8165519250774801
5341.4			0.8513489372608295
5342.3			0.9357534355531159
5343.2			0.9978406598058137
5344.1			1.0
5345.0			1.0
5345.9			1.0
5346.8			1.0
5347.7			1.0
5348.6			1.0
5349.5			1.0
5350.4			1.0
5351.3			1.0
5352.2			1.0
5353.1			1.0
5354.0			1.0
5354.9			1.0
5355.8			1.0
5356.7			1.0
5357.6			1.0
5358.5			1.0
5359.4			1.0
5360.3			1.0
5361.2			1.0
5362.1			1.0
5363.0			1.0
5363.9			1.0
5364.8			1.0
5365.7			1.0
5366.6			1.0
5367.5			0.9900400119192801
5368.4			0.9601452416869293
5369.3			0.889152440753573
5370.2			0.786582922425624
5371.1			0.7214943332260426
5372.0			0.7573304175583235
5372.9			0.8652380777345895
5373.8			0.9599795703726881
5374.7			1.0031824847739819
5375.6			1.0
5376.5			1.0
5377.4			1.0
5378.3			1.0
5379.2			1.0
5380.1			1.0
5381.0			1.0
5381.9			0.971693893474631
5382.8			0.9279707176522406
5383.7			0.9157633225685835
5384.6			0.9549489514173203
5385.5			0.9991904167435078
5386.4			1.0
5387.3			1.0
5388.2			1.0
5389.1			1.0
5390.0			1.0
5390.9			1.0
5391.8			1.0
5392.7			1.0
5393.6			1.0
5394.5			1.0
5395.4			1.0
5396.3			1.0
5397.2			1.0
5398.1			1.0
5399.0			1.0
5399.9			1.0
5400.8			1.0
5401.7			1.019592531282361
5402.6			1.017797947589791
5403.5			0.9499311017912698
5404.4			0.847278731315659
5405.3			0.7865032121801921
5406.2			0.8177341940353056
5407.1			0.9207404373699317
5408.0			1.0018426510640432
5408.9			0.9966689610593372
5409.8			1.0
5410.7			1.0
5411.6			1.0
5412.5			1.0
5413.4			1.0
5414.3			1.0
5415.2			1.0
5416.1			1.0
5417.0			1.0
5417.9			1.0
5418.8			1.0
5419.7			1.0
5420.6			1.0
5421.5			1.0053405512354114
5422.4			1.0002833539471683
5423.3			0.9566104925980585
5424.2			0.9185692565466975
5425.1			0.9441797399436956
5426.0			1.008043493751273
5426.9			1.0413179535127344
5427.8			1.0003623772131436
5428.7			0.895878652954719
5429.6			0.8167210488795402
5430.5			0.8391088505526598
5431.4			0.9115085111567495
5432.3			0.932340744002767
5433.2			0.8897737823143961
5434.1			0.8416259456064173
5435.0			0.8373100852432177
5435.9			0.8829923860055652
5436.8			0.9459196162351889
5437.7			0.9996654525258822
5438.6			1.0
5439.5			1.0
5440.4			1.0
5441.3			1.0
5442.2			1.0
5443.1			1.0
5444.0			0.9659334853855607
5444.9			0.8951657130057115
5445.8			0.8087437816960008
5446.7			0.7616720071063453
5447.6			0.8041259872143703
5448.5			0.9093679676057964
5449.4			0.9984086644028161
5450.3			1.0
5451.2			1.0
5452.1			1.0
5453.0			0.9742131258100857
5453.9			0.9161591554157532
5454.8			0.8337945993799144
5455.7			0.7956417275215392
5456.6			0.8481272663643574
5457.5			0.9422403170066154
5458.4			0.99980296423698
5459.3			1.0
5460.2			1.0
5461.1			1.0
5462.0			1.0
5462.9			1.0
5463.8			1.0
5464.7			1.0
5465.6			1.0
5466.5			1.0
5467.4			1.0
5468.3			1.0
5469.2			1.0
5470.1			1.0
5471.0			1.0
5471.9			1.0
5472.8			0.9983711793129368
5473.7			0.98772067758552
5474.6			0.978757934885978
5475.5			0.9485612019708997
5476.4			0.9016499433675189
5477.3			0.905962297696326
5478.2			0.9817889853917217
5479.1			1.0538220531922933
5480.0			1.0576466423499031
5480.9			1.0183161919290415
5481.8			1.0036691458246232
5482.7			1.0
5483.6			1.0
5484.5			1.0
5485.4			1.0
5486.3			1.0
5487.2			1.0
5488.1			1.0
5489.0			1.0
5489.9			1.0
5490.8			1.0
5491.7			1.0
5492.6			1.0
5493.5			1.0
5494.4			1.0
5495.3			1.0
5496.2			1.0
5497.1			1.0
5498.0			1.0
5498.9			1.0
5499.8			1.0
5500.7			1.0
5501.6			1.0
5502.5			1.0
5503.4			1.0
5504.3			1.0
5505.2			1.0
5506.1			1.0
5507.0			1.0
5507.9			1.0
5508.8			1.0
5509.7			1.004615290283062
5510.6			0.9797979400053932
5511.5			0.9372416782613947
5512.4			0.899319383780092
5513.3			0.8927038266516987
5514.2			0.9170298967262194
5515.1			0.9509369547864877
5516.0			0.9763205253342256
5516.9			0.9988713194483495
5517.8			1.0
5518.7			1.0
5519.6			1.0
5520.5			1.0
5521.4			1.0
5522.3			1.0
5523.2			1.0
5524.1			1.0
5525.0			1.0
5525.9			0.9775323772574958
5526.8			0.9331451329659122
5527.7			0.8723409995414397
5528.6			0.8510927607518289
5529.5			0.9026729361273029
5530.4			0.9720614757094801
5531.3			0.9999640180472799
5532.2			1.0
5533.1			1.0
5534.0			1.0
5534.9			1.0
5535.8			1.0
5536.7			1.0
5537.6			1.0
5538.5			1.0
5539.4			1.0
5540.3			1.0
5541.2			1.0
5542.1			1.0
5543.0			1.0
5543.9			1.0
5544.8			1.0
5545.7			1.0
5546.6			1.0
5547.5			1.0
5548.4			1.0
5549.3			1.0
5550.200000000001			1.0
5551.1			1.0
5552.0			1.0
5552.9			1.0
5553.8			1.0
5554.700000000001			1.0
5555.6			1.0
5556.5			1.0
5557.4			1.0
5558.3			1.0
5559.200000000001			1.0
5560.1			1.0
5561.0			1.0
5561.9			1.0
5562.8			1.0
5563.700000000001			0.9908745740469952
5564.6			0.9808041046263244
5565.5			0.9609054403832217
5566.4			0.9540145438278697
5567.3			0.9626357852918553
5568.200000000001			0.9609923214488655
5569.1			0.9458813748858281
5570.0			0.9502612216417305
5570.9			0.9704939644586181
5571.8			0.9549925002998833
5572.700000000001			0.9171957580286991
5573.6			0.9311585625570161
5574.5			0.9769056878000795
5575.4			0.9932292745237962
5576.3			0.998621132372984
5577.200000000001			1.018558131651987
5578.1			1.0345605144193357
5579.0			1.0351875206708396
5579.9			1.0278646823601554
5580.8			1.0133034680615631
5581.700000000001			1.0001800218971058
5582.6			1.0
5583.5			1.0155068808612404
5584.4			1.0025296086666091
5585.3			0.9470782914471967
5586.200000000001			0.8719175931034837
5587.1			0.8160808268760231
5588.0			0.8009353550551821
5588.9			0.8275909102140991
5589.8			0.8896296320446455
5590.700000000001			0.9594252068117204
5591.6			0.9998879609094555
5592.5			0.9976545814235053
5593.4			1.0
5594.3			1.0
5595.200000000001			1.0
5596.1			1.0
5597.0			1.0
5597.9			1.0
5598.8			1.0
5599.700000000001			1.0
5600.6			1.0
5601.5			1.0
5602.4			1.0
5603.3			1.0
5604.200000000001			1.0
5605.1			1.0
5606.0			1.0
5606.9			1.0
5607.8			1.0
5608.700000000001			1.0
5609.6			1.0
5610.5			1.0
5611.4			1.0
5612.3			1.0
5613.200000000001			0.9824105641237749
5614.1			0.9092087893358284
5615.0			0.8208144531609878
5615.9			0.8028871917119654
5616.8			0.86867529649606
5617.700000000001			0.94625575022484
5618.6			0.9901814706965077
5619.5			1.0
5620.4			1.0
5621.3			1.0
5622.200000000001			1.0063936634834345
5623.1			0.9684176839113382
5624.0			0.9086784327802649
5624.9			0.8933794132594476
5625.8			0.9369740855790564
5626.700000000001			0.9839058700648596
5627.6			1.0023008915967806
5628.5			1.0
5629.4			1.0
5630.3			1.0
5631.200000000001			1.0
5632.1			1.0
5633.0			1.0
5633.9			1.0
5634.8			1.0
5635.700000000001			1.0
5636.6			1.0
5637.5			1.0
5638.4			1.0
5639.3			1.0
5640.200000000001			1.0
5641.1			1.0
5642.0			1.0
5642.9			1.0
5643.8			1.0
5644.700000000001			1.0
5645.6			1.0
5646.5			1.0
5647.4			1.0
5648.3			1.0
5649.200000000001			1.0
5650.1			1.0
5651.0			1.0
5651.9			1.0
5652.8			1.0
5653.700000000001			1.0
5654.6			1.0
5655.5			1.011211114579389
5656.4			1.029080862215517
5657.3			0.998238410978609
5658.200000000001			0.9339120089737153
5659.1			0.9235932298561396
5660.0			0.9822864215068239
5660.9			1.026856914791632
5661.8			1.0173184586702226
5662.700000000001			1.0018933634969416
5663.6			1.0
5664.5			1.0
5665.4			1.0
5666.3			1.0
5667.200000000001			1.0
5668.1			1.0
5669.0			1.0
5669.9			1.0
5670.8			1.0
5671.700000000001			1.0
5672.6			1.0
5673.5			1.0
5674.4			1.0
5675.3			1.0
5676.200000000001			1.0
5677.1			1.0
5678.0			1.0
5678.9			1.0
5679.8			1.0
5680.700000000001			1.0
5681.6			1.0
5682.5			1.0
5683.4			1.0
5684.3			1.0
5685.200000000001			1.0
5686.1			1.0
5687.0			1.0
5687.9			1.0
5688.8			1.0
5689.700000000001			1.0
5690.6			1.0
5691.5			1.0
5692.4			1.0
5693.3			1.0
5694.200000000001			1.0
5695.1			0.9975128745965011
5696.0			1.0125951750705893
5696.9			1.0091016271849813
5697.8			0.9794734321081873
5698.700000000001			0.9596675680570463
5699.6			0.9597222580067272
5700.5			0.9475805173892159
5701.4			0.9238125262143607
5702.3			0.9189647676180132
5703.200000000001			0.9382921783716583
5704.1			0.9599831101449009
5705.0			0.9596170138725104
5705.9			0.9434976991568165
5706.8			0.926528115139632
5707.700000000001			0.9076768342518255
5708.6			0.8795759814741525
5709.5			0.8570673440148523
5710.4			0.8528285365133698
5711.3			0.8622197137074123
5712.200000000001			0.887086165729456
5713.1			0.9270143150613
5714.0			0.9626636349568887
5714.9			0.9806445446312638
5715.8			0.9848353179776956
5716.700000000001			0.9826152149080795
5717.6			0.978125887482312
5718.5			0.9762416604239249
5719.4			0.9766888785581413
5720.3			0.982877897801486
5721.200000000001			0.9965417984799717
5722.1			1.0071719360641709
5723.0			1.0094824542159895
5723.9			1.0147673605304122
5724.8			1.0184204550729439
5725.700000000001			0.9995685316543399
5726.6			1.0
5727.5			1.0
5728.4			1.0
5729.3			1.0
5730.200000000001			1.0
5731.1			1.0
5732.0			1.0
5732.9			1.0
5733.8			1.0
5734.700000000001			1.0
5735.6			1.0
5736.5			1.0
5737.4			1.0
5738.3			1.0
5739.200000000001			1.0
5740.1			1.0
5741.0			1.0
5741.9			1.0
5742.8			1.0
5743.700000000001			1.0
5744.6			1.0
5745.5			1.0
5746.4			1.0
5747.3			1.0
5748.200000000001			1.0
5749.1			1.0
5750.0			1.0140796834842756
5750.9			1.0075631054235437
5751.8			0.9760606738502561
5752.700000000001			0.9377584806460759
5753.6			0.9205374558391906
5754.5			0.9345316612157148
5755.4			0.9637362892358192
5756.3			0.9881318292754036
5757.200000000001			1.0004325416502282
5758.1			1.0
5759.0			1.0
5759.9			0.9892567116607496
5760.8			0.9715787791784011
5761.700000000001			0.9359888982885313
5762.6			0.9101564977016833
5763.5			0.9313900499729987
5764.4			0.9747961634874227
5765.3			0.9997479685196206
5766.200000000001			1.0
5767.1			1.0
5768.0			1.0
5768.9			1.0
5769.8			1.0
5770.700000000001			1.0
5771.6			1.0
5772.5			1.0
5773.4			1.0
5774.3			0.9991994039056942
5775.200000000001			1.0026414568417228
5776.1			1.0180781274377524
5777.0			1.030463528217734
5777.9			1.0277489940102853
5778.8			1.0088315505759637
5779.700000000001			0.9679842865998568
5780.6			0.9185213687361418
5781.5			0.8963185306286557
5782.4			0.906147292517522
5783.3			0.9192771215560143
5784.200000000001			0.9164171362649621
5785.1			0.9089153181109589
5786.0			0.9227814047758439
5786.9			0.958541861033368
5787.8			0.9885364710455588
5788.700000000001			0.9994377704252698
5789.6			1.0
5790.5			1.0
5791.4			1.0
5792.3			1.0
5793.200000000001			1.0
5794.1			1.0
5795.0			1.0
5795.9			1.0
5796.8			1.0
5797.700000000001			1.0
5798.6			1.0
5799.5			1.0
5800.4			1.0
5801.3			1.0
5802.200000000001			1.0
5803.1			1.0
5804.0			1.0
5804.9			1.0
5805.8			1.0
5806.700000000001			1.0
5807.6			1.0
5808.5			1.0
5809.4			1.0
5810.3			1.0
5811.200000000001			1.0
5812.1			1.0
5813.0			1.0
5813.9			1.0
5814.8			1.0
5815.700000000001			1.0
5816.6			1.0
5817.5			1.0
5818.4			1.0
5819.3			1.0
5820.200000000001			1.0
5821.1			1.0
5822.0			1.0
5822.9			1.0
5823.8			1.0
5824.700000000001			1.0
5825.6			1.0
5826.5			1.0
5827.4			1.0
5828.3			1.0
5829.200000000001			1.0
5830.1			1.0
5831.0			1.0
5831.9			1.0
5832.8			1.0
5833.700000000001			1.0
5834.6			1.0
5835.5			1.0
5836.4			1.0
5837.3			1.0
5838.200000000001			1.0
5839.1			1.0
5840.0			1.0
5840.9			1.0
5841.8			1.0
5842.700000000001			1.0
5843.6			1.0
5844.5			1.0
5845.4			1.0
5846.3			1.0
5847.200000000001			1.0
5848.1			1.0
5849.0			1.0
5849.9			1.0
5850.8			1.0
5851.700000000001			1.0
5852.6			1.0
5853.5			1.0
5854.4			1.0175854743838468
5855.3			1.0064577094723288
5856.200000000001			0.959895845495957
5857.1			0.9111228972010778
5858.0			0.8987049253923481
5858.9			0.9275008802454298
5859.8			0.9662383143340506
5860.700000000001			0.9922091360482757
5861.6			0.999599117928783
5862.5			1.0
5863.4			1.0
5864.3			1.0
5865.200000000001			1.0
5866.1			1.0
5867.0			1.0
5867.9			1.0
5868.8			1.0
5869.700000000001			1.0
5870.6			1.0
5871.5			1.0
5872.4			1.0
5873.3			1.0
5874.200000000001			1.0
5875.1			1.0
5876.0			1.0
5876.9			1.0
5877.8			1.0
5878.700000000001			1.0
5879.6			1.0
5880.5			1.0
5881.4			1.0
5882.3			1.0
5883.200000000001			1.0
5884.1			1.0
5885.0			1.0
5885.9			1.0306644606239863
5886.8			1.0155273526605861
5887.700000000001			0.9298636203733665
5888.6			0.781120319889429
5889.5			0.637149703628827
5890.4			0.6244640882125901
5891.3			0.7856201485311709
5892.200000000001			0.9993188635759829
5893.1			1.1330764685860348
5894.0			1.1350830216351961
5894.9			1.021874217729392
5895.8			1.0
5896.700000000001			1.0
5897.6			1.0
5898.5			1.0
5899.4			1.0
5900.3			1.0
5901.200000000001			1.0
5902.1			1.0
5903.0			1.0
5903.9			1.0
5904.8			1.0
5905.700000000001			1.0
5906.6			1.0
5907.5			1.0
5908.4			1.0
5909.3			1.0
5910.200000000001			1.0
5911.1			1.0
5912.0			1.0
5912.9			1.0
5913.8			1.0
5914.700000000001			1.0
5915.6			1.0
5916.5			1.0
5917.4			1.0
5918.3			1.0
5919.200000000001			1.0
5920.1			1.0
5921.0			1.0
5921.9			1.0
5922.8			1.0
5923.700000000001			1.0
5924.6			1.0
5925.5			1.0
5926.4			1.0
5927.3			1.0
5928.200000000001			1.0
5929.1			1.0
5930.0			1.0
5930.9			1.0
5931.8			1.0
5932.700000000001			1.0
5933.6			1.0
5934.5			1.0
5935.4			1.0
5936.3			1.0
5937.200000000001			1.0
5938.1			1.0
5939.0			1.0
5939.9			1.0
5940.8			1.0
5941.700000000001			1.0
5942.6			1.0
5943.5			1.0
5944.4			1.0
5945.3			1.0
5946.200000000001			1.0
5947.1			1.0
5948.0			1.0
5948.9			1.0
5949.8			1.0
5950.700000000001			1.0
5951.6			1.0
5952.5			1.0
5953.4			1.0
5954.3			1.0
5955.200000000001			1.0
5956.1			1.0
5957.0			1.0
5957.9			1.0
5958.8			1.0
5959.700000000001			1.0
5960.6			1.0
5961.5			1.0
5962.4			1.0
5963.3			1.0
5964.200000000001			1.0
5965.1			1.0
5966.0			1.0
5966.9			1.0
5967.8			1.0
5968.700000000001			1.0
5969.6			1.0
5970.5			1.0
5971.4			1.0
5972.3			1.0
5973.200000000001			1.0
5974.1			1.0
5975.0			1.0
5975.9			1.0
5976.8			1.0
5977.700000000001			1.0
5978.6			1.0
5979.5			1.0
5980.4			1.0
5981.3			1.0
5982.200000000001			1.0
5983.1			1.0
5984.0			1.0
5984.9			1.0
5985.8			1.0
5986.700000000001			1.0
5987.6			1.0
5988.5			1.0
5989.4			1.0
5990.3			1.0
5991.200000000001			1.0
5992.1			1.0
5993.0			1.0
5993.9			1.0
5994.8			1.0
5995.700000000001			1.0
5996.6			1.0
5997.5			1.0
5998.4			1.0
5999.3			1.0
6000.200000000001			1.0
6001.1			1.0
6002.0			1.0
6002.9			1.0
6003.8			1.0
6004.700000000001			1.0210575529287231
6005.6			1.0261707060940835
6006.5			1.0048035918827642
6007.4			0.9695785860196569
6008.3			0.9492293322377044
6009.200000000001			0.9699348969931814
6010.1			1.0081311084185354
6011.0			1.0190067652298505
6011.9			0.9995051674887128
6012.8			1.0
6013.700000000001			1.0
6014.6			1.0
6015.5			1.0
6016.4			1.0
6017.3			1.0
6018.200000000001			1.0
6019.1			1.0
6020.0			1.0
6020.9			1.0
6021.8			1.0
6022.700000000001			1.0
6023.6			1.0
6024.5			1.0
6025.4			1.0
6026.3			1.0
6027.200000000001			1.0
6028.1			1.0
6029.0			1.0
6029.9			1.0
6030.8			1.0
6031.700000000001			1.0
6032.6			1.0
6033.5			1.0
6034.4			1.0
6035.3			1.0
6036.200000000001			1.0
6037.1			1.0
6038.0			1.0
6038.9			1.0
6039.8			1.0
6040.700000000001			1.0
6041.6			1.0
6042.5			1.0
6043.4			1.0
6044.3			1.0
6045.200000000001			1.0
6046.1			1.0
6047.0			1.0
6047.9			1.0
6048.8			1.0
6049.700000000001			1.0
6050.6			1.0
6051.5			1.0
6052.4			1.0
6053.3			1.0
6054.200000000001			1.0
6055.1			1.0
6056.0			1.0
6056.9			1.0
6057.8			1.0
6058.700000000001			1.0
6059.6			1.0
6060.5			1.0
6061.4			1.0
6062.3			1.0
6063.200000000001			0.9929775834247229
6064.1			0.9607234563733215
6065.0			0.9241965903571928
6065.9			0.9219151792760427
6066.8			0.9587993382362623
6067.700000000001			0.9938023674790789
6068.6			1.0010759081767684
6069.5			1.0
6070.4			1.0
6071.3			1.0
6072.200000000001			1.0
6073.1			1.0
6074.0			1.0
6074.9			1.0
6075.8			1.0
6076.700000000001			1.0
6077.6			1.0
6078.5			1.0
6079.4			1.0
6080.3			1.0
6081.200000000001			1.0
6082.1			1.0
6083.0			1.0
6083.9			1.0
6084.8			1.0
6085.700000000001			1.0
6086.6			1.0
6087.5			1.0
6088.4			1.0
6089.3			1.0
6090.200000000001			1.0
6091.1			1.0
6092.0			1.0
6092.9			1.0
6093.8			1.0
6094.700000000001			1.0
6095.6			1.0
6096.5			1.0
6097.4			1.0
6098.3			1.0
6099.200000000001			1.0
6100.1			1.013672976720989
6101.0			0.9815402827302753
6101.9			0.9007436818210118
6102.8			0.844877426078508
6103.700000000001			0.8750420491976082
6104.6			0.950587584468795
6105.5			1.0014500434522442
6106.4			1.0
6107.3			1.0
6108.200000000001			1.0
6109.1			1.0
6110.0			1.0
6110.9			1.0
6111.8			1.0
6112.700000000001			1.0
6113.6			1.0
6114.5			1.0
6115.4			1.0
6116.3			1.0
6117.200000000001			1.0
6118.1			1.0
6119.0			1.0
6119.9			0.9804584774992968
6120.8			0.9328699698091552
6121.700000000001			0.8642741038397109
6122.6			0.8391225978202304
6123.5			0.895669478933205
6124.4			0.9746355573606373
6125.3			0.9997449737354516
6126.200000000001			1.0
6127.1			1.0
6128.0			1.0
6128.9			1.0
6129.8			1.0
6130.700000000001			1.0
6131.6			1.0
6132.5			1.0
6133.4			1.0
6134.3			0.9705492793987324
6135.200000000001			0.9170486276736112
6136.1			0.8477378433121919
6137.0			0.8019961170455417
6137.9			0.8340679777681785
6138.8			0.9297034735697064
6139.700000000001			0.999276961673995
6140.6			1.0
6141.5			1.0
6142.4			1.0
6143.3			1.0
6144.200000000001			1.0
6145.1			1.0
6146.0			1.0
6146.9			1.0
6147.8			1.0
6148.700000000001			1.0
6149.6			1.0
6150.5			1.0
6151.4			1.0
6152.3			1.0
6153.200000000001			1.0
6154.1			1.0
6155.0			1.0
6155.9			1.0
6156.8			1.0
6157.700000000001			1.0
6158.6			0.9959028403364347
6159.5			0.9673119615124652
6160.4			0.8881927757780637
6161.3			0.7856379388673402
6162.200000000001			0.7396878771998933
6163.1			0.7863698209057677
6164.0			0.8816449584153848
6164.9			0.9624850773122315
6165.8			1.0001830744317322
6166.700000000001			1.0
6167.6			1.0
6168.5			1.0
6169.4			1.0
6170.3			1.0
6171.200000000001			1.0
6172.1			1.0
6173.0			1.0
6173.9			1.0
6174.8			1.0
6175.700000000001			1.0
6176.6			1.0
6177.5			1.0
6178.4			1.0
6179.3			1.0
6180.200000000001			1.0
6181.1			1.0
6182.0			1.0
6182.9			1.0
6183.8			1.0
6184.700000000001			1.0
6185.6			1.0
6186.5			1.0
6187.4			1.0
6188.3			0.9883757542790826
6189.200000000001			0.9815473307475662
6190.1			0.9592987549483394
6191.0			0.9162263311081172
6191.9			0.8962030460973208
6192.8			0.9238275784911584
6193.700000000001			0.9635300450678799
6194.6			0.9879593070933553
6195.5			1.0007350331746327
6196.4			1.0
6197.3			1.0
6198.200000000001			1.0
6199.1			1.0
6200.0			1.0
6200.9			1.0
6201.8			1.0
6202.700000000001			1.0
6203.6			1.0
6204.5			1.0
6205.4			1.0
6206.3			1.0
6207.200000000001			1.0
6208.1			1.0
6209.0			1.0
6209.9			1.0
6210.8			1.0
6211.700000000001			1.0
6212.6			1.0
6213.5			1.0
6214.4			1.0
6215.3			1.0
6216.200000000001			1.0
6217.1			1.0
6218.0			1.0
6218.9			1.0
6219.8			1.0
6220.700000000001			1.0
6221.6			1.0
6222.5			1.0
6223.4			1.0
6224.3			1.0
6225.200000000001			1.0
6226.1			1.0
6227.0			0.9877828553595006
6227.9			0.9822012831849115
6228.8			0.9684752201174239
6229.700000000001			0.9300556153170929
6230.6			0.8940793297661493
6231.5			0.889763361154949
6232.4			0.9095592362857459
6233.3			0.9397460246287325
6234.200000000001			0.9780515365978969
6235.1			1.0004565961917458
6236.0			0.9989501014360862
6236.9			1.0
6237.8			1.0
6238.700000000001			1.0
6239.6			1.0
6240.5			1.0
6241.4			1.0
6242.3			1.0
6243.200000000001			1.0
6244.1			0.9980715883926126
6245.0			0.9872720510816149
6245.9			0.9647683029180646
6246.8			0.9723085554493345
6247.700000000001			1.0170354415043215
6248.6			1.0553120815208554
6249.5			1.0571017743518103
6250.4			1.0289593152197487
6251.3			0.9846893110802082
6252.200000000001			0.9415736575858762
6253.1			0.92922453415854
6254.0			0.9447767587301689
6254.9			0.9613823793951863
6255.8			0.9599247048832265
6256.700000000001			0.9404522012816576
6257.6			0.9188211284906612
6258.5			0.9142571950544051
6259.4			0.9370798877765674
6260.3			0.9634474069113994
6261.200000000001			0.9775785461314084
6262.1			0.9979225810813946
6263.0			1.0
6263.9			1.0
6264.8			1.0
6265.700000000001			1.0
6266.6			1.0
6267.5			1.0
6268.4			1.0
6269.3			1.0
6270.200000000001			1.0
6271.1			1.0
6272.0			1.0
6272.9			1.0
6273.8			1.0
6274.700000000001			1.0
6275.6			1.0
6276.5			1.0
6277.4			1.0
6278.3			1.0
6279.200000000001			1.0
6280.1			1.0
6281.0			1.0
6281.9			1.0
6282.8			1.0
6283.700000000001			1.0
6284.6			1.0
6285.5			1.0
6286.4			1.0
6287.3			1.0
6288.200000000001			1.0
6289.1			1.0
6290.0			1.0
6290.9			1.0
6291.8			1.0
6292.700000000001			1.0
6293.6			1.0
6294.5			1.0
6295.4			1.0
6296.3			1.0
6297.200000000001			1.0
6298.1			1.0091462793655082
6299.0			1.0178445175090434
6299.9			0.996219819268343
6300.8			0.9462885882438963
6301.700000000001			0.9142571182903325
6302.6			0.9339131350181875
6303.5			0.9795715347984343
6304.4			1.0039757442809445
6305.3			0.9987351792598318
6306.200000000001			1.0
6307.1			1.0
6308.0			1.0
6308.9			1.0
6309.8			1.0
6310.700000000001			1.0
6311.6			0.9919038021387098
6312.5			0.9991935916040117
6313.4			0.9979236586217877
6314.3			0.971063462923105
6315.200000000001			0.9459624558306329
6316.1			0.9430328903272202
6317.0			0.9392544254869492
6317.9			0.9283712586085562
6318.8			0.9334698685205717
6319.700000000001			0.953096329436191
6320.6			0.9739591409095343
6321.5			0.9873558581050822
6322.4			0.9916554071511119
6323.3			0.9953661782608247
6324.200000000001			0.998996826174985
6325.1			1.0
6326.0			1.0
6326.9			1.0
6327.8			1.0
6328.700000000001			1.0
6329.6			1.0
6330.5			1.0
6331.4			1.0072811416085334
6332.3			1.0178076642105083
6333.200000000001			1.0207932194723428
6334.1			0.9989371461338099
6335.0			0.9536042179310907
6335.9			0.9190055732059114
6336.8			0.9209754220216726
6337.700000000001			0.9457903329757378
6338.6			0.9655694698093238
6339.5			0.9802065825873124
6340.4			0.9999158927131887
6341.3			1.0
6342.200000000001			1.0
6343.1			1.0
6344.0			1.0
6344.9			1.0
6345.8			1.0
6346.700000000001			1.0
6347.6			1.0
6348.5			1.0
6349.4			1.0
6350.3			1.0
6351.200000000001			1.0
6352.1			1.0
6353.0			1.0
6353.9			1.0
6354.8			0.9763480260242232
6355.700000000001			0.9757563236044575
6356.6			0.9851110045263368
6357.5			0.9769736421740243
6358.4			0.960243136252602
6359.3			0.9545777644230132
6360.200000000001			0.956016277515886
6361.1			0.945086601608667
6362.0			0.9268317093328822
6362.9			0.925033723799882
6363.8			0.9449391576307039
6364.700000000001			0.9659929742634499
6365.6			0.9794971550048224
6366.5			0.9925045855637613
6367.4			1.0026662655050296
6368.3			1.0022558847763887
6369.200000000001			0.9920098431895084
6370.1			0.9894121444951308
6371.0			0.9998530460336913
6371.9			1.0
6372.8			1.0
6373.700000000001			1.0
6374.6			1.0
6375.5			1.0
6376.4			1.0
6377.3			1.0
6378.200000000001			1.0
6379.1			1.0
6380.0			1.0
6380.9			1.0
6381.8			1.0
6382.700000000001			1.0
6383.6			1.0
6384.5			1.0
6385.4			1.0
6386.3			1.0
6387.200000000001			1.0
6388.1			1.0
6389.0			1.0
6389.9			1.0
6390.8			1.0
6391.700000000001			1.0
6392.6			1.0
6393.5			1.0
6394.4			1.0
6395.3			1.0
6396.200000000001			1.0
6397.1			1.0050743464045113
6398.0			0.9780936284051216
6398.9			0.9213944284580957
6399.8			0.8777230615429518
6400.700000000001			0.8980338964452494
6401.6			0.9581978699049281
6402.5			1.0002572879696343
6403.4			1.0
6404.3			1.0
6405.200000000001			1.0
6406.1			1.0
6407.0			1.0
6407.9			1.0
6408.8			1.0
6409.700000000001			1.0
6410.6			1.0
6411.5			1.0
6412.4			1.0
6413.3			1.0
6414.200000000001			1.0
6415.1			1.0
6416.0			1.0
6416.9			1.0
6417.8			0.9851969083311035
6418.700000000001			0.9580306814573626
6419.6			0.9223709540556068
6420.5			0.8980285594936329
6421.4			0.9076407684281084
6422.3			0.9499027350878821
6423.200000000001			0.9991212323345376
6424.1			1.0
6425.0			1.0
6425.9			1.0
6426.8			1.0
6427.700000000001			1.0
6428.6			1.0
6429.5			1.0
6430.4			1.0
6431.3			1.0
6432.200000000001			1.0
6433.1			1.0
6434.0			1.0
6434.9			1.0
6435.8			1.0
6436.700000000001			0.985648967794489
6437.6			0.938331719342375
6438.5			0.8850730178838834
6439.4			0.8809420219632923
6440.3			0.9276885702661298
6441.200000000001			0.9764170363811152
6442.1			1.0000119966896588
6443.0			1.0
6443.9			1.0
6444.8			1.0
6445.700000000001			1.0
6446.6			1.0
6447.5			0.9919681241055116
6448.4			0.9463427991383925
6449.3			0.8869645508111702
6450.200000000001			0.87408421030682
6451.1			0.9191603852080162
6452.0			0.9717830612041312
6452.9			1.001024889315117
6453.8			1.0
6454.700000000001			1.0
6455.6			1.0
6456.5			1.0
6457.4			1.0
6458.3			1.0
6459.200000000001			1.0
6460.1			0.9782291504213703
6461.0			0.9276438846333196
6461.9			0.8737413340609198
6462.8			0.8638828120595897
6463.700000000001			0.9071010439857506
6464.6			0.9648470392288423
6465.5			0.9999178580819751
6466.4			1.0
6467.3			1.0
6468.200000000001			1.0
6469.1			1.0
6470.0			1.0
6470.9			1.0
6471.8			1.0
6472.700000000001			1.0
6473.6			1.0
6474.5			1.0
6475.4			1.0
6476.3			1.0
6477.200000000001			1.0
6478.1			1.0
6479.0			1.0
6479.9			1.0
6480.8			1.0
6481.700000000001			1.0
6482.6			1.0
6483.5			1.0
6484.4			1.0
6485.3			1.0
6486.200000000001			1.0
6487.1			1.0
6488.0			1.0
6488.9			1.0
6489.8			1.0
6490.700000000001			0.9996807799593945
6491.6			0.986026365775748
6492.5			0.9409029928511649
6493.4			0.8737493553672144
6494.3			0.8259527015406607
6495.200000000001			0.8261426001705318
6496.1			0.8714315684771462
6497.0			0.9329485730206343
6497.9			0.9761086021621413
6498.8			0.9913757832237456
6499.700000000001			1.0025876528063935
6500.6			1.0
6501.5			1.0
6502.4			1.0
6503.3			1.0
6504.200000000001			1.0
6505.1			1.0
6506.0			1.0
6506.9			1.0
6507.8			1.0
6508.700000000001			1.0
6509.6			1.0
6510.5			1.0
6511.4			1.0
6512.3			1.0
6513.200000000001			1.0
6514.1			1.0
6515.0			1.0
6515.9			1.0
6516.8			1.0
6517.700000000001			1.0
6518.6			1.0
6519.5			1.0
6520.4			1.0
6521.3			1.0
6522.200000000001			1.0
6523.1			1.0
6524.0			1.0
6524.9			1.0
6525.8			1.0
6526.700000000001			1.0
6527.6			1.0
6528.5			1.0
6529.4			1.0
6530.3			1.0
6531.200000000001			1.0
6532.1			1.0
6533.0			1.0
6533.9			1.0
6534.8			1.0
6535.700000000001			1.0
6536.6			1.0
6537.5			1.0
6538.4			1.0
6539.3			1.0
6540.200000000001			1.0
6541.1			1.0
6542.0			1.0
6542.9			1.0
6543.8			1.0
6544.700000000001			1.0
6545.6			1.0
6546.5			1.0
6547.4			1.0
6548.3			1.0
6549.200000000001			1.0
6550.1			1.0
6551.0			1.0
6551.9			1.0
6552.8			1.0
6553.700000000001			1.0
6554.6			1.0
6555.5			1.0
6556.4			1.0
6557.3			1.0
6558.200000000001			1.0
6559.1			0.9911178318131868
6560.0			0.9566181308272866
6560.9			0.8801464874991375
6561.8			0.7671288763096783
6562.700000000001			0.6945792349951911
6563.6			0.7378709222798102
6564.5			0.8571042367440829
6565.4			0.9565329138417922
6566.3			1.000797086541396
6567.200000000001			1.0
6568.1			1.0
6569.0			1.0
6569.9			1.0
6570.8			1.0
6571.700000000001			1.0
6572.6			1.0
6573.5			1.0
6574.4			1.0
6575.3			1.0
6576.200000000001			1.0
6577.1			1.0
6578.0			1.0
6578.9			1.0
6579.8			1.0
6580.700000000001			1.0
6581.6			1.0
6582.5			1.0
6583.4			1.0
6584.3			1.0
6585.200000000001			1.0
6586.1			1.0
6587.0			1.0
6587.9			1.0
6588.8			1.0
6589.700000000001			1.0
6590.6			0.9949677032265115
6591.5			0.9568211115972789
6592.4			0.9012685707275865
6593.3			0.8815855397953323
6594.200000000001			0.9177519569104037
6595.1			0.9733184455428081
6596.0			1.0003559552923174
6596.9			1.0
6597.8			1.0
6598.700000000001			1.0
6599.6			1.0
6600.5			1.0
6601.4			1.0
6602.3			1.0
6603.200000000001			1.0
6604.1			1.0
6605.0			1.0
6605.9			1.0
6606.8			1.0
6607.700000000001			1.0
6608.6			1.0
6609.5			1.0
6610.4			1.0
6611.3			1.0
6612.200000000001			1.0
6613.1			1.0
6614.0			1.0
6614.9			1.0
6615.8			1.0
6616.700000000001			1.0
6617.6			1.0
6618.5			1.0
6619.4			1.0
6620.3			1.0
6621.200000000001			1.0
6622.1			1.0
6623.0			1.0
6623.9			1.0
6624.8			1.0
6625.700000000001			1.0
6626.6			1.0
6627.5			1.0
6628.4			1.0
6629.3			1.0
6630.200000000001			1.0
6631.1			1.0
6632.0			1.0
6632.9			1.0
6633.8			1.0
6634.700000000001			1.0
6635.6			1.0
6636.5			1.0
6637.4			1.0
6638.3			1.0
6639.200000000001			1.0
6640.1			1.0
6641.0			1.0
6641.9			1.0
6642.8			1.0
6643.700000000001			1.0
6644.6			1.0
6645.5			1.0
6646.4			1.0
6647.3			1.0
6648.200000000001			1.0
6649.1			1.0
6650.0			1.0
6650.9			1.0
6651.8			1.0
6652.700000000001			1.0
6653.6			1.0
6654.5			1.0
6655.4			1.0
6656.3			1.0
6657.200000000001			1.0
6658.1			1.0
6659.0			1.0
6659.9			1.0
6660.8			1.0
6661.700000000001			1.0
6662.6			1.0
6663.5			1.0
6664.4			1.0
6665.3			1.0
6666.200000000001			1.0
6667.1			1.0
6668.0			1.0
6668.9			1.0
6669.8			1.0
6670.700000000001			1.0
6671.6			1.0
6672.5			1.0
6673.4			1.0
6674.3			1.0
6675.200000000001			0.9911498816786629
6676.1			0.9600337830339112
6677.0			0.9177085161714355
6677.9			0.9012720102130053
6678.8			0.928774843296113
6679.700000000001			0.9722292511940687
6680.6			0.9991662939669305
6681.5			1.0
6682.4			1.0
6683.3			1.0
6684.200000000001			1.0
6685.1			1.0
6686.0			1.0
6686.9			1.0
6687.8			1.0
6688.700000000001			1.0
6689.6			1.0
6690.5			1.0
6691.4			1.0
6692.3			1.0
6693.200000000001			1.0
6694.1			1.0
6695.0			1.0
6695.9			1.0
6696.8			1.0
6697.700000000001			1.0
6698.6			1.0
6699.5			1.0
6700.4			1.0
6701.3			1.0
6702.200000000001			1.0
6703.1			1.0
6704.0			1.0
6704.9			1.0
6705.8			1.0
6706.700000000001			1.0
6707.6			1.0
6708.5			1.0
6709.4			1.0
6710.3			1.0
6711.200000000001			1.0
6712.1			1.0
6713.0			1.0
6713.9			1.0
6714.8			1.0
6715.700000000001			1.0
6716.6			1.0
6717.5			1.0
6718.4			1.0
6719.3			1.0
6720.200000000001			1.0
6721.1			1.0
6722.0			1.0
6722.9			1.0
6723.8			1.0
6724.700000000001			1.0
6725.6			1.0
6726.5			1.0
6727.4			1.0
6728.3			1.0
6729.200000000001			1.0
6730.1			1.0
6731.0			1.0
6731.9			1.0
6732.8			1.0
6733.700000000001			1.0
6734.6			1.0
6735.5			1.0
6736.4			1.0
6737.3			1.0
6738.200000000001			1.0
6739.1			1.0
6740.0			1.0
6740.9			1.0
6741.8			1.0
6742.700000000001			1.0
6743.6			1.0
6744.5			1.0
6745.4			1.0
6746.3			1.0
6747.200000000001			1.0
6748.1			1.0
6749.0			1.0
6749.9			1.0
6750.8			1.0
6751.700000000001			1.0
6752.6			1.0
6753.5			1.0
6754.4			1.0
6755.3			1.0
6756.200000000001			1.0
6757.1			1.0
6758.0			1.0
6758.9			1.0
6759.8			1.0
6760.700000000001			1.0
6761.6			1.0
6762.5			1.0
6763.4			1.0
6764.3			1.0
6765.200000000001			1.0
6766.1			1.0
6767.0			1.0
6767.9			1.0
6768.8			1.0
6769.700000000001			1.0
6770.6			1.0
6771.5			1.0
6772.4			1.0
6773.3			1.0
6774.200000000001			1.0
6775.1			1.0
6776.0			1.0
6776.9			1.0
6777.8			1.0
6778.700000000001			1.0
6779.6			1.0
6780.5			1.0
6781.4			1.0
6782.3			1.0
6783.200000000001			1.0
6784.1			1.0
6785.0			1.0
6785.9			1.0
6786.8			1.0
6787.700000000001			1.0
6788.6			1.0
6789.5			1.0
6790.4			1.0
6791.3			1.0
6792.200000000001			1.0
6793.1			1.0
6794.0			1.0
6794.9			1.0
6795.8			1.0
6796.700000000001			1.0
6797.6			1.0
6798.5			1.0
6799.4			1.0
6800.3			1.0
6801.200000000001			1.0
6802.1			1.0
6803.0			1.0
6803.9			1.0
6804.8			1.0
6805.700000000001			1.0
6806.6			1.0
6807.5			1.0
6808.4			1.0
6809.3			1.0
6810.200000000001			1.0
6811.1			1.0
6812.0			1.0
6812.9			1.0
6813.8			1.0
6814.700000000001			1.0
6815.6			1.0
6816.5			1.0
6817.4			1.0
6818.3			1.0
6819.200000000001			1.0
6820.1			1.0
6821.0			1.0
6821.9			1.0
6822.8			1.0
6823.700000000001			1.0
6824.6			1.0
6825.5			1.0
6826.4			1.0
6827.3			1.0
6828.200000000001			1.0
6829.1			1.0
6830.0			1.0
6830.9			1.0
6831.8			1.0
6832.700000000001			1.0
6833.6			1.0
6834.5			1.0
6835.4			1.0
6836.3			1.0
6837.200000000001			1.0
6838.1			1.0
6839.0			1.0
6839.9			1.0
6840.8			1.0
6841.700000000001			1.0
6842.6			1.0
6843.5			1.0
6844.4			1.0
6845.3			1.0
6846.200000000001			1.0
6847.1			1.0
6848.0			1.0
6848.9			1.0
6849.8			1.0
6850.700000000001			1.0
6851.6			1.0
6852.5			1.0
6853.4			1.0
6854.3			1.0
6855.200000000001			1.0
6856.1			1.0
6857.0			1.0
6857.9			1.0
6858.8			1.0
6859.700000000001			1.0
6860.6			1.0
6861.5			1.0
6862.4			1.0
6863.3			1.0
6864.200000000001			1.0
6865.1			1.0
6866.0			1.0
6866.9			1.0
6867.8			1.0
6868.700000000001			1.0
6869.6			1.0
6870.5			1.0
6871.4			1.0
6872.3			1.0
6873.200000000001			1.0
6874.1			1.0
6875.0			1.0
6875.9			1.0
6876.8			1.0
6877.700000000001			1.0
6878.6			1.0
6879.5			1.0
6880.4			1.0
6881.3			1.0
6882.200000000001			1.0
6883.1			1.0
6884.0			1.0
6884.9			1.0
6885.8			1.0
6886.700000000001			1.0
6887.6			1.0
6888.5			1.0
6889.4			1.0
6890.3			1.0
6891.200000000001			1.0
6892.1			1.0
6893.0			1.0
6893.9			1.0
6894.8			1.0
6895.700000000001			1.0
6896.6			1.0
6897.5			1.0
6898.4			1.0
6899.3			1.0
6900.200000000001			1.0
6901.1			1.0
6902.0			1.0
6902.9			1.0
6903.8			1.0
6904.700000000001			1.0
6905.6			1.0
6906.5			1.0
6907.4			1.0
6908.3			1.0
6909.200000000001			1.0
6910.1			1.0
6911.0			1.0
6911.9			1.0
6912.8			1.0
6913.700000000001			1.0
6914.6			1.0
6915.5			1.0
6916.4			1.0
6917.3			1.0
6918.200000000001			1.0
6919.1			1.0
6920.0			1.0
6920.9			1.0
6921.8			1.0
6922.700000000001			1.0
6923.6			1.0
6924.5			1.0
6925.4			1.0
6926.3			1.0
6927.200000000001			1.0
6928.1			1.0
6929.0			1.0
6929.9			1.0
6930.8			1.0
6931.700000000001			1.0
6932.6			1.0
6933.5			1.0
6934.4			1.0
6935.3			1.0
6936.200000000001			1.0
6937.1			1.0
6938.0			1.0
6938.9			1.0
6939.8			1.0
6940.700000000001			1.0
6941.6			1.0
6942.5			1.0
6943.4			1.0
6944.3			1.0
6945.200000000001			1.0
6946.1			1.0
6947.0			1.0
6947.9			1.0
6948.8			1.0
6949.700000000001			1.0
6950.6			1.0
6951.5			1.0
6952.4			1.0
6953.3			1.0
6954.200000000001			1.0
6955.1			1.0
6956.0			1.0
6956.9			1.0
6957.8			1.0
6958.700000000001			1.0
6959.6			1.0
6960.5			1.0
6961.4			1.0
6962.3			1.0
6963.200000000001			1.0
6964.1			1.0
6965.0			1.0
6965.9			1.0
6966.8			1.0
6967.700000000001			1.0
6968.6			1.0
6969.5			1.0
6970.4			1.0
6971.3			1.0
6972.200000000001			1.0
6973.1			1.0
6974.0			1.005264660289623
6974.9			1.0021192788106992
6975.8			0.9827968878027264
6976.700000000001			0.9506370382629092
6977.6			0.9151526324402453
6978.5			0.8927223498622123
6979.4			0.901379167355783
6980.3			0.938142721188285
6981.200000000001			0.9764217925404881
6982.1			0.9955354803683889
6983.0			0.9986315375548435
6983.9			1.0
6984.8			1.0
6985.700000000001			1.0
6986.6			1.0
6987.5			1.0
6988.4			1.0
6989.3			1.0
6990.200000000001			1.0
6991.1			1.0
6992.0			1.0
6992.9			1.0
6993.8			1.0
6994.700000000001			1.0
6995.6			1.0
6996.5			1.0
6997.4			1.0
6998.3			1.0
6999.200000000001			1.0
7000.1			1.0
7001.0			1.0
7001.9			1.0
7002.8			1.0
7003.700000000001			1.0
7004.6			1.0
7005.5			1.0
7006.4			1.0
7007.3			1.0
7008.200000000001			1.0
7009.1			1.0
7010.0			1.0
7010.9			1.0
7011.8			1.0
7012.700000000001			1.0
7013.6			1.0
7014.5			1.0
7015.4			1.0
7016.3			1.0
7017.200000000001			1.0
7018.1			1.0
7019.0			1.0
7019.9			1.0
7020.8			1.0
7021.700000000001			1.0
7022.6			1.0
7023.5			1.0
7024.4			1.0
7025.3			1.0
7026.200000000001			1.0
7027.1			1.0
7028.0			1.0
7028.9			1.0
7029.8			1.0
7030.700000000001			1.0
7031.6			1.0
7032.5			1.0
7033.4			1.0
7034.3			1.0
7035.200000000001			1.0
7036.1			1.0
7037.0			1.0
7037.9			1.0
7038.8			1.0
7039.700000000001			1.0
7040.6			1.0
7041.5			1.0
7042.4			1.0
7043.3			1.0
7044.200000000001			1.0
7045.1			1.0
7046.0			1.0000662721940952
7046.9			1.0019382079218502
7047.8			1.0188611108613987
7048.700000000001			1.0428155921658346
7049.6			1.0549283237221498
7050.5			1.050555397993189
7051.4			1.0333523721436455
7052.3			1.0123403734850906
7053.200000000001			1.0010269176320954
7054.1			1.0
7055.0			1.0
7055.9			1.0
7056.8			1.0
7057.700000000001			1.0
7058.6			1.0
7059.5			1.0
7060.4			1.0
7061.3			1.0
7062.200000000001			1.0
7063.1			1.0
7064.0			1.0
7064.9			1.0
7065.8			1.0
7066.700000000001			1.0
7067.6			1.0
7068.5			1.0
7069.4			1.0
7070.3			1.0
7071.200000000001			1.019163827892947
7072.1			1.0254327283646563
7073.0			1.0285968094933708
7073.9			1.031254870615086
7074.8			1.0333132862947905
7075.700000000001			1.0349545632381323
7076.6			1.0324638998877915
7077.5			1.029803970757706
7078.4			1.0332604157399228
7079.3			1.0382031488523826
7080.200000000001			1.0393882748612822
7081.1			1.0329204166359611
7082.0			1.0197804336055383
7082.9			1.0039086035561686
7083.8			0.9874817101675564
7084.700000000001			0.977641624491361
7085.6			0.9817999417334523
7086.5			0.9941967257363504
7087.4			1.0057014055957518
7088.3			1.0101608806100886
7089.200000000001			1.0007924827853576
7090.1			0.9818514231552066
7091.0			0.9718500251275501
7091.9			0.9782921573854949
7092.8			0.9876618063039013
7093.700000000001			0.9921353341734538
7094.6			0.9963562875454439
7095.5			0.9998194326586143
7096.4			1.0049840442261395
7097.3			1.0070617559813981
7098.200000000001			1.005810696848852
7099.1			1.010745233681414
7100.0			1.0135756820214539
7100.9			1.0143638576113272
7101.8			1.0223887528415283
7102.700000000001			1.0289921300500087
7103.6			1.0288695379545831
7104.5			1.0350704578113017
7105.4			1.0458370588920565
7106.3			1.0427586580272459
7107.200000000001			1.0279318350772144
7108.1			1.0
7109.0			0.9964724675888195
7109.9			1.0
7110.8			0.9915926560063373
7111.700000000001			0.986899462114149
7112.6			0.9870290320237733
7113.5			0.99264753556471
7114.4			0.9986141588859401
7115.3			1.0065952033709413
7116.200000000001			1.017513342386894
7117.1			1.0232276959547746
7118.0			1.0198311789159225
7118.9			1.0147665685253418
7119.8			1.0116586442655824
7120.700000000001			1.0048540954534295
7121.6			0.9904495861463842
7122.5			0.9816930850832952
7123.4			0.992707396678218
7124.3			1.0127228337964571
7125.200000000001			1.0240685544933943
7126.1			1.02043783482664
7127.0			1.0178762824799117
7127.9			1.021568523482578
7128.8			1.0241967326885058
7129.700000000001			1.0159130215189176
7130.6			1.0009766459641245
7131.5			0.9988262713660233
7132.4			1.0128667789325771
7133.3			1.0304444718609582
7134.200000000001			1.0463860232208895
7135.1			1.0590062779471978
7136.0			1.0678815740762762
7136.9			1.0762182772593636
7137.8			1.0777748550458324
7138.700000000001			1.0720855601298382
7139.6			1.0666420501395637
7140.5			1.0618518577976235
7141.4			1.057046703373025
7142.3			1.0584592900212226
7143.200000000001			1.0689970590592215
7144.1			1.0743733441871326
7145.0			1.0626669661992993
7145.9			1.047924193868876
7146.8			1.0255817518055304
7147.700000000001			0.9846609359196173
7148.6			0.9529229516487302
7149.5			0.9669037833525012
7150.4			1.0056968520556937
7151.3			1.033045694142874
7152.200000000001			1.0467903866134691
7153.1			1.0564367035628648
7154.0			1.0581493191317715
7154.9			1.0476207206833847
7155.8			1.0373712635944135
7156.700000000001			1.0372773241525859
7157.6			1.03893346688548
7158.5			1.0321818233812532
7159.4			1.0277938752042934
7160.3			1.034822414105106
7161.200000000001			1.0399817614154627
7162.1			1.0345330273324287
7163.0			1.0171890273371162
7163.9			0.9834284594745011
7164.8			0.9491634129834088
7165.700000000001			0.948412004355637
7166.6			0.9830564762367151
7167.5			1.0149113007200186
7168.4			1.0233768869078577
7169.3			1.0207640519086345
7170.200000000001			1.0205327899217274
7171.1			1.0252514860914217
7172.0			1.0253785029078384
7172.9			1.0154549142432894
7173.8			1.0075987880451485
7174.700000000001			1.0095557771124977
7175.6			1.0099929487525356
7176.5			1.0006466673590084
7177.4			0.9914806206683828
7178.3			0.9923072965132148
7179.200000000001			0.9926196704175851
7180.1			0.9845909165399374
7181.0			0.9709727195650135
7181.9			0.9612934863415433
7182.8			0.9728250681342506
7183.700000000001			1.0043903404411714
7184.6			1.0250297067166088
7185.5			1.0125995451732321
7186.4			0.9811253576969953
7187.3			0.9529101849558784
7188.200000000001			0.9383198776621854
7189.1			0.9418653519067258
7190.0			0.9614494450575967
7190.9			0.9905351580367578
7191.8			1.007792550859595
7192.700000000001			1.0041038566640428
7193.6			1.0035047924237104
7194.5			1.0184785566731436
7195.4			1.0280196554002654
7196.3			1.0169619201454267
7197.200000000001			1.000060912719279
7198.1			1.0
7199.0			1.0
7199.9			1.0
7200.8			1.0
7201.700000000001			1.0
7202.6			1.0
7203.5			1.0
7204.4			1.0180910355403887
7205.3			1.0267275731094325
7206.200000000001			1.0042394426360097
7207.1			0.952759275290668
7208.0			0.9161324193183356
7208.9			0.9235412775039596
7209.8			0.954793622946158
7210.700000000001			0.9835909083607294
7211.6			1.0
7212.5			1.0008630734529365
7213.4			0.9881565023029704
7214.3			0.9784191751172178
7215.200000000001			0.9753998766615143
7216.1			0.9727958062673071
7217.0			0.9724915693158094
7217.9			0.9814728051074478
7218.8			0.9944810675758539
7219.700000000001			0.9979954982304464
7220.6			0.9942642648440104
7221.5			0.9889638083977285
7222.4			0.9848671232086478
7223.3			0.9823667734431315
7224.200000000001			0.9815602737073937
7225.1			0.981877879116199
7226.0			0.9838591840906152
7226.9			0.9841684650731429
7227.8			0.9806064575089822
7228.700000000001			0.9744344792084465
7229.6			0.9736038627307706
7230.5			0.9795945522823154
7231.4			0.9847029378026286
7232.3			0.9881871387663113
7233.200000000001			0.9960043489028508
7234.1			1.0006225029348104
7235.0			0.9955364557473005
7235.9			0.985772520361528
7236.8			0.9794857372684832
7237.700000000001			0.9790849397006169
7238.6			1.0
7239.5			1.0016356118325174
7240.4			0.9994669096073853
7241.3			0.9964139457421775
7242.200000000001			0.9966208268852639
7243.1			1.004108445925667
7244.0			1.0043229740584418
7244.9			0.990084305431784
7245.8			0.981408177675105
7246.700000000001			0.9890683976817575
7247.6			1.003367279890115
7248.5			1.0115518840902789
7249.4			1.0050582266909405
7250.3			0.9869460971443494
7251.200000000001			0.9664547104711143
7252.1			0.9575919857875879
7253.0			1.0
7253.9			1.0121568991478291
7254.8			1.0160274900152633
7255.700000000001			1.022917863112695
7256.6			1.0374337039072856
7257.5			1.0532833047978445
7258.4			1.0648321161103143
7259.3			1.0704099649188286
7260.200000000001			1.0692677719091392
7261.1			1.0611162736129935
7262.0			1.050437941407101
7262.9			1.0550486633378144
7263.8			1.0828538517706316
7264.700000000001			1.1112702306078133
7265.6			1.123584554053539
7266.5			1.1256922076063718
7267.4			1.1341888187519091
7268.3			1.1496229695399391
7269.200000000001			1.1615990301717323
7270.1			1.1619568790657342
7271.0			1.1609531872290773
7271.9			1.1759507562269533
7272.8			1.208625616127854
7273.700000000001			1.2351759638479676
7274.6			1.2386909872593765
7275.5			1.237504212576451
7276.4			1.2435682359374989
7277.3			1.2516554944641116
7278.200000000001			1.2502363566835264
7279.1			1.2484493871156233
7280.0			1.2583205509809248
7280.9			1.2663467742310528
7281.8			1.2605049195379623
7282.700000000001			1.2488532605484088
7283.6			1.242192262146512
7284.5			1.2396818595659502
7285.4			1.2325535289798144
7286.3			1.2326087482041208
7287.200000000001			1.2447148927773954
7288.1			1.2449955297998632
7289.0			1.2325752925530702
7289.9			1.2356204624931746
7290.8			1.2541088342678093
7291.700000000001			1.2561871072427395
7292.6			1.2385927733692412
7293.5			1.2361235580866023
7294.4			1.269821100994898
7295.3			1.316938373781103
7296.200000000001			1.3496667076973685
7297.1			1.3696188208387632
7298.0			1.389355747339126
7298.9			1.3997872397530837
7299.8			1.3851062444360769
7300.700000000001			1.3563618780282385
7301.6			1.3478724005806304
7302.5			1.374030478426657
7303.4			1.4078844340047076
7304.3			1.4247637689912365
7305.200000000001			1.4351684552585153
7306.1			1.4383222567301877
7307.0			1.4279269646669523
7307.9			1.4164918991070352
7308.8			1.4245034121759357
7309.700000000001			1.455078748934901
7310.6			1.4709776495126714
7311.5			1.4719051138720305
7312.4			1.4870484585048804
7313.3			1.52494440851107
7314.200000000001			1.5666736905541407
7315.1			1.598668978861853
7316.0			1.6009472876562203
7316.9			1.5715336546528622
7317.8			1.555981521770083
7318.700000000001			1.5716497249875918
7319.6			1.5978224208428427
7320.5			1.6078066056563967
7321.4			1.610463324330912
7322.3			1.6286435286659293
7323.200000000001			1.6674119233836318
7324.1			1.6935883020805533
7325.0			1.6757236276261247
7325.9			1.6234499532306539
7326.8			1.5914185975866908
7327.700000000001			1.6338695946567678
7328.6			1.7190701454742925
7329.5			1.778752150840217
7330.4			1.790656194360506
7331.3			1.7912820585918652
7332.200000000001			1.8018800074120773
7333.1			1.8251369886554913
7334.0			1.8435925097229675
7334.9			1.8421849889723547
7335.8			1.8268311788271574
7336.700000000001			1.8324277435960006
7337.6			1.8685204938412243
7338.5			1.9147387662504585
7339.4			1.9350833111992063
7340.3			1.943899811486904
7341.200000000001			1.9608332552914371
7342.1			1.9838026823412718
7343.0			2.0017232205678375
7343.9			2.0113221152840333
7344.8			2.0065100184182874
7345.700000000001			2.0184910376777454
7346.6			2.068990357365511
7347.5			2.1400307832134575
7348.4			2.186322904000607
7349.3			2.2035611407988047
7350.200000000001			2.202588598859092
7351.1			2.189206278578175
7352.0			2.174265277333582
7352.9			2.1877902343818523
7353.8			2.2150281754114385
7354.700000000001			2.2250575341479952
7355.6			2.213871355883283
7356.5			2.2079759999078594
7357.4			2.22673588590756
7358.3			2.2642355051352894
7359.200000000001			2.3182550552078554
7360.1			2.367397742320467
7361.0			2.3913793052054344
7361.9			2.374833763168807
7362.8			2.3433851425814316
7363.700000000001			2.3391627929886982
7364.6			2.391409762293244
7365.5			2.4873266159623806
7366.4			2.5728780256438264
7367.3			2.6222534745587067
7368.200000000001			2.636508516301284
7369.1			2.659781071837261
7370.0			2.7070563857121757
7370.9			2.761703423225104
7371.8			2.80940681827833
7372.700000000001			2.8511977694828503
7373.6			2.902720433479948
7374.5			2.9513634553038814
7375.4			2.9817916580469177
7376.3			2.9987168585082604
7377.200000000001			3.014646559387495
7378.1			3.035324020779674
7379.0			3.0617675670108038
7379.9			3.0985087545150343
7380.8			3.1479026043960427
7381.700000000001			3.1979973390905916
7382.6			3.2173210606931613
7383.5			3.2100524658868306
7384.4			3.2311592100475703
7385.3			3.269790259051767
7386.200000000001			3.2828540338759113
7387.1			3.2810281792693456
7388.0			3.2899302778401873
7388.9			3.3259310697474436
7389.8			3.420491726426429
7390.700000000001			3.555456937596464
7391.6			3.676917825835662
7392.5			3.7545175482724407
7393.4			3.801583158425754
7394.3			3.8442757366856175
7395.200000000001			3.9219479417563416
7396.1			4.061317288112351
7397.0			4.20966622775845
7397.9			4.299815114539264
7398.8			4.349598031127496
7399.700000000001			4.403759663889212
7400.6			4.437136594796642
7401.5			4.4349247269914045
7402.4			4.485123541683803
7403.3			4.640692517307696
7404.200000000001			4.846842866734182
7405.1			5.041230323908834
7406.0			5.176636314829417
7406.9			5.256755228558843
7407.8			5.342312670600261
7408.700000000001			5.452710574982599
7409.6			5.544708647835368
7410.5			5.590805554950032
7411.4			5.662376728970077
7412.3			5.842495463192859
7413.200000000001			5.721777170824306
7414.1			4.254399631183107
7415.0			1.7296342380099707
7415.9			0.1610164095093613
7416.8			7.183418902642043e-05
7417.700000000001			7.433989587096013e-05
7418.6			0.00059657055337592
7419.5			7.991506047511997e-05
7420.4			8.302844419590833e-05
7421.3			8.639424840027215e-05
7422.200000000001			9.004446793265712e-05
7423.1			9.401674339625324e-05
7424.0			9.835566392618386e-05
7424.9			0.00010311444815849532
7425.8			0.00010835713799628774
7426.700000000001			0.000114161497455775
7427.6			0.00012062289593878987
7428.5			0.00012785958935197683
7429.4			1.0
