3500.0			1.0
3500.9			1.0
3501.8			1.0
3502.7			1.0
3503.6			1.0
3504.5			1.0
3505.4			1.0
3506.3			1.0
3507.2			1.0
3508.1			1.0
3509.0			1.0
3509.9			1.0
3510.8			1.0
3511.7			1.0
3512.6			1.0
3513.5			1.0
3514.4			1.0
3515.3			1.0
3516.2			1.0
3517.1			1.0
3518.0			1.0
3518.9			1.0
3519.8			1.0
3520.7			1.0
3521.6			1.0
3522.5			1.0
3523.4			1.0
3524.3			1.0
3525.2			1.0
3526.1			1.0
3527.0			1.0
3527.9			1.0
3528.8			1.0
3529.7			1.0
3530.6			1.0
3531.5			1.0
3532.4			1.0
3533.3			1.0
3534.2			1.0
3535.1			1.0
3536.0			1.0
3536.9			1.0
3537.8			1.0
3538.7			1.0
3539.6			1.0
3540.5			1.0
3541.4			1.0
3542.3			1.0
3543.2			1.0
3544.1			1.0
3545.0			1.0
3545.9			1.0
3546.8			1.0
3547.7			1.0
3548.6			1.0
3549.5			1.0
3550.4			1.0
3551.3			1.0
3552.2			1.0
3553.1			1.0
3554.0			1.0
3554.9			1.0
3555.8			1.0
3556.7			1.0
3557.6			1.0
3558.5			1.0
3559.4			1.0
3560.3			1.0
3561.2			1.0
3562.1			1.0
3563.0			1.0
3563.9			1.0
3564.8			1.0
3565.7			1.0
3566.6			1.0
3567.5			1.0
3568.4			1.0
3569.3			1.0
3570.2			1.0
3571.1			1.0
3572.0			1.0
3572.9			1.0
3573.8			1.0
3574.7			1.0
3575.6			1.0
3576.5			1.0
3577.4			1.0
3578.3			1.0
3579.2			1.0
3580.1			1.0
3581.0			1.0
3581.9			1.0
3582.8			1.0
3583.7			1.0
3584.6			1.0
3585.5			1.0
3586.4			1.0
3587.3			1.0
3588.2			1.0
3589.1			1.0
3590.0			1.0
3590.9			1.0
3591.8			1.0
3592.7			1.0
3593.6			1.0
3594.5			1.0
3595.4			1.0
3596.3			1.0
3597.2			1.0
3598.1			1.0
3599.0			1.0
3599.9			1.0
3600.8			1.0
3601.7			1.0
3602.6			1.0
3603.5			1.0
3604.4			1.0
3605.3			1.0
3606.2			1.0
3607.1			1.0
3608.0			1.0
3608.9			1.0
3609.8			1.0
3610.7			1.0
3611.6			1.0
3612.5			1.0
3613.4			1.0
3614.3			1.0
3615.2			1.0
3616.1			1.0
3617.0			1.0
3617.9			1.0
3618.8			1.0
3619.7			1.0
3620.6			1.0
3621.5			1.0
3622.4			1.0
3623.3			1.0
3624.2			1.0
3625.1			1.0
3626.0			1.0
3626.9			1.0
3627.8			1.0
3628.7			1.0
3629.6			1.0
3630.5			1.0
3631.4			1.0
3632.3			1.0
3633.2			1.0
3634.1			1.0
3635.0			1.0
3635.9			1.0
3636.8			1.0
3637.7			1.0
3638.6			1.0
3639.5			1.0
3640.4			1.0
3641.3			1.0
3642.2			1.0
3643.1			1.0
3644.0			1.0
3644.9			1.0
3645.8			1.0
3646.7			1.0
3647.6			1.0
3648.5			1.0
3649.4			1.0
3650.3			1.0
3651.2			1.0
3652.1			1.0
3653.0			1.0
3653.9			1.0
3654.8			1.0
3655.7			1.0
3656.6			1.0
3657.5			1.0
3658.4			1.0
3659.3			1.0
3660.2			1.0
3661.1			1.0
3662.0			1.0
3662.9			1.0
3663.8			1.0
3664.7			1.0
3665.6			1.0
3666.5			1.0
3667.4			1.0
3668.3			1.0
3669.2			1.0
3670.1			1.0
3671.0			1.0
3671.9			1.0
3672.8			1.0
3673.7			1.0
3674.6			1.0
3675.5			1.0
3676.4			1.0
3677.3			1.0
3678.2			1.0
3679.1			1.0
3680.0			1.0
3680.9			1.0
3681.8			1.0
3682.7			1.0
3683.6			1.0
3684.5			1.0
3685.4			1.0
3686.3			1.0
3687.2			1.0
3688.1			1.0
3689.0			1.0
3689.9			1.0
3690.8			1.0
3691.7			1.0
3692.6			1.0
3693.5			1.0
3694.4			1.0
3695.3			1.0
3696.2			1.0
3697.1			1.0
3698.0			1.0
3698.9			1.0
3699.8			1.0
3700.7			1.0
3701.6			1.0
3702.5			1.0
3703.4			1.0
3704.3			1.0
3705.2			1.0
3706.1			1.0
3707.0			1.0
3707.9			1.0
3708.8			1.0
3709.7			1.0
3710.6			1.0
3711.5			1.0
3712.4			1.0
3713.3			1.0
3714.2			1.0
3715.1			1.0
3716.0			1.0
3716.9			1.0
3717.8			1.0
3718.7			1.0
3719.6			1.0
3720.5			1.0
3721.4			1.0
3722.3			1.0
3723.2			1.0
3724.1			1.0
3725.0			1.0
3725.9			1.0
3726.8			1.0
3727.7			1.0
3728.6			1.0
3729.5			1.0
3730.4			1.0
3731.3			1.0
3732.2			1.0
3733.1			1.0
3734.0			1.0
3734.9			1.0
3735.8			1.0
3736.7			1.0
3737.6			1.0
3738.5			1.0
3739.4			1.0
3740.3			1.0
3741.2			1.0
3742.1			1.0
3743.0			1.0
3743.9			1.0
3744.8			1.0
3745.7			1.0
3746.6			1.0
3747.5			1.0
3748.4			1.0
3749.3			1.0
3750.2			1.0
3751.1			1.0
3752.0			1.0
3752.9			1.0
3753.8			1.0
3754.7			1.0
3755.6			1.0
3756.5			1.0
3757.4			1.0
3758.3			1.0
3759.2			1.0
3760.1			1.0
3761.0			1.0
3761.9			1.0
3762.8			1.0
3763.7			1.0
3764.6			1.0
3765.5			1.0
3766.4			1.0
3767.3			1.0
3768.2			1.0
3769.1			1.0
3770.0			1.0
3770.9			1.0
3771.8			1.0
3772.7			1.0
3773.6			1.0
3774.5			1.0
3775.4			1.0
3776.3			1.0
3777.2			1.0
3778.1			1.0
3779.0			1.0
3779.9			1.0
3780.8			1.0
3781.7			1.0
3782.6			1.0
3783.5			1.0
3784.4			1.0
3785.3			1.0
3786.2			1.0
3787.1			1.0
3788.0			1.0
3788.9			1.0
3789.8			1.0
3790.7			1.0
3791.6			1.0
3792.5			1.0
3793.4			1.0
3794.3			1.0
3795.2			1.0
3796.1			1.0
3797.0			1.0
3797.9			1.0
3798.8			1.0
3799.7			1.0
3800.6			1.0
3801.5			1.0
3802.4			1.0
3803.3			1.0
3804.2			1.0
3805.1			1.0
3806.0			1.0
3806.9			1.0
3807.8			1.0
3808.7			1.0
3809.6			1.0
3810.5			1.0
3811.4			1.0
3812.3			1.0
3813.2			1.0
3814.1			1.0
3815.0			1.0
3815.9			1.0
3816.8			1.0
3817.7			1.0
3818.6			1.0
3819.5			1.0
3820.4			1.0
3821.3			1.0
3822.2			1.0
3823.1			1.0
3824.0			1.0
3824.9			1.0
3825.8			1.0
3826.7			1.0
3827.6			1.0
3828.5			1.0
3829.4			1.0
3830.3			1.0
3831.2			1.0
3832.1			1.0
3833.0			1.0
3833.9			1.0
3834.8			1.0
3835.7			1.0
3836.6			1.0
3837.5			1.0
3838.4			1.0
3839.3			1.0
3840.2			1.0
3841.1			1.0
3842.0			1.0
3842.9			1.0
3843.8			1.0
3844.7			1.0
3845.6			1.0
3846.5			1.0
3847.4			1.0
3848.3			1.0
3849.2			1.0
3850.1			1.0
3851.0			1.0
3851.9			1.0
3852.8			1.0
3853.7			1.0
3854.6			1.0
3855.5			1.0
3856.4			1.0
3857.3			1.0
3858.2			1.0
3859.1			1.0
3860.0			1.0
3860.9			1.0
3861.8			1.0
3862.7			1.0
3863.6			1.0
3864.5			1.0
3865.4			1.0
3866.3			1.0
3867.2			1.0
3868.1			1.0
3869.0			1.0
3869.9			1.0
3870.8			1.0
3871.7			1.0
3872.6			1.0
3873.5			1.0
3874.4			1.0
3875.3			1.0
3876.2			1.0
3877.1			1.0
3878.0			1.0
3878.9			1.0
3879.8			1.0
3880.7			1.0
3881.6			1.0
3882.5			1.0
3883.4			1.0
3884.3			1.0
3885.2			1.0
3886.1			1.0
3887.0			1.0
3887.9			1.0
3888.8			1.0
3889.7			1.0
3890.6			1.0
3891.5			1.0
3892.4			1.0
3893.3			1.0
3894.2			1.0
3895.1			1.0
3896.0			1.0
3896.9			1.0
3897.8			1.0
3898.7			1.0
3899.6			1.0
3900.5			1.0
3901.4			1.0
3902.3			1.0
3903.2			1.0
3904.1			1.0
3905.0			1.0
3905.9			1.0
3906.8			1.0
3907.7			1.0
3908.6			1.0
3909.5			1.0
3910.4			1.0
3911.3			1.0
3912.2			1.0
3913.1			1.0
3914.0			1.0
3914.9			1.0
3915.8			1.0
3916.7			1.0
3917.6			1.0
3918.5			1.0
3919.4			1.0
3920.3			1.0
3921.2			1.0
3922.1			1.0
3923.0			1.0
3923.9			1.0
3924.8			1.0
3925.7			1.0
3926.6			1.0
3927.5			1.0
3928.4			1.0
3929.3			1.0
3930.2			1.0
3931.1			1.0
3932.0			1.0
3932.9			1.0
3933.8			1.0
3934.7			1.0
3935.6			1.0
3936.5			1.0
3937.4			1.0
3938.3			1.0
3939.2			1.0
3940.1			1.0
3941.0			1.0
3941.9			1.0
3942.8			1.0
3943.7			1.0
3944.6			1.0
3945.5			1.0
3946.4			1.0
3947.3			1.0
3948.2			1.0
3949.1			1.0
3950.0			1.0
3950.9			1.0
3951.8			1.0
3952.7			1.0
3953.6			1.0
3954.5			1.0
3955.4			1.0
3956.3			1.0
3957.2			1.0
3958.1			1.0
3959.0			1.0
3959.9			1.0
3960.8			1.0
3961.7			1.0
3962.6			1.0
3963.5			1.0
3964.4			1.0
3965.3			1.0
3966.2			1.0
3967.1			1.0
3968.0			1.0
3968.9			1.0
3969.8			1.0
3970.7			1.0
3971.6			1.0
3972.5			1.0
3973.4			1.0
3974.3			1.0
3975.2			1.0
3976.1			1.0
3977.0			1.0
3977.9			1.0
3978.8			1.0
3979.7			1.0
3980.6			1.0
3981.5			1.0
3982.4			1.0
3983.3			1.0
3984.2			1.0
3985.1			1.0
3986.0			1.0
3986.9			1.0
3987.8			1.0
3988.7			1.0
3989.6			1.0
3990.5			1.0
3991.4			1.0
3992.3			1.0
3993.2			1.0
3994.1			1.0
3995.0			1.0
3995.9			1.0
3996.8			1.0
3997.7			1.0
3998.6			1.0
3999.5			1.0
4000.4			1.0
4001.3			1.0
4002.2			1.0
4003.1			1.012821487344532
4004.0			0.9436203521136692
4004.9			0.8371492574769721
4005.8			0.8111864639490518
4006.7			0.8799612345933299
4007.6			0.9606036797523347
4008.5			1.001784252510154
4009.4			1.0
4010.3			1.0
4011.2			1.0
4012.1			1.0
4013.0			1.0
4013.9			1.0
4014.8			1.0
4015.7			1.0
4016.6			1.0
4017.5			1.0
4018.4			1.0
4019.3			1.0
4020.2			1.0
4021.1			1.0
4022.0			1.0
4022.9			1.0
4023.8			1.0
4024.7			1.0
4025.6			1.0289355254918524
4026.5			1.0721995539557345
4027.4			1.0881476135435202
4028.3			1.0741806488263248
4029.2			1.0132169074065522
4030.1			0.9204459489492652
4031.0			0.8727217303939633
4031.9			0.8697106962745699
4032.8			0.8693468245386793
4033.7			0.8820210148636715
4034.6			0.9047980340110837
4035.5			0.9437426910117289
4036.4			1.0020486137258267
4037.3			1.0
4038.2			1.0
4039.1			1.0
4040.0			1.0
4040.9			1.0
4041.8			1.0
4042.7			1.0134198833017216
4043.6			0.9328421571407037
4044.5			0.7961233514009407
4045.4			0.7121777476556465
4046.3			0.7837304651952064
4047.2			0.9348098188727888
4048.1			1.00035662631333
4049.0			1.0
4049.9			1.0
4050.8			1.0
4051.7			1.0
4052.6			1.0
4053.5			1.0
4054.4			1.0
4055.3			1.0
4056.2			1.0
4057.1			1.0
4058.0			1.0
4058.9			1.0
4059.8			1.0
4060.7			1.0399180935981434
4061.6			1.0035300114595973
4062.5			0.9060854503549094
4063.4			0.8368976988535572
4064.3			0.8980041978713558
4065.2			0.9987386162460361
4066.1			1.005667469550286
4067.0			1.0
4067.9			1.0
4068.8			1.0
4069.7			1.0
4070.6			1.0
4071.5			1.0
4072.4			1.0
4073.3			1.0
4074.2			1.003419509786469
4075.1			0.9538982958755965
4076.0			0.8830745795099587
4076.9			0.8186067390268673
4077.8			0.8128452763795094
4078.7			0.8602367890813204
4079.6			0.9230610168014717
4080.5			0.9775886964943417
4081.4			0.9975968137629397
4082.3			1.0
4083.2			1.0
4084.1			1.0
4085.0			1.0
4085.9			1.0
4086.8			1.0
4087.7			1.0
4088.6			1.0
4089.5			1.0
4090.4			1.0
4091.3			1.0
4092.2			1.0
4093.1			1.0
4094.0			1.0
4094.9			1.0
4095.8			1.0
4096.7			0.9802094373229598
4097.6			0.9733883937149327
4098.5			0.9506170883561218
4099.4			0.8921115755864396
4100.3			0.7805794215368986
4101.2			0.6726652000629828
4102.1			0.674734189387548
4103.0			0.7800771193330731
4103.9			0.8869611204678688
4104.8			0.955683791238241
4105.7			1.000249130810956
4106.6			1.0
4107.5			1.0
4108.4			1.0
4109.3			1.0
4110.2			1.0
4111.1			1.0
4112.0			1.0
4112.9			1.0
4113.8			1.0
4114.7			1.0
4115.6			1.0
4116.5			1.0
4117.4			1.0
4118.3			1.0
4119.2			1.0
4120.1			1.0
4121.0			1.0
4121.9			1.0
4122.8			1.0
4123.7			1.0
4124.6			1.0
4125.5			1.0
4126.4			1.0
4127.3			1.0
4128.2			1.0
4129.1			1.011384144294734
4130.0			1.0148709617863438
4130.9			0.9830308664047529
4131.8			0.9190333830379991
4132.7			0.8834590313984
4133.6			0.8912123130860286
4134.5			0.9217406249504031
4135.4			0.9790766854410005
4136.3			1.0050654224015627
4137.2			1.0
4138.1			1.0
4139.0			1.0
4139.9			1.0
4140.8			0.9866658206040211
4141.7			0.941516733922692
4142.6			0.8677959988113714
4143.5			0.8288063939767834
4144.4			0.8812834845947888
4145.3			0.9655027901719812
4146.2			1.0028137438664262
4147.1			1.0
4148.0			1.0
4148.9			1.0
4149.8			0.9825480416047194
4150.7			1.0007676772737277
4151.6			1.0075268965253785
4152.5			0.9895294013099701
4153.4			0.9549063130568171
4154.3			0.9221362291851462
4155.2			0.9368817937059873
4156.1			0.9452843821645797
4157.0			0.9454645347711454
4157.9			0.9759137711296421
4158.8			1.0001300560116484
4159.7			1.0
4160.6			1.0
4161.5			1.0
4162.4			1.0
4163.3			1.0
4164.2			1.0
4165.1			1.0
4166.0			1.0
4166.9			1.0
4167.8			1.0
4168.7			1.0423499505924207
4169.6			1.0646949972796347
4170.5			1.0299328665210612
4171.4			0.9531868177631986
4172.3			0.8889157963104678
4173.2			0.889632010945864
4174.1			0.9419251040563659
4175.0			0.9904232794904012
4175.9			1.0148549551613322
4176.8			1.0121805704134132
4177.7			1.0011972990720235
4178.6			1.0
4179.5			1.0
4180.4			1.0
4181.3			1.0
4182.2			1.0
4183.1			1.0
4184.0			1.0
4184.9			1.0
4185.8			0.9886305104515929
4186.7			0.924515769413432
4187.6			0.8912580103700786
4188.5			0.9376412092950386
4189.4			1.0
4190.3			1.0116908612945628
4191.2			0.9913751083032833
4192.1			1.0087206850077348
4193.0			1.0630398191600146
4193.9			1.0668137897819807
4194.8			1.0041930872886449
4195.7			0.9521680125671655
4196.6			0.9404849538940706
4197.5			0.9128524941501981
4198.4			0.8747118412786572
4199.3			0.8905835550987442
4200.2			0.9249785193169279
4201.1			0.9107835899209832
4202.0			0.8954059525098206
4202.9			0.9238429429071306
4203.8			0.9567784530347154
4204.7			0.9678962413348913
4205.6			0.9825264482934656
4206.5			1.0005444950577855
4207.4			1.0
4208.3			1.0
4209.2			1.0
4210.1			1.0
4211.0			1.0
4211.9			1.0
4212.8			1.0
4213.7			0.9893652660341684
4214.6			0.9486373152455381
4215.5			0.8967207859388084
4216.4			0.8957924222835549
4217.3			0.9426301369842002
4218.2			0.9795039659141735
4219.1			0.9984887244780088
4220.0			1.0
4220.9			1.0
4221.8			1.0
4222.7			1.0
4223.6			0.9501383133785949
4224.5			0.8858799278796398
4225.4			0.7854315759113665
4226.3			0.6871214281952485
4227.2			0.7155307196696432
4228.1			0.8751140960172459
4229.0			1.000240051021674
4229.9			1.0
4230.8			1.0113017140141205
4231.7			0.9991425489535786
4232.6			0.9602595782865478
4233.5			0.9471288863779542
4234.4			0.9576848779057975
4235.3			0.921317544279655
4236.2			0.8789410310081157
4237.1			0.8998416494175293
4238.0			0.9329332406249013
4238.9			0.9344424056561961
4239.8			0.9433382182318435
4240.7			0.9832307582455783
4241.6			1.0019493637508872
4242.5			1.0
4243.4			1.0
4244.3			1.0
4245.2			1.0
4246.1			0.964997371892161
4247.0			0.911691857579196
4247.9			0.8798503316799908
4248.8			0.8726872731026468
4249.7			0.8672685618441294
4250.6			0.8960085876515999
4251.5			0.9772905058670621
4252.4			1.027537349390465
4253.3			0.9952263184958965
4254.2			1.0
4255.1			1.0
4256.0			1.0
4256.9			1.0
4257.8			0.9766244248717552
4258.7			0.9009786976414499
4259.6			0.8323267841417304
4260.5			0.7987993657276098
4261.4			0.8493980030501295
4262.3			0.942231938431571
4263.2			0.9998520601033685
4264.1			1.0
4265.0			1.0
4265.9			1.0094863908842213
4266.8			0.9774978418023091
4267.7			0.9364155105977672
4268.6			0.928287466076843
4269.5			0.9095567740799644
4270.4			0.8415892177020552
4271.3			0.7698966157846215
4272.2			0.7887261204634408
4273.1			0.8524853168810879
4274.0			0.8485619928610404
4274.9			0.8505606397860334
4275.8			0.9186491095185847
4276.7			1.0002583656629105
4277.6			1.0
4278.5			1.0
4279.4			1.0
4280.3			1.0
4281.2			1.0
4282.1			1.0
4283.0			1.0
4283.9			1.0
4284.8			1.0
4285.7			1.0
4286.6			1.0
4287.5			1.0127936164938451
4288.4			0.9700303806399954
4289.3			0.8864479633536548
4290.2			0.8494560070140786
4291.1			1.0
4292.0			1.0957267391666827
4292.9			1.1562666455680608
4293.8			1.139304012253352
4294.7			1.1015127590142053
4295.6			1.0862083962919522
4296.5			1.0464801135208903
4297.4			0.9770756044879443
4298.3			0.9002418888167547
4299.2			0.8115147119475948
4300.1			0.780885292046366
4301.0			0.825747433779777
4301.9			0.8531094518160834
4302.8			0.8474610504117762
4303.7			0.8683925098972198
4304.6			0.9034777148439975
4305.5			0.9157569070667743
4306.4			0.8986005885379895
4307.3			0.8317988397560729
4308.2			0.7639887515597942
4309.1			0.7753239115942462
4310.0			0.8268882283431109
4310.9			0.8687600870230074
4311.8			0.9196677373691096
4312.7			0.9939966507307751
4313.6			1.073910018847768
4314.5			1.156310001711642
4315.4			1.2803217696567242
4316.3			1.4128908386668457
4317.2			1.463504135525343
4318.1			1.4486034352955888
4319.0			1.4303530026811486
4319.9			1.4135259944427805
4320.8			1.0
4321.7			0.9637629722962989
4322.6			0.8948699287008584
4323.5			0.7894223376554423
4324.4			0.7142998231389875
4325.3			0.6980759916231105
4326.2			0.7549585359835892
4327.1			0.8720122759309753
4328.0			0.9690825195515516
4328.9			0.9998654876452314
4329.8			1.0
4330.7			1.0
4331.6			1.0
4332.5			1.0
4333.4			1.0
4334.3			1.0
4335.2			0.9948268446013628
4336.1			0.9485421398737057
4337.0			0.85706021720228
4337.9			0.769965765995784
4338.8			0.700483636292895
4339.7			0.6258971233772058
4340.6			0.6060205110560024
4341.5			0.696808312920903
4342.4			0.8116937133860742
4343.3			0.8649512567528664
4344.2			0.8998047154163197
4345.1			0.957608752217471
4346.0			0.9979396088188708
4346.9			1.0
4347.8			1.0
4348.7			1.0
4349.6			1.0172725660476531
4350.5			0.9518864847625667
4351.4			0.8543931591190754
4352.3			0.8396483312655816
4353.2			0.9177511413588673
4354.1			0.9848334412853523
4355.0			1.0026019814209435
4355.9			1.0
4356.8			1.0
4357.7			1.0
4358.6			1.0
4359.5			1.0
4360.4			1.0
4361.3			1.0
4362.2			1.0
4363.1			1.0
4364.0			1.0
4364.9			1.0
4365.8			1.0
4366.7			1.0
4367.6			1.0
4368.5			1.0
4369.4			1.0
4370.3			1.0
4371.2			1.0
4372.1			1.0056591794209648
4373.0			0.9796210291895807
4373.9			0.92250131629761
4374.8			0.8843723700714428
4375.7			0.9049184840216503
4376.6			0.9586037830157629
4377.5			0.9997714023245612
4378.4			1.0
4379.3			1.0
4380.2			1.0
4381.1			1.0004151180453797
4382.0			0.9388970814656239
4382.9			0.7978455239549264
4383.8			0.7100108856063199
4384.7			0.7671796058055709
4385.6			0.8948540101507568
4386.5			0.9924799613257229
4387.4			1.0
4388.3			1.0
4389.2			1.0
4390.1			1.0
4391.0			1.0
4391.9			1.0
4392.8			1.0
4393.7			1.0
4394.6			1.0
4395.5			1.0
4396.4			1.0
4397.3			1.0
4398.2			1.0
4399.1			1.0
4400.0			1.0
4400.9			1.0
4401.8			1.0425200426041066
4402.7			1.0684157046619318
4403.6			0.9961161009921492
4404.5			0.9046964196100392
4405.4			0.9159688613103455
4406.3			0.9886144267268553
4407.2			0.9918386899759881
4408.1			1.0
4409.0			1.0
4409.9			1.0
4410.8			1.0
4411.7			1.0
4412.6			1.0187255881132384
4413.5			0.9949734682536947
4414.4			0.922696306794068
4415.3			0.8754718393996826
4416.2			0.9069107135052819
4417.1			0.9576920414893012
4418.0			0.9928095185849619
4418.9			1.0
4419.8			1.0
4420.7			1.0
4421.6			1.0
4422.5			1.0
4423.4			1.0
4424.3			1.0
4425.2			1.0
4426.1			1.0
4427.0			1.0
4427.9			1.0
4428.8			1.0
4429.7			1.0
4430.6			1.0
4431.5			1.0013264946783547
4432.4			0.9991967169472078
4433.3			0.9607914491639618
4434.2			0.9079056187354606
4435.1			0.8758824404667396
4436.0			0.8929674639336483
4436.9			0.9474860772018137
4437.8			0.9877354131010719
4438.7			0.9937275485832342
4439.6			1.0
4440.5			1.0
4441.4			1.0
4442.3			1.0
4443.2			1.0
4444.1			1.0
4445.0			1.0
4445.9			1.0267587886973808
4446.8			1.0067260089705912
4447.7			0.9916916294956416
4448.6			1.0063360141181177
4449.5			1.009377712970064
4450.4			0.9918522899465635
4451.3			0.9932951476060768
4452.2			1.0075334463122876
4453.1			0.9871802493620792
4454.0			0.9257390262842929
4454.9			0.8736014554193775
4455.8			0.8770600918871957
4456.7			0.9139951324383165
4457.6			0.9301144278785697
4458.5			0.9238539366110845
4459.4			0.9243908260901059
4460.3			0.9303015858077384
4461.2			0.9215886168584291
4462.1			0.9263244432284371
4463.0			0.9682610139262097
4463.9			0.9992208501342197
4464.8			1.0
4465.7			1.0
4466.6			1.0
4467.5			1.0
4468.4			1.0
4469.3			1.0
4470.2			1.0
4471.1			1.0
4472.0			1.0
4472.9			1.0
4473.8			1.0
4474.7			1.0
4475.6			1.0
4476.5			1.0
4477.4			1.0
4478.3			1.0
4479.2			0.9621990163227304
4480.1			0.9071388883522163
4481.0			0.8649826566223107
4481.9			0.8613614874230159
4482.8			0.9059820052463088
4483.7			0.9647853186968303
4484.6			0.9978544197330164
4485.5			1.0
4486.4			1.0
4487.3			1.0
4488.2			1.0
4489.1			1.0
4490.0			1.0
4490.9			1.0
4491.8			1.0
4492.7			1.0
4493.6			1.0
4494.5			1.0
4495.4			1.0
4496.3			1.0
4497.2			1.0
4498.1			1.0
4499.0			1.0
4499.9			1.0
4500.8			1.0
4501.7			1.0
4502.6			1.0
4503.5			1.0
4504.4			1.0
4505.3			1.0
4506.2			1.0
4507.1			1.0
4508.0			1.0
4508.9			1.0
4509.8			1.0
4510.7			1.0
4511.6			1.0
4512.5			1.0
4513.4			1.0
4514.3			1.0
4515.2			1.0
4516.1			1.0
4517.0			1.0
4517.9			0.9871413459208347
4518.8			0.9956342729594454
4519.7			1.01148641257195
4520.6			1.0193475522406323
4521.5			1.0128463512287387
4522.4			0.9862030913185884
4523.3			0.9764727957075988
4524.2			0.981518277630565
4525.1			0.9631129930193734
4526.0			0.9318751937054094
4526.9			0.9059714610043869
4527.8			0.8889668056385358
4528.7			0.8790931231309811
4529.6			0.8864019844283194
4530.5			0.9040826021954848
4531.4			0.924683223989532
4532.3			0.9374970060575045
4533.2			0.9129925668845191
4534.1			0.8813645499262798
4535.0			0.8765483350870729
4535.9			0.909927263054767
4536.8			0.9762454485355059
4537.7			1.0242530638563456
4538.6			1.023041660985607
4539.5			0.9998941979382444
4540.4			1.0
4541.3			1.0
4542.2			1.0
4543.1			1.0
4544.0			1.0
4544.9			1.0
4545.8			0.9983541843269079
4546.7			1.0037404563424048
4547.6			0.9942418982602882
4548.5			0.9632439793149581
4549.4			0.9314669854375327
4550.3			0.9549130742701677
4551.2			1.004929738269672
4552.1			1.0138038874563131
4553.0			0.9998235078155171
4553.9			1.0
4554.8			1.0
4555.7			1.0
4556.6			1.0
4557.5			1.0
4558.4			1.0
4559.3			1.0
4560.2			1.0
4561.1			1.0
4562.0			1.0
4562.9			1.0
4563.8			1.0
4564.7			1.0
4565.6			1.0
4566.5			1.0
4567.4			1.0
4568.3			1.0
4569.2			1.0
4570.1			1.0
4571.0			1.0
4571.9			1.0
4572.8			1.0338951702864438
4573.7			1.0637479006227895
4574.6			1.0601609725942163
4575.5			1.0533503422888753
4576.4			1.0545015948619803
4577.3			1.0550185948592319
4578.2			1.0417859929524784
4579.1			1.0108164046574606
4580.0			0.975105678028227
4580.9			0.9520793725778348
4581.8			0.954848007772345
4582.7			0.9625980304717802
4583.6			0.9557782888746946
4584.5			0.9488340061420644
4585.4			0.9484338088135758
4586.3			0.954707238842359
4587.2			0.9754727255787551
4588.1			0.9939411638937946
4589.0			0.9975428931180764
4589.9			1.0
4590.8			1.0
4591.7			1.0
4592.6			1.0
4593.5			1.0
4594.4			1.0
4595.3			1.0
4596.2			1.0
4597.1			1.0
4598.0			1.0
4598.9			1.0
4599.8			1.0
4600.7			1.0
4601.6			1.0
4602.5			1.0
4603.4			1.0
4604.3			1.0
4605.2			1.0
4606.1			1.0
4607.0			1.0
4607.9			1.0
4608.8			1.0
4609.7			1.0
4610.6			1.0
4611.5			1.0
4612.4			1.0
4613.3			1.0
4614.2			1.0
4615.1			1.0
4616.0			1.0
4616.9			1.0
4617.8			1.0
4618.7			1.0
4619.6			1.0
4620.5			1.0
4621.4			1.0
4622.3			1.0
4623.2			1.0
4624.1			1.0
4625.0			1.0
4625.9			1.0
4626.8			1.0
4627.7			1.0
4628.6			1.0
4629.5			1.0
4630.4			1.0
4631.3			1.0
4632.2			1.0
4633.1			1.0
4634.0			1.0
4634.9			1.0
4635.8			1.0
4636.7			1.0
4637.6			1.0
4638.5			1.0
4639.4			1.0
4640.3			1.0
4641.2			1.0
4642.1			1.0
4643.0			0.9942135268721349
4643.9			0.9863796112065996
4644.8			0.9771960127661841
4645.7			0.9546006055080676
4646.6			0.9296189054254838
4647.5			0.9237760239098413
4648.4			0.9396698534492148
4649.3			0.9679030235469973
4650.2			0.99004208961432
4651.1			0.9960576603035233
4652.0			1.0002433557002062
4652.9			1.0
4653.8			1.0
4654.7			1.0
4655.6			1.0
4656.5			1.0
4657.4			1.0
4658.3			1.0
4659.2			1.0
4660.1			1.0
4661.0			1.0
4661.9			1.0
4662.8			1.0
4663.7			0.9952016627902285
4664.6			0.9957824213496052
4665.5			0.9742141027356125
4666.4			0.9198551960419374
4667.3			0.8724400700265103
4668.2			0.8807178174592758
4669.1			0.9298340716182216
4670.0			0.9738052529712526
4670.9			0.999622432885551
4671.8			1.0
4672.7			1.0
4673.6			1.0
4674.5			1.0
4675.4			1.0
4676.3			1.0
4677.2			1.0
4678.1			1.0
4679.0			1.0
4679.9			1.0
4680.8			1.0
4681.7			1.0
4682.6			1.0
4683.5			1.0
4684.4			1.0
4685.3			1.0
4686.2			1.0
4687.1			1.0
4688.0			1.0
4688.9			1.0
4689.8			1.0
4690.7			1.0
4691.6			1.0
4692.5			1.0
4693.4			1.0
4694.3			1.0
4695.2			1.0
4696.1			1.0
4697.0			0.9927102579977294
4697.9			0.9719724355765277
4698.8			0.9556993972964181
4699.7			0.9613304747028051
4700.6			0.971718844450758
4701.5			0.9602541999257375
4702.4			0.9336277537384533
4703.3			0.9325948509805717
4704.2			0.97427476950285
4705.1			1.0145124381075623
4706.0			1.0210756576391473
4706.9			1.0005013919332517
4707.8			0.9825175019932563
4708.7			0.9847098744800833
4709.6			1.0056658876907063
4710.5			1.0
4711.4			1.0
4712.3			1.0
4713.2			1.0
4714.1			1.0
4715.0			1.0
4715.9			1.0
4716.8			1.0
4717.7			1.0
4718.6			1.0
4719.5			1.0
4720.4			1.0
4721.3			1.0
4722.2			1.0
4723.1			1.0
4724.0			1.0
4724.9			1.0
4725.8			1.0
4726.7			1.0
4727.6			1.0
4728.5			1.0
4729.4			1.0
4730.3			1.0
4731.2			1.0
4732.1			1.0
4733.0			1.0
4733.9			1.0
4734.8			1.0
4735.7			1.0
4736.6			1.0
4737.5			1.0
4738.4			1.0
4739.3			1.0
4740.2			1.0
4741.1			1.0
4742.0			1.0
4742.9			1.0
4743.8			1.0
4744.7			1.0
4745.6			1.0
4746.5			1.0
4747.4			1.0
4748.3			1.0
4749.2			1.0
4750.1			1.0
4751.0			1.0
4751.9			1.0
4752.8			1.0
4753.7			1.0
4754.6			1.0
4755.5			1.0
4756.4			1.0
4757.3			1.0
4758.2			1.0204146271633607
4759.1			1.0374648384676284
4760.0			1.0397168683367544
4760.9			1.0187958661959868
4761.8			0.9840319047616296
4762.7			0.9666245423342723
4763.6			0.9687942208653257
4764.5			0.9677458414906129
4765.4			0.9605802724171952
4766.3			0.9630353878630233
4767.2			0.9832788654688004
4768.1			1.0030311003631243
4769.0			1.0207694903923292
4769.9			1.032364717823724
4770.8			1.0183866659802778
4771.7			0.9978621045634818
4772.6			0.9996981364081661
4773.5			1.0
4774.4			1.0
4775.3			1.0
4776.2			1.0
4777.1			1.0
4778.0			1.0
4778.9			1.0
4779.8			1.0
4780.7			1.0
4781.6			1.0
4782.5			1.0
4783.4			1.0
4784.3			1.0
4785.2			1.0
4786.1			1.0
4787.0			1.0
4787.9			1.0
4788.8			1.0
4789.7			1.0
4790.6			1.0
4791.5			1.0
4792.4			1.0
4793.3			1.0
4794.2			1.0
4795.1			1.0
4796.0			1.0
4796.9			1.0
4797.8			1.0
4798.7			1.0
4799.6			1.0
4800.5			1.0
4801.4			1.0
4802.3			1.0
4803.2			1.0
4804.1			1.0
4805.0			1.0
4805.9			1.0
4806.8			1.0
4807.7			1.0
4808.6			1.0
4809.5			1.0
4810.4			1.0
4811.3			1.0
4812.2			1.0
4813.1			1.0
4814.0			1.0
4814.9			1.0
4815.8			1.0
4816.7			1.0
4817.6			1.0
4818.5			1.0
4819.4			1.0
4820.3			1.0
4821.2			1.0
4822.1			1.0
4823.0			1.0
4823.9			1.0
4824.8			1.0
4825.7			1.0
4826.6			1.0
4827.5			1.0
4828.4			1.0
4829.3			1.0
4830.2			1.0
4831.1			1.0
4832.0			1.0
4832.9			1.0
4833.8			1.0
4834.7			1.0
4835.6			1.0
4836.5			1.0
4837.4			1.0
4838.3			1.0
4839.2			1.0
4840.1			1.0
4841.0			1.0
4841.9			1.0
4842.8			1.0
4843.7			1.0
4844.6			1.0
4845.5			1.0
4846.4			1.0
4847.3			1.0
4848.2			1.0
4849.1			1.0
4850.0			1.0
4850.9			1.0
4851.8			1.0
4852.7			1.0
4853.6			1.0
4854.5			1.0
4855.4			1.0
4856.3			1.0
4857.2			1.0118714177686858
4858.1			0.9869378443738706
4859.0			0.9057726314131882
4859.9			0.7775985796786009
4860.8			0.662398841173828
4861.7			0.6576258564976245
4862.6			0.7676952282732568
4863.5			0.8807869104253551
4864.4			0.9417562784535101
4865.3			0.9756174059989384
4866.2			1.0003200038141074
4867.1			1.0
4868.0			1.0
4868.9			1.0
4869.8			0.9796765976608833
4870.7			0.9312301564069088
4871.6			0.907014885366359
4872.5			0.9420160517598016
4873.4			0.9977767563682183
4874.3			1.0
4875.2			1.0
4876.1			1.0
4877.0			1.0
4877.9			1.0
4878.8			1.0
4879.7			1.0
4880.6			1.0
4881.5			1.0
4882.4			1.0
4883.3			1.0
4884.2			1.0
4885.1			1.0
4886.0			1.0
4886.9			1.0
4887.8			1.0
4888.7			0.9871858652984661
4889.6			0.9525234981325568
4890.5			0.9027855544260371
4891.4			0.8854953230560801
4892.3			0.9289781315391148
4893.2			0.9837432262112339
4894.1			1.0085760443415142
4895.0			1.0
4895.9			1.0
4896.8			1.0
4897.7			1.0
4898.6			1.0
4899.5			1.0
4900.4			1.0
4901.3			1.0
4902.2			1.0
4903.1			1.0
4904.0			1.0
4904.9			1.0
4905.8			1.0
4906.7			1.007117491996619
4907.6			0.9936240093502595
4908.5			0.9698608364954878
4909.4			0.9382199979584773
4910.3			0.916021609732825
4911.2			0.9275012212736319
4912.1			0.961074041570305
4913.0			0.9862778495487385
4913.9			1.0016980531924073
4914.8			1.0
4915.7			1.015928995505072
4916.6			1.0029539554786295
4917.5			0.9578951891926546
4918.4			0.9029138530940198
4919.3			0.8685714882411165
4920.2			0.8713700282814656
4921.1			0.9152283828911989
4922.0			0.974111302614535
4922.9			1.0003937681019517
4923.8			0.9945765621216373
4924.7			1.0073041872350965
4925.6			1.0
4926.5			1.0
4927.4			1.0
4928.3			1.0
4929.2			1.0
4930.1			1.0
4931.0			1.0
4931.9			1.0
4932.8			1.0
4933.7			1.0
4934.6			1.0
4935.5			1.0
4936.4			0.9958706113184849
4937.3			0.9587038483824653
4938.2			0.917269510870428
4939.1			0.9085574537838539
4940.0			0.9454171486192443
4940.9			0.9895967443923024
4941.8			1.0043506007752367
4942.7			1.0
4943.6			1.0
4944.5			1.0
4945.4			1.0
4946.3			1.0
4947.2			1.0
4948.1			1.0
4949.0			1.0
4949.9			1.0
4950.8			1.0
4951.7			1.0
4952.6			1.0
4953.5			1.0
4954.4			1.0001139015210456
4955.3			0.9847099688897869
4956.2			0.9255775692970376
4957.1			0.85164476036927
4958.0			0.854346795452657
4958.9			0.9349870429199468
4959.8			0.9984328458440074
4960.7			1.0
4961.6			1.0
4962.5			1.0
4963.4			1.0
4964.3			1.0
4965.2			1.0
4966.1			1.0
4967.0			1.0
4967.9			1.0
4968.8			1.0
4969.7			1.0
4970.6			1.0
4971.5			1.0
4972.4			1.0
4973.3			1.0
4974.2			1.0
4975.1			1.0
4976.0			1.0
4976.9			1.0
4977.8			1.0
4978.7			0.982511004770443
4979.6			0.976389573150881
4980.5			0.9661894418859299
4981.4			0.9333003684902734
4982.3			0.8871287459282574
4983.2			0.8624386023398058
4984.1			0.872872501874024
4985.0			0.9001392283081342
4985.9			0.9377164772248022
4986.8			0.979443249806972
4987.7			0.9989428680097056
4988.6			1.0
4989.5			1.0
4990.4			1.0
4991.3			1.0
4992.2			1.0
4993.1			1.0
4994.0			1.0
4994.9			1.0
4995.8			1.0
4996.7			1.0
4997.6			1.0
4998.5			1.0
4999.4			1.0
5000.3			1.0
5001.2			1.0
5002.1			1.0
5003.0			1.008915303408472
5003.9			1.0071148941759174
5004.8			0.9706533114726966
5005.7			0.9217107648534716
5006.6			0.9134466906250918
5007.5			0.954887873027245
5008.4			0.9999010348386986
5009.3			1.012505151163262
5010.2			0.9945407970001788
5011.1			1.0
5012.0			1.0
5012.9			1.0
5013.8			1.0
5014.7			1.0
5015.6			1.0
5016.5			1.0
5017.4			1.0
5018.3			1.0
5019.2			1.0
5020.1			1.0
5021.0			1.0
5021.9			1.0
5022.8			1.0
5023.7			1.0
5024.6			1.0
5025.5			1.0
5026.4			1.0
5027.3			1.0
5028.2			1.0
5029.1			1.0
5030.0			1.0
5030.9			1.0
5031.8			1.0
5032.7			1.0
5033.6			1.0
5034.5			1.0
5035.4			1.0
5036.3			1.0
5037.2			1.012452649173483
5038.1			1.0051050275913287
5039.0			0.9677706756292622
5039.9			0.9145024037583082
5040.8			0.8650075530141402
5041.7			0.8693891940121078
5042.6			0.9298812090285801
5043.5			0.9802446678218657
5044.4			1.0002392592162124
5045.3			1.0
5046.2			1.0
5047.1			1.0
5048.0			1.0
5048.9			1.0
5049.8			1.0
5050.7			1.0
5051.6			1.0
5052.5			1.0
5053.4			1.0
5054.3			1.0
5055.2			1.0
5056.1			1.0
5057.0			1.0
5057.9			1.0
5058.8			1.0
5059.7			1.0
5060.6			1.0
5061.5			1.0
5062.4			1.0
5063.3			1.0
5064.2			1.0
5065.1			1.0
5066.0			1.0
5066.9			1.0
5067.8			1.0
5068.7			1.0
5069.6			1.0
5070.5			1.0
5071.4			1.0
5072.3			1.0
5073.2			1.0
5074.1			1.0
5075.0			0.9947349021455131
5075.9			0.9971377587982139
5076.8			1.0077320903608804
5077.7			0.9978666996185269
5078.6			0.9468545427102933
5079.5			0.8941536431879533
5080.4			0.8908506722628666
5081.3			0.9254510928387908
5082.2			0.9496272604038398
5083.1			0.9502343976767291
5084.0			0.957312573205185
5084.9			0.9822837785709378
5085.8			0.9998187881616493
5086.7			1.0
5087.6			1.0
5088.5			1.0
5089.4			1.0
5090.3			1.0
5091.2			1.0
5092.1			1.0
5093.0			1.0
5093.9			1.0
5094.8			0.9933905047743187
5095.7			0.9757007869161317
5096.6			0.9462481133029018
5097.5			0.9132851102578922
5098.4			0.8865100418347984
5099.3			0.8890422817199967
5100.2			0.9313988134802526
5101.1			0.9793332405977387
5102.0			1.0004370842291517
5102.9			1.0
5103.8			1.0
5104.7			1.0
5105.6			1.0
5106.5			1.0
5107.4			1.0
5108.3			1.0
5109.2			1.0
5110.1			1.0
5111.0			1.0
5111.9			1.0
5112.8			1.0
5113.7			1.0
5114.6			1.0
5115.5			1.0
5116.4			1.0
5117.3			1.0
5118.2			1.0
5119.1			1.0
5120.0			1.0
5120.9			1.0
5121.8			1.0
5122.7			1.0
5123.6			1.0
5124.5			1.0
5125.4			1.0
5126.3			1.0
5127.2			1.0
5128.1			1.0
5129.0			1.0
5129.9			1.0
5130.8			1.0
5131.7			1.0
5132.6			1.0
5133.5			1.0
5134.4			1.0
5135.3			1.0
5136.2			1.0
5137.1			1.0
5138.0			1.0
5138.9			1.0
5139.8			1.0
5140.7			1.0
5141.6			1.0
5142.5			1.0
5143.4			1.0
5144.3			1.0
5145.2			1.0
5146.1			1.0
5147.0			1.0
5147.9			1.0
5148.8			1.0
5149.7			1.0
5150.6			1.0
5151.5			1.0
5152.4			1.0
5153.3			1.0
5154.2			1.0
5155.1			1.0
5156.0			1.0
5156.9			1.0
5157.8			1.0
5158.7			1.0
5159.6			1.0
5160.5			1.0
5161.4			1.0
5162.3			1.0
5163.2			1.0
5164.1			1.0
5165.0			1.0
5165.9			1.0
5166.8			1.0
5167.7			1.0
5168.6			1.0
5169.5			1.0678686435264977
5170.4			1.0740751973004037
5171.3			0.9644669311272768
5172.2			0.8294378779677812
5173.1			0.8174757295207677
5174.0			0.9240063592496149
5174.9			1.0156128414554662
5175.8			1.0
5176.7			1.0
5177.6			1.0
5178.5			1.0
5179.4			1.0
5180.3			1.0
5181.2			0.9647052402145095
5182.1			0.8747852699747842
5183.0			0.7454970257367995
5183.9			0.7050649984228518
5184.8			0.8074625470390231
5185.7			0.9355172969638536
5186.6			0.9993371207209012
5187.5			1.0
5188.4			1.0
5189.3			1.0
5190.2			1.0
5191.1			1.0
5192.0			1.0
5192.9			1.0
5193.8			1.0
5194.7			1.0
5195.6			1.0
5196.5			1.0
5197.4			1.0
5198.3			1.0
5199.2			1.0
5200.1			1.0
5201.0			1.0
5201.9			1.0
5202.8			0.98731259705639
5203.7			0.9702085508209125
5204.6			0.9373097248026885
5205.5			0.9174089025653281
5206.4			0.9249560654224664
5207.3			0.9263746444613604
5208.2			0.9077302011069541
5209.1			0.9162642116102445
5210.0			0.9525766511229723
5210.9			0.9808242219088559
5211.8			1.0003161683703836
5212.7			1.0110781736356582
5213.6			1.0019722129548119
5214.5			1.0
5215.4			1.0
5216.3			1.0
5217.2			1.0
5218.1			1.0
5219.0			1.0
5219.9			1.0
5220.8			1.0
5221.7			1.0
5222.6			1.0
5223.5			1.0
5224.4			0.97193022003566
5225.3			0.9262884945595524
5226.2			0.8701047142098258
5227.1			0.8540280120920059
5228.0			0.9095441998511334
5228.9			0.9710901923875678
5229.8			0.9967217699596408
5230.7			1.0
5231.6			1.0
5232.5			1.0
5233.4			1.0
5234.3			1.0
5235.2			1.0
5236.1			1.0
5237.0			1.0
5237.9			1.0
5238.8			1.0
5239.7			1.0
5240.6			1.0
5241.5			1.0
5242.4			1.0
5243.3			1.0
5244.2			1.0
5245.1			1.0
5246.0			1.0
5246.9			1.0
5247.8			1.0
5248.7			1.0
5249.6			1.0
5250.5			1.0
5251.4			1.0
5252.3			1.0
5253.2			1.0
5254.1			1.0
5255.0			1.0
5255.9			1.0
5256.8			1.0
5257.7			1.0
5258.6			1.0
5259.5			1.0
5260.4			0.9805181820160763
5261.3			0.9403201475498931
5262.2			0.8976651246159136
5263.1			0.8725782678598
5264.0			0.857880683614262
5264.9			0.8444682367146447
5265.8			0.8423005378803892
5266.7			0.8737288417647326
5267.6			0.9104717968976667
5268.5			0.888068978229958
5269.4			0.828751861239932
5270.3			0.8301127819597726
5271.2			0.8996763740956447
5272.1			0.9481606186214523
5273.0			0.9475233067421542
5273.9			0.9395336264544144
5274.8			0.9305114803159
5275.7			0.930736395803664
5276.6			0.9695654323879038
5277.5			1.0170568645381817
5278.4			1.0340627207404016
5279.3			1.0237398300108473
5280.2			1.00163858252485
5281.1			1.0
5282.0			1.0
5282.9			1.0
5283.8			1.0
5284.7			1.0
5285.6			1.0
5286.5			1.0
5287.4			1.0
5288.3			1.0
5289.2			1.0
5290.1			1.0
5291.0			1.0
5291.9			1.0
5292.8			1.0
5293.7			1.0
5294.6			1.0
5295.5			0.9869922531578937
5296.4			0.9543019567639436
5297.3			0.9208214526535238
5298.2			0.9200381803299926
5299.1			0.9577329780523698
5300.0			0.9925316545484697
5300.9			0.996433439098832
5301.8			1.0
5302.7			1.0
5303.6			1.0
5304.5			1.0
5305.4			1.0
5306.3			1.0
5307.2			1.0
5308.1			1.0
5309.0			1.0
5309.9			1.0
5310.8			1.0
5311.7			1.0
5312.6			1.0
5313.5			1.0
5314.4			1.0
5315.3			1.0
5316.2			1.0
5317.1			1.0
5318.0			1.0
5318.9			1.0
5319.8			1.0
5320.7			1.0
5321.6			1.0
5322.5			1.0
5323.4			1.0
5324.3			1.0
5325.2			1.005640363290528
5326.1			1.0089651610895163
5327.0			0.958610980673475
5327.9			0.8828488486496735
5328.8			0.8753056671294352
5329.7			0.941911524274202
5330.6			1.00154850860622
5331.5			1.0124246883676917
5332.4			0.9946112363835007
5333.3			1.0
5334.2			1.0
5335.1			1.0
5336.0			1.0
5336.9			1.0
5337.8			1.0
5338.7			1.0
5339.6			1.0
5340.5			1.0
5341.4			1.0
5342.3			1.0
5343.2			1.0
5344.1			1.0
5345.0			1.0
5345.9			1.0
5346.8			1.0
5347.7			1.0
5348.6			1.0
5349.5			1.0
5350.4			1.0
5351.3			1.0
5352.2			1.0
5353.1			1.0
5354.0			1.0
5354.9			1.0
5355.8			1.0
5356.7			1.0
5357.6			1.0
5358.5			1.0
5359.4			1.0
5360.3			1.0
5361.2			1.0
5362.1			1.0
5363.0			1.0
5363.9			1.0
5364.8			1.0
5365.7			1.0
5366.6			1.0
5367.5			0.9972464289876215
5368.4			0.9887310239735203
5369.3			0.9620868191431996
5370.2			0.9219273148978888
5371.1			0.904170601291768
5372.0			0.9270480843673535
5372.9			0.9666417934169917
5373.8			0.9893143203396867
5374.7			0.9973295604490949
5375.6			1.0
5376.5			1.0
5377.4			1.0
5378.3			1.0
5379.2			1.0
5380.1			1.0
5381.0			1.0
5381.9			1.0
5382.8			1.0
5383.7			1.0
5384.6			1.0
5385.5			1.0
5386.4			1.0
5387.3			1.0
5388.2			1.0
5389.1			1.0
5390.0			1.0
5390.9			1.0
5391.8			1.0
5392.7			1.0
5393.6			1.0
5394.5			1.0
5395.4			1.0
5396.3			1.0
5397.2			1.0
5398.1			1.0
5399.0			1.0
5399.9			1.0
5400.8			1.0
5401.7			1.0135788251001385
5402.6			1.010059348762244
5403.5			0.9716988837336663
5404.4			0.9309770972553085
5405.3			0.9221589791781993
5406.2			0.949691457380756
5407.1			0.992727691877061
5408.0			1.0147924260955574
5408.9			1.0004119598072996
5409.8			1.0
5410.7			1.0
5411.6			1.0
5412.5			1.0
5413.4			1.0
5414.3			1.0
5415.2			1.0
5416.1			1.0
5417.0			1.0
5417.9			1.0
5418.8			1.0
5419.7			1.0
5420.6			1.0
5421.5			1.0
5422.4			1.0
5423.3			1.0
5424.2			1.0
5425.1			1.0
5426.0			1.0
5426.9			1.0
5427.8			1.0
5428.7			1.0
5429.6			1.0
5430.5			1.0
5431.4			1.0
5432.3			1.0
5433.2			1.0
5434.1			1.0
5435.0			1.0
5435.9			1.0
5436.8			1.0
5437.7			1.0
5438.6			1.0
5439.5			1.0
5440.4			1.0
5441.3			1.0
5442.2			1.0
5443.1			1.0
5444.0			0.9805455871177289
5444.9			0.9462410037497463
5445.8			0.9106434711385932
5446.7			0.8962069605977299
5447.6			0.9249595773190639
5448.5			0.9725140300898314
5449.4			0.9999220152262166
5450.3			1.0
5451.2			1.0
5452.1			1.0
5453.0			1.0
5453.9			1.0
5454.8			1.0
5455.7			1.0
5456.6			1.0
5457.5			1.0
5458.4			1.0
5459.3			1.0
5460.2			1.0
5461.1			1.0
5462.0			1.0
5462.9			1.0
5463.8			1.0
5464.7			1.0
5465.6			1.0
5466.5			1.0
5467.4			1.0
5468.3			1.0
5469.2			1.0
5470.1			1.0
5471.0			1.0
5471.9			1.0
5472.8			1.0
5473.7			0.9912723311316324
5474.6			0.9842557486445105
5475.5			0.9549573968216324
5476.4			0.9177415245805692
5477.3			0.9239411765633393
5478.2			0.9687324490106317
5479.1			0.9998062016882003
5480.0			1.0
5480.9			1.0
5481.8			1.0
5482.7			1.0
5483.6			1.0
5484.5			1.0
5485.4			1.0
5486.3			1.0
5487.2			1.0
5488.1			1.0
5489.0			1.0
5489.9			1.0
5490.8			1.0
5491.7			1.0
5492.6			1.0
5493.5			1.0
5494.4			1.0
5495.3			1.0
5496.2			1.0
5497.1			1.0
5498.0			1.0
5498.9			1.0
5499.8			1.0
5500.7			1.0
5501.6			1.0
5502.5			1.0
5503.4			1.0
5504.3			1.0
5505.2			1.0
5506.1			1.0
5507.0			1.0
5507.9			1.0
5508.8			1.0
5509.7			1.0
5510.6			1.0
5511.5			1.0
5512.4			1.0
5513.3			1.0
5514.2			1.0
5515.1			1.0
5516.0			1.0
5516.9			1.0
5517.8			1.0
5518.7			1.0
5519.6			1.0
5520.5			1.0
5521.4			1.0
5522.3			1.0
5523.2			1.0
5524.1			1.0
5525.0			1.0
5525.9			1.0
5526.8			1.0
5527.7			1.0
5528.6			1.0
5529.5			1.0
5530.4			1.0
5531.3			1.0
5532.2			1.0
5533.1			1.0
5534.0			1.0
5534.9			1.0
5535.8			1.0
5536.7			1.0
5537.6			1.0
5538.5			1.0
5539.4			1.0
5540.3			1.0
5541.2			1.0
5542.1			1.0
5543.0			1.0
5543.9			1.0
5544.8			1.0
5545.7			1.0
5546.6			1.0
5547.5			1.0
5548.4			1.0
5549.3			1.0
5550.200000000001			1.0
5551.1			1.0
5552.0			1.0
5552.9			1.0
5553.8			1.0
5554.700000000001			1.0
5555.6			1.0
5556.5			1.0
5557.4			1.0
5558.3			1.0
5559.200000000001			1.0
5560.1			1.0
5561.0			1.0
5561.9			1.0
5562.8			1.0
5563.700000000001			1.0
5564.6			1.0
5565.5			1.0
5566.4			1.0
5567.3			1.0
5568.200000000001			1.0
5569.1			1.0
5570.0			1.0
5570.9			1.0
5571.8			1.0
5572.700000000001			1.0
5573.6			1.0
5574.5			1.0
5575.4			1.0
5576.3			1.0
5577.200000000001			1.0
5578.1			1.0
5579.0			1.0
5579.9			1.0
5580.8			1.0
5581.700000000001			1.0
5582.6			1.0033616470834448
5583.5			1.016793326311987
5584.4			1.0174982818935705
5585.3			0.9965520391441787
5586.200000000001			0.9617680482820969
5587.1			0.936770193202401
5588.0			0.9362962168863929
5588.9			0.9508389092114437
5589.8			0.9746951058692143
5590.700000000001			1.0031846420984756
5591.6			1.0189115098458112
5592.5			1.016338430108338
5593.4			1.0029501231582467
5594.3			1.0
5595.200000000001			1.0
5596.1			1.0
5597.0			1.0
5597.9			1.0
5598.8			1.0
5599.700000000001			1.0
5600.6			1.0
5601.5			1.0
5602.4			1.0
5603.3			1.0
5604.200000000001			1.0
5605.1			1.0
5606.0			1.0
5606.9			1.0
5607.8			1.0
5608.700000000001			1.0
5609.6			1.0
5610.5			1.0
5611.4			1.0
5612.3			1.0
5613.200000000001			1.0
5614.1			1.0
5615.0			1.0
5615.9			1.0
5616.8			1.0
5617.700000000001			1.0
5618.6			1.0
5619.5			1.0
5620.4			1.0
5621.3			1.0
5622.200000000001			1.0
5623.1			1.0
5624.0			1.0
5624.9			1.0
5625.8			1.0
5626.700000000001			1.0
5627.6			1.0
5628.5			1.0
5629.4			1.0
5630.3			1.0
5631.200000000001			1.0
5632.1			1.0
5633.0			1.0
5633.9			1.0
5634.8			1.0
5635.700000000001			1.0
5636.6			1.0
5637.5			1.0
5638.4			1.0
5639.3			1.0
5640.200000000001			1.0
5641.1			1.0
5642.0			1.0
5642.9			1.0
5643.8			1.0
5644.700000000001			1.0
5645.6			1.0
5646.5			1.0
5647.4			1.0
5648.3			1.0
5649.200000000001			1.0
5650.1			1.0
5651.0			1.0
5651.9			1.0
5652.8			1.0
5653.700000000001			1.0
5654.6			1.0
5655.5			1.0
5656.4			1.0
5657.3			1.0
5658.200000000001			1.0
5659.1			1.0
5660.0			1.0
5660.9			1.0
5661.8			1.0
5662.700000000001			1.0
5663.6			1.0
5664.5			1.0
5665.4			1.0
5666.3			1.0
5667.200000000001			1.0
5668.1			1.0
5669.0			1.0
5669.9			1.0
5670.8			1.0
5671.700000000001			1.0
5672.6			1.0
5673.5			1.0
5674.4			1.0
5675.3			1.0
5676.200000000001			1.0
5677.1			1.0
5678.0			1.0
5678.9			1.0
5679.8			1.0
5680.700000000001			1.0
5681.6			1.0
5682.5			1.0
5683.4			1.0
5684.3			1.0
5685.200000000001			1.0
5686.1			1.0
5687.0			1.0
5687.9			1.0
5688.8			1.0
5689.700000000001			1.0
5690.6			1.0
5691.5			1.0
5692.4			1.0
5693.3			1.0
5694.200000000001			1.0
5695.1			1.0
5696.0			1.0
5696.9			1.0
5697.8			1.0
5698.700000000001			1.0
5699.6			1.0
5700.5			1.0
5701.4			1.0
5702.3			1.0
5703.200000000001			1.0
5704.1			1.0
5705.0			1.0
5705.9			1.0
5706.8			1.0
5707.700000000001			1.0
5708.6			1.0
5709.5			1.0
5710.4			1.0
5711.3			1.0
5712.200000000001			1.0
5713.1			1.0
5714.0			1.0
5714.9			1.0
5715.8			1.0
5716.700000000001			1.0
5717.6			1.0
5718.5			1.0
5719.4			1.0
5720.3			1.0
5721.200000000001			1.0
5722.1			1.0
5723.0			1.0
5723.9			1.0
5724.8			1.0
5725.700000000001			1.0
5726.6			1.0
5727.5			1.0
5728.4			1.0
5729.3			1.0
5730.200000000001			1.0
5731.1			1.0
5732.0			1.0
5732.9			1.0
5733.8			1.0
5734.700000000001			1.0
5735.6			1.0
5736.5			1.0
5737.4			1.0
5738.3			1.0
5739.200000000001			1.0
5740.1			1.0
5741.0			1.0
5741.9			1.0
5742.8			1.0
5743.700000000001			1.0
5744.6			1.0
5745.5			1.0
5746.4			1.0
5747.3			1.0
5748.200000000001			1.0
5749.1			1.0
5750.0			1.0
5750.9			1.0
5751.8			1.0
5752.700000000001			1.0
5753.6			1.0
5754.5			1.0
5755.4			1.0
5756.3			1.0
5757.200000000001			1.0
5758.1			1.0
5759.0			1.0
5759.9			1.0
5760.8			1.0
5761.700000000001			1.0
5762.6			1.0
5763.5			1.0
5764.4			1.0
5765.3			1.0
5766.200000000001			1.0
5767.1			1.0
5768.0			1.0
5768.9			1.0
5769.8			1.0
5770.700000000001			1.0
5771.6			1.0
5772.5			1.0
5773.4			1.0
5774.3			1.0
5775.200000000001			1.0
5776.1			1.0
5777.0			1.0
5777.9			1.0
5778.8			1.0
5779.700000000001			1.0
5780.6			1.0
5781.5			0.9870444890677778
5782.4			0.9853289769437553
5783.3			0.9889989437523259
5784.200000000001			0.9892738385635572
5785.1			0.989851322579796
5786.0			0.9971070401175377
5786.9			1.0081945091898221
5787.8			1.016868509171596
5788.700000000001			1.0225953559106546
5789.6			1.021768662489754
5790.5			1.0146556623520515
5791.4			1.011682561284552
5792.3			1.0133724446071115
5793.200000000001			1.0159560680696889
5794.1			1.0230701109124225
5795.0			1.0322997186557217
5795.9			1.0339397917439992
5796.8			1.0267977765205434
5797.700000000001			1.0225031216016416
5798.6			1.0259687784020852
5799.5			1.032142439628401
5800.4			1.0345881152063892
5801.3			1.0344312642100009
5802.200000000001			1.0344754008818782
5803.1			1.0307035336988346
5804.0			1.0243101718417704
5804.9			1.0196493012259624
5805.8			1.0191531915386753
5806.700000000001			1.02317285684789
5807.6			1.0297644631613956
5808.5			1.0321984677896336
5809.4			1.0286902684459522
5810.3			1.0272088016406344
5811.200000000001			1.029980428575246
5812.1			1.0329580989972076
5813.0			1.0353033239943654
5813.9			1.0372707564347512
5814.8			1.032494763759164
5815.700000000001			1.020711598903901
5816.6			1.0144914913492298
5817.5			1.0261648951036313
5818.4			1.0438164874558848
5819.3			1.0470539173705993
5820.200000000001			1.0400264119865879
5821.1			1.0372691201701585
5822.0			1.0404960305421957
5822.9			1.0429170639566663
5823.8			1.0426575578064297
5824.700000000001			1.041225886563551
5825.6			1.0415509085481653
5826.5			1.0429533220889156
5827.4			1.0424638441682108
5828.3			1.0434028559762591
5829.200000000001			1.043795378062869
5830.1			1.0400186355190446
5831.0			1.0347672408711195
5831.9			1.034700411007712
5832.8			1.0392485925477486
5833.700000000001			1.0413601301059516
5834.6			1.0390926794775508
5835.5			1.0390980857946048
5836.4			1.0427071061075597
5837.3			1.043923163758223
5838.200000000001			1.042396399496854
5839.1			1.0410241942150444
5840.0			1.0441852928929103
5840.9			1.0479911413828107
5841.8			1.0496765422443342
5842.700000000001			1.0495118695013508
5843.6			1.0468441219548548
5844.5			1.0436641283730552
5845.4			1.0429945455566612
5846.3			1.0433039073769796
5847.200000000001			1.042103793067332
5848.1			1.040021187438409
5849.0			1.042484667065915
5849.9			1.0462419368492453
5850.8			1.043389933401703
5851.700000000001			1.0339293006187096
5852.6			1.0205872144208892
5853.5			1.0111568703994749
5854.4			1.0114474947462337
5855.3			1.0150287414235726
5856.200000000001			1.0057366508765362
5857.1			0.9869773377422403
5858.0			0.9835386168287822
5858.9			0.9987662501533959
5859.8			1.0162469726943844
5860.700000000001			1.0261140318064228
5861.6			1.0232374336873822
5862.5			1.0185174975668145
5863.4			1.0262003179657644
5864.3			1.0384010026117965
5865.200000000001			1.040928417740184
5866.1			1.0338791815028876
5867.0			1.030105177886353
5867.9			1.0342589283914094
5868.8			1.041182579638976
5869.700000000001			1.045947957124248
5870.6			1.0467848497674987
5871.5			1.0447738975207705
5872.4			1.0426775567765507
5873.3			1.040065972099046
5874.200000000001			1.0411547655479405
5875.1			1.044817528274458
5876.0			1.0450924308320484
5876.9			1.0418068452370528
5877.8			1.0430678465127188
5878.700000000001			1.0476507659362173
5879.6			1.045879895224639
5880.5			1.0387668684744
5881.4			1.0357459062732608
5882.3			1.033809986998224
5883.200000000001			1.0267868368615984
5884.1			1.0183397566898311
5885.0			1.0210563735645477
5885.9			1.0325204342259593
5886.8			1.0359033816988052
5887.700000000001			1.0101618919484028
5888.6			0.9391720186301358
5889.5			0.8568682760442371
5890.4			0.8430929646413622
5891.3			0.9057094647761007
5892.200000000001			0.9716191116084518
5893.1			0.9979297593095697
5894.0			0.9865599172413404
5894.9			0.9354804730604211
5895.8			0.8832937186931586
5896.700000000001			0.894850139404285
5897.6			0.9501557875177801
5898.5			0.9870173426640414
5899.4			1.0029229514542812
5900.3			1.0177085804893558
5901.200000000001			1.0317048474876978
5902.1			1.0384190657910646
5903.0			1.038596983650091
5903.9			1.0348316153033845
5904.8			1.0284322995459423
5905.700000000001			1.022201503879908
5906.6			1.0226222734825803
5907.5			1.0284528557245407
5908.4			1.0342735889850303
5909.3			1.0371644240206905
5910.200000000001			1.0383123434363768
5911.1			1.0385110071667474
5912.0			1.0349489253971447
5912.9			1.021751978254096
5913.8			1.0053060445316842
5914.700000000001			1.0028227657266744
5915.6			1.01092104334688
5916.5			1.0155107833148167
5917.4			1.0162082101284786
5918.3			1.0220131957746068
5919.200000000001			1.0339663249118989
5920.1			1.0401192269707358
5921.0			1.0344847292647712
5921.9			1.025287758998736
5922.8			1.023816541096203
5923.700000000001			1.0336350116312263
5924.6			1.0440133099336162
5925.5			1.0469728441173682
5926.4			1.040286530194792
5927.3			1.0318014740890444
5928.200000000001			1.0246056114772975
5929.1			1.0130952265374882
5930.0			1.0048340703032432
5930.9			1.013647462101265
5931.8			1.0303069977911723
5932.700000000001			1.036272505222979
5933.6			1.0282733025651496
5934.5			1.0192182951796809
5935.4			1.021315239042594
5936.3			1.0300445688774
5937.200000000001			1.03872444810785
5938.1			1.0408535079419277
5939.0			1.035252367880773
5939.9			1.0263294784202803
5940.8			1.0226829039303234
5941.700000000001			1.0268611382392931
5942.6			1.0317314177075132
5943.5			1.0344738383059533
5944.4			1.0348059937070315
5945.3			1.033852597500972
5946.200000000001			1.0313667040487158
5947.1			1.023592409800651
5948.0			1.011311046124012
5948.9			1.0064424363555406
5949.8			1.0172832796506102
5950.700000000001			1.030969992895332
5951.6			1.028309582767452
5952.5			1.0148060626717992
5953.4			1.0130922893477947
5954.3			1.0229659164155878
5955.200000000001			1.029147744082762
5956.1			1.023846369111191
5957.0			1.0184792533383225
5957.9			1.0218247752439666
5958.8			1.0311046826575485
5959.700000000001			1.037464161215309
5960.6			1.0382639030943748
5961.5			1.038824987342486
5962.4			1.0421252510530323
5963.3			1.043682826752069
5964.200000000001			1.0395694042213672
5965.1			1.03172434849011
5966.0			1.027708762993487
5966.9			1.0297361584899383
5967.8			1.0322132225677711
5968.700000000001			1.036814932085039
5969.6			1.0417254687203736
5970.5			1.0457383899058157
5971.4			1.046752096356523
5972.3			1.045771615906103
5973.200000000001			1.042064159830659
5974.1			1.0312400394225694
5975.0			1.015702816017529
5975.9			1.0032545632355019
5976.8			1.0022367408204125
5977.700000000001			1.0124520405176896
5978.6			1.0260416535310017
5979.5			1.0368952229354562
5980.4			1.0390475126273218
5981.3			1.034863744995153
5982.200000000001			1.0275751594345048
5983.1			1.0153694946330138
5984.0			1.001028884230759
5984.9			0.9973130357141984
5985.8			1.0044447045925549
5986.700000000001			1.0102411914571519
5987.6			1.014147291497146
5988.5			1.0217147052909166
5989.4			1.027543852573963
5990.3			1.0248673582896524
5991.200000000001			1.0193217031541097
5992.1			1.0202218249114237
5993.0			1.0276283419442493
5993.9			1.034012553690835
5994.8			1.0319430157675349
5995.700000000001			1.0236759754530922
5996.6			1.0124666804983944
5997.5			1.00716266425471
5998.4			1.0115770158145136
5999.3			1.0216389733885745
6000.200000000001			1.0304271824477471
6001.1			1.0305928786408234
6002.0			1.0215922837264944
6002.9			1.013603329412694
6003.8			1.0158020706650386
6004.700000000001			1.0226382030170444
6005.6			1.0246632961738913
6006.5			1.019430406780274
6007.4			1.0064986014750403
6008.3			0.9955147248468166
6009.200000000001			1.0045458469999553
6010.1			1.0235461585057735
6011.0			1.0312638804279175
6011.9			1.0265727066367947
6012.8			1.0189791885308312
6013.700000000001			1.0170078907716513
6014.6			1.021458470030137
6015.5			1.0203711987762998
6016.4			1.0138742810389048
6017.3			1.013731148053622
6018.200000000001			1.0156759028176168
6019.1			1.006572004609275
6020.0			0.9920466952171283
6020.9			0.9890017502759825
6021.8			0.994259424876626
6022.700000000001			0.9963331065380117
6023.6			0.9935817911559541
6024.5			0.9957143031933207
6025.4			1.004496658730406
6026.3			1.0093941193350373
6027.200000000001			1.0122354875363477
6028.1			1.0207360313291705
6029.0			1.030432772215667
6029.9			1.0346128121979765
6030.8			1.0361300887514309
6031.700000000001			1.0400958446866346
6032.6			1.0425902320799003
6033.5			1.039761814889595
6034.4			1.035775751489937
6035.3			1.0328506122905223
6036.200000000001			1.0316668395677666
6037.1			1.0353414271148242
6038.0			1.0386343167970287
6038.9			1.03520047477246
6039.8			1.0305968572291075
6040.700000000001			1.0291213646047535
6041.6			1.0233867398027794
6042.5			1.0175841407793709
6043.4			1.0221201118704606
6044.3			1.0309931041081695
6045.200000000001			1.036247242839914
6046.1			1.0366197801680141
6047.0			1.0357678916563857
6047.9			1.0318872611098997
6048.8			1.0266268680888315
6049.700000000001			1.0276505378860719
6050.6			1.0322790289098593
6051.5			1.0324149103164597
6052.4			1.0256495673372237
6053.3			1.0199975946785071
6054.200000000001			1.01816355533223
6055.1			1.0119611594802362
6056.0			1.0044759701037718
6056.9			1.0068802585846435
6057.8			1.0178085430207764
6058.700000000001			1.02811412791487
6059.6			1.0317978085065496
6060.5			1.0314467929501736
6061.4			1.0292291458496512
6062.3			1.024628682489045
6063.200000000001			1.0184863075130854
6064.1			1.0088334190164618
6065.0			0.996146547175381
6065.9			0.9952296552637686
6066.8			1.0118965035850171
6067.700000000001			1.0299040549891856
6068.6			1.0385626012592113
6069.5			1.0404609213401281
6070.4			1.0391643091307718
6071.3			1.0387543117118072
6072.200000000001			1.0404158904534024
6073.1			1.0395352517703342
6074.0			1.0376256903122678
6074.9			1.0372285209941445
6075.8			1.0338087237095603
6076.700000000001			1.0246237777718294
6077.6			1.0102572499972131
6078.5			0.9980146808224715
6079.4			1.0000711568079395
6080.3			1.0117608479275946
6081.200000000001			1.0204306065680542
6082.1			1.0228450334322579
6083.0			1.0204743823224738
6083.9			1.0165020997378558
6084.8			1.0116312498247035
6085.700000000001			1.0095225371303844
6086.6			1.0147775679846442
6087.5			1.021813860500026
6088.4			1.019651285043684
6089.3			1.011677010869175
6090.200000000001			1.0124291143714865
6091.1			1.0179634207111201
6092.0			1.0197399224427495
6092.9			1.019366175884159
6093.8			1.0204587405529715
6094.700000000001			1.0238879505443654
6095.6			1.0248859200393992
6096.5			1.0237554632433572
6097.4			1.0247137524049548
6098.3			1.0282956570961412
6099.200000000001			1.0336849738946239
6100.1			1.0319809963946938
6101.0			1.0111001880668242
6101.9			0.9716372297166087
6102.8			0.9467772513260461
6103.700000000001			0.9667223785078779
6104.6			1.004983957343073
6105.5			1.0280359702406199
6106.4			1.0325805962137704
6107.3			1.0241954664641248
6108.200000000001			1.0168411943568008
6109.1			1.0206622107821561
6110.0			1.0270103338314647
6110.9			1.0272383183301894
6111.8			1.0269663593511658
6112.700000000001			1.0316128234051871
6113.6			1.0347247822189458
6114.5			1.0303798695519097
6115.4			1.022179503974672
6116.3			1.0203361319012192
6117.200000000001			1.0270818702713336
6118.1			1.033189805333655
6119.0			1.0331152863216915
6119.9			1.026173691962947
6120.8			1.0069749322235189
6121.700000000001			0.9790959038836234
6122.6			0.97113226113151
6123.5			0.9944643079927656
6124.4			1.0202379626301403
6125.3			1.0274948737980942
6126.200000000001			1.0234197535740914
6127.1			1.0163179333363097
6128.0			1.0095728938687911
6128.9			1.010157026239893
6129.8			1.0170003648502557
6130.700000000001			1.0208224993825143
6131.6			1.021768506285609
6132.5			1.026141060811223
6133.4			1.0308632454671238
6134.3			1.0250661942079284
6135.200000000001			1.0014060751696918
6136.1			0.9593198433055135
6137.0			0.926531860229274
6137.9			0.9385872465897573
6138.8			0.9829603572074191
6139.700000000001			1.0147393281388273
6140.6			1.0104501854757302
6141.5			0.9890802748274461
6142.4			0.9838217078933054
6143.3			1.0004969678702174
6144.200000000001			1.0174789881735455
6145.1			1.0260431100303522
6146.0			1.0301607082192994
6146.9			1.0250806453972097
6147.8			1.0135933956150367
6148.700000000001			1.0080859128168114
6149.6			1.0108140327022623
6150.5			1.0128511142778445
6151.4			1.0120845137827226
6152.3			1.016678814852156
6153.200000000001			1.0237452037967296
6154.1			1.0206811596277865
6155.0			1.0129821955184295
6155.9			1.0145000877160004
6156.8			1.0188451310751223
6157.700000000001			1.0199331598563204
6158.6			1.0220310536467694
6159.5			1.0174968365059465
6160.4			0.989467734111476
6161.3			0.9453621216436568
6162.200000000001			0.9199410405285324
6163.1			0.9303901622453368
6164.0			0.960657000208014
6164.9			0.987102093039891
6165.8			1.0008186855871233
6166.700000000001			1.008717208997898
6167.6			1.0068480461987535
6168.5			0.9837808859675724
6169.4			0.958673381940619
6170.3			0.9645760060747309
6171.200000000001			0.9952831021214985
6172.1			1.0167447399804181
6173.0			1.0168356079228047
6173.9			1.0120637815251767
6174.8			1.0104757926952104
6175.700000000001			1.0082932770719297
6176.6			1.0077471675341512
6177.5			1.0128466824847489
6178.4			1.0167276632214104
6179.3			1.0142039767979023
6180.200000000001			1.0136133460897967
6181.1			1.0205060441381724
6182.0			1.0279153964806027
6182.9			1.0294772433632815
6183.8			1.0281397221030526
6184.700000000001			1.0268865508245868
6185.6			1.0233976094099833
6186.5			1.0167916384595819
6187.4			1.011143072811692
6188.3			1.0103845438498613
6189.200000000001			1.0099788452557796
6190.1			0.9938593026524277
6191.0			0.9663894967266412
6191.9			0.9600276761296901
6192.8			0.9850475275347638
6193.700000000001			1.0109247109013446
6194.6			1.0211401129906295
6195.5			1.023475134580328
6196.4			1.0238344816433995
6197.3			1.023841092150467
6198.200000000001			1.0227214788755838
6199.1			1.0141624177954225
6200.0			1.0039206290408715
6200.9			1.0047984161449557
6201.8			1.0169749672105777
6202.700000000001			1.0276939087999453
6203.6			1.0316566960630944
6204.5			1.0315680722742215
6205.4			1.031396853577465
6206.3			1.0333899006618312
6207.200000000001			1.0358027496562594
6208.1			1.0344709441256128
6209.0			1.032690108172463
6209.9			1.033419967174365
6210.8			1.0342739386752864
6211.700000000001			1.0288752420769287
6212.6			1.013719610777845
6213.5			0.9969706972797473
6214.4			0.9898634158633739
6215.3			0.994282155113142
6216.200000000001			1.0069713739568993
6217.1			1.0183317884213978
6218.0			1.0180131647964605
6218.9			1.0042759573860134
6219.8			0.9946324459586001
6220.700000000001			0.9999854594918957
6221.6			1.0137578810325967
6222.5			1.0252422089050475
6223.4			1.0278093821868355
6224.3			1.0258881923356016
6225.200000000001			1.025736822478137
6226.1			1.0264040213521612
6227.0			1.0280152101417908
6227.9			1.0283172298314391
6228.8			1.0191084598456572
6229.700000000001			0.9969231357467772
6230.6			0.9762538646451883
6231.5			0.9756189099783259
6232.4			0.9924744754439566
6233.3			1.0134108696385862
6234.200000000001			1.027616364328771
6235.1			1.0317719164480863
6236.0			1.0282060029585038
6236.9			1.020256987113604
6237.8			1.013648494326153
6238.700000000001			1.0117736092912306
6239.6			1.011065804892861
6240.5			1.0135225523759164
6241.4			1.0190153669388644
6242.3			1.0161415967077356
6243.200000000001			1.0025835686806457
6244.1			0.9904052684852009
6245.0			0.9837695328569328
6245.9			0.9785452881624565
6246.8			0.9831851509271804
6247.700000000001			1.0025526878544337
6248.6			1.0248342550248803
6249.5			1.035442151411847
6250.4			1.0298075972416476
6251.3			1.0102857863145043
6252.200000000001			0.9856489494355789
6253.1			0.9702939624263628
6254.0			0.9685071978861846
6254.9			0.976348046802191
6255.8			0.9857121830041627
6256.700000000001			0.9886196123468619
6257.6			0.9855347782378773
6258.5			0.9861370701635489
6259.4			0.9954818731822812
6260.3			1.005376568594096
6261.200000000001			1.0133133719018514
6262.1			1.0235069735567042
6263.0			1.0310263276382408
6263.9			1.0272152251275093
6264.8			1.0151930480106104
6265.700000000001			1.0119897221909755
6266.6			1.0211158426580278
6267.5			1.0322390308531684
6268.4			1.0348775120587737
6269.3			1.0266497262251162
6270.200000000001			1.0174612269037473
6271.1			1.0178064796616972
6272.0			1.025783351752663
6272.9			1.0327264208324427
6273.8			1.035678733588758
6274.700000000001			1.0360151455405107
6275.6			1.0336131205894492
6276.5			1.0310853912397306
6277.4			1.0283455602637237
6278.3			1.0223013302936945
6279.200000000001			1.011394319995082
6280.1			1.000469230088972
6281.0			1.0010645866487893
6281.9			1.0116314847955077
6282.8			1.0231244574698888
6283.700000000001			1.0321071568909852
6284.6			1.0352069672243185
6285.5			1.0316464415768263
6286.4			1.0280297888383072
6287.3			1.02903371213115
6288.200000000001			1.0326207453471539
6289.1			1.0315174384004622
6290.0			1.0211952765185772
6290.9			1.009839354361697
6291.8			1.0096253559981887
6292.700000000001			1.0167502919461946
6293.6			1.022966531773174
6294.5			1.0252258086021633
6295.4			1.0230067189595253
6296.3			1.0157513385650025
6297.200000000001			1.0071605752527917
6298.1			1.0046160471055496
6299.0			1.007652957366161
6299.9			1.0020892986713386
6300.8			0.9814917896086199
6301.700000000001			0.9638958957974856
6302.6			0.9706909362430443
6303.5			0.9992091663269724
6304.4			1.0237687140876834
6305.3			1.0297395517116879
6306.200000000001			1.023183981647315
6307.1			1.0183730956141792
6308.0			1.0175927730666863
6308.9			1.0158290349035193
6309.8			1.0123517711696495
6310.700000000001			1.0093915393802553
6311.6			1.0105179981570438
6312.5			1.0169945093626556
6313.4			1.0169777976377985
6314.3			1.0022121249286011
6315.200000000001			0.9894572166892092
6316.1			0.98778766510589
6317.0			0.9834901891827644
6317.9			0.9708596131482128
6318.8			0.9714970435049759
6319.700000000001			0.9913578377256587
6320.6			1.0064800645544567
6321.5			1.006345942688456
6322.4			1.0021281412629197
6323.3			1.0074783277790507
6324.200000000001			1.0205878015797292
6325.1			1.0304444870848022
6326.0			1.0332991793456605
6326.9			1.0307545764150527
6327.8			1.0234064042798527
6328.700000000001			1.016483530084312
6329.6			1.0142620513963112
6330.5			1.017435501938296
6331.4			1.020656073514061
6332.3			1.0218352607480528
6333.200000000001			1.019697666852882
6334.1			1.0085583305895147
6335.0			0.9906961173357312
6335.9			0.9788582165147917
6336.8			0.9785258479852013
6337.700000000001			0.985614755518478
6338.6			0.9941268893725428
6339.5			1.006781538716071
6340.4			1.0206910900189663
6341.3			1.0264575628054913
6342.200000000001			1.021710783686466
6343.1			1.0132734590118324
6344.0			1.008587234858188
6344.9			1.0099034255104138
6345.8			1.0108316172034326
6346.700000000001			1.009157581387716
6347.6			1.0121767945773013
6348.5			1.021389593716543
6349.4			1.0285012089979284
6350.3			1.0300597658773878
6351.200000000001			1.029932221464329
6352.1			1.0267739588620566
6353.0			1.0217889469441503
6353.9			1.0149346573452307
6354.8			1.0064230831500809
6355.700000000001			1.0039950688666976
6356.6			1.0081527351083985
6357.5			1.008447882745123
6358.4			1.0018044335606386
6359.3			0.9975862503620904
6360.200000000001			0.996853756584696
6361.1			0.995220581605894
6362.0			0.9932505921721897
6362.9			0.9945971918100273
6363.8			1.0000174869153107
6364.700000000001			1.0085240128701318
6365.6			1.0146795386752938
6366.5			1.0170286149467889
6367.4			1.0161253427178787
6368.3			1.0145115830154674
6369.200000000001			1.0128747021926179
6370.1			1.0092755167948024
6371.0			1.006273513144122
6371.9			1.0120899493384032
6372.8			1.023310595970025
6373.700000000001			1.0296590875988214
6374.6			1.0293705338587664
6375.5			1.0293882841196726
6376.4			1.0292005235746178
6377.3			1.0268417485033465
6378.200000000001			1.0250310733571717
6379.1			1.0216751494655902
6380.0			1.0165160717121635
6380.9			1.0147097599354777
6381.8			1.0180612823377821
6382.700000000001			1.0223318073652976
6383.6			1.0227247786068632
6384.5			1.0234151923161308
6385.4			1.0268276457822703
6386.3			1.030449908913277
6387.200000000001			1.0323564091152724
6388.1			1.03304766542896
6389.0			1.0298695671501195
6389.9			1.0229088245464064
6390.8			1.015718342928917
6391.700000000001			1.0069936971201474
6392.6			0.9924570704899559
6393.5			0.9807925456007691
6394.4			0.9884157842220692
6395.3			1.0108313755643943
6396.200000000001			1.031270562076669
6397.1			1.0376954571852557
6398.0			1.0257459996059701
6398.9			0.9971830436366923
6399.8			0.9723910047827019
6400.700000000001			0.9765460351769712
6401.6			1.002119251227905
6402.5			1.023225434688599
6403.4			1.0318585760873868
6404.3			1.0324669314325021
6405.200000000001			1.0265917190953477
6406.1			1.013222319180826
6407.0			0.9957725633442316
6407.9			0.988306158466163
6408.8			0.9996238236223337
6409.700000000001			1.0130301743283598
6410.6			1.0064624796779884
6411.5			0.9934382162092102
6412.4			0.9965705474844576
6413.3			1.0092785273092941
6414.200000000001			1.0147538795051234
6415.1			1.0131907582510886
6416.0			1.0138721319273836
6416.9			1.016621872734965
6417.8			1.0174540294533172
6418.700000000001			1.011905607620963
6419.6			0.9980665707134168
6420.5			0.9865666083183358
6421.4			0.9863956047348609
6422.3			0.9990052727196246
6423.200000000001			1.0153728217651086
6424.1			1.0237410706133652
6425.0			1.0260175792532984
6425.9			1.027861474340983
6426.8			1.029736478635494
6427.700000000001			1.0302842264440133
6428.6			1.0248798822419285
6429.5			1.0116039488362585
6430.4			0.9954398481388386
6431.3			0.9905156101288624
6432.200000000001			0.9985411033844789
6433.1			1.0087239547828997
6434.0			1.0164534012289497
6434.9			1.023236996731162
6435.8			1.0278111351654557
6436.700000000001			1.02339262268279
6437.6			1.002751457421872
6438.5			0.9763843001553651
6439.4			0.9717291155133773
6440.3			0.994234455296554
6441.200000000001			1.0167085917012089
6442.1			1.0237317486162865
6443.0			1.0254650765200468
6443.9			1.028681202012811
6444.8			1.0316684644574992
6445.700000000001			1.0338407684132427
6446.6			1.0321189046495234
6447.5			1.022873588613071
6448.4			1.0024186224369425
6449.3			0.9777642239783408
6450.200000000001			0.9718071897934264
6451.1			0.9894909122017903
6452.0			1.0099338001967508
6452.9			1.0190602940323514
6453.8			1.0184513977887897
6454.700000000001			1.0093903909079476
6455.6			0.9927477742808475
6456.5			0.9825185300968007
6457.4			0.9892796269730267
6458.3			1.0055001049741206
6459.200000000001			1.01899916602615
6460.1			1.020912003137885
6461.0			1.00327491532906
6461.9			0.9720862806912924
6462.8			0.9591034238364906
6463.700000000001			0.9820864183890973
6464.6			1.0128644826447886
6465.5			1.0242747241042096
6466.4			1.0228009216529732
6467.3			1.018817887511325
6468.200000000001			1.0139967711032192
6469.1			1.0094455667162228
6470.0			1.0046967934813684
6470.9			0.9968556217361495
6471.8			0.9919003795374277
6472.700000000001			0.9978896355290724
6473.6			1.0065672278039424
6474.5			1.0089877614133946
6475.4			1.0080470983501464
6476.3			1.0083137698921185
6477.200000000001			1.0096888145328695
6478.1			1.0109350129452048
6479.0			1.0134920084382846
6479.9			1.0137456867614534
6480.8			1.003543587623217
6481.700000000001			0.9884526761734429
6482.6			0.9865984785866317
6483.5			1.0001897345930102
6484.4			1.0124313230188675
6485.3			1.0169249157951952
6486.200000000001			1.0199658955553776
6487.1			1.0223449025515159
6488.0			1.022650465048372
6488.9			1.0206856077240753
6489.8			1.0152013849081802
6490.700000000001			1.0058727548316355
6491.6			0.992668903234079
6492.5			0.9734146437660867
6493.4			0.9444112718156279
6494.3			0.9169629950590413
6495.200000000001			0.9114857793927317
6496.1			0.9259288949520602
6497.0			0.9467524388055986
6497.9			0.9653883540951822
6498.8			0.9718260535776502
6499.700000000001			0.9737485749723638
6500.6			0.9849332480934129
6501.5			0.9986947404628684
6502.4			1.0052860811293018
6503.3			1.007758510934384
6504.200000000001			1.0083904084766195
6505.1			1.0083388147701997
6506.0			1.0097626175203556
6506.9			1.0119798339788075
6507.8			1.0130255784539133
6508.700000000001			1.012642764592169
6509.6			1.0112518709386529
6510.5			1.009466697524547
6511.4			1.0070973659422142
6512.3			1.0031350947935864
6513.200000000001			0.9976423608486589
6514.1			0.9897803955041617
6515.0			0.9823574589509577
6515.9			0.9793237822283903
6516.8			0.9799611358100538
6517.700000000001			0.9797247527069828
6518.6			0.981464780611918
6519.5			0.988980938061726
6520.4			0.9951329844654755
6521.3			0.9982897596618406
6522.200000000001			1.0019773674981693
6523.1			1.0042146174725137
6524.0			1.0039091748646374
6524.9			1.0008596353291173
6525.8			0.9945909442853889
6526.700000000001			0.9882519075838402
6527.6			0.9872791878528805
6528.5			0.9926977662675854
6529.4			0.9980162385511804
6530.3			0.9980431595678112
6531.200000000001			0.9943551508418976
6532.1			0.9880489475277231
6533.0			0.9823187307559513
6533.9			0.9836157197432942
6534.8			0.9899849364966932
6535.700000000001			0.9929666283291034
6536.6			0.9925335819390039
6537.5			0.992555463985234
6538.4			0.994391294964616
6539.3			0.9972708150935534
6540.200000000001			0.9993863202806115
6541.1			0.9973973540899914
6542.0			0.993414600531971
6542.9			0.9906016159096456
6543.8			0.9874763798828782
6544.700000000001			0.9796419807389056
6545.6			0.9631155641080621
6546.5			0.949800650723059
6547.4			0.9543514054930738
6548.3			0.9701927930636189
6549.200000000001			0.9791321528064275
6550.1			0.974822817523288
6551.0			0.9661291887303377
6551.9			0.962395381891045
6552.8			0.961337436279787
6553.700000000001			0.9523844497096386
6554.6			0.9363434248872377
6555.5			0.9227760323164864
6556.4			0.9167820107235448
6557.3			0.9137212102709296
6558.200000000001			0.9031133947649119
6559.1			0.880973288824554
6560.0			0.84415469968309
6560.9			0.7680971496969237
6561.8			0.6434319317120454
6562.700000000001			0.5490213676387268
6563.6			0.5833451417312752
6564.5			0.7106218768659236
6565.4			0.8207026304125583
6566.3			0.8761987196817249
6567.200000000001			0.8980724259946716
6568.1			0.9059644859423195
6569.0			0.9115646082485529
6569.9			0.9223785627271103
6570.8			0.9358416205946768
6571.700000000001			0.9451321832626043
6572.6			0.9480427644963499
6573.5			0.9481455806358868
6574.4			0.946119941362498
6575.3			0.9515116037578134
6576.200000000001			0.9671261601589102
6577.1			0.9769853793271889
6578.0			0.9758811967946674
6578.9			0.9692917965333834
6579.8			0.9649373380184313
6580.700000000001			0.9664560787531907
6581.6			0.9708438773151902
6582.5			0.975308407079259
6583.4			0.9761673244646699
6584.3			0.9740872104402614
6585.200000000001			0.9714998253885775
6586.1			0.9702890427893145
6587.0			0.9726766589562456
6587.9			0.9763133109125345
6588.8			0.9807812638777991
6589.700000000001			0.9858324980365851
6590.6			0.9827435712312926
6591.5			0.9661198863473354
6592.4			0.9406150145721165
6593.3			0.9250686061751237
6594.200000000001			0.9328064314601705
6595.1			0.9539386903522131
6596.0			0.9696843617094875
6596.9			0.9722526411184054
6597.8			0.9697889344154166
6598.700000000001			0.973428850841284
6599.6			0.9815523418456792
6600.5			0.9875319527408124
6601.4			0.9887781998373628
6602.3			0.9880504730370963
6603.200000000001			0.9855388439609554
6604.1			0.9800751829944603
6605.0			0.9763509123946081
6605.9			0.9778506409086195
6606.8			0.9806990221730484
6607.700000000001			0.9795533241560939
6608.6			0.9745317033274041
6609.5			0.9714677333880999
6610.4			0.9769472132222748
6611.3			0.9871415931418602
6612.200000000001			0.9907824111110057
6613.1			0.9869538944427557
6614.0			0.9835992996005516
6614.9			0.9848481256501082
6615.8			0.9874492979105695
6616.700000000001			0.9874313796419841
6617.6			0.9864103029969372
6618.5			0.9860143694880412
6619.4			0.9858801106543694
6620.3			0.9854955262940157
6621.200000000001			0.9874537914735633
6622.1			0.9916690407365888
6623.0			0.9939878381749766
6623.9			0.9930410113923298
6624.8			0.9912391152059492
6625.700000000001			0.9911535978549102
6626.6			0.990318722848484
6627.5			0.9884457780394864
6628.4			0.9884220828243699
6629.3			0.9897071114556621
6630.200000000001			0.9902217924081452
6631.1			0.9870996409992
6632.0			0.9783904739988913
6632.9			0.9631921378750711
6633.8			0.9524340632364162
6634.700000000001			0.9587889345634926
6635.6			0.974299526607372
6636.5			0.9873757140816771
6637.4			0.9932848701091579
6638.3			0.9910052412302496
6639.200000000001			0.9852204957169792
6640.1			0.9833751120725689
6641.0			0.9854902027353996
6641.9			0.9819681820240254
6642.8			0.9693248351042799
6643.700000000001			0.9583653668096997
6644.6			0.9630826633877779
6645.5			0.975208515868751
6646.4			0.979765508832649
6647.3			0.9797313861702673
6648.200000000001			0.9823091930506003
6649.1			0.9868755938753666
6650.0			0.9904798077183589
6650.9			0.9931301808203766
6651.8			0.9941995793920267
6652.700000000001			0.9942307709254183
6653.6			0.9919957255615939
6654.5			0.9898187839858065
6655.4			0.9918916760356972
6656.3			0.9954084930205848
6657.200000000001			0.9976669925483922
6658.1			0.9980805527081913
6659.0			0.9984879438112804
6659.9			0.998415232100581
6660.8			0.9960897950256407
6661.700000000001			0.9895021983406345
6662.6			0.9763137848995102
6663.5			0.9670699484465836
6664.4			0.971969540420265
6665.3			0.9845217313600211
6666.200000000001			0.990413104493415
6667.1			0.9905353924222967
6668.0			0.9919346825079405
6668.9			0.9946528899507705
6669.8			0.996059461708309
6670.700000000001			0.9933043748669351
6671.6			0.9893724185247804
6672.5			0.9876228185052652
6673.4			0.9911646007109562
6674.3			0.9972241909998761
6675.200000000001			0.9988461758783352
6676.1			0.9899505381039465
6677.0			0.9712107818710576
6677.9			0.9540207307234724
6678.8			0.9540581505960178
6679.700000000001			0.9719135049070896
6680.6			0.9888834613883297
6681.5			0.9955010314823208
6682.4			0.9955216549076678
6683.3			0.9966362167293914
6684.200000000001			1.0002290085109133
6685.1			1.0013090853879758
6686.0			0.9986190913898236
6686.9			0.993716964821233
6687.8			0.990562499185188
6688.700000000001			0.9894947317255428
6689.6			0.9899087904290964
6690.5			0.991124474405557
6691.4			0.9930962341332042
6692.3			0.9934840018617042
6693.200000000001			0.99489362362989
6694.1			0.9968236773293451
6695.0			0.9927572937519891
6695.9			0.9837089308009033
6696.8			0.9789102309964621
6697.700000000001			0.9815033528883179
6698.6			0.9849495597578467
6699.5			0.9887753144554113
6700.4			0.99133716203956
6701.3			0.9896874243398016
6702.200000000001			0.9864656821755895
6703.1			0.9830447004830162
6704.0			0.9788780650752859
6704.9			0.976070970431918
6705.8			0.976395008419938
6706.700000000001			0.9761232120479859
6707.6			0.9762712230272379
6708.5			0.9799091563987185
6709.4			0.9850081342240885
6710.3			0.9865640322080068
6711.200000000001			0.986104165331263
6712.1			0.9859548727703541
6713.0			0.9838382423904657
6713.9			0.9806291801697165
6714.8			0.9780614201779779
6715.700000000001			0.9745814692239922
6716.6			0.9642242892956713
6717.5			0.9547616788802978
6718.4			0.9595767165559473
6719.3			0.97519932098318
6720.200000000001			0.9856391443168484
6721.1			0.9875722458250887
6722.0			0.9879907436926787
6722.9			0.993004119137154
6723.8			1.0010418804350645
6724.700000000001			1.003235190174761
6725.6			0.9980710481220444
6726.5			0.9910158291354189
6727.4			0.989180866905682
6728.3			0.98995881237214
6729.200000000001			0.991404310647762
6730.1			0.9941099218355157
6731.0			0.996773977671113
6731.9			0.9972101282620339
6732.8			0.9948500053182563
6733.700000000001			0.9925390105321716
6734.6			0.993471720755196
6735.5			0.9956137414846148
6736.4			0.9956595468447668
6737.3			0.9925460960154942
6738.200000000001			0.9874336059120281
6739.1			0.9855599354767094
6740.0			0.9873133014916964
6740.9			0.9897715489373808
6741.8			0.9886542961131499
6742.700000000001			0.9851301817764979
6743.6			0.9835102658952333
6744.5			0.98585166139752
6745.4			0.9889842571604067
6746.3			0.9880694023597654
6747.200000000001			0.9834150295702767
6748.1			0.9770703480040905
6749.0			0.971276411995331
6749.9			0.9686627670486047
6750.8			0.9711960364056663
6751.700000000001			0.9784576701983044
6752.6			0.9843618712696715
6753.5			0.9881538563470523
6754.4			0.9909540278212909
6755.3			0.9885940763428684
6756.200000000001			0.984330948538166
6757.1			0.985852979168401
6758.0			0.991333052278459
6758.9			0.9958821263926054
6759.8			0.9978006378720053
6760.700000000001			0.9972732935583027
6761.6			0.9953431746703375
6762.5			0.9950078130054082
6763.4			0.9962976868366634
6764.3			0.9965555781669113
6765.200000000001			0.9932281097573735
6766.1			0.9849276027416515
6767.0			0.9728079091211171
6767.9			0.9653246439439269
6768.8			0.9728949899862628
6769.700000000001			0.9875533020284553
6770.6			0.994002383003047
6771.5			0.9885226314114569
6772.4			0.983257370490237
6773.3			0.9864808924139682
6774.200000000001			0.9940990527359783
6775.1			0.9965069188576455
6776.0			0.9949758377273339
6776.9			0.994297104680561
6777.8			0.9946209064213449
6778.700000000001			0.9959640276711287
6779.6			0.9958930222269736
6780.5			0.9939494105819051
6781.4			0.9926642753606157
6782.3			0.9901658037725098
6783.200000000001			0.9837797404232539
6784.1			0.9788594102548731
6785.0			0.9796061814981192
6785.9			0.9823132102835224
6786.8			0.9836247296725459
6787.700000000001			0.9876275671919449
6788.6			0.994327000805223
6789.5			0.9987531208546546
6790.4			0.9986759808549699
6791.3			0.9956294991894965
6792.200000000001			0.9934440917063727
6793.1			0.9929367501014282
6794.0			0.9915452992342707
6794.9			0.9890107015404029
6795.8			0.9888409759265233
6796.700000000001			0.9901627201923606
6797.6			0.9884910925862779
6798.5			0.9843529493643814
6799.4			0.9826020061988345
6800.3			0.9823428439061022
6801.200000000001			0.9850026186269705
6802.1			0.9887319871922041
6803.0			0.9885463896157961
6803.9			0.9851892254024017
6804.8			0.9840985571469008
6805.700000000001			0.9857702071774856
6806.6			0.9860128264004512
6807.5			0.9847329333839077
6808.4			0.9827269232222278
6809.3			0.9786724883556955
6810.200000000001			0.9752736031086924
6811.1			0.9794098899487047
6812.0			0.987769815626188
6812.9			0.9914424744556302
6813.8			0.9904742652551749
6814.700000000001			0.9893749345963162
6815.6			0.9889810703238129
6816.5			0.9876726929833457
6817.4			0.9849807493540075
6818.3			0.9823948365664453
6819.200000000001			0.9801619409056881
6820.1			0.9761220700048407
6821.0			0.9743719561880543
6821.9			0.9787362709944409
6822.8			0.9854725647824759
6823.700000000001			0.9874653490055744
6824.6			0.9851614640340312
6825.5			0.985375711604259
6826.4			0.9885398176070502
6827.3			0.9849503664485388
6828.200000000001			0.9759473715327747
6829.1			0.9733849346626556
6830.0			0.9801025981001736
6830.9			0.9870997176638506
6831.8			0.9894232126719917
6832.700000000001			0.9905486841544809
6833.6			0.9926584618888331
6834.5			0.9947945079861009
6835.4			0.9945069057207284
6836.3			0.9902542558411612
6837.200000000001			0.9852694864300336
6838.1			0.9822774540955441
6839.0			0.9773935836183278
6839.9			0.9692603790913662
6840.8			0.9603485200250226
6841.700000000001			0.9528846693411754
6842.6			0.9516044427224255
6843.5			0.9570157577613282
6844.4			0.9670427210699116
6845.3			0.977993585356251
6846.200000000001			0.9833425759305257
6847.1			0.9834385284141552
6848.0			0.9851005244115267
6848.9			0.9896666691885443
6849.8			0.9931497304581745
6850.700000000001			0.9933254647431083
6851.6			0.9881448389095451
6852.5			0.9826411413502351
6853.4			0.9786877465460633
6854.3			0.9711019606831209
6855.200000000001			0.9602319009168955
6856.1			0.9557800738697189
6857.0			0.9609723447048266
6857.9			0.969525692571392
6858.8			0.9783049629002064
6859.700000000001			0.9855559761692165
6860.6			0.9853918623478573
6861.5			0.9785529838886821
6862.4			0.9747790430139603
6863.3			0.9774128173800505
6864.200000000001			0.9788193415440666
6865.1			0.9735474704239339
6866.0			0.9724171222957673
6866.9			0.9810988134918804
6867.8			0.9855211253279357
6868.700000000001			0.9834577109146698
6869.6			0.9829370137270436
6870.5			0.9826495570167487
6871.4			0.9804585345294246
6872.3			0.9762906066525849
6873.200000000001			0.974378964710032
6874.1			0.9767542431837256
6875.0			0.9798421768889771
6875.9			0.9804519471310364
6876.8			0.9793984821980507
6877.700000000001			0.9827872649803937
6878.6			0.9886328548343142
6879.5			0.9892679731053675
6880.4			0.983931024827154
6881.3			0.9742879322287594
6882.200000000001			0.9653413680822449
6883.1			0.9636963274785508
6884.0			0.9706667895821007
6884.9			0.9809546502896481
6885.8			0.9799169669129331
6886.700000000001			0.9683317855239291
6887.6			0.9665412268630093
6888.5			0.9778350369854009
6889.4			0.982837833126254
6890.3			0.9800707840993917
6891.200000000001			0.985168852929987
6892.1			0.9942166332860238
6893.0			0.9911986042258303
6893.9			0.9817564792320211
6894.8			0.9802738602742149
6895.700000000001			0.9832506835421149
6896.6			0.9781546614816422
6897.5			0.9734929621549367
6898.4			0.9792688448188537
6899.3			0.9899021790161625
6900.200000000001			0.9918496705376828
6901.1			0.9838242145787977
6902.0			0.9772978136243284
6902.9			0.9809715477998034
6903.8			0.9914851726547536
6904.700000000001			0.9943357391234745
6905.6			0.9876646098526219
6906.5			0.9837013893278993
6907.4			0.9891788987857698
6908.3			0.9942420563566997
6909.200000000001			0.9921854167992483
6910.1			0.9872956926502009
6911.0			0.983770711751722
6911.9			0.984996580729427
6912.8			0.9858618487202513
6913.700000000001			0.978969646488637
6914.6			0.9667568255592832
6915.5			0.9604379364458974
6916.4			0.9638900082941262
6917.3			0.9715143535991531
6918.200000000001			0.9795842911202016
6919.1			0.9855080581110957
6920.0			0.9896624023641769
6920.9			0.9906386010600419
6921.8			0.990738221234315
6922.700000000001			0.9905261468591698
6923.6			0.9828860502039573
6924.5			0.9713919994619049
6925.4			0.9670183213577279
6926.3			0.9724923719911557
6927.200000000001			0.9824200382293972
6928.1			0.9878711276030043
6929.0			0.9866286135948565
6929.9			0.9821005432538362
6930.8			0.9777688921498239
6931.700000000001			0.9775169266510914
6932.6			0.979712516058061
6933.5			0.9802487161564918
6934.4			0.9802883228299322
6935.3			0.9828727668642954
6936.200000000001			0.9857479832865559
6937.1			0.9828266632238463
6938.0			0.9741483909772874
6938.9			0.9704844862650013
6939.8			0.9768888378637305
6940.700000000001			0.9847518514559832
6941.6			0.9870802289535112
6942.5			0.9869535962309279
6943.4			0.9869647224100468
6944.3			0.9803785231893132
6945.200000000001			0.9660515750644441
6946.1			0.9573845533358742
6947.0			0.9640735933555092
6947.9			0.9729590189469662
6948.8			0.9735408189403081
6949.700000000001			0.9727086679881272
6950.6			0.9719088541792037
6951.5			0.9687401781569701
6952.4			0.9667834052405843
6953.3			0.9664724286237774
6954.200000000001			0.9674934087523296
6955.1			0.970399529204892
6956.0			0.975436376441186
6956.9			0.980623585193861
6957.8			0.9835747815503376
6958.700000000001			0.9841774960141924
6959.6			0.9817948873844877
6960.5			0.98111550141938
6961.4			0.9846085497986399
6962.3			0.988189574551969
6963.200000000001			0.9898059607332892
6964.1			0.9899253722552892
6965.0			0.9873135225385579
6965.9			0.9846009922314428
6966.8			0.9866106648930503
6967.700000000001			0.9907643478229079
6968.6			0.9936083977006754
6969.5			0.9957147617487578
6970.4			0.9956840180412724
6971.3			0.9946237093400466
6972.200000000001			0.9946263864594417
6973.1			0.9961249025235308
6974.0			0.9968600510620315
6974.9			0.9907412135492502
6975.8			0.9791433498026422
6976.700000000001			0.9702784181614431
6977.6			0.962134446022965
6978.5			0.9497541456309864
6979.4			0.9434001564419248
6980.3			0.9551917300543322
6981.200000000001			0.9747851120000681
6982.1			0.98503645616056
6983.0			0.9882156687116774
6983.9			0.9887763254238834
6984.8			0.9864010471005424
6985.700000000001			0.985534534160645
6986.6			0.9853994872601411
6987.5			0.9850264971844144
6988.4			0.9877877749912252
6989.3			0.9914019920784386
6990.200000000001			0.9924756858746837
6991.1			0.991652993412844
6992.0			0.9901222611359813
6992.9			0.988891204690525
6993.8			0.9894022422792749
6994.700000000001			0.9943294942072894
6995.6			1.0003974461500218
6996.5			0.999782243185083
6997.4			0.9929270704109965
6998.3			0.9875030228685288
6999.200000000001			0.9802356202170861
7000.1			0.9706555058713432
7001.0			0.9711383705888248
7001.9			0.9793623464583694
7002.8			0.9783760607712886
7003.700000000001			0.9664759820740773
7004.6			0.9566391829766571
7005.5			0.9533867944533165
7006.4			0.9540814384480018
7007.3			0.9598769028510401
7008.200000000001			0.9676850154203258
7009.1			0.9739374099980175
7010.0			0.9798794599100776
7010.9			0.9812980319289061
7011.8			0.9748450179702999
7012.700000000001			0.9684440843985299
7013.6			0.9690677768840685
7014.5			0.9716042026598275
7015.4			0.9657993814528166
7016.3			0.9514172476887831
7017.200000000001			0.9415400626162461
7018.1			0.9495015504156746
7019.0			0.9684472222420524
7019.9			0.9839917058975035
7020.8			0.9918390420203899
7021.700000000001			0.9894564811027622
7022.6			0.9766303294200503
7023.5			0.9627070141188553
7024.4			0.9559202119669944
7025.3			0.9549346038714104
7026.200000000001			0.9621720092973155
7027.1			0.9750825124053193
7028.0			0.9842477178472424
7028.9			0.9876474535062073
7029.8			0.9852758775196626
7030.700000000001			0.9805631151907998
7031.6			0.9778123187006714
7032.5			0.9774276505743646
7033.4			0.9743962747361109
7034.3			0.9662107879528337
7035.200000000001			0.9588513652157651
7036.1			0.9590213854455515
7037.0			0.9639642998844625
7037.9			0.96129225441689
7038.8			0.9543420653287855
7039.700000000001			0.959026163708024
7040.6			0.9725238456179298
7041.5			0.9819121450821071
7042.4			0.9837496156126537
7043.3			0.9834689982512799
7044.200000000001			0.9838920723073762
7045.1			0.982913605027484
7046.0			0.9847866943438324
7046.9			0.9916647999413509
7047.8			0.9971670160076783
7048.700000000001			0.9991210942033042
7049.6			0.9994180997185869
7050.5			0.9978159927154296
7051.4			0.9922230199073482
7052.3			0.9833841044129147
7053.200000000001			0.9772565417612408
7054.1			0.9785240974198944
7055.0			0.9840492200135693
7055.9			0.9875903873906037
7056.8			0.9880979816719165
7057.700000000001			0.9893479372802173
7058.6			0.9892956835172456
7059.5			0.985118685209593
7060.4			0.9804205333941177
7061.3			0.9793879942904811
7062.200000000001			0.983035336945656
7063.1			0.9881958369975195
7064.0			0.9920060074259133
7064.9			0.9903684211576433
7065.8			0.9824893960540825
7066.700000000001			0.9763965792350092
7067.6			0.9692307955395141
7068.5			0.9578544630256928
7069.4			0.9515534994653164
7070.3			0.9580406577004545
7071.200000000001			0.9680230199514105
7072.1			0.9714986671528094
7073.0			0.9722858758105052
7073.9			0.9772940577202832
7074.8			0.9843268258467494
7075.700000000001			0.9892773958461433
7076.6			0.9904606478638124
7077.5			0.9893994522208486
7078.4			0.9883494299790236
7079.3			0.9874219470518852
7080.200000000001			0.9872936035201846
7081.1			0.9875690261575653
7082.0			0.986433487233855
7082.9			0.9825539711278044
7083.8			0.9743411204986383
7084.700000000001			0.9661638498510955
7085.6			0.962191356468075
7086.5			0.9634640008731876
7087.4			0.967429744564034
7088.3			0.9730773341602454
7089.200000000001			0.9770185061685641
7090.1			0.9742190222046856
7091.0			0.9677030390091619
7091.9			0.9654185266100282
7092.8			0.9681742619200583
7093.700000000001			0.9732775818082309
7094.6			0.9781818177953426
7095.5			0.9777459450642639
7096.4			0.9730529299114377
7097.3			0.967964296422464
7098.200000000001			0.9655603578238375
7099.1			0.9690871990560811
7100.0			0.9764862069888501
7100.9			0.9824651229465413
7101.8			0.9837641802732326
7102.700000000001			0.9819237790022991
7103.6			0.980803831072373
7104.5			0.9821373588661633
7105.4			0.9846806132280057
7106.3			0.9834324155756183
7107.200000000001			0.9793442859195526
7108.1			0.9767132580827779
7109.0			0.9762039751139029
7109.9			0.9757638729871846
7110.8			0.9729781374411566
7111.700000000001			0.9685513114603594
7112.6			0.9671633537119603
7113.5			0.9709198892136741
7114.4			0.9769144394391255
7115.3			0.9799876726231965
7116.200000000001			0.9808213523551244
7117.1			0.9807141879984913
7118.0			0.9799190030243764
7118.9			0.9786691659392845
7119.8			0.9773814770171134
7120.700000000001			0.9736974224735949
7121.6			0.9641780171645156
7122.5			0.9527434435399075
7123.4			1.0
7124.3			1.0179687009840328
7125.200000000001			1.037217021903215
7126.1			1.050156180852669
7127.0			1.050570108347202
7127.9			1.0462071408708322
7128.8			1.044850828344344
7129.700000000001			1.0428592751198635
7130.6			1.037199751765214
7131.5			1.0317950833576057
7132.4			1.0366535645899648
7133.3			1.0501664561360458
7134.200000000001			1.0625727467974497
7135.1			1.0722539226140562
7136.0			1.0817870950832378
7136.9			1.0897627190771637
7137.8			1.0949697558522422
7138.700000000001			1.0983752725976277
7139.6			1.1011597839484075
7140.5			1.1071855869682403
7141.4			1.1149424432085986
7142.3			1.117107462471316
7143.200000000001			1.11686067508685
7144.1			1.1210826880643645
7145.0			1.1276779885966095
7145.9			1.13103009938881
7146.8			1.1287330881743105
7147.700000000001			1.114600349061257
7148.6			1.0906898719598492
7149.5			1.082312983101998
7150.4			1.1022859490381611
7151.3			1.1296853041430768
7152.200000000001			1.1473048273274176
7153.1			1.1565874238021285
7154.0			1.1619682678606518
7154.9			1.165655271824633
7155.8			1.1676717255017837
7156.700000000001			1.1681910693680801
7157.6			1.1695083750384283
7158.5			1.1696071143294948
7159.4			1.1691211348968535
7160.3			1.1714188319197034
7161.200000000001			1.1760195438920147
7162.1			1.179935668111871
7163.0			1.179853073906563
7163.9			1.167755084264683
7164.8			1.1402793298442562
7165.700000000001			1.1158435963663365
7166.6			1.1198632147932661
7167.5			1.1491439383480697
7168.4			1.1768665403253047
7169.3			1.1881612000624515
7170.200000000001			1.1879236778943882
7171.1			1.1847905872746407
7172.0			1.1895959515844083
7172.9			1.2029368357701815
7173.8			1.2100907197380923
7174.700000000001			1.203914805780581
7175.6			1.1953465875903824
7176.5			1.1971215340958845
7177.4			1.2065388380046411
7178.3			1.2130209015405768
7179.200000000001			1.217099236431539
7180.1			1.2229750644719086
7181.0			1.2246294320758986
7181.9			1.2137778239685966
7182.8			1.1992002055301823
7183.700000000001			1.2017011848131183
7184.6			1.2213334411956673
7185.5			1.2425354784235203
7186.4			1.2548410747619168
7187.3			1.2460470275022595
7188.200000000001			1.2193038718113243
7189.1			1.200818800896679
7190.0			1.2092401273259397
7190.9			1.2374964745807289
7191.8			1.2631150312831962
7192.700000000001			1.2721457306957957
7193.6			1.2664878994675879
7194.5			1.2583507944332446
7195.4			1.2600898771231435
7196.3			1.2719712588342638
7197.200000000001			1.2824469311074524
7198.1			1.2846959341660462
7199.0			1.2921821206818878
7199.9			1.3196725221852277
7200.8			1.3497439273068461
7201.700000000001			1.349883904056481
7202.6			1.3251442258168464
7203.5			1.3104091831864901
7204.4			1.322941210458246
7205.3			1.3490786928180942
7206.200000000001			1.3628099314721456
7207.1			1.3496956739927561
7208.0			1.3214072939671506
7208.9			1.3092311505909953
7209.8			1.3278616480206016
7210.700000000001			1.3606013090798057
7211.6			1.3856695807524608
7212.5			1.39790375401942
7213.4			1.4036240099364712
7214.3			1.4067118815517428
7215.200000000001			1.4079649440867594
7216.1			1.408112274677377
7217.0			1.4107009981599807
7217.9			1.4190004473091038
7218.8			1.428981120261897
7219.700000000001			1.4350905126062252
7220.6			1.4367752463469885
7221.5			1.4385699998052197
7222.4			1.4440241308638697
7223.3			1.4466432052828375
7224.200000000001			1.4412461239135321
7225.1			1.436618602161242
7226.0			1.4448278719813616
7226.9			1.4616697258537448
7227.8			1.4752464697539729
7228.700000000001			1.483418195109096
7229.6			1.4884778646930115
7230.5			1.4870119967583322
7231.4			1.4883974188436095
7232.3			1.4970373319684322
7233.200000000001			1.5073651303974611
7234.1			1.5194368057093022
7235.0			1.5275960439008724
7235.9			1.5195925197651834
7236.8			1.502627898870056
7237.700000000001			1.49583445630772
7238.6			1.5026590873228989
7239.5			1.5159347148819762
7240.4			1.5292760926765792
7241.3			1.5348338249342617
7242.200000000001			1.5392243021021657
7243.1			1.5547025685356368
7244.0			1.5726719206453157
7244.9			1.5747083087553053
7245.8			1.5666772522184518
7246.700000000001			1.5651603618145877
7247.6			1.580587048847361
7248.5			1.6019141267376285
7249.4			1.613988432546161
7250.3			1.6098454866610903
7251.200000000001			1.5988297016666464
7252.1			1.6070423495493718
7253.0			1.6425364871746502
7253.9			1.6761478393177582
7254.8			1.685310810691231
7255.700000000001			1.6809062908452332
7256.6			1.6872124787346097
7257.5			1.7037535596190454
7258.4			1.7144798179971155
7259.3			1.7156148339863782
7260.200000000001			1.7113504216231559
7261.1			1.703898829956943
7262.0			1.6953738649884897
7262.9			1.6948934492471601
7263.8			1.7155627281441095
7264.700000000001			1.7558989616966822
7265.6			1.7920373486269574
7266.5			1.8064676792286083
7267.4			1.8019070804664024
7268.3			1.788497145546664
7269.200000000001			1.781459812602936
7270.1			1.7882647374521448
7271.0			1.7994678077798805
7271.9			1.812672298172439
7272.8			1.8254483834148711
7273.700000000001			1.8230209063530238
7274.6			1.8111195295042664
7275.5			1.8098894132714363
7276.4			1.830164505920999
7277.3			1.8617366792525556
7278.200000000001			1.8821437348172347
7279.1			1.8924582327684574
7280.0			1.907759126501632
7280.9			1.9274000524690111
7281.8			1.9332554485894369
7282.700000000001			1.9177723136645055
7283.6			1.889180188116579
7284.5			1.86848862129094
7285.4			1.8722671250255745
7286.3			1.901584040111069
7287.200000000001			1.9409292019148534
7288.1			1.962109534558477
7289.0			1.9480457143892216
7289.9			1.9198284077283603
7290.8			1.9162639973518736
7291.700000000001			1.9451745011655028
7292.6			1.9712405934030337
7293.5			1.9746719935290034
7294.4			1.9810970272396282
7295.3			2.015419661070872
7296.200000000001			2.057922857337405
7297.1			2.0875894842606186
7298.0			2.112735992314553
7298.9			2.139083477298733
7299.8			2.1570132016274126
7300.700000000001			2.159674059650953
7301.6			2.159254865153684
7302.5			2.1666540909994962
7303.4			2.1927436883757023
7304.3			2.224852215840339
7305.200000000001			2.243286720428304
7306.1			2.2471169082492195
7307.0			2.2421101476271037
7307.9			2.2271696187489463
7308.8			2.218683998588547
7309.700000000001			2.231163089321024
7310.6			2.2548493297764027
7311.5			2.2692579019216774
7312.4			2.278005812382039
7313.3			2.293115652763118
7314.200000000001			2.320401127220383
7315.1			2.3465534230315708
7316.0			2.3577553512617384
7316.9			2.3687699064512278
7317.8			2.3899141359210283
7318.700000000001			2.4124694080936733
7319.6			2.4288581421117166
7320.5			2.4357212998799858
7321.4			2.437529069602524
7322.3			2.4451070710488936
7323.200000000001			2.474932567851892
7324.1			2.5130080062291142
7325.0			5.049933681643349
7325.9			2.4922929371004297
7326.8			2.4613055861042272
7327.700000000001			2.463689936119852
7328.6			2.513557586368808
7329.5			2.571217005287573
7330.4			2.607520746914917
7331.3			2.6245448191439253
7332.200000000001			2.6320298946222853
7333.1			2.6485761008144393
7334.0			2.6710260383684323
7334.9			2.702273814040035
7335.8			2.739088139992479
7336.700000000001			2.77278006947547
7337.6			2.797578663996543
7338.5			2.820515450701433
7339.4			2.849259852745752
7340.3			2.8800556297399558
7341.200000000001			2.903441674194536
7342.1			2.9205046694903847
7343.0			2.9401603393991973
7343.9			2.960023853407271
7344.8			2.976646355582259
7345.700000000001			2.9896459793525128
7346.6			3.0159969538021727
7347.5			3.0505370340808677
7348.4			3.0870558759285136
7349.3			3.116928651084286
7350.200000000001			3.131033941671589
7351.1			3.1236273225408784
7352.0			3.1117634472832347
7352.9			3.1116860433219657
7353.8			3.1406063639541895
7354.700000000001			3.1821167512078756
7355.6			3.216625767164619
7356.5			3.230077473434346
7357.4			3.2364209958752217
7358.3			3.2493076582318423
7359.200000000001			3.2848440907588805
7360.1			3.345834464457517
7361.0			3.4112098142455234
7361.9			3.4437155958771357
7362.8			3.44435942614639
7363.700000000001			3.4400746639530806
7364.6			3.4515666835334726
7365.5			3.490684341925316
7366.4			3.5398986657871183
7367.3			3.5856675278957453
7368.200000000001			3.6304286330860793
7369.1			3.682678409376233
7370.0			3.7255214030045516
7370.9			3.7460863536666666
7371.8			3.767913847623924
7372.700000000001			3.787439373286006
7373.6			3.807457907711013
7374.5			3.8395747977319576
7375.4			3.882142318735499
7376.3			3.9360896354655943
7377.200000000001			3.9874896205681813
7378.1			4.046829224896827
7379.0			4.1160596789259305
7379.9			4.1701534735535235
7380.8			4.2091244330995545
7381.700000000001			4.248544732495482
7382.6			4.284419501889601
7383.5			4.3188325109934675
7384.4			4.3622625552363425
7385.3			4.424470105019761
7386.200000000001			4.465568783547088
7387.1			4.46303952859585
7388.0			4.450630515610697
7388.9			4.459671968393748
7389.8			4.49473979597094
7390.700000000001			4.56230416274158
7391.6			4.682939094758386
7392.5			4.845099929183202
7393.4			4.976023923425092
7394.3			5.0203705833585754
7395.200000000001			5.036601355804097
7396.1			5.1118813339529865
7397.0			5.252206080451056
7397.9			5.410419432105729
7398.8			5.52797472117393
7399.700000000001			5.596013432988449
7400.6			5.644137864904079
7401.5			5.69323031151277
7402.4			5.772092105369352
7403.3			5.898478277170894
7404.200000000001			6.038794387364623
7405.1			6.15432161849061
7406.0			6.226734276299258
7406.9			6.266804456755571
7407.8			6.34856686315971
7408.700000000001			6.449615509371278
7409.6			6.499554322582151
7410.5			6.528515241961021
7411.4			6.629093839101491
7412.3			6.790317990475495
7413.200000000001			6.029097107450038
7414.1			3.2293488858014974
7415.0			0.6876280191325385
7415.9			0.00011501337819800513
7416.8			0.0001175723309600675
7417.700000000001			0.00012024774404306563
7418.6			0.00012304775289933483
7419.5			0.00012598126879314247
7420.4			0.00012905807353785987
7421.3			0.00013228892846310424
7422.200000000001			0.00013568570016952018
7423.1			0.0001392615061681045
7424.0			0.00014303088417156806
7424.9			0.00014700998964371106
7425.8			0.0001512168272672372
7426.700000000001			0.00015567152332442358
7427.6			0.00016039664768349244
7428.5			0.00016541759626045188
7429.4			1.0
