3500.0			1.0
3500.9			1.0
3501.8			1.0
3502.7			1.0
3503.6			1.0
3504.5			1.0
3505.4			1.0
3506.3			1.0
3507.2			1.0
3508.1			1.0
3509.0			1.0
3509.9			1.0
3510.8			1.0
3511.7			1.0
3512.6			1.0
3513.5			1.0
3514.4			1.0
3515.3			1.0
3516.2			1.0
3517.1			1.0
3518.0			1.0
3518.9			1.0
3519.8			1.0
3520.7			1.0
3521.6			1.0
3522.5			1.0
3523.4			1.0
3524.3			1.0
3525.2			1.0
3526.1			1.0
3527.0			1.0
3527.9			1.0
3528.8			1.0
3529.7			1.0
3530.6			1.0
3531.5			1.0
3532.4			1.0
3533.3			1.0
3534.2			1.0
3535.1			1.0
3536.0			1.0
3536.9			1.0
3537.8			1.0
3538.7			1.0
3539.6			1.0
3540.5			1.0
3541.4			1.0
3542.3			1.0
3543.2			1.0
3544.1			1.0
3545.0			1.0
3545.9			1.0
3546.8			1.0
3547.7			1.0
3548.6			1.0
3549.5			1.0
3550.4			1.0
3551.3			1.0
3552.2			1.0
3553.1			1.0
3554.0			1.0
3554.9			1.0
3555.8			1.0
3556.7			1.0
3557.6			1.0
3558.5			1.0
3559.4			1.0
3560.3			1.0
3561.2			1.0
3562.1			1.0
3563.0			1.0
3563.9			1.0
3564.8			1.0
3565.7			1.0
3566.6			1.0
3567.5			1.0
3568.4			1.0
3569.3			1.0
3570.2			1.0
3571.1			1.0
3572.0			1.0
3572.9			1.0
3573.8			1.0
3574.7			1.0
3575.6			1.0
3576.5			1.0
3577.4			1.0
3578.3			1.0
3579.2			1.0
3580.1			1.0
3581.0			1.0
3581.9			1.0
3582.8			1.0
3583.7			1.0
3584.6			1.0
3585.5			1.0
3586.4			1.0
3587.3			1.0
3588.2			1.0
3589.1			1.0
3590.0			1.0
3590.9			1.0
3591.8			1.0
3592.7			1.0
3593.6			1.0
3594.5			1.0
3595.4			1.0
3596.3			1.0
3597.2			1.0
3598.1			1.0
3599.0			1.0
3599.9			1.0
3600.8			1.0
3601.7			1.0
3602.6			1.0
3603.5			1.0
3604.4			1.0
3605.3			1.0
3606.2			1.0
3607.1			1.0
3608.0			1.0
3608.9			1.0
3609.8			1.0
3610.7			1.0
3611.6			1.0
3612.5			1.0
3613.4			1.0
3614.3			1.0
3615.2			1.0
3616.1			1.0
3617.0			1.0
3617.9			1.0
3618.8			1.0
3619.7			1.0
3620.6			1.0
3621.5			1.0
3622.4			1.0
3623.3			1.0
3624.2			1.0
3625.1			1.0
3626.0			1.0
3626.9			1.0
3627.8			1.0
3628.7			1.0
3629.6			1.0
3630.5			1.0
3631.4			1.0
3632.3			1.0
3633.2			1.0
3634.1			1.0
3635.0			1.0
3635.9			1.0
3636.8			1.0
3637.7			1.0
3638.6			1.0
3639.5			1.0
3640.4			1.0
3641.3			1.0
3642.2			1.0
3643.1			1.0
3644.0			1.0
3644.9			1.0
3645.8			1.0
3646.7			1.0
3647.6			1.0
3648.5			1.0
3649.4			1.0
3650.3			1.0
3651.2			1.0
3652.1			1.0
3653.0			1.0
3653.9			1.0
3654.8			1.0
3655.7			1.0
3656.6			1.0
3657.5			1.0
3658.4			1.0
3659.3			1.0
3660.2			1.0
3661.1			1.0
3662.0			1.0
3662.9			1.0
3663.8			1.0
3664.7			1.0
3665.6			1.0
3666.5			1.0
3667.4			1.0
3668.3			1.0
3669.2			1.0
3670.1			1.0
3671.0			1.0
3671.9			1.0
3672.8			1.0
3673.7			1.0
3674.6			1.0
3675.5			1.0
3676.4			1.0
3677.3			1.0
3678.2			1.0
3679.1			1.0
3680.0			1.0
3680.9			1.0
3681.8			1.0
3682.7			1.0
3683.6			1.0
3684.5			1.0
3685.4			1.0
3686.3			1.0
3687.2			1.0
3688.1			1.0
3689.0			1.0
3689.9			1.0
3690.8			1.0
3691.7			1.0
3692.6			1.0
3693.5			1.0
3694.4			1.0
3695.3			1.0
3696.2			1.0
3697.1			1.0
3698.0			1.0
3698.9			1.0
3699.8			1.0
3700.7			1.0
3701.6			1.0
3702.5			1.0
3703.4			1.0
3704.3			1.0
3705.2			1.0
3706.1			1.0
3707.0			1.0
3707.9			1.0
3708.8			1.0
3709.7			1.0
3710.6			1.0
3711.5			1.0
3712.4			1.0
3713.3			1.0
3714.2			1.0
3715.1			1.0
3716.0			1.0
3716.9			1.0
3717.8			1.0
3718.7			1.0
3719.6			1.0
3720.5			1.0
3721.4			1.0
3722.3			1.0
3723.2			1.0
3724.1			1.0
3725.0			1.0
3725.9			1.0
3726.8			1.0
3727.7			1.0
3728.6			1.0
3729.5			1.0
3730.4			1.0
3731.3			1.0
3732.2			1.0
3733.1			1.0
3734.0			1.0
3734.9			1.0
3735.8			1.0
3736.7			1.0
3737.6			1.0
3738.5			1.0
3739.4			1.0
3740.3			1.0
3741.2			1.0
3742.1			1.0
3743.0			1.0
3743.9			1.0
3744.8			1.0
3745.7			1.0
3746.6			1.0
3747.5			1.0
3748.4			1.0
3749.3			1.0
3750.2			1.0
3751.1			1.0
3752.0			1.0
3752.9			1.0
3753.8			1.0
3754.7			1.0
3755.6			1.0
3756.5			1.0
3757.4			1.0
3758.3			1.0
3759.2			1.0
3760.1			1.0
3761.0			1.0
3761.9			1.0
3762.8			1.0
3763.7			1.0
3764.6			1.0
3765.5			1.0
3766.4			1.0
3767.3			1.0
3768.2			1.0
3769.1			1.0
3770.0			1.0
3770.9			1.0
3771.8			1.0
3772.7			1.0
3773.6			1.0
3774.5			1.0
3775.4			1.0
3776.3			1.0
3777.2			1.0
3778.1			1.0
3779.0			1.0
3779.9			1.0
3780.8			1.0
3781.7			1.0
3782.6			1.0
3783.5			1.0
3784.4			1.0
3785.3			1.0
3786.2			1.0
3787.1			1.0
3788.0			1.0
3788.9			1.0
3789.8			1.0
3790.7			1.0
3791.6			1.0
3792.5			1.0
3793.4			1.0
3794.3			1.0
3795.2			1.0
3796.1			1.0
3797.0			1.0
3797.9			1.0
3798.8			1.0
3799.7			1.0
3800.6			1.0
3801.5			1.0
3802.4			1.0
3803.3			1.0
3804.2			1.0
3805.1			1.0
3806.0			1.0
3806.9			1.0
3807.8			1.0
3808.7			1.0
3809.6			1.0
3810.5			1.0
3811.4			1.0
3812.3			1.0
3813.2			1.0
3814.1			1.0
3815.0			1.0
3815.9			1.0
3816.8			1.0
3817.7			1.0
3818.6			1.0
3819.5			1.0
3820.4			1.0
3821.3			1.0
3822.2			1.0
3823.1			1.0
3824.0			1.0
3824.9			1.0
3825.8			1.0
3826.7			1.0
3827.6			1.0
3828.5			1.0
3829.4			1.0
3830.3			1.0
3831.2			1.0
3832.1			1.0
3833.0			1.0
3833.9			1.0
3834.8			1.0
3835.7			1.0
3836.6			1.0
3837.5			1.0
3838.4			1.0
3839.3			1.0
3840.2			1.0
3841.1			1.0
3842.0			1.0
3842.9			1.0
3843.8			1.0
3844.7			1.0
3845.6			1.0
3846.5			1.0
3847.4			1.0
3848.3			1.0
3849.2			1.0
3850.1			1.0
3851.0			1.0
3851.9			1.0
3852.8			1.0
3853.7			1.0
3854.6			1.0
3855.5			1.0
3856.4			1.0
3857.3			1.0
3858.2			1.0
3859.1			1.0
3860.0			1.0
3860.9			1.0
3861.8			1.0
3862.7			1.0
3863.6			1.0
3864.5			1.0
3865.4			1.0
3866.3			1.0
3867.2			1.0
3868.1			1.0
3869.0			1.0
3869.9			1.0
3870.8			1.0
3871.7			1.0
3872.6			1.0
3873.5			1.0
3874.4			1.0
3875.3			1.0
3876.2			1.0
3877.1			1.0
3878.0			1.0
3878.9			1.0
3879.8			1.0
3880.7			1.0
3881.6			1.0
3882.5			1.0
3883.4			1.0
3884.3			1.0
3885.2			1.0
3886.1			1.0
3887.0			1.0
3887.9			1.0
3888.8			1.0
3889.7			1.0
3890.6			1.0
3891.5			1.0
3892.4			1.0
3893.3			1.0
3894.2			1.0
3895.1			1.0
3896.0			1.0
3896.9			1.0
3897.8			1.0
3898.7			1.0
3899.6			1.0
3900.5			1.0
3901.4			1.0
3902.3			1.0
3903.2			1.0
3904.1			1.0
3905.0			1.0
3905.9			1.0
3906.8			1.0
3907.7			1.0
3908.6			1.0
3909.5			1.0
3910.4			1.0
3911.3			1.0
3912.2			1.0
3913.1			1.0
3914.0			1.0
3914.9			1.0
3915.8			1.0
3916.7			1.0
3917.6			1.0
3918.5			1.0
3919.4			1.0
3920.3			1.0
3921.2			1.0
3922.1			1.0
3923.0			1.0
3923.9			1.0
3924.8			1.0
3925.7			1.0
3926.6			1.0
3927.5			1.0
3928.4			1.0
3929.3			1.0
3930.2			1.0
3931.1			1.0
3932.0			1.0
3932.9			1.0
3933.8			1.0
3934.7			1.0
3935.6			1.0
3936.5			1.0
3937.4			1.0
3938.3			1.0
3939.2			1.0
3940.1			1.0
3941.0			1.0
3941.9			1.0
3942.8			1.0
3943.7			1.0
3944.6			1.0
3945.5			1.0
3946.4			1.0
3947.3			1.0
3948.2			1.0
3949.1			1.0
3950.0			1.0
3950.9			1.0
3951.8			1.0
3952.7			1.0
3953.6			1.0
3954.5			1.0
3955.4			1.0
3956.3			1.0
3957.2			1.0
3958.1			1.0
3959.0			1.0
3959.9			1.0
3960.8			1.0
3961.7			1.0
3962.6			1.0
3963.5			1.0
3964.4			1.0
3965.3			1.0
3966.2			1.0
3967.1			1.0
3968.0			1.0
3968.9			1.0
3969.8			1.0
3970.7			1.0
3971.6			1.0
3972.5			1.0
3973.4			1.0
3974.3			1.0
3975.2			1.0
3976.1			1.0
3977.0			1.0
3977.9			1.0
3978.8			1.0
3979.7			1.0
3980.6			1.0
3981.5			1.0
3982.4			1.0
3983.3			1.0
3984.2			1.0
3985.1			1.0
3986.0			1.0
3986.9			1.0
3987.8			1.0
3988.7			1.0
3989.6			1.0
3990.5			1.0
3991.4			1.0
3992.3			1.0
3993.2			1.0
3994.1			1.0
3995.0			1.0
3995.9			1.0
3996.8			1.0
3997.7			1.0
3998.6			1.0
3999.5			1.0
4000.4			1.0
4001.3			1.0
4002.2			1.0
4003.1			1.027319065253991
4004.0			0.9352830384697683
4004.9			0.756211446058621
4005.8			0.6696036478670233
4006.7			0.7602870937375396
4007.6			0.9173258162314738
4008.5			1.0043373728866203
4009.4			1.0
4010.3			1.0
4011.2			1.0
4012.1			1.0
4013.0			1.0
4013.9			1.0
4014.8			1.0
4015.7			1.0
4016.6			1.0
4017.5			1.0
4018.4			1.0
4019.3			1.0
4020.2			1.0
4021.1			1.0
4022.0			1.0
4022.9			1.0
4023.8			1.0
4024.7			1.0
4025.6			1.0
4026.5			1.0
4027.4			1.0
4028.3			1.0119631044916726
4029.2			0.9201348397450355
4030.1			0.7297795976587862
4031.0			0.5773939683815787
4031.9			0.520635498082606
4032.8			0.4945613631473021
4033.7			0.48906510678523557
4034.6			0.5493554629424615
4035.5			0.6899626645102569
4036.4			0.8635889342010332
4037.3			0.9938159181002802
4038.2			1.0364918046496472
4039.1			0.9994625956455566
4040.0			1.0
4040.9			1.0
4041.8			1.0242426334892296
4042.7			1.0258700954006388
4043.6			0.875460496963555
4044.5			0.6272085926754017
4045.4			0.44488611378016474
4046.3			0.4476562843149567
4047.2			0.6193846426391494
4048.1			0.828859252790782
4049.0			0.995263934090756
4049.9			1.0
4050.8			1.0
4051.7			1.0
4052.6			1.0
4053.5			1.0
4054.4			1.0
4055.3			1.0
4056.2			1.0
4057.1			1.0
4058.0			1.0
4058.9			1.0
4059.8			1.12449852925938
4060.7			1.161961217316045
4061.6			1.0334507308597534
4062.5			0.7883544822413366
4063.4			0.6068773820456768
4064.3			0.6562319690396538
4065.2			0.8473300811095317
4066.1			0.96300397414788
4067.0			0.9980950988427872
4067.9			1.0
4068.8			1.0
4069.7			1.0
4070.6			1.0
4071.5			1.0
4072.4			1.0
4073.3			1.0
4074.2			1.0
4075.1			1.0
4076.0			0.9045693710948968
4076.9			0.8012743382397579
4077.8			0.7919522038573097
4078.7			0.8797227775488783
4079.6			1.0036745641207785
4080.5			1.0
4081.4			1.0
4082.3			1.0
4083.2			1.0
4084.1			1.0
4085.0			1.0
4085.9			1.0
4086.8			1.0
4087.7			1.0
4088.6			1.0
4089.5			1.0
4090.4			1.0
4091.3			1.0
4092.2			1.0
4093.1			1.0210924095433516
4094.0			1.041097652459877
4094.9			0.9711550856440895
4095.8			0.8645216445830243
4096.7			0.8218552537137597
4097.6			0.8391374419419969
4098.5			0.8661482015992257
4099.4			0.8635962550898372
4100.3			0.8035935622980792
4101.2			0.7426312636291446
4102.1			0.7685424150372218
4103.0			0.8475003084723727
4103.9			0.8958632286667895
4104.8			0.931626657396036
4105.7			0.9956920365966148
4106.6			1.0403610183122405
4107.5			1.0362933532557228
4108.4			1.0188336516597605
4109.3			0.9955474377694069
4110.2			1.0
4111.1			1.0
4112.0			1.0
4112.9			1.0
4113.8			1.0
4114.7			1.0
4115.6			1.0
4116.5			1.0
4117.4			1.0
4118.3			1.0
4119.2			1.0
4120.1			1.0
4121.0			1.0
4121.9			1.0
4122.8			1.0
4123.7			1.0
4124.6			1.0
4125.5			1.0
4126.4			1.0
4127.3			1.0
4128.2			1.0
4129.1			0.9990108066897612
4130.0			0.9706731764543508
4130.9			0.8675351333324356
4131.8			0.7313403931509419
4132.7			0.6754495324421506
4133.6			0.7084013291862483
4134.5			0.7924128280682435
4135.4			0.9193576857734778
4136.3			1.001861420895916
4137.2			1.0
4138.1			1.0
4139.0			1.0
4139.9			1.0140302781150259
4140.8			0.9915146805243548
4141.7			0.8681564668905847
4142.6			0.6645045716522279
4143.5			0.545447974674012
4144.4			0.6206207711516041
4145.3			0.8001919621556887
4146.2			0.9374310301917299
4147.1			1.0047721116585875
4148.0			1.0
4148.9			1.0
4149.8			1.0
4150.7			1.0
4151.6			1.0
4152.5			1.0
4153.4			1.0
4154.3			1.0
4155.2			1.0
4156.1			1.0
4157.0			1.0
4157.9			1.0
4158.8			1.0
4159.7			1.0
4160.6			1.0
4161.5			1.0
4162.4			1.0
4163.3			1.0
4164.2			1.0
4165.1			1.0
4166.0			1.0
4166.9			0.9405626083369868
4167.8			0.9222959422413303
4168.7			0.9848218606580258
4169.6			1.0480325357457436
4170.5			1.030188999648952
4171.4			0.9187989107482665
4172.3			0.8008652268945758
4173.2			0.7931265411872671
4174.1			0.8503332443933185
4175.0			0.8687248239279005
4175.9			0.8662776803615226
4176.8			0.8699387459342592
4177.7			0.8875257134321625
4178.6			0.9433659237284427
4179.5			0.9965621935068832
4180.4			1.0
4181.3			1.0
4182.2			1.0
4183.1			1.0
4184.0			1.0
4184.9			1.0395593690385219
4185.8			0.9775736196513629
4186.7			0.8208401959500626
4187.6			0.7423213225322831
4188.5			0.8404813453925607
4189.4			1.0
4190.3			1.0166460082433297
4191.2			0.9625465265712891
4192.1			0.9843233099048784
4193.0			1.0685852634759352
4193.9			1.0578209768291675
4194.8			0.9421290696829233
4195.7			0.8294186359245806
4196.6			0.7679137490331452
4197.5			0.7209244201378942
4198.4			0.6825611844458792
4199.3			0.6991209610409985
4200.2			0.7320523696158703
4201.1			0.7022300870658611
4202.0			0.6758759490172586
4202.9			0.7424803678728665
4203.8			0.8515517173370099
4204.7			0.9330356408337245
4205.6			0.9842617148203323
4206.5			1.0021552721584492
4207.4			1.0
4208.3			1.0
4209.2			1.0
4210.1			1.0
4211.0			1.0
4211.9			1.0
4212.8			1.012448439436502
4213.7			0.9411655708581711
4214.6			0.8288377683176311
4215.5			0.7482154606583847
4216.4			0.7887896777497103
4217.3			0.9106400583569503
4218.2			0.9999538062315322
4219.1			1.0
4220.0			1.0
4220.9			0.9927017567564135
4221.8			0.9145875663380013
4222.7			0.8052758105066197
4223.6			0.6933864679860784
4224.5			0.5549173053136559
4225.4			0.39735348477441756
4226.3			0.28515403292240393
4227.2			0.2984854285328969
4228.1			0.4456239341931377
4229.0			0.6433601841258344
4229.9			0.8235063599323792
4230.8			1.0
4231.7			1.0295848579521627
4232.6			0.9617920513558612
4233.5			0.8969849496987451
4234.4			0.8698384063955369
4235.3			0.8187882817016154
4236.2			0.791874546638932
4237.1			0.8458735667745005
4238.0			0.8986971735796633
4238.9			0.9025934297494616
4239.8			0.9236598068055358
4240.7			0.9968158649729436
4241.6			1.0
4242.5			1.0
4243.4			1.0
4244.3			1.0
4245.2			1.0
4246.1			1.0
4247.0			0.9113287611971774
4247.9			0.8409870207720451
4248.8			0.7831632144587783
4249.7			0.6927857126946261
4250.6			0.6596605238614072
4251.5			0.7732373751492259
4252.4			0.8790725542587322
4253.3			0.8096358232245391
4254.2			0.6859957889469536
4255.1			0.7523543367725174
4256.0			1.0026261449240612
4256.9			1.2204224847897738
4257.8			1.2381839440778966
4258.7			1.090106343709422
4259.6			0.9077321701168608
4260.5			0.8304732943607191
4261.4			0.9774110551842404
4262.3			1.0
4263.2			1.0
4264.1			1.0
4265.0			1.0
4265.9			1.0006084943705076
4266.8			0.9535061051764238
4267.7			0.8858190481897938
4268.6			0.8403977629679023
4269.5			0.7571613733653821
4270.4			0.5950150034311877
4271.3			0.4525163222719631
4272.2			0.44115842901373736
4273.1			0.5048327846507339
4274.0			0.5118407608443183
4274.9			0.5262931764843087
4275.8			0.6611658889733433
4276.7			0.8427747831900034
4277.6			0.9709516637794805
4278.5			1.000592314983138
4279.4			1.0
4280.3			1.0
4281.2			1.0
4282.1			1.0
4283.0			1.0
4283.9			1.0
4284.8			1.0
4285.7			1.0
4286.6			1.0
4287.5			1.0054279160648927
4288.4			0.8914042428120748
4289.3			0.7084921154824829
4290.2			0.6542240371930222
4291.1			0.7739992247051206
4292.0			0.933831018043521
4292.9			1.0
4293.8			0.9312105685830835
4294.7			0.8969383237843135
4295.6			0.9558407874936751
4296.5			0.9630525170098224
4297.4			0.8693495649469657
4298.3			0.7295100440105328
4299.2			0.5997662011696716
4300.1			0.5714371232142302
4301.0			0.6366881231148543
4301.9			0.6807577340730626
4302.8			0.6828742960113039
4303.7			0.7085762002380374
4304.6			0.7133212604302448
4305.5			0.662629977293406
4306.4			0.5801837804677789
4307.3			0.4886050370194532
4308.2			0.44288348879669176
4309.1			0.4882597858515008
4310.0			0.5741449263177305
4310.9			0.6484215331806922
4311.8			0.7177328113492211
4312.7			0.80339477728847
4313.6			0.8786045961892865
4314.5			0.9436439969789022
4315.4			1.0845999814655913
4316.3			1.26709492073777
4317.2			1.3255435985948212
4318.1			1.2651174316422076
4319.0			1.2153491470186466
4319.9			1.2055062536186263
4320.8			1.0
4321.7			0.9573672998573344
4322.6			0.858913204594255
4323.5			0.6879536612619512
4324.4			0.5201474394765983
4325.3			0.4261879631706625
4326.2			0.47152411593745924
4327.1			0.6631515541602377
4328.0			0.8789848592700424
4328.9			0.9989431918103974
4329.8			1.0
4330.7			1.0
4331.6			1.0
4332.5			1.0
4333.4			1.0
4334.3			1.0
4335.2			1.0198987253229381
4336.1			0.9656181577423162
4337.0			0.8395429225532293
4337.9			0.7433709093321448
4338.8			0.7134311464103267
4339.7			0.7060553998280963
4340.6			0.7479525034085887
4341.5			0.8652003427865198
4342.4			0.9676397209064318
4343.3			0.9837360140797096
4344.2			0.9935260662862331
4345.1			1.0
4346.0			1.0
4346.9			1.0
4347.8			1.0
4348.7			1.0732999367524179
4349.6			1.0852316788988048
4350.5			0.9479683810501395
4351.4			0.7593305427763833
4352.3			0.7029919557377207
4353.2			0.8016340763311434
4354.1			0.9099338105683724
4355.0			0.9546391947743602
4355.9			1.0018628750269385
4356.8			1.0
4357.7			1.0
4358.6			1.0
4359.5			1.0
4360.4			1.0
4361.3			1.0
4362.2			1.0
4363.1			1.0
4364.0			1.0
4364.9			1.0
4365.8			1.0
4366.7			1.0
4367.6			1.0
4368.5			1.0
4369.4			1.0
4370.3			1.0
4371.2			1.0
4372.1			1.0
4373.0			1.0
4373.9			1.0
4374.8			1.0
4375.7			1.0
4376.6			1.0
4377.5			1.0
4378.4			1.0
4379.3			0.9771381069904095
4380.2			0.9215394459095687
4381.1			0.8297032584567455
4382.0			0.6746578936935248
4382.9			0.48714818213761296
4383.8			0.4091280370242701
4384.7			0.5278626041172088
4385.6			0.7614218288133389
4386.5			0.9444974919066037
4387.4			1.0025037822264307
4388.3			1.0010853171250313
4389.2			1.0
4390.1			1.0
4391.0			1.0
4391.9			1.0
4392.8			1.0
4393.7			1.0
4394.6			1.0
4395.5			1.0
4396.4			1.0
4397.3			1.0
4398.2			1.0
4399.1			1.0
4400.0			0.9161421274494818
4400.9			0.8820322018498378
4401.8			0.9124895488774352
4402.7			0.8821227792384124
4403.6			0.7096237568214953
4404.5			0.5508847097577988
4405.4			0.5792141986772774
4406.3			0.7334695361230374
4407.2			0.8364205420330629
4408.1			0.8862377473586825
4409.0			0.9969335399302389
4409.9			1.0
4410.8			1.0
4411.7			1.0
4412.6			0.9911104551948439
4413.5			0.9022842010333588
4414.4			0.735656992241854
4415.3			0.6541123383120686
4416.2			0.7462610747576752
4417.1			0.8917444601916762
4418.0			1.0027664427750296
4418.9			1.0
4419.8			1.0
4420.7			0.9703843340135003
4421.6			0.8864998640343437
4422.5			0.8183591708789516
4423.4			0.8299454868927489
4424.3			0.86340069913301
4425.2			0.8420108444452202
4426.1			0.818403902050476
4427.0			0.8533557619001855
4427.9			0.9302867049263911
4428.8			0.9925865306713911
4429.7			0.9695244396110697
4430.6			1.0
4431.5			1.0270756920621107
4432.4			1.0216742939356926
4433.3			0.9136997549540797
4434.2			0.7721179733280099
4435.1			0.6888646204773617
4436.0			0.7301562213409852
4436.9			0.8521868940088603
4437.8			0.9479380034963161
4438.7			0.9805643382243237
4439.6			1.0
4440.5			1.0
4441.4			1.0
4442.3			1.0
4443.2			1.0
4444.1			1.0
4445.0			1.0
4445.9			1.0279947953815833
4446.8			0.9801335550247618
4447.7			0.9467831737612139
4448.6			0.9759009059736469
4449.5			1.000105473355198
4450.4			0.983622021855659
4451.3			0.9649473045072191
4452.2			0.9444393149501472
4453.1			0.8753995571145093
4454.0			0.7545066815032098
4454.9			0.6639760813851262
4455.8			0.6812510168167283
4456.7			0.7555119192169438
4457.6			0.7848867654754849
4458.5			0.769635642279685
4459.4			0.765209355445853
4460.3			0.7689687084601258
4461.2			0.751815393002052
4462.1			0.7798397435081864
4463.0			0.899714561818772
4463.9			0.9988541802864771
4464.8			1.0
4465.7			1.0
4466.6			1.0
4467.5			1.0
4468.4			1.0
4469.3			1.0
4470.2			1.0
4471.1			1.0
4472.0			1.0
4472.9			1.0
4473.8			1.0
4474.7			1.0
4475.6			1.0
4476.5			1.0
4477.4			1.0
4478.3			1.005192135561833
4479.2			0.9354744270544003
4480.1			0.846652100628956
4481.0			0.7854810780779158
4481.9			0.7708594260018425
4482.8			0.8219472689462455
4483.7			0.9145198570122823
4484.6			0.9791398226825745
4485.5			1.000161264009253
4486.4			1.0
4487.3			1.0
4488.2			1.0
4489.1			1.0
4490.0			1.0
4490.9			1.0
4491.8			1.0454297288978867
4492.7			1.035715421391515
4493.6			0.9490217414710018
4494.5			0.8543871599774207
4495.4			0.8378447232625083
4496.3			0.8831293927705857
4497.2			0.9369291502943115
4498.1			0.975456512003737
4499.0			0.992687090770314
4499.9			1.0
4500.8			1.0
4501.7			1.0
4502.6			1.0
4503.5			1.0
4504.4			1.0
4505.3			1.0
4506.2			1.0
4507.1			0.9915297475215926
4508.0			0.9876543150731357
4508.9			0.9937670831126566
4509.8			1.003910061356546
4510.7			1.0001483012182772
4511.6			0.9709129047113574
4512.5			0.9343245580168085
4513.4			0.9097906313673959
4514.3			0.9061818365917924
4515.2			0.9268529950926652
4516.1			0.9470623597993907
4517.0			1.0
4517.9			0.9801801602040168
4518.8			1.0049640881328692
4519.7			1.0541456491568406
4520.6			1.0810169864108532
4521.5			1.066454937350486
4522.4			1.0218661082088167
4523.3			0.9892341780351191
4524.2			0.9651717827005328
4525.1			0.9136772190509457
4526.0			0.8405097495240456
4526.9			0.7719907722513282
4527.8			0.7292179244188484
4528.7			0.726468800272759
4529.6			0.7630226916569252
4530.5			0.7991856487957913
4531.4			0.8325596829528185
4532.3			0.8625467665913544
4533.2			0.8404066160270744
4534.1			0.7831315127011904
4535.0			0.752818372223517
4535.9			0.8141650937875309
4536.8			0.9536332508297958
4537.7			1.0470034717942909
4538.6			1.0439412920121325
4539.5			0.9999245909399546
4540.4			1.0
4541.3			1.0
4542.2			1.0
4543.1			1.0
4544.0			1.0
4544.9			1.0
4545.8			1.0
4546.7			1.0
4547.6			1.0
4548.5			1.0
4549.4			1.0
4550.3			1.0175639720081067
4551.2			1.034912500722782
4552.1			1.009250816709585
4553.0			0.9663927679710637
4553.9			0.9277084305932974
4554.8			0.898205272817193
4555.7			0.900333668505029
4556.6			0.9423840267179399
4557.5			0.9918931347562658
4558.4			1.0088170640838865
4559.3			0.9904456729985507
4560.2			1.0
4561.1			1.0
4562.0			0.9990156633191317
4562.9			0.9671129518022318
4563.8			0.9152240356370221
4564.7			0.874290603036325
4565.6			0.8801735459381015
4566.5			0.9399752662260268
4567.4			1.0000554744420538
4568.3			1.0
4569.2			1.0
4570.1			1.0
4571.0			1.0
4571.9			1.0
4572.8			1.0
4573.7			1.0
4574.6			1.0
4575.5			1.0
4576.4			1.0
4577.3			0.9988391521852762
4578.2			0.9725946438468775
4579.1			0.9236346113711286
4580.0			0.8785411959494999
4580.9			0.8807998098231593
4581.8			0.9470549678722903
4582.7			1.0204764359836047
4583.6			1.035434279686538
4584.5			1.0
4585.4			0.946029908724929
4586.3			0.948070411046564
4587.2			1.0250611890069445
4588.1			1.1070336000186778
4589.0			1.1392222627063253
4589.9			1.1166422942001504
4590.8			1.0562971986211416
4591.7			0.9955062980221588
4592.6			0.9717655828223928
4593.5			0.9810910268166021
4594.4			0.9842103551221641
4595.3			0.9723791275295259
4596.2			0.9669710038897772
4597.1			0.9667779954184167
4598.0			0.9714783856759904
4598.9			0.9855356804757825
4599.8			0.970643505451254
4600.7			0.9407798837799652
4601.6			0.9458479856482529
4602.5			0.9535188144991064
4603.4			0.9468497241185783
4604.3			0.9449713111922364
4605.2			0.944563033864289
4606.1			0.9624201497610061
4607.0			0.9992194232487568
4607.9			1.0454026469609143
4608.8			1.0855501389349864
4609.7			1.0767621517519181
4610.6			1.025949653914742
4611.5			0.9855891857109674
4612.4			0.9689137886208994
4613.3			0.9620368606083981
4614.2			0.9806786949571191
4615.1			1.0065636458102698
4616.0			1.0023213148616934
4616.9			1.0
4617.8			1.0
4618.7			1.0
4619.6			1.0
4620.5			1.0
4621.4			1.0
4622.3			1.0
4623.2			1.0
4624.1			1.0
4625.0			1.0
4625.9			1.0
4626.8			1.0
4627.7			1.0
4628.6			1.0
4629.5			1.0
4630.4			1.0
4631.3			1.0
4632.2			1.0
4633.1			1.0
4634.0			1.0
4634.9			1.0
4635.8			1.0
4636.7			1.0
4637.6			1.0
4638.5			1.0
4639.4			1.0
4640.3			1.0
4641.2			1.0508891049119657
4642.1			1.0808050647406784
4643.0			1.0592003449483964
4643.9			1.0173644721444686
4644.8			0.9707707444051337
4645.7			0.903563487519824
4646.6			0.8496585565114401
4647.5			0.8543330250637764
4648.4			0.8988244663221073
4649.3			0.9467056641253341
4650.2			0.9815710134393065
4651.1			0.9952576929465391
4652.0			1.001690902435007
4652.9			1.0
4653.8			1.0
4654.7			1.0
4655.6			1.0
4656.5			1.0
4657.4			1.0
4658.3			1.0
4659.2			1.0
4660.1			1.0
4661.0			1.0
4661.9			1.0
4662.8			0.9652909706243734
4663.7			0.9454589352312742
4664.6			0.9334330557944283
4665.5			0.8915438704581945
4666.4			0.8051954013931517
4667.3			0.7358257698909011
4668.2			0.7581450056601969
4669.1			0.8615745409791578
4670.0			0.9651819536929953
4670.9			1.012053593028347
4671.8			1.0013749383611934
4672.7			1.0
4673.6			1.0
4674.5			1.0
4675.4			1.0
4676.3			1.030950645807789
4677.2			1.01280310225237
4678.1			0.9566913011142224
4679.0			0.9164690218497692
4679.9			0.9083343629729849
4680.8			0.9084800925678101
4681.7			0.9182240113671526
4682.6			0.9538137673169921
4683.5			0.9920691442368537
4684.4			1.0006773023693796
4685.3			0.9987445576909195
4686.2			1.0
4687.1			1.0
4688.0			1.0
4688.9			1.0
4689.8			1.0
4690.7			1.0
4691.6			1.0
4692.5			1.0
4693.4			1.0
4694.3			1.0
4695.2			1.0
4696.1			1.0217766725318393
4697.0			0.9818463819337929
4697.9			0.9143740913461758
4698.8			0.8825001415567095
4699.7			0.8955189975951384
4700.6			0.9037906349087594
4701.5			0.8706573090898907
4702.4			0.8219172163647267
4703.3			0.8248286513747112
4704.2			0.8931281197549221
4705.1			0.9551697174327481
4706.0			0.9604652150998664
4706.9			0.9290256237481833
4707.8			0.9109067706714461
4708.7			0.9234752044255566
4709.6			0.9557522027469498
4710.5			1.005322800302644
4711.4			1.0
4712.3			1.0
4713.2			1.0
4714.1			1.0
4715.0			1.0
4715.9			1.0
4716.8			1.0
4717.7			1.0
4718.6			1.0
4719.5			1.0
4720.4			1.0
4721.3			1.0
4722.2			1.0
4723.1			1.0
4724.0			1.0321633236870815
4724.9			1.057548987448586
4725.8			1.0390407691836836
4726.7			0.9708366828044358
4727.6			0.9001981530272551
4728.5			0.8751626825230694
4729.4			0.8824730664299854
4730.3			0.9008851630736368
4731.2			0.9356489478420285
4732.1			0.9768837547849492
4733.0			0.9975180029874329
4733.9			1.0
4734.8			1.0
4735.7			1.0
4736.6			1.0
4737.5			1.0
4738.4			1.0
4739.3			1.0
4740.2			1.0
4741.1			1.0
4742.0			1.0
4742.9			1.0
4743.8			1.0
4744.7			1.0
4745.6			1.0
4746.5			1.0
4747.4			1.0
4748.3			1.0
4749.2			1.0
4750.1			1.0023135379198465
4751.0			0.9940358086923939
4751.9			0.9683639716844051
4752.8			0.9333204453249512
4753.7			0.9051817024984541
4754.6			0.9009578129184297
4755.5			0.9136597298907827
4756.4			0.9280156533869128
4757.3			0.9491993846091316
4758.2			1.0
4759.1			1.0233151582539097
4760.0			1.031633120986289
4760.9			1.0026499717156576
4761.8			0.9560288939796283
4762.7			0.9403282594970132
4763.6			0.9462259466747794
4764.5			0.9281395812934743
4765.4			0.8880926423369068
4766.3			0.8731359869779056
4767.2			0.9043890008066211
4768.1			0.9519983458448682
4769.0			0.9925492809118838
4769.9			1.0083361772365507
4770.8			0.9833713797658075
4771.7			0.9513928210364742
4772.6			0.9580260856526278
4773.5			0.9999878912076892
4774.4			1.0
4775.3			1.0
4776.2			1.0
4777.1			1.0
4778.0			1.0
4778.9			1.0
4779.8			1.0
4780.7			1.002450671125137
4781.6			0.9857296316111165
4782.5			0.9421441560716981
4783.4			0.9231603433572474
4784.3			0.9664843808317428
4785.2			1.0075765877407659
4786.1			0.9962967409237155
4787.0			1.0
4787.9			1.0
4788.8			1.0
4789.7			1.0
4790.6			1.0
4791.5			1.0
4792.4			1.0
4793.3			1.0
4794.2			1.0
4795.1			1.0
4796.0			0.9910414074353392
4796.9			0.975360969159407
4797.8			0.9480516813483363
4798.7			0.9142785736142682
4799.6			0.8958048709078497
4800.5			0.9094486362275033
4801.4			0.9528075891847018
4802.3			0.9915327799803872
4803.2			1.0014247853626137
4804.1			1.0
4805.0			1.0
4805.9			1.0
4806.8			1.0
4807.7			1.0
4808.6			1.0
4809.5			1.0
4810.4			1.0
4811.3			1.0
4812.2			1.0
4813.1			1.0
4814.0			1.0
4814.9			1.0
4815.8			1.0
4816.7			1.0
4817.6			1.0
4818.5			1.0
4819.4			1.0
4820.3			1.0
4821.2			0.9863001685390773
4822.1			0.9457781038523688
4823.0			0.8820070773085694
4823.9			0.8695680376895467
4824.8			0.9310003232015027
4825.7			0.9912519695511838
4826.6			1.0054195104027441
4827.5			1.0
4828.4			1.0
4829.3			1.0
4830.2			1.0
4831.1			1.0
4832.0			1.0
4832.9			1.0
4833.8			1.0
4834.7			1.0
4835.6			1.0
4836.5			1.0
4837.4			1.0
4838.3			1.0
4839.2			1.0
4840.1			1.0
4841.0			1.0
4841.9			1.0
4842.8			1.0
4843.7			1.0
4844.6			1.0
4845.5			1.0
4846.4			1.0
4847.3			1.0
4848.2			1.0
4849.1			1.0
4850.0			1.0
4850.9			1.0
4851.8			1.0
4852.7			1.0
4853.6			1.0
4854.5			1.0
4855.4			1.0
4856.3			1.0
4857.2			1.04477515691396
4858.1			1.030676955546309
4859.0			0.9433491219877597
4859.9			0.8291910122126998
4860.8			0.7549255363786844
4861.7			0.7779818851575699
4862.6			0.8779336290572666
4863.5			0.9595726346425287
4864.4			1.0004808006690953
4865.3			1.0
4866.2			1.0
4867.1			1.0
4868.0			1.0
4868.9			0.9895628244811787
4869.8			0.9283527027160885
4870.7			0.8026735426748388
4871.6			0.7248911070476541
4872.5			0.7910544510297833
4873.4			0.924868774812982
4874.3			0.9998991798936477
4875.2			1.0
4876.1			1.0
4877.0			1.0
4877.9			1.0
4878.8			1.0
4879.7			1.0
4880.6			1.0
4881.5			1.0
4882.4			1.0
4883.3			1.0
4884.2			1.0
4885.1			1.0
4886.0			1.0
4886.9			1.0
4887.8			0.9963942815249952
4888.7			0.9575882158155942
4889.6			0.8628089298435989
4890.5			0.7400797573485228
4891.4			0.696105053056695
4892.3			0.7930351541082968
4893.2			0.9299447849213087
4894.1			1.0015234984514594
4895.0			1.0087906414130063
4895.9			1.0
4896.8			1.0
4897.7			1.0
4898.6			1.0
4899.5			1.0
4900.4			1.0
4901.3			1.0
4902.2			1.0
4903.1			1.0
4904.0			1.0
4904.9			1.0
4905.8			1.0
4906.7			1.0
4907.6			0.972846674595564
4908.5			0.9305758546403824
4909.4			0.8877002844009487
4910.3			0.8692174562493691
4911.2			0.9016075439866044
4912.1			0.9574291470844938
4913.0			0.9935985702608489
4913.9			1.0
4914.8			1.0
4915.7			1.0
4916.6			0.9701824557956026
4917.5			0.877026010331669
4918.4			0.7418931792013398
4919.3			0.6292244718077816
4920.2			0.6078261181839796
4921.1			0.6995535111117772
4922.0			0.8519198399608927
4922.9			0.9640857698235066
4923.8			0.9920594948140466
4924.7			1.0
4925.6			1.0
4926.5			1.0
4927.4			1.0
4928.3			1.0
4929.2			1.0
4930.1			1.0
4931.0			1.0
4931.9			1.0
4932.8			1.0
4933.7			1.0
4934.6			1.0
4935.5			1.0247796437316128
4936.4			0.9927329537810424
4937.3			0.9067436140674745
4938.2			0.8194865605482192
4939.1			0.7995774576587743
4940.0			0.867201754920974
4940.9			0.9489230451713242
4941.8			0.9819485279111703
4942.7			0.9948247329071739
4943.6			1.0
4944.5			1.0
4945.4			1.0
4946.3			1.0
4947.2			1.0
4948.1			1.0
4949.0			1.0
4949.9			1.0
4950.8			1.0
4951.7			1.0
4952.6			1.0
4953.5			1.0
4954.4			1.0
4955.3			0.9363796725670863
4956.2			0.8071202931778549
4957.1			0.6715093927864336
4958.0			0.6660994110421719
4958.9			0.8051688971410976
4959.8			0.9478498818818211
4960.7			1.0020055653275823
4961.6			1.0
4962.5			1.0
4963.4			1.0
4964.3			1.0
4965.2			1.0
4966.1			1.0
4967.0			1.0
4967.9			1.0
4968.8			1.0
4969.7			1.0
4970.6			1.0
4971.5			1.0
4972.4			1.0
4973.3			1.0
4974.2			1.0
4975.1			1.0
4976.0			1.0
4976.9			1.0
4977.8			1.0
4978.7			0.9663077214177914
4979.6			0.96474337011739
4980.5			0.9518092779968563
4981.4			0.8778620764406934
4982.3			0.7819456053260685
4983.2			0.7466160985638609
4984.1			0.7798483901908954
4985.0			0.8306869183438172
4985.9			0.888550532953587
4986.8			0.9577447178696677
4987.7			0.9978008374614766
4988.6			1.0
4989.5			1.0
4990.4			1.0
4991.3			1.0
4992.2			1.0
4993.1			1.0
4994.0			1.0
4994.9			1.0
4995.8			1.0
4996.7			1.0
4997.6			1.0
4998.5			1.0
4999.4			1.0
5000.3			1.0
5001.2			1.0
5002.1			1.0
5003.0			1.0207626997461643
5003.9			1.0169962819380922
5004.8			0.9484373665743976
5005.7			0.8532648371169878
5006.6			0.8278110274259755
5007.5			0.8952475623425091
5008.4			0.9786391649838769
5009.3			1.0129853560778679
5010.2			0.9965030042708599
5011.1			1.0
5012.0			1.0
5012.9			1.0
5013.8			1.0
5014.7			1.0
5015.6			1.0
5016.5			1.0
5017.4			1.0
5018.3			1.0
5019.2			1.0
5020.1			1.0
5021.0			1.0
5021.9			1.0
5022.8			1.0
5023.7			1.0
5024.6			1.0
5025.5			1.0
5026.4			1.0
5027.3			1.0
5028.2			1.0
5029.1			1.0
5030.0			1.0
5030.9			1.0
5031.8			1.0
5032.7			1.0
5033.6			1.0
5034.5			1.0
5035.4			1.0
5036.3			1.0
5037.2			1.0244212888794957
5038.1			1.0282888112487576
5039.0			0.958269783317592
5039.9			0.8498318214765169
5040.8			0.7690190765224485
5041.7			0.7806640191015429
5042.6			0.8707064510593122
5043.5			0.9560418808065124
5044.4			1.0063432800240355
5045.3			1.0
5046.2			1.0300416776472527
5047.1			1.0110862464237882
5048.0			0.942066245966767
5048.9			0.8649780418731721
5049.8			0.8334068144417475
5050.7			0.8588763531270874
5051.6			0.9091373863657696
5052.5			0.956781541710888
5053.4			0.9942374083998909
5054.3			1.0
5055.2			1.0
5056.1			1.0
5057.0			1.0
5057.9			1.0
5058.8			1.0
5059.7			1.0
5060.6			1.0
5061.5			1.0
5062.4			1.0
5063.3			1.0
5064.2			1.0
5065.1			1.0
5066.0			1.0
5066.9			1.0
5067.8			1.0
5068.7			1.0
5069.6			1.0
5070.5			1.0
5071.4			1.0
5072.3			1.0
5073.2			1.0
5074.1			1.029340869681642
5075.0			1.021144473042752
5075.9			0.9985682178848654
5076.8			1.0020424637109078
5077.7			1.0018393446852878
5078.6			0.9427004808369976
5079.5			0.8587142864388794
5080.4			0.8321059903719333
5081.3			0.8606669291003348
5082.2			0.8823788276101799
5083.1			0.8858840826327508
5084.0			0.9044462801017944
5084.9			0.9458809396415303
5085.8			0.9855217475492718
5086.7			1.0000256710619857
5087.6			1.0
5088.5			1.0
5089.4			1.0
5090.3			1.0
5091.2			1.0
5092.1			1.0
5093.0			1.0
5093.9			1.0
5094.8			0.9564029359720835
5095.7			0.9106730512002592
5096.6			0.8970401043245204
5097.5			0.8905899962981412
5098.4			0.860657732573609
5099.3			0.8438270296437311
5100.2			0.8830747456978384
5101.1			0.9495211395389935
5102.0			0.9966735603349838
5102.9			1.0114614815019851
5103.8			1.0047505955092304
5104.7			1.0
5105.6			1.0
5106.5			1.0
5107.4			1.0
5108.3			1.0
5109.2			1.0
5110.1			1.0
5111.0			1.0
5111.9			1.0
5112.8			1.0
5113.7			1.0
5114.6			1.0
5115.5			1.0
5116.4			1.0
5117.3			1.0161030466534982
5118.2			1.0285260427874605
5119.1			1.0195044123845716
5120.0			0.9926603992641938
5120.9			0.9664395731661314
5121.8			0.9534024802920026
5122.7			0.9257634904066809
5123.6			0.8732231307025612
5124.5			0.8423653837860747
5125.4			0.8581266790041362
5126.3			0.8937225743448125
5127.2			0.9191461134582904
5128.1			0.9225540981426521
5129.0			0.9063287179837036
5129.9			0.9029842945372774
5130.8			0.9444165027485314
5131.7			1.0
5132.6			1.0110077589002724
5133.5			0.984678891751122
5134.4			0.9850925894300356
5135.3			1.0166337023313738
5136.2			1.0187481518159158
5137.1			0.975489054035196
5138.0			0.912673999914156
5138.9			0.8635301463148041
5139.8			0.8817914262920649
5140.7			0.9452404227991359
5141.6			0.9601667362714352
5142.5			0.9378462377663712
5143.4			0.95886282666151
5144.3			1.0023484691258058
5145.2			1.0003336782991243
5146.1			1.0
5147.0			1.0
5147.9			1.0
5148.8			1.0
5149.7			1.0
5150.6			1.0
5151.5			1.0
5152.4			1.0
5153.3			1.0
5154.2			1.0
5155.1			1.0
5156.0			1.0
5156.9			1.0
5157.8			1.0
5158.7			1.0
5159.6			1.0
5160.5			1.0
5161.4			1.0
5162.3			1.0
5163.2			1.0
5164.1			1.0
5165.0			1.0
5165.9			1.0
5166.8			1.0
5167.7			1.0
5168.6			1.0
5169.5			1.107116104125261
5170.4			1.0630371417537205
5171.3			0.8553212365033588
5172.2			0.6494111044005043
5173.1			0.6082952063720061
5174.0			0.7335905244009565
5174.9			0.8967645145853421
5175.8			0.9911648189737856
5176.7			1.0
5177.6			1.001432327026167
5178.5			0.9860758982367812
5179.4			0.9458238833429474
5180.3			0.867318581852003
5181.2			0.7490748169253783
5182.1			0.6060764067989598
5183.0			0.48380815322112775
5183.9			0.4570300943169297
5184.8			0.5615419639588818
5185.7			0.7374234679485719
5186.6			0.8853912105604943
5187.5			0.9563121977408888
5188.4			0.9825419597173612
5189.3			1.0102089191512973
5190.2			1.0005803906694868
5191.1			1.0
5192.0			1.0
5192.9			1.0
5193.8			1.0
5194.7			1.0
5195.6			1.0
5196.5			1.0
5197.4			1.0
5198.3			1.0
5199.2			1.0
5200.1			1.0
5201.0			1.0
5201.9			0.9587598730968385
5202.8			0.9088647162529198
5203.7			0.8358528053115172
5204.6			0.7350563823306647
5205.5			0.6609800438172824
5206.4			0.6495666967146769
5207.3			0.650761096572983
5208.2			0.6310571501400636
5209.1			0.6419012541822801
5210.0			0.7217388218132306
5210.9			0.849329455014091
5211.8			0.9796451380037249
5212.7			1.0604298398325507
5213.6			1.0624073511969931
5214.5			1.0001917358748946
5215.4			1.0
5216.3			1.0
5217.2			1.0
5218.1			1.0
5219.0			1.0
5219.9			1.0
5220.8			1.0
5221.7			1.0
5222.6			1.0
5223.5			0.9533823175931537
5224.4			0.8937348630422187
5225.3			0.8257356787130972
5226.2			0.7488278876261774
5227.1			0.7152728260396166
5228.0			0.7817709975676531
5228.9			0.8952133451950159
5229.8			0.9713883583420353
5230.7			0.9968283360660641
5231.6			1.0
5232.5			1.0
5233.4			1.0
5234.3			1.0
5235.2			1.0
5236.1			1.0
5237.0			1.0
5237.9			1.0
5238.8			1.0
5239.7			1.0
5240.6			1.0009223487241559
5241.5			0.9962870579224894
5242.4			0.9837711645580282
5243.3			0.9826795576670359
5244.2			1.0060180417680282
5245.1			1.021879844558395
5246.0			0.9882211274371465
5246.9			0.9295164802429216
5247.8			0.9122350166979772
5248.7			0.9338847415044795
5249.6			0.9333852181806394
5250.5			0.9106493826174425
5251.4			0.9119738579094763
5252.3			0.9372750763644971
5253.2			0.9500074810508752
5254.1			0.9341515539040097
5255.0			0.9163355084300924
5255.9			0.9397360545089243
5256.8			0.9977083798026799
5257.7			1.043528560374116
5258.6			1.0573872682094547
5259.5			1.0435632162065611
5260.4			1.0
5261.3			0.9234527372428198
5262.2			0.8351060680947355
5263.1			0.7650085032200776
5264.0			0.7219853539829892
5264.9			0.6879535030294706
5265.8			0.6616360964149661
5266.7			0.6797939152721875
5267.6			0.7114410472760756
5268.5			0.6603531315796165
5269.4			0.5529238422437823
5270.3			0.5387163575803215
5271.2			0.6562004417913438
5272.1			0.7842476289808258
5273.0			0.8403699308278989
5273.9			0.8499244739253924
5274.8			0.8423523839676977
5275.7			0.8466780641025038
5276.6			0.9004738030001709
5277.5			0.9759383744262667
5278.4			1.0
5279.3			0.9867731269751873
5280.2			0.9385114934618185
5281.1			0.8739707402472567
5282.0			0.8166922585207306
5282.9			0.7800640119450912
5283.8			0.7822152619800566
5284.7			0.8456443930554542
5285.6			0.9407991879197476
5286.5			1.0003690651435073
5287.4			1.0
5288.3			1.0
5289.2			1.0
5290.1			1.0
5291.0			1.0
5291.9			1.0
5292.8			1.0
5293.7			1.0
5294.6			1.0041918597031771
5295.5			0.9803524933495372
5296.4			0.9086099926433808
5297.3			0.8244012644346124
5298.2			0.8043813832438471
5299.1			0.8778281522126348
5300.0			0.9708094044568502
5300.9			1.0029734866246893
5301.8			0.9961657107510046
5302.7			1.0
5303.6			1.0
5304.5			1.0
5305.4			1.0
5306.3			1.0
5307.2			1.0
5308.1			1.0
5309.0			1.0
5309.9			1.0
5310.8			1.0
5311.7			1.0
5312.6			1.0
5313.5			1.0
5314.4			1.0
5315.3			1.0
5316.2			1.0
5317.1			1.0
5318.0			1.0
5318.9			1.0
5319.8			1.0
5320.7			1.0
5321.6			1.0
5322.5			1.0
5323.4			1.0
5324.3			1.0
5325.2			0.9980310829869208
5326.1			1.0008735763439802
5327.0			0.8894906029687992
5327.9			0.7209489150443925
5328.8			0.6719639003165508
5329.7			0.7871009523975818
5330.6			0.9395237953027868
5331.5			1.011247539394851
5332.4			1.003044711428679
5333.3			1.0
5334.2			1.0
5335.1			1.0
5336.0			1.0
5336.9			1.0
5337.8			0.9951447367472932
5338.7			0.9631695590121294
5339.6			0.885786363396148
5340.5			0.818625109337279
5341.4			0.8385904037804847
5342.3			0.9259115616647868
5343.2			0.9972077712165528
5344.1			1.0
5345.0			1.0
5345.9			1.0
5346.8			1.0
5347.7			1.0
5348.6			1.0
5349.5			1.0
5350.4			1.0
5351.3			1.0
5352.2			1.0
5353.1			1.0
5354.0			1.0
5354.9			1.0
5355.8			1.0
5356.7			1.0
5357.6			1.0
5358.5			1.0
5359.4			1.0
5360.3			1.0
5361.2			1.0
5362.1			1.0
5363.0			1.0
5363.9			1.0
5364.8			1.0
5365.7			1.0
5366.6			1.0
5367.5			0.9964148742826814
5368.4			0.976956960010201
5369.3			0.9155736510839871
5370.2			0.8097035690724282
5371.1			0.7253254548913625
5372.0			0.739264368109341
5372.9			0.8425836041426239
5373.8			0.948577124290599
5374.7			1.0050237800230188
5375.6			1.0
5376.5			1.0
5377.4			1.0
5378.3			1.0
5379.2			1.0
5380.1			1.0
5381.0			0.9886140757839781
5381.9			0.9586042755118938
5382.8			0.9143982854166319
5383.7			0.8991154924078133
5384.6			0.93755227628965
5385.5			0.9858703213546255
5386.4			1.0003055255211142
5387.3			1.0
5388.2			1.0
5389.1			1.0
5390.0			1.0
5390.9			1.0
5391.8			1.0
5392.7			1.0
5393.6			1.0
5394.5			1.0
5395.4			1.0
5396.3			1.0
5397.2			1.0
5398.1			1.0
5399.0			1.0
5399.9			1.0
5400.8			1.0
5401.7			1.0235797582026716
5402.6			1.0298561925232528
5403.5			0.9722299301457816
5404.4			0.8672269504459672
5405.3			0.787499251490161
5406.2			0.7966024920365264
5407.1			0.8903212451778535
5408.0			0.9845868209491151
5408.9			0.9968530084945235
5409.8			1.0
5410.7			1.0
5411.6			1.0
5412.5			1.0
5413.4			1.0
5414.3			1.0
5415.2			1.0
5416.1			1.0
5417.0			1.0
5417.9			1.0
5418.8			1.0
5419.7			1.0
5420.6			1.0
5421.5			1.0
5422.4			1.0
5423.3			1.0
5424.2			1.0
5425.1			1.0
5426.0			1.0
5426.9			1.0574057572347435
5427.8			1.0449461470443409
5428.7			0.9496404529195686
5429.6			0.8530513379819483
5430.5			0.8642607765052772
5431.4			0.9507726011935378
5432.3			0.9924359782200003
5433.2			1.0
5434.1			1.0
5435.0			1.0
5435.9			1.0
5436.8			1.0
5437.7			1.0
5438.6			1.0
5439.5			1.0
5440.4			1.0
5441.3			1.0
5442.2			1.0
5443.1			1.0
5444.0			0.9732004951387696
5444.9			0.910759892010821
5445.8			0.8258311277637492
5446.7			0.7672274741571856
5447.6			0.7949421901046104
5448.5			0.8978323405124723
5449.4			0.994917249763252
5450.3			1.0
5451.2			1.0
5452.1			1.0
5453.0			0.9839046227666838
5453.9			0.9360562709887348
5454.8			0.8550992322521525
5455.7			0.8024122528598375
5456.6			0.8400741965913345
5457.5			0.9315706655896597
5458.4			1.0001987897742688
5459.3			1.0
5460.2			1.0
5461.1			1.0
5462.0			1.0
5462.9			1.0
5463.8			1.0
5464.7			1.0
5465.6			1.0
5466.5			1.0
5467.4			1.0
5468.3			1.0
5469.2			1.0
5470.1			1.0
5471.0			1.0
5471.9			1.0
5472.8			1.0
5473.7			0.9889227733904993
5474.6			0.9811425860626861
5475.5			0.9541306436943227
5476.4			0.8945893911411417
5477.3			0.8754550831862349
5478.2			0.9420235722673074
5479.1			1.0242613291624931
5480.0			1.0414354809672024
5480.9			1.0012867964044703
5481.8			1.0
5482.7			1.0
5483.6			1.0
5484.5			1.0
5485.4			1.0
5486.3			1.0
5487.2			1.0
5488.1			1.0
5489.0			1.0
5489.9			1.0
5490.8			1.0
5491.7			1.0
5492.6			1.0
5493.5			1.0
5494.4			1.0
5495.3			1.0
5496.2			1.0
5497.1			1.0
5498.0			1.0
5498.9			1.0
5499.8			1.0
5500.7			1.0
5501.6			1.0
5502.5			1.0
5503.4			1.0
5504.3			1.0
5505.2			1.0
5506.1			1.0
5507.0			1.0
5507.9			1.0
5508.8			1.0403488301662185
5509.7			1.0457752384941377
5510.6			1.021100695845788
5511.5			0.976792103850184
5512.4			0.9270124738238565
5513.3			0.9044724502763735
5514.2			0.9174803301526367
5515.1			0.9443973590827082
5516.0			0.9636744345421718
5516.9			0.9767261964296977
5517.8			0.9970485644262778
5518.7			1.0
5519.6			1.0
5520.5			1.0
5521.4			1.0
5522.3			1.0
5523.2			1.0
5524.1			1.0
5525.0			1.0
5525.9			0.9823035062698228
5526.8			0.940100577705155
5527.7			0.872610254483107
5528.6			0.8359127561290729
5529.5			0.8797012737226778
5530.4			0.958445522414373
5531.3			1.0001164966321485
5532.2			1.0
5533.1			1.0
5534.0			1.0
5534.9			1.0
5535.8			1.0
5536.7			1.0
5537.6			1.0
5538.5			1.0
5539.4			1.0
5540.3			1.0
5541.2			1.0
5542.1			1.0
5543.0			1.0
5543.9			1.0
5544.8			1.0
5545.7			1.0
5546.6			1.0
5547.5			1.0
5548.4			1.0
5549.3			1.0
5550.200000000001			1.0
5551.1			1.0
5552.0			1.0
5552.9			1.0
5553.8			1.0
5554.700000000001			1.0
5555.6			1.0
5556.5			1.0
5557.4			1.0
5558.3			1.0
5559.200000000001			1.0
5560.1			1.0
5561.0			1.0
5561.9			1.0
5562.8			1.0
5563.700000000001			1.0
5564.6			1.0
5565.5			1.0
5566.4			0.9865667954864398
5567.3			0.9827956378434677
5568.200000000001			0.9679890490777138
5569.1			0.9421965914396193
5570.0			0.942158907068718
5570.9			0.9599111193157515
5571.8			0.9400067978372169
5572.700000000001			0.9012205677121129
5573.6			0.9120550349058504
5574.5			0.9571000284207799
5575.4			0.9724699981654534
5576.3			0.9656064866482186
5577.200000000001			0.9755202853867816
5578.1			0.9930050650380361
5579.0			1.0000632430158405
5579.9			1.0
5580.8			1.0
5581.700000000001			1.0
5582.6			1.0020643663738242
5583.5			1.013151634367722
5584.4			0.9981760079518339
5585.3			0.9418303710630388
5586.200000000001			0.8647219300177685
5587.1			0.8145864302656961
5588.0			0.8166538859742027
5588.9			0.8543819548390487
5589.8			0.9125179798199783
5590.700000000001			0.9800786728809777
5591.6			1.029300799131793
5592.5			1.035637955917118
5593.4			1.0036285549684214
5594.3			1.0
5595.200000000001			1.0
5596.1			1.0
5597.0			1.0
5597.9			0.9545559162361172
5598.8			0.9226965604030086
5599.700000000001			0.9219620780272374
5600.6			0.913681204268962
5601.5			0.882124741587252
5602.4			0.8573725078514545
5603.3			0.8808944403797824
5604.200000000001			0.9429335644537661
5605.1			0.9930776546736773
5606.0			1.0090720621840867
5606.9			1.0023917209605455
5607.8			1.0
5608.700000000001			1.0
5609.6			1.0
5610.5			1.0
5611.4			1.0
5612.3			1.0
5613.200000000001			0.9754015925928663
5614.1			0.8980292392438979
5615.0			0.8033084984807908
5615.9			0.7809066437724195
5616.8			0.8587879834260288
5617.700000000001			0.9537025164959493
5618.6			0.995354218204885
5619.5			1.0
5620.4			1.0
5621.3			1.0
5622.200000000001			1.014076087191769
5623.1			0.9806665260538987
5624.0			0.9146992440803864
5624.9			0.8829593252056458
5625.8			0.915425174041644
5626.700000000001			0.9677999852030089
5627.6			1.000783263179199
5628.5			1.0
5629.4			1.0
5630.3			1.0
5631.200000000001			1.0
5632.1			1.0
5633.0			1.0
5633.9			1.0
5634.8			1.0
5635.700000000001			1.0
5636.6			1.0
5637.5			1.0
5638.4			1.0
5639.3			1.0
5640.200000000001			1.0
5641.1			1.0
5642.0			1.0
5642.9			1.0
5643.8			1.0
5644.700000000001			1.0
5645.6			1.0
5646.5			1.0
5647.4			1.0
5648.3			1.0
5649.200000000001			1.0
5650.1			1.0
5651.0			1.0
5651.9			1.0
5652.8			1.0
5653.700000000001			1.0
5654.6			1.0
5655.5			0.9972927454183153
5656.4			1.0060331777011982
5657.3			0.982293869379132
5658.200000000001			0.9312001176502789
5659.1			0.925377653770156
5660.0			0.979662644699869
5660.9			1.0204511495201107
5661.8			1.0107012163079623
5662.700000000001			0.9988938845916936
5663.6			1.0
5664.5			1.0
5665.4			1.0
5666.3			1.0
5667.200000000001			1.0
5668.1			1.0
5669.0			1.0
5669.9			1.0
5670.8			1.0
5671.700000000001			1.0
5672.6			1.0
5673.5			1.0
5674.4			1.0
5675.3			1.0
5676.200000000001			1.0
5677.1			1.0
5678.0			1.0
5678.9			1.0
5679.8			1.0
5680.700000000001			1.0
5681.6			1.0
5682.5			1.0
5683.4			1.0
5684.3			1.0240735656854432
5685.200000000001			1.0338567968607941
5686.1			1.0048706616041545
5687.0			0.9636821822403085
5687.9			0.9438731272505725
5688.8			0.9522091346693923
5689.700000000001			0.9752689015616504
5690.6			0.9945980245858755
5691.5			1.0035238773360708
5692.4			1.0
5693.3			1.0
5694.200000000001			1.0
5695.1			1.0
5696.0			1.0
5696.9			1.0
5697.8			1.0
5698.700000000001			1.0
5699.6			1.0
5700.5			1.0
5701.4			1.0
5702.3			1.0
5703.200000000001			1.0155327508861298
5704.1			1.0291859302387625
5705.0			1.019667767219505
5705.9			0.9877852784429434
5706.8			0.9568794467397994
5707.700000000001			0.9319833906914472
5708.6			0.9043064574706231
5709.5			0.8827188950443074
5710.4			0.8734377736487551
5711.3			0.8747894509308503
5712.200000000001			0.9001171564288095
5713.1			0.9459884361122127
5714.0			0.9802514701293075
5714.9			0.9929743927022173
5715.8			0.9993314108544221
5716.700000000001			1.0010782628310728
5717.6			0.996522960544491
5718.5			1.0
5719.4			1.0
5720.3			1.0
5721.200000000001			1.0
5722.1			1.0
5723.0			1.0
5723.9			1.0
5724.8			1.0
5725.700000000001			1.0
5726.6			1.0
5727.5			1.0
5728.4			1.0
5729.3			1.0
5730.200000000001			1.0
5731.1			1.0
5732.0			1.0
5732.9			1.0
5733.8			1.0
5734.700000000001			1.0
5735.6			1.0
5736.5			1.0
5737.4			1.0
5738.3			1.0
5739.200000000001			1.0
5740.1			1.0
5741.0			1.0
5741.9			1.0
5742.8			1.0
5743.700000000001			1.0
5744.6			1.0
5745.5			1.0
5746.4			1.0
5747.3			1.0
5748.200000000001			1.0
5749.1			1.0
5750.0			1.018774195783256
5750.9			1.014142750695217
5751.8			0.9804858034042987
5752.700000000001			0.9367757759491808
5753.6			0.9132992648461848
5754.5			0.9213552770923211
5755.4			0.9478718785461896
5756.3			0.9764933011241194
5757.200000000001			0.9989325703143389
5758.1			1.0
5759.0			0.9903945144459229
5759.9			0.96865342212431
5760.8			0.9435035334511361
5761.700000000001			0.9196031613342059
5762.6			0.9059484464529824
5763.5			0.9219095138435583
5764.4			0.9629346091030672
5765.3			0.9942766629308466
5766.200000000001			0.9998804124962073
5767.1			1.0
5768.0			1.0
5768.9			1.0
5769.8			1.0
5770.700000000001			1.0
5771.6			1.0
5772.5			1.0
5773.4			1.0
5774.3			1.0
5775.200000000001			1.0
5776.1			1.0
5777.0			1.0
5777.9			1.0074154163441291
5778.8			1.0005809197002646
5779.700000000001			0.9694106862396389
5780.6			0.9203139665466418
5781.5			0.8901200274453125
5782.4			0.8969489999711426
5783.3			0.909293708944228
5784.200000000001			0.8993902715764326
5785.1			0.8891514174227202
5786.0			0.9121454543529287
5786.9			0.9573624961518113
5787.8			0.9901246160965651
5788.700000000001			0.9975925277184869
5789.6			0.98659398837993
5790.5			0.9745426001753508
5791.4			0.9807415253137003
5792.3			1.0009937480826083
5793.200000000001			1.0
5794.1			1.0
5795.0			1.0
5795.9			1.0
5796.8			1.0
5797.700000000001			1.0
5798.6			1.0
5799.5			1.0
5800.4			1.0
5801.3			1.0
5802.200000000001			1.0
5803.1			1.0
5804.0			1.0
5804.9			1.0
5805.8			1.0
5806.700000000001			1.0
5807.6			1.0
5808.5			1.0
5809.4			1.0
5810.3			1.0
5811.200000000001			1.0
5812.1			1.0
5813.0			1.0
5813.9			1.0
5814.8			1.0
5815.700000000001			1.0
5816.6			1.0
5817.5			1.0
5818.4			1.0
5819.3			1.0
5820.200000000001			1.0
5821.1			1.0
5822.0			1.0
5822.9			1.0
5823.8			1.0
5824.700000000001			1.0
5825.6			1.0
5826.5			1.0
5827.4			1.0
5828.3			1.0
5829.200000000001			1.0
5830.1			1.0
5831.0			1.0
5831.9			1.0
5832.8			1.0
5833.700000000001			1.0
5834.6			1.0
5835.5			1.0
5836.4			1.0
5837.3			1.0
5838.200000000001			1.0
5839.1			1.0
5840.0			1.0
5840.9			1.0
5841.8			1.0
5842.700000000001			1.0
5843.6			1.0
5844.5			1.0
5845.4			1.0
5846.3			1.0
5847.200000000001			1.0
5848.1			1.0
5849.0			1.0
5849.9			1.0
5850.8			1.0
5851.700000000001			1.0
5852.6			1.0
5853.5			1.0
5854.4			1.0
5855.3			0.9948362344568005
5856.200000000001			0.9521831742684961
5857.1			0.900615074679069
5858.0			0.8918135820705348
5858.9			0.9290571123476624
5859.8			0.9741928886339042
5860.700000000001			0.9990455339386711
5861.6			1.0
5862.5			1.0
5863.4			1.0
5864.3			1.0
5865.200000000001			1.0
5866.1			1.0
5867.0			1.0
5867.9			1.0
5868.8			1.0
5869.700000000001			1.0
5870.6			1.0
5871.5			1.0
5872.4			1.0
5873.3			1.0
5874.200000000001			1.0
5875.1			1.0
5876.0			1.0
5876.9			1.0
5877.8			1.0
5878.700000000001			1.0
5879.6			1.0
5880.5			1.0
5881.4			1.0
5882.3			1.0
5883.200000000001			1.0
5884.1			1.0
5885.0			1.0
5885.9			1.0171690725082514
5886.8			0.9985548888300758
5887.700000000001			0.9093529995990883
5888.6			0.747491779020443
5889.5			0.5984885540007565
5890.4			0.593100312880548
5891.3			0.7603720597633303
5892.200000000001			0.9842902481990253
5893.1			1.1279852978205336
5894.0			1.1238036533865423
5894.9			0.996000964633198
5895.8			1.0
5896.700000000001			1.0
5897.6			1.0
5898.5			1.0
5899.4			1.0
5900.3			1.0
5901.200000000001			1.0
5902.1			1.0
5903.0			1.0
5903.9			1.0
5904.8			1.0
5905.700000000001			1.0
5906.6			1.0
5907.5			1.0
5908.4			1.0
5909.3			1.0
5910.200000000001			1.0
5911.1			1.0
5912.0			1.0
5912.9			1.0
5913.8			1.0
5914.700000000001			1.0
5915.6			1.0
5916.5			1.0
5917.4			1.0
5918.3			1.0
5919.200000000001			1.0
5920.1			1.0
5921.0			1.0
5921.9			1.0
5922.8			1.0
5923.700000000001			1.0
5924.6			1.0
5925.5			1.0
5926.4			1.0
5927.3			1.0
5928.200000000001			1.0
5929.1			1.0
5930.0			1.0
5930.9			1.0
5931.8			1.0
5932.700000000001			1.0
5933.6			1.0
5934.5			1.0
5935.4			1.0
5936.3			1.0
5937.200000000001			1.0
5938.1			1.0
5939.0			1.0
5939.9			1.0
5940.8			1.0
5941.700000000001			1.0
5942.6			1.0
5943.5			1.0
5944.4			1.0
5945.3			1.0
5946.200000000001			1.0
5947.1			1.0
5948.0			1.0
5948.9			1.0
5949.8			1.0
5950.700000000001			1.0
5951.6			1.0
5952.5			1.0
5953.4			1.0
5954.3			1.0
5955.200000000001			1.0
5956.1			1.0
5957.0			1.0
5957.9			1.0
5958.8			1.0
5959.700000000001			1.0
5960.6			1.0
5961.5			1.0
5962.4			1.0
5963.3			1.0
5964.200000000001			1.0
5965.1			1.0
5966.0			1.0
5966.9			1.0
5967.8			1.0
5968.700000000001			1.0
5969.6			1.0
5970.5			1.0
5971.4			1.0
5972.3			1.0
5973.200000000001			1.0
5974.1			1.0
5975.0			1.0
5975.9			1.0
5976.8			1.0
5977.700000000001			1.0
5978.6			1.0
5979.5			1.0
5980.4			1.0146677459460132
5981.3			1.018529692859644
5982.200000000001			1.0042393398610947
5983.1			0.9737013251835583
5984.0			0.9437834491907237
5984.9			0.9356554516078915
5985.8			0.9495453619785903
5986.700000000001			0.9664229505550616
5987.6			0.9790183222911237
5988.5			0.9905236815904466
5989.4			0.9992627565494845
5990.3			1.0
5991.200000000001			1.0
5992.1			1.0
5993.0			1.0
5993.9			1.0
5994.8			1.0
5995.700000000001			1.0
5996.6			1.0
5997.5			1.0
5998.4			1.0
5999.3			1.0
6000.200000000001			1.0
6001.1			1.0
6002.0			1.0
6002.9			1.0
6003.8			1.0
6004.700000000001			1.0
6005.6			1.0
6006.5			1.0
6007.4			1.0
6008.3			1.0
6009.200000000001			1.0
6010.1			1.0
6011.0			1.0
6011.9			1.0
6012.8			1.0
6013.700000000001			1.0
6014.6			1.0125758150776336
6015.5			1.0125544154911577
6016.4			0.9964395794983378
6017.3			0.9952612719954584
6018.200000000001			1.005712704408847
6019.1			0.9948910744944068
6020.0			0.963560773986126
6020.9			0.9394548660371945
6021.8			0.9383908517709141
6022.700000000001			0.9496728295062645
6023.6			0.9598653556811086
6024.5			0.9776051567017997
6025.4			1.0016144380200367
6026.3			1.0081940379476841
6027.200000000001			0.9993828212837126
6028.1			1.0
6029.0			1.0
6029.9			1.0
6030.8			1.0
6031.700000000001			1.0
6032.6			1.0
6033.5			1.0
6034.4			1.0
6035.3			1.0
6036.200000000001			1.0
6037.1			1.0
6038.0			1.0
6038.9			1.0
6039.8			1.0
6040.700000000001			1.0
6041.6			1.0
6042.5			1.0
6043.4			1.0
6044.3			1.0
6045.200000000001			1.0
6046.1			1.0
6047.0			1.0
6047.9			1.0
6048.8			1.0
6049.700000000001			1.0
6050.6			1.0
6051.5			1.0
6052.4			1.0
6053.3			1.0
6054.200000000001			1.0
6055.1			1.0
6056.0			1.0
6056.9			1.0
6057.8			1.0
6058.700000000001			1.0
6059.6			1.0
6060.5			1.0
6061.4			1.0
6062.3			1.0
6063.200000000001			1.0
6064.1			1.0
6065.0			1.0
6065.9			1.0
6066.8			1.0
6067.700000000001			1.0
6068.6			1.0
6069.5			1.0
6070.4			1.0
6071.3			1.0
6072.200000000001			1.0
6073.1			1.0
6074.0			1.0
6074.9			1.0
6075.8			1.0
6076.700000000001			1.0
6077.6			1.0
6078.5			1.0
6079.4			1.0
6080.3			1.0
6081.200000000001			1.0
6082.1			1.0
6083.0			1.0
6083.9			1.0
6084.8			1.0
6085.700000000001			1.0
6086.6			1.0
6087.5			1.0
6088.4			1.0
6089.3			1.0
6090.200000000001			1.0
6091.1			1.0
6092.0			1.0
6092.9			1.0
6093.8			1.0
6094.700000000001			1.0
6095.6			1.0
6096.5			1.0
6097.4			1.0
6098.3			1.0
6099.200000000001			1.0
6100.1			0.993680964949101
6101.0			0.9450997452011098
6101.9			0.8673441551862971
6102.8			0.8322234213333781
6103.700000000001			0.8821692341739003
6104.6			0.9617621243584163
6105.5			1.000578030901862
6106.4			1.0
6107.3			1.0
6108.200000000001			1.0
6109.1			1.0
6110.0			1.0
6110.9			1.0
6111.8			1.0
6112.700000000001			1.0
6113.6			1.0
6114.5			1.0
6115.4			1.0
6116.3			1.0
6117.200000000001			1.0
6118.1			1.0
6119.0			1.0
6119.9			0.9631591306197298
6120.8			0.9037925875461236
6121.700000000001			0.846189780111155
6122.6			0.8460011745013936
6123.5			0.9113549046094291
6124.4			0.9776435340015492
6125.3			0.9995511021502298
6126.200000000001			1.0
6127.1			1.0
6128.0			1.0
6128.9			1.0
6129.8			1.0
6130.700000000001			1.0
6131.6			1.0
6132.5			1.0
6133.4			1.0
6134.3			0.9848943099056826
6135.200000000001			0.9274681866999973
6136.1			0.8431754461936928
6137.0			0.7957974032272418
6137.9			0.8377914182764223
6138.8			0.9346848419405833
6139.700000000001			1.0009025570380612
6140.6			1.0
6141.5			1.0
6142.4			1.0
6143.3			1.0
6144.200000000001			1.0
6145.1			1.0
6146.0			1.0
6146.9			1.0
6147.8			1.0
6148.700000000001			1.0
6149.6			1.0
6150.5			1.0
6151.4			1.0
6152.3			1.0
6153.200000000001			1.0
6154.1			1.0
6155.0			1.0
6155.9			1.0
6156.8			1.0
6157.700000000001			1.0
6158.6			0.9968332045925778
6159.5			0.9642890976830117
6160.4			0.8857468378507766
6161.3			0.7880225089144208
6162.200000000001			0.7440386104960784
6163.1			0.7954793297711078
6164.0			0.8950647263922643
6164.9			0.9698880705176558
6165.8			1.003667245043924
6166.700000000001			1.0
6167.6			1.0
6168.5			1.0
6169.4			1.0
6170.3			1.0
6171.200000000001			1.0
6172.1			1.0
6173.0			1.0
6173.9			1.0
6174.8			1.0
6175.700000000001			1.0
6176.6			1.0
6177.5			1.0
6178.4			1.0
6179.3			1.0
6180.200000000001			1.0
6181.1			1.0
6182.0			1.0
6182.9			1.0
6183.8			1.0
6184.700000000001			1.0
6185.6			1.0
6186.5			1.0
6187.4			1.0
6188.3			0.9969235303647963
6189.200000000001			0.9871427482384835
6190.1			0.9519481880845032
6191.0			0.9101880293866459
6191.9			0.9122795801556283
6192.8			0.9596055658684992
6193.700000000001			1.0000475105192514
6194.6			1.0
6195.5			1.0
6196.4			1.0
6197.3			1.0
6198.200000000001			1.0
6199.1			1.0
6200.0			1.0
6200.9			1.0
6201.8			1.0
6202.700000000001			1.0
6203.6			1.0
6204.5			1.0
6205.4			1.0
6206.3			1.0
6207.200000000001			1.0
6208.1			1.0
6209.0			1.0
6209.9			1.0
6210.8			1.0
6211.700000000001			1.0
6212.6			1.0
6213.5			1.0
6214.4			1.0
6215.3			1.0
6216.200000000001			1.0
6217.1			1.0
6218.0			1.0
6218.9			1.0
6219.8			1.0
6220.700000000001			1.0
6221.6			1.0
6222.5			1.0
6223.4			1.0
6224.3			1.0
6225.200000000001			1.0
6226.1			1.0
6227.0			0.9961985305600979
6227.9			0.985646943957664
6228.8			0.9598450457771474
6229.700000000001			0.9171896588397069
6230.6			0.8883407228144606
6231.5			0.8986774069296222
6232.4			0.9314819780054823
6233.3			0.9669930327094012
6234.200000000001			0.9999981555218836
6235.1			1.0
6236.0			1.0
6236.9			1.0
6237.8			1.0
6238.700000000001			1.0
6239.6			1.0
6240.5			1.0
6241.4			1.0
6242.3			1.0
6243.200000000001			1.0
6244.1			1.0026107268220745
6245.0			1.0009717399971216
6245.9			0.9938592936908869
6246.8			1.0067596675460475
6247.700000000001			1.0363288680464082
6248.6			1.0569235533736838
6249.5			1.0591890003238318
6250.4			1.0356167272400112
6251.3			0.9839542513002733
6252.200000000001			0.9332645247537926
6253.1			0.9174661125604222
6254.0			0.9322931215378598
6254.9			0.949871522864184
6255.8			0.9521385433651626
6256.700000000001			0.9394609482119287
6257.6			0.9241642918263757
6258.5			0.9247233404337244
6259.4			0.9448618866652003
6260.3			0.9676357667022406
6261.200000000001			0.9841683966646546
6262.1			0.9988035875692738
6263.0			1.0
6263.9			1.0
6264.8			1.0
6265.700000000001			1.0
6266.6			1.0
6267.5			1.0
6268.4			1.0
6269.3			1.0
6270.200000000001			1.0
6271.1			1.0
6272.0			1.0
6272.9			1.0
6273.8			1.0
6274.700000000001			1.0
6275.6			1.0
6276.5			1.0
6277.4			1.0
6278.3			1.0
6279.200000000001			1.0
6280.1			1.0
6281.0			1.0
6281.9			1.0
6282.8			1.0
6283.700000000001			1.0
6284.6			1.0
6285.5			1.0
6286.4			1.0
6287.3			1.0
6288.200000000001			1.0
6289.1			1.0
6290.0			1.0
6290.9			1.0
6291.8			1.0
6292.700000000001			1.0
6293.6			1.0
6294.5			1.0
6295.4			1.0
6296.3			1.0
6297.200000000001			1.0
6298.1			1.0
6299.0			1.013606292491348
6299.9			0.9989781745181581
6300.8			0.9523257523387745
6301.700000000001			0.9166762836230052
6302.6			0.9285230446428314
6303.5			0.9705960673912754
6304.4			1.001484695827036
6305.3			1.0
6306.200000000001			1.0
6307.1			1.0
6308.0			1.0
6308.9			1.0
6309.8			1.0
6310.700000000001			1.0
6311.6			1.0
6312.5			1.0
6313.4			1.0
6314.3			1.0
6315.200000000001			1.0
6316.1			1.0
6317.0			1.0
6317.9			1.0
6318.8			1.0
6319.700000000001			1.0
6320.6			1.0
6321.5			1.0
6322.4			1.0
6323.3			1.0
6324.200000000001			1.0
6325.1			1.0
6326.0			1.0
6326.9			1.0
6327.8			1.0
6328.700000000001			1.0
6329.6			1.0
6330.5			1.0
6331.4			1.0
6332.3			1.0109806146170297
6333.200000000001			1.0091525273246849
6334.1			0.9819697273241772
6335.0			0.9392507380818832
6335.9			0.9126401705382345
6336.8			0.9240662403717265
6337.700000000001			0.9565720716563006
6338.6			0.9835424898346701
6339.5			1.0002203776898118
6340.4			1.0
6341.3			1.0
6342.200000000001			1.0
6343.1			1.0
6344.0			1.0
6344.9			1.0
6345.8			1.0
6346.700000000001			1.0
6347.6			1.0
6348.5			1.0
6349.4			1.0
6350.3			1.0
6351.200000000001			1.0
6352.1			1.0
6353.0			1.0
6353.9			1.0
6354.8			0.9831713959180084
6355.700000000001			0.9853024811997338
6356.6			0.9921867444299638
6357.5			0.9802562048652951
6358.4			0.9546779624328613
6359.3			0.9384165136459499
6360.200000000001			0.9333171692285621
6361.1			0.9249895235942722
6362.0			0.9175382187891604
6362.9			0.9250210311014682
6363.8			0.9438873355925379
6364.700000000001			0.9574345587319555
6365.6			0.9625008669161269
6366.5			0.9710648252848498
6367.4			0.9876488463634231
6368.3			1.0008069469022343
6369.200000000001			1.0001088293413793
6370.1			1.0
6371.0			1.0
6371.9			1.0
6372.8			1.0
6373.700000000001			1.0
6374.6			1.0
6375.5			1.0
6376.4			1.0
6377.3			1.0
6378.200000000001			1.0
6379.1			1.0
6380.0			1.0
6380.9			1.0
6381.8			1.0
6382.700000000001			1.0
6383.6			1.0
6384.5			1.0
6385.4			1.0
6386.3			1.0
6387.200000000001			1.0
6388.1			1.0
6389.0			1.0
6389.9			1.0
6390.8			1.0
6391.700000000001			1.0
6392.6			1.0
6393.5			1.0
6394.4			1.0
6395.3			1.0
6396.200000000001			1.0
6397.1			0.998244135353654
6398.0			0.9626930614995354
6398.9			0.9053812766661787
6399.8			0.8728641300717538
6400.700000000001			0.8972726675854877
6401.6			0.9545088635283131
6402.5			0.9996591303099549
6403.4			1.0
6404.3			1.0
6405.200000000001			1.0
6406.1			1.0
6407.0			1.0
6407.9			1.0
6408.8			1.0
6409.700000000001			1.0
6410.6			1.0
6411.5			1.0
6412.4			1.0
6413.3			1.0
6414.200000000001			1.0
6415.1			1.0
6416.0			1.0
6416.9			0.9924294519117393
6417.8			0.97837420510942
6418.700000000001			0.9560663096696442
6419.6			0.9285619270349502
6420.5			0.9129292303245161
6421.4			0.9266203505431244
6422.3			0.9627206280440765
6423.200000000001			0.9922876362256823
6424.1			0.999223189287107
6425.0			1.0
6425.9			1.0
6426.8			1.0
6427.700000000001			1.0
6428.6			1.0
6429.5			1.0
6430.4			1.0
6431.3			1.0
6432.200000000001			1.0
6433.1			1.0
6434.0			1.0
6434.9			1.0
6435.8			0.994474396988569
6436.700000000001			0.9697856274294433
6437.6			0.9203989239873481
6438.5			0.8757554170768008
6439.4			0.8820390940938385
6440.3			0.9391218412651176
6441.200000000001			0.9985198135153103
6442.1			1.0
6443.0			1.0
6443.9			1.0
6444.8			1.0
6445.700000000001			1.0
6446.6			0.9956330734377319
6447.5			0.9652507039959008
6448.4			0.912136212985827
6449.3			0.8727696395911317
6450.200000000001			0.8869091614870056
6451.1			0.9448063894949595
6452.0			0.9986043973883363
6452.9			1.0
6453.8			1.0
6454.700000000001			1.0
6455.6			1.0
6456.5			1.0
6457.4			1.0
6458.3			1.0
6459.200000000001			1.0
6460.1			0.9792443827457162
6461.0			0.9312543383731725
6461.9			0.8776454078093949
6462.8			0.8680328995530785
6463.700000000001			0.9128216917813763
6464.6			0.9679923595327963
6465.5			0.9999961879660588
6466.4			1.0
6467.3			1.0
6468.200000000001			1.0
6469.1			1.0
6470.0			1.0
6470.9			1.0
6471.8			1.0
6472.700000000001			1.0
6473.6			1.0
6474.5			1.0
6475.4			1.0
6476.3			1.0
6477.200000000001			1.0
6478.1			1.0
6479.0			1.0
6479.9			1.0
6480.8			1.0
6481.700000000001			1.0
6482.6			1.0
6483.5			1.0
6484.4			1.0
6485.3			1.0
6486.200000000001			1.0
6487.1			1.0
6488.0			1.0
6488.9			1.0
6489.8			1.0
6490.700000000001			0.9927675652123205
6491.6			0.9736286193086622
6492.5			0.9292996673872483
6493.4			0.8672362189057506
6494.3			0.8258425676023331
6495.200000000001			0.8399041035817894
6496.1			0.9004944418903875
6497.0			0.9631489603196345
6497.9			0.9946090601153588
6498.8			1.0
6499.700000000001			1.0
6500.6			1.0
6501.5			1.0
6502.4			1.0
6503.3			1.0
6504.200000000001			1.0
6505.1			1.0
6506.0			1.0
6506.9			1.0
6507.8			1.0
6508.700000000001			1.0
6509.6			1.0
6510.5			1.0
6511.4			1.0
6512.3			1.0
6513.200000000001			1.0
6514.1			1.0
6515.0			1.0
6515.9			1.0
6516.8			1.0
6517.700000000001			1.0
6518.6			1.0
6519.5			1.0
6520.4			1.0
6521.3			1.0
6522.200000000001			1.0
6523.1			1.0
6524.0			1.0
6524.9			1.0
6525.8			1.0
6526.700000000001			1.0
6527.6			1.0
6528.5			1.0
6529.4			1.0
6530.3			1.0
6531.200000000001			1.0
6532.1			1.0
6533.0			1.0
6533.9			1.0
6534.8			1.0
6535.700000000001			1.0010299794381865
6536.6			0.998732636798195
6537.5			1.0017375285185934
6538.4			1.009368745024237
6539.3			1.01312478731437
6540.200000000001			1.0105736088001536
6541.1			1.0039075296912985
6542.0			0.9994054175669066
6542.9			1.0000132330858482
6543.8			1.0
6544.700000000001			1.0
6545.6			1.0
6546.5			1.0
6547.4			1.0
6548.3			1.0
6549.200000000001			1.0
6550.1			1.0
6551.0			1.0
6551.9			1.0
6552.8			1.0
6553.700000000001			1.0
6554.6			1.0
6555.5			1.0
6556.4			1.0
6557.3			1.0
6558.200000000001			1.0
6559.1			1.0
6560.0			0.9557582863636834
6560.9			0.8603753607290191
6561.8			0.7483559555322133
6562.700000000001			0.7115195808376344
6563.6			0.7892926952239497
6564.5			0.908547821714916
6565.4			0.9857592674959521
6566.3			1.0126091481967552
6567.200000000001			1.0122101282337237
6568.1			0.9980023444584243
6569.0			0.9873250327168992
6569.9			0.9936092477672473
6570.8			1.0030264256959487
6571.700000000001			0.9959514561112763
6572.6			0.9744136085892317
6573.5			0.9576645630394494
6574.4			0.9592677363352885
6575.3			0.9785600079166129
6576.200000000001			1.0053712220144153
6577.1			1.0267365735167977
6578.0			1.0
6578.9			0.9926563597780866
6579.8			0.9803684538950169
6580.700000000001			0.9768950572272591
6581.6			0.9855628945425575
6582.5			0.9978265505141661
6583.4			1.0005372898514868
6584.3			0.9909357193597895
6585.200000000001			0.9783439900272489
6586.1			0.9772855107391508
6587.0			0.992465616124074
6587.9			1.010534058845868
6588.8			1.01900044112482
6589.700000000001			1.0148077813145921
6590.6			0.9935596345924309
6591.5			0.9507365678178454
6592.4			0.9062874107970974
6593.3			0.9000869709771121
6594.200000000001			0.9365385843387112
6595.1			0.9776179977267031
6596.0			0.9927917822765052
6596.9			0.9861241634898738
6597.8			0.9787556818420439
6598.700000000001			0.9833979507153068
6599.6			0.996927624907353
6600.5			1.0084693588444602
6601.4			1.0100518658785154
6602.3			1.0043600859479032
6603.200000000001			0.9967462920119908
6604.1			0.991163910843518
6605.0			0.9892101585748329
6605.9			0.9844537363628098
6606.8			0.9711248712729886
6607.700000000001			0.9558234487707854
6608.6			0.9535634633725434
6609.5			0.9717878807063439
6610.4			0.9976899425336467
6611.3			1.0108053568476472
6612.200000000001			1.007251977921977
6613.1			1.0016615524831924
6614.0			1.0052682008425151
6614.9			1.0121265624352513
6615.8			1.011447939964948
6616.700000000001			1.0041087870478225
6617.6			1.0006669859218815
6618.5			1.004663486447181
6619.4			1.0113813517957386
6620.3			1.0
6621.200000000001			1.0059892065274498
6622.1			1.0067060370437584
6623.0			0.9950709575052422
6623.9			0.9757230166254732
6624.8			0.9688303492760896
6625.700000000001			0.9800423263379922
6626.6			0.9893891370903306
6627.5			0.9872060684128866
6628.4			0.9836485058563321
6629.3			0.9828238536047904
6630.200000000001			0.9787948396579137
6631.1			0.9656983320920742
6632.0			0.9457272464264344
6632.9			0.9308549058690114
6633.8			0.9340065637596342
6634.700000000001			0.9515798975919054
6635.6			0.9692271180467337
6636.5			0.9801690495087564
6637.4			0.9845498787884575
6638.3			0.9819186375540379
6639.200000000001			0.9748645449824936
6640.1			0.9706712708319697
6641.0			0.9701576655181728
6641.9			0.9659243628289877
6642.8			0.9573435021394859
6643.700000000001			0.9561183856286172
6644.6			0.9657283565577633
6645.5			0.9741037493327905
6646.4			0.9728366724537338
6647.3			0.9712580136634652
6648.200000000001			0.982226113096232
6649.1			0.9998743715203166
6650.0			1.0087817326849384
6650.9			1.0040642892637701
6651.8			0.9953623201564322
6652.700000000001			0.9902216146727405
6653.6			0.9924268037828037
6654.5			1.002613685383323
6655.4			1.0120664193809241
6656.3			1.014704578031834
6657.200000000001			1.0132321546008582
6658.1			1.0104329168070771
6659.0			1.0057367412831402
6659.9			1.0008417085186685
6660.8			0.9976379541201303
6661.700000000001			0.9869784361800865
6662.6			0.9694821224746826
6663.5			0.9635683768909291
6664.4			0.9750406219776188
6665.3			0.987559501317119
6666.200000000001			0.9902518613109133
6667.1			0.9889491831339743
6668.0			0.9909434965733502
6668.9			0.9962753572480537
6669.8			1.0022146627092563
6670.700000000001			1.0079513685851629
6671.6			1.0123696745343025
6672.5			1.0121844336904071
6673.4			1.0088735423049724
6674.3			1.007202132905264
6675.200000000001			0.9997116947743258
6676.1			0.9718124985652543
6677.0			0.9325324439075268
6677.9			0.9187953375164137
6678.8			0.9463712795398255
6679.700000000001			0.9856893685509304
6680.6			1.009435030982889
6681.5			1.0190837941654878
6682.4			1.0
6683.3			0.9979343923440431
6684.200000000001			0.9930317997486074
6685.1			0.9899951022034233
6686.0			0.990217337117615
6686.9			0.9888089731993351
6687.8			0.9858249014431648
6688.700000000001			0.9865871935561202
6689.6			0.9915227677193026
6690.5			0.9908722017185526
6691.4			0.982264421426674
6692.3			0.9791425685180415
6693.200000000001			0.9844121980585462
6694.1			0.9820118428386755
6695.0			0.9658878452777497
6695.9			0.9501762244045242
6696.8			0.9458785780491417
6697.700000000001			0.949575625840413
6698.6			0.9600021586883318
6699.5			0.9755943113773149
6700.4			0.9870898403038413
6701.3			0.9882730328822918
6702.200000000001			0.9796328953305733
6703.1			0.9643470146489067
6704.0			0.9522370517382911
6704.9			0.9513518839728373
6705.8			0.959859906356826
6706.700000000001			0.9702314770086762
6707.6			0.9742285744538911
6708.5			0.968840158484965
6709.4			0.9605848178069638
6710.3			0.9575048535845039
6711.200000000001			0.9573009322321708
6712.1			0.955396453816264
6713.0			0.9525921353743583
6713.9			0.9486622455967657
6714.8			0.9387902293585073
6715.700000000001			0.9207841923547344
6716.6			0.9032051290340841
6717.5			0.9054661534998091
6718.4			0.933712548854427
6719.3			0.9649608274022077
6720.200000000001			0.9771849084653513
6721.1			0.9795162668675405
6722.0			0.9883109742122222
6722.9			0.9968891366145758
6723.8			0.9913938729940288
6724.700000000001			0.9765861529474689
6725.6			0.969156435006227
6726.5			0.9747718631538999
6727.4			0.9854093221824005
6728.3			0.9939724385576235
6729.200000000001			0.999586018888472
6730.1			1.001219592061459
6731.0			0.9958280701241292
6731.9			0.9835633573240863
6732.8			0.9753835040346908
6733.700000000001			0.9791348210496048
6734.6			0.9868769438739237
6735.5			0.9868463842068664
6736.4			0.975718700800062
6737.3			0.9606472302523181
6738.200000000001			0.9542517713478692
6739.1			0.9625437239031059
6740.0			0.9732655313204913
6740.9			0.9696893104522993
6741.8			0.9578633305974482
6742.700000000001			0.9560749953448312
6743.6			0.9654285593677768
6744.5			0.9744192104773229
6745.4			0.9787419701772714
6746.3			0.9821307863734638
6747.200000000001			0.9814619605697907
6748.1			0.9713442555526904
6749.0			0.954747310232948
6749.9			0.9425146419389544
6750.8			0.943147859506029
6751.700000000001			0.9515121793116399
6752.6			0.9626148287838073
6753.5			0.9769664462459976
6754.4			0.9884215465961936
6755.3			0.9911139824997927
6756.200000000001			0.9914213261885986
6757.1			0.9971421449661572
6758.0			1.0065138975404864
6758.9			1.0108076046241827
6759.8			1.0071336869403504
6760.700000000001			1.0000368956414167
6761.6			0.9944391791082734
6762.5			0.9911868895893121
6763.4			0.9865010403940332
6764.3			0.9792995142194496
6765.200000000001			0.9702060692723515
6766.1			0.9606983808414576
6767.0			0.9539474415379007
6767.9			0.954681898845241
6768.8			0.9612074981114758
6769.700000000001			0.9621107071410677
6770.6			0.9563336413939987
6771.5			0.9568180994748169
6772.4			0.9701511215003378
6773.3			0.9865494128665895
6774.200000000001			0.9936147810740188
6775.1			0.9910564051157283
6776.0			0.9864361993164015
6776.9			0.9834569820921695
6777.8			0.9833821146000671
6778.700000000001			0.9849083643286928
6779.6			0.9871342780734802
6780.5			0.9859240539939433
6781.4			0.9757174913494526
6782.3			0.9611132813400171
6783.200000000001			0.9526541869430739
6784.1			0.9531156707363613
6785.0			0.9574884659734249
6785.9			0.9644217511720568
6786.8			0.9742652332109442
6787.700000000001			0.9812753080789117
6788.6			0.9857484339600792
6789.5			0.9926656330031429
6790.4			0.9988530830676214
6791.3			0.9966229076725692
6792.200000000001			0.9862837288805788
6793.1			0.9780994838504038
6794.0			0.977432349182488
6794.9			0.9776939488447947
6795.8			0.9774078447126812
6796.700000000001			0.9816318214903654
6797.6			0.9898030434691489
6798.5			0.9930216931946215
6799.4			0.9872863946753238
6800.3			0.9800121821544787
6801.200000000001			0.9809233746009721
6802.1			0.9868059130870229
6803.0			0.9852502607217412
6803.9			0.9754188031907153
6804.8			0.9683209162990443
6805.700000000001			0.9703288141888037
6806.6			0.9799898744265547
6807.5			0.9883008537668206
6808.4			0.9867130055415658
6809.3			0.9798126356107929
6810.200000000001			0.9800216988381207
6811.1			0.9909970139575974
6812.0			1.002852429796971
6812.9			1.0012105931687572
6813.8			0.9893953717250842
6814.700000000001			0.9857065089770819
6815.6			0.9963006040934603
6816.5			1.0082970955969157
6817.4			1.0101039305064108
6818.3			1.0036608134163385
6819.200000000001			0.9944054771507195
6820.1			0.9885993453759042
6821.0			0.9881247327954331
6821.9			0.9870341963659226
6822.8			0.9865659556690529
6823.700000000001			0.9931274078512683
6824.6			1.0034311171759946
6825.5			1.0069510008261984
6826.4			0.9985791051925847
6827.3			0.9878212952554859
6828.200000000001			0.9855400387773608
6829.1			0.9920088001953657
6830.0			0.999856314460754
6830.9			1.002643871313887
6831.8			1.0006459994582892
6832.700000000001			0.9970877222215497
6833.6			0.9960776123249473
6834.5			1.0001532751813627
6835.4			1.0
6836.3			1.0
6837.200000000001			1.0
6838.1			1.0
6839.0			1.0
6839.9			1.0
6840.8			1.0
6841.700000000001			1.0
6842.6			1.0
6843.5			1.0
6844.4			1.0
6845.3			1.0
6846.200000000001			1.0
6847.1			1.0
6848.0			1.0
6848.9			1.0
6849.8			1.0
6850.700000000001			1.0
6851.6			1.0
6852.5			1.0
6853.4			1.0
6854.3			1.0
6855.200000000001			1.0
6856.1			1.0
6857.0			1.0
6857.9			1.0
6858.8			1.0
6859.700000000001			1.0
6860.6			1.0
6861.5			1.0
6862.4			1.0
6863.3			1.0
6864.200000000001			1.0
6865.1			1.0
6866.0			1.0
6866.9			1.0
6867.8			1.0
6868.700000000001			1.0
6869.6			1.0
6870.5			1.0
6871.4			1.0
6872.3			1.0
6873.200000000001			1.0
6874.1			1.0
6875.0			1.0
6875.9			1.0
6876.8			1.0
6877.700000000001			1.0
6878.6			1.0
6879.5			1.0
6880.4			1.0
6881.3			1.0
6882.200000000001			1.0
6883.1			1.0
6884.0			1.0
6884.9			1.0
6885.8			1.0
6886.700000000001			1.0
6887.6			1.0
6888.5			1.0
6889.4			0.9900843746233265
6890.3			0.9842851771337946
6891.200000000001			0.9979989711317474
6892.1			1.0076296038729347
6893.0			0.9944519477839301
6893.9			0.9798781391306483
6894.8			0.9846546144652134
6895.700000000001			0.9959894871902552
6896.6			0.9906956438036262
6897.5			0.9797492281367505
6898.4			0.98604047827578
6899.3			1.0051295007786347
6900.200000000001			1.0132994189444053
6901.1			1.0076807531963279
6902.0			1.002803913107291
6902.9			1.0043446432924035
6903.8			1.0031280529589819
6904.700000000001			0.9891618542719207
6905.6			0.9751647871237047
6906.5			0.9788579761212176
6907.4			1.0018934233011794
6908.3			1.0210260298655267
6909.200000000001			1.016273771047971
6910.1			0.9977163628997906
6911.0			0.9854127236972506
6911.9			0.9827144609566223
6912.8			0.9780503935046347
6913.700000000001			0.9672657997207622
6914.6			0.9600488749178071
6915.5			0.9578809298085748
6916.4			0.9607013392311837
6917.3			0.9732392354814065
6918.200000000001			0.9868185051350312
6919.1			0.9939181078213558
6920.0			1.0004529099577846
6920.9			1.005982992072599
6921.8			1.004687164276434
6922.700000000001			0.9898101816744326
6923.6			0.962965811409478
6924.5			0.9446635126677366
6925.4			0.95025976918071
6926.3			0.971634293590946
6927.200000000001			0.9926923801311802
6928.1			1.0012264530751995
6929.0			0.9956776762624044
6929.9			0.9875006997010956
6930.8			0.9870252324459264
6931.700000000001			0.9880577836262799
6932.6			0.9827653212776251
6933.5			0.9759080598290535
6934.4			0.971496876893441
6935.3			0.9699484437963931
6936.200000000001			0.9706121754589792
6937.1			0.9712952455416433
6938.0			0.9698705831181538
6938.9			0.9721511624078844
6939.8			0.9830634098150938
6940.700000000001			0.9940592289667571
6941.6			0.9937840181924462
6942.5			0.9824937959822813
6943.4			0.9620102689975147
6944.3			0.943734276511996
6945.200000000001			0.9438916384155718
6946.1			0.9604312347311345
6947.0			0.9790510684282993
6947.9			0.990122502890429
6948.8			0.9916525046227427
6949.700000000001			0.9840423517253215
6950.6			0.9719679131073571
6951.5			0.964955929863813
6952.4			0.9651423034371511
6953.3			0.9658749208861795
6954.200000000001			0.9641470465217625
6955.1			0.9658045056596307
6956.0			0.975206609542069
6956.9			0.9838555280113714
6957.8			0.9835361449859495
6958.700000000001			0.9752362639054718
6959.6			0.9675313999915826
6960.5			0.9672727063446006
6961.4			0.9733818132760546
6962.3			0.9811661493647182
6963.200000000001			0.9844142688873475
6964.1			0.9794974813842314
6965.0			0.9728994297395114
6965.9			0.9774683247096648
6966.8			0.9936220191235204
6967.700000000001			1.00511459285473
6968.6			1.005145320912227
6969.5			1.0034674017015894
6970.4			1.0052556604407217
6971.3			1.0117648895373104
6972.200000000001			1.020396200453919
6973.1			1.0200240496621824
6974.0			1.007566341789857
6974.9			0.9904439325112323
6975.8			0.9686021451021296
6976.700000000001			0.9355410731106873
6977.6			0.9024019945790529
6978.5			0.8950187813411464
6979.4			0.9197080627633661
6980.3			0.954842367327859
6981.200000000001			0.982444549018276
6982.1			1.0002185775969024
6983.0			1.0101613878504156
6983.9			1.010313521582823
6984.8			1.003566698020099
6985.700000000001			0.995946407071769
6986.6			0.9916047615264024
6987.5			0.989450011557916
6988.4			0.9853665922498477
6989.3			0.9856817612363546
6990.200000000001			0.9919878680916098
6991.1			0.997952860911533
6992.0			1.0010123319030697
6992.9			1.0005301092029788
6993.8			0.9966493891097556
6994.700000000001			0.9936653402470299
6995.6			0.9922028854019165
6996.5			0.990843272560052
6997.4			0.9818048764795835
6998.3			0.9606594017212897
6999.200000000001			0.9426008474116282
7000.1			0.9468167345098132
7001.0			0.9667415014501431
7001.9			0.9770806356702835
7002.8			0.9667136932671084
7003.700000000001			0.9493537069066755
7004.6			0.9401566039038679
7005.5			0.9424429477457964
7006.4			0.952107159879147
7007.3			0.9624156031491906
7008.200000000001			0.9688406843960349
7009.1			0.9686849640716344
7010.0			0.9648727463090919
7010.9			0.9643277295079185
7011.8			0.9702398831506812
7012.700000000001			0.9774801024187737
7013.6			0.9739009736848567
7014.5			0.9514849209198039
7015.4			0.9233237883768447
7016.3			0.9153011361345615
7017.200000000001			0.93685729585123
7018.1			0.9709186183834735
7019.0			0.9963932523629334
7019.9			1.0077235162049725
7020.8			1.0019980037968395
7021.700000000001			0.9752208157122972
7022.6			0.9408757471845035
7023.5			0.9230425303676334
7024.4			0.9284657947394573
7025.3			0.944355102592391
7026.200000000001			0.9577912725873977
7027.1			0.9649785556574404
7028.0			0.9695229669482333
7028.9			0.9732316230106638
7029.8			0.9746263758605241
7030.700000000001			0.974276914752007
7031.6			0.9712881940047736
7032.5			0.9660699581582732
7033.4			0.9590863794420166
7034.3			0.9560511692904874
7035.200000000001			0.9611138215438296
7036.1			0.9626861983781461
7037.0			0.9533323330037974
7037.9			0.9404233303397883
7038.8			0.9427032811878219
7039.700000000001			0.9643236718861097
7040.6			0.9894188807851197
7041.5			1.0060082347458996
7042.4			1.0109692460040864
7043.3			1.0097254989753741
7044.200000000001			1.0046057154161052
7045.1			1.0007505020987921
7046.0			1.0035498085885415
7046.9			1.0095048778588729
7047.8			1.0136727968714407
7048.700000000001			1.0111447874915163
7049.6			1.0053693916560387
7050.5			0.9973880003412717
7051.4			0.9842137280942086
7052.3			0.9686943172238781
7053.200000000001			0.9636723925812516
7054.1			0.9746489667234717
7055.0			0.9890001364034897
7055.9			0.9945699507786381
7056.8			0.9875379782837501
7057.700000000001			0.9724697925824162
7058.6			0.9541416663290742
7059.5			0.9397144870607329
7060.4			0.9385180140026301
7061.3			0.9529815289492525
7062.200000000001			0.9702985821573037
7063.1			0.9839336791500516
7064.0			0.9957313444074845
7064.9			0.9977807031687466
7065.8			0.9853688443608156
7066.700000000001			0.9625924819729086
7067.6			0.9443701735301486
7068.5			0.9459061691705154
7069.4			0.9650203443020994
7070.3			0.9813578133623084
7071.200000000001			0.9865008314766208
7072.1			0.9878221642437321
7073.0			0.9924702995018122
7073.9			1.0
7074.8			0.9963315122543119
7075.700000000001			0.9943466515852156
7076.6			0.9977496774643536
7077.5			1.003090705567607
7078.4			1.0052188201211991
7079.3			1.0088709431221885
7080.200000000001			1.0123307265158523
7081.1			1.008723318613607
7082.0			0.9916923545661482
7082.9			0.9654116790311412
7083.8			0.9410405935257334
7084.700000000001			0.9339110359933113
7085.6			0.943477600463062
7086.5			0.9584736986039619
7087.4			0.9723295428569148
7088.3			0.9815078666387993
7089.200000000001			0.9746624089826127
7090.1			0.959609525554141
7091.0			0.9552923007655014
7091.9			0.963848940490408
7092.8			0.9735772253035813
7093.700000000001			0.9796126346941658
7094.6			0.9825658964451375
7095.5			0.9850057160898791
7096.4			0.9866776506779978
7097.3			0.9867986930378705
7098.200000000001			0.9881011508937977
7099.1			0.9925721454074348
7100.0			0.9975039450815498
7100.9			0.9969404553239457
7101.8			0.9902643125037549
7102.700000000001			0.9833855896089142
7103.6			0.9855914516838681
7104.5			0.9949542612781767
7105.4			1.0010124372366078
7106.3			0.9966713944170591
7107.200000000001			0.9894845368617781
7108.1			0.9848394952847779
7109.0			0.9804722510648175
7109.9			0.9714867750625947
7110.8			0.9630697552114428
7111.700000000001			0.9597756074165683
7112.6			0.9624958828127058
7113.5			0.9667874838611507
7114.4			0.9722534740200595
7115.3			0.9802062367335003
7116.200000000001			0.9885134896426782
7117.1			0.9922778619639616
7118.0			0.9933767498169134
7118.9			0.9950336768377523
7119.8			0.9925624226364334
7120.700000000001			0.9788553893660323
7121.6			0.9623095540079056
7122.5			1.0
7123.4			1.018480449643405
7124.3			1.034765521490489
7125.200000000001			1.0352639979859775
7126.1			1.0335454147574672
7127.0			1.034103141394726
7127.9			1.0351562175598108
7128.8			1.0270507543796994
7129.700000000001			1.0085833002532876
7130.6			0.9964623803248178
7131.5			1.007452318591651
7132.4			1.0319106275932928
7133.3			1.0526573080901376
7134.200000000001			1.058708457635241
7135.1			1.0573488932576356
7136.0			1.059794336747477
7136.9			1.066395370174502
7137.8			1.0668680622736175
7138.700000000001			1.0614310516520213
7139.6			1.056397177422993
7140.5			1.055884395066866
7141.4			1.0585929724354204
7142.3			1.0624570975267633
7143.200000000001			1.0660336962592982
7144.1			1.0656101189703584
7145.0			1.0615371834282772
7145.9			1.0466449833539335
7146.8			1.0142914330932848
7147.700000000001			0.980680203801001
7148.6			0.9811992957970825
7149.5			1.0154911508205882
7150.4			1.0470692595313398
7151.3			1.057177290977257
7152.200000000001			1.060190219902387
7153.1			1.0622298962631926
7154.0			1.060311111513081
7154.9			1.058826066037852
7155.8			1.0643642766078314
7156.700000000001			1.0718858375342843
7157.6			1.0715758868215706
7158.5			1.0647018251111298
7159.4			1.0558499145062337
7160.3			1.0522073469564572
7161.200000000001			1.050504945848239
7162.1			1.040935146572252
7163.0			1.016439638842112
7163.9			0.9872419184513759
7164.8			0.9740057778280437
7165.700000000001			0.9901348120029965
7166.6			1.022632888320317
7167.5			1.0440884498352097
7168.4			1.046217541310571
7169.3			1.0413356517677625
7170.200000000001			1.0414943816929798
7171.1			1.046427759847138
7172.0			1.0552608897198985
7172.9			1.0584967490116666
7173.8			1.0463134369682943
7174.700000000001			1.0246312752859503
7175.6			1.0103081247129364
7176.5			1.0183687348961148
7177.4			1.0355440628914654
7178.3			1.0367662663121713
7179.200000000001			1.0150456670934336
7180.1			0.9890019521681568
7181.0			0.9762346741569226
7181.9			0.9831466362808007
7182.8			1.006000351442723
7183.700000000001			1.025175396848178
7184.6			1.0228727557213626
7185.5			1.0017454243058286
7186.4			0.9722371679553428
7187.3			0.9499794285208624
7188.200000000001			0.9508913210117956
7189.1			0.9731635960051574
7190.0			1.0022462374978276
7190.9			1.020570039110112
7191.8			1.0225376962184687
7192.700000000001			1.0233772144536788
7193.6			1.032149879237975
7194.5			1.0372153020836472
7195.4			1.033270522487958
7196.3			1.028162318469721
7197.200000000001			1.029696338029884
7198.1			1.0342181633527445
7199.0			1.041370308780118
7199.9			1.0475995577430495
7200.8			1.0334598417253615
7201.700000000001			1.008768827768823
7202.6			1.0116415974782278
7203.5			1.0451946374064245
7204.4			1.0670912957891607
7205.3			1.04921049674388
7206.200000000001			1.003574264893476
7207.1			0.9629791522441876
7208.0			0.9553153810354376
7208.9			0.975488039058473
7209.8			1.008731434614399
7210.700000000001			1.0425571193284233
7211.6			1.0589065100585973
7212.5			1.0538366623353081
7213.4			1.0405870112628963
7214.3			1.0328516584176812
7215.200000000001			1.0313570622501191
7216.1			1.0360878491524954
7217.0			1.0493685878168295
7217.9			1.0651420393500877
7218.8			1.071060866215462
7219.700000000001			1.0620897351362777
7220.6			1.0499205994135379
7221.5			1.044848464573952
7222.4			1.048934102481843
7223.3			1.0576035998402087
7224.200000000001			1.0636209584581975
7225.1			1.0672675300340835
7226.0			1.0676560047584251
7226.9			1.0592386372516953
7227.8			1.0435769412107245
7228.700000000001			1.033375276937458
7229.6			1.0413220229388351
7230.5			1.0600290074340692
7231.4			1.0733862805391587
7232.3			1.0716855234155833
7233.200000000001			1.0633924997625699
7234.1			1.061347711859779
7235.0			1.0575291821226156
7235.9			1.05050404906171
7236.8			1.0441502183901012
7237.700000000001			1.0389446985254733
7238.6			1.0352911440358323
7239.5			1.0376825645294272
7240.4			1.04295687348177
7241.3			1.0451503067534904
7242.200000000001			1.049097946103838
7243.1			1.045358956251141
7244.0			1.0285876111413068
7244.9			1.0165450638722044
7245.8			1.022409848973229
7246.700000000001			1.037075681179994
7247.6			1.0474090185059608
7248.5			1.0508212472664236
7249.4			1.046184822892451
7250.3			1.0332276927676252
7251.200000000001			1.0282226884968473
7252.1			1.0390047807088005
7253.0			1.0495293515011805
7253.9			1.0452074794472328
7254.8			1.0353366851622834
7255.700000000001			1.0395874017712035
7256.6			1.0569831402219965
7257.5			1.0732259250804501
7258.4			1.074716542856494
7259.3			1.0607769876060107
7260.200000000001			1.0332769026222723
7261.1			1.002688892763208
7262.0			0.9932023992833622
7262.9			1.0159180822890665
7263.8			1.052957040074215
7264.700000000001			1.0782078146047385
7265.6			1.0773332694797235
7266.5			1.0670015184056734
7267.4			1.0641819529118952
7268.3			1.0703692058154186
7269.200000000001			1.0772366752772926
7270.1			1.0758009669861788
7271.0			1.0720684350645016
7271.9			1.0734734424866188
7272.8			1.0786520569175664
7273.700000000001			1.0793749859316832
7274.6			1.0779482082684058
7275.5			1.0771789234302764
7276.4			1.075938669061782
7277.3			1.0711928760502554
7278.200000000001			1.0626877197893116
7279.1			1.0589963724322575
7280.0			1.0613268521734507
7280.9			1.0575078716453352
7281.8			1.0401975535946453
7282.700000000001			1.016792816275952
7283.6			1.0038360290177084
7284.5			1.0060674934220488
7285.4			1.0167403841116094
7286.3			1.0273209108963823
7287.200000000001			1.020520725017393
7288.1			0.9940693638350823
7289.0			0.9799058587092111
7289.9			0.9905963167160111
7290.8			1.001575184795327
7291.700000000001			0.996707604205341
7292.6			0.993577798524979
7293.5			1.0079763092580463
7294.4			1.0349518794384331
7295.3			1.0597645806768272
7296.200000000001			1.0737663461685631
7297.1			1.0744786754376985
7298.0			1.0679403207029203
7298.9			1.0597622505075772
7299.8			1.0546634776804424
7300.700000000001			1.055150231229488
7301.6			1.061484789404489
7302.5			1.0658765520108384
7303.4			1.0631434881917305
7304.3			1.0577847746421967
7305.200000000001			1.0489428333043014
7306.1			1.0337591053302786
7307.0			1.0194176541182778
7307.9			1.0217199774535088
7308.8			1.0339461932135277
7309.700000000001			1.034798972063401
7310.6			1.0241271305743342
7311.5			1.0230216488102537
7312.4			1.0357169333509637
7313.3			1.0491342440769504
7314.200000000001			1.0525312980300345
7315.1			1.0417064719775144
7316.0			1.0210322962199156
7316.9			1.0062005972527868
7317.8			1.0071063911300666
7318.700000000001			1.0189912003449804
7319.6			1.0324018910527197
7320.5			1.0442431809341752
7321.4			1.053993291173229
7322.3			1.059918532219243
7323.200000000001			1.0547839764856837
7324.1			1.0319295378034667
7325.0			0.9952805470152309
7325.9			0.9695422168231478
7326.8			0.9763113281991249
7327.700000000001			1.0035752180115929
7328.6			1.0268853663099193
7329.5			1.0338446893330466
7330.4			1.029252388028669
7331.3			1.022270831369247
7332.200000000001			1.0229923166731723
7333.1			1.0297096415237112
7334.0			1.0348052693555085
7334.9			1.044621826679022
7335.8			1.0597781737900973
7336.700000000001			1.0677863975161719
7337.6			1.0636487222784385
7338.5			1.0583378178535274
7339.4			1.0603309169314128
7340.3			1.0629733154486787
7341.200000000001			1.0606910080376084
7342.1			1.0545200274824171
7343.0			1.0426692496454466
7343.9			1.0260880511960675
7344.8			1.015241817894072
7345.700000000001			1.0204507703250945
7346.6			1.035685659145582
7347.5			1.0505765107308576
7348.4			1.05628210831845
7349.3			1.043930769059282
7350.200000000001			1.0206630473912661
7351.1			1.0051664864785135
7352.0			1.011330156499753
7352.9			1.0292429701575845
7353.8			1.0333729926986357
7354.700000000001			1.0171219213616292
7355.6			0.9989246752503969
7356.5			0.9973877299911217
7357.4			1.0118332997359245
7358.3			1.0282874556423194
7359.200000000001			1.0364032677108845
7360.1			1.0272086351842753
7361.0			1.0045610956461748
7361.9			0.9801007724957799
7362.8			0.9697425252235283
7363.700000000001			0.9773560970571261
7364.6			0.9952924065480673
7365.5			1.0133946330302093
7366.4			1.0214814481492513
7367.3			1.026344043997877
7368.200000000001			1.032139091535277
7369.1			1.035314306297449
7370.0			1.0350233110531049
7370.9			1.0350898301282585
7371.8			1.0348095216993287
7372.700000000001			1.0318414332749246
7373.6			1.0255180871455185
7374.5			1.0131091677418684
7375.4			1.0007864330943346
7376.3			1.00163538722698
7377.200000000001			1.0152155740320903
7378.1			1.0331864014332857
7379.0			1.0439538022378
7379.9			1.0445747622109374
7380.8			1.0361358379137595
7381.700000000001			1.0222274818214303
7382.6			1.0105221535300686
7383.5			1.005551663963839
7384.4			1.0005189856069956
7385.3			0.9843565627085928
7386.200000000001			0.9618998393583295
7387.1			0.9448289921374484
7388.0			0.9373993318089191
7388.9			0.9395358584326187
7389.8			0.9540277297566173
7390.700000000001			0.9784237988011609
7391.6			0.9915402121592028
7392.5			0.9855836015656553
7393.4			0.9727124363252206
7394.3			0.9693903965949948
7395.200000000001			0.976653318637379
7396.1			0.9850830601980554
7397.0			0.9913256386341761
7397.9			0.9860795476590518
7398.8			0.9676571195353689
7399.700000000001			0.9501757270537834
7400.6			0.9520267470177337
7401.5			0.9728944252147966
7402.4			0.9964837148415425
7403.3			1.0078898769111992
7404.200000000001			1.0077316150262818
7405.1			1.0023611550857725
7406.0			1.0000603585846015
7406.9			1.0
7407.8			1.0
7408.700000000001			1.0
7409.6			1.0
7410.5			1.0
7411.4			1.0
7412.3			1.0
7413.200000000001			1.0
7414.1			1.0
7415.0			1.0
7415.9			1.0
7416.8			1.0
7417.700000000001			1.0
7418.6			1.0
7419.5			1.0
7420.4			1.0
7421.3			1.0
7422.200000000001			1.0
7423.1			1.0
7424.0			1.0
7424.9			1.0
7425.8			1.0
7426.700000000001			1.0
7427.6			1.0
7428.5			1.0
7429.4			1.0
