3500.0			1.0
3500.9			1.0
3501.8			1.0
3502.7			1.0
3503.6			1.0
3504.5			1.0
3505.4			1.0
3506.3			1.0
3507.2			1.0
3508.1			1.0
3509.0			1.0
3509.9			1.0
3510.8			1.0
3511.7			1.0
3512.6			1.0
3513.5			1.0
3514.4			1.0
3515.3			1.0
3516.2			1.0
3517.1			1.0
3518.0			1.0
3518.9			1.0
3519.8			1.0
3520.7			1.0
3521.6			1.0
3522.5			1.0
3523.4			1.0
3524.3			1.0
3525.2			1.0
3526.1			1.0
3527.0			1.0
3527.9			1.0
3528.8			1.0
3529.7			1.0
3530.6			1.0
3531.5			1.0
3532.4			1.0
3533.3			1.0
3534.2			1.0
3535.1			1.0
3536.0			1.0
3536.9			1.0
3537.8			1.0
3538.7			1.0
3539.6			1.0
3540.5			1.0
3541.4			1.0
3542.3			1.0
3543.2			1.0
3544.1			1.0
3545.0			1.0
3545.9			1.0
3546.8			1.0
3547.7			1.0
3548.6			1.0
3549.5			1.0
3550.4			1.0
3551.3			1.0
3552.2			1.0
3553.1			1.0
3554.0			1.0
3554.9			1.0
3555.8			1.0
3556.7			1.0
3557.6			1.0
3558.5			1.0
3559.4			1.0
3560.3			1.0
3561.2			1.0
3562.1			1.0
3563.0			1.0
3563.9			1.0
3564.8			1.0
3565.7			1.0
3566.6			1.0
3567.5			1.0
3568.4			1.0
3569.3			1.0
3570.2			1.0
3571.1			1.0
3572.0			1.0
3572.9			1.0
3573.8			1.0
3574.7			1.0
3575.6			1.0
3576.5			1.0
3577.4			1.0
3578.3			1.0
3579.2			1.0
3580.1			1.0
3581.0			1.0
3581.9			1.0
3582.8			1.0
3583.7			1.0
3584.6			1.0
3585.5			1.0
3586.4			1.0
3587.3			1.0
3588.2			1.0
3589.1			1.0
3590.0			1.0
3590.9			1.0
3591.8			1.0
3592.7			1.0
3593.6			1.0
3594.5			1.0
3595.4			1.0
3596.3			1.0
3597.2			1.0
3598.1			1.0
3599.0			1.0
3599.9			1.0
3600.8			1.0
3601.7			1.0
3602.6			1.0
3603.5			1.0
3604.4			1.0
3605.3			1.0
3606.2			1.0
3607.1			1.0
3608.0			1.0
3608.9			1.0
3609.8			1.0
3610.7			1.0
3611.6			1.0
3612.5			1.0
3613.4			1.0
3614.3			1.0
3615.2			1.0
3616.1			1.0
3617.0			1.0
3617.9			1.0
3618.8			1.0
3619.7			1.0
3620.6			1.0
3621.5			1.0
3622.4			1.0
3623.3			1.0
3624.2			1.0
3625.1			1.0
3626.0			1.0
3626.9			1.0
3627.8			1.0
3628.7			1.0
3629.6			1.0
3630.5			1.0
3631.4			1.0
3632.3			1.0
3633.2			1.0
3634.1			1.0
3635.0			1.0
3635.9			1.0
3636.8			1.0
3637.7			1.0
3638.6			1.0
3639.5			1.0
3640.4			1.0
3641.3			1.0
3642.2			1.0
3643.1			1.0
3644.0			1.0
3644.9			1.0
3645.8			1.0
3646.7			1.0
3647.6			1.0
3648.5			1.0
3649.4			1.0
3650.3			1.0
3651.2			1.0
3652.1			1.0
3653.0			1.0
3653.9			1.0
3654.8			1.0
3655.7			1.0
3656.6			1.0
3657.5			1.0
3658.4			1.0
3659.3			1.0
3660.2			1.0
3661.1			1.0
3662.0			1.0
3662.9			1.0
3663.8			1.0
3664.7			1.0
3665.6			1.0
3666.5			1.0
3667.4			1.0
3668.3			1.0
3669.2			1.0
3670.1			1.0
3671.0			1.0
3671.9			1.0
3672.8			1.0
3673.7			1.0
3674.6			1.0
3675.5			1.0
3676.4			1.0
3677.3			1.0
3678.2			1.0
3679.1			1.0
3680.0			1.0
3680.9			1.0
3681.8			1.0
3682.7			1.0
3683.6			1.0
3684.5			1.0
3685.4			1.0
3686.3			1.0
3687.2			1.0
3688.1			1.0
3689.0			1.0
3689.9			1.0
3690.8			1.0
3691.7			1.0
3692.6			1.0
3693.5			1.0
3694.4			1.0
3695.3			1.0
3696.2			1.0
3697.1			1.0
3698.0			1.0
3698.9			1.0
3699.8			1.0
3700.7			1.0
3701.6			1.0
3702.5			1.0
3703.4			1.0
3704.3			1.0
3705.2			1.0
3706.1			1.0
3707.0			1.0
3707.9			1.0
3708.8			1.0
3709.7			1.0
3710.6			1.0
3711.5			1.0
3712.4			1.0
3713.3			1.0
3714.2			1.0
3715.1			1.0
3716.0			1.0
3716.9			1.0
3717.8			1.0
3718.7			1.0
3719.6			1.0
3720.5			1.0
3721.4			1.0
3722.3			1.0
3723.2			1.0
3724.1			1.0
3725.0			1.0
3725.9			1.0
3726.8			1.0
3727.7			1.0
3728.6			1.0
3729.5			1.0
3730.4			1.0
3731.3			1.0
3732.2			1.0
3733.1			1.0
3734.0			1.0
3734.9			1.0
3735.8			1.0
3736.7			1.0
3737.6			1.0
3738.5			1.0
3739.4			1.0
3740.3			1.0
3741.2			1.0
3742.1			1.0
3743.0			1.0
3743.9			1.0
3744.8			1.0
3745.7			1.0
3746.6			1.0
3747.5			1.0
3748.4			1.0
3749.3			1.0
3750.2			1.0
3751.1			1.0
3752.0			1.0
3752.9			1.0
3753.8			1.0
3754.7			1.0
3755.6			1.0
3756.5			1.0
3757.4			1.0
3758.3			1.0
3759.2			1.0
3760.1			1.0
3761.0			1.0
3761.9			1.0
3762.8			1.0
3763.7			1.0
3764.6			1.0
3765.5			1.0
3766.4			1.0
3767.3			1.0
3768.2			1.0
3769.1			1.0
3770.0			1.0
3770.9			1.0
3771.8			1.0
3772.7			1.0
3773.6			1.0
3774.5			1.0
3775.4			1.0
3776.3			1.0
3777.2			1.0
3778.1			1.0
3779.0			1.0
3779.9			1.0
3780.8			1.0
3781.7			1.0
3782.6			1.0
3783.5			1.0
3784.4			1.0
3785.3			1.0
3786.2			1.0
3787.1			1.0
3788.0			1.0
3788.9			1.0
3789.8			1.0
3790.7			1.0
3791.6			1.0
3792.5			1.0
3793.4			1.0
3794.3			1.0
3795.2			1.0
3796.1			1.0
3797.0			1.0
3797.9			1.0
3798.8			1.0
3799.7			1.0
3800.6			1.0
3801.5			1.0
3802.4			1.0
3803.3			1.0
3804.2			1.0
3805.1			1.0
3806.0			1.0
3806.9			1.0
3807.8			1.0
3808.7			1.0
3809.6			1.0
3810.5			1.0
3811.4			1.0
3812.3			1.0
3813.2			1.0
3814.1			1.0
3815.0			1.0
3815.9			1.0
3816.8			1.0
3817.7			1.0
3818.6			1.0
3819.5			1.0
3820.4			1.0
3821.3			1.0
3822.2			1.0
3823.1			1.0
3824.0			1.0
3824.9			1.0
3825.8			1.0
3826.7			1.0
3827.6			1.0
3828.5			1.0
3829.4			1.0
3830.3			1.0
3831.2			1.0
3832.1			1.0
3833.0			1.0
3833.9			1.0
3834.8			1.0
3835.7			1.0
3836.6			1.0
3837.5			1.0
3838.4			1.0
3839.3			1.0
3840.2			1.0
3841.1			1.0
3842.0			1.0
3842.9			1.0
3843.8			1.0
3844.7			1.0
3845.6			1.0
3846.5			1.0
3847.4			1.0
3848.3			1.0
3849.2			1.0
3850.1			1.0
3851.0			1.0
3851.9			1.0
3852.8			1.0
3853.7			1.0
3854.6			1.0
3855.5			1.0
3856.4			1.0
3857.3			1.0
3858.2			1.0
3859.1			1.0
3860.0			1.0
3860.9			1.0
3861.8			1.0
3862.7			1.0
3863.6			1.0
3864.5			1.0
3865.4			1.0
3866.3			1.0
3867.2			1.0
3868.1			1.0
3869.0			1.0
3869.9			1.0
3870.8			1.0
3871.7			1.0
3872.6			1.0
3873.5			1.0
3874.4			1.0
3875.3			1.0
3876.2			1.0
3877.1			1.0
3878.0			1.0
3878.9			1.0
3879.8			1.0
3880.7			1.0
3881.6			1.0
3882.5			1.0
3883.4			1.0
3884.3			1.0
3885.2			1.0
3886.1			1.0
3887.0			1.0
3887.9			1.0
3888.8			1.0
3889.7			1.0
3890.6			1.0
3891.5			1.0
3892.4			1.0
3893.3			1.0
3894.2			1.0
3895.1			1.0
3896.0			1.0
3896.9			1.0
3897.8			1.0
3898.7			1.0
3899.6			1.0
3900.5			1.0
3901.4			1.0
3902.3			1.0
3903.2			1.0
3904.1			1.0
3905.0			1.0
3905.9			1.0
3906.8			1.0
3907.7			1.0
3908.6			1.0
3909.5			1.0
3910.4			1.0
3911.3			1.0
3912.2			1.0
3913.1			1.0
3914.0			1.0
3914.9			1.0
3915.8			1.0
3916.7			1.0
3917.6			1.0
3918.5			1.0
3919.4			1.0
3920.3			1.0
3921.2			1.0
3922.1			1.0
3923.0			1.0
3923.9			1.0
3924.8			1.0
3925.7			1.0
3926.6			1.0
3927.5			1.0
3928.4			1.0
3929.3			1.0
3930.2			1.0
3931.1			1.0
3932.0			1.0
3932.9			1.0
3933.8			1.0
3934.7			1.0
3935.6			1.0
3936.5			1.0
3937.4			1.0
3938.3			1.0
3939.2			1.0
3940.1			1.0
3941.0			1.0
3941.9			1.0
3942.8			1.0
3943.7			1.0
3944.6			1.0
3945.5			1.0
3946.4			1.0
3947.3			1.0
3948.2			1.0
3949.1			1.0
3950.0			1.0
3950.9			1.0
3951.8			1.0
3952.7			1.0
3953.6			1.0
3954.5			1.0
3955.4			1.0
3956.3			1.0
3957.2			1.0
3958.1			1.0
3959.0			1.0
3959.9			1.0
3960.8			1.0
3961.7			1.0
3962.6			1.0
3963.5			1.0
3964.4			1.0
3965.3			1.0
3966.2			1.0
3967.1			1.0
3968.0			1.0
3968.9			1.0
3969.8			1.0
3970.7			1.0
3971.6			1.0
3972.5			1.0
3973.4			1.0
3974.3			1.0
3975.2			1.0
3976.1			1.0
3977.0			1.0
3977.9			1.0
3978.8			1.0
3979.7			1.0
3980.6			1.0
3981.5			1.0
3982.4			1.0
3983.3			1.0
3984.2			1.0
3985.1			1.0
3986.0			1.0
3986.9			1.0
3987.8			1.0
3988.7			1.0
3989.6			1.0
3990.5			1.0
3991.4			1.0
3992.3			1.0
3993.2			1.0
3994.1			1.0
3995.0			1.0
3995.9			1.0
3996.8			1.0
3997.7			1.0
3998.6			1.0
3999.5			1.0
4000.4			1.0
4001.3			1.0
4002.2			1.0
4003.1			1.0010177535310951
4004.0			0.9965065297107273
4004.9			0.8858753836646459
4005.8			0.7972422582752033
4006.7			0.8555049353211553
4007.6			0.9518082127547205
4008.5			1.0011462043236792
4009.4			1.0
4010.3			1.0
4011.2			1.0
4012.1			1.0
4013.0			1.0
4013.9			1.0
4014.8			1.0
4015.7			1.0
4016.6			1.0
4017.5			1.0
4018.4			1.0
4019.3			1.0
4020.2			1.0
4021.1			1.0
4022.0			1.0
4022.9			1.0
4023.8			1.0
4024.7			1.0
4025.6			1.0
4026.5			1.0
4027.4			1.0
4028.3			1.0051897198392714
4029.2			0.966317662708754
4030.1			0.8633458752869093
4031.0			0.7364629153069393
4031.9			0.6923285198725346
4032.8			0.7257575745917327
4033.7			0.79290491256497
4034.6			0.8878761150972189
4035.5			0.9877910365785845
4036.4			1.0
4037.3			1.0
4038.2			1.0
4039.1			1.0
4040.0			1.0
4040.9			1.0
4041.8			1.0
4042.7			1.0303772532942566
4043.6			0.98630458540607
4044.5			0.8505534515898399
4045.4			0.7137975694936675
4046.3			0.7299751731342016
4047.2			1.0
4048.1			1.12480909374819
4049.0			1.0890847989735226
4049.9			1.0113376849342512
4050.8			0.9770325843346696
4051.7			0.9644537516806326
4052.6			0.9366314397291872
4053.5			0.8854120477185384
4054.4			0.8340286429764932
4055.3			0.8290149984204327
4056.2			0.8604453570506312
4057.1			0.8839748649151336
4058.0			0.8943970900823902
4058.9			0.9204817122889524
4059.8			0.9700860510243748
4060.7			1.0
4061.6			0.9867667464829327
4062.5			0.8863146403071633
4063.4			0.7779559300260256
4064.3			0.8199822725867891
4065.2			0.9804992965704493
4066.1			1.0
4067.0			1.0
4067.9			1.0
4068.8			1.0
4069.7			1.0
4070.6			1.0
4071.5			1.0
4072.4			1.0
4073.3			1.0
4074.2			1.0119782535578503
4075.1			0.9314616639239972
4076.0			0.7685682871768935
4076.9			0.6122288346365656
4077.8			0.5643122555202809
4078.7			0.6575081704807261
4079.6			0.792002435700426
4080.5			0.9116263484663212
4081.4			1.002716022924576
4082.3			1.0
4083.2			1.0
4084.1			1.0
4085.0			1.0
4085.9			1.0
4086.8			1.0
4087.7			1.0
4088.6			1.0
4089.5			1.0
4090.4			1.0
4091.3			1.0
4092.2			1.0
4093.1			1.0
4094.0			1.0
4094.9			1.0
4095.8			1.0
4096.7			1.0
4097.6			1.0
4098.5			0.9802013140431447
4099.4			0.9300086965393488
4100.3			0.8230131432552272
4101.2			0.6744288287332891
4102.1			0.6250901598784255
4103.0			0.7187597408402228
4103.9			0.8521232465466307
4104.8			0.9501641126231042
4105.7			1.0059936483014844
4106.6			1.0
4107.5			1.0
4108.4			1.0
4109.3			1.0
4110.2			1.0
4111.1			1.0
4112.0			1.0
4112.9			1.0
4113.8			1.0
4114.7			1.0
4115.6			1.0
4116.5			1.0
4117.4			0.9640934120544431
4118.3			0.8719886649616617
4119.2			1.0
4120.1			1.0214961783220948
4121.0			1.0791347297643559
4121.9			1.0788915903107879
4122.8			1.0317224444885404
4123.7			1.0216478599891183
4124.6			1.071076896718595
4125.5			1.0927816491963973
4126.4			1.0464897880099633
4127.3			0.9516247531311902
4128.2			0.8666147175107178
4129.1			0.8403380325401903
4130.0			0.8611167170575195
4130.9			0.8918329800107808
4131.8			0.8713313530657256
4132.7			0.8250012554509523
4133.6			0.8173798059191596
4134.5			0.8602916862276321
4135.4			0.9526014037853704
4136.3			1.0110096160885425
4137.2			0.9898232887983613
4138.1			0.9948262070061084
4139.0			1.0
4139.9			1.0
4140.8			0.9768082342342446
4141.7			0.8865178938650571
4142.6			0.7636892849993088
4143.5			0.6957990008530079
4144.4			0.7681290149635421
4145.3			0.9122581314568797
4146.2			1.0126381166047058
4147.1			1.0
4148.0			1.0010759524814965
4148.9			0.946307681611068
4149.8			0.8747966355755677
4150.7			0.8760719422377459
4151.6			0.9055665884425425
4152.5			0.9140514248956252
4153.4			0.9066606996809491
4154.3			0.863965270745364
4155.2			0.8479682990930385
4156.1			0.8389368184287195
4157.0			0.8642593901844629
4157.9			0.9372346365961215
4158.8			0.9795081891630424
4159.7			0.9919669623510471
4160.6			0.9546880608155611
4161.5			0.927982616517312
4162.4			0.9841187301402171
4163.3			1.0
4164.2			0.985066105064179
4165.1			0.9889085840972386
4166.0			0.9970670578926113
4166.9			0.981766728637683
4167.8			0.9835231478218913
4168.7			1.0378823297381248
4169.6			1.0540672667804623
4170.5			1.0034745700127887
4171.4			0.8992489046362697
4172.3			0.7696957929173663
4173.2			0.700401200105936
4174.1			0.7229191280374975
4175.0			0.8154779835483897
4175.9			0.8994252211469729
4176.8			0.8925338939087972
4177.7			0.8021509194238114
4178.6			0.7567918608654871
4179.5			0.8308239046481762
4180.4			0.974330637813447
4181.3			1.0267257314271616
4182.2			0.9934528956055062
4183.1			1.0
4184.0			1.0
4184.9			1.0
4185.8			1.03509188671469
4186.7			0.9678169037266446
4187.6			0.8938116516721721
4188.5			0.9372498711951014
4189.4			0.9985236583181359
4190.3			1.0
4191.2			1.0
4192.1			1.0
4193.0			1.0
4193.9			1.0639596253695205
4194.8			1.0286535453969754
4195.7			0.9214929778096594
4196.6			0.852642519979286
4197.5			0.8377377557162768
4198.4			0.8409265535355306
4199.3			0.908537788354782
4200.2			1.0272447099889874
4201.1			1.064528239507757
4202.0			1.0132289551672873
4202.9			0.9887516667367087
4203.8			1.0
4204.7			1.0
4205.6			1.0
4206.5			1.0
4207.4			1.0
4208.3			1.0
4209.2			1.0
4210.1			1.0
4211.0			1.0
4211.9			1.0
4212.8			1.0
4213.7			0.9849259445034108
4214.6			0.8912307575645638
4215.5			0.7854512515000901
4216.4			0.8155702008348499
4217.3			0.9867105006831672
4218.2			1.0
4219.1			1.0
4220.0			1.0
4220.9			1.0
4221.8			0.9737945275587169
4222.7			0.89586478226193
4223.6			0.8265486908078056
4224.5			0.7632382396080416
4225.4			0.6813523565166854
4226.3			0.5978554197173445
4227.2			0.599667326040353
4228.1			0.7446003188152595
4229.0			0.9113164876612149
4229.9			0.9903210727070644
4230.8			0.9955791458167017
4231.7			1.0
4232.6			1.0
4233.5			1.0
4234.4			1.0
4235.3			1.0
4236.2			1.0
4237.1			1.0
4238.0			1.0
4238.9			1.0
4239.8			1.0
4240.7			1.0
4241.6			1.0
4242.5			1.0
4243.4			1.0
4244.3			1.0373023232974343
4245.2			1.014182381309674
4246.1			0.9243283457376987
4247.0			0.8540723895712685
4247.9			0.874659311172747
4248.8			0.9500390679775119
4249.7			0.9960215360696666
4250.6			1.0
4251.5			1.0
4252.4			1.0
4253.3			1.0
4254.2			1.0
4255.1			1.0
4256.0			1.0
4256.9			1.0
4257.8			0.9778968008239453
4258.7			0.9091184858765324
4259.6			0.8662287151739699
4260.5			0.8429135084764972
4261.4			0.8720546884151926
4262.3			0.9427750848183868
4263.2			1.0009135164976943
4264.1			1.0
4265.0			1.0
4265.9			1.0
4266.8			0.9915158882489362
4267.7			0.9395312169562452
4268.6			0.8935347922981283
4269.5			0.8582673944658169
4270.4			0.799766007583207
4271.3			0.7315689439725348
4272.2			0.7216812659517001
4273.1			0.77440759799544
4274.0			0.8162554817062129
4274.9			0.8403745774086043
4275.8			0.9021784564130706
4276.7			0.9759961728598742
4277.6			1.0044476854736
4278.5			1.0
4279.4			1.0
4280.3			1.0
4281.2			1.0
4282.1			1.0
4283.0			1.0
4283.9			1.0
4284.8			1.0
4285.7			0.953776940907004
4286.6			0.9253816210962243
4287.5			0.918696891920435
4288.4			0.8767344123203823
4289.3			0.7725098771002941
4290.2			0.7088559167003556
4291.1			0.7910224537518841
4292.0			0.9462852864944119
4292.9			1.0575754628623923
4293.8			1.0597665833517933
4294.7			1.0057712642002046
4295.6			0.962686282695833
4296.5			0.9271641901680994
4297.4			0.9097707025451753
4298.3			0.8635036442714483
4299.2			0.737081827765099
4300.1			0.6463493339128172
4301.0			0.6796329614731669
4301.9			0.7353236482904092
4302.8			0.7597526420948432
4303.7			0.8140382928991546
4304.6			0.8700408959115714
4305.5			0.883955871649155
4306.4			0.9103785839821662
4307.3			0.9222800167444649
4308.2			0.8691800543555179
4309.1			0.8383931598003854
4310.0			0.9139616228631318
4310.9			1.0533775329566442
4311.8			1.1464971135656223
4312.7			1.139513775069576
4313.6			1.0589745440422098
4314.5			1.003171650673708
4315.4			1.0
4316.3			1.0
4317.2			1.0
4318.1			1.0
4319.0			1.0
4319.9			1.0
4320.8			1.0
4321.7			1.0
4322.6			1.0
4323.5			0.9599336804625385
4324.4			0.8526409304697153
4325.3			0.7385139668994207
4326.2			0.7221698758276196
4327.1			0.8247852344353575
4328.0			0.9533736099315746
4328.9			1.0065509777216497
4329.8			1.0
4330.7			1.0
4331.6			1.0
4332.5			1.0
4333.4			1.0
4334.3			1.0
4335.2			1.0
4336.1			0.9846598167428369
4337.0			0.8304702817845471
4337.9			0.6692712898149319
4338.8			0.5930219011487987
4339.7			0.5309916176492943
4340.6			0.5051126086573184
4341.5			0.6157748961420816
4342.4			0.8011138261346639
4343.3			0.8945056044810099
4344.2			0.9136553867510623
4345.1			0.988105041519262
4346.0			1.0
4346.9			1.0
4347.8			1.0
4348.7			1.0
4349.6			1.0005975239050229
4350.5			0.8827191960589071
4351.4			0.7389075574921875
4352.3			0.7286559981540051
4353.2			0.8476561851531448
4354.1			0.9500600092026193
4355.0			1.0031963010187435
4355.9			1.0
4356.8			1.0
4357.7			1.0
4358.6			1.0
4359.5			1.0
4360.4			1.0
4361.3			1.0
4362.2			1.0
4363.1			1.0
4364.0			1.0
4364.9			1.0
4365.8			1.0
4366.7			1.0
4367.6			1.0
4368.5			1.0
4369.4			1.0
4370.3			1.0
4371.2			1.0
4372.1			1.015045828401189
4373.0			0.96111291697683
4373.9			0.8238680442373628
4374.8			0.71577205347122
4375.7			0.7567046142786382
4376.6			0.8935398150751127
4377.5			1.004072584001193
4378.4			1.0
4379.3			1.0
4380.2			0.9815522745058083
4381.1			0.9967052408881389
4382.0			0.9645181755695743
4382.9			0.8357478109965679
4383.8			0.6925860671913122
4384.7			0.6405861956701618
4385.6			0.7148015690622921
4386.5			0.8495779546215859
4387.4			0.9326417737291509
4388.3			0.9686216657325042
4389.2			0.9941537619590592
4390.1			1.0
4391.0			1.0
4391.9			1.0
4392.8			1.0
4393.7			1.0
4394.6			1.0
4395.5			1.0
4396.4			1.0
4397.3			1.0
4398.2			0.963948281552775
4399.1			0.8665788669965385
4400.0			0.7635183379699062
4400.9			0.741350116930055
4401.8			0.8658556559038189
4402.7			1.002532504818663
4403.6			0.9971464784914869
4404.5			1.0
4405.4			1.0
4406.3			1.0
4407.2			1.0
4408.1			1.0
4409.0			1.0
4409.9			1.0
4410.8			1.0
4411.7			1.0531774520604427
4412.6			1.0878349396463198
4413.5			1.065335828888826
4414.4			0.9542612474021301
4415.3			0.8495799403088414
4416.2			0.8352903973468742
4417.1			0.8472044676665731
4418.0			0.8497721479988657
4418.9			0.9065319443721886
4419.8			0.9849978830552257
4420.7			0.9948837595653074
4421.6			1.0
4422.5			1.0
4423.4			1.0
4424.3			1.0
4425.2			1.0
4426.1			1.0
4427.0			1.0
4427.9			1.0
4428.8			1.0
4429.7			1.0
4430.6			1.0
4431.5			1.0
4432.4			1.0
4433.3			1.0
4434.2			1.0
4435.1			1.0
4436.0			1.0
4436.9			1.0
4437.8			1.0
4438.7			1.0
4439.6			0.9939050072776261
4440.5			0.9446241270934574
4441.4			0.867610153282798
4442.3			0.7676354735209253
4443.2			0.6886515643076715
4444.1			0.7088796029685229
4445.0			0.8347015967604843
4445.9			0.9583629500759804
4446.8			1.000527707311002
4447.7			1.0
4448.6			1.0
4449.5			1.0
4450.4			1.0
4451.3			1.0
4452.2			1.0
4453.1			1.020779877672994
4454.0			0.9687242011432682
4454.9			0.8799873160099511
4455.8			0.8474629276601544
4456.7			0.8850582569014361
4457.6			0.9192926842609144
4458.5			0.922909776219031
4459.4			0.9321653621209736
4460.3			0.9348464379591748
4461.2			0.8862332659735304
4462.1			0.8543052807076573
4463.0			0.9191818963499085
4463.9			0.9994311784111395
4464.8			1.021657460101641
4465.7			1.0283718984617891
4466.6			1.028730438342433
4467.5			0.9961518202549975
4468.4			0.9318673627757285
4469.3			0.9003107525066238
4470.2			0.9344377967603084
4471.1			0.9983868667011453
4472.0			1.0
4472.9			1.0
4473.8			1.0
4474.7			1.0
4475.6			1.0
4476.5			1.0
4477.4			1.0
4478.3			0.9814795991261889
4479.2			0.9045466992012068
4480.1			0.8170681674853323
4481.0			0.7644227334177376
4481.9			0.76325781507517
4482.8			0.8212009435334237
4483.7			0.9002542044586114
4484.6			0.9577606153799906
4485.5			0.9934567995734532
4486.4			1.0
4487.3			1.0
4488.2			1.0
4489.1			1.0
4490.0			1.0
4490.9			1.0
4491.8			1.0
4492.7			1.0317114978459831
4493.6			0.9815266741927624
4494.5			0.9145755796070577
4495.4			0.8919780939247854
4496.3			0.8797485345290549
4497.2			0.8960844465573242
4498.1			0.9612808717725297
4499.0			1.0076904081507956
4499.9			0.996234141688969
4500.8			1.0
4501.7			1.0
4502.6			1.0
4503.5			1.0
4504.4			1.0
4505.3			1.0
4506.2			0.9733093404012484
4507.1			0.934035338271465
4508.0			0.9053376166888967
4508.9			0.9246637080101099
4509.8			0.9840968359767348
4510.7			1.0
4511.6			1.0
4512.5			1.0
4513.4			1.0
4514.3			1.0
4515.2			1.0
4516.1			1.0
4517.0			1.0
4517.9			1.0
4518.8			1.0
4519.7			1.0
4520.6			1.0
4521.5			1.0
4522.4			1.0
4523.3			1.0
4524.2			1.0
4525.1			1.0
4526.0			1.0
4526.9			1.0
4527.8			1.0
4528.7			1.0
4529.6			1.0
4530.5			1.0
4531.4			1.0171494233144465
4532.3			1.028777065407514
4533.2			0.9585464945138709
4534.1			0.8540069699538511
4535.0			0.8166674394167392
4535.9			0.8581818526240452
4536.8			0.9590032231784004
4537.7			1.0284445950938004
4538.6			1.0022067989037122
4539.5			1.0
4540.4			1.0
4541.3			0.9775561807859129
4542.2			1.0103448469852856
4543.1			1.0491256604613477
4544.0			1.0186679477967036
4544.9			0.9538670587094928
4545.8			0.9550586319852449
4546.7			1.0014545453981711
4547.6			1.0119841610780582
4548.5			0.9456154962022129
4549.4			0.8516086745476432
4550.3			0.8547164445814207
4551.2			0.9328723778563305
4552.1			0.9545547564302445
4553.0			0.9194985951104278
4553.9			0.8569663833538584
4554.8			0.803536038485202
4555.7			0.8114268382206684
4556.6			0.8939610053296626
4557.5			0.9794630277253797
4558.4			0.9940608284771194
4559.3			0.9817084688650703
4560.2			0.9812375764387745
4561.1			1.0
4562.0			1.0059327461933514
4562.9			0.9589316960615866
4563.8			0.8831941340097065
4564.7			0.848996332573067
4565.6			0.8649137173216235
4566.5			0.9252937288751594
4567.4			1.000038856376981
4568.3			0.9984966827226271
4569.2			1.0
4570.1			1.0
4571.0			1.0
4571.9			1.0
4572.8			1.0
4573.7			1.0
4574.6			1.0
4575.5			1.0
4576.4			1.0
4577.3			1.0
4578.2			0.981708340219741
4579.1			0.9215625569961674
4580.0			0.8623704258046415
4580.9			0.8443081111088593
4581.8			0.8416765599604933
4582.7			0.8070772766509363
4583.6			0.7773269440093652
4584.5			0.8191158799385055
4585.4			0.8956718114242808
4586.3			1.0
4587.2			1.0290439283038526
4588.1			1.0467491331427423
4589.0			1.0542386507436494
4589.9			1.0429344931763034
4590.8			1.001097215785703
4591.7			0.9432191484320074
4592.6			0.912656053992854
4593.5			0.9236722260896606
4594.4			0.9409762956572058
4595.3			0.9477852153597917
4596.2			0.961674103369266
4597.1			0.9808186254088597
4598.0			1.0001404149719728
4598.9			1.0
4599.8			1.0
4600.7			1.0
4601.6			1.0
4602.5			1.0
4603.4			1.0
4604.3			1.0
4605.2			1.0
4606.1			1.0
4607.0			1.0
4607.9			1.0
4608.8			1.0
4609.7			1.0
4610.6			1.0
4611.5			0.9750291238170957
4612.4			0.9446333620553178
4613.3			0.916406015841806
4614.2			0.9242560197668035
4615.1			0.9400830386618503
4616.0			0.9233126098661979
4616.9			0.9227410649605056
4617.8			0.9473698766159006
4618.7			0.9382576232083176
4619.6			0.9115799075072561
4620.5			0.9375056116713649
4621.4			0.9992075152453213
4622.3			1.0354318094397523
4623.2			1.044669342555221
4624.1			1.0365525759171341
4625.0			1.0084806946204303
4625.9			0.9924680011985695
4626.8			1.0
4627.7			0.9868842253079301
4628.6			0.92807885158486
4629.5			0.8877123047810931
4630.4			0.9295897025383707
4631.3			1.004175474684266
4632.2			1.0
4633.1			1.0
4634.0			1.0
4634.9			1.0
4635.8			1.0
4636.7			1.0
4637.6			1.0
4638.5			1.0
4639.4			1.0
4640.3			1.0
4641.2			1.0
4642.1			1.0
4643.0			0.9879908092545325
4643.9			0.9655640850788885
4644.8			0.9411778157314368
4645.7			0.8900967374709553
4646.6			0.8318838770735951
4647.5			0.8072182046430924
4648.4			0.8289954439471977
4649.3			0.8909942925212627
4650.2			0.9570387530126441
4651.1			0.9877800862968726
4652.0			1.001721247368342
4652.9			1.0
4653.8			0.9665486168844989
4654.7			0.8837844350065708
4655.6			0.812456504542397
4656.5			0.7838004949394534
4657.4			0.8256838132439599
4658.3			1.0
4659.2			1.086231583494915
4660.1			1.1010721302843351
4661.0			1.0518413896289636
4661.9			0.9711036347517061
4662.8			0.8998961469132447
4663.7			0.8808446592776601
4664.6			0.9045463258601165
4665.5			0.8948366405663377
4666.4			0.8164454980505934
4667.3			0.726496000122844
4668.2			0.70081678383642
4669.1			0.7229241971556482
4670.0			0.7595961284685504
4670.9			0.8330679599851155
4671.8			0.9088419877463494
4672.7			0.9293483046322348
4673.6			0.922797588724501
4674.5			0.9308615465327065
4675.4			1.0
4676.3			1.0388925013843169
4677.2			1.0412809611175753
4678.1			0.9959264609153682
4679.0			0.9383077414458431
4679.9			0.8976217487857641
4680.8			0.8732970758013228
4681.7			0.8761595865835119
4682.6			0.9145374506585046
4683.5			0.9737174959626406
4684.4			1.0022465996722343
4685.3			1.0001053777892703
4686.2			1.0
4687.1			1.0
4688.0			1.0
4688.9			1.0
4689.8			1.0
4690.7			1.0
4691.6			1.0
4692.5			1.0
4693.4			1.0
4694.3			1.0
4695.2			1.0
4696.1			1.0
4697.0			1.0
4697.9			1.0
4698.8			1.0
4699.7			1.0
4700.6			1.0
4701.5			1.0
4702.4			1.0
4703.3			1.0
4704.2			0.9970544842357647
4705.1			1.0361837217925547
4706.0			1.0429392482710578
4706.9			0.9876129735650123
4707.8			0.9181519951805105
4708.7			0.8847171387116786
4709.6			0.9024575072045415
4710.5			0.9682226201785038
4711.4			1.0338591598242886
4712.3			1.0400597874416664
4713.2			0.9929773442835986
4714.1			1.0
4715.0			1.0
4715.9			1.0
4716.8			1.0
4717.7			1.0
4718.6			1.0
4719.5			1.0
4720.4			1.0
4721.3			1.0
4722.2			1.0056788875351377
4723.1			1.0061797538499677
4724.0			1.0222246014322653
4724.9			1.041179225299688
4725.8			1.0434905013826983
4726.7			0.9988427720649162
4727.6			0.923470403626559
4728.5			0.8819291183959198
4729.4			0.8866849486095439
4730.3			0.895724934270677
4731.2			0.8925695577423172
4732.1			0.9132756115883288
4733.0			0.9508984546130129
4733.9			0.9789273169017462
4734.8			1.001224483795421
4735.7			1.0
4736.6			1.0
4737.5			1.0
4738.4			1.0
4739.3			1.0
4740.2			1.0
4741.1			1.0
4742.0			1.0
4742.9			1.0
4743.8			1.0
4744.7			1.0
4745.6			1.0
4746.5			1.0
4747.4			1.0
4748.3			1.0
4749.2			1.0
4750.1			1.0
4751.0			1.0
4751.9			1.0
4752.8			1.0
4753.7			1.0
4754.6			1.0
4755.5			1.0
4756.4			1.0
4757.3			1.0
4758.2			1.0
4759.1			1.0312187090781026
4760.0			1.0468359080982734
4760.9			1.019654239767067
4761.8			0.9390447067353096
4762.7			0.856269135729271
4763.6			0.818403627196451
4764.5			0.8137588547789926
4765.4			0.8260571331082196
4766.3			0.8574515783344876
4767.2			0.903034017164868
4768.1			0.9353672149839045
4769.0			0.9663140382508852
4769.9			0.9970069599448145
4770.8			1.0
4771.7			1.0
4772.6			1.0
4773.5			1.0
4774.4			1.0
4775.3			1.0
4776.2			1.0
4777.1			1.0
4778.0			1.0
4778.9			1.0
4779.8			0.9702192065345392
4780.7			0.9785978807637844
4781.6			1.000306555432138
4782.5			0.9810783332298324
4783.4			0.941183279169809
4784.3			0.9395391807461626
4785.2			0.9426830987870409
4786.1			0.8973635564393067
4787.0			0.8625160056436245
4787.9			0.8751218679585621
4788.8			0.8784157741155113
4789.7			0.8756623386793763
4790.6			0.8978211233798126
4791.5			0.916371185658601
4792.4			0.9242869806599965
4793.3			0.9552670426940877
4794.2			0.9987250406141644
4795.1			1.0
4796.0			0.9987765719489187
4796.9			0.9732822852570677
4797.8			0.9246898633611924
4798.7			0.8774501670713658
4799.6			0.8681650257108412
4800.5			0.8998760999996256
4801.4			0.9527250230379734
4802.3			0.998280271207511
4803.2			1.005496496539803
4804.1			1.0
4805.0			1.0
4805.9			1.0
4806.8			1.0
4807.7			1.0
4808.6			1.0
4809.5			1.0
4810.4			1.0
4811.3			1.0
4812.2			1.0
4813.1			1.0
4814.0			1.0
4814.9			1.0
4815.8			1.0
4816.7			1.0
4817.6			1.0
4818.5			1.0
4819.4			1.0
4820.3			1.0
4821.2			1.0003799883342233
4822.1			0.9784806907778805
4823.0			0.9095066558745106
4823.9			0.8471023327379941
4824.8			0.8610922645418999
4825.7			0.9319125835300758
4826.6			1.0038094154043353
4827.5			1.0
4828.4			1.0
4829.3			1.0
4830.2			1.0
4831.1			1.0
4832.0			1.0
4832.9			1.0
4833.8			1.0
4834.7			1.0
4835.6			1.0
4836.5			1.0
4837.4			1.0195063381667961
4838.3			1.01566137724037
4839.2			0.9696736558067652
4840.1			0.9336326487348883
4841.0			0.9541770642751485
4841.9			0.9939036273180971
4842.8			1.0015709476975998
4843.7			1.0
4844.6			1.0
4845.5			1.0
4846.4			0.9948376274196352
4847.3			0.9449800037877416
4848.2			0.8776729254632093
4849.1			0.8580142394008022
4850.0			0.9092728517544528
4850.9			0.9736692702729187
4851.8			1.0004401699138692
4852.7			1.0
4853.6			1.0
4854.5			1.0
4855.4			1.0
4856.3			0.9944337519024875
4857.2			1.076267028406284
4858.1			1.0967747495864055
4859.0			0.9876633394702199
4859.9			0.7935417827237412
4860.8			0.6218329609597316
4861.7			0.6037445776505042
4862.6			0.7382160161745193
4863.5			0.8638422486054076
4864.4			0.9086891860771688
4865.3			0.9286601272031474
4866.2			0.9611781407776664
4867.1			0.9979735023955923
4868.0			1.0
4868.9			1.025210469675426
4869.8			1.019177033693839
4870.7			0.9581637829105636
4871.6			0.8968757223462573
4872.5			0.9037792941341986
4873.4			0.9557519174067992
4874.3			0.9959751285157735
4875.2			1.0
4876.1			1.0
4877.0			1.0
4877.9			1.0
4878.8			1.0
4879.7			1.0
4880.6			0.994162928618295
4881.5			0.9316422930641464
4882.4			0.881513911861133
4883.3			0.8618756722862535
4884.2			0.8458484604341845
4885.1			0.8334832645243427
4886.0			0.8361644277990236
4886.9			0.8573277917520649
4887.8			0.8809176978977237
4888.7			0.8840595806258805
4889.6			0.8683500387971312
4890.5			0.8379560794416872
4891.4			0.8367204272991301
4892.3			0.8947002489591518
4893.2			0.9602950637428953
4894.1			1.0
4895.0			1.0351743458447467
4895.9			1.0595586180307435
4896.8			1.0651868506624556
4897.7			1.061026839573652
4898.6			1.0274010428461922
4899.5			0.9500563141493398
4900.4			0.9013517759322909
4901.3			0.9231465982905078
4902.2			0.9499369235532453
4903.1			0.9375308990374717
4904.0			0.925294362284139
4904.9			0.9533804571653196
4905.8			0.9989578396829013
4906.7			1.0
4907.6			0.9858095245997944
4908.5			0.9477093824492961
4909.4			0.8854840053760805
4910.3			0.8203567300778783
4911.2			0.8137485069967936
4912.1			0.8734794829581397
4913.0			1.0
4913.9			1.0213782283106405
4914.8			1.048941893751417
4915.7			1.0841210497326752
4916.6			1.0768249034774617
4917.5			1.0053826162016815
4918.4			0.9105164276921305
4919.3			0.842336896271418
4920.2			0.7969540396884179
4921.1			0.7875528673333733
4922.0			0.8253702908149186
4922.9			0.8430759998756088
4923.8			0.8123643138865324
4924.7			0.8125219646907412
4925.6			0.8885310879847824
4926.5			0.9707493149816138
4927.4			0.995116218482161
4928.3			1.0011828581014182
4929.2			1.0
4930.1			1.0
4931.0			1.0
4931.9			1.0
4932.8			1.0
4933.7			1.0
4934.6			1.0
4935.5			1.044071139183181
4936.4			1.055236635041778
4937.3			0.995612322305149
4938.2			0.9047762172137696
4939.1			0.8506015922647334
4940.0			0.8863940830690806
4940.9			0.9683058749745401
4941.8			1.004202957882436
4942.7			0.9839906634564329
4943.6			1.0
4944.5			1.0
4945.4			1.0
4946.3			1.0
4947.2			1.0
4948.1			1.0
4949.0			1.0
4949.9			1.0
4950.8			1.0
4951.7			1.0
4952.6			1.0
4953.5			1.0
4954.4			1.0
4955.3			1.0
4956.2			0.9714417134214788
4957.1			0.8851387695607357
4958.0			0.8477713917305543
4958.9			0.9146767469369148
4959.8			0.9991362745240894
4960.7			1.0
4961.6			1.0
4962.5			1.0
4963.4			1.0
4964.3			1.0039914023196461
4965.2			0.9689292296407126
4966.1			0.9398845515501466
4967.0			0.9349639802034807
4967.9			0.9314346895402171
4968.8			0.9267402541685961
4969.7			0.9153369288346352
4970.6			0.9079037231443349
4971.5			0.9354129420976816
4972.4			0.9672265570942304
4973.3			0.9899101766951401
4974.2			1.020416596278902
4975.1			1.0341386771009962
4976.0			1.0214278234710408
4976.9			1.0
4977.8			0.9717395539659042
4978.7			0.9478946851581784
4979.6			0.937981491688992
4980.5			0.9075994353988044
4981.4			0.8334168422467858
4982.3			0.7478449558331937
4983.2			0.7194321494653378
4984.1			0.7553344920022916
4985.0			0.8040846834320896
4985.9			0.8495090621631172
4986.8			0.919111876493217
4987.7			0.9867917133755352
4988.6			1.0004017025372474
4989.5			1.0
4990.4			1.0
4991.3			1.0
4992.2			1.0
4993.1			1.0
4994.0			1.0
4994.9			1.0
4995.8			1.0
4996.7			1.0
4997.6			1.0
4998.5			1.0
4999.4			1.0
5000.3			1.0
5001.2			1.0
5002.1			1.000607025665386
5003.0			1.0206839000412304
5003.9			1.0114641297014682
5004.8			0.9436000206359614
5005.7			0.8647851427576847
5006.6			0.8467677117984806
5007.5			0.9071564062319113
5008.4			1.0
5009.3			1.028841364349318
5010.2			0.9951269456256523
5011.1			0.9368422839875101
5012.0			0.8719760200797012
5012.9			0.8202730780251719
5013.8			0.7977940162174356
5014.7			0.8242659861401839
5015.6			0.8875087838578208
5016.5			0.9105585556525794
5017.4			0.8599301217814175
5018.3			0.810814797538749
5019.2			0.8448300748340617
5020.1			0.9255048261837502
5021.0			0.9692047246630232
5021.9			0.9596188065034162
5022.8			0.961780815289151
5023.7			1.004430213502089
5024.6			1.0418377442398625
5025.5			1.0569764475737686
5026.4			1.0453252056168938
5027.3			1.002635758137918
5028.2			1.0
5029.1			1.0
5030.0			1.0
5030.9			1.0
5031.8			1.0
5032.7			1.0
5033.6			1.0
5034.5			1.0
5035.4			0.9228072233161208
5036.3			0.8743345022118981
5037.2			0.8865837108596513
5038.1			0.8955802916258992
5039.0			0.8673907340665673
5039.9			0.8175289650040776
5040.8			0.7586113437465839
5041.7			0.7581776181905238
5042.6			0.8562311482325908
5043.5			0.9615058093353853
5044.4			1.0244879492402075
5045.3			1.0
5046.2			1.02151721618817
5047.1			0.9954628307882644
5048.0			0.9294971350215887
5048.9			0.8732784064680286
5049.8			0.8606907825345318
5050.7			0.8645469550855983
5051.6			0.8596529955412346
5052.5			0.8789950081919344
5053.4			0.9304652923478546
5054.3			0.979362636959547
5055.2			1.0050152154950356
5056.1			1.009447373250974
5057.0			1.0000441211017679
5057.9			1.0
5058.8			1.0
5059.7			1.0
5060.6			1.0
5061.5			1.0
5062.4			1.0
5063.3			1.0
5064.2			1.0
5065.1			1.0
5066.0			1.0
5066.9			1.0
5067.8			1.0
5068.7			1.0
5069.6			1.0
5070.5			1.0
5071.4			1.0
5072.3			1.0
5073.2			1.0
5074.1			1.0
5075.0			1.0
5075.9			1.0
5076.8			1.0202631906748993
5077.7			1.0313638657027344
5078.6			0.9614209356453236
5079.5			0.8558206546981713
5080.4			0.8294714399988276
5081.3			0.9005235498413903
5082.2			0.9745317719330002
5083.1			0.9897270502054926
5084.0			1.0000860289413973
5084.9			1.0
5085.8			1.0
5086.7			1.0
5087.6			1.0
5088.5			1.0
5089.4			1.0
5090.3			1.0
5091.2			1.0
5092.1			1.0
5093.0			1.0
5093.9			1.0
5094.8			1.0
5095.7			0.9848777220543489
5096.6			0.9275764829402905
5097.5			0.8607032027694127
5098.4			0.8111074662470389
5099.3			0.797264797604527
5100.2			0.8428293928500956
5101.1			0.9254709808939731
5102.0			0.9886991161890933
5102.9			1.0024386294477843
5103.8			1.0
5104.7			1.0
5105.6			1.0
5106.5			1.0
5107.4			1.0
5108.3			1.0
5109.2			1.0
5110.1			1.0
5111.0			1.0
5111.9			1.0
5112.8			1.037426129516477
5113.7			1.0396267907169572
5114.6			1.0171378137100435
5115.5			1.008256959835609
5116.4			1.0339592907158044
5117.3			1.0637115567917204
5118.2			1.067055916133435
5119.1			1.0473078937149058
5120.0			1.022173042117465
5120.9			1.001871823177293
5121.8			0.970860558796229
5122.7			0.9100988415614013
5123.6			0.8645029733140378
5124.5			0.8768348338968623
5125.4			0.9114420188957236
5126.3			0.9290627055153728
5127.2			0.92481517387829
5128.1			0.9127249507622349
5129.0			0.8967924307613719
5129.9			0.8908100180697164
5130.8			0.8956268238957508
5131.7			0.8991326415767531
5132.6			0.9131447656851425
5133.5			0.9476387223284738
5134.4			1.0000586793597999
5135.3			1.0
5136.2			1.0
5137.1			1.0
5138.0			1.0
5138.9			1.0
5139.8			1.0
5140.7			1.0289720708224475
5141.6			1.001184722264277
5142.5			0.9405258834802402
5143.4			0.9463437538073458
5144.3			1.00064867685421
5145.2			1.0
5146.1			1.0
5147.0			1.0
5147.9			1.0
5148.8			1.0
5149.7			1.0319468907922487
5150.6			1.004567189975245
5151.5			0.9536207879999286
5152.4			0.9207826807362792
5153.3			0.8880862919562148
5154.2			0.8680365788021059
5155.1			0.8938813408594987
5156.0			0.9426233328971296
5156.9			0.9824590460010665
5157.8			0.9990466466603432
5158.7			0.9988675850980125
5159.6			1.0
5160.5			0.992489479405041
5161.4			0.9637652580714178
5162.3			0.9443095261863186
5163.2			0.9538045621713118
5164.1			0.951504131955099
5165.0			0.9017561108560966
5165.9			0.8226774582511827
5166.8			0.7400004696815757
5167.7			0.6792628301928799
5168.6			0.6747095932157193
5169.5			0.7496664908038628
5170.4			0.8384240504780803
5171.3			0.8359924265617327
5172.2			0.7768522661260908
5173.1			0.7807575256904145
5174.0			0.8709235847405036
5174.9			0.966311844989254
5175.8			1.0029433191973434
5176.7			0.9996884961182003
5177.6			1.0
5178.5			1.0
5179.4			1.0
5180.3			1.0
5181.2			1.0037973620227525
5182.1			0.9592392905526314
5183.0			0.8564094556944081
5183.9			0.8012619035619779
5184.8			0.8606717912376671
5185.7			1.0
5186.6			1.037553380677961
5187.5			1.0145205880904373
5188.4			0.9843298214936138
5189.3			1.0172778160667513
5190.2			1.0565994476139653
5191.1			0.9949149977226648
5192.0			0.8886867893214475
5192.9			0.8781295457538884
5193.8			0.9396035372268725
5194.7			0.9524852247669873
5195.6			0.923748984941903
5196.5			0.9171637513957722
5197.4			0.9309491761618177
5198.3			0.9605330882575158
5199.2			1.0004144922815355
5200.1			1.0
5201.0			1.0
5201.9			1.0135578432951133
5202.8			1.0223720211812408
5203.7			1.0066842020249405
5204.6			0.9479358721617179
5205.5			0.8967045278413431
5206.4			0.9200177483141049
5207.3			0.9745574591165604
5208.2			0.9916698995680947
5209.1			1.0057651241399117
5210.0			1.0
5210.9			1.0
5211.8			1.0
5212.7			1.0
5213.6			1.0252967371213715
5214.5			0.9895849386717638
5215.4			0.9179331333908802
5216.3			0.8728359991178151
5217.2			0.8889944127589754
5218.1			0.9458356982375128
5219.0			0.9999298456757413
5219.9			1.0
5220.8			1.0
5221.7			1.0
5222.6			1.0
5223.5			0.9821727436534722
5224.4			0.9274371622132098
5225.3			0.8358150094889845
5226.2			0.7375958753419678
5227.1			0.7100193357786261
5228.0			0.7923019002886303
5228.9			0.9022422343860459
5229.8			0.9671809325211368
5230.7			1.0032416276488019
5231.6			1.0
5232.5			1.0
5233.4			1.0
5234.3			1.0
5235.2			1.0
5236.1			1.0
5237.0			1.0
5237.9			1.0
5238.8			1.0
5239.7			1.0
5240.6			1.0
5241.5			1.0
5242.4			1.0
5243.3			1.0
5244.2			1.0
5245.1			1.0354720867448348
5246.0			1.015356607221896
5246.9			0.9613478060488868
5247.8			0.9383683451858147
5248.7			0.9350921435617581
5249.6			0.9085999385143364
5250.5			0.8994568983231451
5251.4			0.9471526518424696
5252.3			1.0042938481283024
5253.2			1.0219398747946546
5254.1			1.0
5255.0			0.9739485627558896
5255.9			0.9972826817835873
5256.8			1.0645357914785978
5257.7			1.1288069001716223
5258.6			1.1593464583176998
5259.5			1.1522166351950889
5260.4			1.1148106728589204
5261.3			1.0485043057517085
5262.2			0.972329248979797
5263.1			0.9121877111582156
5264.0			0.865551238338922
5264.9			0.8385858205815155
5265.8			0.8600558929104078
5266.7			0.9430946250274671
5267.6			1.0235588980456747
5268.5			1.006791260531056
5269.4			0.9283678966707662
5270.3			0.9261686987622519
5271.2			1.0225517476050765
5272.1			1.0935695806741335
5273.0			1.0833490985904322
5273.9			1.043795157657172
5274.8			1.005154165511997
5275.7			1.0
5276.6			1.0
5277.5			1.0
5278.4			1.0
5279.3			1.0
5280.2			1.0
5281.1			1.0
5282.0			1.0
5282.9			1.0
5283.8			1.0
5284.7			1.0
5285.6			1.0
5286.5			1.0
5287.4			1.0
5288.3			1.0
5289.2			1.0
5290.1			1.0
5291.0			1.0
5291.9			1.0
5292.8			1.0
5293.7			1.0
5294.6			1.0
5295.5			1.0021820252074078
5296.4			0.9531670202852944
5297.3			0.8839415442223554
5298.2			0.8678538658803427
5299.1			0.9287636103641943
5300.0			0.9956647978588598
5300.9			0.9996992196010815
5301.8			1.0
5302.7			1.0
5303.6			1.0
5304.5			1.0
5305.4			1.0
5306.3			1.0
5307.2			1.0
5308.1			1.0
5309.0			1.0
5309.9			1.0
5310.8			1.0
5311.7			1.0
5312.6			1.0
5313.5			1.0
5314.4			1.0
5315.3			1.0
5316.2			1.0
5317.1			1.0
5318.0			1.0
5318.9			1.0
5319.8			1.0
5320.7			1.0
5321.6			1.0
5322.5			1.0
5323.4			1.0
5324.3			1.0
5325.2			0.9908118029756952
5326.1			1.0011086589809837
5327.0			0.9567113050934192
5327.9			0.8581630803207339
5328.8			0.8201037707663709
5329.7			0.8896063644844369
5330.6			0.9851225583306844
5331.5			1.0218056704221277
5332.4			0.9989640021572653
5333.3			1.0
5334.2			1.0
5335.1			1.0
5336.0			1.0
5336.9			1.0
5337.8			1.0
5338.7			1.0
5339.6			1.0
5340.5			1.0
5341.4			1.0
5342.3			1.0
5343.2			1.0
5344.1			1.0
5345.0			0.9710012670917834
5345.9			0.936844373259983
5346.8			0.9337622993277367
5347.7			0.9368724809441216
5348.6			0.912098372946209
5349.5			0.893257347596724
5350.4			0.9237801593033637
5351.3			0.977199915828098
5352.2			0.996580880095731
5353.1			0.9872795809633776
5354.0			1.0001760964640964
5354.9			1.0
5355.8			1.0
5356.7			1.0
5357.6			1.0
5358.5			1.0
5359.4			1.0
5360.3			1.0
5361.2			1.0
5362.1			1.0
5363.0			1.0
5363.9			1.0
5364.8			1.0
5365.7			1.0
5366.6			1.005353658805606
5367.5			0.997359861752947
5368.4			0.975765020970161
5369.3			0.9350451849724805
5370.2			0.8829750907517443
5371.1			0.8581055414487989
5372.0			0.8847866283012125
5372.9			0.9373157364551205
5373.8			0.9761151702121682
5374.7			0.9952299956002585
5375.6			0.9973776020462087
5376.5			1.0
5377.4			1.0
5378.3			1.0
5379.2			1.0
5380.1			1.0
5381.0			1.0
5381.9			1.0
5382.8			1.0
5383.7			1.0
5384.6			1.0
5385.5			1.0
5386.4			1.0
5387.3			1.0
5388.2			1.0
5389.1			1.0
5390.0			1.0
5390.9			1.0
5391.8			1.0
5392.7			1.0
5393.6			1.0
5394.5			1.0
5395.4			1.0
5396.3			1.0
5397.2			0.9612318985296631
5398.1			0.9949649576172799
5399.0			1.0498726891114694
5399.9			1.066794669668745
5400.8			1.0639984402343674
5401.7			1.0643270857213736
5402.6			1.0384903609554303
5403.5			0.9766083184049696
5404.4			0.9141998796956019
5405.3			0.8854326139691204
5406.2			0.9050076257381443
5407.1			0.9521088247244747
5408.0			0.9777984608738954
5408.9			0.9547891679330737
5409.8			0.9163796058355203
5410.7			0.9220645576006696
5411.6			0.9746308940500673
5412.5			1.0135870324177887
5413.4			1.002556032418488
5414.3			1.0
5415.2			1.0
5416.1			1.0
5417.0			1.0
5417.9			1.0
5418.8			1.0
5419.7			1.0
5420.6			1.0
5421.5			0.9950619861974744
5422.4			0.9993613431969187
5423.3			0.9634464678113376
5424.2			0.9081042377462827
5425.1			0.9045892729539912
5426.0			1.0
5426.9			1.0533573648808434
5427.8			1.0473517356452917
5428.7			0.9814045199548784
5429.6			0.923398368555807
5430.5			0.9323482215783947
5431.4			0.9607800335857571
5432.3			0.9481499681618474
5433.2			0.9112409732252645
5434.1			0.8845588519246858
5435.0			0.879137871243406
5435.9			0.8961490587904898
5436.8			0.935541959830453
5437.7			0.985424155689515
5438.6			1.0173372889215349
5439.5			1.0229793863499888
5440.4			1.014995584152007
5441.3			1.0041486499217787
5442.2			1.000025071271273
5443.1			1.0
5444.0			0.9775316072687636
5444.9			0.9266333647264418
5445.8			0.8641834611691768
5446.7			0.8321424581553114
5447.6			0.8733728430233001
5448.5			0.952049602126712
5449.4			1.000138844685142
5450.3			1.0
5451.2			1.0
5452.1			1.0
5453.0			0.9877379461706667
5453.9			0.9473096601664361
5454.8			0.8857380958236318
5455.7			0.8592841954993339
5456.6			0.9021266874743282
5457.5			0.9660395953430376
5458.4			0.998987371874226
5459.3			1.0
5460.2			1.0
5461.1			1.0
5462.0			1.0
5462.9			1.0
5463.8			1.0
5464.7			1.0
5465.6			1.0
5466.5			1.0
5467.4			1.0
5468.3			1.0
5469.2			1.0
5470.1			1.0
5471.0			1.0
5471.9			1.0
5472.8			1.0
5473.7			0.9866699267069052
5474.6			0.9987853980342573
5475.5			0.967157718700911
5476.4			0.8921647558159715
5477.3			0.8740776882586265
5478.2			0.9437125770517925
5479.1			1.0188126704913505
5480.0			1.0297036877615484
5480.9			0.9998239675036023
5481.8			1.0
5482.7			1.0
5483.6			1.0
5484.5			1.0
5485.4			1.0
5486.3			1.0
5487.2			1.0
5488.1			1.0
5489.0			1.0
5489.9			1.0
5490.8			1.0
5491.7			1.0
5492.6			1.0
5493.5			1.0
5494.4			1.0
5495.3			1.0
5496.2			1.0
5497.1			1.0
5498.0			1.0
5498.9			1.0
5499.8			1.0
5500.7			1.0
5501.6			1.0
5502.5			1.0
5503.4			1.0301144787486614
5504.3			1.0675778893351884
5505.2			1.0646448444237309
5506.1			1.0225525411427911
5507.0			0.9957924208443453
5507.9			0.9995141142403643
5508.8			0.9958863232750211
5509.7			0.9803591900092908
5510.6			0.9721876723752584
5511.5			0.9623439467746657
5512.4			0.9486353879285319
5513.3			0.9563807654490256
5514.2			0.9864163571372356
5515.1			1.0138666991915246
5516.0			1.0254591981952734
5516.9			1.0283332737956108
5517.8			1.0341964689429504
5518.7			1.0403823333018767
5519.6			1.0361885905920067
5520.5			1.0183324890386694
5521.4			0.9967042997766116
5522.3			1.0
5523.2			1.0
5524.1			0.9937023572207457
5525.0			0.9580490351651155
5525.9			0.9137430819159215
5526.8			0.8833896030639584
5527.7			0.8747155713103227
5528.6			0.8927651290866674
5529.5			0.9359520364521691
5530.4			0.9801247883226981
5531.3			1.0007564070896708
5532.2			1.0
5533.1			1.0
5534.0			1.0
5534.9			1.0
5535.8			1.0
5536.7			1.0
5537.6			1.0
5538.5			1.0
5539.4			1.0
5540.3			1.0
5541.2			1.006281423895288
5542.1			0.9881602464538713
5543.0			0.9513106252887275
5543.9			0.9205316821452549
5544.8			0.9104081750314118
5545.7			0.9157192844087093
5546.6			0.9361570014702267
5547.5			0.9695699962433489
5548.4			0.9983705614523904
5549.3			1.0
5550.200000000001			1.0
5551.1			1.0
5552.0			1.0
5552.9			1.0
5553.8			1.0
5554.700000000001			1.0
5555.6			1.0
5556.5			1.0
5557.4			1.0
5558.3			1.0
5559.200000000001			1.0
5560.1			1.0
5561.0			1.0
5561.9			1.0
5562.8			1.0
5563.700000000001			1.0
5564.6			1.0
5565.5			1.0
5566.4			1.0
5567.3			1.0
5568.200000000001			1.0
5569.1			1.0
5570.0			1.0
5570.9			1.0
5571.8			1.0
5572.700000000001			1.0
5573.6			1.0
5574.5			1.0
5575.4			1.0
5576.3			1.0
5577.200000000001			1.0
5578.1			1.0
5579.0			1.0059183453840723
5579.9			1.0162583308448383
5580.8			1.0111659098153076
5581.700000000001			0.994117406797371
5582.6			0.9963597961678878
5583.5			1.0148255057537672
5584.4			1.018514989778001
5585.3			0.9897192730141551
5586.200000000001			0.9296821981667681
5587.1			0.8680429127773365
5588.0			0.8411127170012064
5588.9			0.8522719241702823
5589.8			0.886159134301333
5590.700000000001			0.9208599203900719
5591.6			0.9391860086386024
5592.5			0.94165272582779
5593.4			0.9280540273505826
5594.3			0.9180621564897443
5595.200000000001			0.9504285287535055
5596.1			0.9982135903390067
5597.0			1.0
5597.9			0.9527699052011603
5598.8			0.9219059296778955
5599.700000000001			0.919365899938192
5600.6			0.9048063724562637
5601.5			0.8778262080485192
5602.4			0.8635331991150237
5603.3			0.8897421310482908
5604.200000000001			0.9529445983478941
5605.1			0.9996780829663072
5606.0			1.0093697463398326
5606.9			1.0029816744198472
5607.8			1.0
5608.700000000001			1.0
5609.6			1.0
5610.5			1.0
5611.4			1.0
5612.3			1.0
5613.200000000001			0.9879831939564898
5614.1			0.9324968672727418
5615.0			0.8679322150018081
5615.9			0.8676273651660819
5616.8			0.9290028203844952
5617.700000000001			0.9788584718863762
5618.6			0.9930432876537699
5619.5			1.0
5620.4			1.0
5621.3			1.0
5622.200000000001			1.00965227284377
5623.1			0.981570205967991
5624.0			0.9270633423198135
5624.9			0.9065270294553964
5625.8			0.9379634864499495
5626.700000000001			0.9775118911813694
5627.6			1.0011153689847039
5628.5			1.0
5629.4			1.0
5630.3			1.0
5631.200000000001			1.0
5632.1			1.0
5633.0			1.0
5633.9			0.9833548829037094
5634.8			0.9786573613299352
5635.700000000001			0.9674699244325698
5636.6			0.9378527453057295
5637.5			0.9145315135665354
5638.4			0.9218238546661596
5639.3			0.9385486178261635
5640.200000000001			0.9243106547983192
5641.1			0.8969378747354425
5642.0			0.9059250357015707
5642.9			0.9399242093722885
5643.8			0.9606380179900712
5644.700000000001			0.9704213692467151
5645.6			0.9812669184504242
5646.5			0.9949332411615398
5647.4			1.005638646636879
5648.3			0.9999300951958536
5649.200000000001			1.0
5650.1			1.0
5651.0			1.0
5651.9			1.0
5652.8			1.0
5653.700000000001			1.0
5654.6			0.970204034844446
5655.5			0.9707350411873317
5656.4			0.9773650334018481
5657.3			0.9215303039882912
5658.200000000001			0.848921367260939
5659.1			0.8732752513100798
5660.0			0.9702357485535605
5660.9			1.0221317312580065
5661.8			1.001418618836906
5662.700000000001			1.0
5663.6			1.0
5664.5			1.0
5665.4			1.0
5666.3			1.0
5667.200000000001			1.0
5668.1			1.0
5669.0			1.0
5669.9			1.0
5670.8			1.0
5671.700000000001			1.0
5672.6			1.0
5673.5			1.0
5674.4			1.0
5675.3			1.0
5676.200000000001			1.001328723674005
5677.1			1.0104735311058395
5678.0			1.0064667578491786
5678.9			0.9986585081715976
5679.8			1.0016501673859373
5680.700000000001			1.0001903743283482
5681.6			0.9684169813274005
5682.5			0.9193672180853921
5683.4			0.8912696645009001
5684.3			0.8997625945150447
5685.200000000001			0.928809742157221
5686.1			0.9428760653386796
5687.0			0.9324438659289279
5687.9			0.9218796798399004
5688.8			0.9357421180302063
5689.700000000001			0.9710359654639936
5690.6			1.00048079916852
5691.5			1.0
5692.4			1.0
5693.3			1.0
5694.200000000001			1.0
5695.1			1.0
5696.0			1.0
5696.9			1.0
5697.8			1.0
5698.700000000001			1.0
5699.6			1.0
5700.5			1.0
5701.4			1.0
5702.3			1.0025739323115823
5703.200000000001			1.033656834523974
5704.1			1.0493485135589926
5705.0			1.0279017242384039
5705.9			0.9883500764179787
5706.8			0.9568165946468054
5707.700000000001			0.9290003623373754
5708.6			0.9001064889937618
5709.5			0.8891682642516889
5710.4			0.8923084139047147
5711.3			0.8916470356754028
5712.200000000001			0.9119257979310521
5713.1			0.9615624138600407
5714.0			0.9965782368064919
5714.9			1.0031184430044873
5715.8			1.0052493472806743
5716.700000000001			1.0020829141871863
5717.6			1.0
5718.5			1.0
5719.4			1.0
5720.3			1.0
5721.200000000001			1.0
5722.1			1.0
5723.0			1.0
5723.9			1.0
5724.8			1.0
5725.700000000001			1.0
5726.6			1.0
5727.5			1.0
5728.4			1.0
5729.3			1.0
5730.200000000001			1.0
5731.1			1.0
5732.0			1.0
5732.9			1.0
5733.8			1.0
5734.700000000001			1.0
5735.6			1.0
5736.5			1.0
5737.4			1.0
5738.3			1.0
5739.200000000001			1.0
5740.1			1.0
5741.0			1.0
5741.9			1.0
5742.8			1.0
5743.700000000001			1.0
5744.6			1.0
5745.5			1.0
5746.4			1.0
5747.3			1.0
5748.200000000001			1.0
5749.1			1.0
5750.0			1.0264804127316662
5750.9			1.0244126316669626
5751.8			0.983610411721981
5752.700000000001			0.9258177611912924
5753.6			0.8895243191778874
5754.5			0.9021430290696674
5755.4			0.9457283156678521
5756.3			0.9808742430351438
5757.200000000001			0.9967109220357434
5758.1			1.0
5759.0			1.0
5759.9			1.0
5760.8			1.0
5761.700000000001			1.0
5762.6			1.0
5763.5			1.0
5764.4			1.0
5765.3			1.0
5766.200000000001			1.0
5767.1			1.0
5768.0			1.0
5768.9			1.0
5769.8			1.0
5770.700000000001			1.0
5771.6			1.0
5772.5			1.0
5773.4			1.0
5774.3			1.0
5775.200000000001			1.0028620543521056
5776.1			1.0229645685272524
5777.0			1.037479281207383
5777.9			1.0344020091400716
5778.8			1.0153137812279815
5779.700000000001			0.9775074742497767
5780.6			0.9298463517693764
5781.5			0.9017124445600253
5782.4			0.9102346614179986
5783.3			0.930111812436401
5784.200000000001			0.9299593978731157
5785.1			0.9236885337681983
5786.0			0.9439943839881564
5786.9			0.9788679647559908
5787.8			0.9999442916557887
5788.700000000001			1.0
5789.6			1.0
5790.5			1.0
5791.4			1.0
5792.3			1.0
5793.200000000001			1.0
5794.1			1.0
5795.0			1.0
5795.9			1.0
5796.8			1.0
5797.700000000001			1.0
5798.6			1.0
5799.5			1.0
5800.4			1.0
5801.3			1.0
5802.200000000001			1.0
5803.1			1.0
5804.0			1.0
5804.9			1.0
5805.8			1.0
5806.700000000001			1.0
5807.6			1.0
5808.5			1.0
5809.4			1.0
5810.3			1.0
5811.200000000001			1.0
5812.1			1.0
5813.0			1.0
5813.9			1.0
5814.8			1.0
5815.700000000001			1.0
5816.6			1.0
5817.5			1.0
5818.4			1.0
5819.3			1.0
5820.200000000001			1.0
5821.1			1.0
5822.0			1.0
5822.9			1.0
5823.8			1.0
5824.700000000001			1.0
5825.6			1.0
5826.5			1.0
5827.4			1.0
5828.3			1.0
5829.200000000001			1.0
5830.1			1.0
5831.0			1.0
5831.9			1.0
5832.8			1.0
5833.700000000001			1.0
5834.6			1.0
5835.5			1.0
5836.4			1.0
5837.3			1.0
5838.200000000001			1.0
5839.1			1.0
5840.0			1.0
5840.9			1.0
5841.8			1.0
5842.700000000001			1.0
5843.6			1.0
5844.5			1.0
5845.4			1.0
5846.3			1.0
5847.200000000001			1.0
5848.1			1.0
5849.0			1.0
5849.9			1.0
5850.8			0.9955453374267329
5851.700000000001			0.9696729116061813
5852.6			0.9255863629054392
5853.5			0.8942937437157512
5854.4			0.9083451266988406
5855.3			0.9379912467953417
5856.200000000001			0.9312582723967088
5857.1			0.8970235161923716
5858.0			0.8878683901787165
5858.9			0.9133495400563514
5859.8			0.9461767075579014
5860.700000000001			0.9678104097908538
5861.6			0.9627093289342722
5862.5			0.951043687250086
5863.4			0.962835786448191
5864.3			0.9877710567767545
5865.200000000001			0.9996433119309046
5866.1			1.0
5867.0			1.0
5867.9			1.0
5868.8			1.0
5869.700000000001			1.0
5870.6			1.0
5871.5			1.0
5872.4			1.0
5873.3			1.0
5874.200000000001			1.0
5875.1			1.0
5876.0			1.0
5876.9			1.0
5877.8			1.0
5878.700000000001			1.0
5879.6			1.0
5880.5			1.0
5881.4			1.0
5882.3			1.0
5883.200000000001			1.0
5884.1			1.0
5885.0			1.0
5885.9			1.0
5886.8			1.0
5887.700000000001			0.9804077376980763
5888.6			0.9059872042864292
5889.5			0.813922244391605
5890.4			0.80427674704165
5891.3			0.8821569604315579
5892.200000000001			0.9537954681403303
5893.1			0.9902479071620732
5894.0			1.0
5894.9			1.0
5895.8			1.0
5896.700000000001			1.0
5897.6			1.0
5898.5			1.0
5899.4			1.0
5900.3			1.0
5901.200000000001			1.0
5902.1			1.0
5903.0			1.0
5903.9			1.0
5904.8			1.0
5905.700000000001			1.0
5906.6			1.0
5907.5			1.0
5908.4			1.0
5909.3			1.0
5910.200000000001			1.0
5911.1			1.0
5912.0			1.0
5912.9			1.0
5913.8			1.0
5914.700000000001			1.0
5915.6			1.0
5916.5			1.0
5917.4			1.0
5918.3			1.0
5919.200000000001			1.0
5920.1			1.0
5921.0			1.0
5921.9			1.0
5922.8			1.0
5923.700000000001			1.0
5924.6			1.0
5925.5			1.0
5926.4			1.0
5927.3			1.0
5928.200000000001			1.0
5929.1			1.0
5930.0			1.0
5930.9			1.0
5931.8			1.0
5932.700000000001			1.0
5933.6			1.0
5934.5			1.0
5935.4			1.0
5936.3			1.0
5937.200000000001			1.0
5938.1			1.0
5939.0			1.0
5939.9			1.0
5940.8			1.0
5941.700000000001			1.0
5942.6			1.0
5943.5			1.0
5944.4			1.0
5945.3			1.0
5946.200000000001			1.0
5947.1			1.0
5948.0			1.0
5948.9			1.0
5949.8			1.0
5950.700000000001			1.0
5951.6			1.0
5952.5			1.0
5953.4			1.0
5954.3			1.0
5955.200000000001			1.0
5956.1			1.0
5957.0			1.0
5957.9			1.0
5958.8			1.0
5959.700000000001			1.0
5960.6			1.0
5961.5			1.0
5962.4			1.0
5963.3			1.0
5964.200000000001			1.0
5965.1			1.0
5966.0			1.0
5966.9			1.0
5967.8			1.0
5968.700000000001			1.0
5969.6			1.0
5970.5			1.0
5971.4			1.0
5972.3			1.0
5973.200000000001			1.0
5974.1			1.0
5975.0			1.0
5975.9			1.0
5976.8			1.0
5977.700000000001			1.0
5978.6			1.0
5979.5			1.0
5980.4			1.0
5981.3			1.0
5982.200000000001			1.0
5983.1			1.0
5984.0			1.0
5984.9			1.0
5985.8			1.0
5986.700000000001			1.0
5987.6			1.0
5988.5			1.0
5989.4			1.0
5990.3			1.0
5991.200000000001			1.0
5992.1			1.0
5993.0			1.0
5993.9			1.0
5994.8			1.0
5995.700000000001			1.0
5996.6			1.0
5997.5			1.0
5998.4			1.0
5999.3			1.0
6000.200000000001			1.0
6001.1			1.0
6002.0			1.0
6002.9			1.0
6003.8			1.0
6004.700000000001			1.012551594456196
6005.6			1.0083395108361413
6006.5			0.9809105540864184
6007.4			0.9452832235958387
6008.3			0.9308653745851151
6009.200000000001			0.9580090201850588
6010.1			0.9983836279664038
6011.0			1.0133266816908266
6011.9			0.9984180032797014
6012.8			1.0
6013.700000000001			1.0
6014.6			1.0
6015.5			1.0
6016.4			1.0
6017.3			1.0
6018.200000000001			1.0
6019.1			1.0
6020.0			1.0
6020.9			1.0
6021.8			1.0
6022.700000000001			1.0
6023.6			1.0
6024.5			1.0
6025.4			1.0
6026.3			1.0
6027.200000000001			1.0
6028.1			1.0
6029.0			1.0
6029.9			1.0
6030.8			1.0
6031.700000000001			1.0
6032.6			1.0
6033.5			1.0
6034.4			1.0
6035.3			1.0
6036.200000000001			1.0
6037.1			1.0
6038.0			1.0
6038.9			1.0
6039.8			1.0
6040.700000000001			1.0
6041.6			1.0
6042.5			1.0
6043.4			1.0
6044.3			1.0
6045.200000000001			1.0
6046.1			1.0
6047.0			1.0
6047.9			1.0
6048.8			1.0
6049.700000000001			1.0
6050.6			1.0
6051.5			1.0
6052.4			1.0
6053.3			1.0
6054.200000000001			1.0
6055.1			1.0
6056.0			1.0
6056.9			1.0
6057.8			1.0
6058.700000000001			1.0
6059.6			1.0
6060.5			1.0
6061.4			1.0
6062.3			1.0
6063.200000000001			1.0
6064.1			1.0
6065.0			1.0
6065.9			1.0
6066.8			1.0
6067.700000000001			1.0
6068.6			1.0
6069.5			1.0
6070.4			1.0
6071.3			1.0
6072.200000000001			1.0
6073.1			1.0
6074.0			1.0
6074.9			1.0
6075.8			1.0
6076.700000000001			1.0
6077.6			1.0
6078.5			1.0
6079.4			1.0
6080.3			1.0
6081.200000000001			1.0
6082.1			1.0
6083.0			1.0
6083.9			1.0
6084.8			1.0
6085.700000000001			1.0
6086.6			1.0
6087.5			1.0
6088.4			1.0
6089.3			1.0
6090.200000000001			1.0
6091.1			1.0
6092.0			1.0
6092.9			1.0
6093.8			1.0
6094.700000000001			1.0
6095.6			1.0
6096.5			1.0
6097.4			1.0
6098.3			1.0
6099.200000000001			1.0
6100.1			1.0
6101.0			0.9698436765599256
6101.9			0.9135548589455453
6102.8			0.8830259588574466
6103.700000000001			0.9242445516612159
6104.6			0.9944326435757705
6105.5			1.0
6106.4			1.0
6107.3			1.0
6108.200000000001			1.0
6109.1			1.0
6110.0			1.0
6110.9			1.0
6111.8			1.0
6112.700000000001			1.0
6113.6			1.0
6114.5			1.0
6115.4			1.0
6116.3			1.0
6117.200000000001			1.0
6118.1			1.0
6119.0			1.0
6119.9			1.0
6120.8			1.0
6121.700000000001			1.0
6122.6			1.0
6123.5			1.0
6124.4			1.0
6125.3			1.0
6126.200000000001			1.0
6127.1			1.0
6128.0			1.0
6128.9			1.0
6129.8			1.0
6130.700000000001			1.0
6131.6			1.0
6132.5			1.0
6133.4			1.0
6134.3			0.999751694824377
6135.200000000001			0.9570169224838129
6136.1			0.8735191977783741
6137.0			0.8148333376737965
6137.9			0.8491962314887684
6138.8			0.9440352432371525
6139.700000000001			1.0007335983010865
6140.6			1.0
6141.5			1.0
6142.4			1.0
6143.3			1.0
6144.200000000001			1.0
6145.1			1.0
6146.0			1.0
6146.9			1.0
6147.8			1.0
6148.700000000001			1.0
6149.6			1.0
6150.5			1.0
6151.4			1.0
6152.3			1.0
6153.200000000001			1.0
6154.1			1.0
6155.0			1.0
6155.9			1.0
6156.8			1.0
6157.700000000001			1.0
6158.6			1.0105201233784933
6159.5			1.0061952813352224
6160.4			0.9625472672824313
6161.3			0.9022355348921174
6162.200000000001			0.8772573774883122
6163.1			0.9036523218913468
6164.0			0.9517669354912468
6164.9			0.9849636826690369
6165.8			0.9999892852619781
6166.700000000001			1.0
6167.6			1.0
6168.5			1.0
6169.4			1.0
6170.3			1.0
6171.200000000001			1.0
6172.1			1.0
6173.0			1.0
6173.9			1.0
6174.8			1.0
6175.700000000001			1.0
6176.6			1.0
6177.5			1.0
6178.4			1.0
6179.3			1.0
6180.200000000001			1.0
6181.1			1.0
6182.0			1.0
6182.9			1.0
6183.8			1.0
6184.700000000001			1.0
6185.6			1.0
6186.5			1.0
6187.4			1.0
6188.3			1.0
6189.200000000001			0.99615121941564
6190.1			0.9619840940088008
6191.0			0.9090331412599899
6191.9			0.901667386566928
6192.8			0.9493028059558251
6193.700000000001			0.9915061729167322
6194.6			0.9989955054684317
6195.5			1.0
6196.4			1.0
6197.3			1.0
6198.200000000001			1.0
6199.1			1.0
6200.0			1.0
6200.9			1.0
6201.8			1.0
6202.700000000001			1.0
6203.6			1.0
6204.5			1.0
6205.4			1.0
6206.3			1.0
6207.200000000001			1.0
6208.1			1.0
6209.0			1.0
6209.9			1.0
6210.8			1.0
6211.700000000001			1.0
6212.6			1.0
6213.5			1.0
6214.4			1.0
6215.3			1.0
6216.200000000001			1.0
6217.1			1.0
6218.0			1.0
6218.9			1.0
6219.8			1.0
6220.700000000001			1.0
6221.6			1.0
6222.5			1.0
6223.4			1.0
6224.3			1.0
6225.200000000001			1.0
6226.1			1.0
6227.0			0.9956916603766686
6227.9			0.9857277882535103
6228.8			0.958536990424722
6229.700000000001			0.917203834951105
6230.6			0.8924935308937344
6231.5			0.9045864157119657
6232.4			0.9348352783971285
6233.3			0.967374245653466
6234.200000000001			0.9999945978201285
6235.1			1.0
6236.0			1.0
6236.9			1.0
6237.8			1.0
6238.700000000001			1.0
6239.6			1.0
6240.5			1.0
6241.4			1.030049377181254
6242.3			1.0385693516722807
6243.200000000001			1.0104917704314624
6244.1			0.9681832649685067
6245.0			0.9263070677647413
6245.9			0.8938323120944325
6246.8			0.8908314885064509
6247.700000000001			0.9227860455738831
6248.6			0.9664767445757632
6249.5			0.9951063437730993
6250.4			0.9942123622642303
6251.3			1.0
6252.200000000001			1.0
6253.1			1.0
6254.0			1.0
6254.9			1.0
6255.8			1.0
6256.700000000001			1.0
6257.6			1.0
6258.5			1.0
6259.4			1.0
6260.3			1.0
6261.200000000001			1.0
6262.1			1.0
6263.0			1.0
6263.9			1.0
6264.8			1.0
6265.700000000001			1.0
6266.6			1.0
6267.5			1.0
6268.4			1.0
6269.3			1.0
6270.200000000001			1.0
6271.1			1.0
6272.0			1.0
6272.9			1.0
6273.8			1.0
6274.700000000001			1.0
6275.6			1.0
6276.5			1.0
6277.4			0.9927348352549332
6278.3			0.9703628121195034
6279.200000000001			0.9331736316932377
6280.1			0.9102934543454596
6281.0			1.0
6281.9			1.0403966140945242
6282.8			1.0729510360189496
6283.700000000001			1.092540601383048
6284.6			1.0984661766612895
6285.5			1.0950717622989197
6286.4			1.0941569762764602
6287.3			1.0975721902398268
6288.200000000001			1.101583338868505
6289.1			1.0967995837799005
6290.0			1.0784497398842048
6290.9			1.0616259127024212
6291.8			1.0624000446186588
6292.700000000001			1.0738319807949823
6293.6			1.081557434011354
6294.5			1.0846542880118846
6295.4			1.0804990568710005
6296.3			1.060392263278216
6297.200000000001			1.031902375590324
6298.1			1.015556847560161
6299.0			1.0098833198987194
6299.9			0.9885281138274622
6300.8			0.9526118516312317
6301.700000000001			0.9406211840765365
6302.6			0.9721292791407344
6303.5			1.022576932198923
6304.4			1.0557484475224592
6305.3			1.0676107685742031
6306.200000000001			1.075341001223994
6307.1			1.080078139471933
6308.0			1.073452611425923
6308.9			1.054157895603062
6309.8			1.0319622686377916
6310.700000000001			1.0264290124655928
6311.6			1.03703516425267
6312.5			1.0442831480729788
6313.4			1.0296375580420662
6314.3			0.9922072488947866
6315.200000000001			0.9684458423549724
6316.1			0.9749645790060887
6317.0			0.9736389003797948
6317.9			0.9504928923635183
6318.8			0.9414200306848113
6319.700000000001			0.9547023050257376
6320.6			0.9658094992261681
6321.5			0.974668651924526
6322.4			0.9861798668678156
6323.3			1.0123341573858748
6324.200000000001			1.04745171094506
6325.1			1.0673868934213444
6326.0			1.0645000355183487
6326.9			1.0497035681814704
6327.8			1.0408285363964478
6328.700000000001			1.0424975764504276
6329.6			1.0375752789455694
6330.5			1.0255027226885567
6331.4			1.0254383632949509
6332.3			1.0394494981845193
6333.200000000001			1.0453509630146425
6334.1			1.018458765529833
6335.0			0.9682424749513342
6335.9			0.9380615550069678
6336.8			0.9465073573678328
6337.700000000001			0.9690414588618015
6338.6			0.9836302604526506
6339.5			1.0003151342835985
6340.4			1.0212863976373003
6341.3			1.027157681504233
6342.200000000001			1.0137162969538789
6343.1			0.990222870210155
6344.0			0.9755890663522788
6344.9			0.9833128624179485
6345.8			0.9900592739947149
6346.700000000001			0.9827095980238864
6347.6			0.9880454289283696
6348.5			1.0123239547272949
6349.4			1.031568401329622
6350.3			1.0376920368671387
6351.200000000001			1.0400519805447233
6352.1			1.0
6353.0			0.9904750272538118
6353.9			0.968019546868616
6354.8			0.948673194461603
6355.700000000001			0.9542558960459867
6356.6			0.9689049979843652
6357.5			0.9597538408606677
6358.4			0.9378160038768332
6359.3			0.933910247510189
6360.200000000001			0.9419370579827002
6361.1			0.9372029570733375
6362.0			0.924552117770292
6362.9			0.9237399986214413
6363.8			0.9362140125496887
6364.700000000001			0.9548035254550216
6365.6			0.9726181337742988
6366.5			0.9867588214102473
6367.4			0.9954797801739823
6368.3			0.9884171821341232
6369.200000000001			0.966857743566239
6370.1			0.9497073098853857
6371.0			0.9530419552977977
6371.9			0.9785692676021994
6372.8			1.0074930463224296
6373.700000000001			1.0205888106531458
6374.6			1.0184649616757084
6375.5			1.0124629209686504
6376.4			1.0094297326287656
6377.3			1.0058232299009882
6378.200000000001			1.0020115768565423
6379.1			1.001216496260302
6380.0			0.9984543863760997
6380.9			0.9967617332628218
6381.8			1.003735131198888
6382.700000000001			1.0103562562665165
6383.6			1.0
6384.5			0.988421438671015
6385.4			0.9907437429657403
6386.3			1.0068567209132606
6387.200000000001			1.0238487491999622
6388.1			1.0298025194884342
6389.0			1.0209944337375547
6389.9			1.0047420700929062
6390.8			0.9939276288609545
6391.700000000001			0.9800099053530751
6392.6			0.9471521296216356
6393.5			0.9264238864408477
6394.4			0.953758484793329
6395.3			1.0016411664153173
6396.200000000001			1.0289214651022438
6397.1			1.031416931255087
6398.0			1.0125719310160959
6398.9			0.9650612443529047
6399.8			0.9153372854561754
6400.700000000001			0.922807118769244
6401.6			0.9783251934122102
6402.5			1.02029276032219
6403.4			1.0352433688809868
6404.3			1.0388234827444873
6405.200000000001			1.030157342889407
6406.1			1.0017968057043218
6407.0			0.9596925882840199
6407.9			0.9381071221042905
6408.8			0.9605277210103008
6409.700000000001			0.9913677753904281
6410.6			0.9866685258379045
6411.5			1.0
6412.4			1.0080220924130963
6413.3			1.0283176297749397
6414.200000000001			1.029008958462994
6415.1			1.0176960861376296
6416.0			1.0075990881406545
6416.9			1.006322818825288
6417.8			1.0176513941989025
6418.700000000001			1.018498095632053
6419.6			0.9903142914410441
6420.5			0.9598935164989961
6421.4			0.9671589680902193
6422.3			1.012260109500142
6423.200000000001			1.0562437195390835
6424.1			1.0700579425765249
6425.0			1.064279331443607
6425.9			1.0608435448709226
6426.8			1.0644002367416552
6427.700000000001			1.0664772294485083
6428.6			1.0536228337806604
6429.5			1.0191440897914934
6430.4			0.9735998113316109
6431.3			0.9463397570742718
6432.200000000001			0.9505717617372171
6433.1			0.9788232357272385
6434.0			1.0209805760949806
6434.9			1.0548076025540656
6435.8			1.0628268356183752
6436.700000000001			1.0477483105652403
6437.6			1.0104536860310247
6438.5			0.9654884498581812
6439.4			0.9634459741935317
6440.3			1.0121546535400656
6441.200000000001			1.0556209769696507
6442.1			1.0639958846026687
6443.0			1.0589119236917086
6443.9			1.06044653442738
6444.8			1.0655789814940846
6445.700000000001			1.0697449194989275
6446.6			1.0722103995866141
6447.5			1.0631717719294094
6448.4			1.022496454129219
6449.3			0.9627036256979455
6450.200000000001			0.9470100407902778
6451.1			0.9930409998553474
6452.0			1.0449745678073132
6452.9			1.0669066732490042
6453.8			1.057982963175565
6454.700000000001			1.0141882306163947
6455.6			0.9520276995257613
6456.5			0.9314669843641107
6457.4			0.97548724625464
6458.3			1.033370981925457
6459.200000000001			1.0641936467443693
6460.1			1.0643135821730292
6461.0			1.0285280766970808
6461.9			0.9630194096076837
6462.8			0.9305557681704966
6463.700000000001			0.9676805209041881
6464.6			1.0221316129619338
6465.5			1.0512402986954608
6466.4			1.0596043725523023
6467.3			1.0544961220375748
6468.200000000001			1.0388112101454976
6469.1			1.0246950184630053
6470.0			1.0144092581923465
6470.9			1.0
6471.8			0.992774639064377
6472.700000000001			1.0172631109716606
6473.6			1.0439344849930132
6474.5			1.0417629539327284
6475.4			1.0
6476.3			1.0046499606186206
6477.200000000001			1.0206955274147984
6478.1			1.0277419076498597
6479.0			1.0263290360821187
6479.9			1.017922369850909
6480.8			0.989990890620355
6481.700000000001			0.9518261313975969
6482.6			0.9396734654251439
6483.5			0.9632995531486226
6484.4			0.99704665205311
6485.3			1.0185739692577085
6486.200000000001			1.0268977431920687
6487.1			1.0284757660959034
6488.0			1.0266720871014343
6488.9			1.0191460426626566
6489.8			0.997457318066149
6490.700000000001			0.9642146915041134
6491.6			0.9396955974002101
6492.5			0.9194102288389475
6493.4			0.8760231313184208
6494.3			0.8214398163403253
6495.200000000001			0.7897240980867524
6496.1			0.7831235798211066
6497.0			0.8101542147321225
6497.9			0.8612214678868649
6498.8			0.8975122539742989
6499.700000000001			0.9282095130114203
6500.6			0.9675648280725652
6501.5			0.9968254152251877
6502.4			1.011412055328743
6503.3			1.0204487131403366
6504.200000000001			1.0269644037627945
6505.1			1.0305520193857858
6506.0			1.0327608269999449
6506.9			1.0352283281355918
6507.8			1.036195692426008
6508.700000000001			1.0356159199459092
6509.6			1.036403651624583
6510.5			1.0399409234049235
6511.4			1.0413143086140884
6512.3			1.0367372341544905
6513.200000000001			1.0300064597643708
6514.1			1.014059340875203
6515.0			0.9790519037287655
6515.9			0.9470262191261565
6516.8			0.9420567422028
6517.700000000001			0.9509473568758642
6518.6			0.9649410248555235
6519.5			0.9919914949538696
6520.4			1.0198310704234574
6521.3			1.0316816656811105
6522.200000000001			1.031656878248027
6523.1			1.0309371742201534
6524.0			1.0328410526114506
6524.9			1.02807988120426
6525.8			1.0018999804427133
6526.700000000001			0.9717608330636435
6527.6			0.9709538911295489
6528.5			0.9966738493591054
6529.4			1.0224101540610675
6530.3			1.0331770249064534
6531.200000000001			1.0272369350373343
6532.1			1.0094186718042093
6533.0			0.9947529175228615
6533.9			0.9973742031574715
6534.8			1.0114797751160245
6535.700000000001			1.0188548969085514
6536.6			1.0130255340196561
6537.5			1.0071158403473515
6538.4			1.0091750831858994
6539.3			1.0132039160743471
6540.200000000001			1.0144390813056592
6541.1			1.012140402623744
6542.0			1.0087850147757742
6542.9			1.0073520816904347
6543.8			1.0033287163567215
6544.700000000001			0.9828110870473413
6545.6			0.9466315269009569
6546.5			0.9314557898629883
6547.4			0.9539488470505829
6548.3			0.9808662309986845
6549.200000000001			0.9907105795661695
6550.1			0.991726039627524
6551.0			0.9913742835361499
6551.9			0.9894986844607065
6552.8			0.9841859298256584
6553.700000000001			0.9725099641623542
6554.6			0.9538964754801492
6555.5			0.9396500787891043
6556.4			0.9395044440439432
6557.3			0.9413639819821822
6558.200000000001			0.9239688758865416
6559.1			0.8800043859596285
6560.0			0.8080306864407832
6560.9			0.6919502752277242
6561.8			0.5568861628225648
6562.700000000001			0.508557206860492
6563.6			0.602744403613621
6564.5			0.7596951058442135
6565.4			0.8776370362555619
6566.3			0.9340049949802081
6567.200000000001			0.9506914547964068
6568.1			0.9411521783436393
6569.0			0.925222599789695
6569.9			0.9279897745347391
6570.8			0.947353940351003
6571.700000000001			0.9624069316975719
6572.6			0.9594163258645613
6573.5			0.9402910095577768
6574.4			0.9244812157273682
6575.3			0.9365403050681871
6576.200000000001			0.9730929566680666
6577.1			1.0047586343383825
6578.0			1.0171055894395389
6578.9			1.014915289745201
6579.8			1.0017999750643454
6580.700000000001			0.9863912828812429
6581.6			0.9830839456941054
6582.5			0.9937164314651582
6583.4			1.006515584126901
6584.3			1.0085212618749584
6585.200000000001			0.9952073011927389
6586.1			0.9792949534123518
6587.0			0.9806041896090749
6587.9			0.9981847975283081
6588.8			1.0148567032458582
6589.700000000001			1.0221129160758573
6590.6			1.0126735602128174
6591.5			0.9718682084625548
6592.4			0.9113047060382637
6593.3			0.8815106316894671
6594.200000000001			0.9110043236907944
6595.1			0.964214828213436
6596.0			0.995037399986849
6596.9			0.9976068943422116
6597.8			0.9926573193861701
6598.700000000001			0.9986447898977758
6599.6			1.0159017757214557
6600.5			1.0333261108683158
6601.4			1.0412435650587952
6602.3			1.033602618772725
6603.200000000001			1.009651964010459
6604.1			0.9802412304803604
6605.0			0.9653535844826352
6605.9			0.9655758079573799
6606.8			0.9656942192991885
6607.700000000001			0.9605556328415387
6608.6			0.9558013517795515
6609.5			0.9674379237884231
6610.4			0.9982189321843925
6611.3			1.0234181053683233
6612.200000000001			1.0239823848715868
6613.1			1.0076055771206223
6614.0			1.001020404610725
6614.9			1.0139426412714503
6615.8			1.027072357438339
6616.700000000001			1.028364403782665
6617.6			1.025489644722575
6618.5			1.0271214267161082
6619.4			1.0324538210184457
6620.3			1.0365239439118297
6621.200000000001			1.0386337338884688
6622.1			1.0369696633651686
6623.0			1.0280803199890622
6623.9			1.0151655837833475
6624.8			1.0088436174033821
6625.700000000001			1.0114336013597973
6626.6			1.0132893961449077
6627.5			1.012887626133408
6628.4			1.0157590562775698
6629.3			1.0190385941161104
6630.200000000001			1.0178608368661402
6631.1			1.0095017692391193
6632.0			0.9895177609191872
6632.9			0.9585649692721296
6633.8			0.9373401956218793
6634.700000000001			0.9485825451528084
6635.6			0.9796869027584898
6636.5			1.0035789923672314
6637.4			1.011801089592669
6638.3			1.0100237561648528
6639.200000000001			1.007132135686498
6640.1			1.0098839406781068
6641.0			1.0155090970596496
6641.9			1.0072898865316098
6642.8			0.9760002073281662
6643.700000000001			0.9483033484371828
6644.6			0.9534451913846663
6645.5			0.9817163428143716
6646.4			1.0056736005448497
6647.3			1.0151269836167083
6648.200000000001			1.0181071308864156
6649.1			1.0199302760403384
6650.0			1.020098721151316
6650.9			1.0215043899671175
6651.8			1.0235166639783484
6652.700000000001			1.0231760154517087
6653.6			1.0202928751946154
6654.5			1.0183034013738599
6655.4			1.0167668496233746
6656.3			1.0150631816484876
6657.200000000001			1.0170207203178225
6658.1			1.018649460842705
6659.0			1.0164472560388602
6659.9			1.0129456599241753
6660.8			1.005720058637443
6661.700000000001			0.9866684422304678
6662.6			0.955417358081738
6663.5			0.9390148051349319
6664.4			0.9576491558181466
6665.3			0.9881795824830946
6666.200000000001			1.0032787302830144
6667.1			1.0030917397853798
6668.0			1.0021500199346292
6668.9			1.0073647797028793
6669.8			1.0117181710823258
6670.700000000001			1.0108971143675707
6671.6			1.0094333427166309
6672.5			1.0108264397352231
6673.4			1.0132447231532016
6674.3			1.0162859428681694
6675.200000000001			1.0173644546041527
6676.1			1.000686541040291
6677.0			0.9583644396732386
6677.9			0.9224668621172888
6678.8			0.9306625867112003
6679.700000000001			0.9689647963567648
6680.6			1.0023270631413916
6681.5			1.022130551609135
6682.4			1.0319995272460794
6683.3			1.0343576302371007
6684.200000000001			1.0336726866192814
6685.1			1.0335191587604369
6686.0			1.034415708822517
6686.9			1.0345033819772094
6687.8			1.03275714824368
6688.700000000001			1.0318098549961296
6689.6			1.03247983040087
6690.5			1.0327466079088008
6691.4			1.0327872313917152
6692.3			1.0318885259309223
6693.200000000001			1.0311424390350596
6694.1			1.0260661538414793
6695.0			1.0096879436976154
6695.9			0.9918952286268
6696.8			0.9892016210223528
6697.700000000001			0.9991510488294096
6698.6			1.0085429870800242
6699.5			1.0159703402859974
6700.4			1.0224562847698193
6701.3			1.0227207930235438
6702.200000000001			1.013664436155715
6703.1			0.9954058655052195
6704.0			0.9810207435259348
6704.9			0.9846924963795056
6705.8			1.0012157278595362
6706.700000000001			1.0147362132441233
6707.6			1.0190058465856904
6708.5			1.0191545890788776
6709.4			1.0167076665704067
6710.3			1.0129279126533761
6711.200000000001			1.0112434240620394
6712.1			1.005740792047688
6713.0			0.9967294692701314
6713.9			0.9931670756593094
6714.8			0.9926448848604236
6715.700000000001			0.984769635325116
6716.6			0.9626653542941503
6717.5			0.943153566343084
6718.4			0.9543081384843388
6719.3			0.9860255075527292
6720.200000000001			1.0065646017691374
6721.1			1.0068578879392744
6722.0			1.0054998494879808
6722.9			1.0148691963522223
6723.8			1.023674765317738
6724.700000000001			1.0208725997807
6725.6			1.0087764506749264
6726.5			0.9998168004402327
6727.4			1.0
6728.3			1.0
6729.200000000001			1.0
6730.1			1.0
6731.0			1.0
6731.9			1.0
6732.8			1.0
6733.700000000001			1.0
6734.6			1.0
6735.5			1.0
6736.4			1.0
6737.3			1.0
6738.200000000001			1.0
6739.1			1.0
6740.0			1.0
6740.9			1.0
6741.8			1.0
6742.700000000001			1.0
6743.6			1.0
6744.5			1.0
6745.4			1.0
6746.3			1.0
6747.200000000001			1.0
6748.1			1.0
6749.0			1.0
6749.9			1.0
6750.8			1.0
6751.700000000001			1.0
6752.6			1.0
6753.5			1.0
6754.4			1.0
6755.3			1.0
6756.200000000001			1.0
6757.1			1.0
6758.0			1.0
6758.9			1.0
6759.8			1.0
6760.700000000001			1.0
6761.6			1.0
6762.5			1.0
6763.4			1.0
6764.3			1.0
6765.200000000001			1.0
6766.1			1.0
6767.0			1.0
6767.9			1.0
6768.8			1.0
6769.700000000001			1.0
6770.6			1.0
6771.5			1.0
6772.4			1.0
6773.3			1.0
6774.200000000001			1.0
6775.1			1.0
6776.0			1.0
6776.9			1.0
6777.8			1.0
6778.700000000001			1.0
6779.6			1.0
6780.5			1.0
6781.4			1.0
6782.3			1.0
6783.200000000001			1.0
6784.1			1.0
6785.0			1.0
6785.9			1.0
6786.8			1.0
6787.700000000001			1.0
6788.6			1.0
6789.5			1.0
6790.4			1.0
6791.3			1.0
6792.200000000001			1.0
6793.1			1.0
6794.0			1.0
6794.9			1.0
6795.8			1.0
6796.700000000001			1.0
6797.6			1.0
6798.5			1.0
6799.4			1.0
6800.3			1.0
6801.200000000001			1.0
6802.1			1.0
6803.0			1.0
6803.9			1.0
6804.8			1.0
6805.700000000001			1.0
6806.6			1.0
6807.5			1.0
6808.4			1.0
6809.3			1.0
6810.200000000001			1.0
6811.1			1.0
6812.0			1.0
6812.9			1.0
6813.8			1.0
6814.700000000001			1.0
6815.6			1.0
6816.5			1.0
6817.4			1.0
6818.3			1.0
6819.200000000001			1.0
6820.1			1.0
6821.0			1.0
6821.9			1.0
6822.8			1.0
6823.700000000001			1.0
6824.6			1.0
6825.5			1.0
6826.4			1.0
6827.3			1.0
6828.200000000001			1.0
6829.1			1.0
6830.0			1.0
6830.9			1.0
6831.8			1.0
6832.700000000001			1.0
6833.6			1.0
6834.5			1.0
6835.4			1.0
6836.3			1.0
6837.200000000001			1.0
6838.1			1.0
6839.0			1.0
6839.9			1.0
6840.8			1.0
6841.700000000001			1.0
6842.6			1.0
6843.5			1.0
6844.4			1.0
6845.3			1.0
6846.200000000001			1.0
6847.1			1.0
6848.0			1.0
6848.9			1.0
6849.8			1.0
6850.700000000001			1.0
6851.6			1.0
6852.5			1.0
6853.4			1.0
6854.3			1.0
6855.200000000001			1.0
6856.1			1.0
6857.0			1.0
6857.9			1.0
6858.8			1.0
6859.700000000001			1.0
6860.6			1.0
6861.5			1.0
6862.4			1.0
6863.3			1.0
6864.200000000001			1.0
6865.1			1.0
6866.0			1.0
6866.9			1.0
6867.8			1.0
6868.700000000001			1.0
6869.6			1.0
6870.5			1.0
6871.4			1.0
6872.3			1.0
6873.200000000001			1.0
6874.1			1.0
6875.0			1.0
6875.9			1.0
6876.8			1.0
6877.700000000001			1.0
6878.6			1.0
6879.5			1.0
6880.4			1.0
6881.3			1.0
6882.200000000001			1.0
6883.1			1.0
6884.0			1.0
6884.9			1.0
6885.8			1.0
6886.700000000001			1.0
6887.6			1.0
6888.5			1.0
6889.4			1.0
6890.3			1.0
6891.200000000001			1.0
6892.1			1.0
6893.0			1.0
6893.9			1.0
6894.8			1.0
6895.700000000001			1.0
6896.6			1.0
6897.5			1.0
6898.4			1.0
6899.3			1.0
6900.200000000001			1.0
6901.1			1.0
6902.0			1.0
6902.9			1.0
6903.8			1.0
6904.700000000001			1.0
6905.6			1.0
6906.5			1.0
6907.4			1.0
6908.3			1.0
6909.200000000001			1.0
6910.1			1.0
6911.0			1.0
6911.9			1.0
6912.8			1.0
6913.700000000001			1.0
6914.6			1.0
6915.5			1.0
6916.4			1.0
6917.3			1.0
6918.200000000001			1.0
6919.1			1.0
6920.0			1.0
6920.9			1.0
6921.8			1.0
6922.700000000001			1.0
6923.6			1.0
6924.5			1.0
6925.4			1.0
6926.3			1.0
6927.200000000001			1.0
6928.1			1.0
6929.0			1.0
6929.9			1.0
6930.8			1.0
6931.700000000001			1.0
6932.6			1.0
6933.5			1.0
6934.4			1.0
6935.3			1.0
6936.200000000001			1.0
6937.1			1.0
6938.0			1.0
6938.9			1.0
6939.8			1.0
6940.700000000001			1.0
6941.6			1.0
6942.5			1.0
6943.4			1.0
6944.3			1.0
6945.200000000001			1.0
6946.1			1.0
6947.0			1.0
6947.9			1.0
6948.8			1.0
6949.700000000001			1.0
6950.6			1.0
6951.5			1.0
6952.4			1.0
6953.3			1.0
6954.200000000001			1.0
6955.1			1.0
6956.0			1.0
6956.9			1.0
6957.8			1.0
6958.700000000001			1.0
6959.6			1.0
6960.5			1.0
6961.4			1.0
6962.3			1.0
6963.200000000001			1.0
6964.1			1.0
6965.0			1.0
6965.9			1.0
6966.8			1.0
6967.700000000001			1.0
6968.6			1.0
6969.5			1.0
6970.4			1.0
6971.3			1.0
6972.200000000001			1.0
6973.1			1.0
6974.0			1.0
6974.9			1.0
6975.8			1.0
6976.700000000001			1.0
6977.6			1.0
6978.5			1.0
6979.4			1.0
6980.3			1.0
6981.200000000001			1.0
6982.1			1.0
6983.0			1.0
6983.9			1.0
6984.8			1.0
6985.700000000001			1.0
6986.6			1.0
6987.5			1.0
6988.4			1.0
6989.3			1.0
6990.200000000001			1.0
6991.1			1.0
6992.0			1.0
6992.9			1.0
6993.8			1.0
6994.700000000001			1.0
6995.6			1.0
6996.5			1.0
6997.4			1.0
6998.3			1.0
6999.200000000001			1.0
7000.1			1.0
7001.0			1.0
7001.9			1.0
7002.8			1.0
7003.700000000001			1.0
7004.6			1.0
7005.5			1.0
7006.4			1.0
7007.3			1.0
7008.200000000001			1.0
7009.1			1.0
7010.0			1.0
7010.9			1.0
7011.8			1.0
7012.700000000001			1.0
7013.6			1.0
7014.5			1.0
7015.4			1.0
7016.3			1.0
7017.200000000001			1.0
7018.1			1.0
7019.0			1.0
7019.9			1.0
7020.8			1.0
7021.700000000001			1.0
7022.6			1.0
7023.5			1.0
7024.4			1.0
7025.3			1.0
7026.200000000001			1.0
7027.1			1.0
7028.0			1.0
7028.9			1.0
7029.8			1.0
7030.700000000001			1.0
7031.6			1.0
7032.5			1.0
7033.4			1.0
7034.3			1.0
7035.200000000001			1.0
7036.1			1.0
7037.0			1.0
7037.9			1.0
7038.8			1.0
7039.700000000001			1.0
7040.6			1.0
7041.5			1.0
7042.4			1.0
7043.3			1.0
7044.200000000001			1.0
7045.1			1.0
7046.0			1.0
7046.9			1.0
7047.8			1.0
7048.700000000001			1.0
7049.6			1.0
7050.5			1.0
7051.4			1.0
7052.3			1.0
7053.200000000001			1.0
7054.1			1.0
7055.0			1.0
7055.9			1.0
7056.8			1.0
7057.700000000001			1.0
7058.6			1.0
7059.5			1.0
7060.4			1.0
7061.3			1.0
7062.200000000001			1.0
7063.1			1.0
7064.0			1.0
7064.9			1.0
7065.8			1.0
7066.700000000001			1.0
7067.6			1.0
7068.5			1.0
7069.4			1.0
7070.3			1.0
7071.200000000001			1.0
7072.1			1.0
7073.0			1.0
7073.9			1.0
7074.8			1.0
7075.700000000001			1.0
7076.6			1.0
7077.5			1.0
7078.4			1.0
7079.3			1.0
7080.200000000001			1.0
7081.1			1.0
7082.0			1.0
7082.9			1.0
7083.8			1.0
7084.700000000001			1.0
7085.6			1.0
7086.5			1.0
7087.4			1.0
7088.3			1.0
7089.200000000001			1.0
7090.1			1.0
7091.0			1.0
7091.9			1.0
7092.8			1.0
7093.700000000001			1.0
7094.6			1.0
7095.5			1.0
7096.4			1.0
7097.3			1.0
7098.200000000001			1.0
7099.1			1.0
7100.0			1.0
7100.9			1.0
7101.8			1.0
7102.700000000001			1.0
7103.6			1.0
7104.5			1.0
7105.4			1.0
7106.3			1.0
7107.200000000001			1.0
7108.1			1.0
7109.0			1.0
7109.9			1.0
7110.8			1.0
7111.700000000001			1.0
7112.6			1.0
7113.5			1.0
7114.4			1.0
7115.3			1.0
7116.200000000001			1.0
7117.1			1.0
7118.0			1.0
7118.9			1.0
7119.8			1.0
7120.700000000001			1.0
7121.6			1.0
7122.5			1.0
7123.4			1.0
7124.3			1.0
7125.200000000001			1.0
7126.1			1.0
7127.0			1.0
7127.9			1.0
7128.8			1.0
7129.700000000001			1.0
7130.6			1.0
7131.5			1.0
7132.4			1.0
7133.3			1.0
7134.200000000001			1.0
7135.1			1.0
7136.0			1.0
7136.9			1.0
7137.8			1.0
7138.700000000001			1.0
7139.6			1.0
7140.5			1.0
7141.4			1.0
7142.3			1.0
7143.200000000001			1.0
7144.1			1.0
7145.0			1.0
7145.9			1.0
7146.8			1.0
7147.700000000001			1.0
7148.6			1.0
7149.5			1.0
7150.4			1.0
7151.3			1.0
7152.200000000001			1.0
7153.1			1.0
7154.0			1.0
7154.9			1.0
7155.8			1.0
7156.700000000001			1.0
7157.6			1.0
7158.5			1.0
7159.4			1.0
7160.3			1.0
7161.200000000001			1.0
7162.1			1.0
7163.0			1.0
7163.9			1.0
7164.8			1.0
7165.700000000001			1.0
7166.6			1.0
7167.5			1.0
7168.4			1.0
7169.3			1.0
7170.200000000001			1.0
7171.1			1.0
7172.0			1.0
7172.9			1.0
7173.8			1.0
7174.700000000001			1.0
7175.6			1.0
7176.5			1.0
7177.4			1.0
7178.3			1.0
7179.200000000001			1.0
7180.1			1.0
7181.0			1.0
7181.9			1.0
7182.8			1.0
7183.700000000001			1.0
7184.6			1.0
7185.5			1.0
7186.4			1.0
7187.3			1.0
7188.200000000001			1.0
7189.1			1.0
7190.0			1.0
7190.9			1.0
7191.8			1.0
7192.700000000001			1.0
7193.6			1.0
7194.5			1.0
7195.4			1.0
7196.3			1.0
7197.200000000001			1.0
7198.1			1.0
7199.0			1.0
7199.9			1.0
7200.8			1.0
7201.700000000001			1.0
7202.6			1.0
7203.5			1.0
7204.4			1.0
7205.3			1.0
7206.200000000001			1.0
7207.1			1.0
7208.0			1.0
7208.9			1.0
7209.8			1.0
7210.700000000001			1.0
7211.6			1.0
7212.5			1.0
7213.4			1.0
7214.3			1.0
7215.200000000001			1.0
7216.1			1.0
7217.0			1.0
7217.9			1.0
7218.8			1.0
7219.700000000001			1.0
7220.6			1.0
7221.5			1.0
7222.4			1.0
7223.3			1.0
7224.200000000001			1.0
7225.1			1.0
7226.0			1.0
7226.9			1.0
7227.8			1.0
7228.700000000001			1.0
7229.6			1.0
7230.5			1.0
7231.4			1.0
7232.3			1.0
7233.200000000001			1.0
7234.1			1.0
7235.0			1.0
7235.9			1.0
7236.8			1.0
7237.700000000001			1.0
7238.6			1.0
7239.5			1.0
7240.4			1.0
7241.3			1.0
7242.200000000001			1.0
7243.1			1.0
7244.0			1.0
7244.9			1.0
7245.8			1.0
7246.700000000001			1.0
7247.6			1.0
7248.5			1.0
7249.4			1.0
7250.3			1.0
7251.200000000001			1.0
7252.1			1.0
7253.0			1.0
7253.9			1.0
7254.8			1.0
7255.700000000001			1.0
7256.6			1.0
7257.5			1.0
7258.4			1.0
7259.3			1.0
7260.200000000001			1.0
7261.1			1.0
7262.0			1.0
7262.9			1.0
7263.8			1.0
7264.700000000001			1.0
7265.6			1.0
7266.5			1.0
7267.4			1.0
7268.3			1.0
7269.200000000001			1.0
7270.1			1.0
7271.0			1.0
7271.9			1.0
7272.8			1.0
7273.700000000001			1.0
7274.6			1.0
7275.5			1.0
7276.4			1.0
7277.3			1.0
7278.200000000001			1.0
7279.1			1.0
7280.0			1.0
7280.9			1.0
7281.8			1.0
7282.700000000001			1.0
7283.6			1.0
7284.5			1.0
7285.4			1.0
7286.3			1.0
7287.200000000001			1.0
7288.1			1.0
7289.0			1.0
7289.9			1.0
7290.8			1.0
7291.700000000001			1.0
7292.6			1.0
7293.5			1.0
7294.4			1.0
7295.3			1.0
7296.200000000001			1.0
7297.1			1.0
7298.0			1.0
7298.9			1.0
7299.8			1.0
7300.700000000001			1.0
7301.6			1.0
7302.5			1.0
7303.4			1.0
7304.3			1.0
7305.200000000001			1.0
7306.1			1.0
7307.0			1.0
7307.9			1.0
7308.8			1.0
7309.700000000001			1.0
7310.6			1.0
7311.5			1.0
7312.4			1.0
7313.3			1.0
7314.200000000001			1.0
7315.1			1.0
7316.0			1.0
7316.9			1.0
7317.8			1.0
7318.700000000001			1.0
7319.6			1.0
7320.5			1.0
7321.4			1.0
7322.3			1.0
7323.200000000001			1.0
7324.1			1.0
7325.0			1.0
7325.9			1.0
7326.8			1.0
7327.700000000001			1.0
7328.6			1.0
7329.5			1.0
7330.4			1.0
7331.3			1.0
7332.200000000001			1.0
7333.1			1.0
7334.0			1.0
7334.9			1.0
7335.8			1.0
7336.700000000001			1.0
7337.6			1.0
7338.5			1.0
7339.4			1.0
7340.3			1.0
7341.200000000001			1.0
7342.1			1.0
7343.0			1.0
7343.9			1.0
7344.8			1.0
7345.700000000001			1.0
7346.6			1.0
7347.5			1.0
7348.4			1.0
7349.3			1.0
7350.200000000001			1.0
7351.1			1.0
7352.0			1.0
7352.9			1.0
7353.8			1.0
7354.700000000001			1.0
7355.6			1.0
7356.5			1.0
7357.4			1.0
7358.3			1.0
7359.200000000001			1.0
7360.1			1.0
7361.0			1.0
7361.9			1.0
7362.8			1.0
7363.700000000001			1.0
7364.6			1.0
7365.5			1.0
7366.4			1.0
7367.3			1.0
7368.200000000001			1.0
7369.1			1.0
7370.0			1.0
7370.9			1.0
7371.8			1.0
7372.700000000001			1.0
7373.6			1.0
7374.5			1.0
7375.4			1.0
7376.3			1.0
7377.200000000001			1.0
7378.1			1.0
7379.0			1.0
7379.9			1.0
7380.8			1.0
7381.700000000001			1.0
7382.6			1.0
7383.5			1.0
7384.4			1.0
7385.3			1.0
7386.200000000001			1.0
7387.1			1.0
7388.0			1.0
7388.9			1.0
7389.8			1.0
7390.700000000001			1.0
7391.6			1.0
7392.5			1.0
7393.4			1.0
7394.3			1.0
7395.200000000001			1.0
7396.1			1.0
7397.0			1.0
7397.9			1.0
7398.8			1.0
7399.700000000001			1.0
7400.6			1.0
7401.5			1.0
7402.4			1.0
7403.3			1.0
7404.200000000001			1.0
7405.1			1.0
7406.0			1.0
7406.9			1.0
7407.8			1.0
7408.700000000001			1.0
7409.6			1.0
7410.5			1.0
7411.4			1.0
7412.3			1.0
7413.200000000001			1.0
7414.1			1.0
7415.0			1.0
7415.9			1.0
7416.8			1.0
7417.700000000001			1.0
7418.6			1.0
7419.5			1.0
7420.4			1.0
7421.3			1.0
7422.200000000001			1.0
7423.1			1.0
7424.0			1.0
7424.9			1.0
7425.8			1.0
7426.700000000001			1.0
7427.6			1.0
7428.5			1.0
7429.4			1.0
