3500.0			1.0
3500.9			1.0
3501.8			1.0
3502.7			1.0
3503.6			1.0
3504.5			1.0
3505.4			1.0
3506.3			1.0
3507.2			1.0
3508.1			1.0
3509.0			1.0
3509.9			1.0
3510.8			1.0
3511.7			1.0
3512.6			1.0
3513.5			1.0
3514.4			1.0
3515.3			1.0
3516.2			1.0
3517.1			1.0
3518.0			1.0
3518.9			1.0
3519.8			1.0
3520.7			1.0
3521.6			1.0
3522.5			1.0
3523.4			1.0
3524.3			1.0
3525.2			1.0
3526.1			1.0
3527.0			1.0
3527.9			1.0
3528.8			1.0
3529.7			1.0
3530.6			1.0
3531.5			1.0
3532.4			1.0
3533.3			1.0
3534.2			1.0
3535.1			1.0
3536.0			1.0
3536.9			1.0
3537.8			1.0
3538.7			1.0
3539.6			1.0
3540.5			1.0
3541.4			1.0
3542.3			1.0
3543.2			1.0
3544.1			1.0
3545.0			1.0
3545.9			1.0
3546.8			1.0
3547.7			1.0
3548.6			1.0
3549.5			1.0
3550.4			1.0
3551.3			1.0
3552.2			1.0
3553.1			1.0
3554.0			1.0
3554.9			1.0
3555.8			1.0
3556.7			1.0
3557.6			1.0
3558.5			1.0
3559.4			1.0
3560.3			1.0
3561.2			1.0
3562.1			1.0
3563.0			1.0
3563.9			1.0
3564.8			1.0
3565.7			1.0
3566.6			1.0
3567.5			1.0
3568.4			1.0
3569.3			1.0
3570.2			1.0
3571.1			1.0
3572.0			1.0
3572.9			1.0
3573.8			1.0
3574.7			1.0
3575.6			1.0
3576.5			1.0
3577.4			1.0
3578.3			1.0
3579.2			1.0
3580.1			1.0
3581.0			1.0
3581.9			1.0
3582.8			1.0
3583.7			1.0
3584.6			1.0
3585.5			1.0
3586.4			1.0
3587.3			1.0
3588.2			1.0
3589.1			1.0
3590.0			1.0
3590.9			1.0
3591.8			1.0
3592.7			1.0
3593.6			1.0
3594.5			1.0
3595.4			1.0
3596.3			1.0
3597.2			1.0
3598.1			1.0
3599.0			1.0
3599.9			1.0
3600.8			1.0
3601.7			1.0
3602.6			1.0
3603.5			1.0
3604.4			1.0
3605.3			1.0
3606.2			1.0
3607.1			1.0
3608.0			1.0
3608.9			1.0
3609.8			1.0
3610.7			1.0
3611.6			1.0
3612.5			1.0
3613.4			1.0
3614.3			1.0
3615.2			1.0
3616.1			1.0
3617.0			1.0
3617.9			1.0
3618.8			1.0
3619.7			1.0
3620.6			1.0
3621.5			1.0
3622.4			1.0
3623.3			1.0
3624.2			1.0
3625.1			1.0
3626.0			1.0
3626.9			1.0
3627.8			1.0
3628.7			1.0
3629.6			1.0
3630.5			1.0
3631.4			1.0
3632.3			1.0
3633.2			1.0
3634.1			1.0
3635.0			1.0
3635.9			1.0
3636.8			1.0
3637.7			1.0
3638.6			1.0
3639.5			1.0
3640.4			1.0
3641.3			1.0
3642.2			1.0
3643.1			1.0
3644.0			1.0
3644.9			1.0
3645.8			1.0
3646.7			1.0
3647.6			1.0
3648.5			1.0
3649.4			1.0
3650.3			1.0
3651.2			1.0
3652.1			1.0
3653.0			1.0
3653.9			1.0
3654.8			1.0
3655.7			1.0
3656.6			1.0
3657.5			1.0
3658.4			1.0
3659.3			1.0
3660.2			1.0
3661.1			1.0
3662.0			1.0
3662.9			1.0
3663.8			1.0
3664.7			1.0
3665.6			1.0
3666.5			1.0
3667.4			1.0
3668.3			1.0
3669.2			1.0
3670.1			1.0
3671.0			1.0
3671.9			1.0
3672.8			1.0
3673.7			1.0
3674.6			1.0
3675.5			1.0
3676.4			1.0
3677.3			1.0
3678.2			1.0
3679.1			1.0
3680.0			1.0
3680.9			1.0
3681.8			1.0
3682.7			1.0
3683.6			1.0
3684.5			1.0
3685.4			1.0
3686.3			1.0
3687.2			1.0
3688.1			1.0
3689.0			1.0
3689.9			1.0
3690.8			1.0
3691.7			1.0
3692.6			1.0
3693.5			1.0
3694.4			1.0
3695.3			1.0
3696.2			1.0
3697.1			1.0
3698.0			1.0
3698.9			1.0
3699.8			1.0
3700.7			1.0
3701.6			1.0
3702.5			1.0
3703.4			1.0
3704.3			1.0
3705.2			1.0
3706.1			1.0
3707.0			1.0
3707.9			1.0
3708.8			1.0
3709.7			1.0
3710.6			1.0
3711.5			1.0
3712.4			1.0
3713.3			1.0
3714.2			1.0
3715.1			1.0
3716.0			1.0
3716.9			1.0
3717.8			1.0
3718.7			1.0
3719.6			1.0
3720.5			1.0
3721.4			1.0
3722.3			1.0
3723.2			1.0
3724.1			1.0
3725.0			1.0
3725.9			1.0
3726.8			1.0
3727.7			1.0
3728.6			1.0
3729.5			1.0
3730.4			1.0
3731.3			1.0
3732.2			1.0
3733.1			1.0
3734.0			1.0
3734.9			1.0
3735.8			1.0
3736.7			1.0
3737.6			1.0
3738.5			1.0
3739.4			1.0
3740.3			1.0
3741.2			1.0
3742.1			1.0
3743.0			1.0
3743.9			1.0
3744.8			1.0
3745.7			1.0
3746.6			1.0
3747.5			1.0
3748.4			1.0
3749.3			1.0
3750.2			1.0
3751.1			1.0
3752.0			1.0
3752.9			1.0
3753.8			1.0
3754.7			1.0
3755.6			1.0
3756.5			1.0
3757.4			1.0
3758.3			1.0
3759.2			1.0
3760.1			1.0
3761.0			1.0
3761.9			1.0
3762.8			1.0
3763.7			1.0
3764.6			1.0
3765.5			1.0
3766.4			1.0
3767.3			1.0
3768.2			1.0
3769.1			1.0
3770.0			1.0
3770.9			1.0
3771.8			1.0
3772.7			1.0
3773.6			1.0
3774.5			1.0
3775.4			1.0
3776.3			1.0
3777.2			1.0
3778.1			1.0
3779.0			1.0
3779.9			1.0
3780.8			1.0
3781.7			1.0
3782.6			1.0
3783.5			1.0
3784.4			1.0
3785.3			1.0
3786.2			1.0
3787.1			1.0
3788.0			1.0
3788.9			1.0
3789.8			1.0
3790.7			1.0
3791.6			1.0
3792.5			1.0
3793.4			1.0
3794.3			1.0
3795.2			1.0
3796.1			1.0
3797.0			1.0
3797.9			1.0
3798.8			1.0
3799.7			1.0
3800.6			1.0
3801.5			1.0
3802.4			1.0
3803.3			1.0
3804.2			1.0
3805.1			1.0
3806.0			1.0
3806.9			1.0
3807.8			1.0
3808.7			1.0
3809.6			1.0
3810.5			1.0
3811.4			1.0
3812.3			1.0
3813.2			1.0
3814.1			1.0
3815.0			1.0
3815.9			1.0
3816.8			1.0
3817.7			1.0
3818.6			1.0
3819.5			1.0
3820.4			1.0
3821.3			1.0
3822.2			1.0
3823.1			1.0
3824.0			1.0
3824.9			1.0
3825.8			1.0
3826.7			1.0
3827.6			1.0
3828.5			1.0
3829.4			1.0
3830.3			1.0
3831.2			1.0
3832.1			1.0
3833.0			1.0
3833.9			1.0
3834.8			1.0
3835.7			1.0
3836.6			1.0
3837.5			1.0
3838.4			1.0
3839.3			1.0
3840.2			1.0
3841.1			1.0
3842.0			1.0
3842.9			1.0
3843.8			1.0
3844.7			1.0
3845.6			1.0
3846.5			1.0
3847.4			1.0
3848.3			1.0
3849.2			1.0
3850.1			1.0
3851.0			1.0
3851.9			1.0
3852.8			1.0
3853.7			1.0
3854.6			1.0
3855.5			1.0
3856.4			1.0
3857.3			1.0
3858.2			1.0
3859.1			1.0
3860.0			1.0
3860.9			1.0
3861.8			1.0
3862.7			1.0
3863.6			1.0
3864.5			1.0
3865.4			1.0
3866.3			1.0
3867.2			1.0
3868.1			1.0
3869.0			1.0
3869.9			1.0
3870.8			1.0
3871.7			1.0
3872.6			1.0
3873.5			1.0
3874.4			1.0
3875.3			1.0
3876.2			1.0
3877.1			1.0
3878.0			1.0
3878.9			1.0
3879.8			1.0
3880.7			1.0
3881.6			1.0
3882.5			1.0
3883.4			1.0
3884.3			1.0
3885.2			1.0
3886.1			1.0
3887.0			1.0
3887.9			1.0
3888.8			1.0
3889.7			1.0
3890.6			1.0
3891.5			1.0
3892.4			1.0
3893.3			1.0
3894.2			1.0
3895.1			1.0
3896.0			1.0
3896.9			1.0
3897.8			1.0
3898.7			1.0
3899.6			1.0
3900.5			1.0
3901.4			1.0
3902.3			1.0
3903.2			1.0
3904.1			1.0
3905.0			1.0
3905.9			1.0
3906.8			1.0
3907.7			1.0
3908.6			1.0
3909.5			1.0
3910.4			1.0
3911.3			1.0
3912.2			1.0
3913.1			1.0
3914.0			1.0
3914.9			1.0
3915.8			1.0
3916.7			1.0
3917.6			1.0
3918.5			1.0
3919.4			1.0
3920.3			1.0
3921.2			1.0
3922.1			1.0
3923.0			1.0
3923.9			1.0
3924.8			1.0
3925.7			1.0
3926.6			1.0
3927.5			1.0
3928.4			1.0
3929.3			1.0
3930.2			1.0
3931.1			1.0
3932.0			1.0
3932.9			1.0
3933.8			1.0
3934.7			1.0
3935.6			1.0
3936.5			1.0
3937.4			1.0
3938.3			1.0
3939.2			1.0
3940.1			1.0
3941.0			1.0
3941.9			1.0
3942.8			1.0
3943.7			1.0
3944.6			1.0
3945.5			1.0
3946.4			1.0
3947.3			1.0
3948.2			1.0
3949.1			1.0
3950.0			1.0
3950.9			1.0
3951.8			1.0
3952.7			1.0
3953.6			1.0
3954.5			1.0
3955.4			1.0
3956.3			1.0
3957.2			1.0
3958.1			1.0
3959.0			1.0
3959.9			1.0
3960.8			1.0
3961.7			1.0
3962.6			1.0
3963.5			1.0
3964.4			1.0
3965.3			1.0
3966.2			1.0
3967.1			1.0
3968.0			1.0
3968.9			1.0
3969.8			1.0
3970.7			1.0
3971.6			1.0
3972.5			1.0
3973.4			1.0
3974.3			1.0
3975.2			1.0
3976.1			1.0
3977.0			1.0
3977.9			1.0
3978.8			1.0
3979.7			1.0
3980.6			1.0
3981.5			1.0
3982.4			1.0
3983.3			1.0
3984.2			1.0
3985.1			1.0
3986.0			1.0
3986.9			1.0
3987.8			1.0
3988.7			1.0
3989.6			1.0
3990.5			1.0
3991.4			1.0
3992.3			1.0
3993.2			1.0
3994.1			1.0
3995.0			1.0
3995.9			1.0
3996.8			1.0
3997.7			1.0
3998.6			1.0
3999.5			1.0
4000.4			1.0
4001.3			0.9655155012538603
4002.2			0.8759615632573714
4003.1			0.8465748581888893
4004.0			0.845252549521585
4004.9			0.7787792403880307
4005.8			0.7361027664665329
4006.7			0.80970007572432
4007.6			0.9127139829829317
4008.5			0.9564568941662963
4009.4			0.9680316426704616
4010.3			0.9917132140347753
4011.2			1.0
4012.1			1.0
4013.0			1.0
4013.9			1.0
4014.8			1.0
4015.7			1.0
4016.6			1.0
4017.5			1.0
4018.4			1.0
4019.3			1.0
4020.2			1.0
4021.1			1.0
4022.0			1.0
4022.9			1.0
4023.8			1.0
4024.7			0.9787746016891063
4025.6			1.1207398015988554
4026.5			1.3137150876881978
4027.4			1.3117817935498457
4028.3			1.141984684535709
4029.2			0.9776262369550051
4030.1			0.8296195800927056
4031.0			0.7225146550342282
4031.9			0.7134186692264297
4032.8			0.7538832373216511
4033.7			0.8009500796240554
4034.6			0.8428897021329649
4035.5			0.8866649048094931
4036.4			0.935671563546726
4037.3			0.989835665364139
4038.2			1.0
4039.1			1.0
4040.0			1.0
4040.9			1.0
4041.8			1.0
4042.7			1.025541202081741
4043.6			0.9912680278174462
4044.5			0.8846306142547515
4045.4			0.7811659813125452
4046.3			1.0
4047.2			1.1727438936723282
4048.1			1.21986951927479
4049.0			1.1131724632938813
4049.9			1.0171992544412203
4050.8			0.987185355985636
4051.7			0.9842964258863125
4052.6			0.9621927208875403
4053.5			0.8942719656919087
4054.4			0.8457662690503427
4055.3			0.8788800715245441
4056.2			0.9500489485392803
4057.1			1.0110205789415527
4058.0			1.0580046882485798
4058.9			1.1006192344663597
4059.8			1.1255777998362262
4060.7			1.0
4061.6			0.9342144058314025
4062.5			0.8165615636277991
4063.4			0.7444565824218335
4064.3			0.8197478722310625
4065.2			0.9873736970406158
4066.1			1.0
4067.0			1.0
4067.9			1.0
4068.8			1.0
4069.7			1.0
4070.6			1.0
4071.5			1.0
4072.4			1.0
4073.3			1.0
4074.2			1.031255346373657
4075.1			0.9453986891530637
4076.0			0.7739687522648744
4076.9			0.6190748113097366
4077.8			0.5848304352084293
4078.7			0.6990849131862084
4079.6			0.8565202596762777
4080.5			0.9629904540803983
4081.4			1.0093058865274889
4082.3			1.0
4083.2			1.0
4084.1			1.0
4085.0			1.0
4085.9			1.0
4086.8			1.0
4087.7			1.0
4088.6			1.0
4089.5			1.0
4090.4			1.0
4091.3			1.0
4092.2			1.0
4093.1			1.0
4094.0			1.0
4094.9			1.0
4095.8			1.0
4096.7			1.0
4097.6			0.9555715194902665
4098.5			0.9145799751749375
4099.4			0.853524587933449
4100.3			0.7410757032174633
4101.2			0.596524634444108
4102.1			0.5511896137573024
4103.0			0.6562219286280795
4103.9			0.8155693244871551
4104.8			0.9461365037625566
4105.7			1.0165449492709313
4106.6			1.0028159629755462
4107.5			1.0
4108.4			1.0
4109.3			1.0
4110.2			1.0
4111.1			1.0
4112.0			1.0
4112.9			1.0
4113.8			1.0
4114.7			1.0
4115.6			1.0
4116.5			1.0
4117.4			1.0
4118.3			1.0
4119.2			1.0
4120.1			1.0
4121.0			1.0258194311305529
4121.9			0.9676505029362402
4122.8			0.8814237852690875
4123.7			0.8853965449074456
4124.6			0.9697112959676051
4125.5			1.0322785651107964
4126.4			1.0115678882757826
4127.3			0.876629575887062
4128.2			0.714868321255919
4129.1			0.6760475782478395
4130.0			0.7470815127205057
4130.9			0.7904254756053659
4131.8			0.763136538022913
4132.7			0.7434476686160322
4133.6			0.7896024350450657
4134.5			0.8794159147656447
4135.4			0.9760080939904772
4136.3			1.0227076954670091
4137.2			0.9915369292831078
4138.1			1.0
4139.0			1.0
4139.9			1.0
4140.8			0.992638109035109
4141.7			0.8964937977291222
4142.6			0.759861200076663
4143.5			0.6761511693073509
4144.4			0.7204981845677544
4145.3			0.8593733169361275
4146.2			0.9879071286265889
4147.1			1.0
4148.0			1.0
4148.9			1.0
4149.8			1.0
4150.7			0.9987712397207829
4151.6			1.038729026344495
4152.5			1.0481164874416498
4153.4			1.0070863442621463
4154.3			0.9324467833410574
4155.2			0.8816276641293148
4156.1			0.8722918699610923
4157.0			0.8993722782697049
4157.9			0.9621336656205937
4158.8			1.0100995069008365
4159.7			0.9889468915108773
4160.6			1.0
4161.5			1.0
4162.4			1.0
4163.3			1.0
4164.2			1.0577501183717393
4165.1			1.1354547050240047
4166.0			1.1602754497363705
4166.9			1.1498358405186317
4167.8			1.1786202021618148
4168.7			1.2189945051997748
4169.6			1.189616452143912
4170.5			1.0598978301742132
4171.4			0.8696666859682127
4172.3			0.7001978855911003
4173.2			0.6186735872463974
4174.1			0.6601685776802902
4175.0			0.7911046591429813
4175.9			0.8870796042296261
4176.8			0.8468768655769209
4177.7			0.7160409652179616
4178.6			0.6672006468912196
4179.5			0.8051846925131975
4180.4			1.0120202303113806
4181.3			1.0738806524614668
4182.2			1.000230225078926
4183.1			1.0
4184.0			1.0
4184.9			1.0
4185.8			1.0328989636928463
4186.7			0.9475093379977411
4187.6			0.8773303199598931
4188.5			0.9433540106719254
4189.4			1.006777223499953
4190.3			1.0
4191.2			1.0
4192.1			1.0
4193.0			1.0
4193.9			1.0
4194.8			1.0
4195.7			1.0
4196.6			1.0
4197.5			1.0
4198.4			1.0
4199.3			1.0390456550011304
4200.2			1.166331784568824
4201.1			1.1511047909375778
4202.0			1.0167855017938165
4202.9			0.950691913247699
4203.8			0.9329793258573966
4204.7			0.8798166618365355
4205.6			0.8848854253261825
4206.5			0.9920305382044068
4207.4			1.09391810355556
4208.3			1.0938458075986939
4209.2			1.0188414314310055
4210.1			1.0004188284627336
4211.0			1.0
4211.9			1.0
4212.8			1.0
4213.7			1.0
4214.6			0.8858361434320009
4215.5			0.7414803797581823
4216.4			0.7338898724570511
4217.3			0.875123463127721
4218.2			0.9988187279274094
4219.1			1.0
4220.0			1.0
4220.9			1.0
4221.8			0.9539136971373101
4222.7			0.8729247692542216
4223.6			0.8125556296457237
4224.5			0.7395483518651967
4225.4			0.6433275652125131
4226.3			0.5800433237950661
4227.2			0.6092432104876558
4228.1			0.7675356446834396
4229.0			0.9544885486755432
4229.9			1.0358939607986606
4230.8			0.9995501310830847
4231.7			1.0
4232.6			1.0
4233.5			1.0
4234.4			1.0
4235.3			1.0
4236.2			1.0
4237.1			1.0
4238.0			1.0086676106694024
4238.9			0.9867141723218145
4239.8			1.0359611167011895
4240.7			1.1243761708627922
4241.6			1.1353187839348657
4242.5			1.093608175547176
4243.4			1.1019949610411102
4244.3			1.11259290730358
4245.2			1.0093358865929312
4246.1			0.834045402598409
4247.0			0.7393261292862663
4247.9			0.8071005568098286
4248.8			0.920048902110939
4249.7			0.9128783551740391
4250.6			0.8361641384429811
4251.5			0.8342326911681515
4252.4			0.8868272672451328
4253.3			0.9078258297479045
4254.2			0.9139148021752371
4255.1			0.951549364210058
4256.0			1.0
4256.9			0.9833221857441267
4257.8			0.9151795576462821
4258.7			0.8638214720442924
4259.6			0.8379253120258715
4260.5			0.8119836860297599
4261.4			0.822221485806418
4262.3			0.8817333003068841
4263.2			0.9501121897239353
4264.1			1.0003059359330597
4265.0			1.0
4265.9			1.0
4266.8			1.0
4267.7			0.9552117489375798
4268.6			0.9023509707670078
4269.5			0.8393785281480903
4270.4			0.7498749216492672
4271.3			0.6610133533727374
4272.2			0.6592569195282856
4273.1			0.729131366403744
4274.0			0.7774183985254862
4274.9			0.8112042459395569
4275.8			0.8961514642944851
4276.7			0.9951807188307308
4277.6			1.0
4278.5			1.0
4279.4			1.0
4280.3			1.0
4281.2			1.0
4282.1			1.0
4283.0			1.0
4283.9			1.0
4284.8			1.0
4285.7			1.0
4286.6			1.0
4287.5			0.8983492615978256
4288.4			0.7957671691455012
4289.3			1.0
4290.2			0.982737560730669
4291.1			1.2004906333417393
4292.0			1.449438173189616
4292.9			1.4525626874429487
4293.8			1.2515938775617805
4294.7			1.1125609677418788
4295.6			1.1457661385844324
4296.5			1.2253412292461168
4297.4			1.299175233784194
4298.3			1.2488951317766797
4299.2			1.0282009042189006
4300.1			0.868674204699312
4301.0			0.8641344676998038
4301.9			0.8564654483716069
4302.8			0.8737542161993244
4303.7			1.051347068354218
4304.6			1.2268750519273708
4305.5			1.248672132795668
4306.4			1.2374470889729652
4307.3			1.2085034411887003
4308.2			1.1344106651693104
4309.1			1.1740211069313762
4310.0			1.3849131308592202
4310.9			1.0
4311.8			1.0057214202234837
4312.7			0.8322476169517086
4313.6			0.6447995814027857
4314.5			0.596483301236387
4315.4			0.7133163256696466
4316.3			0.883577657800326
4317.2			0.9937195170102263
4318.1			1.0
4319.0			1.0
4319.9			1.0
4320.8			1.0
4321.7			1.0
4322.6			1.0
4323.5			1.0332122486111097
4324.4			0.9049198156271613
4325.3			0.750446141413782
4326.2			0.7796158450593992
4327.1			0.986409493587336
4328.0			1.0
4328.9			1.0
4329.8			1.0
4330.7			1.0
4331.6			1.0
4332.5			1.0
4333.4			0.9932840239823254
4334.3			0.9994695086035861
4335.2			1.018447991297066
4336.1			0.9249096231552218
4337.0			0.7144973388025401
4337.9			0.5381715867675124
4338.8			0.4768966977456921
4339.7			0.4484811800065353
4340.6			0.42765576301125624
4341.5			0.50632944489001
4342.4			0.6505693955874292
4343.3			0.7259365177897631
4344.2			0.7461172924629595
4345.1			0.8203310965255061
4346.0			0.9248490642601631
4346.9			0.9788253094155148
4347.8			1.0
4348.7			1.0225312702643696
4349.6			0.9672318212918233
4350.5			0.8140102783404759
4351.4			0.6799175000961382
4352.3			0.7088867371547879
4353.2			0.86425214511404
4354.1			0.9925818994879364
4355.0			1.0
4355.9			1.0
4356.8			1.0
4357.7			1.0
4358.6			1.0
4359.5			1.0
4360.4			1.0
4361.3			1.0
4362.2			1.0
4363.1			1.0
4364.0			1.0
4364.9			1.0
4365.8			1.0
4366.7			1.0
4367.6			1.0
4368.5			1.0
4369.4			1.0
4370.3			1.0
4371.2			1.0
4372.1			1.037092167469018
4373.0			0.9660860582687028
4373.9			0.7737084986589094
4374.8			0.6270195639260043
4375.7			0.6814590387239354
4376.6			0.8639662017423368
4377.5			0.9946572485581323
4378.4			1.0
4379.3			1.0
4380.2			0.9870431277178934
4381.1			0.9963941873446661
4382.0			0.9213591424113322
4382.9			0.7363955475308864
4383.8			0.5551474296982553
4384.7			0.5011299946773373
4385.6			0.5863704631528712
4386.5			0.7265016387143689
4387.4			0.8508697797815763
4388.3			0.953244295731576
4389.2			1.0068978953560574
4390.1			1.0
4391.0			1.0
4391.9			1.0
4392.8			1.0
4393.7			1.0
4394.6			1.0
4395.5			1.0
4396.4			1.0
4397.3			1.066956223268697
4398.2			0.9332801791762371
4399.1			0.7474652863741056
4400.0			0.6446855423931683
4400.9			0.7171581475922271
4401.8			0.9025667124853368
4402.7			1.0006703622204458
4403.6			1.0
4404.5			1.0
4405.4			1.0
4406.3			1.0
4407.2			1.0
4408.1			1.0
4409.0			1.0
4409.9			1.0
4410.8			1.0
4411.7			1.0
4412.6			1.0534279478944701
4413.5			1.0190826435553952
4414.4			0.871042230777363
4415.3			0.7266658069074654
4416.2			0.6583977200830442
4417.1			0.6268357991787054
4418.0			0.6757706227110897
4418.9			0.8773278352685194
4419.8			1.0783676241492561
4420.7			1.1024830234679057
4421.6			1.001517583503013
4422.5			1.0
4423.4			1.0
4424.3			1.0
4425.2			1.0
4426.1			1.0
4427.0			1.0
4427.9			1.0
4428.8			1.0
4429.7			1.0
4430.6			1.0
4431.5			1.0
4432.4			1.0
4433.3			1.0
4434.2			1.0
4435.1			1.0
4436.0			1.0
4436.9			1.0
4437.8			1.0
4438.7			1.0
4439.6			0.9631751635246971
4440.5			0.8674839803550952
4441.4			0.7270584431385332
4442.3			0.5865667167103998
4443.2			0.509528331720369
4444.1			0.5644573076052679
4445.0			0.7525533627103344
4445.9			0.9313668236701939
4446.8			0.9913292153362143
4447.7			1.0
4448.6			1.0
4449.5			1.0
4450.4			1.0
4451.3			1.0
4452.2			1.0
4453.1			1.0
4454.0			0.9524785679382755
4454.9			0.8753267258709986
4455.8			0.8797297610694577
4456.7			0.9588290306552606
4457.6			1.0227415391402335
4458.5			1.0
4459.4			1.0
4460.3			1.0
4461.2			1.0
4462.1			1.0
4463.0			1.0
4463.9			1.0
4464.8			1.0
4465.7			1.0170496497487782
4466.6			0.9777740212650163
4467.5			0.8605394694201154
4468.4			0.7480354088971487
4469.3			0.7332794825792941
4470.2			0.8042108937291255
4471.1			0.8705420216337943
4472.0			0.9321565907522
4472.9			1.010191535128755
4473.8			1.0
4474.7			1.0
4475.6			1.0
4476.5			1.0
4477.4			1.0
4478.3			1.0
4479.2			1.0
4480.1			1.0
4481.0			1.0
4481.9			1.0
4482.8			1.0
4483.7			1.0
4484.6			1.0646877500862788
4485.5			1.098617365422415
4486.4			1.0852141729103333
4487.3			0.997433383387269
4488.2			0.8628834464804483
4489.1			0.7840954291445302
4490.0			0.8198830790594086
4490.9			0.9023325688338665
4491.8			0.9800767436284086
4492.7			1.022072135319485
4493.6			0.9945120337540209
4494.5			1.0
4495.4			1.0
4496.3			1.0
4497.2			1.0
4498.1			1.0
4499.0			1.017278994634163
4499.9			0.9204376701648946
4500.8			0.8048351137597947
4501.7			0.8318678202036713
4502.6			1.0000120112530972
4503.5			1.0
4504.4			1.0
4505.3			1.0
4506.2			1.0
4507.1			1.0
4508.0			1.0
4508.9			1.0
4509.8			1.0
4510.7			1.0
4511.6			1.0
4512.5			1.0
4513.4			1.0
4514.3			1.0
4515.2			1.0
4516.1			1.0
4517.0			1.0
4517.9			1.0
4518.8			1.0
4519.7			1.0
4520.6			1.0
4521.5			1.0
4522.4			1.0
4523.3			1.0
4524.2			1.0
4525.1			1.0
4526.0			1.0
4526.9			1.0
4527.8			1.0
4528.7			1.0
4529.6			1.0
4530.5			1.0552882432235262
4531.4			1.081338993120984
4532.3			1.0109932265040316
4533.2			0.848456156993683
4534.1			0.7382506194985687
4535.0			0.7830188159282141
4535.9			0.898930978120594
4536.8			0.9776092143196914
4537.7			0.9763118804917157
4538.6			1.0
4539.5			1.0
4540.4			1.0
4541.3			1.0
4542.2			1.018049143154218
4543.1			1.0197197294477967
4544.0			0.9473391057563618
4544.9			0.9014716560080758
4545.8			0.9554124321494747
4546.7			1.021457603970464
4547.6			0.9845959416504257
4548.5			1.0
4549.4			1.0
4550.3			1.0190234207635185
4551.2			1.133827650347409
4552.1			1.1359266534058285
4553.0			1.0138721161648487
4553.9			0.8407569546910358
4554.8			0.7362028600302716
4555.7			0.7919643495547591
4556.6			0.9438370600700455
4557.5			1.0221666900260022
4558.4			0.9890709929406749
4559.3			0.9897435585117182
4560.2			1.0
4561.1			1.026311096041101
4562.0			0.9768123151986278
4562.9			0.8498905358734129
4563.8			0.7484637142833769
4564.7			0.7764876637017615
4565.6			0.8921064571892016
4566.5			1.0004991614360461
4567.4			1.0
4568.3			1.0
4569.2			1.0
4570.1			1.0
4571.0			1.0
4571.9			1.0
4572.8			1.0
4573.7			1.0
4574.6			1.0
4575.5			1.0
4576.4			1.0
4577.3			1.0
4578.2			1.0
4579.1			0.943950521005672
4580.0			0.882235454017679
4580.9			0.8766172844638495
4581.8			0.8438153956312542
4582.7			0.7320448729122262
4583.6			0.6976505617533284
4584.5			0.8494214665544685
4585.4			1.0446727397003295
4586.3			1.1271865770271865
4587.2			1.0919653144159114
4588.1			1.0106944698089118
4589.0			1.0
4589.9			1.0
4590.8			1.0
4591.7			1.0
4592.6			1.0
4593.5			1.0
4594.4			1.0
4595.3			1.0
4596.2			1.0
4597.1			1.0
4598.0			1.0176599944476696
4598.9			1.002478281854277
4599.8			0.9474253644683001
4600.7			0.9008673721099345
4601.6			0.9117624693739949
4602.5			0.9538175924162346
4603.4			0.998029430170993
4604.3			1.0
4605.2			1.0
4606.1			1.0
4607.0			1.0
4607.9			1.0
4608.8			1.0
4609.7			1.0
4610.6			1.0
4611.5			1.0
4612.4			1.0
4613.3			1.0
4614.2			1.0
4615.1			0.9711624812062678
4616.0			0.9058796930083787
4616.9			0.8687963825185032
4617.8			0.8525103038813038
4618.7			0.802732074121007
4619.6			0.7765819164873233
4620.5			0.8348022708592661
4621.4			0.9398201315380557
4622.3			1.0206380448940349
4623.2			1.0376006999777199
4624.1			1.0023162726830934
4625.0			1.0
4625.9			1.0
4626.8			0.9839471389838814
4627.7			0.9084982868923424
4628.6			0.804118610661421
4629.5			0.7924034834046557
4630.4			0.9079156447005271
4631.3			1.0141070754958448
4632.2			1.0005058024476776
4633.1			1.0
4634.0			1.0
4634.9			1.0
4635.8			1.0
4636.7			1.0
4637.6			1.0
4638.5			1.0
4639.4			1.0
4640.3			1.0
4641.2			1.0
4642.1			1.0
4643.0			1.0
4643.9			0.990533841737733
4644.8			0.9597663204534541
4645.7			0.9062420502949503
4646.6			0.8641158732719549
4647.5			0.8533896031808175
4648.4			0.8749192451674118
4649.3			0.9310501334298392
4650.2			0.9863553089329449
4651.1			1.0027822574065528
4652.0			1.0
4652.9			0.9912839481707652
4653.8			0.94255278558923
4654.7			0.8626966709613979
4655.6			0.7925997449157632
4656.5			0.7608202701310766
4657.4			0.8085577870274241
4658.3			0.9210405662560984
4659.2			0.9984443708166307
4660.1			1.0
4661.0			0.95224365942375
4661.9			0.8813907560949549
4662.8			0.8271796684239563
4663.7			0.8297595626720419
4664.6			0.8599742686728545
4665.5			0.8358713610598311
4666.4			0.7590564257315026
4667.3			0.7193742842401932
4668.2			0.7345183819631468
4669.1			0.7380812405584326
4670.0			0.742487293150309
4670.9			0.8173669240511487
4671.8			0.9231069263415232
4672.7			0.9800834182180723
4673.6			0.9993299714823085
4674.5			1.0
4675.4			1.0
4676.3			1.0
4677.2			0.9804967323518192
4678.1			0.9435365361231608
4679.0			0.9206315033084549
4679.9			0.9210395546887886
4680.8			0.9158713851146599
4681.7			0.903705826661341
4682.6			0.9206629157764507
4683.5			0.9602907876387238
4684.4			0.9803214132030174
4685.3			0.9860211642594336
4686.2			0.9986828890981095
4687.1			1.0
4688.0			1.0
4688.9			1.0
4689.8			1.0
4690.7			1.0
4691.6			1.0
4692.5			1.0
4693.4			1.0
4694.3			1.0
4695.2			1.0
4696.1			1.0
4697.0			1.0
4697.9			1.0
4698.8			1.0
4699.7			1.0
4700.6			1.0
4701.5			1.0
4702.4			1.0
4703.3			1.0
4704.2			1.0
4705.1			1.031536438842108
4706.0			1.000017481680399
4706.9			0.9145844166995056
4707.8			0.8348562047132638
4708.7			0.8199348735394463
4709.6			0.8818668463938182
4710.5			0.9671784525183873
4711.4			1.0119397349488468
4712.3			0.9952014680057675
4713.2			1.0
4714.1			1.0
4715.0			1.0
4715.9			1.0
4716.8			1.0
4717.7			1.0
4718.6			1.0
4719.5			1.0
4720.4			1.0
4721.3			1.0
4722.2			1.0
4723.1			1.0
4724.0			1.0
4724.9			1.0
4725.8			1.0
4726.7			1.0
4727.6			0.9573149332286269
4728.5			0.9425573593333445
4729.4			0.9302494295049735
4730.3			0.8823303468268239
4731.2			0.8467196208188738
4732.1			0.8852468290003812
4733.0			0.9540175023749222
4733.9			0.9952796337031158
4734.8			0.9990677655746387
4735.7			1.0
4736.6			1.0
4737.5			1.0
4738.4			1.0
4739.3			1.0
4740.2			1.0
4741.1			1.0
4742.0			1.0
4742.9			1.0
4743.8			1.0
4744.7			1.0
4745.6			1.0
4746.5			1.0
4747.4			1.0
4748.3			1.0
4749.2			1.0
4750.1			1.0
4751.0			1.0
4751.9			1.0
4752.8			1.0
4753.7			1.0
4754.6			1.0
4755.5			1.0
4756.4			1.0
4757.3			1.0
4758.2			1.0
4759.1			1.0
4760.0			0.993848574435433
4760.9			0.939307841109447
4761.8			0.835846558843253
4762.7			0.7379607214150449
4763.6			0.70129357749844
4764.5			0.7478751244676703
4765.4			0.8466216967896085
4766.3			0.9367033408886218
4767.2			0.9955354730042891
4768.1			1.0
4769.0			1.0
4769.9			1.0
4770.8			1.0
4771.7			1.0
4772.6			1.0
4773.5			1.0
4774.4			1.0
4775.3			1.0
4776.2			1.0
4777.1			1.0
4778.0			0.9809894827087783
4778.9			0.9136183532066169
4779.8			0.8721866545952677
4780.7			0.9246272227301787
4781.6			0.9958930231208413
4782.5			1.0
4783.4			1.0
4784.3			1.0
4785.2			1.0
4786.1			1.0
4787.0			1.0
4787.9			1.0
4788.8			1.0
4789.7			1.0
4790.6			1.0
4791.5			1.0
4792.4			1.0
4793.3			1.0
4794.2			1.0
4795.1			1.0
4796.0			1.0
4796.9			1.0
4797.8			1.0
4798.7			1.0
4799.6			1.0
4800.5			1.0
4801.4			1.0
4802.3			1.013233837875272
4803.2			0.9674465700093169
4804.1			0.8749872069368054
4805.0			0.8178437357900638
4805.9			0.8627580058208942
4806.8			0.94903207085493
4807.7			1.0010905423796324
4808.6			1.0
4809.5			1.0
4810.4			1.0
4811.3			1.0
4812.2			1.0
4813.1			1.0
4814.0			1.0
4814.9			1.0
4815.8			1.0
4816.7			1.0
4817.6			1.0
4818.5			1.0
4819.4			1.0
4820.3			1.0
4821.2			0.9874649083859245
4822.1			0.9130090722676423
4823.0			0.7848503253503365
4823.9			0.7255977552649577
4824.8			0.7990484799547389
4825.7			0.9194819644170908
4826.6			1.0045709991135239
4827.5			1.0
4828.4			1.0
4829.3			1.0
4830.2			1.0
4831.1			1.0
4832.0			1.0
4832.9			1.0
4833.8			1.0
4834.7			1.0
4835.6			1.0
4836.5			1.0
4837.4			1.0
4838.3			1.0
4839.2			1.0
4840.1			1.0
4841.0			1.0
4841.9			1.0
4842.8			1.0
4843.7			1.0
4844.6			1.0
4845.5			0.9943448972390835
4846.4			0.9400718007628323
4847.3			0.838229098624314
4848.2			0.7665249680231192
4849.1			0.8090712671461756
4850.0			0.9222710786551028
4850.9			1.0037086495454375
4851.8			1.0
4852.7			1.0
4853.6			0.891717195286075
4854.5			0.7454730743068595
4855.4			0.678145923001846
4856.3			0.7434643234623151
4857.2			0.829691642152053
4858.1			0.8149843278603516
4859.0			0.6985947928284306
4859.9			0.5533160331672098
4860.8			0.4664148696356307
4861.7			0.5021744796775451
4862.6			0.6167542809984585
4863.5			0.6924337746965673
4864.4			1.0
4865.3			1.0438072173682307
4866.2			1.142920914326577
4867.1			1.2395514114906392
4868.0			1.2834929888332027
4868.9			1.2609530438366467
4869.8			1.1610878295619553
4870.7			1.016630870427849
4871.6			0.9355709892760168
4872.5			0.95171717812181
4873.4			0.986556160752428
4874.3			0.9982081083555082
4875.2			0.9820903284480661
4876.1			0.9489433559361227
4877.0			0.9527992493144853
4877.9			1.0068634593230115
4878.8			1.0
4879.7			1.0
4880.6			0.9990716466115871
4881.5			0.9384881407864726
4882.4			0.8451524602896016
4883.3			0.7647718646643025
4884.2			0.7656835318278418
4885.1			0.8495306253176317
4886.0			0.9381625908401027
4886.9			0.9895179298302836
4887.8			1.0037890585402907
4888.7			1.0
4889.6			1.0
4890.5			1.0
4891.4			1.0
4892.3			1.0
4893.2			1.0
4894.1			1.0
4895.0			1.0
4895.9			1.032114474522575
4896.8			1.0365497059105484
4897.7			1.0089441601822673
4898.6			0.9284543890584996
4899.5			0.8350862925374751
4900.4			0.8259065491943994
4901.3			0.8895645512148894
4902.2			0.9206757741340562
4903.1			0.9142043803443812
4904.0			0.9380678518094364
4904.9			0.9974778508849792
4905.8			1.0
4906.7			1.0
4907.6			0.9907858354557005
4908.5			0.9546864074654785
4909.4			0.8777978889815637
4910.3			0.8021708870584556
4911.2			0.8128289362846676
4912.1			0.9068726331678842
4913.0			0.9942339674369921
4913.9			1.0
4914.8			1.0
4915.7			1.0
4916.6			0.9713840721258307
4917.5			0.8916320846512298
4918.4			0.7920005230513746
4919.3			0.7089979426708176
4920.2			0.6657068905447275
4921.1			0.6803407362394074
4922.0			0.7132392584962853
4922.9			0.6908134036282301
4923.8			0.6654310372596295
4924.7			0.7504035393125392
4925.6			0.8994479470320139
4926.5			0.9885046211785145
4927.4			1.0113680061226875
4928.3			1.0242902157376796
4929.2			1.0341151401141129
4930.1			1.0
4931.0			0.984442556541017
4931.9			0.9335742740068477
4932.8			0.8365211576998409
4933.7			0.7711425557679363
4934.6			0.8280206654409954
4935.5			0.9463149752210728
4936.4			0.9997278720508892
4937.3			1.0
4938.2			1.0
4939.1			1.0
4940.0			1.0
4940.9			1.0
4941.8			1.0
4942.7			1.0
4943.6			1.0
4944.5			1.0
4945.4			1.0
4946.3			1.0
4947.2			1.0
4948.1			1.0
4949.0			1.0
4949.9			1.0
4950.8			1.0
4951.7			1.0
4952.6			1.0
4953.5			1.0
4954.4			1.0081511665835272
4955.3			0.9805710757361523
4956.2			0.8862190651656252
4957.1			0.799059915067133
4958.0			0.8251662102188512
4958.9			0.928916703465489
4959.8			0.9989859853155488
4960.7			1.0
4961.6			1.0
4962.5			1.00585528456382
4963.4			1.019625662127966
4964.3			1.0041977855818416
4965.2			0.9638160991757
4966.1			0.9405503602619836
4967.0			0.9456685648971123
4967.9			0.9526893450276316
4968.8			0.946168234987917
4969.7			0.9340338210754968
4970.6			0.9365232592553696
4971.5			0.9560809086551367
4972.4			0.9760267741446307
4973.3			0.9983753181361332
4974.2			1.0217643434339398
4975.1			1.0289062184731506
4976.0			1.019356653205885
4976.9			0.9994043885015896
4977.8			1.0
4978.7			0.9831959120683346
4979.6			0.9524538708239971
4980.5			0.8814077341550676
4981.4			0.786757391332953
4982.3			0.7363461611388431
4983.2			0.7650082529091081
4984.1			0.8357853586394332
4985.0			0.9107870356272482
4985.9			0.9911904629831811
4986.8			1.0
4987.7			1.0
4988.6			0.9796373853631445
4989.5			0.9411637495381381
4990.4			0.9151857555588777
4991.3			0.9085924535920371
4992.2			0.8887212771236271
4993.1			0.8607785440741731
4994.0			0.8891547753086234
4994.9			0.9583178068370046
4995.8			0.9992625807306724
4996.7			1.0118570145768067
4997.6			1.0017029885504949
4998.5			1.0
4999.4			1.0
5000.3			1.0
5001.2			1.0
5002.1			1.0
5003.0			1.03874671370857
5003.9			0.991517070514303
5004.8			0.8754961196649512
5005.7			0.8096998677600348
5006.6			0.8554654366980151
5007.5			0.9478597271135127
5008.4			0.9897776580095126
5009.3			1.0
5010.2			1.0
5011.1			1.0
5012.0			1.0
5012.9			1.0
5013.8			1.0
5014.7			1.0664020215279184
5015.6			1.1123381358552655
5016.5			1.0289685419108296
5017.4			0.8536580695694709
5018.3			0.7623319823152035
5019.2			0.8372187417524062
5020.1			0.9594911476115326
5021.0			1.0070586771309773
5021.9			0.9994313269936606
5022.8			1.0
5023.7			1.0
5024.6			1.0
5025.5			1.0
5026.4			1.0
5027.3			1.0
5028.2			1.0
5029.1			0.9877662946023478
5030.0			0.9219639803261723
5030.9			0.8891569198972775
5031.8			0.9431427693196616
5032.7			1.0051247314835061
5033.6			1.0
5034.5			1.0
5035.4			1.0
5036.3			1.0
5037.2			1.004156942489626
5038.1			0.9862254681595404
5039.0			0.9343207258972077
5039.9			0.853518058970244
5040.8			0.7923423654373336
5041.7			0.8223417180813866
5042.6			0.9082074849526416
5043.5			0.9643410055788095
5044.4			0.9850546862213376
5045.3			1.0
5046.2			0.9963121564475815
5047.1			0.9636324294635039
5048.0			0.9133697773979992
5048.9			0.8639945139785585
5049.8			0.8316541979803523
5050.7			0.814312763775314
5051.6			0.8284522626447658
5052.5			0.8962238089215172
5053.4			0.9735465757848398
5054.3			1.0052000213502241
5055.2			1.0015729250613272
5056.1			1.0
5057.0			1.0
5057.9			1.0
5058.8			1.0
5059.7			1.0
5060.6			1.0
5061.5			1.0
5062.4			1.0
5063.3			1.0
5064.2			1.0
5065.1			1.0
5066.0			1.0
5066.9			1.0
5067.8			1.0
5068.7			1.0
5069.6			1.0
5070.5			1.0
5071.4			1.0
5072.3			1.0
5073.2			1.0
5074.1			1.002741396152793
5075.0			0.9933671769590184
5075.9			1.0095225534582566
5076.8			1.0291824887628453
5077.7			0.9891153638131203
5078.6			0.8922892626843524
5079.5			0.8335490402894201
5080.4			0.8642469365832868
5081.3			0.9254057048069828
5082.2			0.9415363614014554
5083.1			0.9332589652102562
5084.0			0.9618804504193013
5084.9			0.9966764150877356
5085.8			1.0
5086.7			1.0
5087.6			1.0
5088.5			1.0
5089.4			1.0
5090.3			1.0
5091.2			1.0
5092.1			1.0
5093.0			1.0
5093.9			1.0
5094.8			0.9989365889919712
5095.7			0.9550517174582812
5096.6			0.8880794714860605
5097.5			0.8405361751052517
5098.4			0.8170938615697093
5099.3			0.8147571892439429
5100.2			0.8464752130255753
5101.1			0.9036333768174525
5102.0			0.952690677825063
5102.9			0.9856666888757812
5103.8			1.0
5104.7			0.9951821299412061
5105.6			0.968796390074975
5106.5			0.924892958815916
5107.4			0.9059459838511901
5108.3			0.9195892187454925
5109.2			0.915925002612241
5110.1			0.9098606919297458
5111.0			0.9385695427037023
5111.9			0.9806881182473407
5112.8			1.0052708593468187
5113.7			1.0006557565873282
5114.6			0.9882085384720563
5115.5			1.0009268197082422
5116.4			1.0
5117.3			1.0
5118.2			1.0
5119.1			1.0
5120.0			1.0
5120.9			1.0
5121.8			1.0
5122.7			0.9195790716113076
5123.6			0.9024814951387333
5124.5			0.9499449623992041
5125.4			0.9874481716616517
5126.3			0.9736777278026397
5127.2			0.9232595114312016
5128.1			0.8701959746426096
5129.0			0.8539266643636266
5129.9			0.8831325091275668
5130.8			0.9022127751661241
5131.7			0.888120055576387
5132.6			0.8833057968849296
5133.5			0.9322658146272732
5134.4			1.0002768401568642
5135.3			1.0017615622717875
5136.2			1.0
5137.1			1.0
5138.0			1.0
5138.9			1.0
5139.8			1.0
5140.7			1.0
5141.6			1.0
5142.5			1.0
5143.4			1.0
5144.3			1.0
5145.2			1.0
5146.1			1.0
5147.0			1.0
5147.9			1.0
5148.8			1.0
5149.7			0.9801906583092687
5150.6			0.93432101021014
5151.5			0.8983582080529857
5152.4			0.8409815411487848
5153.3			0.7681752050611291
5154.2			0.7783327920684602
5155.1			0.8742953341067974
5156.0			0.9600712164670505
5156.9			0.9979264135186068
5157.8			1.0
5158.7			1.0
5159.6			1.0
5160.5			0.9529355334836757
5161.4			0.9235852079309023
5162.3			0.9465179686615792
5163.2			0.9854643597552911
5164.1			0.9740757878429762
5165.0			0.8987090005548654
5165.9			0.7803415933101874
5166.8			0.6585346323200151
5167.7			0.5852592789800218
5168.6			0.6008087995740373
5169.5			0.6984158971958268
5170.4			0.7578795334385299
5171.3			0.7155572488061054
5172.2			0.6955334445254928
5173.1			0.7903103034698794
5174.0			0.9254058104087058
5174.9			0.9991893599413574
5175.8			1.0
5176.7			1.0
5177.6			1.0
5178.5			1.0
5179.4			1.0
5180.3			1.020513683700231
5181.2			1.0192971230919103
5182.1			0.9421708662654824
5183.0			0.8427647932997895
5183.9			0.8388595123192676
5184.8			0.9075210236391464
5185.7			0.9766457150153467
5186.6			1.0253146836512033
5187.5			1.0187395759530247
5188.4			1.0
5189.3			1.0
5190.2			1.0
5191.1			1.0
5192.0			1.0
5192.9			1.0
5193.8			1.0
5194.7			1.0
5195.6			1.0
5196.5			0.9510990851843892
5197.4			0.9422221305443327
5198.3			1.0017815502715623
5199.2			1.0506464581306196
5200.1			1.059599819013252
5201.0			1.067983813282738
5201.9			1.0654192430895575
5202.8			1.019041492318934
5203.7			0.9199904794474681
5204.6			0.8239484584790244
5205.5			0.8201027686452934
5206.4			0.8928571859420714
5207.3			0.9218347175655732
5208.2			0.9142000973474127
5209.1			0.932796044203788
5210.0			0.9240266622862267
5210.9			0.9029967902840781
5211.8			0.9437713537042931
5212.7			1.0
5213.6			0.9972863705335737
5214.5			0.9214330834108474
5215.4			0.8512130695340745
5216.3			0.847200460058237
5217.2			0.9004959506507064
5218.1			0.9625990315286903
5219.0			0.9973714007886691
5219.9			1.0
5220.8			1.0
5221.7			1.0
5222.6			1.0
5223.5			0.9869396188811834
5224.4			0.9185264565055401
5225.3			0.7852371737013668
5226.2			0.6761032905373797
5227.1			0.7223950737654026
5228.0			0.8816702176600405
5228.9			1.0047190130168986
5229.8			1.0
5230.7			1.0
5231.6			1.0
5232.5			1.0
5233.4			1.0
5234.3			1.0
5235.2			1.0
5236.1			1.0
5237.0			1.0
5237.9			1.0
5238.8			1.0
5239.7			1.0
5240.6			1.0
5241.5			1.0
5242.4			1.0
5243.3			1.0
5244.2			1.0
5245.1			1.0
5246.0			1.0
5246.9			1.0
5247.8			1.0
5248.7			1.0
5249.6			1.0
5250.5			1.0
5251.4			1.0
5252.3			1.0126459248938195
5253.2			0.9749153226049961
5254.1			0.9083414006989979
5255.0			0.8801527827303574
5255.9			0.9112185721971247
5256.8			0.961741300532049
5257.7			1.0056792272346293
5258.6			1.0
5259.5			1.0
5260.4			0.9415336172185783
5261.3			0.856178068268828
5262.2			0.7915203635238622
5263.1			0.7470351820282618
5264.0			0.7012051404825197
5264.9			0.6948198667906601
5265.8			0.7508303667174842
5266.7			0.8188282759644235
5267.6			0.8042142341086431
5268.5			0.696847003085704
5269.4			0.6469206527286749
5270.3			0.7466151631869671
5271.2			0.8727758520794672
5272.1			0.8948683520530312
5273.0			0.843865968872689
5273.9			0.7709720662279061
5274.8			0.7094026499785255
5275.7			0.7488018799476949
5276.6			0.8933806565504356
5277.5			1.002532214421828
5278.4			0.9985104043383194
5279.3			1.0
5280.2			1.0
5281.1			1.0
5282.0			0.9492326739836906
5282.9			0.8606040542560769
5283.8			0.8307166456842658
5284.7			0.9139903943190991
5285.6			1.0124895923551156
5286.5			1.0
5287.4			1.0
5288.3			1.0
5289.2			1.0
5290.1			1.0
5291.0			1.0
5291.9			1.0
5292.8			1.0
5293.7			1.0
5294.6			1.0
5295.5			1.0
5296.4			1.0
5297.3			1.0
5298.2			1.0
5299.1			1.0
5300.0			1.0
5300.9			1.0
5301.8			1.0
5302.7			1.0
5303.6			1.0
5304.5			1.0
5305.4			1.0
5306.3			1.0
5307.2			1.0
5308.1			1.0
5309.0			1.0
5309.9			1.0
5310.8			1.0
5311.7			1.0
5312.6			1.0
5313.5			0.9859539387556409
5314.4			0.9720847902402062
5315.3			0.8859829598349889
5316.2			0.8013063678202225
5317.1			0.8356308565221449
5318.0			0.9337853919367584
5318.9			0.999953138557943
5319.8			1.0
5320.7			1.0
5321.6			1.0050836824593026
5322.5			0.9661975692054604
5323.4			0.8944497802161284
5324.3			0.8498645162958146
5325.2			0.8686750703703974
5326.1			0.8885134930215944
5327.0			0.8316909752012793
5327.9			0.7861534706263121
5328.8			0.8679465825120949
5329.7			1.0
5330.6			1.066368448435982
5331.5			1.0615570001361376
5332.4			1.0173039142858973
5333.3			0.9649450196058231
5334.2			0.9188840053679923
5335.1			0.8703961753507178
5336.0			0.8057035161512638
5336.9			0.7819279745487131
5337.8			0.8291816246505981
5338.7			0.8582792245011206
5339.6			1.0
5340.5			1.0072481743960853
5341.4			1.0797718796809184
5342.3			1.1437034948831957
5343.2			1.1537272176296447
5344.1			1.1097505430821393
5345.0			1.0347154791802982
5345.9			0.9942557615846432
5346.8			1.0043842214917715
5347.7			1.0005845681521148
5348.6			0.9654863395289015
5349.5			0.9485923002734711
5350.4			0.9770979539220531
5351.3			1.0054093207150157
5352.2			1.0
5353.1			1.0
5354.0			1.0
5354.9			1.0
5355.8			1.0
5356.7			1.0
5357.6			1.0
5358.5			1.0
5359.4			1.0
5360.3			1.0
5361.2			1.0
5362.1			1.0
5363.0			1.0
5363.9			1.0
5364.8			1.0
5365.7			1.0
5366.6			0.9906689568892552
5367.5			0.970292661967514
5368.4			0.9331583259006123
5369.3			0.8625756304601614
5370.2			0.7993517698468927
5371.1			0.8029601514451771
5372.0			0.8836163779795244
5372.9			0.9696148098765601
5373.8			1.0063911900379092
5374.7			1.0
5375.6			1.0
5376.5			1.0
5377.4			0.9937459826014183
5378.3			0.9623352281960544
5379.2			0.8945845275893761
5380.1			0.8294777495859958
5381.0			0.825293735157582
5381.9			0.8622390643592791
5382.8			0.8977150442307853
5383.7			0.9463681198325741
5384.6			0.9975588840390223
5385.5			1.0
5386.4			1.0
5387.3			1.0
5388.2			1.0
5389.1			1.0
5390.0			1.0
5390.9			1.0
5391.8			1.0
5392.7			1.0
5393.6			1.0
5394.5			1.0
5395.4			1.0
5396.3			0.9169781661557849
5397.2			0.9455477504003047
5398.1			1.0393381417891048
5399.0			1.0912311733842284
5399.9			1.090470114620262
5400.8			1.0707672116294102
5401.7			1.0279070364302807
5402.6			0.9605724593032602
5403.5			0.8988863500853794
5404.4			0.8638966773057906
5405.3			0.8698628344599311
5406.2			0.9176847761214278
5407.1			0.9647260726056129
5408.0			0.9670271657264143
5408.9			0.9349619391101477
5409.8			0.924930019711003
5410.7			0.9709895189645811
5411.6			1.0207745384067548
5412.5			1.0028493620861008
5413.4			1.0
5414.3			1.0
5415.2			1.0
5416.1			1.0
5417.0			1.0
5417.9			1.0
5418.8			1.0
5419.7			1.0
5420.6			1.0
5421.5			1.0
5422.4			0.9717256490651469
5423.3			0.8975706003012591
5424.2			0.8593140972218515
5425.1			0.9127043713169508
5426.0			1.0007271470234156
5426.9			1.0
5427.8			1.0
5428.7			1.0
5429.6			1.0
5430.5			1.0367461685063981
5431.4			1.0275024153930123
5432.3			0.9570633895526641
5433.2			0.8953957520429053
5434.1			0.8927023265940763
5435.0			0.9459214442114463
5435.9			1.008834538151594
5436.8			1.0
5437.7			1.0
5438.6			1.0
5439.5			1.0
5440.4			1.0
5441.3			1.0
5442.2			1.0
5443.1			0.9800691807330768
5444.0			0.9295925784966912
5444.9			0.8605470246400431
5445.8			0.809681819789639
5446.7			0.8311033458120801
5447.6			0.9210544439155613
5448.5			0.9987799316001013
5449.4			1.0
5450.3			1.0
5451.2			1.0
5452.1			0.9900310823336628
5453.0			0.9486264495306997
5453.9			0.8771192636141816
5454.8			0.8275933768540994
5455.7			0.8603762251086713
5456.6			0.9439956714198451
5457.5			1.0008070956915034
5458.4			1.0
5459.3			1.0
5460.2			1.0
5461.1			1.0
5462.0			1.0
5462.9			1.0
5463.8			1.0
5464.7			1.0
5465.6			1.0
5466.5			1.0
5467.4			1.0
5468.3			1.0
5469.2			1.0
5470.1			1.0
5471.0			1.0
5471.9			1.0
5472.8			0.9740135819755836
5473.7			0.9832942634266093
5474.6			0.9690405008897094
5475.5			0.8922260786952706
5476.4			0.828358749675382
5477.3			0.8540528961345971
5478.2			0.9346617704305245
5479.1			0.9907839039556738
5480.0			1.0008190311281568
5480.9			1.0
5481.8			1.0
5482.7			1.0
5483.6			1.0
5484.5			1.0
5485.4			1.0
5486.3			1.0
5487.2			1.0
5488.1			1.0
5489.0			1.0
5489.9			1.0
5490.8			1.0
5491.7			1.0
5492.6			1.0
5493.5			1.0
5494.4			1.0
5495.3			1.0
5496.2			1.0
5497.1			1.0
5498.0			1.0
5498.9			1.0407953112959152
5499.8			1.0076094465442111
5500.7			0.9293825885323838
5501.6			0.8894394071868983
5502.5			0.9204916980461092
5503.4			0.9787219383937464
5504.3			1.0003039181771236
5505.2			1.0
5506.1			1.0
5507.0			1.0
5507.9			1.0
5508.8			1.0
5509.7			1.0
5510.6			1.0
5511.5			1.0
5512.4			1.0
5513.3			1.0
5514.2			1.0
5515.1			1.0
5516.0			1.0
5516.9			1.0
5517.8			1.0
5518.7			1.0
5519.6			1.0
5520.5			1.0
5521.4			1.0
5522.3			1.0
5523.2			0.9870744773333675
5524.1			0.9301833859040571
5525.0			0.8454182474987505
5525.9			0.7728669416329379
5526.8			0.7548990064209014
5527.7			0.8002234177702326
5528.6			0.8796449698324533
5529.5			0.9549215048947145
5530.4			1.0000235933475439
5531.3			1.0
5532.2			1.0
5533.1			1.0
5534.0			1.0
5534.9			1.0
5535.8			1.0
5536.7			1.0
5537.6			1.0
5538.5			1.0
5539.4			1.0
5540.3			1.0
5541.2			0.986461029817151
5542.1			0.9556292264116356
5543.0			0.9141087568950117
5543.9			0.883238532047459
5544.8			0.8811785116137089
5545.7			0.9098269396293939
5546.6			0.9523336556745141
5547.5			0.9851087768964816
5548.4			1.0009470741763038
5549.3			1.0
5550.200000000001			1.0
5551.1			1.0
5552.0			1.0
5552.9			1.0
5553.8			1.0
5554.700000000001			1.0
5555.6			1.0
5556.5			1.0
5557.4			1.0
5558.3			1.0
5559.200000000001			1.0
5560.1			1.0
5561.0			1.0
5561.9			1.0
5562.8			1.0
5563.700000000001			1.0
5564.6			1.0
5565.5			1.0
5566.4			1.0
5567.3			1.0
5568.200000000001			1.0
5569.1			1.0
5570.0			1.0
5570.9			1.0
5571.8			1.0
5572.700000000001			1.0
5573.6			1.0
5574.5			1.0
5575.4			1.0
5576.3			1.0
5577.200000000001			1.0
5578.1			1.0
5579.0			1.0
5579.9			1.0
5580.8			1.0
5581.700000000001			1.0
5582.6			1.0139843965163033
5583.5			1.0240091993413383
5584.4			1.0022491652142351
5585.3			0.9444367096688429
5586.200000000001			0.8859976293996418
5587.1			0.861723555739335
5588.0			0.8739929769570899
5588.9			0.9097193395211007
5589.8			0.9520488643105552
5590.700000000001			0.9849345433641593
5591.6			0.9991806287457392
5592.5			1.0
5593.4			1.0
5594.3			1.0
5595.200000000001			1.0
5596.1			1.0
5597.0			1.0
5597.9			1.0
5598.8			1.0
5599.700000000001			1.0
5600.6			1.0
5601.5			1.0
5602.4			1.0
5603.3			1.0
5604.200000000001			1.0
5605.1			1.0
5606.0			1.0
5606.9			1.0
5607.8			1.0
5608.700000000001			1.0
5609.6			1.0
5610.5			1.0
5611.4			1.0
5612.3			0.9959387357791152
5613.200000000001			0.9606909608711365
5614.1			0.900790755118527
5615.0			0.8688143731450971
5615.9			0.9009202519978506
5616.8			0.9615499069290906
5617.700000000001			1.0008379114286636
5618.6			1.0
5619.5			1.0
5620.4			1.0
5621.3			1.0
5622.200000000001			1.0
5623.1			1.0
5624.0			1.0
5624.9			1.0
5625.8			1.0
5626.700000000001			1.0
5627.6			1.0
5628.5			1.0
5629.4			1.0
5630.3			1.0
5631.200000000001			1.0
5632.1			1.0
5633.0			1.0
5633.9			1.0
5634.8			1.0
5635.700000000001			1.0
5636.6			0.9848164946567819
5637.5			0.9712467257024179
5638.4			0.9575898271934173
5639.3			0.9243057697846552
5640.200000000001			0.8902203632711438
5641.1			0.900022200633821
5642.0			0.9472379208110066
5642.9			0.9852946274956697
5643.8			1.0000682642887988
5644.700000000001			1.0
5645.6			1.0
5646.5			1.0
5647.4			1.0
5648.3			1.0
5649.200000000001			1.0
5650.1			1.0
5651.0			1.0
5651.9			1.0
5652.8			1.0
5653.700000000001			1.0
5654.6			0.9842329669303193
5655.5			0.9506938608810148
5656.4			0.8697512695714155
5657.3			0.7863554236952324
5658.200000000001			0.800835423067207
5659.1			0.9078923390431561
5660.0			0.9929196354032068
5660.9			1.0
5661.8			1.0
5662.700000000001			1.0
5663.6			1.0
5664.5			1.0
5665.4			0.9772889117967473
5666.3			0.9202861613424488
5667.200000000001			0.8787216146210994
5668.1			0.8730657106158566
5669.0			0.905726980663581
5669.9			0.9603360255866626
5670.8			1.0006928668477424
5671.700000000001			1.0
5672.6			1.0
5673.5			1.0
5674.4			1.0
5675.3			1.0
5676.200000000001			1.0
5677.1			1.001389275410074
5678.0			0.9985220260710245
5678.9			0.9995912900919605
5679.8			1.000672083890184
5680.700000000001			0.9842072237173539
5681.6			0.9425357158787145
5682.5			0.8933630226863105
5683.4			0.8685543782486133
5684.3			0.8891295337457851
5685.200000000001			0.9320055791401951
5686.1			0.9502225565182982
5687.0			0.9403188306234819
5687.9			0.9409031661632351
5688.8			0.967592789656646
5689.700000000001			0.9992946659228521
5690.6			1.0
5691.5			1.0
5692.4			1.0
5693.3			1.0
5694.200000000001			1.0
5695.1			1.0
5696.0			1.0
5696.9			1.0
5697.8			1.0
5698.700000000001			1.0
5699.6			1.0
5700.5			1.0
5701.4			1.0
5702.3			1.0
5703.200000000001			1.011650403431649
5704.1			1.0042889637714638
5705.0			0.9815455374735236
5705.9			0.9616057861558657
5706.8			0.9454249088814515
5707.700000000001			0.9232732596210981
5708.6			0.9081321422140407
5709.5			0.9142279410636683
5710.4			0.9301805159172054
5711.3			0.9487788985973491
5712.200000000001			0.9737800551016226
5713.1			0.9942223705996673
5714.0			1.000469230611188
5714.9			1.0
5715.8			1.0
5716.700000000001			1.0
5717.6			1.0
5718.5			1.0
5719.4			1.0
5720.3			1.0
5721.200000000001			1.0
5722.1			1.0
5723.0			1.0
5723.9			1.0
5724.8			1.0
5725.700000000001			1.0
5726.6			1.0
5727.5			1.0
5728.4			1.0
5729.3			1.0
5730.200000000001			1.0
5731.1			1.0
5732.0			1.0
5732.9			1.0
5733.8			1.0
5734.700000000001			1.0
5735.6			1.0
5736.5			1.0
5737.4			1.0
5738.3			1.0
5739.200000000001			1.0
5740.1			1.0
5741.0			1.0
5741.9			1.0
5742.8			1.0
5743.700000000001			1.0
5744.6			1.0
5745.5			1.0
5746.4			1.0
5747.3			1.0
5748.200000000001			1.0
5749.1			1.0
5750.0			1.0
5750.9			1.0
5751.8			1.0
5752.700000000001			1.0
5753.6			1.0
5754.5			1.0
5755.4			1.0
5756.3			1.0
5757.200000000001			1.0
5758.1			1.0
5759.0			1.0
5759.9			1.0
5760.8			1.0
5761.700000000001			1.0
5762.6			1.0
5763.5			1.0
5764.4			1.0
5765.3			1.0
5766.200000000001			1.0
5767.1			1.0
5768.0			1.0
5768.9			1.0
5769.8			1.0
5770.700000000001			1.0
5771.6			1.0
5772.5			1.0
5773.4			1.0
5774.3			1.0
5775.200000000001			1.0
5776.1			1.0
5777.0			1.0
5777.9			1.0
5778.8			1.0
5779.700000000001			1.0
5780.6			1.0
5781.5			1.0
5782.4			1.0
5783.3			1.0
5784.200000000001			1.0
5785.1			1.0
5786.0			1.0
5786.9			1.0
5787.8			1.0
5788.700000000001			1.0
5789.6			1.0
5790.5			1.0
5791.4			1.0
5792.3			1.0
5793.200000000001			1.0
5794.1			1.0
5795.0			1.0
5795.9			1.0
5796.8			1.0
5797.700000000001			1.0
5798.6			1.0
5799.5			1.0
5800.4			1.0
5801.3			1.0
5802.200000000001			1.0
5803.1			1.0
5804.0			1.0
5804.9			1.0
5805.8			1.0
5806.700000000001			1.0
5807.6			1.0
5808.5			1.0
5809.4			1.0
5810.3			1.0
5811.200000000001			1.0
5812.1			1.0
5813.0			1.0
5813.9			1.0
5814.8			1.0
5815.700000000001			1.0
5816.6			1.0
5817.5			1.0
5818.4			1.0
5819.3			1.0
5820.200000000001			1.0
5821.1			1.0
5822.0			1.0
5822.9			1.0
5823.8			1.0
5824.700000000001			1.0
5825.6			1.0
5826.5			1.0
5827.4			1.0
5828.3			1.0
5829.200000000001			1.0
5830.1			1.0
5831.0			1.0
5831.9			1.0
5832.8			1.0
5833.700000000001			1.0
5834.6			1.0
5835.5			1.0
5836.4			1.0
5837.3			1.0
5838.200000000001			1.0
5839.1			1.0
5840.0			1.0
5840.9			1.0
5841.8			1.0
5842.700000000001			1.0
5843.6			1.0
5844.5			1.0
5845.4			1.0
5846.3			1.0
5847.200000000001			1.0
5848.1			1.0
5849.0			1.0
5849.9			1.0
5850.8			0.9848345169772965
5851.700000000001			0.938518123277029
5852.6			0.88813516560053
5853.5			0.8889637341590633
5854.4			0.9450684244861599
5855.3			0.9902279457347913
5856.200000000001			0.9905654316743626
5857.1			1.0
5858.0			1.0
5858.9			1.0
5859.8			1.0
5860.700000000001			1.0
5861.6			1.0
5862.5			1.0
5863.4			1.0
5864.3			1.0
5865.200000000001			1.0
5866.1			1.0
5867.0			1.0
5867.9			1.0
5868.8			1.0
5869.700000000001			1.0
5870.6			1.0
5871.5			1.0
5872.4			1.0
5873.3			1.0
5874.200000000001			1.0
5875.1			1.0
5876.0			1.0
5876.9			1.0
5877.8			1.0
5878.700000000001			1.0
5879.6			1.0
5880.5			1.0
5881.4			1.0
5882.3			1.0
5883.200000000001			1.0
5884.1			1.0
5885.0			1.0
5885.9			1.0
5886.8			0.9875271203247253
5887.700000000001			0.9205650048817258
5888.6			0.8086711728944634
5889.5			0.7493357516043263
5890.4			0.810477137846515
5891.3			0.9254655612928366
5892.200000000001			1.0007334314334275
5893.1			1.0
5894.0			1.0
5894.9			1.0
5895.8			1.0
5896.700000000001			1.0
5897.6			1.0
5898.5			1.0
5899.4			1.0
5900.3			1.0
5901.200000000001			1.0
5902.1			1.0
5903.0			1.0
5903.9			1.0
5904.8			1.0
5905.700000000001			1.0
5906.6			1.0
5907.5			1.0
5908.4			1.0
5909.3			1.0
5910.200000000001			1.0
5911.1			1.0
5912.0			1.0
5912.9			1.0
5913.8			1.0
5914.700000000001			1.0
5915.6			1.0
5916.5			1.0
5917.4			1.0
5918.3			1.0
5919.200000000001			1.0
5920.1			1.0
5921.0			1.0
5921.9			1.0
5922.8			1.0
5923.700000000001			1.0
5924.6			1.0
5925.5			1.0
5926.4			1.0
5927.3			1.0
5928.200000000001			1.0
5929.1			1.0
5930.0			1.0
5930.9			1.0
5931.8			1.0
5932.700000000001			1.0
5933.6			1.0
5934.5			1.0
5935.4			1.0
5936.3			1.0
5937.200000000001			1.0
5938.1			1.0
5939.0			1.0
5939.9			1.0
5940.8			1.0
5941.700000000001			1.0
5942.6			1.0
5943.5			1.0
5944.4			1.0
5945.3			1.0
5946.200000000001			1.0
5947.1			1.0
5948.0			1.0
5948.9			1.0
5949.8			1.0
5950.700000000001			1.0
5951.6			1.0
5952.5			1.0
5953.4			1.0
5954.3			1.0
5955.200000000001			1.0
5956.1			1.0
5957.0			1.0
5957.9			1.0
5958.8			1.0
5959.700000000001			1.0
5960.6			1.0
5961.5			1.0
5962.4			1.0
5963.3			1.0
5964.200000000001			1.0
5965.1			1.0
5966.0			1.0
5966.9			1.0
5967.8			1.0
5968.700000000001			1.0
5969.6			1.0
5970.5			1.0
5971.4			1.0
5972.3			1.0
5973.200000000001			1.0
5974.1			1.0
5975.0			1.0
5975.9			1.0
5976.8			1.0
5977.700000000001			1.0
5978.6			1.0
5979.5			1.0
5980.4			1.0
5981.3			1.0
5982.200000000001			1.0
5983.1			1.0
5984.0			1.0
5984.9			1.0
5985.8			1.0
5986.700000000001			1.0
5987.6			1.0
5988.5			1.0
5989.4			1.0
5990.3			1.0
5991.200000000001			1.0
5992.1			1.0
5993.0			1.0
5993.9			1.0
5994.8			1.0
5995.700000000001			1.0
5996.6			1.0
5997.5			1.0
5998.4			1.0
5999.3			1.0
6000.200000000001			1.0
6001.1			1.0
6002.0			1.0
6002.9			1.0
6003.8			1.0
6004.700000000001			1.0
6005.6			1.0
6006.5			1.0
6007.4			1.0
6008.3			1.0
6009.200000000001			1.0
6010.1			1.0
6011.0			1.0
6011.9			1.0
6012.8			1.0
6013.700000000001			1.0
6014.6			1.0
6015.5			1.0
6016.4			1.0
6017.3			1.0
6018.200000000001			1.0
6019.1			1.0
6020.0			1.0
6020.9			1.0
6021.8			1.0
6022.700000000001			1.0
6023.6			1.0
6024.5			1.0
6025.4			1.0
6026.3			1.0
6027.200000000001			1.0
6028.1			1.0
6029.0			1.0
6029.9			1.0
6030.8			1.0
6031.700000000001			1.0
6032.6			1.0
6033.5			1.0
6034.4			1.0
6035.3			1.0
6036.200000000001			1.0
6037.1			1.0
6038.0			1.0
6038.9			1.0
6039.8			1.0
6040.700000000001			1.0
6041.6			1.0
6042.5			1.0
6043.4			1.0
6044.3			1.0
6045.200000000001			1.0
6046.1			1.0
6047.0			1.0
6047.9			1.0
6048.8			1.0
6049.700000000001			1.0
6050.6			1.0
6051.5			1.0
6052.4			1.0
6053.3			1.0
6054.200000000001			1.0
6055.1			1.0
6056.0			1.0
6056.9			1.0
6057.8			1.0
6058.700000000001			1.0
6059.6			1.0
6060.5			1.0
6061.4			1.0
6062.3			1.0
6063.200000000001			1.0
6064.1			1.0
6065.0			1.0
6065.9			1.0
6066.8			1.0
6067.700000000001			1.0
6068.6			1.0
6069.5			1.0
6070.4			1.0
6071.3			1.0
6072.200000000001			1.0
6073.1			1.0
6074.0			1.0
6074.9			1.0
6075.8			1.0
6076.700000000001			1.0
6077.6			1.0
6078.5			1.0
6079.4			1.0
6080.3			1.0
6081.200000000001			1.0
6082.1			1.0
6083.0			1.0
6083.9			1.0
6084.8			1.0
6085.700000000001			1.0
6086.6			1.0
6087.5			1.0
6088.4			1.0
6089.3			1.0
6090.200000000001			1.0
6091.1			1.0
6092.0			1.0
6092.9			1.0
6093.8			1.0
6094.700000000001			1.0
6095.6			1.0
6096.5			1.0
6097.4			1.0
6098.3			1.0
6099.200000000001			0.9967419535257184
6100.1			0.9800413938835555
6101.0			0.9389365230992618
6101.9			0.8963360694821891
6102.8			0.8997178701013047
6103.700000000001			0.9520688321043898
6104.6			0.9996295742898176
6105.5			1.0
6106.4			1.0
6107.3			1.0
6108.200000000001			1.0
6109.1			1.0
6110.0			1.0
6110.9			1.0
6111.8			1.0
6112.700000000001			1.0
6113.6			1.0
6114.5			1.0
6115.4			1.0
6116.3			1.0
6117.200000000001			1.0
6118.1			1.0
6119.0			1.0
6119.9			1.0
6120.8			1.0
6121.700000000001			1.0
6122.6			1.0
6123.5			1.0
6124.4			1.0
6125.3			1.0
6126.200000000001			1.0
6127.1			1.0
6128.0			1.0
6128.9			1.0
6129.8			1.0
6130.700000000001			1.0
6131.6			1.0
6132.5			1.0
6133.4			1.0
6134.3			1.0
6135.200000000001			1.0
6136.1			1.0
6137.0			1.0
6137.9			1.0
6138.8			1.0319450347106662
6139.700000000001			0.9766327620216418
6140.6			0.8626873401461082
6141.5			0.8128982207431962
6142.4			0.8785238681750057
6143.3			0.9646978056550374
6144.200000000001			0.9920145043784875
6145.1			1.0
6146.0			1.0
6146.9			1.0
6147.8			1.0
6148.700000000001			1.0
6149.6			1.0
6150.5			1.0
6151.4			1.0
6152.3			1.0
6153.200000000001			1.0
6154.1			1.0
6155.0			1.0
6155.9			1.0
6156.8			1.0
6157.700000000001			1.0
6158.6			1.00848522100926
6159.5			0.9917940315022499
6160.4			0.9357125178127463
6161.3			0.8825106862184642
6162.200000000001			0.8886884438437854
6163.1			0.9469160853825165
6164.0			0.9996655625196988
6164.9			1.0
6165.8			1.0
6166.700000000001			1.0
6167.6			1.0
6168.5			1.0
6169.4			1.0
6170.3			1.0
6171.200000000001			1.0
6172.1			1.0
6173.0			1.0
6173.9			1.0
6174.8			1.0
6175.700000000001			1.0
6176.6			1.0
6177.5			1.0
6178.4			1.0
6179.3			1.0
6180.200000000001			1.0
6181.1			1.0
6182.0			1.0
6182.9			1.0
6183.8			1.0
6184.700000000001			1.0
6185.6			1.0
6186.5			1.0
6187.4			1.0
6188.3			1.0
6189.200000000001			1.0
6190.1			1.0
6191.0			1.0
6191.9			1.0
6192.8			1.0
6193.700000000001			1.0
6194.6			1.0
6195.5			1.0
6196.4			1.0
6197.3			1.0
6198.200000000001			1.0
6199.1			1.0
6200.0			1.0
6200.9			1.0
6201.8			1.0
6202.700000000001			1.0
6203.6			1.0
6204.5			1.0
6205.4			1.0
6206.3			1.0
6207.200000000001			1.0
6208.1			1.0
6209.0			1.0
6209.9			1.0
6210.8			1.0
6211.700000000001			1.0
6212.6			1.0
6213.5			1.0
6214.4			1.0
6215.3			1.0
6216.200000000001			1.0
6217.1			1.0
6218.0			1.0
6218.9			1.0
6219.8			1.0
6220.700000000001			1.0
6221.6			1.0
6222.5			1.0
6223.4			1.0
6224.3			1.0
6225.200000000001			1.0
6226.1			1.0
6227.0			1.0
6227.9			1.0
6228.8			1.0
6229.700000000001			1.0
6230.6			1.0
6231.5			1.0
6232.4			1.0
6233.3			1.0
6234.200000000001			1.0
6235.1			1.0
6236.0			1.0
6236.9			1.0
6237.8			1.0
6238.700000000001			1.0
6239.6			1.0
6240.5			1.0
6241.4			1.0
6242.3			1.00541552687831
6243.200000000001			0.9741451751190096
6244.1			0.9132884046838007
6245.0			0.839540530337434
6245.9			0.7907545496056404
6246.8			0.794079819859905
6247.700000000001			0.8512207784886843
6248.6			0.9353556334778984
6249.5			0.9997441720359516
6250.4			1.0
6251.3			1.0
6252.200000000001			1.0
6253.1			1.0
6254.0			1.0
6254.9			1.0
6255.8			1.0
6256.700000000001			1.0
6257.6			1.0
6258.5			1.0
6259.4			1.0
6260.3			1.0
6261.200000000001			1.0
6262.1			1.0
6263.0			1.0
6263.9			1.0
6264.8			1.0
6265.700000000001			1.0
6266.6			1.0
6267.5			1.0
6268.4			1.0
6269.3			1.0
6270.200000000001			1.0
6271.1			1.0
6272.0			1.0
6272.9			1.0
6273.8			1.0
6274.700000000001			1.0
6275.6			1.0
6276.5			1.0
6277.4			1.0
6278.3			1.0
6279.200000000001			1.0
6280.1			1.0
6281.0			1.0
6281.9			1.0
6282.8			1.0
6283.700000000001			1.0
6284.6			1.0
6285.5			1.0
6286.4			1.0
6287.3			1.0
6288.200000000001			1.0
6289.1			1.0
6290.0			1.0
6290.9			1.0
6291.8			1.0
6292.700000000001			1.0
6293.6			1.0
6294.5			1.0
6295.4			1.0
6296.3			1.0
6297.200000000001			1.0
6298.1			1.0
6299.0			1.0
6299.9			1.0
6300.8			1.0
6301.700000000001			1.0
6302.6			1.0
6303.5			1.0
6304.4			1.0
6305.3			1.0
6306.200000000001			1.0
6307.1			1.0
6308.0			1.0
6308.9			1.0
6309.8			1.0
6310.700000000001			1.0
6311.6			1.0
6312.5			1.0
6313.4			1.0
6314.3			1.0
6315.200000000001			1.0
6316.1			1.0
6317.0			1.0
6317.9			1.0
6318.8			1.0
6319.700000000001			1.0
6320.6			1.0
6321.5			1.0
6322.4			1.0
6323.3			1.0
6324.200000000001			1.0
6325.1			1.0
6326.0			1.0
6326.9			1.0
6327.8			1.0
6328.700000000001			1.0
6329.6			1.0
6330.5			1.0
6331.4			1.0
6332.3			1.0
6333.200000000001			1.0
6334.1			1.0
6335.0			1.0
6335.9			1.0
6336.8			1.0
6337.700000000001			1.0
6338.6			1.0
6339.5			1.0
6340.4			1.0
6341.3			1.0
6342.200000000001			1.0
6343.1			1.0
6344.0			0.9854156757764457
6344.9			0.9489084214968588
6345.8			0.888478111525012
6346.700000000001			0.8606239918059713
6347.6			0.9024476025760741
6348.5			0.9663885276471841
6349.4			0.9993919532065
6350.3			1.0
6351.200000000001			1.0
6352.1			1.0
6353.0			1.0
6353.9			1.0
6354.8			1.0
6355.700000000001			1.0
6356.6			1.0
6357.5			1.0
6358.4			1.0
6359.3			1.0
6360.200000000001			1.0
6361.1			1.0
6362.0			1.0
6362.9			1.0
6363.8			1.0
6364.700000000001			1.0
6365.6			1.0
6366.5			0.9958784708382582
6367.4			0.9760459835192541
6368.3			0.9326956432848192
6369.200000000001			0.8843887466187041
6370.1			0.8561936309293643
6371.0			0.8687015178991997
6371.9			0.9222633189288646
6372.8			0.9759684876114085
6373.700000000001			0.9991675010877032
6374.6			1.0
6375.5			1.0
6376.4			1.0
6377.3			1.0
6378.200000000001			1.0
6379.1			1.0
6380.0			1.0
6380.9			1.0
6381.8			1.0
6382.700000000001			1.0
6383.6			1.0
6384.5			1.0
6385.4			1.0
6386.3			1.0
6387.200000000001			1.0
6388.1			1.0
6389.0			1.0
6389.9			1.0
6390.8			1.0
6391.700000000001			1.0
6392.6			1.0
6393.5			1.0
6394.4			1.0
6395.3			1.0
6396.200000000001			1.0
6397.1			1.0
6398.0			1.0
6398.9			1.0
6399.8			1.0
6400.700000000001			1.0
6401.6			1.0
6402.5			1.0
6403.4			1.0
6404.3			1.0
6405.200000000001			1.0
6406.1			1.0
6407.0			1.0
6407.9			1.0
6408.8			1.0
6409.700000000001			1.0
6410.6			1.0
6411.5			1.0
6412.4			1.0
6413.3			1.0
6414.200000000001			1.0
6415.1			1.0
6416.0			1.0
6416.9			1.0
6417.8			1.0
6418.700000000001			1.0
6419.6			1.0
6420.5			1.0
6421.4			1.0
6422.3			1.0
6423.200000000001			1.0
6424.1			1.0
6425.0			1.0
6425.9			1.0
6426.8			1.0
6427.700000000001			1.0
6428.6			1.0
6429.5			0.9631653554616624
6430.4			0.9170961862869826
6431.3			0.8771011216442792
6432.200000000001			0.8676651447240246
6433.1			1.0
6434.0			1.0607513102756825
6434.9			1.097366175286667
6435.8			1.0936107979634662
6436.700000000001			1.0
6437.6			0.9518773199793377
6438.5			0.9240649123624796
6439.4			0.9513584126721472
6440.3			1.0058995881216903
6441.200000000001			1.0378082130540929
6442.1			1.0419033163538565
6443.0			1.0447489975564057
6443.9			1.0535734439882996
6444.8			1.0564539260297439
6445.700000000001			1.0546054487807834
6446.6			1.0553383029668517
6447.5			1.052809354261967
6448.4			1.0381125100094937
6449.3			1.0264189995894297
6450.200000000001			1.0391660629964634
6451.1			1.0640626230308654
6452.0			1.0775927353413777
6452.9			1.0702034745482445
6453.8			1.0265512928357274
6454.700000000001			0.9378196608567834
6455.6			0.8579303918743039
6456.5			0.8730166440740599
6457.4			0.9749417296484724
6458.3			1.0685621116065214
6459.200000000001			1.1039623979036028
6460.1			1.0891784276011092
6461.0			1.040394536330988
6461.9			0.997991160411843
6462.8			1.011848868397678
6463.700000000001			1.071098281025412
6464.6			1.0
6465.5			1.0133555613778304
6466.4			1.0124263739460095
6467.3			1.0067104583779114
6468.200000000001			0.9997700834930202
6469.1			0.9919997796060429
6470.0			0.9806412542986189
6470.9			0.9693200846272283
6471.8			1.0
6472.700000000001			1.0180691571032086
6473.6			1.0294623233817006
6474.5			1.0292687950657002
6475.4			1.0316312002048635
6476.3			1.0393101441910721
6477.200000000001			1.0442547743393726
6478.1			1.0428096723844305
6479.0			1.038826882930351
6479.9			1.0269491039288123
6480.8			1.0018986984689218
6481.700000000001			0.9818443210362676
6482.6			0.9857786941754709
6483.5			1.0073921391170482
6484.4			1.0271682325385745
6485.3			1.0350298654719539
6486.200000000001			1.0353871027964348
6487.1			1.0352978907737467
6488.0			1.034784238167007
6488.9			1.0190934293290972
6489.8			0.974644400047617
6490.700000000001			0.9191984698384212
6491.6			0.8840931315632999
6492.5			0.8675632790928134
6493.4			0.8447346515558479
6494.3			0.8098823051305453
6495.200000000001			0.771398265427745
6496.1			0.7543745687477752
6497.0			0.8012812142027026
6497.9			0.8964233690877272
6498.8			0.9723190808742035
6499.700000000001			1.0111342366241427
6500.6			1.0336726824641211
6501.5			1.0477845189691872
6502.4			1.0550260032638674
6503.3			1.0585926572478654
6504.200000000001			1.059827451820983
6505.1			1.0565525822203294
6506.0			1.0528802055788031
6506.9			1.0556230343332564
6507.8			1.0621963393858262
6508.700000000001			1.0669570887381432
6509.6			1.0676000363851876
6510.5			1.0641494230658777
6511.4			1.056500204093239
6512.3			1.044163361623915
6513.200000000001			1.022986852245117
6514.1			0.9771226712700078
6515.0			1.0
6515.9			0.9697551838975547
6516.8			1.0129377214675481
6517.700000000001			1.0817459438004902
6518.6			1.1241717220026044
6519.5			1.1431303952368044
6520.4			1.1528839629938172
6521.3			1.1535093004193382
6522.200000000001			1.1484536221676211
6523.1			1.1451271271222285
6524.0			1.1434109202620604
6524.9			1.1320821941932124
6525.8			1.110623640889256
6526.700000000001			1.1006359423574616
6527.6			1.1122562094986843
6528.5			1.129570306284818
6529.4			1.1379660303065358
6530.3			1.1377728644981147
6531.200000000001			1.133987281667933
6532.1			1.1274129994130466
6533.0			1.119951299270612
6533.9			1.1147878476383069
6534.8			1.112833777365995
6535.700000000001			1.1117164367109715
6536.6			1.1075740121712407
6537.5			1.1037806186375514
6538.4			1.1046080069274318
6539.3			1.1064876325198556
6540.200000000001			1.1071265146672813
6541.1			1.1055394433738306
6542.0			1.1013241022732425
6542.9			1.093249228532118
6543.8			1.0779301405808277
6544.700000000001			1.054684241397708
6545.6			1.0353035113223839
6546.5			1.0396634450482298
6547.4			1.059898104148136
6548.3			1.0701211934861303
6549.200000000001			1.0675238201609267
6550.1			1.0634495197773621
6551.0			1.061028225575804
6551.9			1.0562753701408485
6552.8			1.0470958320141417
6553.700000000001			1.034004600299888
6554.6			1.0166795515171192
6555.5			1.0006318689811433
6556.4			0.9866316825793361
6557.3			0.9598043292774399
6558.200000000001			0.9133924128521721
6559.1			0.8628945254749754
6560.0			0.8132122220101996
6560.9			0.7286531829656068
6561.8			0.6062816295840595
6562.700000000001			0.5397556371589152
6563.6			0.6068715658565265
6564.5			0.7543978680832708
6565.4			0.8771302960366264
6566.3			0.9381806977639648
6567.200000000001			0.9593748593981972
6568.1			0.9658713747648051
6569.0			0.9755904842783129
6569.9			0.9951711374464817
6570.8			1.0159746832883563
6571.700000000001			1.0301804567723807
6572.6			1.0338462794492744
6573.5			1.0317940086058708
6574.4			1.035407325280914
6575.3			1.0490378059374537
6576.200000000001			1.064782600567226
6577.1			1.0704970028240752
6578.0			1.0668050664747564
6578.9			1.0607076810777796
6579.8			1.0560871854495346
6580.700000000001			1.0556491593930506
6581.6			1.0572930360588988
6582.5			1.0591859932439291
6583.4			1.059243312463661
6584.3			1.0512939790056472
6585.200000000001			1.0321207287861578
6586.1			1.0086615831071213
6587.0			1.0008702494830537
6587.9			1.017837791802899
6588.8			1.0412675479672202
6589.700000000001			1.05163506146654
6590.6			1.0381045747031072
6591.5			1.0010379091967425
6592.4			0.9659846973875873
6593.3			0.9671482069002268
6594.200000000001			1.0020815911024017
6595.1			1.0318774301027507
6596.0			1.037943436588943
6596.9			1.033711152281849
6597.8			1.0335253740943797
6598.700000000001			1.0407254797164855
6599.6			1.0477004277129498
6600.5			1.049104423175883
6601.4			1.043295055605526
6602.3			1.0211996220617614
6603.200000000001			0.9792043279533176
6604.1			0.9413049467181854
6605.0			0.9373212458649749
6605.9			0.9592491881106846
6606.8			0.9829618887894771
6607.700000000001			1.0024356272155683
6608.6			1.015739359893292
6609.5			1.0244575937801443
6610.4			1.0299325683934843
6611.3			1.0234752080909721
6612.200000000001			1.0044209857630135
6613.1			0.98850065890508
6614.0			0.9929470641987477
6614.9			1.0118305300381558
6615.8			1.0249062361758963
6616.700000000001			1.0268878800894328
6617.6			1.02540213477971
6618.5			1.0264324538150316
6619.4			1.0278035881728629
6620.3			1.0279992888657346
6621.200000000001			1.0281421049599229
6622.1			1.0251911801542164
6623.0			1.0209209307711735
6623.9			1.019131823015634
6624.8			1.0170384093881142
6625.700000000001			1.0123011211401882
6626.6			1.0077310117815603
6627.5			1.0085441905677095
6628.4			1.012895536415904
6629.3			1.0136859779494098
6630.200000000001			1.011225276102106
6631.1			1.0044440612554666
6632.0			0.990433664722352
6632.9			0.9755743403841157
6633.8			0.9719456140493341
6634.700000000001			0.982079175814309
6635.6			0.9936023377318813
6636.5			0.9990583239545344
6637.4			1.0004556366000565
6638.3			1.000334712807939
6639.200000000001			1.0
6640.1			1.0
6641.0			1.0
6641.9			1.0
6642.8			1.0
6643.700000000001			1.0
6644.6			1.0
6645.5			1.0
6646.4			1.0
6647.3			1.0
6648.200000000001			1.0
6649.1			1.0
6650.0			1.0
6650.9			1.0
6651.8			1.0
6652.700000000001			1.0
6653.6			1.0
6654.5			1.0
6655.4			1.0
6656.3			1.0
6657.200000000001			1.0
6658.1			1.0
6659.0			1.0
6659.9			1.0
6660.8			1.0
6661.700000000001			1.0
6662.6			1.0
6663.5			1.0
6664.4			1.0
6665.3			1.0
6666.200000000001			1.0
6667.1			1.0
6668.0			1.0
6668.9			1.0
6669.8			1.0
6670.700000000001			1.0
6671.6			1.0
6672.5			1.0
6673.4			1.0
6674.3			1.0
6675.200000000001			1.0
6676.1			1.0
6677.0			1.0
6677.9			1.0
6678.8			1.0
6679.700000000001			1.0
6680.6			1.0
6681.5			1.0
6682.4			1.0
6683.3			1.0
6684.200000000001			1.0
6685.1			1.0
6686.0			1.0
6686.9			1.0
6687.8			1.0
6688.700000000001			1.0
6689.6			1.0
6690.5			1.0
6691.4			1.0
6692.3			1.0
6693.200000000001			1.0
6694.1			1.0
6695.0			1.0
6695.9			1.0
6696.8			1.0
6697.700000000001			1.0
6698.6			1.0
6699.5			1.0
6700.4			1.0
6701.3			1.0
6702.200000000001			1.0
6703.1			1.0
6704.0			1.0
6704.9			1.0
6705.8			1.0
6706.700000000001			1.0
6707.6			1.0
6708.5			1.0
6709.4			1.0
6710.3			1.0
6711.200000000001			1.0
6712.1			1.0
6713.0			1.0
6713.9			1.0
6714.8			1.0
6715.700000000001			1.0
6716.6			1.0
6717.5			1.0
6718.4			1.0
6719.3			1.0
6720.200000000001			1.0
6721.1			1.0
6722.0			1.0
6722.9			1.0
6723.8			1.0
6724.700000000001			1.0
6725.6			1.0
6726.5			1.0
6727.4			1.0
6728.3			1.0
6729.200000000001			1.0
6730.1			1.0
6731.0			1.0
6731.9			1.0
6732.8			1.0
6733.700000000001			1.0
6734.6			1.0
6735.5			1.0
6736.4			1.0
6737.3			1.0
6738.200000000001			1.0
6739.1			1.0
6740.0			1.0
6740.9			1.0
6741.8			1.0
6742.700000000001			1.0
6743.6			1.0
6744.5			1.0
6745.4			1.0
6746.3			1.0
6747.200000000001			1.0
6748.1			1.0
6749.0			1.0
6749.9			1.0
6750.8			1.0
6751.700000000001			1.0
6752.6			1.0
6753.5			1.0
6754.4			1.0
6755.3			1.0
6756.200000000001			1.0
6757.1			1.0
6758.0			1.0
6758.9			1.0
6759.8			1.0
6760.700000000001			1.0
6761.6			1.0
6762.5			1.0
6763.4			1.0
6764.3			1.0
6765.200000000001			1.0
6766.1			1.0
6767.0			1.0
6767.9			1.0
6768.8			1.0
6769.700000000001			1.0
6770.6			1.0
6771.5			1.0
6772.4			1.0
6773.3			1.0
6774.200000000001			1.0
6775.1			1.0
6776.0			1.0
6776.9			1.0
6777.8			1.0
6778.700000000001			1.0
6779.6			1.0
6780.5			1.0
6781.4			1.0
6782.3			1.0
6783.200000000001			1.0
6784.1			1.0
6785.0			1.0
6785.9			1.0
6786.8			1.0
6787.700000000001			1.0
6788.6			1.0
6789.5			1.0
6790.4			1.0
6791.3			1.0
6792.200000000001			1.0
6793.1			1.0
6794.0			1.0
6794.9			1.0
6795.8			1.0
6796.700000000001			1.0
6797.6			1.0
6798.5			1.0
6799.4			1.0
6800.3			1.0
6801.200000000001			1.0
6802.1			1.0
6803.0			1.0
6803.9			1.0
6804.8			1.0
6805.700000000001			1.0
6806.6			1.0
6807.5			1.0
6808.4			1.0
6809.3			1.0
6810.200000000001			1.0
6811.1			1.0
6812.0			1.0
6812.9			1.0
6813.8			1.0
6814.700000000001			1.0
6815.6			1.0
6816.5			1.0
6817.4			1.0
6818.3			1.0
6819.200000000001			1.0
6820.1			1.0
6821.0			1.0
6821.9			1.0
6822.8			1.0
6823.700000000001			1.0
6824.6			1.0
6825.5			1.0
6826.4			1.0
6827.3			1.0
6828.200000000001			1.0
6829.1			1.0
6830.0			1.0
6830.9			1.0
6831.8			1.0
6832.700000000001			1.0
6833.6			1.0
6834.5			1.0
6835.4			1.0
6836.3			1.0
6837.200000000001			1.0
6838.1			1.0
6839.0			1.0
6839.9			1.0
6840.8			1.0
6841.700000000001			1.0
6842.6			1.0
6843.5			1.0
6844.4			1.0
6845.3			1.0
6846.200000000001			1.0
6847.1			1.0
6848.0			1.0
6848.9			1.0
6849.8			1.0
6850.700000000001			1.0
6851.6			1.0
6852.5			1.0
6853.4			1.0
6854.3			1.0
6855.200000000001			1.0
6856.1			1.0
6857.0			1.0
6857.9			1.0
6858.8			1.0
6859.700000000001			1.0
6860.6			1.0
6861.5			1.0
6862.4			1.0
6863.3			1.0
6864.200000000001			1.0
6865.1			1.0
6866.0			1.0
6866.9			1.0
6867.8			1.0
6868.700000000001			1.0
6869.6			1.0
6870.5			1.0
6871.4			1.0
6872.3			1.0
6873.200000000001			1.0
6874.1			1.0
6875.0			1.0
6875.9			1.0
6876.8			1.0
6877.700000000001			1.0
6878.6			1.0
6879.5			1.0
6880.4			1.0
6881.3			1.0
6882.200000000001			1.0
6883.1			1.0
6884.0			1.0
6884.9			1.0
6885.8			1.0
6886.700000000001			1.0
6887.6			1.0
6888.5			1.0
6889.4			1.0
6890.3			1.0
6891.200000000001			1.0
6892.1			1.0
6893.0			1.0
6893.9			1.0
6894.8			1.0
6895.700000000001			1.0
6896.6			1.0
6897.5			1.0
6898.4			1.0
6899.3			1.0
6900.200000000001			1.0
6901.1			1.0
6902.0			1.0
6902.9			1.0
6903.8			1.0
6904.700000000001			1.0
6905.6			1.0
6906.5			1.0
6907.4			1.0
6908.3			1.0
6909.200000000001			1.0
6910.1			1.0
6911.0			1.0
6911.9			1.0
6912.8			1.0
6913.700000000001			1.0
6914.6			1.0
6915.5			1.0
6916.4			1.0
6917.3			1.0
6918.200000000001			1.0
6919.1			1.0
6920.0			1.0
6920.9			1.0
6921.8			1.0
6922.700000000001			1.0
6923.6			1.0
6924.5			1.0
6925.4			1.0
6926.3			1.0
6927.200000000001			1.0
6928.1			1.0
6929.0			1.0
6929.9			1.0
6930.8			1.0
6931.700000000001			1.0
6932.6			1.0
6933.5			1.0
6934.4			1.0
6935.3			1.0
6936.200000000001			1.0
6937.1			1.0
6938.0			1.0
6938.9			1.0
6939.8			1.0
6940.700000000001			1.0
6941.6			1.0
6942.5			1.0
6943.4			1.0
6944.3			1.0
6945.200000000001			1.0
6946.1			1.0
6947.0			1.0
6947.9			1.0
6948.8			1.0
6949.700000000001			1.0
6950.6			1.0
6951.5			1.0
6952.4			1.0
6953.3			1.0
6954.200000000001			1.0
6955.1			1.0
6956.0			1.0
6956.9			1.0
6957.8			1.0
6958.700000000001			1.0
6959.6			1.0
6960.5			1.0
6961.4			1.0
6962.3			1.0
6963.200000000001			1.0
6964.1			1.0
6965.0			1.0
6965.9			1.0
6966.8			1.0
6967.700000000001			1.0
6968.6			1.0
6969.5			1.0
6970.4			1.0
6971.3			1.0
6972.200000000001			1.0
6973.1			1.0
6974.0			1.0
6974.9			1.0
6975.8			1.0
6976.700000000001			1.0
6977.6			1.0
6978.5			1.0
6979.4			1.0
6980.3			1.0
6981.200000000001			1.0
6982.1			1.0
6983.0			1.0
6983.9			1.0
6984.8			1.0
6985.700000000001			1.0
6986.6			1.0
6987.5			1.0
6988.4			1.0
6989.3			1.0
6990.200000000001			1.0
6991.1			1.0
6992.0			1.0
6992.9			1.0
6993.8			1.0
6994.700000000001			1.0
6995.6			1.0
6996.5			1.0
6997.4			1.0
6998.3			1.0
6999.200000000001			1.0
7000.1			1.0
7001.0			1.0
7001.9			1.0
7002.8			1.0
7003.700000000001			1.0
7004.6			1.0
7005.5			1.0
7006.4			1.0
7007.3			1.0
7008.200000000001			1.0
7009.1			1.0
7010.0			1.0
7010.9			1.0
7011.8			1.0
7012.700000000001			1.0
7013.6			1.0
7014.5			1.0
7015.4			1.0
7016.3			1.0
7017.200000000001			1.0
7018.1			1.0
7019.0			1.0
7019.9			1.0
7020.8			1.0
7021.700000000001			1.0
7022.6			1.0
7023.5			1.0
7024.4			1.0
7025.3			1.0
7026.200000000001			1.0
7027.1			1.0
7028.0			1.0
7028.9			1.0
7029.8			1.0
7030.700000000001			1.0
7031.6			1.0
7032.5			1.0
7033.4			1.0
7034.3			1.0
7035.200000000001			1.0
7036.1			1.0
7037.0			1.0
7037.9			1.0
7038.8			1.0
7039.700000000001			1.0
7040.6			1.0
7041.5			1.0
7042.4			1.0
7043.3			1.0
7044.200000000001			1.0
7045.1			1.0
7046.0			1.0
7046.9			1.0
7047.8			1.0
7048.700000000001			1.0
7049.6			1.0
7050.5			1.0
7051.4			1.0
7052.3			1.0
7053.200000000001			1.0
7054.1			1.0
7055.0			1.0
7055.9			1.0
7056.8			1.0
7057.700000000001			1.0
7058.6			1.0
7059.5			1.0
7060.4			1.0
7061.3			1.0
7062.200000000001			1.0
7063.1			1.0
7064.0			1.0
7064.9			1.0
7065.8			1.0
7066.700000000001			1.0
7067.6			1.0
7068.5			1.0
7069.4			1.0
7070.3			1.0
7071.200000000001			1.0
7072.1			1.0
7073.0			1.0
7073.9			1.0
7074.8			1.0
7075.700000000001			1.0
7076.6			1.0
7077.5			1.0
7078.4			1.0
7079.3			1.0
7080.200000000001			1.0
7081.1			1.0
7082.0			1.0
7082.9			1.0
7083.8			1.0
7084.700000000001			1.0
7085.6			1.0
7086.5			1.0
7087.4			1.0
7088.3			1.0
7089.200000000001			1.0
7090.1			1.0
7091.0			1.0
7091.9			1.0
7092.8			1.0
7093.700000000001			1.0
7094.6			1.0
7095.5			1.0
7096.4			1.0
7097.3			1.0
7098.200000000001			1.0
7099.1			1.0
7100.0			1.0
7100.9			1.0
7101.8			1.0
7102.700000000001			1.0
7103.6			1.0
7104.5			1.0
7105.4			1.0
7106.3			1.0
7107.200000000001			1.0
7108.1			1.0
7109.0			1.0
7109.9			1.0
7110.8			1.0
7111.700000000001			1.0
7112.6			1.0
7113.5			1.0
7114.4			1.0
7115.3			1.0
7116.200000000001			1.0
7117.1			1.0
7118.0			1.0
7118.9			1.0
7119.8			1.0
7120.700000000001			1.0
7121.6			1.0
7122.5			1.0
7123.4			1.0
7124.3			1.0
7125.200000000001			1.0
7126.1			1.0
7127.0			1.0
7127.9			1.0
7128.8			1.0
7129.700000000001			1.0
7130.6			1.0
7131.5			1.0
7132.4			1.0
7133.3			1.0
7134.200000000001			1.0
7135.1			1.0
7136.0			1.0
7136.9			1.0
7137.8			1.0
7138.700000000001			1.0
7139.6			1.0
7140.5			1.0
7141.4			1.0
7142.3			1.0
7143.200000000001			1.0
7144.1			1.0
7145.0			1.0
7145.9			1.0
7146.8			1.0
7147.700000000001			1.0
7148.6			1.0
7149.5			1.0
7150.4			1.0
7151.3			1.0
7152.200000000001			1.0
7153.1			1.0
7154.0			1.0
7154.9			1.0
7155.8			1.0
7156.700000000001			1.0
7157.6			1.0
7158.5			1.0
7159.4			1.0
7160.3			1.0
7161.200000000001			1.0
7162.1			1.0
7163.0			1.0
7163.9			1.0
7164.8			1.0
7165.700000000001			1.0
7166.6			1.0
7167.5			1.0
7168.4			1.0
7169.3			1.0
7170.200000000001			1.0
7171.1			1.0
7172.0			1.0
7172.9			1.0
7173.8			1.0
7174.700000000001			1.0
7175.6			1.0
7176.5			1.0
7177.4			1.0
7178.3			1.0
7179.200000000001			1.0
7180.1			1.0
7181.0			1.0
7181.9			1.0
7182.8			1.0
7183.700000000001			1.0
7184.6			1.0
7185.5			1.0
7186.4			1.0
7187.3			1.0
7188.200000000001			1.0
7189.1			1.0
7190.0			1.0
7190.9			1.0
7191.8			1.0
7192.700000000001			1.0
7193.6			1.0
7194.5			1.0
7195.4			1.0
7196.3			1.0
7197.200000000001			1.0
7198.1			1.0
7199.0			1.0
7199.9			1.0
7200.8			1.0
7201.700000000001			1.0
7202.6			1.0
7203.5			1.0
7204.4			1.0
7205.3			1.0
7206.200000000001			1.0
7207.1			1.0
7208.0			1.0
7208.9			1.0
7209.8			1.0
7210.700000000001			1.0
7211.6			1.0
7212.5			1.0
7213.4			1.0
7214.3			1.0
7215.200000000001			1.0
7216.1			1.0
7217.0			1.0
7217.9			1.0
7218.8			1.0
7219.700000000001			1.0
7220.6			1.0
7221.5			1.0
7222.4			1.0
7223.3			1.0
7224.200000000001			1.0
7225.1			1.0
7226.0			1.0
7226.9			1.0
7227.8			1.0
7228.700000000001			1.0
7229.6			1.0
7230.5			1.0
7231.4			1.0
7232.3			1.0
7233.200000000001			1.0
7234.1			1.0
7235.0			1.0
7235.9			1.0
7236.8			1.0
7237.700000000001			1.0
7238.6			1.0
7239.5			1.0
7240.4			1.0
7241.3			1.0
7242.200000000001			1.0
7243.1			1.0
7244.0			1.0
7244.9			1.0
7245.8			1.0
7246.700000000001			1.0
7247.6			1.0
7248.5			1.0
7249.4			1.0
7250.3			1.0
7251.200000000001			1.0
7252.1			1.0
7253.0			1.0
7253.9			1.0
7254.8			1.0
7255.700000000001			1.0
7256.6			1.0
7257.5			1.0
7258.4			1.0
7259.3			1.0
7260.200000000001			1.0
7261.1			1.0
7262.0			1.0
7262.9			1.0
7263.8			1.0
7264.700000000001			1.0
7265.6			1.0
7266.5			1.0
7267.4			1.0
7268.3			1.0
7269.200000000001			1.0
7270.1			1.0
7271.0			1.0
7271.9			1.0
7272.8			1.0
7273.700000000001			1.0
7274.6			1.0
7275.5			1.0
7276.4			1.0
7277.3			1.0
7278.200000000001			1.0
7279.1			1.0
7280.0			1.0
7280.9			1.0
7281.8			1.0
7282.700000000001			1.0
7283.6			1.0
7284.5			1.0
7285.4			1.0
7286.3			1.0
7287.200000000001			1.0
7288.1			1.0
7289.0			1.0
7289.9			1.0
7290.8			1.0
7291.700000000001			1.0
7292.6			1.0
7293.5			1.0
7294.4			1.0
7295.3			1.0
7296.200000000001			1.0
7297.1			1.0
7298.0			1.0
7298.9			1.0
7299.8			1.0
7300.700000000001			1.0
7301.6			1.0
7302.5			1.0
7303.4			1.0
7304.3			1.0
7305.200000000001			1.0
7306.1			1.0
7307.0			1.0
7307.9			1.0
7308.8			1.0
7309.700000000001			1.0
7310.6			1.0
7311.5			1.0
7312.4			1.0
7313.3			1.0
7314.200000000001			1.0
7315.1			1.0
7316.0			1.0
7316.9			1.0
7317.8			1.0
7318.700000000001			1.0
7319.6			1.0
7320.5			1.0
7321.4			1.0
7322.3			1.0
7323.200000000001			1.0
7324.1			1.0
7325.0			1.0
7325.9			1.0
7326.8			1.0
7327.700000000001			1.0
7328.6			1.0
7329.5			1.0
7330.4			1.0
7331.3			1.0
7332.200000000001			1.0
7333.1			1.0
7334.0			1.0
7334.9			1.0
7335.8			1.0
7336.700000000001			1.0
7337.6			1.0
7338.5			1.0
7339.4			1.0
7340.3			1.0
7341.200000000001			1.0
7342.1			1.0
7343.0			1.0
7343.9			1.0
7344.8			1.0
7345.700000000001			1.0
7346.6			1.0
7347.5			1.0
7348.4			1.0
7349.3			1.0
7350.200000000001			1.0
7351.1			1.0
7352.0			1.0
7352.9			1.0
7353.8			1.0
7354.700000000001			1.0
7355.6			1.0
7356.5			1.0
7357.4			1.0
7358.3			1.0
7359.200000000001			1.0
7360.1			1.0
7361.0			1.0
7361.9			1.0
7362.8			1.0
7363.700000000001			1.0
7364.6			1.0
7365.5			1.0
7366.4			1.0
7367.3			1.0
7368.200000000001			1.0
7369.1			1.0
7370.0			1.0
7370.9			1.0
7371.8			1.0
7372.700000000001			1.0
7373.6			1.0
7374.5			1.0
7375.4			1.0
7376.3			1.0
7377.200000000001			1.0
7378.1			1.0
7379.0			1.0
7379.9			1.0
7380.8			1.0
7381.700000000001			1.0
7382.6			1.0
7383.5			1.0
7384.4			1.0
7385.3			1.0
7386.200000000001			1.0
7387.1			1.0
7388.0			1.0
7388.9			1.0
7389.8			1.0
7390.700000000001			1.0
7391.6			1.0
7392.5			1.0
7393.4			1.0
7394.3			1.0
7395.200000000001			1.0
7396.1			1.0
7397.0			1.0
7397.9			1.0
7398.8			1.0
7399.700000000001			1.0
7400.6			1.0
7401.5			1.0
7402.4			1.0
7403.3			1.0
7404.200000000001			1.0
7405.1			1.0
7406.0			1.0
7406.9			1.0
7407.8			1.0
7408.700000000001			1.0
7409.6			1.0
7410.5			1.0
7411.4			1.0
7412.3			1.0
7413.200000000001			1.0
7414.1			1.0
7415.0			1.0
7415.9			1.0
7416.8			1.0
7417.700000000001			1.0
7418.6			1.0
7419.5			1.0
7420.4			1.0
7421.3			1.0
7422.200000000001			1.0
7423.1			1.0
7424.0			1.0
7424.9			1.0
7425.8			1.0
7426.700000000001			1.0
7427.6			1.0
7428.5			1.0
7429.4			1.0
