3500.0			1.0
3500.9			1.0
3501.8			1.0
3502.7			1.0
3503.6			1.0
3504.5			1.0
3505.4			1.0
3506.3			1.0
3507.2			1.0
3508.1			1.0
3509.0			1.0
3509.9			1.0
3510.8			1.0
3511.7			1.0
3512.6			1.0
3513.5			1.0
3514.4			1.0
3515.3			1.0
3516.2			1.0
3517.1			1.0
3518.0			1.0
3518.9			1.0
3519.8			1.0
3520.7			1.0
3521.6			1.0
3522.5			1.0
3523.4			1.0
3524.3			1.0
3525.2			1.0
3526.1			1.0
3527.0			1.0
3527.9			1.0
3528.8			1.0
3529.7			1.0
3530.6			1.0
3531.5			1.0
3532.4			1.0
3533.3			1.0
3534.2			1.0
3535.1			1.0
3536.0			1.0
3536.9			1.0
3537.8			1.0
3538.7			1.0
3539.6			1.0
3540.5			1.0
3541.4			1.0
3542.3			1.0
3543.2			1.0
3544.1			1.0
3545.0			1.0
3545.9			1.0
3546.8			1.0
3547.7			1.0
3548.6			1.0
3549.5			1.0
3550.4			1.0
3551.3			1.0
3552.2			1.0
3553.1			1.0
3554.0			1.0
3554.9			1.0
3555.8			1.0
3556.7			1.0
3557.6			1.0
3558.5			1.0
3559.4			1.0
3560.3			1.0
3561.2			1.0
3562.1			1.0
3563.0			1.0
3563.9			1.0
3564.8			1.0
3565.7			1.0
3566.6			1.0
3567.5			1.0
3568.4			1.0
3569.3			1.0
3570.2			1.0
3571.1			1.0
3572.0			1.0
3572.9			1.0
3573.8			1.0
3574.7			1.0
3575.6			1.0
3576.5			1.0
3577.4			1.0
3578.3			1.0
3579.2			1.0
3580.1			1.0
3581.0			1.0
3581.9			1.0
3582.8			1.0
3583.7			1.0
3584.6			1.0
3585.5			1.0
3586.4			1.0
3587.3			1.0
3588.2			1.0
3589.1			1.0
3590.0			1.0
3590.9			1.0
3591.8			1.0
3592.7			1.0
3593.6			1.0
3594.5			1.0
3595.4			1.0
3596.3			1.0
3597.2			1.0
3598.1			1.0
3599.0			1.0
3599.9			1.0
3600.8			1.0
3601.7			1.0
3602.6			1.0
3603.5			1.0
3604.4			1.0
3605.3			1.0
3606.2			1.0
3607.1			1.0
3608.0			1.0
3608.9			1.0
3609.8			1.0
3610.7			1.0
3611.6			1.0
3612.5			1.0
3613.4			1.0
3614.3			1.0
3615.2			1.0
3616.1			1.0
3617.0			1.0
3617.9			1.0
3618.8			1.0
3619.7			1.0
3620.6			1.0
3621.5			1.0
3622.4			1.0
3623.3			1.0
3624.2			1.0
3625.1			1.0
3626.0			1.0
3626.9			1.0
3627.8			1.0
3628.7			1.0
3629.6			1.0
3630.5			1.0
3631.4			1.0
3632.3			1.0
3633.2			1.0
3634.1			1.0
3635.0			1.0
3635.9			1.0
3636.8			1.0
3637.7			1.0
3638.6			1.0
3639.5			1.0
3640.4			1.0
3641.3			1.0
3642.2			1.0
3643.1			1.0
3644.0			1.0
3644.9			1.0
3645.8			1.0
3646.7			1.0
3647.6			1.0
3648.5			1.0
3649.4			1.0
3650.3			1.0
3651.2			1.0
3652.1			1.0
3653.0			1.0
3653.9			1.0
3654.8			1.0
3655.7			1.0
3656.6			1.0
3657.5			1.0
3658.4			1.0
3659.3			1.0
3660.2			1.0
3661.1			1.0
3662.0			1.0
3662.9			1.0
3663.8			1.0
3664.7			1.0
3665.6			1.0
3666.5			1.0
3667.4			1.0
3668.3			1.0
3669.2			1.0
3670.1			1.0
3671.0			1.0
3671.9			1.0
3672.8			1.0
3673.7			1.0
3674.6			1.0
3675.5			1.0
3676.4			1.0
3677.3			1.0
3678.2			1.0
3679.1			1.0
3680.0			1.0
3680.9			1.0
3681.8			1.0
3682.7			1.0
3683.6			1.0
3684.5			1.0
3685.4			1.0
3686.3			1.0
3687.2			1.0
3688.1			1.0
3689.0			1.0
3689.9			1.0
3690.8			1.0
3691.7			1.0
3692.6			1.0
3693.5			1.0
3694.4			1.0
3695.3			1.0
3696.2			1.0
3697.1			1.0
3698.0			1.0
3698.9			1.0
3699.8			1.0
3700.7			1.0
3701.6			1.0
3702.5			1.0
3703.4			1.0
3704.3			1.0
3705.2			1.0
3706.1			1.0
3707.0			1.0
3707.9			1.0
3708.8			1.0
3709.7			1.0
3710.6			1.0
3711.5			1.0
3712.4			1.0
3713.3			1.0
3714.2			1.0
3715.1			1.0
3716.0			1.0
3716.9			1.0
3717.8			1.0
3718.7			1.0
3719.6			1.0
3720.5			1.0
3721.4			1.0
3722.3			1.0
3723.2			1.0
3724.1			1.0
3725.0			1.0
3725.9			1.0
3726.8			1.0
3727.7			1.0
3728.6			1.0
3729.5			1.0
3730.4			1.0
3731.3			1.0
3732.2			1.0
3733.1			1.0
3734.0			1.0
3734.9			1.0
3735.8			1.0
3736.7			1.0
3737.6			1.0
3738.5			1.0
3739.4			1.0
3740.3			1.0
3741.2			1.0
3742.1			1.0
3743.0			1.0
3743.9			1.0
3744.8			1.0
3745.7			1.0
3746.6			1.0
3747.5			1.0
3748.4			1.0
3749.3			1.0
3750.2			1.0
3751.1			1.0
3752.0			1.0
3752.9			1.0
3753.8			1.0
3754.7			1.0
3755.6			1.0
3756.5			1.0
3757.4			1.0
3758.3			1.0
3759.2			1.0
3760.1			1.0
3761.0			1.0
3761.9			1.0
3762.8			1.0
3763.7			1.0
3764.6			1.0
3765.5			1.0
3766.4			1.0
3767.3			1.0
3768.2			1.0
3769.1			1.0
3770.0			1.0
3770.9			1.0
3771.8			1.0
3772.7			1.0
3773.6			1.0
3774.5			1.0
3775.4			1.0
3776.3			1.0
3777.2			1.0
3778.1			1.0
3779.0			1.0
3779.9			1.0
3780.8			1.0
3781.7			1.0
3782.6			1.0
3783.5			1.0
3784.4			1.0
3785.3			1.0
3786.2			1.0
3787.1			1.0
3788.0			1.0
3788.9			1.0
3789.8			1.0
3790.7			1.0
3791.6			1.0
3792.5			1.0
3793.4			1.0
3794.3			1.0
3795.2			1.0
3796.1			1.0
3797.0			1.0
3797.9			1.0
3798.8			1.0
3799.7			1.0
3800.6			1.0
3801.5			1.0
3802.4			1.0
3803.3			1.0
3804.2			1.0
3805.1			1.0
3806.0			1.0
3806.9			1.0
3807.8			1.0
3808.7			1.0
3809.6			1.0
3810.5			1.0
3811.4			1.0
3812.3			1.0
3813.2			1.0
3814.1			1.0
3815.0			1.0
3815.9			1.0
3816.8			1.0
3817.7			1.0
3818.6			1.0
3819.5			1.0
3820.4			1.0
3821.3			1.0
3822.2			1.0
3823.1			1.0
3824.0			1.0
3824.9			1.0
3825.8			1.0
3826.7			1.0
3827.6			1.0
3828.5			1.0
3829.4			1.0
3830.3			1.0
3831.2			1.0
3832.1			1.0
3833.0			1.0
3833.9			1.0
3834.8			1.0
3835.7			1.0
3836.6			1.0
3837.5			1.0
3838.4			1.0
3839.3			1.0
3840.2			1.0
3841.1			1.0
3842.0			1.0
3842.9			1.0
3843.8			1.0
3844.7			1.0
3845.6			1.0
3846.5			1.0
3847.4			1.0
3848.3			1.0
3849.2			1.0
3850.1			1.0
3851.0			1.0
3851.9			1.0
3852.8			1.0
3853.7			1.0
3854.6			1.0
3855.5			1.0
3856.4			1.0
3857.3			1.0
3858.2			1.0
3859.1			1.0
3860.0			1.0
3860.9			1.0
3861.8			1.0
3862.7			1.0
3863.6			1.0
3864.5			1.0
3865.4			1.0
3866.3			1.0
3867.2			1.0
3868.1			1.0
3869.0			1.0
3869.9			1.0
3870.8			1.0
3871.7			1.0
3872.6			1.0
3873.5			1.0
3874.4			1.0
3875.3			1.0
3876.2			1.0
3877.1			1.0
3878.0			1.0
3878.9			1.0
3879.8			1.0
3880.7			1.0
3881.6			1.0
3882.5			1.0
3883.4			1.0
3884.3			1.0
3885.2			1.0
3886.1			1.0
3887.0			1.0
3887.9			1.0
3888.8			1.0
3889.7			1.0
3890.6			1.0
3891.5			1.0
3892.4			1.0
3893.3			1.0
3894.2			1.0
3895.1			1.0
3896.0			1.0
3896.9			1.0
3897.8			1.0
3898.7			1.0
3899.6			1.0
3900.5			1.0
3901.4			1.0
3902.3			1.0
3903.2			1.0
3904.1			1.0
3905.0			1.0
3905.9			1.0
3906.8			1.0
3907.7			1.0
3908.6			1.0
3909.5			1.0
3910.4			1.0
3911.3			1.0
3912.2			1.0
3913.1			1.0
3914.0			1.0
3914.9			1.0
3915.8			1.0
3916.7			1.0
3917.6			1.0
3918.5			1.0
3919.4			1.0
3920.3			1.0
3921.2			1.0
3922.1			1.0
3923.0			1.0
3923.9			1.0
3924.8			1.0
3925.7			1.0
3926.6			1.0
3927.5			1.0
3928.4			1.0
3929.3			1.0
3930.2			1.0
3931.1			1.0
3932.0			1.0
3932.9			1.0
3933.8			1.0
3934.7			1.0
3935.6			1.0
3936.5			1.0
3937.4			1.0
3938.3			1.0
3939.2			1.0
3940.1			1.0
3941.0			1.0
3941.9			1.0
3942.8			1.0
3943.7			1.0
3944.6			1.0
3945.5			1.0
3946.4			1.0
3947.3			1.0
3948.2			1.0
3949.1			1.0
3950.0			1.0
3950.9			1.0
3951.8			1.0
3952.7			1.0
3953.6			1.0
3954.5			1.0
3955.4			1.0
3956.3			1.0
3957.2			1.0
3958.1			1.0
3959.0			1.0
3959.9			1.0
3960.8			1.0
3961.7			1.0
3962.6			1.0
3963.5			1.0
3964.4			1.0
3965.3			1.0
3966.2			1.0
3967.1			1.0
3968.0			1.0
3968.9			1.0
3969.8			1.0
3970.7			1.0
3971.6			1.0
3972.5			1.0
3973.4			1.0
3974.3			1.0
3975.2			1.0
3976.1			1.0
3977.0			1.0
3977.9			1.0
3978.8			1.0
3979.7			1.0
3980.6			1.0
3981.5			1.0
3982.4			1.0
3983.3			1.0
3984.2			1.0
3985.1			1.0
3986.0			1.0
3986.9			1.0
3987.8			1.0
3988.7			1.0
3989.6			1.0
3990.5			1.0
3991.4			1.0
3992.3			1.0
3993.2			1.0
3994.1			1.0
3995.0			1.0
3995.9			1.0
3996.8			1.0
3997.7			1.0
3998.6			1.0
3999.5			1.0
4000.4			1.0
4001.3			1.0
4002.2			1.0
4003.1			1.037957847895862
4004.0			0.9655487055422106
4004.9			0.8159869797919425
4005.8			0.7722765481790207
4006.7			0.8627720383277565
4007.6			0.9639629181568727
4008.5			1.003832084450782
4009.4			1.0
4010.3			1.0
4011.2			1.0
4012.1			1.0
4013.0			1.0
4013.9			1.0
4014.8			1.0
4015.7			1.0
4016.6			1.0
4017.5			1.0
4018.4			1.0
4019.3			1.0
4020.2			1.0
4021.1			1.0
4022.0			1.0
4022.9			1.0
4023.8			1.0
4024.7			1.0
4025.6			1.0
4026.5			1.0
4027.4			1.0247413236262193
4028.3			1.0344372599766574
4029.2			0.9891854162346789
4030.1			0.8703502890387674
4031.0			0.7954753210319284
4031.9			0.7784343985917791
4032.8			0.7620279233050425
4033.7			0.7809433216802706
4034.6			0.8235860207201084
4035.5			0.8735061443156085
4036.4			0.9395727838426604
4037.3			0.9899513126378728
4038.2			0.9967547464174065
4039.1			1.0
4040.0			1.0
4040.9			1.0
4041.8			1.0
4042.7			1.0429861189447418
4043.6			0.9411410347242296
4044.5			0.7438114561428394
4045.4			0.6034002298517591
4046.3			0.6712564559587056
4047.2			0.8840990758782545
4048.1			1.0028100751046785
4049.0			1.0
4049.9			1.0
4050.8			1.0
4051.7			1.0
4052.6			1.0
4053.5			1.0
4054.4			1.0
4055.3			1.0
4056.2			1.0
4057.1			1.0
4058.0			1.0
4058.9			1.0
4059.8			1.0
4060.7			1.0555160779761348
4061.6			0.9923043763107471
4062.5			0.8622213679014094
4063.4			0.7605145750322201
4064.3			0.8138480203505375
4065.2			0.9530316799674038
4066.1			0.9932364467084228
4067.0			1.0
4067.9			1.0
4068.8			1.0
4069.7			1.0
4070.6			1.0
4071.5			1.0
4072.4			1.0
4073.3			1.0
4074.2			1.0331312407703004
4075.1			0.9746685139886612
4076.0			0.8792082701794329
4076.9			0.8004020842451438
4077.8			0.8081244986481789
4078.7			0.8912147222805734
4079.6			0.9965833194554781
4080.5			1.0
4081.4			1.0
4082.3			1.0
4083.2			1.0
4084.1			1.0
4085.0			1.0
4085.9			1.0
4086.8			1.0
4087.7			1.0
4088.6			1.0
4089.5			1.0
4090.4			1.0
4091.3			1.0
4092.2			1.0
4093.1			1.0
4094.0			1.0
4094.9			1.0
4095.8			0.9281960352000683
4096.7			0.9019433778907873
4097.6			0.9053521329339251
4098.5			0.9051707135675674
4099.4			0.8642235148812436
4100.3			0.7532354570909361
4101.2			0.6441802646753264
4102.1			0.6517961396179349
4103.0			0.7530706021322399
4103.9			0.8415195024392382
4104.8			0.9093809746895083
4105.7			0.9723491065475071
4106.6			0.9997802966814643
4107.5			1.0
4108.4			1.0
4109.3			1.0
4110.2			1.0
4111.1			1.0
4112.0			1.0
4112.9			1.0
4113.8			1.0
4114.7			1.0
4115.6			1.0
4116.5			1.0
4117.4			1.0
4118.3			1.0
4119.2			1.0
4120.1			1.0
4121.0			1.0
4121.9			1.0
4122.8			1.0
4123.7			1.0
4124.6			1.0
4125.5			1.0
4126.4			1.0
4127.3			1.0
4128.2			1.0
4129.1			1.01920862129444
4130.0			1.0288470341072111
4130.9			0.9766427535255401
4131.8			0.8780021992242761
4132.7			0.8343696923418153
4133.6			0.8577190851336365
4134.5			0.8890966606693789
4135.4			0.9682167335457343
4136.3			1.0055199832747221
4137.2			1.0
4138.1			1.0
4139.0			1.0
4139.9			1.0
4140.8			0.9884975978253299
4141.7			0.9297228257775053
4142.6			0.8260691083109264
4143.5			0.7677712124963956
4144.4			0.8295591118607132
4145.3			0.9463332495963487
4146.2			1.0026120226983044
4147.1			1.0
4148.0			1.0
4148.9			1.0
4149.8			1.0
4150.7			1.0
4151.6			1.008875057818317
4152.5			0.987403489618768
4153.4			0.9451099557199341
4154.3			0.8951190959336469
4155.2			0.8999250164646446
4156.1			0.8883045197916275
4157.0			0.8676964227670312
4157.9			0.898044341498258
4158.8			0.9354637872415366
4159.7			0.945998602624483
4160.6			0.935408147753469
4161.5			0.9498321632805886
4162.4			0.9952569050207736
4163.3			1.0
4164.2			1.0
4165.1			1.0
4166.0			0.9695028705132691
4166.9			0.9087583710927847
4167.8			0.8899490887861464
4168.7			0.9590731674367874
4169.6			1.0158481948170717
4170.5			0.9894646013875087
4171.4			0.8904519614466823
4172.3			0.8018989279962253
4173.2			0.7965638344166984
4174.1			0.8549899810099943
4175.0			0.9091029559566481
4175.9			0.9352395617233047
4176.8			0.9260299270932316
4177.7			0.9045787196452997
4178.6			0.9259609879654724
4179.5			0.978646840057992
4180.4			0.9959589117409411
4181.3			1.0
4182.2			1.0
4183.1			1.0
4184.0			1.0
4184.9			1.0
4185.8			1.0071487048710992
4186.7			0.9185318585772426
4187.6			0.854249291501243
4188.5			0.9051159201750723
4189.4			1.0
4190.3			1.0220407032966177
4191.2			0.9944799200207248
4192.1			1.0172798914847523
4193.0			1.084276259932179
4193.9			1.0821280948547094
4194.8			0.9940220185901156
4195.7			0.9151316662853991
4196.6			0.8893839709717356
4197.5			0.8544836338626962
4198.4			0.8139417172475786
4199.3			0.8468660562576291
4200.2			0.8947727615720598
4201.1			0.8739877223852471
4202.0			0.8402645322442214
4202.9			0.8757832906048594
4203.8			0.9276879493424472
4204.7			0.9598639682714791
4205.6			0.9881059855903449
4206.5			0.9989841530675748
4207.4			1.0
4208.3			1.0
4209.2			1.0
4210.1			1.0
4211.0			1.0
4211.9			1.0
4212.8			1.0
4213.7			0.9925872795017886
4214.6			0.934958691329203
4215.5			0.861387053974882
4216.4			0.8912464703436798
4217.3			0.9854997541765479
4218.2			1.0
4219.1			1.0
4220.0			1.0
4220.9			1.0
4221.8			1.0
4222.7			1.0
4223.6			0.9455086476517065
4224.5			0.8650308526032447
4225.4			0.7410121793664988
4226.3			0.6006271285312393
4227.2			0.609993867225928
4228.1			1.0
4229.0			1.2005420732083671
4229.9			1.2381955777807614
4230.8			1.254138584672044
4231.7			1.2369871730286057
4232.6			1.1401580606704063
4233.5			1.0673129833539248
4234.4			1.0750409062050246
4235.3			1.0187865327798418
4236.2			0.9414402030278707
4237.1			0.9619804338290472
4238.0			0.9958203466221635
4238.9			0.9746826011831791
4239.8			0.9667872714501953
4240.7			1.0228857862229939
4241.6			1.061895887477638
4242.5			1.0098887405145716
4243.4			0.9914542522925779
4244.3			1.0
4245.2			1.0
4246.1			1.0
4247.0			0.937925275237195
4247.9			0.9081676160108133
4248.8			0.9081240710825891
4249.7			0.8703242011302945
4250.6			0.858742314136082
4251.5			0.9750399420026226
4252.4			1.0887343328833774
4253.3			1.0693958965359776
4254.2			0.9932604786448849
4255.1			1.0
4256.0			1.0
4256.9			1.0
4257.8			0.9760934759140488
4258.7			0.8781285505566521
4259.6			0.7798184279473678
4260.5			0.7138442714987018
4261.4			0.772484940610003
4262.3			0.9098946897144112
4263.2			0.9998658863836815
4264.1			1.0
4265.0			1.0
4265.9			1.0192917089349023
4266.8			0.9947461477709569
4267.7			0.936401014934061
4268.6			0.9085846368057688
4269.5			0.8792185057396856
4270.4			0.8006630257998406
4271.3			0.7002409383183416
4272.2			0.7090521547025186
4273.1			0.8047965804645244
4274.0			0.8264359241608564
4274.9			0.8251550802091807
4275.8			0.9003824513106675
4276.7			1.001664773684381
4277.6			1.0
4278.5			1.0
4279.4			1.0
4280.3			1.0
4281.2			1.0
4282.1			1.0
4283.0			1.0
4283.9			1.0
4284.8			1.0
4285.7			1.0
4286.6			1.0
4287.5			1.0200629341238814
4288.4			0.9690642304237819
4289.3			0.8610735506333487
4290.2			0.8148118274027056
4291.1			0.8697521678060997
4292.0			1.0
4292.9			1.0575179542491258
4293.8			1.0347590511123297
4294.7			0.9946736438357333
4295.6			0.9968662206543768
4296.5			0.9716540472966617
4297.4			0.9036779161045696
4298.3			0.8112357420122834
4299.2			0.6984555220819493
4300.1			0.6619620872799505
4301.0			0.7225404041061809
4301.9			0.7589793199263133
4302.8			0.7492912876204628
4303.7			0.7619288709568144
4304.6			0.7835928215478541
4305.5			0.7861012966501955
4306.4			0.7733426651898397
4307.3			0.713443911123321
4308.2			0.6438150129345419
4309.1			0.647946055677338
4310.0			0.7080607051671916
4310.9			0.7736035187939455
4311.8			0.8299234109596854
4312.7			0.8972732540381784
4313.6			0.9713099906165856
4314.5			1.038026090539704
4315.4			1.1551649944490154
4316.3			1.2949647551501455
4317.2			1.3512884126152482
4318.1			1.3239427278943987
4319.0			1.2962288999800937
4319.9			1.2779916494188839
4320.8			1.0
4321.7			0.9796038873941403
4322.6			0.9210393750567334
4323.5			0.7938269704919961
4324.4			0.6758301201855601
4325.3			0.6059890283959092
4326.2			0.6506949846742535
4327.1			0.8038799775641047
4328.0			0.942267316527043
4328.9			0.9979100484351919
4329.8			1.0
4330.7			1.0
4331.6			1.0
4332.5			1.0
4333.4			1.0
4334.3			1.0123327847458603
4335.2			1.0218354624599275
4336.1			0.9807873939606749
4337.0			0.8663862190458923
4337.9			0.7589508325637525
4338.8			0.6922212210696965
4339.7			0.617988982156042
4340.6			0.5873079719573786
4341.5			0.6860993164550969
4342.4			0.8168576650036842
4343.3			0.8580770382741747
4344.2			0.8910034449335291
4345.1			0.9685892168994489
4346.0			1.0072934282693484
4346.9			1.0008128154194098
4347.8			1.0
4348.7			1.0
4349.6			1.027811011313672
4350.5			0.9500930620975225
4351.4			0.8193858231225154
4352.3			0.7836226639258783
4353.2			0.8898024131867539
4354.1			0.9878370942046348
4355.0			1.007517702817817
4355.9			1.0
4356.8			1.0
4357.7			1.0
4358.6			1.0
4359.5			1.0
4360.4			1.0
4361.3			1.0
4362.2			1.0
4363.1			1.0
4364.0			1.0
4364.9			1.0
4365.8			1.0
4366.7			1.0
4367.6			1.0
4368.5			1.0
4369.4			1.0
4370.3			1.0
4371.2			1.0
4372.1			1.0068493668345608
4373.0			0.982948737161467
4373.9			0.913883780882316
4374.8			0.8582682340824225
4375.7			0.8750373310778166
4376.6			0.944547559463984
4377.5			0.9998249612573117
4378.4			1.0
4379.3			1.0
4380.2			0.9871506043168542
4381.1			0.9851715283819961
4382.0			0.9161700073899574
4382.9			0.7293951116203125
4383.8			0.594598255276798
4384.7			0.6708514226994943
4385.6			0.8573537380874184
4386.5			0.9931756611144644
4387.4			1.009124545156558
4388.3			1.0
4389.2			1.0
4390.1			1.0
4391.0			1.0
4391.9			1.0
4392.8			1.0
4393.7			1.0
4394.6			1.0
4395.5			1.0
4396.4			1.0
4397.3			1.0
4398.2			1.0
4399.1			1.0
4400.0			1.0
4400.9			1.0
4401.8			1.0496808330654397
4402.7			1.0861089903984291
4403.6			0.9840396221325711
4404.5			0.846464899560317
4405.4			0.8570116839240843
4406.3			0.9736935678188408
4407.2			0.999862516599532
4408.1			1.0
4409.0			1.0
4409.9			1.0
4410.8			1.0
4411.7			1.0
4412.6			1.0337720252712064
4413.5			1.0054696106739485
4414.4			0.896000187994294
4415.3			0.8238584211439043
4416.2			0.8664467196840094
4417.1			0.9426682826093252
4418.0			0.9958163456512775
4418.9			1.0
4419.8			1.0
4420.7			1.0
4421.6			1.0
4422.5			1.0
4423.4			1.0
4424.3			1.0
4425.2			1.0
4426.1			1.0
4427.0			1.0
4427.9			1.0
4428.8			1.0
4429.7			1.0
4430.6			1.0
4431.5			1.0035854829910895
4432.4			1.020474318244491
4433.3			0.9731196963043878
4434.2			0.894080529329803
4435.1			0.8451403528884364
4436.0			0.8623480608428666
4436.9			0.9240940728833579
4437.8			0.9721587224121385
4438.7			0.9938039803256359
4439.6			1.0
4440.5			1.0
4441.4			1.0
4442.3			1.0
4443.2			1.0
4444.1			1.0
4445.0			1.0
4445.9			1.0
4446.8			0.9713732020317151
4447.7			0.9468985040552953
4448.6			0.9723581518130947
4449.5			0.9820744971185486
4450.4			0.9554429758640371
4451.3			0.9595236210762346
4452.2			0.9793788440683779
4453.1			0.9542549754995633
4454.0			0.8793646882136574
4454.9			0.8062126490580985
4455.8			0.8084983870358586
4456.7			0.8560628392964748
4457.6			0.8728373326229487
4458.5			0.8626247662537412
4459.4			0.866943723719517
4460.3			0.8804440384180957
4461.2			0.8630902540473201
4462.1			0.8714551033375754
4463.0			0.9428612115458845
4463.9			0.9965226940909054
4464.8			0.9974291856119649
4465.7			1.0
4466.6			1.0
4467.5			1.0
4468.4			1.0
4469.3			1.0
4470.2			1.0
4471.1			1.0
4472.0			1.0
4472.9			1.0
4473.8			1.0
4474.7			1.0
4475.6			1.0
4476.5			1.0
4477.4			1.0
4478.3			1.0050978029902593
4479.2			0.9566632413837938
4480.1			0.8736961114980407
4481.0			0.8157251998685572
4481.9			0.8289684302651884
4482.8			0.9031819471957773
4483.7			0.9935163943760051
4484.6			1.0
4485.5			1.0
4486.4			1.0118728372858032
4487.3			1.0006127326872298
4488.2			0.9461737495217512
4489.1			0.8979132683636835
4490.0			0.8925087070628807
4490.9			0.9274269718468924
4491.8			0.9843003644487186
4492.7			1.0255950920804862
4493.6			1.0065093347903835
4494.5			1.0
4495.4			1.0
4496.3			1.0
4497.2			1.0
4498.1			1.0
4499.0			1.0
4499.9			1.0
4500.8			1.0
4501.7			1.0
4502.6			1.0
4503.5			1.0
4504.4			1.0
4505.3			1.0
4506.2			1.0
4507.1			1.0
4508.0			1.0
4508.9			1.0
4509.8			1.0
4510.7			1.0
4511.6			1.0
4512.5			1.0
4513.4			1.0
4514.3			1.0
4515.2			1.0
4516.1			1.0
4517.0			1.0
4517.9			0.9837857837379174
4518.8			1.0040923535197313
4519.7			1.032127908877854
4520.6			1.0415240485676502
4521.5			1.0408187425491613
4522.4			1.003175809791243
4523.3			0.9772726913280178
4524.2			0.9810258680147126
4525.1			0.952518974039929
4526.0			0.9080069789029109
4526.9			0.8679738067858118
4527.8			0.853562898657794
4528.7			0.8469360217067504
4529.6			0.8546090136376103
4530.5			0.8778725953658137
4531.4			0.9042755831327006
4532.3			0.9358319567070318
4533.2			0.9086518647862486
4534.1			0.8646146188906161
4535.0			0.8550454194478837
4535.9			0.8881842303409813
4536.8			0.9794879086048032
4537.7			1.04347950895363
4538.6			1.0334631965505223
4539.5			1.0000519339654999
4540.4			1.0
4541.3			1.0
4542.2			1.0
4543.1			1.0330190416192713
4544.0			1.0189845733534444
4544.9			0.9808053155028698
4545.8			0.974960216726612
4546.7			0.9873729380289801
4547.6			0.9877063897269399
4548.5			0.9574427374359687
4549.4			0.9143577887863172
4550.3			0.9410868403672399
4551.2			1.0054303255740533
4552.1			1.0212508169991468
4553.0			1.0171782531826306
4553.9			1.0153402187788725
4554.8			0.9969339628860305
4555.7			0.9986505473589794
4556.6			1.0
4557.5			1.0
4558.4			1.0
4559.3			1.0
4560.2			1.0
4561.1			1.0
4562.0			1.0
4562.9			0.9813074073823078
4563.8			0.9262214333229287
4564.7			0.8798395820909006
4565.6			0.8738632863741249
4566.5			0.9140024503368676
4567.4			0.9738739656244733
4568.3			0.9998750905253273
4569.2			1.0
4570.1			1.0
4571.0			1.0
4571.9			1.0
4572.8			1.0443851980259344
4573.7			1.0888832217656284
4574.6			1.077645145337437
4575.5			1.0591184170011272
4576.4			1.0638483625769284
4577.3			1.0684509561317945
4578.2			1.0443485366078067
4579.1			0.9896870526920701
4580.0			0.9316462810962179
4580.9			0.8987856246528412
4581.8			0.9099828515658004
4582.7			0.9335480536762817
4583.6			0.9332967795197032
4584.5			1.0
4585.4			0.9919186391722291
4586.3			0.9924343865621953
4587.2			1.024336616197384
4588.1			1.065335900526093
4589.0			1.0874458504228335
4589.9			1.0788249352220167
4590.8			1.0396168055813253
4591.7			0.995042904833465
4592.6			0.9772320024131037
4593.5			0.9925163750338525
4594.4			0.9959508183437251
4595.3			0.9690954635841262
4596.2			0.9525786447759365
4597.1			0.960063850800968
4598.0			0.9735011729880211
4598.9			0.9895228625577426
4599.8			0.9734129912107803
4600.7			0.9439782236499566
4601.6			0.962791758922549
4602.5			0.9940766935988946
4603.4			0.9976763625842747
4604.3			0.9799654757017988
4605.2			0.9620695729542417
4606.1			0.973240535228465
4607.0			0.999871426163909
4607.9			1.0
4608.8			1.0
4609.7			1.0
4610.6			1.0
4611.5			1.0
4612.4			1.0
4613.3			1.0
4614.2			1.0
4615.1			1.0
4616.0			1.0
4616.9			1.0
4617.8			1.0
4618.7			1.0
4619.6			1.0
4620.5			1.0
4621.4			1.0
4622.3			1.0
4623.2			1.0
4624.1			1.0
4625.0			1.0
4625.9			1.0
4626.8			1.0
4627.7			1.0
4628.6			1.0
4629.5			1.0
4630.4			1.0
4631.3			1.0
4632.2			1.0
4633.1			1.0
4634.0			1.0
4634.9			1.0
4635.8			1.0
4636.7			1.0
4637.6			1.0
4638.5			1.0
4639.4			1.0
4640.3			1.0
4641.2			1.0
4642.1			1.0202419133569012
4643.0			1.0109881242386796
4643.9			0.9821155762066951
4644.8			0.9596032764811361
4645.7			0.9233691812999308
4646.6			0.8803733881128335
4647.5			0.865689218731194
4648.4			0.8800808425697563
4649.3			0.9190656527436466
4650.2			0.9606878183672749
4651.1			0.9813328626387379
4652.0			0.9941541377865944
4652.9			1.000247778559273
4653.8			1.0
4654.7			1.0
4655.6			1.0
4656.5			1.0
4657.4			1.0
4658.3			1.0
4659.2			1.0
4660.1			1.0
4661.0			1.0
4661.9			1.0
4662.8			0.9630087418491549
4663.7			0.9490755286706603
4664.6			0.9594713357920158
4665.5			0.9297687195009056
4666.4			0.8475564732241571
4667.3			0.7803886109052947
4668.2			0.7974484315532976
4669.1			0.8836398194607816
4670.0			0.963736645931752
4670.9			1.0011791756783768
4671.8			1.0016909558637392
4672.7			1.0
4673.6			1.0
4674.5			1.0
4675.4			1.0
4676.3			1.0
4677.2			1.0
4678.1			1.0
4679.0			1.0
4679.9			1.0
4680.8			1.0
4681.7			1.0
4682.6			1.0
4683.5			1.0
4684.4			1.0
4685.3			1.0
4686.2			1.0
4687.1			1.0
4688.0			1.0
4688.9			1.0
4689.8			1.0
4690.7			1.0
4691.6			1.0
4692.5			1.0
4693.4			1.0
4694.3			1.0
4695.2			1.0
4696.1			1.0
4697.0			0.9918503511074449
4697.9			0.952959251266677
4698.8			0.9181978415682732
4699.7			0.9295971175731639
4700.6			0.9423096250034318
4701.5			0.9313766468669502
4702.4			0.899216124509307
4703.3			0.8855963479204315
4704.2			0.9430674594365869
4705.1			0.9981393254713596
4706.0			1.0180668203457797
4706.9			0.9980322829395278
4707.8			0.9771647331491717
4708.7			0.9867292889508317
4709.6			1.0000163064842704
4710.5			1.0
4711.4			1.0
4712.3			1.0
4713.2			1.0
4714.1			1.0
4715.0			1.0
4715.9			1.0
4716.8			1.0
4717.7			1.0
4718.6			1.0
4719.5			1.0
4720.4			1.0
4721.3			1.0
4722.2			1.0
4723.1			1.0
4724.0			1.0
4724.9			1.0147555960868504
4725.8			1.0055990305432123
4726.7			0.9626784046468532
4727.6			0.9138081639417207
4728.5			0.8964321503370833
4729.4			0.8956218392419459
4730.3			0.9002866357076923
4731.2			0.9225672953883131
4732.1			0.9643027604920524
4733.0			1.0011038407827366
4733.9			1.0079652939302355
4734.8			1.0189171860910176
4735.7			1.0043211995167203
4736.6			1.0
4737.5			1.0
4738.4			1.0
4739.3			1.0
4740.2			1.0
4741.1			1.0
4742.0			1.0
4742.9			1.0
4743.8			1.0
4744.7			1.0
4745.6			1.0
4746.5			1.0
4747.4			1.0
4748.3			1.0
4749.2			1.0
4750.1			1.0
4751.0			1.0
4751.9			1.0
4752.8			1.0
4753.7			1.0
4754.6			1.0
4755.5			1.0
4756.4			1.0
4757.3			1.0
4758.2			1.0
4759.1			1.0
4760.0			1.0146409362957334
4760.9			0.994689685090679
4761.8			0.9451112513295876
4762.7			0.9225882814085999
4763.6			0.9268662269889155
4764.5			0.9132267999222876
4765.4			0.8879620104335567
4766.3			0.8869251561613976
4767.2			0.9297629888002521
4768.1			0.9787430561273858
4769.0			1.0172526305447385
4769.9			1.0423626985072962
4770.8			1.0219077017914313
4771.7			0.992673337177636
4772.6			1.002132498501574
4773.5			1.0
4774.4			1.0
4775.3			1.0
4776.2			1.0
4777.1			1.0
4778.0			1.0200588553463248
4778.9			1.0087213194665656
4779.8			0.9910718694434095
4780.7			0.9952081810411015
4781.6			0.9957512514359529
4782.5			0.954228667832132
4783.4			0.9198170745815907
4784.3			0.9340340109222743
4785.2			0.9472675864717816
4786.1			0.9091729312703856
4787.0			0.8914651705544361
4787.9			0.9177941608805078
4788.8			0.9220723925935997
4789.7			0.9143292005887933
4790.6			0.9255431822310166
4791.5			0.9337145537489783
4792.4			0.9400889994194653
4793.3			0.9652963343063445
4794.2			1.0005415527385866
4795.1			1.0
4796.0			0.995064112936084
4796.9			0.974168456398072
4797.8			0.9519197901068999
4798.7			0.9302134626821678
4799.6			0.9166250314441119
4800.5			0.9265506303783909
4801.4			0.9620593041506281
4802.3			0.9941997088445536
4803.2			1.0027204076714118
4804.1			1.0
4805.0			1.0
4805.9			1.0
4806.8			1.0
4807.7			1.0
4808.6			1.0
4809.5			1.0
4810.4			1.0
4811.3			1.0
4812.2			1.0
4813.1			1.0
4814.0			1.0
4814.9			1.0
4815.8			1.0
4816.7			1.0
4817.6			1.0
4818.5			1.0
4819.4			1.0
4820.3			1.0
4821.2			1.0
4822.1			0.9769462116067744
4823.0			0.9345457278075607
4823.9			0.9139210632995178
4824.8			0.9484621825909497
4825.7			0.9977569402582968
4826.6			1.0
4827.5			1.0
4828.4			1.0
4829.3			1.0
4830.2			1.0
4831.1			1.0
4832.0			1.0
4832.9			1.0
4833.8			1.0
4834.7			1.0
4835.6			1.0
4836.5			1.0
4837.4			1.0
4838.3			1.0
4839.2			1.0
4840.1			1.0
4841.0			1.0
4841.9			1.0
4842.8			1.0
4843.7			1.0
4844.6			1.0
4845.5			1.0
4846.4			1.0
4847.3			1.0
4848.2			1.0
4849.1			1.0
4850.0			1.0
4850.9			1.0
4851.8			1.0
4852.7			1.0
4853.6			1.0
4854.5			1.0
4855.4			1.0
4856.3			0.9914748327710787
4857.2			1.014230471387946
4858.1			0.9948523336540982
4859.0			0.9142352763488008
4859.9			0.7835032912034834
4860.8			0.654600510024914
4861.7			0.6345960475269011
4862.6			0.7461820525883845
4863.5			0.8572580715971578
4864.4			0.9112143344070543
4865.3			0.9512348444561722
4866.2			0.9822349819325937
4867.1			0.9963738936810946
4868.0			1.0
4868.9			1.0
4869.8			0.986354690393194
4870.7			0.9165230258867039
4871.6			0.8698896254582604
4872.5			0.9171506176466865
4873.4			0.9940492774795515
4874.3			1.0
4875.2			1.0
4876.1			1.0
4877.0			1.0
4877.9			1.0
4878.8			1.0
4879.7			1.0
4880.6			1.0
4881.5			1.0
4882.4			1.0
4883.3			1.0
4884.2			1.0
4885.1			1.0
4886.0			1.0
4886.9			1.0
4887.8			0.9996276950616528
4888.7			0.9837624325829045
4889.6			0.9452848385120857
4890.5			0.8633035654089619
4891.4			0.8133550753172685
4892.3			0.8774532008868424
4893.2			0.958083814296491
4894.1			0.9876156928006177
4895.0			0.988049733984879
4895.9			1.0
4896.8			1.0
4897.7			1.0
4898.6			1.0
4899.5			1.0
4900.4			1.0
4901.3			1.0
4902.2			1.0
4903.1			1.0
4904.0			1.0
4904.9			1.0
4905.8			1.0
4906.7			1.0076698549054763
4907.6			0.9844294044152524
4908.5			0.9570559355892644
4909.4			0.9120329991768559
4910.3			0.8737682564135646
4911.2			0.8906615960842514
4912.1			0.9416629623783499
4913.0			0.9830596339815282
4913.9			1.0050292694624892
4914.8			1.0
4915.7			1.0242558176340184
4916.6			1.0026779446219691
4917.5			0.9372726657830306
4918.4			0.8556106341744637
4919.3			0.8054876536136494
4920.2			0.8054375649625989
4921.1			0.8669362781738086
4922.0			0.9618231561870008
4922.9			1.0050297123462906
4923.8			0.9968343499385433
4924.7			1.008761876403239
4925.6			1.0
4926.5			1.0
4927.4			1.0
4928.3			1.0
4929.2			1.0
4930.1			1.0
4931.0			1.0
4931.9			1.0
4932.8			1.0
4933.7			1.0
4934.6			1.0
4935.5			1.0
4936.4			0.9767375824397128
4937.3			0.9142516770413904
4938.2			0.8570941236686318
4939.1			0.8481299872922812
4940.0			0.9055853178494713
4940.9			0.9780544359471557
4941.8			1.0026498832518695
4942.7			1.0
4943.6			1.0
4944.5			1.0
4945.4			1.0
4946.3			1.0
4947.2			1.0
4948.1			1.0
4949.0			1.0
4949.9			1.0
4950.8			1.0
4951.7			1.0
4952.6			1.0
4953.5			1.0
4954.4			1.0
4955.3			1.0
4956.2			0.9332247629621898
4957.1			0.8092804584048949
4958.0			0.7951168947070828
4958.9			0.9177005864781902
4959.8			1.00360831116993
4960.7			1.0
4961.6			1.0
4962.5			1.0
4963.4			1.0
4964.3			1.0
4965.2			1.0
4966.1			1.0
4967.0			1.0
4967.9			1.0
4968.8			1.0
4969.7			1.0
4970.6			1.0
4971.5			1.0
4972.4			1.0
4973.3			1.0
4974.2			1.0
4975.1			1.0
4976.0			1.0
4976.9			1.0
4977.8			1.0
4978.7			1.0
4979.6			0.9953547599389002
4980.5			0.9913008465302195
4981.4			0.9548378467457582
4982.3			0.8763129568998527
4983.2			0.8252506807173994
4984.1			0.8418313653849382
4985.0			0.8842287520618503
4985.9			0.9327761401595219
4986.8			1.0022426096311534
4987.7			1.0
4988.6			1.0
4989.5			1.0
4990.4			1.0
4991.3			1.0
4992.2			1.0
4993.1			1.0
4994.0			1.0
4994.9			1.0
4995.8			1.0
4996.7			1.0
4997.6			1.0
4998.5			1.0
4999.4			1.0
5000.3			1.0
5001.2			1.0
5002.1			1.0
5003.0			1.0110903711971138
5003.9			1.0141593102520658
5004.8			0.9706402370989486
5005.7			0.8979955963309214
5006.6			0.8825447198652082
5007.5			0.9517583228507299
5008.4			1.022402355499837
5009.3			1.0
5010.2			0.9759440248728934
5011.1			0.9440726453194843
5012.0			0.8968006686665378
5012.9			0.8691632725445873
5013.8			0.87275764492808
5014.7			0.8883988169721766
5015.6			0.9294054532303138
5016.5			0.9370403173111904
5017.4			0.8957676610763221
5018.3			0.87712852745729
5019.2			0.926297202870216
5020.1			0.9744411098307785
5021.0			0.9782902389233527
5021.9			0.9574049983324036
5022.8			0.9651837708640352
5023.7			1.0016397763301779
5024.6			1.0197334279931345
5025.5			1.0155945647726747
5026.4			1.0005511966122838
5027.3			1.0
5028.2			1.0
5029.1			1.0
5030.0			1.0
5030.9			1.0
5031.8			1.0
5032.7			1.0
5033.6			1.0
5034.5			1.0
5035.4			1.0
5036.3			1.0
5037.2			1.0
5038.1			0.9914573331185818
5039.0			0.9386068200255868
5039.9			0.8827633503373467
5040.8			0.8101051625149635
5041.7			0.7993794362942346
5042.6			0.9001577251506827
5043.5			0.9772336706970981
5044.4			0.9900381642619183
5045.3			1.0064844844831407
5046.2			1.0
5047.1			1.0
5048.0			1.0
5048.9			1.0
5049.8			1.0
5050.7			1.0
5051.6			1.0
5052.5			1.0
5053.4			1.0
5054.3			1.0
5055.2			1.0
5056.1			1.0
5057.0			1.0
5057.9			1.0
5058.8			1.0
5059.7			1.0
5060.6			1.0
5061.5			1.0
5062.4			1.0
5063.3			1.0
5064.2			1.0
5065.1			1.0
5066.0			1.0
5066.9			1.0
5067.8			1.0
5068.7			1.0
5069.6			1.0
5070.5			1.0
5071.4			1.0
5072.3			1.0
5073.2			1.0
5074.1			1.0
5075.0			0.9809166953886442
5075.9			0.9855663189142254
5076.8			1.013121723983075
5077.7			1.0179619899450967
5078.6			0.9465319851817499
5079.5			0.8561106753681675
5080.4			0.8489905442107023
5081.3			0.9051324648386015
5082.2			0.9502262505885324
5083.1			0.9450679106410574
5084.0			0.9442780622186268
5084.9			0.978469009735931
5085.8			0.9995155045769077
5086.7			1.0
5087.6			1.0
5088.5			1.0
5089.4			1.0
5090.3			1.0
5091.2			1.0
5092.1			1.0
5093.0			1.0
5093.9			1.0
5094.8			1.0
5095.7			1.0
5096.6			0.9535257361283255
5097.5			0.88858365931996
5098.4			0.8398528418731507
5099.3			0.8308817755184364
5100.2			0.8966058278727445
5101.1			0.9728835388160997
5102.0			1.0009440854783778
5102.9			1.0
5103.8			1.0
5104.7			1.0
5105.6			1.0
5106.5			1.0
5107.4			1.0
5108.3			1.0
5109.2			1.0
5110.1			1.0
5111.0			1.0
5111.9			1.0
5112.8			1.0
5113.7			1.0
5114.6			1.0
5115.5			1.0
5116.4			1.0
5117.3			1.0
5118.2			1.0
5119.1			1.0
5120.0			1.0
5120.9			1.0
5121.8			1.0
5122.7			1.0
5123.6			1.0
5124.5			1.0
5125.4			1.0
5126.3			1.0
5127.2			1.0
5128.1			1.0
5129.0			1.0
5129.9			1.0
5130.8			1.0
5131.7			1.0
5132.6			1.0
5133.5			1.0
5134.4			1.0
5135.3			1.0442275421989515
5136.2			1.0328363240486849
5137.1			0.9904575198314705
5138.0			0.9758245598539773
5138.9			0.9654146848383955
5139.8			0.9762765890519395
5140.7			1.044616098179505
5141.6			1.0476296811524726
5142.5			1.0050820454315748
5143.4			1.0
5144.3			1.0
5145.2			1.0
5146.1			1.0
5147.0			1.0
5147.9			1.0
5148.8			1.0
5149.7			1.0
5150.6			1.0
5151.5			1.0
5152.4			1.0
5153.3			1.0
5154.2			1.0
5155.1			1.0
5156.0			1.0
5156.9			1.0
5157.8			1.0
5158.7			1.0
5159.6			1.0
5160.5			1.0
5161.4			1.0
5162.3			1.0
5163.2			1.0
5164.1			1.0
5165.0			1.0
5165.9			1.0
5166.8			1.0
5167.7			1.0
5168.6			1.0
5169.5			1.0
5170.4			1.031929482767176
5171.3			0.904182935391177
5172.2			0.7298475530482509
5173.1			0.707868982062194
5174.0			0.8485699462359766
5174.9			0.9840513846688431
5175.8			1.0152207514706733
5176.7			1.0
5177.6			1.0
5178.5			1.0
5179.4			1.0
5180.3			1.0
5181.2			0.956518446913502
5182.1			0.8421043126329597
5183.0			0.6784591434763189
5183.9			0.6175710145257596
5184.8			0.745439909370134
5185.7			0.9134721266605198
5186.6			0.9983218636323753
5187.5			1.0
5188.4			1.0
5189.3			1.0
5190.2			1.0
5191.1			1.0
5192.0			1.0
5192.9			1.0
5193.8			1.0
5194.7			1.0
5195.6			1.0
5196.5			1.0
5197.4			1.0
5198.3			1.0
5199.2			1.0
5200.1			1.0
5201.0			1.0
5201.9			1.0
5202.8			1.0
5203.7			1.0
5204.6			1.0
5205.5			1.0
5206.4			1.0
5207.3			1.0
5208.2			1.0
5209.1			1.0
5210.0			1.0
5210.9			1.0
5211.8			1.0
5212.7			1.0
5213.6			0.9906369964377545
5214.5			0.9469576156811927
5215.4			0.8940752860806214
5216.3			0.8793570562566158
5217.2			0.9030892912254275
5218.1			0.94545715540803
5219.0			0.9965332306101969
5219.9			1.0
5220.8			1.0
5221.7			1.0
5222.6			1.0
5223.5			0.975477570865745
5224.4			0.9381007332853137
5225.3			0.8849505853390567
5226.2			0.8236546925365466
5227.1			0.7994177729126482
5228.0			0.867651671635054
5228.9			0.9563042245608717
5229.8			0.9882908949504281
5230.7			1.0022890458949139
5231.6			1.0
5232.5			1.0
5233.4			1.0
5234.3			1.0
5235.2			1.0
5236.1			1.0
5237.0			1.0
5237.9			1.0
5238.8			1.0
5239.7			1.0
5240.6			1.0
5241.5			1.0
5242.4			1.0
5243.3			1.0
5244.2			1.0
5245.1			1.0
5246.0			1.0
5246.9			1.0
5247.8			1.0
5248.7			1.0
5249.6			1.0
5250.5			1.0
5251.4			1.0
5252.3			1.0
5253.2			1.0
5254.1			1.0
5255.0			1.0
5255.9			1.0
5256.8			1.0
5257.7			1.0
5258.6			1.0
5259.5			1.0
5260.4			1.0
5261.3			0.9445513208141489
5262.2			0.8850812906757548
5263.1			0.8438683526576953
5264.0			0.8198228091131832
5264.9			0.7982667786671229
5265.8			0.7861196872036221
5266.7			0.8195641605849929
5267.6			0.882269431373941
5268.5			0.8567394794382072
5269.4			0.7645037797052446
5270.3			0.7599805672276752
5271.2			0.8600891457101235
5272.1			0.9321965445813454
5273.0			0.9300433716147397
5273.9			0.9106333501132572
5274.8			0.8844081381656035
5275.7			0.8713535251678978
5276.6			0.9312977131785443
5277.5			1.0070154702227714
5278.4			1.022586670311877
5279.3			1.0
5280.2			0.9669120062659625
5281.1			0.9400547408941625
5282.0			0.9169634254343264
5282.9			0.8920051075045263
5283.8			0.8783770482498564
5284.7			0.9095528772270841
5285.6			0.9762281217820107
5286.5			1.0105197163618092
5287.4			1.003148280850049
5288.3			1.0
5289.2			1.0
5290.1			1.0
5291.0			1.0
5291.9			1.0
5292.8			1.0
5293.7			1.0
5294.6			1.0
5295.5			0.9923734731801273
5296.4			0.9543361125124445
5297.3			0.8964238858220922
5298.2			0.8782468984737105
5299.1			0.9339632008020938
5300.0			0.9963136131623302
5300.9			0.9978868474743519
5301.8			1.0
5302.7			1.0
5303.6			1.0
5304.5			1.0
5305.4			1.0
5306.3			1.0
5307.2			1.0
5308.1			1.0
5309.0			1.0
5309.9			1.0
5310.8			1.0
5311.7			1.0
5312.6			1.0
5313.5			1.0
5314.4			1.0
5315.3			1.0
5316.2			1.0
5317.1			1.0
5318.0			1.0
5318.9			1.0
5319.8			1.0
5320.7			1.0
5321.6			1.0
5322.5			1.0
5323.4			1.0
5324.3			1.0
5325.2			1.0
5326.1			1.0174199373523984
5327.0			0.9469221144597044
5327.9			0.8318483928936116
5328.8			0.8069744001284416
5329.7			0.9039329158082734
5330.6			0.994039409054381
5331.5			1.0088329627583028
5332.4			1.0
5333.3			1.0
5334.2			1.0
5335.1			1.0
5336.0			1.0
5336.9			1.0
5337.8			0.9931310981680403
5338.7			0.9742828603058336
5339.6			0.923311692111348
5340.5			0.8867210992572364
5341.4			0.9177606124229473
5342.3			0.9750310998138438
5343.2			1.0009709517033305
5344.1			1.0
5345.0			1.0
5345.9			1.0
5346.8			1.0
5347.7			1.0
5348.6			1.0
5349.5			1.0
5350.4			1.0
5351.3			1.0
5352.2			1.0
5353.1			1.0
5354.0			1.0
5354.9			1.0
5355.8			1.0
5356.7			1.0
5357.6			1.0
5358.5			1.0
5359.4			1.0
5360.3			1.0
5361.2			1.0
5362.1			1.0
5363.0			1.0
5363.9			1.0
5364.8			1.0
5365.7			1.0
5366.6			1.0
5367.5			0.9906158321217282
5368.4			0.9751160084263206
5369.3			0.9410977418547496
5370.2			0.8851973859887264
5371.1			0.8645013020134275
5372.0			0.9024293380403307
5372.9			0.9589103710642332
5373.8			0.9886209998223683
5374.7			0.9971633718089553
5375.6			1.0
5376.5			1.0
5377.4			1.0
5378.3			1.0
5379.2			1.0
5380.1			1.0
5381.0			1.0
5381.9			1.0
5382.8			1.0
5383.7			1.0
5384.6			1.0
5385.5			1.0
5386.4			1.0
5387.3			1.0
5388.2			1.0
5389.1			1.0
5390.0			1.0
5390.9			1.0
5391.8			1.0
5392.7			1.0
5393.6			1.0
5394.5			1.0
5395.4			1.0
5396.3			1.0
5397.2			1.0
5398.1			1.0
5399.0			1.0
5399.9			1.0
5400.8			1.0
5401.7			1.0223757980728065
5402.6			1.0249437848399663
5403.5			0.9714960598834964
5404.4			0.9047360218570591
5405.3			0.8847889995580275
5406.2			0.9184168928532169
5407.1			0.9758167394605577
5408.0			1.0143721036359465
5408.9			0.9993722865590563
5409.8			1.0
5410.7			1.0
5411.6			1.0
5412.5			1.0
5413.4			1.0
5414.3			1.0
5415.2			1.0
5416.1			1.0
5417.0			1.0
5417.9			1.0
5418.8			1.0
5419.7			1.0
5420.6			1.0
5421.5			1.0
5422.4			1.0
5423.3			1.0
5424.2			1.0
5425.1			1.0
5426.0			1.0
5426.9			1.0321875026765186
5427.8			1.0109974896922833
5428.7			0.9500828357594889
5429.6			0.9045115920509793
5430.5			0.938371466272336
5431.4			0.9994516857910793
5432.3			1.0041943456280078
5433.2			1.0
5434.1			1.0
5435.0			1.0
5435.9			1.0
5436.8			1.0
5437.7			1.0
5438.6			1.0
5439.5			1.0
5440.4			1.0
5441.3			1.0
5442.2			1.0
5443.1			1.0
5444.0			0.97211480945434
5444.9			0.9265709923567483
5445.8			0.8836984625865503
5446.7			0.865412557661351
5447.6			0.9001533740384869
5448.5			0.9645371689543143
5449.4			1.0002077557675908
5450.3			1.0
5451.2			1.0
5452.1			1.0
5453.0			1.0
5453.9			1.0
5454.8			1.0
5455.7			1.0
5456.6			1.0
5457.5			1.0
5458.4			1.0
5459.3			1.0
5460.2			1.0
5461.1			1.0
5462.0			1.0
5462.9			1.0
5463.8			1.0
5464.7			1.0
5465.6			1.0
5466.5			1.0
5467.4			1.0
5468.3			1.0
5469.2			1.0
5470.1			1.0
5471.0			1.0
5471.9			1.0
5472.8			1.0
5473.7			0.9861947856037739
5474.6			0.9825000512848681
5475.5			0.9448452009280749
5476.4			0.883767196585607
5477.3			0.8854180863888493
5478.2			0.9536479316392767
5479.1			1.0000272544954685
5480.0			1.0
5480.9			1.0
5481.8			1.0
5482.7			1.0
5483.6			1.0
5484.5			1.0
5485.4			1.0
5486.3			1.0
5487.2			1.0
5488.1			1.0
5489.0			1.0
5489.9			1.0
5490.8			1.0
5491.7			1.0
5492.6			1.0
5493.5			1.0
5494.4			1.0
5495.3			1.0
5496.2			1.0
5497.1			1.0
5498.0			1.0
5498.9			1.0
5499.8			1.0
5500.7			1.0
5501.6			1.0
5502.5			1.0
5503.4			1.0
5504.3			1.0
5505.2			1.0
5506.1			1.0
5507.0			1.0
5507.9			1.0
5508.8			1.0
5509.7			1.0
5510.6			1.0
5511.5			1.0
5512.4			1.0
5513.3			1.0
5514.2			1.0
5515.1			1.0
5516.0			1.0
5516.9			1.0
5517.8			1.0
5518.7			1.0
5519.6			1.0
5520.5			1.0
5521.4			1.0
5522.3			1.0
5523.2			1.0
5524.1			1.0
5525.0			0.9829816134575545
5525.9			0.9640417977797228
5526.8			0.937055689155699
5527.7			0.9012167801045857
5528.6			0.8954095793220865
5529.5			0.9455320989235017
5530.4			0.9990889132900023
5531.3			1.0118749002024479
5532.2			1.000098316108464
5533.1			1.0
5534.0			1.0
5534.9			1.0
5535.8			1.0
5536.7			1.0
5537.6			1.0
5538.5			1.0
5539.4			1.0
5540.3			1.0
5541.2			1.0
5542.1			1.0
5543.0			1.0
5543.9			1.0
5544.8			1.0
5545.7			1.0
5546.6			1.0
5547.5			1.0
5548.4			1.0
5549.3			1.0
5550.200000000001			1.0
5551.1			1.0
5552.0			1.0
5552.9			1.0
5553.8			1.0
5554.700000000001			1.0
5555.6			1.0
5556.5			1.0
5557.4			1.0
5558.3			1.0
5559.200000000001			1.0
5560.1			1.0
5561.0			1.0
5561.9			1.0
5562.8			1.0
5563.700000000001			1.0
5564.6			1.0
5565.5			1.0
5566.4			1.0
5567.3			1.0
5568.200000000001			1.0
5569.1			1.0
5570.0			1.0
5570.9			1.0
5571.8			1.0
5572.700000000001			1.0
5573.6			1.0
5574.5			1.0
5575.4			1.0
5576.3			1.0
5577.200000000001			1.0
5578.1			1.0
5579.0			1.0
5579.9			1.0
5580.8			1.0
5581.700000000001			0.9885119501935791
5582.6			0.9910995260119132
5583.5			1.0060453118154826
5584.4			1.0047789002299092
5585.3			0.9717675437998863
5586.200000000001			0.9229275461690126
5587.1			0.8941649946612685
5588.0			0.8984418841241958
5588.9			0.9157964944829593
5589.8			0.9468175538180205
5590.700000000001			0.9871059602324921
5591.6			1.0047329373202019
5592.5			1.0003661352658533
5593.4			1.0
5594.3			1.0
5595.200000000001			1.0
5596.1			1.0
5597.0			0.9945345974414039
5597.9			0.9592409835794038
5598.8			0.9357113291280219
5599.700000000001			0.9310052999216807
5600.6			0.909746294992176
5601.5			0.881087218201787
5602.4			0.8827439940287688
5603.3			0.9228708897861096
5604.200000000001			0.9737925793336318
5605.1			0.9970460892829918
5606.0			0.9983894334381322
5606.9			1.0
5607.8			1.0
5608.700000000001			1.0
5609.6			1.0
5610.5			1.0
5611.4			1.0
5612.3			1.0
5613.200000000001			0.9811070539642952
5614.1			0.921918551456157
5615.0			0.8607756983885856
5615.9			0.8638228836936221
5616.8			0.9265842039247119
5617.700000000001			0.9810040130771571
5618.6			1.0014420855867334
5619.5			1.0
5620.4			1.0
5621.3			1.0
5622.200000000001			1.0
5623.1			1.0
5624.0			1.0
5624.9			1.0
5625.8			1.0
5626.700000000001			1.0
5627.6			1.0
5628.5			1.0
5629.4			1.0
5630.3			1.0
5631.200000000001			1.0
5632.1			1.0
5633.0			1.0
5633.9			1.0
5634.8			1.0
5635.700000000001			1.0
5636.6			1.0
5637.5			1.0
5638.4			1.0
5639.3			1.0
5640.200000000001			1.0
5641.1			1.0
5642.0			1.0
5642.9			1.0
5643.8			1.0
5644.700000000001			1.0
5645.6			1.0
5646.5			1.0
5647.4			1.0
5648.3			1.0
5649.200000000001			1.0
5650.1			1.0
5651.0			1.0
5651.9			1.0
5652.8			0.99932669640031
5653.700000000001			0.9767124532608721
5654.6			0.953463141551622
5655.5			0.9672403401351961
5656.4			0.9920397844433897
5657.3			0.9662459142053916
5658.200000000001			0.9143758505132731
5659.1			0.9125129352230998
5660.0			0.9524671757373387
5660.9			0.9677021041050156
5661.8			0.9541999022504204
5662.700000000001			0.9527266960277643
5663.6			0.9746028822823367
5664.5			0.9995581315878942
5665.4			1.0000230413412328
5666.3			1.0
5667.200000000001			1.0
5668.1			1.0
5669.0			1.0
5669.9			1.0
5670.8			1.0
5671.700000000001			1.0
5672.6			1.0
5673.5			1.0
5674.4			1.0
5675.3			1.0
5676.200000000001			1.0
5677.1			1.0
5678.0			1.0
5678.9			1.0
5679.8			1.0
5680.700000000001			1.0
5681.6			1.0
5682.5			1.0
5683.4			1.0
5684.3			1.0
5685.200000000001			1.0
5686.1			1.0
5687.0			1.0
5687.9			1.0
5688.8			1.0
5689.700000000001			1.0
5690.6			1.0
5691.5			1.0
5692.4			1.0
5693.3			1.0
5694.200000000001			1.0
5695.1			1.0
5696.0			1.0
5696.9			1.0
5697.8			1.0
5698.700000000001			1.0
5699.6			1.0
5700.5			1.0
5701.4			1.0
5702.3			1.011658003874827
5703.200000000001			1.0367667756929613
5704.1			1.0353680818341644
5705.0			1.0027599665612865
5705.9			0.9716513212999401
5706.8			0.9597314367135289
5707.700000000001			0.9513113658658737
5708.6			0.9345777244840041
5709.5			0.9206142355117748
5710.4			0.9142920764218865
5711.3			0.9124590168980777
5712.200000000001			0.9318310715281563
5713.1			0.9673774532375399
5714.0			0.9859269075937991
5714.9			0.9856777209471362
5715.8			0.9898128300478196
5716.700000000001			0.9971175407428056
5717.6			0.997830693152217
5718.5			0.9984320344676576
5719.4			1.0
5720.3			1.0
5721.200000000001			1.0
5722.1			1.0
5723.0			1.0
5723.9			1.0
5724.8			1.0
5725.700000000001			1.0
5726.6			1.0
5727.5			1.0
5728.4			1.0
5729.3			1.0
5730.200000000001			1.0
5731.1			1.0
5732.0			1.0
5732.9			1.0
5733.8			1.0
5734.700000000001			1.0
5735.6			1.0
5736.5			1.0
5737.4			1.0
5738.3			1.0
5739.200000000001			1.0
5740.1			1.0
5741.0			1.0
5741.9			1.0
5742.8			1.0
5743.700000000001			1.0
5744.6			1.0
5745.5			1.0
5746.4			1.0
5747.3			1.0
5748.200000000001			1.0
5749.1			1.0
5750.0			1.0
5750.9			1.0
5751.8			1.0
5752.700000000001			1.0
5753.6			1.0
5754.5			1.0
5755.4			1.0
5756.3			1.0
5757.200000000001			1.0
5758.1			1.0
5759.0			1.0
5759.9			1.0
5760.8			1.0
5761.700000000001			1.0
5762.6			1.0
5763.5			1.0
5764.4			1.0
5765.3			1.0
5766.200000000001			1.0
5767.1			1.0
5768.0			1.0
5768.9			1.0
5769.8			1.0
5770.700000000001			1.0
5771.6			1.0
5772.5			1.0
5773.4			1.0
5774.3			1.0
5775.200000000001			1.0
5776.1			1.0
5777.0			1.0
5777.9			1.0055361768142697
5778.8			0.9991378184956055
5779.700000000001			0.9781953455319201
5780.6			0.9484603292769017
5781.5			0.9331752512240056
5782.4			0.9412909883141302
5783.3			0.9472650560706157
5784.200000000001			0.9344804417113942
5785.1			0.9243379714646515
5786.0			0.9431669518389002
5786.9			0.9742609058388627
5787.8			0.9916787909252817
5788.700000000001			0.9984520638985003
5789.6			1.0000752847478191
5790.5			0.9943550389021952
5791.4			0.9917300824979839
5792.3			0.9995471362926825
5793.200000000001			1.0
5794.1			1.0
5795.0			1.0
5795.9			1.0
5796.8			1.0
5797.700000000001			1.0
5798.6			1.0
5799.5			1.0
5800.4			1.0
5801.3			1.0
5802.200000000001			1.0
5803.1			1.0
5804.0			1.0
5804.9			1.0
5805.8			1.0
5806.700000000001			1.0
5807.6			1.0
5808.5			1.0
5809.4			1.0
5810.3			1.0
5811.200000000001			1.0
5812.1			1.0
5813.0			1.0
5813.9			1.0
5814.8			1.0
5815.700000000001			1.0
5816.6			1.0
5817.5			1.0
5818.4			1.0
5819.3			1.0
5820.200000000001			1.0
5821.1			1.0
5822.0			1.0
5822.9			1.0
5823.8			1.0
5824.700000000001			1.0
5825.6			1.0
5826.5			1.0
5827.4			1.0
5828.3			1.0
5829.200000000001			1.0
5830.1			1.0
5831.0			1.0
5831.9			1.0
5832.8			1.0
5833.700000000001			1.0
5834.6			1.0
5835.5			1.0
5836.4			1.0
5837.3			1.0
5838.200000000001			1.0
5839.1			1.0
5840.0			1.0
5840.9			1.0
5841.8			1.0
5842.700000000001			1.0
5843.6			1.0
5844.5			1.0
5845.4			1.0
5846.3			1.0
5847.200000000001			1.0
5848.1			1.0
5849.0			1.0
5849.9			1.0
5850.8			1.0
5851.700000000001			1.0
5852.6			1.0
5853.5			1.0
5854.4			1.0
5855.3			1.0
5856.200000000001			1.0
5857.1			1.0
5858.0			1.0
5858.9			1.0
5859.8			1.0
5860.700000000001			1.0
5861.6			1.0
5862.5			1.0
5863.4			1.0
5864.3			1.0
5865.200000000001			1.0
5866.1			1.0
5867.0			1.0
5867.9			1.0
5868.8			1.0
5869.700000000001			1.0
5870.6			1.0
5871.5			1.0
5872.4			1.0
5873.3			1.0
5874.200000000001			1.0
5875.1			1.0
5876.0			1.0
5876.9			1.0
5877.8			1.0
5878.700000000001			1.0
5879.6			1.0
5880.5			1.0
5881.4			1.0
5882.3			1.0
5883.200000000001			1.0
5884.1			1.0
5885.0			1.0
5885.9			1.0
5886.8			1.0
5887.700000000001			0.9605421856032408
5888.6			0.8541010938260932
5889.5			0.7331415591373874
5890.4			0.7256343617514384
5891.3			0.841388842195151
5892.200000000001			0.9511405014728679
5893.1			0.9967674193406428
5894.0			1.0
5894.9			1.0
5895.8			1.0
5896.700000000001			1.0
5897.6			1.0
5898.5			1.0
5899.4			1.0
5900.3			1.0
5901.200000000001			1.0
5902.1			1.0
5903.0			1.0
5903.9			1.0
5904.8			1.0
5905.700000000001			1.0
5906.6			1.0
5907.5			1.0
5908.4			1.0
5909.3			1.0
5910.200000000001			1.0
5911.1			1.0
5912.0			1.0
5912.9			1.0
5913.8			1.0
5914.700000000001			1.0
5915.6			1.0
5916.5			1.0
5917.4			1.0
5918.3			1.0
5919.200000000001			1.0
5920.1			1.0
5921.0			1.0
5921.9			1.0
5922.8			1.0
5923.700000000001			1.0
5924.6			1.0
5925.5			1.0
5926.4			1.0
5927.3			1.0
5928.200000000001			1.0
5929.1			1.0
5930.0			1.0
5930.9			1.0
5931.8			1.0
5932.700000000001			1.0
5933.6			1.0
5934.5			1.0
5935.4			1.0
5936.3			1.0
5937.200000000001			1.0
5938.1			1.0
5939.0			1.0
5939.9			1.0
5940.8			1.0
5941.700000000001			1.0
5942.6			1.0
5943.5			1.0
5944.4			1.0
5945.3			1.0
5946.200000000001			1.0
5947.1			1.0
5948.0			1.0
5948.9			1.0
5949.8			1.0
5950.700000000001			1.0
5951.6			1.0
5952.5			1.0
5953.4			1.0
5954.3			1.0
5955.200000000001			1.0
5956.1			1.0
5957.0			1.0
5957.9			1.0
5958.8			1.0
5959.700000000001			1.0
5960.6			1.0
5961.5			1.0
5962.4			1.0
5963.3			1.0
5964.200000000001			1.0
5965.1			1.0
5966.0			1.0
5966.9			1.0
5967.8			1.0
5968.700000000001			1.0
5969.6			1.0
5970.5			1.0
5971.4			1.0
5972.3			1.0
5973.200000000001			1.0
5974.1			1.0
5975.0			1.0
5975.9			1.0
5976.8			1.0
5977.700000000001			1.0
5978.6			1.0
5979.5			1.0
5980.4			1.0
5981.3			1.0
5982.200000000001			1.0
5983.1			1.0
5984.0			1.0
5984.9			1.0
5985.8			1.0
5986.700000000001			1.0
5987.6			1.0
5988.5			1.0
5989.4			1.0
5990.3			1.0
5991.200000000001			1.0
5992.1			1.0
5993.0			1.0
5993.9			1.0
5994.8			1.0
5995.700000000001			1.0
5996.6			1.0
5997.5			1.0
5998.4			1.0
5999.3			1.0
6000.200000000001			1.0
6001.1			1.0
6002.0			1.0
6002.9			1.0
6003.8			1.0
6004.700000000001			1.0
6005.6			1.0
6006.5			1.0
6007.4			1.0
6008.3			1.0
6009.200000000001			1.0
6010.1			1.0
6011.0			1.0
6011.9			1.0
6012.8			1.0
6013.700000000001			1.0
6014.6			1.0
6015.5			1.0
6016.4			1.0
6017.3			1.0
6018.200000000001			1.0
6019.1			1.0
6020.0			1.0
6020.9			1.0
6021.8			1.0
6022.700000000001			1.0
6023.6			1.0
6024.5			1.0
6025.4			1.0
6026.3			1.0
6027.200000000001			1.0
6028.1			1.0
6029.0			1.0
6029.9			1.0
6030.8			1.0
6031.700000000001			1.0
6032.6			1.0
6033.5			1.0
6034.4			1.0
6035.3			1.0
6036.200000000001			1.0
6037.1			1.0
6038.0			1.0
6038.9			1.0
6039.8			1.0
6040.700000000001			1.0
6041.6			1.0
6042.5			1.0
6043.4			1.0
6044.3			1.0
6045.200000000001			1.0
6046.1			1.0
6047.0			1.0
6047.9			1.0
6048.8			1.0
6049.700000000001			1.0
6050.6			1.0
6051.5			1.0
6052.4			1.0
6053.3			1.0
6054.200000000001			1.0
6055.1			1.0
6056.0			1.0
6056.9			1.0
6057.8			1.0
6058.700000000001			1.0
6059.6			1.0
6060.5			1.0
6061.4			1.0
6062.3			1.0
6063.200000000001			1.0
6064.1			1.0
6065.0			1.0
6065.9			1.0
6066.8			1.0
6067.700000000001			1.0
6068.6			1.0
6069.5			1.0
6070.4			1.0
6071.3			1.0
6072.200000000001			1.0
6073.1			1.0
6074.0			1.0
6074.9			1.0
6075.8			1.0
6076.700000000001			1.0
6077.6			1.0
6078.5			1.0
6079.4			1.0
6080.3			1.0
6081.200000000001			1.0
6082.1			1.0
6083.0			1.0
6083.9			1.0
6084.8			1.0
6085.700000000001			1.0
6086.6			1.0
6087.5			1.0
6088.4			1.0
6089.3			1.0
6090.200000000001			1.0
6091.1			1.0
6092.0			1.0
6092.9			1.0
6093.8			1.0
6094.700000000001			1.0
6095.6			1.0
6096.5			1.0
6097.4			1.0
6098.3			1.0
6099.200000000001			1.0
6100.1			1.007317693234437
6101.0			0.9867073146417533
6101.9			0.9365413645540687
6102.8			0.9016855942790873
6103.700000000001			0.9220587927546554
6104.6			0.9701697280621527
6105.5			1.0
6106.4			1.0076427126483416
6107.3			1.0067352710943136
6108.200000000001			1.0049129892801123
6109.1			1.0133009323306272
6110.0			1.0225083827535857
6110.9			1.0166204127213219
6111.8			1.0047220365235214
6112.700000000001			0.9985724021186255
6113.6			0.9996730745366836
6114.5			1.0
6115.4			1.0
6116.3			1.0
6117.200000000001			1.005440319326113
6118.1			1.0207119539671632
6119.0			1.02469836936145
6119.9			1.0184997128256987
6120.8			0.9949766525540547
6121.700000000001			0.9556102492340184
6122.6			0.9462415883341723
6123.5			0.985519851415444
6124.4			1.0182039283268598
6125.3			1.020039203009443
6126.200000000001			1.0134880290004924
6127.1			1.0076779601570267
6128.0			1.0044445081730753
6128.9			1.0085268352418684
6129.8			1.0098321252471618
6130.700000000001			1.007150407062725
6131.6			1.0072720860769295
6132.5			1.0078780654389392
6133.4			1.01613071704465
6134.3			1.0242668006011495
6135.200000000001			1.0033122105751662
6136.1			0.9476211745981932
6137.0			0.8994775903486327
6137.9			0.9037455655167964
6138.8			0.9556137380908577
6139.700000000001			1.0078233128041045
6140.6			1.018646969618011
6141.5			0.9989139315736038
6142.4			0.991472124861992
6143.3			1.0004313403249425
6144.200000000001			1.007658955832387
6145.1			1.017499486462185
6146.0			1.031096179735316
6146.9			1.0298132374445852
6147.8			1.0159437659302923
6148.700000000001			1.0137485506155666
6149.6			1.024357244929443
6150.5			1.0296498930621292
6151.4			1.0191060511843524
6152.3			1.0055301383598625
6153.200000000001			0.9966461743670204
6154.1			0.9897056792501328
6155.0			0.9894760635149832
6155.9			0.9966007367151135
6156.8			1.008853516140544
6157.700000000001			1.0213914230489909
6158.6			1.028742961979726
6159.5			1.0142489693185295
6160.4			0.9693633921680743
6161.3			0.9155153906390473
6162.200000000001			0.8845819994396642
6163.1			1.0
6164.0			1.0450936901168422
6164.9			1.0886361709812415
6165.8			1.1043850284304697
6166.700000000001			1.112228774674322
6167.6			1.1176211316353482
6168.5			1.0886070689367795
6169.4			1.0419263950763953
6170.3			1.0352586474496879
6171.200000000001			1.0702099619335335
6172.1			1.0991137791811298
6173.0			1.1005489949711393
6173.9			1.0981293816545634
6174.8			1.0972607727564796
6175.700000000001			1.0869261422627607
6176.6			1.0834995085713688
6177.5			1.096507660162924
6178.4			1.10937401201187
6179.3			1.1092400203247061
6180.200000000001			1.104036746858804
6181.1			1.107576484990914
6182.0			1.1161615974040306
6182.9			1.1143432082938476
6183.8			1.1069849199968473
6184.700000000001			1.1017724429122264
6185.6			1.0896953444354298
6186.5			1.0741049197624373
6187.4			1.064286867135924
6188.3			1.0600968511108428
6189.200000000001			1.0614352834293797
6190.1			1.0506300866581015
6191.0			1.0227821614557149
6191.9			1.0167440760527335
6192.8			1.0473696967468344
6193.700000000001			1.077928706611939
6194.6			1.0886732614461192
6195.5			1.09391621782057
6196.4			1.1017609319441264
6197.3			1.1083718879088462
6198.200000000001			1.1026576342012426
6199.1			1.081352220366577
6200.0			1.0614493467193211
6200.9			1.0599769024911134
6201.8			1.0753429021822785
6202.700000000001			1.0841699192404815
6203.6			1.074334533768767
6204.5			1.0617590455192363
6205.4			1.0657536666113951
6206.3			1.0839998424217745
6207.200000000001			1.0948355545275408
6208.1			1.084781577209773
6209.0			1.0727700046399467
6209.9			1.074348802156377
6210.8			1.0787059487853283
6211.700000000001			1.0702402507086293
6212.6			1.044857324654809
6213.5			1.0167833399270554
6214.4			0.9984287499022391
6215.3			0.9959024381225272
6216.200000000001			1.0093612003208077
6217.1			1.0316831286873227
6218.0			1.0408086176926725
6218.9			1.0208716150083383
6219.8			0.9968017251366371
6220.700000000001			0.9987710973711337
6221.6			1.0219202036788007
6222.5			1.0417148501616087
6223.4			1.0424536938650832
6224.3			1.035581356363453
6225.200000000001			1.033725211440013
6226.1			1.026951269791531
6227.0			1.0206952682578014
6227.9			1.0227354075302613
6228.8			1.0135701334367688
6229.700000000001			0.9815968184086954
6230.6			0.9520638867198289
6231.5			0.9496416569150365
6232.4			0.9672126195936512
6233.3			0.9938326103959363
6234.200000000001			1.0239852799365028
6235.1			1.036700993110466
6236.0			1.0220913738713029
6236.9			0.9924715702802683
6237.8			0.9745579691861838
6238.700000000001			0.9788833585865734
6239.6			0.9865373299914257
6240.5			0.9898004566882364
6241.4			0.9942351931085593
6242.3			0.9904264390531793
6243.200000000001			0.9705538719536503
6244.1			0.9501750856181181
6245.0			0.9402227354001789
6245.9			0.9357469622983303
6246.8			0.9439157267512701
6247.700000000001			0.96826480899271
6248.6			0.9899532670346844
6249.5			1.0005201577077225
6250.4			1.0001846615589878
6251.3			1.0
6252.200000000001			1.0
6253.1			1.0
6254.0			1.0
6254.9			1.0
6255.8			1.0
6256.700000000001			1.0
6257.6			1.0
6258.5			1.0
6259.4			1.0
6260.3			1.0
6261.200000000001			1.0
6262.1			1.0
6263.0			1.0
6263.9			1.0
6264.8			1.0
6265.700000000001			1.0
6266.6			1.0
6267.5			1.0
6268.4			1.0
6269.3			1.0
6270.200000000001			1.0
6271.1			1.0
6272.0			1.0
6272.9			1.0
6273.8			1.0
6274.700000000001			1.0
6275.6			1.0
6276.5			1.0
6277.4			1.0
6278.3			1.0
6279.200000000001			1.0
6280.1			1.0
6281.0			1.0
6281.9			1.0
6282.8			1.0
6283.700000000001			1.0
6284.6			1.0
6285.5			1.0
6286.4			1.0
6287.3			1.0
6288.200000000001			1.0
6289.1			1.0
6290.0			1.0
6290.9			1.0
6291.8			1.0
6292.700000000001			1.0
6293.6			1.0
6294.5			1.0
6295.4			1.0
6296.3			1.0
6297.200000000001			1.0
6298.1			1.0
6299.0			1.0
6299.9			1.0
6300.8			1.0
6301.700000000001			1.0
6302.6			1.0
6303.5			1.0
6304.4			1.0
6305.3			1.0
6306.200000000001			1.0
6307.1			1.0
6308.0			1.0
6308.9			1.0
6309.8			1.0
6310.700000000001			1.0
6311.6			1.0
6312.5			1.0
6313.4			1.0
6314.3			1.0
6315.200000000001			1.0
6316.1			1.0
6317.0			1.0
6317.9			1.0
6318.8			1.0
6319.700000000001			1.0
6320.6			1.0
6321.5			1.0
6322.4			1.0
6323.3			1.0
6324.200000000001			1.0
6325.1			1.0
6326.0			1.0
6326.9			1.0
6327.8			1.0
6328.700000000001			1.0
6329.6			1.0
6330.5			1.0
6331.4			1.0
6332.3			1.0
6333.200000000001			1.0
6334.1			1.0
6335.0			1.0
6335.9			1.0
6336.8			1.0
6337.700000000001			1.0
6338.6			1.0
6339.5			1.0
6340.4			1.0
6341.3			1.0
6342.200000000001			1.0
6343.1			1.0
6344.0			1.0
6344.9			1.0
6345.8			1.0
6346.700000000001			1.0
6347.6			1.0
6348.5			1.0
6349.4			1.0
6350.3			1.0
6351.200000000001			1.0
6352.1			1.0
6353.0			1.0
6353.9			1.0
6354.8			1.0
6355.700000000001			1.0
6356.6			1.0
6357.5			1.0
6358.4			1.0
6359.3			1.0
6360.200000000001			1.0
6361.1			1.0
6362.0			1.0
6362.9			1.0
6363.8			1.0
6364.700000000001			1.0
6365.6			1.0
6366.5			1.0
6367.4			1.0
6368.3			1.0
6369.200000000001			1.0
6370.1			1.0
6371.0			1.0
6371.9			1.0
6372.8			1.0
6373.700000000001			1.0
6374.6			1.0
6375.5			1.0
6376.4			1.0
6377.3			1.0
6378.200000000001			1.0
6379.1			1.0
6380.0			1.0
6380.9			1.0
6381.8			1.0
6382.700000000001			1.0
6383.6			1.0
6384.5			1.0
6385.4			1.0
6386.3			1.0
6387.200000000001			1.0
6388.1			1.0
6389.0			1.0
6389.9			1.0
6390.8			1.0
6391.700000000001			1.0
6392.6			1.0
6393.5			1.0
6394.4			1.0
6395.3			1.0
6396.200000000001			1.0
6397.1			1.0
6398.0			1.0
6398.9			1.0
6399.8			1.0
6400.700000000001			1.0
6401.6			1.0
6402.5			1.0
6403.4			1.0
6404.3			1.0
6405.200000000001			1.0
6406.1			1.0
6407.0			1.0
6407.9			1.0
6408.8			1.0
6409.700000000001			1.0
6410.6			1.0
6411.5			1.0
6412.4			1.0
6413.3			1.0
6414.200000000001			1.0
6415.1			1.0
6416.0			1.0
6416.9			1.0
6417.8			1.0
6418.700000000001			1.0
6419.6			1.0
6420.5			1.0
6421.4			1.0
6422.3			1.0
6423.200000000001			1.0
6424.1			1.0
6425.0			1.0
6425.9			1.0
6426.8			1.0
6427.700000000001			1.0
6428.6			1.0
6429.5			1.0
6430.4			1.0
6431.3			1.0
6432.200000000001			1.0
6433.1			1.0
6434.0			1.0
6434.9			1.0
6435.8			1.0
6436.700000000001			1.0
6437.6			1.0
6438.5			1.0
6439.4			1.0
6440.3			1.0
6441.200000000001			1.0
6442.1			1.0
6443.0			1.0
6443.9			1.0
6444.8			1.0
6445.700000000001			0.9966003345001425
6446.6			1.0002028156302862
6447.5			0.9999240608494351
6448.4			0.975955668136429
6449.3			0.9401969195958
6450.200000000001			0.9311477230554785
6451.1			0.9552982456051139
6452.0			0.9833557399982119
6452.9			0.9961136638007093
6453.8			0.9914743442633182
6454.700000000001			0.9721299662951333
6455.6			0.9469289262539263
6456.5			0.9375158706645575
6457.4			0.9552330507776075
6458.3			0.9867088936158298
6459.200000000001			1.0107021232279807
6460.1			1.016457574486462
6461.0			0.9944868922971994
6461.9			0.9479355871714987
6462.8			0.9190855109905443
6463.700000000001			0.9389117933517588
6464.6			0.9789952060922186
6465.5			1.0045877245140846
6466.4			1.0158326533671622
6467.3			1.015350590325117
6468.200000000001			1.0054296909729683
6469.1			0.9956709436165001
6470.0			0.9923324769560689
6470.9			0.9891494741769821
6471.8			0.9885384860233853
6472.700000000001			0.9968693276286303
6473.6			1.0035797288770192
6474.5			0.9974875463176374
6475.4			0.9922617529669425
6476.3			1.0071440067937059
6477.200000000001			1.032735516933711
6478.1			1.0449864846601746
6479.0			1.039672343683822
6479.9			1.0285006924904438
6480.8			1.0097554375643487
6481.700000000001			0.9842669201845584
6482.6			0.9750537352213876
6483.5			0.9933855803401289
6484.4			1.015700322710343
6485.3			1.0279970800158145
6486.200000000001			1.0362160435842076
6487.1			1.038163076452522
6488.0			1.0314291513889826
6488.9			1.0230681425270345
6489.8			1.0150570948344158
6490.700000000001			1.0050305559421715
6491.6			0.9989152253255323
6492.5			0.9865489209475636
6493.4			0.9481901924429473
6494.3			0.9007160213659299
6495.200000000001			0.8840419953038006
6496.1			0.9075835688276501
6497.0			0.9509157382686456
6497.9			0.9853082675505512
6498.8			0.9920101267235135
6499.700000000001			0.9881406822425587
6500.6			1.0008293390302958
6501.5			1.0242814308236168
6502.4			1.0414900749511322
6503.3			1.046960877474612
6504.200000000001			1.0447594547488943
6505.1			1.0441446613331002
6506.0			1.0526914205025928
6506.9			1.0611435782876717
6507.8			1.059294281327922
6508.700000000001			1.0518503855030783
6509.6			1.0489866109463668
6510.5			1.05296304990768
6511.4			1.057656177496087
6512.3			1.058572758089845
6513.200000000001			1.0491063916782557
6514.1			1.0312000205583287
6515.0			1.016814736554565
6515.9			1.0078826618877883
6516.8			0.9991729846616559
6517.700000000001			0.9947436209775213
6518.6			1.0066068321144288
6519.5			1.0345994042843545
6520.4			1.0533662057563566
6521.3			1.0536977909988996
6522.200000000001			1.0493986649479694
6523.1			1.0525859522798924
6524.0			1.0646305804971998
6524.9			1.0703802516756615
6525.8			1.0535394440578971
6526.700000000001			1.0
6527.6			0.9957988370670442
6528.5			1.0090714900694355
6529.4			1.0183822441697434
6530.3			1.0160123911059116
6531.200000000001			1.0114258392313424
6532.1			1.0096875770178042
6533.0			1.0053077542016369
6533.9			1.0032073593398934
6534.8			1.0128578217250137
6535.700000000001			1.0246632870900247
6536.6			1.0262401417241513
6537.5			1.0228574202679235
6538.4			1.0253366667654302
6539.3			1.0343983192023736
6540.200000000001			1.0388464629336962
6541.1			1.0325450458935925
6542.0			1.0213527233871993
6542.9			1.0175341301163476
6543.8			1.0203347849841216
6544.700000000001			1.0056686525728742
6545.6			0.9677248932710821
6546.5			0.9417897964203423
6547.4			0.9485938366814227
6548.3			0.9730622077318787
6549.200000000001			0.9920600099403318
6550.1			0.9922140253684364
6551.0			0.9788478439001146
6551.9			0.9690505379921206
6552.8			0.970082812567023
6553.700000000001			0.9728239875088476
6554.6			0.9599858017322207
6555.5			0.9361651804363876
6556.4			0.9232608127068888
6557.3			0.9173235744705198
6558.200000000001			0.9006328052600399
6559.1			0.8733202525470257
6560.0			0.8360439153747096
6560.9			0.7623708728453162
6561.8			0.6379095959673179
6562.700000000001			0.5422787952871774
6563.6			0.5771621460205109
6564.5			0.7098712699914193
6565.4			0.8242946717129529
6566.3			0.8813404859098286
6567.200000000001			0.9096780021182023
6568.1			0.9226102639584868
6569.0			0.9275725233775773
6569.9			0.9395185600006486
6570.8			0.9541296998819491
6571.700000000001			0.9578254144271494
6572.6			0.9493952802168504
6573.5			0.9367593780740158
6574.4			0.9354076241929351
6575.3			0.958094319612544
6576.200000000001			0.9879686029707264
6577.1			1.0024816048559901
6578.0			1.005191970119829
6578.9			1.0083617354338825
6579.8			1.011080904270051
6580.700000000001			1.0103418866491651
6581.6			1.0048631543826494
6582.5			0.9988262612840205
6583.4			0.9908517098789796
6584.3			0.9804203785509135
6585.200000000001			0.9726009400843771
6586.1			0.971653731315334
6587.0			0.980867962055935
6587.9			0.9954379292964658
6588.8			1.0065973580448886
6589.700000000001			1.0165356651632542
6590.6			1.0161278767179043
6591.5			0.9881545742301846
6592.4			0.9435269105472915
6593.3			0.921827565348608
6594.200000000001			0.9450816668625931
6595.1			0.9885596915728682
6596.0			1.0096479481819005
6596.9			0.9992464921297005
6597.8			0.9836622529054704
6598.700000000001			0.9864347631816015
6599.6			1.0041315040089165
6600.5			1.0182818463513066
6601.4			1.0225946290345005
6602.3			1.0261823277413413
6603.200000000001			1.0243441757838105
6604.1			1.0098424586519041
6605.0			0.9956731062314067
6605.9			0.9943314823695996
6606.8			1.0015753576553512
6607.700000000001			0.9982809217760991
6608.6			0.9803658898011345
6609.5			0.9723994648821741
6610.4			0.9901189845383435
6611.3			1.0121745558430495
6612.200000000001			1.0182955452921074
6613.1			1.0155264598228135
6614.0			1.0149339093527967
6614.9			1.0104866609083927
6615.8			1.0006151555175544
6616.700000000001			0.9968989080195694
6617.6			1.0056337795544577
6618.5			1.0157286099413707
6619.4			1.0199843374959716
6620.3			1.0199141143867652
6621.200000000001			1.02125255355058
6622.1			1.0265662582297574
6623.0			1.0275867512800259
6623.9			1.018357856921456
6624.8			1.008871618645076
6625.700000000001			1.0079893202239896
6626.6			1.0110546589819565
6627.5			1.009339508798727
6628.4			1.004536627039641
6629.3			1.004646961682355
6630.200000000001			1.0067262266546386
6631.1			1.0035510418252764
6632.0			0.9907573631091787
6632.9			0.9666701742337126
6633.8			0.9474901307541981
6634.700000000001			0.9532210133524761
6635.6			0.9746025992034844
6636.5			0.9940057132196323
6637.4			1.0055307501738289
6638.3			1.0108321040802073
6639.200000000001			1.0103980881147525
6640.1			1.008391495015782
6641.0			1.0082690909469707
6641.9			1.0011311654220605
6642.8			0.9835426982146532
6643.700000000001			0.9792140769229543
6644.6			0.9981161068351021
6645.5			1.0140848911845413
6646.4			1.0137718667520756
6647.3			1.0145254802736692
6648.200000000001			1.0188574946358535
6649.1			1.0161318099902499
6650.0			1.0140166110544893
6650.9			1.0181172673206782
6651.8			1.0215884492458251
6652.700000000001			1.02105901255375
6653.6			1.0195591906905663
6654.5			1.0196621217190098
6655.4			1.0220600976607295
6656.3			1.0226015242272766
6657.200000000001			1.0222427343523561
6658.1			1.0242672220904332
6659.0			1.0241072702482052
6659.9			1.0192965125072488
6660.8			1.017020558457057
6661.700000000001			1.0110459882645921
6662.6			0.9887044626950807
6663.5			0.9691144849904755
6664.4			0.98049109361776
6665.3			1.0113596425757512
6666.200000000001			1.0268114092857568
6667.1			1.0207357959038703
6668.0			1.0121775920976364
6668.9			1.0122106947905118
6669.8			1.0198003381574685
6670.700000000001			1.0252193364486757
6671.6			1.0231486109805723
6672.5			1.0219932243319099
6673.4			1.0249899908039022
6674.3			1.0273297715034844
6675.200000000001			1.0291521337778653
6676.1			1.023364926484436
6677.0			1.0000016294277514
6677.9			1.0
6678.8			1.0
6679.700000000001			1.0
6680.6			1.0
6681.5			1.0
6682.4			1.0
6683.3			1.0
6684.200000000001			1.0
6685.1			1.0
6686.0			1.0
6686.9			1.0
6687.8			1.0
6688.700000000001			1.0
6689.6			1.0
6690.5			1.0
6691.4			1.0
6692.3			1.0
6693.200000000001			1.0
6694.1			1.0
6695.0			1.0
6695.9			1.0
6696.8			1.0
6697.700000000001			1.0
6698.6			1.0
6699.5			1.0
6700.4			1.0
6701.3			1.0
6702.200000000001			1.0
6703.1			1.0
6704.0			1.0
6704.9			1.0
6705.8			1.0
6706.700000000001			1.0
6707.6			1.0
6708.5			1.0
6709.4			1.0
6710.3			1.0
6711.200000000001			1.0
6712.1			1.0
6713.0			1.0
6713.9			1.0
6714.8			1.0
6715.700000000001			1.0
6716.6			1.0
6717.5			1.0
6718.4			1.0
6719.3			1.0
6720.200000000001			1.0
6721.1			1.0
6722.0			1.0
6722.9			1.0
6723.8			1.0
6724.700000000001			1.0
6725.6			1.0
6726.5			1.0
6727.4			1.0
6728.3			1.0
6729.200000000001			1.0
6730.1			1.0
6731.0			1.0
6731.9			1.0
6732.8			1.0
6733.700000000001			1.0
6734.6			1.0
6735.5			1.0
6736.4			1.0
6737.3			1.0
6738.200000000001			1.0
6739.1			1.0
6740.0			1.0
6740.9			1.0
6741.8			1.0
6742.700000000001			1.0
6743.6			1.0
6744.5			1.0
6745.4			1.0
6746.3			1.0
6747.200000000001			1.0
6748.1			1.0
6749.0			1.0
6749.9			1.0
6750.8			1.0
6751.700000000001			1.0
6752.6			1.0
6753.5			1.0
6754.4			1.0
6755.3			1.0
6756.200000000001			1.0
6757.1			1.0
6758.0			1.0
6758.9			1.0
6759.8			1.0
6760.700000000001			1.0
6761.6			1.0
6762.5			1.0
6763.4			1.0
6764.3			1.0
6765.200000000001			1.0
6766.1			1.0
6767.0			1.0
6767.9			1.0
6768.8			1.0
6769.700000000001			1.0
6770.6			1.0
6771.5			1.0
6772.4			1.0
6773.3			1.0
6774.200000000001			1.0
6775.1			1.0
6776.0			1.0
6776.9			1.0
6777.8			1.0
6778.700000000001			1.0
6779.6			1.0
6780.5			1.0
6781.4			1.0
6782.3			1.0
6783.200000000001			1.0
6784.1			1.0
6785.0			1.0
6785.9			1.0
6786.8			1.0
6787.700000000001			1.0
6788.6			1.0
6789.5			1.0
6790.4			1.0
6791.3			1.0
6792.200000000001			1.0
6793.1			1.0
6794.0			1.0
6794.9			1.0
6795.8			1.0
6796.700000000001			1.0
6797.6			1.0
6798.5			1.0
6799.4			1.0
6800.3			1.0
6801.200000000001			1.0
6802.1			1.0
6803.0			1.0
6803.9			1.0
6804.8			1.0
6805.700000000001			1.0
6806.6			1.0
6807.5			1.0
6808.4			1.0
6809.3			1.0
6810.200000000001			1.0
6811.1			1.0
6812.0			1.0
6812.9			1.0
6813.8			1.0
6814.700000000001			1.0
6815.6			1.0
6816.5			1.0
6817.4			1.0
6818.3			1.0
6819.200000000001			1.0
6820.1			1.0
6821.0			1.0
6821.9			1.0
6822.8			1.0
6823.700000000001			1.0
6824.6			1.0
6825.5			1.0
6826.4			1.0
6827.3			1.0
6828.200000000001			1.0
6829.1			1.0
6830.0			1.0
6830.9			1.0
6831.8			1.0
6832.700000000001			1.0
6833.6			1.0
6834.5			1.0
6835.4			1.0
6836.3			1.0
6837.200000000001			1.0
6838.1			1.0
6839.0			1.0
6839.9			1.0
6840.8			1.0
6841.700000000001			1.0
6842.6			1.0
6843.5			1.0
6844.4			1.0
6845.3			1.0
6846.200000000001			1.0
6847.1			1.0
6848.0			1.0
6848.9			1.0
6849.8			1.0
6850.700000000001			1.0
6851.6			1.0
6852.5			1.0
6853.4			1.0
6854.3			1.0
6855.200000000001			1.0
6856.1			1.0
6857.0			1.0
6857.9			1.0
6858.8			1.0
6859.700000000001			1.0
6860.6			1.0
6861.5			1.0
6862.4			1.0
6863.3			1.0
6864.200000000001			1.0
6865.1			1.0
6866.0			1.0
6866.9			1.0
6867.8			1.0
6868.700000000001			1.0
6869.6			1.0
6870.5			1.0
6871.4			1.0
6872.3			1.0
6873.200000000001			1.0
6874.1			1.0
6875.0			1.0
6875.9			1.0
6876.8			1.0
6877.700000000001			1.0
6878.6			1.0
6879.5			1.0
6880.4			1.0
6881.3			1.0
6882.200000000001			1.0
6883.1			1.0
6884.0			1.0
6884.9			1.0
6885.8			1.0
6886.700000000001			1.0
6887.6			1.0
6888.5			1.0
6889.4			1.0
6890.3			1.0
6891.200000000001			1.0
6892.1			1.0
6893.0			1.0
6893.9			1.0
6894.8			1.0
6895.700000000001			1.0
6896.6			1.0
6897.5			1.0
6898.4			1.0
6899.3			1.0
6900.200000000001			1.0
6901.1			1.0
6902.0			1.0
6902.9			1.0
6903.8			1.0
6904.700000000001			1.0
6905.6			1.0
6906.5			1.0
6907.4			1.0
6908.3			1.0
6909.200000000001			1.0
6910.1			1.0
6911.0			1.0
6911.9			1.0
6912.8			1.0
6913.700000000001			1.0
6914.6			1.0
6915.5			1.0
6916.4			1.0
6917.3			1.0
6918.200000000001			1.0
6919.1			1.0
6920.0			1.0
6920.9			1.0
6921.8			1.0
6922.700000000001			1.0
6923.6			1.0
6924.5			1.0
6925.4			1.0
6926.3			1.0
6927.200000000001			1.0
6928.1			1.0
6929.0			1.0
6929.9			1.0
6930.8			1.0
6931.700000000001			1.0
6932.6			1.0
6933.5			1.0
6934.4			1.0
6935.3			1.0
6936.200000000001			1.0
6937.1			1.0
6938.0			1.0
6938.9			1.0
6939.8			1.0
6940.700000000001			1.0
6941.6			1.0
6942.5			1.0
6943.4			1.0
6944.3			1.0
6945.200000000001			1.0
6946.1			1.0
6947.0			1.0
6947.9			1.0
6948.8			1.0
6949.700000000001			1.0
6950.6			1.0
6951.5			1.0
6952.4			1.0
6953.3			1.0
6954.200000000001			1.0
6955.1			1.0
6956.0			1.0
6956.9			1.0
6957.8			1.0
6958.700000000001			1.0
6959.6			1.0
6960.5			1.0
6961.4			1.0
6962.3			1.0
6963.200000000001			1.0
6964.1			1.0
6965.0			1.0
6965.9			1.0
6966.8			1.0
6967.700000000001			1.0
6968.6			1.0
6969.5			1.0
6970.4			1.0
6971.3			1.0
6972.200000000001			1.0
6973.1			1.0
6974.0			1.0
6974.9			1.0
6975.8			1.0
6976.700000000001			1.0
6977.6			1.0
6978.5			1.0
6979.4			1.0
6980.3			1.0
6981.200000000001			1.0
6982.1			1.0
6983.0			1.0
6983.9			1.0
6984.8			1.0
6985.700000000001			1.0
6986.6			1.0
6987.5			1.0
6988.4			1.0
6989.3			1.0
6990.200000000001			1.0
6991.1			1.0
6992.0			1.0
6992.9			1.0
6993.8			1.0
6994.700000000001			1.0
6995.6			1.0
6996.5			1.0
6997.4			1.0
6998.3			1.0
6999.200000000001			1.0
7000.1			1.0
7001.0			1.0
7001.9			1.0
7002.8			1.0
7003.700000000001			1.0
7004.6			1.0
7005.5			1.0
7006.4			1.0
7007.3			1.0
7008.200000000001			1.0
7009.1			1.0
7010.0			1.0
7010.9			1.0
7011.8			1.0
7012.700000000001			1.0
7013.6			1.0
7014.5			1.0
7015.4			1.0
7016.3			1.0
7017.200000000001			1.0
7018.1			1.0
7019.0			1.0
7019.9			1.0
7020.8			1.0
7021.700000000001			1.0
7022.6			1.0
7023.5			1.0
7024.4			1.0
7025.3			1.0
7026.200000000001			1.0
7027.1			1.0
7028.0			1.0
7028.9			1.0
7029.8			1.0
7030.700000000001			1.0
7031.6			1.0
7032.5			1.0
7033.4			1.0
7034.3			1.0
7035.200000000001			1.0
7036.1			1.0
7037.0			1.0
7037.9			1.0
7038.8			1.0
7039.700000000001			1.0
7040.6			1.0
7041.5			1.0
7042.4			1.0
7043.3			1.0
7044.200000000001			1.0
7045.1			1.0
7046.0			1.0
7046.9			1.0
7047.8			1.0
7048.700000000001			1.0
7049.6			1.0
7050.5			1.0
7051.4			1.0
7052.3			1.0
7053.200000000001			1.0
7054.1			1.0
7055.0			1.0
7055.9			1.0
7056.8			1.0
7057.700000000001			1.0
7058.6			1.0
7059.5			1.0
7060.4			1.0
7061.3			1.0
7062.200000000001			1.0
7063.1			1.0
7064.0			1.0
7064.9			1.0
7065.8			1.0
7066.700000000001			1.0
7067.6			1.0
7068.5			1.0
7069.4			1.0
7070.3			1.0
7071.200000000001			1.0
7072.1			1.0
7073.0			1.0
7073.9			1.0
7074.8			1.0
7075.700000000001			1.0
7076.6			1.0
7077.5			1.0
7078.4			1.0
7079.3			1.0
7080.200000000001			1.0
7081.1			1.0
7082.0			1.0
7082.9			1.0
7083.8			1.0
7084.700000000001			1.0
7085.6			1.0
7086.5			1.0
7087.4			1.0
7088.3			1.0
7089.200000000001			1.0
7090.1			1.0
7091.0			1.0
7091.9			1.0
7092.8			1.0
7093.700000000001			1.0
7094.6			1.0
7095.5			1.0
7096.4			1.0
7097.3			1.0
7098.200000000001			1.0
7099.1			1.0
7100.0			1.0
7100.9			1.0
7101.8			1.0
7102.700000000001			1.0
7103.6			1.0
7104.5			1.0
7105.4			1.0
7106.3			1.0
7107.200000000001			1.0
7108.1			1.0
7109.0			1.0
7109.9			1.0
7110.8			1.0
7111.700000000001			1.0
7112.6			1.0
7113.5			1.0
7114.4			1.0
7115.3			1.0
7116.200000000001			1.0
7117.1			1.0
7118.0			1.0
7118.9			1.0
7119.8			1.0
7120.700000000001			1.0
7121.6			1.0
7122.5			1.0
7123.4			1.0
7124.3			1.0
7125.200000000001			1.0
7126.1			1.0
7127.0			1.0
7127.9			1.0
7128.8			1.0
7129.700000000001			1.0
7130.6			1.0
7131.5			1.0
7132.4			1.0
7133.3			1.0
7134.200000000001			1.0
7135.1			1.0
7136.0			1.0
7136.9			1.0
7137.8			1.0
7138.700000000001			1.0
7139.6			1.0
7140.5			1.0
7141.4			1.0
7142.3			1.0
7143.200000000001			1.0
7144.1			1.0
7145.0			1.0
7145.9			1.0
7146.8			1.0
7147.700000000001			1.0
7148.6			1.0
7149.5			1.0
7150.4			1.0
7151.3			1.0
7152.200000000001			1.0
7153.1			1.0
7154.0			1.0
7154.9			1.0
7155.8			1.0
7156.700000000001			1.0
7157.6			1.0
7158.5			1.0
7159.4			1.0
7160.3			1.0
7161.200000000001			1.0
7162.1			1.0
7163.0			1.0
7163.9			1.0
7164.8			1.0
7165.700000000001			1.0
7166.6			1.0
7167.5			1.0
7168.4			1.0
7169.3			1.0
7170.200000000001			1.0
7171.1			1.0
7172.0			1.0
7172.9			1.0
7173.8			1.0
7174.700000000001			1.0
7175.6			1.0
7176.5			1.0
7177.4			1.0
7178.3			1.0
7179.200000000001			1.0
7180.1			1.0
7181.0			1.0
7181.9			1.0
7182.8			1.0
7183.700000000001			1.0
7184.6			1.0
7185.5			1.0
7186.4			1.0
7187.3			1.0
7188.200000000001			1.0
7189.1			1.0
7190.0			1.0
7190.9			1.0
7191.8			1.0
7192.700000000001			1.0
7193.6			1.0
7194.5			1.0
7195.4			1.0
7196.3			1.0
7197.200000000001			1.0
7198.1			1.0
7199.0			1.0
7199.9			1.0
7200.8			1.0
7201.700000000001			1.0
7202.6			1.0
7203.5			1.0
7204.4			1.0
7205.3			1.0
7206.200000000001			1.0
7207.1			1.0
7208.0			1.0
7208.9			1.0
7209.8			1.0
7210.700000000001			1.0
7211.6			1.0
7212.5			1.0
7213.4			1.0
7214.3			1.0
7215.200000000001			1.0
7216.1			1.0
7217.0			1.0
7217.9			1.0
7218.8			1.0
7219.700000000001			1.0
7220.6			1.0
7221.5			1.0
7222.4			1.0
7223.3			1.0
7224.200000000001			1.0
7225.1			1.0
7226.0			1.0
7226.9			1.0
7227.8			1.0
7228.700000000001			1.0
7229.6			1.0
7230.5			1.0
7231.4			1.0
7232.3			1.0
7233.200000000001			1.0
7234.1			1.0
7235.0			1.0
7235.9			1.0
7236.8			1.0
7237.700000000001			1.0
7238.6			1.0
7239.5			1.0
7240.4			1.0
7241.3			1.0
7242.200000000001			1.0
7243.1			1.0
7244.0			1.0
7244.9			1.0
7245.8			1.0
7246.700000000001			1.0
7247.6			1.0
7248.5			1.0
7249.4			1.0
7250.3			1.0
7251.200000000001			1.0
7252.1			1.0
7253.0			1.0
7253.9			1.0
7254.8			1.0
7255.700000000001			1.0
7256.6			1.0
7257.5			1.0
7258.4			1.0
7259.3			1.0
7260.200000000001			1.0
7261.1			1.0
7262.0			1.0
7262.9			1.0
7263.8			1.0
7264.700000000001			1.0
7265.6			1.0
7266.5			1.0
7267.4			1.0
7268.3			1.0
7269.200000000001			1.0
7270.1			1.0
7271.0			1.0
7271.9			1.0
7272.8			1.0
7273.700000000001			1.0
7274.6			1.0
7275.5			1.0
7276.4			1.0
7277.3			1.0
7278.200000000001			1.0
7279.1			1.0
7280.0			1.0
7280.9			1.0
7281.8			1.0
7282.700000000001			1.0
7283.6			1.0
7284.5			1.0
7285.4			1.0
7286.3			1.0
7287.200000000001			1.0
7288.1			1.0
7289.0			1.0
7289.9			1.0
7290.8			1.0
7291.700000000001			1.0
7292.6			1.0
7293.5			1.0
7294.4			1.0
7295.3			1.0
7296.200000000001			1.0
7297.1			1.0
7298.0			1.0
7298.9			1.0
7299.8			1.0
7300.700000000001			1.0
7301.6			1.0
7302.5			1.0
7303.4			1.0
7304.3			1.0
7305.200000000001			1.0
7306.1			1.0
7307.0			1.0
7307.9			1.0
7308.8			1.0
7309.700000000001			1.0
7310.6			1.0
7311.5			1.0
7312.4			1.0
7313.3			1.0
7314.200000000001			1.0
7315.1			1.0
7316.0			1.0
7316.9			1.0
7317.8			1.0
7318.700000000001			1.0
7319.6			1.0
7320.5			1.0
7321.4			1.0
7322.3			1.0
7323.200000000001			1.0
7324.1			1.0
7325.0			1.0
7325.9			1.0
7326.8			1.0
7327.700000000001			1.0
7328.6			1.0
7329.5			1.0
7330.4			1.0
7331.3			1.0
7332.200000000001			1.0
7333.1			1.0
7334.0			1.0
7334.9			1.0
7335.8			1.0
7336.700000000001			1.0
7337.6			1.0
7338.5			1.0
7339.4			1.0
7340.3			1.0
7341.200000000001			1.0
7342.1			1.0
7343.0			1.0
7343.9			1.0
7344.8			1.0
7345.700000000001			1.0
7346.6			1.0
7347.5			1.0
7348.4			1.0
7349.3			1.0
7350.200000000001			1.0
7351.1			1.0
7352.0			1.0
7352.9			1.0
7353.8			1.0
7354.700000000001			1.0
7355.6			1.0
7356.5			1.0
7357.4			1.0
7358.3			1.0
7359.200000000001			1.0
7360.1			1.0
7361.0			1.0
7361.9			1.0
7362.8			1.0
7363.700000000001			1.0
7364.6			1.0
7365.5			1.0
7366.4			1.0
7367.3			1.0
7368.200000000001			1.0
7369.1			1.0
7370.0			1.0
7370.9			1.0
7371.8			1.0
7372.700000000001			1.0
7373.6			1.0
7374.5			1.0
7375.4			1.0
7376.3			1.0
7377.200000000001			1.0
7378.1			1.0
7379.0			1.0
7379.9			1.0
7380.8			1.0
7381.700000000001			1.0
7382.6			1.0
7383.5			1.0
7384.4			1.0
7385.3			1.0
7386.200000000001			1.0
7387.1			1.0
7388.0			1.0
7388.9			1.0
7389.8			1.0
7390.700000000001			1.0
7391.6			1.0
7392.5			1.0
7393.4			1.0
7394.3			1.0
7395.200000000001			1.0
7396.1			1.0
7397.0			1.0
7397.9			1.0
7398.8			1.0
7399.700000000001			1.0
7400.6			1.0
7401.5			1.0
7402.4			1.0
7403.3			1.0
7404.200000000001			1.0
7405.1			1.0
7406.0			1.0
7406.9			1.0
7407.8			1.0
7408.700000000001			1.0
7409.6			1.0
7410.5			1.0
7411.4			1.0
7412.3			1.0
7413.200000000001			1.0
7414.1			1.0
7415.0			1.0
7415.9			1.0
7416.8			1.0
7417.700000000001			1.0
7418.6			1.0
7419.5			1.0
7420.4			1.0
7421.3			1.0
7422.200000000001			1.0
7423.1			1.0
7424.0			1.0
7424.9			1.0
7425.8			1.0
7426.700000000001			1.0
7427.6			1.0
7428.5			1.0
7429.4			1.0
