3500.0			1.0
3500.9			1.0
3501.8			1.0
3502.7			1.0
3503.6			1.0
3504.5			1.0
3505.4			1.0
3506.3			1.0
3507.2			1.0
3508.1			1.0
3509.0			1.0
3509.9			1.0
3510.8			1.0
3511.7			1.0
3512.6			1.0
3513.5			1.0
3514.4			1.0
3515.3			1.0
3516.2			1.0
3517.1			1.0
3518.0			1.0
3518.9			1.0
3519.8			1.0
3520.7			1.0
3521.6			1.0
3522.5			1.0
3523.4			1.0
3524.3			1.0
3525.2			1.0
3526.1			1.0
3527.0			1.0
3527.9			1.0
3528.8			1.0
3529.7			1.0
3530.6			1.0
3531.5			1.0
3532.4			1.0
3533.3			1.0
3534.2			1.0
3535.1			1.0
3536.0			1.0
3536.9			1.0
3537.8			1.0
3538.7			1.0
3539.6			1.0
3540.5			1.0
3541.4			1.0
3542.3			1.0
3543.2			1.0
3544.1			1.0
3545.0			1.0
3545.9			1.0
3546.8			1.0
3547.7			1.0
3548.6			1.0
3549.5			1.0
3550.4			1.0
3551.3			1.0
3552.2			1.0
3553.1			1.0
3554.0			1.0
3554.9			1.0
3555.8			1.0
3556.7			1.0
3557.6			1.0
3558.5			1.0
3559.4			1.0
3560.3			1.0
3561.2			1.0
3562.1			1.0
3563.0			1.0
3563.9			1.0
3564.8			1.0
3565.7			1.0
3566.6			1.0
3567.5			1.0
3568.4			1.0
3569.3			1.0
3570.2			1.0
3571.1			1.0
3572.0			1.0
3572.9			1.0
3573.8			1.0
3574.7			1.0
3575.6			1.0
3576.5			1.0
3577.4			1.0
3578.3			1.0
3579.2			1.0
3580.1			1.0
3581.0			1.0
3581.9			1.0
3582.8			1.0
3583.7			1.0
3584.6			1.0
3585.5			1.0
3586.4			1.0
3587.3			1.0
3588.2			1.0
3589.1			1.0
3590.0			1.0
3590.9			1.0
3591.8			1.0
3592.7			1.0
3593.6			1.0
3594.5			1.0
3595.4			1.0
3596.3			1.0
3597.2			1.0
3598.1			1.0
3599.0			1.0
3599.9			1.0
3600.8			1.0
3601.7			1.0
3602.6			1.0
3603.5			1.0
3604.4			1.0
3605.3			1.0
3606.2			1.0
3607.1			1.0
3608.0			1.0
3608.9			1.0
3609.8			1.0
3610.7			1.0
3611.6			1.0
3612.5			1.0
3613.4			1.0
3614.3			1.0
3615.2			1.0
3616.1			1.0
3617.0			1.0
3617.9			1.0
3618.8			1.0
3619.7			1.0
3620.6			1.0
3621.5			1.0
3622.4			1.0
3623.3			1.0
3624.2			1.0
3625.1			1.0
3626.0			1.0
3626.9			1.0
3627.8			1.0
3628.7			1.0
3629.6			1.0
3630.5			1.0
3631.4			1.0
3632.3			1.0
3633.2			1.0
3634.1			1.0
3635.0			1.0
3635.9			1.0
3636.8			1.0
3637.7			1.0
3638.6			1.0
3639.5			1.0
3640.4			1.0
3641.3			1.0
3642.2			1.0
3643.1			1.0
3644.0			1.0
3644.9			1.0
3645.8			1.0
3646.7			1.0
3647.6			1.0
3648.5			1.0
3649.4			1.0
3650.3			1.0
3651.2			1.0
3652.1			1.0
3653.0			1.0
3653.9			1.0
3654.8			1.0
3655.7			1.0
3656.6			1.0
3657.5			1.0
3658.4			1.0
3659.3			1.0
3660.2			1.0
3661.1			1.0
3662.0			1.0
3662.9			1.0
3663.8			1.0
3664.7			1.0
3665.6			1.0
3666.5			1.0
3667.4			1.0
3668.3			1.0
3669.2			1.0
3670.1			1.0
3671.0			1.0
3671.9			1.0
3672.8			1.0
3673.7			1.0
3674.6			1.0
3675.5			1.0
3676.4			1.0
3677.3			1.0
3678.2			1.0
3679.1			1.0
3680.0			1.0
3680.9			1.0
3681.8			1.0
3682.7			1.0
3683.6			1.0
3684.5			1.0
3685.4			1.0
3686.3			1.0
3687.2			1.0
3688.1			1.0
3689.0			1.0
3689.9			1.0
3690.8			1.0
3691.7			1.0
3692.6			1.0
3693.5			1.0
3694.4			1.0
3695.3			1.0
3696.2			1.0
3697.1			1.0
3698.0			1.0
3698.9			1.0
3699.8			1.0
3700.7			1.0
3701.6			1.0
3702.5			1.0
3703.4			1.0
3704.3			1.0
3705.2			1.0
3706.1			1.0
3707.0			1.0
3707.9			1.0
3708.8			1.0
3709.7			1.0
3710.6			1.0
3711.5			1.0
3712.4			1.0
3713.3			1.0
3714.2			1.0
3715.1			1.0
3716.0			1.0
3716.9			1.0
3717.8			1.0
3718.7			1.0
3719.6			1.0
3720.5			1.0
3721.4			1.0
3722.3			1.0
3723.2			1.0
3724.1			1.0
3725.0			1.0
3725.9			1.0
3726.8			1.0
3727.7			1.0
3728.6			1.0
3729.5			1.0
3730.4			1.0
3731.3			1.0
3732.2			1.0
3733.1			1.0
3734.0			1.0
3734.9			1.0
3735.8			1.0
3736.7			1.0
3737.6			1.0
3738.5			1.0
3739.4			1.0
3740.3			1.0
3741.2			1.0
3742.1			1.0
3743.0			1.0
3743.9			1.0
3744.8			1.0
3745.7			1.0
3746.6			1.0
3747.5			1.0
3748.4			1.0
3749.3			1.0
3750.2			1.0
3751.1			1.0
3752.0			1.0
3752.9			1.0
3753.8			1.0
3754.7			1.0
3755.6			1.0
3756.5			1.0
3757.4			1.0
3758.3			1.0
3759.2			1.0
3760.1			1.0
3761.0			1.0
3761.9			1.0
3762.8			1.0
3763.7			1.0
3764.6			1.0
3765.5			1.0
3766.4			1.0
3767.3			1.0
3768.2			1.0
3769.1			1.0
3770.0			1.0
3770.9			1.0
3771.8			1.0
3772.7			1.0
3773.6			1.0
3774.5			1.0
3775.4			1.0
3776.3			1.0
3777.2			1.0
3778.1			1.0
3779.0			1.0
3779.9			1.0
3780.8			1.0
3781.7			1.0
3782.6			1.0
3783.5			1.0
3784.4			1.0
3785.3			1.0
3786.2			1.0
3787.1			1.0
3788.0			1.0
3788.9			1.0
3789.8			1.0
3790.7			1.0
3791.6			1.0
3792.5			1.0
3793.4			1.0
3794.3			1.0
3795.2			1.0
3796.1			1.0
3797.0			1.0
3797.9			1.0
3798.8			1.0
3799.7			1.0
3800.6			1.0
3801.5			1.0
3802.4			1.0
3803.3			1.0
3804.2			1.0
3805.1			1.0
3806.0			1.0
3806.9			1.0
3807.8			1.0
3808.7			1.0
3809.6			1.0
3810.5			1.0
3811.4			1.0
3812.3			1.0
3813.2			1.0
3814.1			1.0
3815.0			1.0
3815.9			1.0
3816.8			1.0
3817.7			1.0
3818.6			1.0
3819.5			1.0
3820.4			1.0
3821.3			1.0
3822.2			1.0
3823.1			1.0
3824.0			1.0
3824.9			1.0
3825.8			1.0
3826.7			1.0
3827.6			1.0
3828.5			1.0
3829.4			1.0
3830.3			1.0
3831.2			1.0
3832.1			1.0
3833.0			1.0
3833.9			1.0
3834.8			1.0
3835.7			1.0
3836.6			1.0
3837.5			1.0
3838.4			1.0
3839.3			1.0
3840.2			1.0
3841.1			1.0
3842.0			1.0
3842.9			1.0
3843.8			1.0
3844.7			1.0
3845.6			1.0
3846.5			1.0
3847.4			1.0
3848.3			1.0
3849.2			1.0
3850.1			1.0
3851.0			1.0
3851.9			1.0
3852.8			1.0
3853.7			1.0
3854.6			1.0
3855.5			1.0
3856.4			1.0
3857.3			1.0
3858.2			1.0
3859.1			1.0
3860.0			1.0
3860.9			1.0
3861.8			1.0
3862.7			1.0
3863.6			1.0
3864.5			1.0
3865.4			1.0
3866.3			1.0
3867.2			1.0
3868.1			1.0
3869.0			1.0
3869.9			1.0
3870.8			1.0
3871.7			1.0
3872.6			1.0
3873.5			1.0
3874.4			1.0
3875.3			1.0
3876.2			1.0
3877.1			1.0
3878.0			1.0
3878.9			1.0
3879.8			1.0
3880.7			1.0
3881.6			1.0
3882.5			1.0
3883.4			1.0
3884.3			1.0
3885.2			1.0
3886.1			1.0
3887.0			1.0
3887.9			1.0
3888.8			1.0
3889.7			1.0
3890.6			1.0
3891.5			1.0
3892.4			1.0
3893.3			1.0
3894.2			1.0
3895.1			1.0
3896.0			1.0
3896.9			1.0
3897.8			1.0
3898.7			1.0
3899.6			1.0
3900.5			1.0
3901.4			1.0
3902.3			1.0
3903.2			1.0
3904.1			1.0
3905.0			1.0
3905.9			1.0
3906.8			1.0
3907.7			1.0
3908.6			1.0
3909.5			1.0
3910.4			1.0
3911.3			1.0
3912.2			1.0
3913.1			1.0
3914.0			1.0
3914.9			1.0
3915.8			1.0
3916.7			1.0
3917.6			1.0
3918.5			1.0
3919.4			1.0
3920.3			1.0
3921.2			1.0
3922.1			1.0
3923.0			1.0
3923.9			1.0
3924.8			1.0
3925.7			1.0
3926.6			1.0
3927.5			1.0
3928.4			1.0
3929.3			1.0
3930.2			1.0
3931.1			1.0
3932.0			1.0
3932.9			1.0
3933.8			1.0
3934.7			1.0
3935.6			1.0
3936.5			1.0
3937.4			1.0
3938.3			1.0
3939.2			1.0
3940.1			1.0
3941.0			1.0
3941.9			1.0
3942.8			1.0
3943.7			1.0
3944.6			1.0
3945.5			1.0
3946.4			1.0
3947.3			1.0
3948.2			1.0
3949.1			1.0
3950.0			1.0
3950.9			1.0
3951.8			1.0
3952.7			1.0
3953.6			1.0
3954.5			1.0
3955.4			1.0
3956.3			1.0
3957.2			1.0
3958.1			1.0
3959.0			1.0
3959.9			1.0
3960.8			1.0
3961.7			1.0
3962.6			1.0
3963.5			1.0
3964.4			1.0
3965.3			1.0
3966.2			1.0
3967.1			1.0
3968.0			1.0
3968.9			1.0
3969.8			1.0
3970.7			1.0
3971.6			1.0
3972.5			1.0
3973.4			1.0
3974.3			1.0
3975.2			1.0
3976.1			1.0
3977.0			1.0
3977.9			1.0
3978.8			1.0
3979.7			1.0
3980.6			1.0
3981.5			1.0
3982.4			1.0
3983.3			1.0
3984.2			1.0
3985.1			1.0
3986.0			1.0
3986.9			1.0
3987.8			1.0
3988.7			1.0
3989.6			1.0
3990.5			1.0
3991.4			1.0
3992.3			1.0
3993.2			1.0
3994.1			1.0
3995.0			1.0
3995.9			1.0
3996.8			1.0
3997.7			1.0
3998.6			1.0
3999.5			1.0
4000.4			1.0
4001.3			1.0
4002.2			1.0
4003.1			1.0
4004.0			1.0
4004.9			1.0
4005.8			1.0
4006.7			1.0
4007.6			1.0
4008.5			1.0
4009.4			1.0
4010.3			1.0
4011.2			1.0
4012.1			1.0
4013.0			1.0
4013.9			1.0
4014.8			1.0
4015.7			1.0
4016.6			1.0
4017.5			1.0
4018.4			1.0
4019.3			1.0
4020.2			1.0
4021.1			1.0
4022.0			1.0
4022.9			1.0
4023.8			1.0
4024.7			1.0
4025.6			1.0
4026.5			1.0
4027.4			1.0
4028.3			1.042666458857968
4029.2			0.9446509094521478
4030.1			0.7034576773177539
4031.0			0.5310694018899946
4031.9			0.49201411526136013
4032.8			0.45820535615850666
4033.7			0.44572317911787923
4034.6			0.539814991128976
4035.5			0.7112406079649176
4036.4			0.8896608110249107
4037.3			1.005639248684817
4038.2			1.0292459546842836
4039.1			0.9975788966760727
4040.0			1.0
4040.9			1.0
4041.8			0.9919908585012168
4042.7			0.9572711636359112
4043.6			0.8193778878386652
4044.5			0.6196158262965463
4045.4			0.46629025722727474
4046.3			0.48183696223292644
4047.2			0.6621044140661486
4048.1			0.8610092367316132
4049.0			0.9996905666103411
4049.9			1.0
4050.8			1.0
4051.7			1.0
4052.6			1.0
4053.5			1.0
4054.4			1.0
4055.3			1.0
4056.2			1.0
4057.1			1.0
4058.0			1.0
4058.9			1.0
4059.8			1.103190266342058
4060.7			1.1628190469655568
4061.6			1.0739259985347678
4062.5			0.8406672296362068
4063.4			0.6309978068096831
4064.3			0.6559213678038079
4065.2			0.874410569586787
4066.1			1.005673896645845
4067.0			0.991335034311271
4067.9			1.0
4068.8			1.0
4069.7			1.0
4070.6			1.0
4071.5			1.0
4072.4			1.0
4073.3			1.0
4074.2			1.0
4075.1			0.9052123259852409
4076.0			0.7239715490715222
4076.9			0.5727742835898658
4077.8			0.5438012689674561
4078.7			0.6539967661779496
4079.6			0.8399292906349458
4080.5			1.005693259363496
4081.4			1.0
4082.3			1.0
4083.2			1.0
4084.1			1.0
4085.0			1.0
4085.9			1.0
4086.8			1.0
4087.7			1.0
4088.6			1.0
4089.5			1.0
4090.4			1.0
4091.3			1.0
4092.2			0.9637913286347034
4093.1			0.9913163200731283
4094.0			1.0402897837597136
4094.9			0.950276274820172
4095.8			0.7914984987768685
4096.7			0.735602792511931
4097.6			0.7770326025415351
4098.5			0.8092282514843023
4099.4			0.777823428172728
4100.3			0.7001343183167344
4101.2			0.6622715511386096
4102.1			0.7387726382243665
4103.0			0.8390006287865323
4103.9			0.8793595166565601
4104.8			0.9495312037520223
4105.7			1.0919966961388943
4106.6			1.1965918270547728
4107.5			1.2097024403034322
4108.4			1.174813619213462
4109.3			1.1021704947611908
4110.2			0.9985744012891256
4111.1			1.0
4112.0			1.0
4112.9			1.0
4113.8			1.0
4114.7			1.0
4115.6			1.0
4116.5			1.0
4117.4			1.0
4118.3			1.0
4119.2			1.0
4120.1			1.0
4121.0			1.0
4121.9			1.0
4122.8			1.0
4123.7			1.0
4124.6			1.0
4125.5			1.0
4126.4			1.0
4127.3			1.0
4128.2			1.0
4129.1			1.0
4130.0			1.0
4130.9			1.0
4131.8			1.0
4132.7			1.0
4133.6			1.0
4134.5			1.0
4135.4			1.0
4136.3			1.0
4137.2			1.0
4138.1			1.0
4139.0			1.0
4139.9			0.9816196023290831
4140.8			0.966807493126119
4141.7			0.8396291147956054
4142.6			0.6059069929282969
4143.5			0.49222958497079716
4144.4			0.5992364937680205
4145.3			0.8020046026665419
4146.2			0.9406685587589727
4147.1			0.9970640457181947
4148.0			1.0
4148.9			1.0
4149.8			1.0
4150.7			1.0
4151.6			1.0
4152.5			1.0
4153.4			1.0
4154.3			1.0
4155.2			1.0
4156.1			1.0
4157.0			1.0
4157.9			1.0
4158.8			1.0
4159.7			1.0
4160.6			1.0
4161.5			1.0
4162.4			1.0
4163.3			1.0
4164.2			1.0
4165.1			1.0
4166.0			1.0
4166.9			0.9875778892955991
4167.8			0.9332724463709308
4168.7			0.9461503536429664
4169.6			1.012257750934225
4170.5			1.03119083248411
4171.4			0.9007848773365837
4172.3			0.7100266565285198
4173.2			0.6529030384555019
4174.1			0.7105300463511246
4175.0			0.7877075271261051
4175.9			0.8521643497392714
4176.8			0.8645359572763964
4177.7			0.8633798832066437
4178.6			0.9283130363847524
4179.5			1.0004445392849106
4180.4			1.0
4181.3			1.0
4182.2			1.0
4183.1			1.0
4184.0			1.0
4184.9			1.0
4185.8			1.0
4186.7			1.0
4187.6			1.0
4188.5			1.0
4189.4			1.0
4190.3			1.0
4191.2			1.0
4192.1			1.0
4193.0			1.1375951567447982
4193.9			1.1420924526380156
4194.8			1.0315707078591745
4195.7			0.9289968206134054
4196.6			0.863450844279233
4197.5			0.7971738810929522
4198.4			0.7444386857377061
4199.3			0.7393643794674982
4200.2			0.7427157337189506
4201.1			0.7076174418879173
4202.0			0.7004146865439609
4202.9			0.7734311104139309
4203.8			0.8353856718915206
4204.7			0.8484835306957156
4205.6			0.8954939307710778
4206.5			0.9799048269077947
4207.4			1.0600141499634232
4208.3			1.1136246774383916
4209.2			1.0888093352955428
4210.1			1.0184935632319023
4211.0			1.0022670672950416
4211.9			1.0
4212.8			0.9675856258853442
4213.7			0.8573031559254591
4214.6			0.7199923763248247
4215.5			0.6710005881311919
4216.4			0.7921974228581726
4217.3			0.946652140823107
4218.2			0.9973078436468461
4219.1			1.0
4220.0			1.0
4220.9			0.9675164029594256
4221.8			0.8786213084166393
4222.7			0.7341046250031693
4223.6			0.5749115855487519
4224.5			0.419780352908886
4225.4			0.27074924842305853
4226.3			0.16550700798689183
4227.2			0.1602316532167286
4228.1			0.26585892233517544
4229.0			0.4415078964074329
4229.9			0.6612156715468915
4230.8			0.8899810493269119
4231.7			1.012887990867895
4232.6			0.9921587684086038
4233.5			0.9819447047429651
4234.4			1.0
4235.3			1.0
4236.2			1.0
4237.1			1.0
4238.0			1.0
4238.9			1.0
4239.8			1.0
4240.7			1.0
4241.6			1.0
4242.5			1.0
4243.4			1.0
4244.3			1.0
4245.2			1.0
4246.1			1.0
4247.0			0.907936020414902
4247.9			0.886369004292951
4248.8			0.8881660476953518
4249.7			0.7972202184991637
4250.6			0.6606345706030357
4251.5			0.6553568678050475
4252.4			0.7215265254954873
4253.3			0.6703384235021264
4254.2			0.552984686871365
4255.1			0.6157256397969114
4256.0			0.8737024208105431
4256.9			1.109705845141656
4257.8			1.1699139221631236
4258.7			1.0777366676522884
4259.6			0.970734614537811
4260.5			0.9195254308748654
4261.4			1.0224812989719252
4262.3			1.0
4263.2			1.0
4264.1			1.0
4265.0			1.0392860533818606
4265.9			1.028083794974148
4266.8			0.9746194071941081
4267.7			0.8829887964925937
4268.6			0.8084895358932586
4269.5			0.7348765841650715
4270.4			0.5997249694851692
4271.3			0.4479171210258871
4272.2			0.4063438158603761
4273.1			0.46548128209863676
4274.0			0.4724245007623649
4274.9			0.4555900262362086
4275.8			0.5723612647283493
4276.7			0.7689669718081853
4277.6			0.9398916660105145
4278.5			1.041299439773904
4279.4			1.0038337264403256
4280.3			1.0
4281.2			1.0
4282.1			1.0
4283.0			1.0
4283.9			1.0
4284.8			1.0
4285.7			1.0
4286.6			0.9790557002793492
4287.5			0.9208065685339406
4288.4			0.773398924790969
4289.3			0.5892286504819049
4290.2			0.5000123315614151
4291.1			0.5994736386389591
4292.0			0.8178664245179267
4292.9			0.9919103192258103
4293.8			0.9989159478111932
4294.7			1.0
4295.6			1.0
4296.5			1.0
4297.4			1.0
4298.3			1.0
4299.2			1.0
4300.1			1.0
4301.0			1.0
4301.9			1.0
4302.8			1.0
4303.7			1.0350235038951066
4304.6			1.0060459818853513
4305.5			0.838157463036189
4306.4			0.658409107821578
4307.3			0.5371440897943238
4308.2			0.4941548317759734
4309.1			0.5678491144389249
4310.0			0.7309675662037404
4310.9			0.8982361120330282
4311.8			0.9880403844992622
4312.7			0.9860209724585
4313.6			1.0
4314.5			1.0
4315.4			1.0
4316.3			1.0
4317.2			1.0
4318.1			1.0
4319.0			1.0
4319.9			1.0
4320.8			1.0
4321.7			1.0
4322.6			0.9854574437036249
4323.5			0.8722742528129189
4324.4			0.6742983331361437
4325.3			0.4917204361236274
4326.2			0.4793750361600401
4327.1			0.6912449832465253
4328.0			0.9565185684864798
4328.9			1.0665811258758853
4329.8			1.002135188922219
4330.7			1.0
4331.6			1.0
4332.5			1.0
4333.4			1.0
4334.3			1.0
4335.2			1.0446171194961147
4336.1			0.9788835643577493
4337.0			0.7848714871509084
4337.9			0.651716817446107
4338.8			0.6502858296493744
4339.7			0.6458600871726077
4340.6			0.6463667101947845
4341.5			0.7569061560939573
4342.4			0.8916852285114593
4343.3			0.9203691303153544
4344.2			0.9184826245639828
4345.1			0.9698015265484857
4346.0			0.9978138176378771
4346.9			1.0
4347.8			1.0
4348.7			1.1327432582992063
4349.6			1.138202275503378
4350.5			0.9383588515701408
4351.4			0.7157297886697618
4352.3			0.6748459549124532
4353.2			0.7715043527153217
4354.1			0.8577121365561772
4355.0			0.912598966709801
4355.9			0.9996248758351858
4356.8			1.0
4357.7			1.0
4358.6			1.0
4359.5			1.0
4360.4			1.0
4361.3			1.0
4362.2			1.0
4363.1			1.0
4364.0			1.0
4364.9			1.0
4365.8			1.0
4366.7			1.0
4367.6			1.0
4368.5			1.0
4369.4			1.0
4370.3			1.0
4371.2			1.0
4372.1			0.9811323760789442
4373.0			0.9070116267364416
4373.9			0.7861641202352794
4374.8			0.6944871315761203
4375.7			0.7088720297445005
4376.6			0.8554297960597698
4377.5			1.0012405616168853
4378.4			1.0
4379.3			0.932984909011493
4380.2			0.8562335061344385
4381.1			0.7973023252532137
4382.0			0.6713620884426934
4382.9			0.4725634279186094
4383.8			0.3508757786579091
4384.7			0.4514569462928863
4385.6			0.7225376431389077
4386.5			0.9458868980020722
4387.4			1.0062091739394847
4388.3			1.0094058707884097
4389.2			1.0
4390.1			1.0
4391.0			1.0
4391.9			1.0
4392.8			1.0
4393.7			1.0
4394.6			1.0
4395.5			1.0
4396.4			1.0
4397.3			1.0
4398.2			1.0
4399.1			1.0
4400.0			0.8831545410184926
4400.9			0.8541526850454246
4401.8			0.9322600355822782
4402.7			0.9215589446673826
4403.6			0.6977664456523732
4404.5			0.4648064313349107
4405.4			0.43721211336227955
4406.3			0.544732359272858
4407.2			0.6044231124831428
4408.1			0.6090342806318243
4409.0			0.7055875641023057
4409.9			0.8901199864766862
4410.8			1.0010709611803186
4411.7			1.0
4412.6			0.9913779997789889
4413.5			0.9066091570524482
4414.4			0.7200417411905987
4415.3			0.6159949690290959
4416.2			0.7054425636957038
4417.1			0.8643841509209411
4418.0			1.0028614267213116
4418.9			1.0
4419.8			1.0
4420.7			1.0
4421.6			1.0
4422.5			1.0
4423.4			1.0
4424.3			1.0
4425.2			1.0
4426.1			1.0
4427.0			1.0
4427.9			1.0
4428.8			1.0
4429.7			1.0
4430.6			1.0
4431.5			1.0
4432.4			1.0566626227632256
4433.3			0.9481095632371876
4434.2			0.7717181977943427
4435.1			0.6654630085634337
4436.0			0.7113042002361064
4436.9			0.860323711885801
4437.8			0.9988071127636263
4438.7			1.0
4439.6			1.0
4440.5			1.0
4441.4			1.0
4442.3			1.0
4443.2			1.0
4444.1			1.0
4445.0			1.0
4445.9			1.0
4446.8			1.0
4447.7			1.0
4448.6			1.0
4449.5			1.0
4450.4			1.0
4451.3			1.0
4452.2			1.0025224359124127
4453.1			0.9243272192273653
4454.0			0.8276031507787437
4454.9			0.7534077205981086
4455.8			0.7551002606337064
4456.7			0.815239710636181
4457.6			0.8327800211154713
4458.5			0.7926430916016487
4459.4			0.7527322134774449
4460.3			0.7257947222281497
4461.2			0.6930719784401935
4462.1			0.7345802388950056
4463.0			0.9074727712516725
4463.9			1.0421828231006185
4464.8			1.0129402417239042
4465.7			0.9546281589589576
4466.6			0.9752329761085821
4467.5			1.006882003249985
4468.4			0.9820934287002434
4469.3			0.9565087836216517
4470.2			0.9954222217768519
4471.1			1.0
4472.0			1.0
4472.9			1.0
4473.8			1.0
4474.7			1.0
4475.6			1.0
4476.5			1.0
4477.4			1.0
4478.3			0.9853508060311245
4479.2			0.8924447227768921
4480.1			0.7778834677149435
4481.0			0.7101026530513593
4481.9			0.6952923711546474
4482.8			0.7622730992542801
4483.7			0.8795839569395216
4484.6			0.9578053894267483
4485.5			0.9977652718932599
4486.4			1.0
4487.3			1.0
4488.2			1.0
4489.1			1.0
4490.0			1.0
4490.9			1.0
4491.8			1.0806697121305942
4492.7			1.070934721668377
4493.6			0.9438991033393753
4494.5			0.7867584948368955
4495.4			0.7181252633223154
4496.3			0.733665954488581
4497.2			0.8254988540635296
4498.1			0.9480658980621582
4499.0			1.0124629804213807
4499.9			1.0
4500.8			1.0
4501.7			1.0
4502.6			1.0
4503.5			1.0
4504.4			1.0
4505.3			1.0
4506.2			1.0
4507.1			1.0
4508.0			1.0
4508.9			1.0
4509.8			1.0
4510.7			1.0023291704375803
4511.6			0.9546175653370791
4512.5			0.8957730594115746
4513.4			0.8786544674081966
4514.3			0.9048520985209477
4515.2			1.0
4516.1			1.0357249643829982
4517.0			1.0079928396796767
4517.9			0.9414313391282619
4518.8			0.9651206254925342
4519.7			1.0697243570407018
4520.6			1.1526360124683288
4521.5			1.1527182380313457
4522.4			1.0276197989816618
4523.3			0.9491535405064174
4524.2			0.9746049055452837
4525.1			0.9416079769235193
4526.0			0.8398832245584165
4526.9			0.7419678959595315
4527.8			0.6863295977820684
4528.7			0.6876683381643024
4529.6			0.7443700742488547
4530.5			0.794800231508304
4531.4			0.8417319496564982
4532.3			0.8970360291418755
4533.2			0.8607247474761104
4534.1			0.754097463340123
4535.0			0.6945150261741528
4535.9			0.7849422798864011
4536.8			1.0105402849234821
4537.7			1.0
4538.6			0.9808391814719172
4539.5			0.9006012471893232
4540.4			0.8296379199899132
4541.3			0.8414045335056956
4542.2			0.9506335850241272
4543.1			1.0413150345772946
4544.0			1.0182444072928793
4544.9			1.0
4545.8			1.0
4546.7			1.0
4547.6			1.0
4548.5			1.0
4549.4			1.0
4550.3			1.0372882672292538
4551.2			1.0470118981111165
4552.1			0.9452723977349243
4553.0			0.837947899386105
4553.9			0.7846602761973412
4554.8			0.770803682912172
4555.7			0.8268025378390684
4556.6			0.927571784774104
4557.5			0.9877487595172194
4558.4			1.0
4559.3			1.0
4560.2			1.0
4561.1			1.0
4562.0			0.9965276382392166
4562.9			0.9184577403408175
4563.8			0.8228612386763754
4564.7			0.7927476004183555
4565.6			0.8290901204656745
4566.5			0.9209873521996531
4567.4			1.0054425800459257
4568.3			1.0
4569.2			1.0
4570.1			1.0
4571.0			1.0
4571.9			1.0
4572.8			1.0
4573.7			1.0
4574.6			1.0
4575.5			1.0
4576.4			1.020159467464754
4577.3			1.0
4578.2			0.938927684048979
4579.1			0.8526797315581413
4580.0			0.8022489179997382
4580.9			0.8387736736993918
4581.8			0.9333494600871782
4582.7			0.9929738246639183
4583.6			0.9716594816979954
4584.5			0.9122003490754824
4585.4			0.8608196563941745
4586.3			0.8571764071992567
4587.2			0.9320582304386549
4588.1			1.0234717981466865
4589.0			1.0565459977470635
4589.9			1.0154800109442113
4590.8			0.9281227390213942
4591.7			0.8664407372324529
4592.6			0.8547126896061715
4593.5			0.8378913518556516
4594.4			0.8051703371861941
4595.3			0.813156879399694
4596.2			0.8508607817768754
4597.1			0.8633672346146222
4598.0			0.8678954616216802
4598.9			0.88974346045216
4599.8			0.877867329234345
4600.7			0.8506890937627196
4601.6			0.8635969947086073
4602.5			0.868798800790995
4603.4			0.8514121509047139
4604.3			0.8281525051673484
4605.2			0.7934608369252736
4606.1			0.7953108174091492
4607.0			0.8858738865058955
4607.9			1.0268459397963434
4608.8			1.0985006984549863
4609.7			1.0634090940736847
4610.6			0.9979552244007431
4611.5			1.0
4612.4			1.0
4613.3			1.0
4614.2			1.0
4615.1			1.0
4616.0			1.0
4616.9			1.0
4617.8			1.0
4618.7			1.0
4619.6			1.0
4620.5			1.0
4621.4			1.0
4622.3			1.0
4623.2			1.0
4624.1			1.0
4625.0			1.0
4625.9			1.0
4626.8			1.0
4627.7			1.0
4628.6			1.0
4629.5			1.0
4630.4			1.0
4631.3			1.0
4632.2			1.0
4633.1			1.0
4634.0			1.0
4634.9			1.0
4635.8			1.0
4636.7			1.0
4637.6			1.0
4638.5			1.0
4639.4			1.0
4640.3			0.9537290805427039
4641.2			1.0629907100353684
4642.1			1.1543684865660504
4643.0			1.1185372428725817
4643.9			1.0463906966610255
4644.8			0.9638670495010485
4645.7			0.8358633562946406
4646.6			0.7654031654216928
4647.5			0.8056406281846997
4648.4			0.8726316345779455
4649.3			0.9299301049347812
4650.2			0.9773630852292889
4651.1			0.9984045773129868
4652.0			1.0
4652.9			0.9887257494960763
4653.8			0.9189478686315457
4654.7			0.8378030592036027
4655.6			0.8073496106291391
4656.5			0.8233362292457607
4657.4			0.898465560206386
4658.3			0.9879775155067188
4659.2			1.0
4660.1			1.0
4661.0			1.0
4661.9			0.922408025150873
4662.8			0.858824390071392
4663.7			0.8504828960135716
4664.6			0.8812996419096786
4665.5			0.8677566575929445
4666.4			0.771470709280978
4667.3			0.682515411122375
4668.2			0.6976330411856188
4669.1			0.8017634694241588
4670.0			0.9176110957624403
4670.9			0.9945398748790614
4671.8			1.0131136746151663
4672.7			1.0032835104362434
4673.6			1.0
4674.5			1.0
4675.4			1.0
4676.3			1.0
4677.2			1.0141838264526828
4678.1			0.983290481477594
4679.0			0.9402833784968996
4679.9			0.8906198430924787
4680.8			0.8524978955981088
4681.7			0.8578107035026596
4682.6			0.9222947661559153
4683.5			0.994506538276678
4684.4			1.001851724653405
4685.3			1.0
4686.2			1.0
4687.1			1.0
4688.0			1.0
4688.9			1.0
4689.8			1.0
4690.7			1.0
4691.6			1.0
4692.5			1.0132135732887728
4693.4			1.0340392883747542
4694.3			1.0785093997031552
4695.2			1.1375403365123549
4696.1			1.1552767809374336
4697.0			1.0884061228352293
4697.9			0.9643208547583573
4698.8			0.8889698051259769
4699.7			0.9224922540335211
4700.6			0.9728360438472894
4701.5			0.9730845720071417
4702.4			0.9582954295033808
4703.3			0.9532442889129659
4704.2			0.9864525038911807
4705.1			0.9973030314104279
4706.0			1.0
4706.9			1.0
4707.8			1.0
4708.7			1.0
4709.6			1.0
4710.5			1.0
4711.4			1.0
4712.3			0.9809946258798884
4713.2			0.9181411400044771
4714.1			0.8544893640941338
4715.0			0.8425410805171502
4715.9			0.9080233233189149
4716.8			0.9727610121890937
4717.7			0.9977453860515582
4718.6			1.0
4719.5			1.0
4720.4			1.0
4721.3			1.0
4722.2			0.9490878441858197
4723.1			0.9464210831219375
4724.0			1.0150805885186733
4724.9			1.0769637694209921
4725.8			1.0511049375040382
4726.7			0.9318650097276246
4727.6			0.7912663480768928
4728.5			0.7302489795136069
4729.4			0.7599703698568326
4730.3			0.8121018959339026
4731.2			0.8515970598860915
4732.1			0.8925535798157284
4733.0			0.9254116467395211
4733.9			0.9494383279484219
4734.8			1.003574989170456
4735.7			1.0
4736.6			1.0
4737.5			1.0
4738.4			1.0
4739.3			1.0
4740.2			1.0
4741.1			1.0
4742.0			1.0
4742.9			1.0
4743.8			1.0
4744.7			1.0
4745.6			1.0
4746.5			1.0
4747.4			1.0
4748.3			1.0
4749.2			1.0
4750.1			1.0
4751.0			1.0
4751.9			1.0
4752.8			1.0
4753.7			1.0
4754.6			1.0
4755.5			1.0
4756.4			1.0
4757.3			1.0
4758.2			1.0
4759.1			1.010982653646167
4760.0			1.036025452256443
4760.9			1.014185879544744
4761.8			0.9554626731256726
4762.7			0.9273659271417242
4763.6			0.9217013487038488
4764.5			0.8899103770982677
4765.4			0.8416776825642183
4766.3			0.8321387306028163
4767.2			0.8828869999757302
4768.1			0.9485744030766606
4769.0			0.994489168867984
4769.9			1.0127203097065371
4770.8			0.9828561103549038
4771.7			0.9408164069088097
4772.6			0.9443368786153394
4773.5			0.9998334752387251
4774.4			1.0
4775.3			1.0
4776.2			1.0
4777.1			1.0114785183931103
4778.0			1.0163418879730972
4778.9			0.9994189905007017
4779.8			0.9840629362117241
4780.7			0.9677278041641926
4781.6			0.9350868875178915
4782.5			0.8926572310485792
4783.4			0.8789606927860797
4784.3			0.9233209388965792
4785.2			0.9756546898167339
4786.1			0.9806196920352822
4787.0			0.989592878212279
4787.9			1.0166541630750088
4788.8			1.0094457324872856
4789.7			1.0006555565354347
4790.6			1.0
4791.5			1.0
4792.4			1.0
4793.3			1.0
4794.2			1.0
4795.1			1.0
4796.0			1.0
4796.9			1.0
4797.8			1.0
4798.7			1.0
4799.6			1.0
4800.5			1.0
4801.4			1.0
4802.3			1.0735090726553207
4803.2			1.0890597198785834
4804.1			1.0312676841457693
4805.0			0.9511985970198279
4805.9			0.9103369615590451
4806.8			0.8910602664452136
4807.7			0.8822426994527224
4808.6			0.9127978598617176
4809.5			0.9727916828878399
4810.4			1.0067911369308764
4811.3			0.999461798808701
4812.2			0.992439255068054
4813.1			1.0029415141989302
4814.0			1.0
4814.9			1.0
4815.8			1.0
4816.7			1.0
4817.6			1.0
4818.5			1.0
4819.4			1.0
4820.3			1.0
4821.2			1.0
4822.1			1.0
4823.0			1.0
4823.9			1.0
4824.8			1.0
4825.7			1.0
4826.6			1.0
4827.5			1.0
4828.4			1.0
4829.3			1.0
4830.2			1.0109322737646012
4831.1			0.9353951046149864
4832.0			0.8593693968819159
4832.9			0.9013122780804647
4833.8			1.001382564279496
4834.7			1.0
4835.6			1.0
4836.5			1.0
4837.4			1.0
4838.3			1.0
4839.2			1.0
4840.1			1.0
4841.0			1.0
4841.9			0.9853632167886304
4842.8			0.9190570250922782
4843.7			0.8947326089885093
4844.6			0.9527536336628476
4845.5			1.0098653742641577
4846.4			1.0
4847.3			1.0
4848.2			1.0
4849.1			1.0
4850.0			1.0
4850.9			1.0
4851.8			1.0
4852.7			1.0
4853.6			1.0
4854.5			0.9183311064705795
4855.4			0.8886045686816844
4856.3			0.9584784003006265
4857.2			1.0297146652024507
4858.1			1.0259706838619038
4859.0			0.9701554157924582
4859.9			0.8895116168582613
4860.8			0.8067988185163341
4861.7			0.8117734802119893
4862.6			0.9078137530508562
4863.5			0.9484585571915394
4864.4			0.9407152408952786
4865.3			0.9712996543660968
4866.2			1.0063470501436664
4867.1			1.0000526718935632
4868.0			1.0
4868.9			1.0
4869.8			0.9911210981755353
4870.7			0.8926612066811294
4871.6			0.8349054023020405
4872.5			0.9075859564570828
4873.4			1.0000179706679377
4874.3			1.0
4875.2			1.0
4876.1			1.0
4877.0			1.0
4877.9			1.0
4878.8			1.0
4879.7			0.9884362535611066
4880.6			0.8920533254412004
4881.5			0.8527314142524223
4882.4			0.9316206323418358
4883.3			1.0163433970452163
4884.2			1.0
4885.1			1.0
4886.0			1.0
4886.9			1.0
4887.8			1.027632066871515
4888.7			1.0007103828678774
4889.6			0.9149057369925789
4890.5			0.7966821539764464
4891.4			0.7617228946347467
4892.3			0.8425156883271134
4893.2			0.9095296411786503
4894.1			0.9436180214716713
4895.0			0.9720869259922538
4895.9			1.0
4896.8			1.0
4897.7			1.0
4898.6			1.0
4899.5			1.0
4900.4			1.0
4901.3			1.0
4902.2			1.0
4903.1			1.0
4904.0			1.0
4904.9			1.0731499283225183
4905.8			1.1479588442470905
4906.7			1.1306967812098945
4907.6			1.049045114749375
4908.5			0.9767453584400375
4909.4			0.9357017513449285
4910.3			0.9369717743192266
4911.2			0.9670042331727536
4912.1			0.9904647817881543
4913.0			0.9953359975466544
4913.9			1.0062441706679814
4914.8			1.0
4915.7			1.0
4916.6			0.9981475404204485
4917.5			0.935866191138947
4918.4			0.8221961890923248
4919.3			0.7204559317068153
4920.2			0.6974001293945126
4921.1			0.786971640949234
4922.0			0.9354728774459684
4922.9			1.0232011113263078
4923.8			1.0052146678661973
4924.7			1.0
4925.6			1.0
4926.5			1.0
4927.4			1.0
4928.3			1.0
4929.2			1.0
4930.1			1.0
4931.0			1.0
4931.9			1.0
4932.8			1.0
4933.7			1.0
4934.6			1.0616027142638897
4935.5			1.123141977411165
4936.4			1.0649389571801113
4937.3			0.9289156526402604
4938.2			0.8231512187527963
4939.1			0.8328531736355285
4940.0			0.9197863409594835
4940.9			0.987323384446301
4941.8			0.9965470272545927
4942.7			1.0
4943.6			1.0
4944.5			1.0
4945.4			1.0
4946.3			1.0
4947.2			1.0
4948.1			1.0
4949.0			1.0
4949.9			1.0
4950.8			1.0
4951.7			1.0
4952.6			1.0
4953.5			1.0
4954.4			1.0
4955.3			0.9458365861271639
4956.2			0.8484923392762679
4957.1			0.7123809836157484
4958.0			0.7004107913012472
4958.9			0.8425275221979683
4959.8			0.9680739377726864
4960.7			1.0004382149512876
4961.6			1.0
4962.5			1.0
4963.4			1.0
4964.3			1.0
4965.2			1.0
4966.1			1.0
4967.0			1.0
4967.9			1.0
4968.8			1.0
4969.7			1.0
4970.6			1.0
4971.5			1.0
4972.4			1.0
4973.3			1.0
4974.2			1.0
4975.1			1.0
4976.0			1.0
4976.9			1.0
4977.8			1.0
4978.7			0.953574617787906
4979.6			0.9640630502332054
4980.5			0.944404518692595
4981.4			0.8534026829978973
4982.3			0.7882099867763362
4983.2			0.8409938850376505
4984.1			0.9384839423070673
4985.0			0.9891200233242967
4985.9			1.0043601371105375
4986.8			1.0
4987.7			1.0
4988.6			1.0
4989.5			1.0
4990.4			1.0
4991.3			1.0
4992.2			1.0
4993.1			1.0
4994.0			1.0
4994.9			1.0
4995.8			1.0
4996.7			1.0
4997.6			1.0
4998.5			1.0
4999.4			1.0
5000.3			1.0
5001.2			1.0531977094410674
5002.1			1.0781750798673382
5003.0			1.0703115967755767
5003.9			1.0470715979517728
5004.8			0.9959503864666603
5005.7			0.9320082715084167
5006.6			0.9179353394723373
5007.5			0.9863775050480895
5008.4			1.0629124547647981
5009.3			1.0806336572167692
5010.2			1.0751587538384562
5011.1			1.0378210468344762
5012.0			0.9387749948806884
5012.9			0.8519308892300618
5013.8			0.7979881335543755
5014.7			0.8130886234525824
5015.6			0.9186632587433422
5016.5			0.9958775720536889
5017.4			1.0037785898683789
5018.3			1.0004145728645146
5019.2			1.0016157961858327
5020.1			0.980074839881782
5021.0			0.9364290584235927
5021.9			0.8793798792839574
5022.8			0.8860956176924412
5023.7			0.978587631077612
5024.6			1.035829961142139
5025.5			1.0325856794317456
5026.4			0.997447083583553
5027.3			1.0
5028.2			1.0
5029.1			1.0
5030.0			1.0
5030.9			1.0
5031.8			1.0
5032.7			1.0
5033.6			1.0
5034.5			1.0
5035.4			1.0
5036.3			1.0
5037.2			1.044692780188431
5038.1			1.024802759960538
5039.0			0.8952345907803511
5039.9			0.7598683609857724
5040.8			0.6937847875380119
5041.7			0.7563537292509224
5042.6			0.8882000644355629
5043.5			1.0
5044.4			1.0674490257199811
5045.3			1.135169717267658
5046.2			1.1430922746508558
5047.1			1.077727232105709
5048.0			0.964062525074881
5048.9			0.8729586850283759
5049.8			0.8447885182791715
5050.7			0.8645856807507671
5051.6			0.8887361230185991
5052.5			0.9073593680055368
5053.4			0.9397999359562447
5054.3			0.9785143151949562
5055.2			1.0026685751566122
5056.1			1.0
5057.0			1.0
5057.9			1.0
5058.8			1.0
5059.7			1.0
5060.6			1.0
5061.5			1.0
5062.4			0.9899091435171239
5063.3			0.920346199602644
5064.2			0.8191716467982216
5065.1			0.8216805872968549
5066.0			0.9445235876514075
5066.9			1.0283848078295605
5067.8			1.0294552815582536
5068.7			1.0
5069.6			1.0
5070.5			1.0
5071.4			1.0
5072.3			1.0
5073.2			1.0682378043976992
5074.1			1.1287714985529926
5075.0			1.0805197737807497
5075.9			1.0043107919694623
5076.8			1.0119832948701406
5077.7			1.040638157715694
5078.6			0.9546267896878771
5079.5			0.8289330018653182
5080.4			0.8112994374082395
5081.3			0.8531444641716799
5082.2			1.0
5083.1			1.0033854689403512
5084.0			1.0426865838329955
5084.9			1.0859380075064395
5085.8			1.1090001860960912
5086.7			1.1232336257665483
5087.6			1.122145879973596
5088.5			1.1304750488216186
5089.4			1.1362685202795402
5090.3			1.1292258265538053
5091.2			1.1290262042422865
5092.1			1.1735435824818767
5093.0			1.2142929313596564
5093.9			1.1694101075243999
5094.8			1.0615845803110207
5095.7			1.0022351634343272
5096.6			1.024276861337423
5097.5			1.0295059271022604
5098.4			0.9450083204847897
5099.3			0.8819058272885417
5100.2			0.9257560714390085
5101.1			0.9803525582810678
5102.0			0.9936374226013007
5102.9			0.9785717403810215
5103.8			0.9496869409229592
5104.7			0.9309491643343515
5105.6			0.9257314601622533
5106.5			0.9032218823150789
5107.4			0.873423769255707
5108.3			0.8700827924074124
5109.2			0.8629847727142166
5110.1			0.8432709607170528
5111.0			0.8553235244309568
5111.9			0.8693035896969354
5112.8			0.8610034293260774
5113.7			1.0
5114.6			1.0870820987333232
5115.5			1.112820369100949
5116.4			1.1137129882969237
5117.3			1.1406064361868264
5118.2			1.1266294712175184
5119.1			1.070074935055123
5120.0			1.0255560426414725
5120.9			0.9882645311446743
5121.8			0.9533004628137148
5122.7			0.8805688130282772
5123.6			0.8046491917406732
5124.5			0.8195035782878328
5125.4			0.8740864734625697
5126.3			0.8767916215118059
5127.2			0.8507822378116343
5128.1			0.8360108057784902
5129.0			0.8243953182606136
5129.9			0.8338156968531187
5130.8			0.9154247156974874
5131.7			0.9934077740650286
5132.6			0.9974568072081258
5133.5			1.0
5134.4			1.0
5135.3			1.0
5136.2			1.0
5137.1			1.0
5138.0			1.0
5138.9			1.0
5139.8			1.0
5140.7			1.0865159957363475
5141.6			1.0530045019973964
5142.5			0.9776150901065744
5143.4			0.999322769232527
5144.3			1.0423065587285942
5145.2			1.00554671220588
5146.1			0.9657484925800933
5147.0			0.9811897875315699
5147.9			1.0300225515781538
5148.8			1.0696548737651617
5149.7			1.0613626791740711
5150.6			1.0
5151.5			0.9661220793356212
5152.4			0.934549109221357
5153.3			0.9264388583662264
5154.2			0.977561106578215
5155.1			1.0962909602486
5156.0			1.2185530843930563
5156.9			1.2973251695248482
5157.8			1.3267997620950784
5158.7			1.2888247289768744
5159.6			1.2665988157141337
5160.5			1.3194742527312713
5161.4			1.336621576184975
5162.3			1.270804551273258
5163.2			1.2284229585968867
5164.1			1.187697939864761
5165.0			1.0259367268562831
5165.9			0.8059553799730147
5166.8			0.657341255331299
5167.7			0.632124923212959
5168.6			0.7169338193887579
5169.5			0.8276406540053262
5170.4			0.8481746853557546
5171.3			0.7343894494683235
5172.2			0.6092251311333757
5173.1			0.6288211251254585
5174.0			0.7937480365774832
5174.9			0.9589273868073348
5175.8			1.032528123893687
5176.7			1.0539639017254325
5177.6			1.0565765671356604
5178.5			1.0414407928045482
5179.4			1.0
5180.3			0.9277268669805919
5181.2			0.8310740105399037
5182.1			0.709736621122415
5183.0			0.6053993872030852
5183.9			0.6356109507967356
5184.8			0.8183375742731822
5185.7			1.0044373896694831
5186.6			1.2879937441026312
5187.5			1.3210893447949439
5188.4			1.0
5189.3			1.028847564015883
5190.2			1.0121237135682002
5191.1			0.8836231469475498
5192.0			0.7482762215784712
5192.9			0.7402999142460579
5193.8			0.8149701363701702
5194.7			0.8704606090739857
5195.6			0.9229848336380612
5196.5			0.9999729531456458
5197.4			1.0
5198.3			1.0
5199.2			1.0
5200.1			1.0
5201.0			1.0
5201.9			0.9582677996349036
5202.8			0.905535033226222
5203.7			0.80052583185897
5204.6			0.6628696336938357
5205.5			0.5873748028783867
5206.4			0.5928817021186096
5207.3			0.5886429166670324
5208.2			0.5508202993817979
5209.1			0.5654388493254416
5210.0			0.6572725883067795
5210.9			0.7975866744726914
5211.8			0.9431487421519398
5212.7			1.022225150319573
5213.6			1.0339119412458038
5214.5			1.0033071274650907
5215.4			1.0
5216.3			1.0
5217.2			1.0
5218.1			1.0
5219.0			1.0
5219.9			1.0
5220.8			1.0
5221.7			1.0
5222.6			0.9323389496461029
5223.5			0.8285794332771629
5224.4			0.7388251991191379
5225.3			0.6853345681996051
5226.2			0.660093265077718
5227.1			0.7050204390874177
5228.0			0.8457267605269396
5228.9			0.9696244637275667
5229.8			1.001284372259707
5230.7			1.0
5231.6			1.0
5232.5			1.0
5233.4			1.0
5234.3			1.0
5235.2			1.0
5236.1			1.0
5237.0			1.0
5237.9			1.0
5238.8			1.0
5239.7			1.0
5240.6			0.9985211163603966
5241.5			1.028689782882044
5242.4			1.0586444758576063
5243.3			1.0879893787525763
5244.2			1.1150984189165847
5245.1			1.0604345371346238
5246.0			0.8979318693624351
5246.9			0.7810684126590789
5247.8			0.8317106803440676
5248.7			0.9216764383749646
5249.6			0.8976471406515658
5250.5			0.8376988003530086
5251.4			0.8701063311400384
5252.3			0.9574134427160571
5253.2			0.998977160458732
5254.1			1.0
5255.0			1.0
5255.9			1.0
5256.8			1.0
5257.7			1.0
5258.6			1.0
5259.5			1.0
5260.4			1.0
5261.3			0.9374444688044243
5262.2			0.8570837874667938
5263.1			0.7763262716363962
5264.0			0.715751391140089
5264.9			0.6765859828962659
5265.8			0.6796305679304295
5266.7			0.7515312443767811
5267.6			0.7798453476168768
5268.5			0.65504452593485
5269.4			0.5220303763036365
5270.3			0.5708510955619022
5271.2			0.7444788458610636
5272.1			0.8670386919513802
5273.0			0.899721812974137
5273.9			0.8938051121880789
5274.8			0.8668255431422777
5275.7			0.8650439806286355
5276.6			0.9307185750096124
5277.5			1.0007338846012552
5278.4			1.0
5279.3			0.9670289477878677
5280.2			0.9110749228661502
5281.1			0.8575849783893836
5282.0			0.8171193353524395
5282.9			0.7957407855569263
5283.8			0.816559594510399
5284.7			0.8962849780507213
5285.6			0.9803403903085914
5286.5			0.9999600422106149
5287.4			1.0
5288.3			1.0
5289.2			1.0
5290.1			1.0
5291.0			1.0
5291.9			1.0
5292.8			1.0
5293.7			1.0116895948034679
5294.6			1.0150342240573993
5295.5			0.9522417162728359
5296.4			0.8359485719884903
5297.3			0.7615679503227771
5298.2			0.8103099577530973
5299.1			0.9321406347968885
5300.0			0.9936500369086148
5300.9			0.9920737227510981
5301.8			1.0
5302.7			1.0
5303.6			1.0
5304.5			1.0
5305.4			1.0
5306.3			1.0
5307.2			1.0
5308.1			1.0
5309.0			1.0
5309.9			1.0
5310.8			1.0
5311.7			1.0
5312.6			1.0
5313.5			1.0
5314.4			1.0
5315.3			1.0
5316.2			1.0
5317.1			1.0
5318.0			1.0
5318.9			1.0
5319.8			1.0
5320.7			1.0
5321.6			1.0
5322.5			1.0
5323.4			1.0
5324.3			0.9916414177095484
5325.2			1.0211095968221726
5326.1			0.9666807097474773
5327.0			0.7860465755707483
5327.9			0.6276831427043108
5328.8			0.6654157805652904
5329.7			0.8323773069535529
5330.6			0.9583773345724521
5331.5			0.9994886095748944
5332.4			1.0
5333.3			1.0
5334.2			1.0
5335.1			1.0
5336.0			1.0
5336.9			1.0
5337.8			0.998630352322602
5338.7			0.9592606553243886
5339.6			0.8738667338534843
5340.5			0.8295670204056168
5341.4			0.8919252847352113
5342.3			0.9755236457307342
5343.2			1.000131278148582
5344.1			1.0
5345.0			1.0
5345.9			1.0
5346.8			1.0
5347.7			1.0
5348.6			1.0
5349.5			1.0
5350.4			1.0
5351.3			1.0
5352.2			1.0
5353.1			1.0
5354.0			1.0
5354.9			1.0
5355.8			1.0
5356.7			1.0
5357.6			1.0
5358.5			1.0
5359.4			1.0
5360.3			1.0
5361.2			1.0
5362.1			1.0
5363.0			1.0
5363.9			1.0
5364.8			1.0
5365.7			1.0
5366.6			1.0
5367.5			0.9896575512613078
5368.4			0.9492279511613168
5369.3			0.8527552082751363
5370.2			0.7416364610991566
5371.1			0.7006321594503623
5372.0			0.7829609198457961
5372.9			0.9168981308650459
5373.8			0.9915961615904924
5374.7			0.9973272544389398
5375.6			1.0
5376.5			1.0
5377.4			1.0
5378.3			1.0
5379.2			1.0
5380.1			1.0
5381.0			1.0
5381.9			1.0
5382.8			1.0
5383.7			1.0
5384.6			1.0
5385.5			1.0
5386.4			1.0
5387.3			1.0
5388.2			1.0
5389.1			1.0
5390.0			1.0
5390.9			1.0
5391.8			1.0
5392.7			1.0
5393.6			1.0
5394.5			1.0
5395.4			1.0
5396.3			1.0
5397.2			1.0
5398.1			1.1297789361087158
5399.0			1.2189717322798614
5399.9			1.1902572112989538
5400.8			1.1442310692164295
5401.7			1.1404321483501267
5402.6			1.1198844818680398
5403.5			1.0213551383515844
5404.4			0.881191573313117
5405.3			0.795470305781948
5406.2			0.8238782486758977
5407.1			0.8971282997464853
5408.0			0.9005056591545787
5408.9			0.8351470369658264
5409.8			0.8129657049943048
5410.7			0.8846092089706467
5411.6			0.9647343764637162
5412.5			0.9919147960930905
5413.4			1.0
5414.3			1.0
5415.2			1.0
5416.1			1.0
5417.0			1.0
5417.9			1.0
5418.8			1.0
5419.7			1.0
5420.6			1.0016302737838532
5421.5			1.044079643225336
5422.4			1.063561698727768
5423.3			1.0219286550007727
5424.2			0.9895885140726651
5425.1			1.016867227486072
5426.0			1.0666676534507695
5426.9			1.0924873064709513
5427.8			1.023498427129033
5428.7			0.8725749782324355
5429.6			0.8090965643715802
5430.5			0.883398578092609
5431.4			0.934752546738809
5432.3			0.8974740571796965
5433.2			0.8446140221157826
5434.1			0.8143779185689665
5435.0			0.8221708039573086
5435.9			0.8560979135212347
5436.8			0.8924534588797242
5437.7			0.9417158289290884
5438.6			0.9994126144481716
5439.5			1.0
5440.4			1.0
5441.3			1.0
5442.2			1.0
5443.1			1.0027921257987544
5444.0			0.968226113269702
5444.9			0.8735838023419292
5445.8			0.7506352674226343
5446.7			0.686495625566146
5447.6			0.7291369498656188
5448.5			0.8034936420888937
5449.4			0.8521566790191983
5450.3			0.8668112005264236
5451.2			0.8589797542082287
5452.1			0.8508459549197184
5453.0			0.8292109068755436
5453.9			0.7783605019104431
5454.8			0.7195050043299355
5455.7			0.7180171412737649
5456.6			0.7980161819377176
5457.5			0.8898877795600386
5458.4			0.9364612665807308
5459.3			0.9219686115910444
5460.2			0.8912481588065841
5461.1			0.8959719348911801
5462.0			0.9062722590040412
5462.9			0.9004000385026727
5463.8			0.9192073933336443
5464.7			0.9532422864204905
5465.6			0.9649709874275363
5466.5			0.9768746920853025
5467.4			1.0018944472083477
5468.3			1.0023234281422893
5469.2			1.0
5470.1			1.0
5471.0			1.0
5471.9			1.0174340036263054
5472.8			0.9847943902318107
5473.7			0.965165072745892
5474.6			0.9800278264652068
5475.5			0.9575399645719317
5476.4			0.9144770677155507
5477.3			0.9665535880369747
5478.2			1.0854551636003062
5479.1			1.1410159420224322
5480.0			1.0865704905216638
5480.9			1.0002969097992527
5481.8			1.0
5482.7			1.0
5483.6			1.0
5484.5			1.0
5485.4			1.0
5486.3			1.0
5487.2			1.0
5488.1			1.0
5489.0			1.0
5489.9			1.0
5490.8			1.0
5491.7			1.0
5492.6			1.0
5493.5			1.0
5494.4			1.0
5495.3			0.9964009865527528
5496.2			0.953840519903295
5497.1			0.91900798921723
5498.0			0.9541611344147981
5498.9			1.007526259574518
5499.8			1.0
5500.7			1.0
5501.6			1.0
5502.5			1.0
5503.4			1.0
5504.3			1.0
5505.2			1.0
5506.1			1.0
5507.0			1.0
5507.9			1.0
5508.8			1.0241751898367744
5509.7			0.9947207360117813
5510.6			0.9408617851847761
5511.5			0.8778173920650528
5512.4			0.8375662075605961
5513.3			0.8218910528203085
5514.2			0.8065918409838672
5515.1			0.8159369366024594
5516.0			0.8541222047057644
5516.9			0.9078421309617324
5517.8			0.9733385164624122
5518.7			1.0098620585967604
5519.6			0.9981360665722643
5520.5			1.0
5521.4			1.0
5522.3			1.0
5523.2			1.0
5524.1			1.0
5525.0			0.9881536015262322
5525.9			0.958567049934454
5526.8			0.9126252640001954
5527.7			0.8768559566148258
5528.6			0.8994778946327248
5529.5			0.9638352465442311
5530.4			1.0000499318534812
5531.3			1.0
5532.2			1.0
5533.1			1.0
5534.0			1.0
5534.9			1.0
5535.8			1.0
5536.7			1.0
5537.6			1.0
5538.5			1.0
5539.4			1.0
5540.3			1.0
5541.2			1.0
5542.1			1.0
5543.0			1.0
5543.9			1.0
5544.8			1.0
5545.7			1.0
5546.6			1.0
5547.5			1.0
5548.4			1.0
5549.3			1.0
5550.200000000001			1.0
5551.1			1.0
5552.0			1.0
5552.9			1.0
5553.8			1.0
5554.700000000001			1.0
5555.6			1.0
5556.5			1.0
5557.4			1.0
5558.3			1.0
5559.200000000001			1.0
5560.1			1.0
5561.0			0.9833854069743432
5561.9			0.9764025688129274
5562.8			0.9799327700907349
5563.700000000001			0.9901520270018959
5564.6			0.9761600646588376
5565.5			0.9406201135817601
5566.4			0.9242600497128718
5567.3			0.9389533701682768
5568.200000000001			0.9581337153718384
5569.1			0.9646540616280956
5570.0			0.9847987301712988
5570.9			1.0142953914962285
5571.8			0.9990577263237763
5572.700000000001			1.0
5573.6			1.0
5574.5			1.0
5575.4			1.0
5576.3			1.0
5577.200000000001			1.0
5578.1			1.0
5579.0			1.0
5579.9			1.0226563614404258
5580.8			1.0198572056275712
5581.700000000001			0.9885939645818973
5582.6			0.9738063552735601
5583.5			0.9649971880597437
5584.4			0.9424803374405701
5585.3			0.9145001009668683
5586.200000000001			0.8755846957262945
5587.1			0.833904764680224
5588.0			0.8141330532881922
5588.9			0.8179836350724248
5589.8			0.842733563721836
5590.700000000001			1.0
5591.6			0.997617285306954
5592.5			0.9892985650779849
5593.4			0.9990424393547549
5594.3			1.0290007989224113
5595.200000000001			1.0872494042932903
5596.1			1.1106857506053218
5597.0			1.0358428885541064
5597.9			0.9325468528456363
5598.8			0.8968801052690879
5599.700000000001			0.9050266271848333
5600.6			0.9011896170442453
5601.5			0.8928202622629929
5602.4			0.8856530031706348
5603.3			0.8883542696348333
5604.200000000001			0.9195052508929805
5605.1			0.9644458954752753
5606.0			0.9982570048903842
5606.9			1.0
5607.8			1.0
5608.700000000001			1.0
5609.6			1.0
5610.5			1.0
5611.4			1.0
5612.3			1.0330906428578537
5613.200000000001			1.0265119378908107
5614.1			0.9603661134326945
5615.0			0.8914109423555181
5615.9			0.9065945595444139
5616.8			0.9751011906936131
5617.700000000001			1.0
5618.6			0.9752763751545421
5619.5			0.9616114163389907
5620.4			0.985511030526711
5621.3			1.0311741486379415
5622.200000000001			1.0429847295344996
5623.1			0.9887687171222853
5624.0			0.9044992310085143
5624.9			0.8731276251152843
5625.8			0.9140302660001257
5626.700000000001			0.9600606033402154
5627.6			0.974611191668913
5628.5			0.974890890711753
5629.4			0.9765873961001548
5630.3			0.9857968585117961
5631.200000000001			1.0
5632.1			1.0191211079870794
5633.0			1.032401124783824
5633.9			1.027621619089179
5634.8			1.0017238453603354
5635.700000000001			0.9706383605941654
5636.6			0.9507265003018278
5637.5			0.9481922323772739
5638.4			0.9516851396949179
5639.3			0.9502910361198654
5640.200000000001			0.939275433625889
5641.1			0.9271029114092788
5642.0			0.9328901539988878
5642.9			0.9463457172001951
5643.8			0.9518536122625239
5644.700000000001			0.9650087312329939
5645.6			0.9729375546378831
5646.5			0.9699018677370804
5647.4			0.9687683117284903
5648.3			0.9686052462790313
5649.200000000001			0.9777999317439585
5650.1			1.000793024556984
5651.0			1.0
5651.9			1.0
5652.8			1.0
5653.700000000001			1.0
5654.6			1.0
5655.5			1.0094448829119524
5656.4			1.0054091664158245
5657.3			0.9305510677457153
5658.200000000001			0.8640463700874934
5659.1			0.9072498654201163
5660.0			0.9917008846694804
5660.9			1.0021158884688217
5661.8			1.0
5662.700000000001			1.0
5663.6			1.0
5664.5			1.0
5665.4			1.0
5666.3			1.0
5667.200000000001			1.0
5668.1			1.0
5669.0			1.0
5669.9			1.0
5670.8			1.0
5671.700000000001			1.0
5672.6			1.0
5673.5			1.0
5674.4			1.0
5675.3			1.0
5676.200000000001			1.0
5677.1			1.0
5678.0			1.0
5678.9			1.0
5679.8			1.0
5680.700000000001			1.0
5681.6			1.0
5682.5			1.0
5683.4			1.0
5684.3			1.0352398217200052
5685.200000000001			1.0299458884697363
5686.1			0.975461052699022
5687.0			0.9200673821706318
5687.9			0.910751748538824
5688.8			0.9313077404926239
5689.700000000001			0.9613338706520024
5690.6			0.9799227940366232
5691.5			0.9944833335444785
5692.4			1.0
5693.3			1.0
5694.200000000001			1.0
5695.1			1.0
5696.0			1.0
5696.9			1.0
5697.8			1.0
5698.700000000001			1.0
5699.6			1.0
5700.5			1.0
5701.4			1.0
5702.3			0.9984906455334993
5703.200000000001			1.03249849260484
5704.1			1.0706500758916058
5705.0			1.0678985722773282
5705.9			1.0130257325054879
5706.8			0.9496279310923058
5707.700000000001			0.8972331888427941
5708.6			0.8675677670053775
5709.5			0.8915655286477652
5710.4			0.9293864044300562
5711.3			0.9167924939041789
5712.200000000001			0.9141901071821079
5713.1			0.9645666763853568
5714.0			1.0017507924469766
5714.9			1.003889009642749
5715.8			1.0
5716.700000000001			1.0
5717.6			1.0
5718.5			1.0
5719.4			1.0
5720.3			1.0
5721.200000000001			1.0
5722.1			1.0
5723.0			1.0
5723.9			1.0
5724.8			0.9828541635477588
5725.700000000001			0.9569212656581546
5726.6			0.9118114441021414
5727.5			0.9064828590603854
5728.4			0.9642468675738269
5729.3			1.0115005418217704
5730.200000000001			0.9937857870304695
5731.1			1.0
5732.0			1.0
5732.9			1.0
5733.8			1.0
5734.700000000001			1.0
5735.6			1.0
5736.5			1.0
5737.4			1.0
5738.3			1.0
5739.200000000001			1.0
5740.1			1.0
5741.0			1.0
5741.9			1.0
5742.8			1.0
5743.700000000001			1.0
5744.6			1.0
5745.5			1.0
5746.4			0.9915393189098568
5747.3			0.9424937828938722
5748.200000000001			0.9136740146233356
5749.1			0.9455740324223482
5750.0			1.0007177820727586
5750.9			1.0
5751.8			1.0
5752.700000000001			1.0
5753.6			1.0
5754.5			1.0
5755.4			1.0
5756.3			1.0
5757.200000000001			1.0
5758.1			0.9932702278243657
5759.0			0.9563205198940673
5759.9			0.9040450443775833
5760.8			0.8547364070506004
5761.700000000001			0.8276079548580565
5762.6			0.8455394890833707
5763.5			0.9099717008206405
5764.4			0.9766330747716342
5765.3			1.0038498673819796
5766.200000000001			1.0
5767.1			1.0
5768.0			1.0
5768.9			1.0
5769.8			1.0
5770.700000000001			1.0
5771.6			1.0
5772.5			1.0
5773.4			1.0
5774.3			1.0
5775.200000000001			1.0
5776.1			1.0
5777.0			1.0095846163003601
5777.9			1.0251006037974837
5778.8			1.0147932208617436
5779.700000000001			0.9596506847475269
5780.6			0.8835776315830454
5781.5			0.8407868128184119
5782.4			0.8486956432529823
5783.3			0.8631838028103787
5784.200000000001			0.8432421025373539
5785.1			0.8136999708393358
5786.0			0.8366160174877327
5786.9			0.8948420937320705
5787.8			0.92878977521713
5788.700000000001			0.9369265862902392
5789.6			0.9215002858695509
5790.5			0.8881936749121139
5791.4			0.8921070424052134
5792.3			0.945124753761016
5793.200000000001			0.997447041910592
5794.1			1.0
5795.0			1.0
5795.9			0.9718175449309921
5796.8			0.9118582408671413
5797.700000000001			0.8773706307170775
5798.6			0.919313669209855
5799.5			0.9975049122652002
5800.4			1.0
5801.3			1.0
5802.200000000001			1.0
5803.1			1.0
5804.0			1.0
5804.9			1.0
5805.8			1.0
5806.700000000001			1.0
5807.6			1.0
5808.5			1.0
5809.4			1.0
5810.3			1.0
5811.200000000001			0.9953764897601639
5812.1			0.9812550630925037
5813.0			0.9662485902318163
5813.9			0.944953658631812
5814.8			0.918681507536956
5815.700000000001			0.9014375978611046
5816.6			0.9108682252634109
5817.5			0.9447170247495527
5818.4			0.9770354505696233
5819.3			0.9935175128014413
5820.200000000001			1.0005581289706902
5821.1			1.0
5822.0			1.0
5822.9			1.0
5823.8			1.0
5824.700000000001			1.0
5825.6			1.0
5826.5			1.0
5827.4			1.0
5828.3			1.0
5829.200000000001			1.0
5830.1			1.0
5831.0			1.0
5831.9			1.0
5832.8			1.0
5833.700000000001			1.0
5834.6			1.0
5835.5			1.0
5836.4			1.0
5837.3			1.0
5838.200000000001			1.0
5839.1			1.0
5840.0			1.0
5840.9			1.0
5841.8			1.0
5842.700000000001			1.0
5843.6			1.0
5844.5			1.0
5845.4			1.0
5846.3			1.0
5847.200000000001			1.0
5848.1			1.0
5849.0			1.0
5849.9			1.0
5850.8			1.0
5851.700000000001			1.0
5852.6			1.0
5853.5			1.0071168128261077
5854.4			1.0318826484692032
5855.3			1.0250828355503896
5856.200000000001			0.9778954290192695
5857.1			0.9269862057046611
5858.0			0.9187511953961233
5858.9			0.951732998321472
5859.8			0.9834121793751854
5860.700000000001			1.0
5861.6			0.9820799051814065
5862.5			0.9537113873893389
5863.4			0.9518919281594151
5864.3			0.9640295780965528
5865.200000000001			0.9567122559371637
5866.1			0.9278721458471475
5867.0			0.9294940804942462
5867.9			0.9736484938157283
5868.8			1.0172718438185484
5869.700000000001			1.044787929856823
5870.6			1.0518040440690961
5871.5			1.0328491659122858
5872.4			1.0009791315937855
5873.3			1.0
5874.200000000001			1.0
5875.1			1.0
5876.0			1.0
5876.9			1.0
5877.8			0.9859922871757046
5878.700000000001			1.0
5879.6			0.9608003005666403
5880.5			0.9717613036629876
5881.4			1.032443511180816
5882.3			1.0662265790755447
5883.200000000001			1.0509030112071855
5884.1			1.0364085849591425
5885.0			1.049846146118674
5885.9			1.0568975199681299
5886.8			1.003427028052464
5887.700000000001			0.859362887181754
5888.6			0.6516142701931223
5889.5			0.4971304727513921
5890.4			0.5260069159195235
5891.3			0.6970321227184851
5892.200000000001			0.8431389619442781
5893.1			0.8922156134519902
5894.0			0.8345357615560954
5894.9			0.6885964027165873
5895.8			0.6046735920477739
5896.700000000001			0.7116818322514483
5897.6			0.8855223205018838
5898.5			0.9663769028607907
5899.4			0.9978885393900527
5900.3			1.0
5901.200000000001			1.0
5902.1			1.0
5903.0			1.0
5903.9			1.0
5904.8			1.0
5905.700000000001			1.0
5906.6			1.0
5907.5			1.0
5908.4			1.0
5909.3			1.0
5910.200000000001			1.011215661549166
5911.1			1.0274538373746334
5912.0			1.016226314957594
5912.9			0.9731605166118925
5913.8			0.933886933670049
5914.700000000001			0.9232680430002523
5915.6			0.9260894576503828
5916.5			0.9463089303010888
5917.4			0.9808721885104382
5918.3			0.9908493579506056
5919.200000000001			1.0009298715570911
5920.1			1.0
5921.0			1.0
5921.9			1.0
5922.8			1.0
5923.700000000001			1.0
5924.6			1.0
5925.5			1.0
5926.4			1.0
5927.3			1.0
5928.200000000001			1.0
5929.1			1.0
5930.0			1.0
5930.9			1.0
5931.8			1.0
5932.700000000001			1.0008861948290386
5933.6			0.9648544035992154
5934.5			0.92840530128652
5935.4			0.9468735637229396
5936.3			0.9935719865125693
5937.200000000001			1.0
5938.1			1.0
5939.0			1.0
5939.9			1.0
5940.8			1.0
5941.700000000001			1.0
5942.6			1.0
5943.5			1.0
5944.4			1.0
5945.3			1.0
5946.200000000001			1.0
5947.1			1.0
5948.0			1.0
5948.9			0.9649904429591678
5949.8			0.9713282432970578
5950.700000000001			0.9952413925712359
5951.6			0.9856881165226428
5952.5			0.9586318445035757
5953.4			0.9640729669547847
5954.3			0.9802297342058185
5955.200000000001			0.9628182587446603
5956.1			0.9350527258030296
5957.0			0.931886603998796
5957.9			0.951892409242425
5958.8			0.9804739987659856
5959.700000000001			1.0122629389575186
5960.6			1.0319035265491618
5961.5			1.0384056420785817
5962.4			1.033884370693284
5963.3			1.0244162744039793
5964.200000000001			1.0136534902289718
5965.1			1.0000107497329744
5966.0			1.0
5966.9			1.0
5967.8			1.0
5968.700000000001			1.0
5969.6			1.0
5970.5			1.0
5971.4			1.0
5972.3			1.0
5973.200000000001			1.0
5974.1			1.0
5975.0			1.0
5975.9			1.0
5976.8			1.0
5977.700000000001			1.0
5978.6			1.0
5979.5			1.0
5980.4			1.0
5981.3			0.9880551343474493
5982.200000000001			0.9623851693353186
5983.1			0.9214955893410218
5984.0			0.8928611527156425
5984.9			0.9229575674359545
5985.8			0.9825164685158437
5986.700000000001			1.0003123953402242
5987.6			1.0
5988.5			1.0
5989.4			1.0
5990.3			1.0
5991.200000000001			1.0
5992.1			1.0
5993.0			1.0
5993.9			1.0
5994.8			1.0
5995.700000000001			1.0
5996.6			1.0
5997.5			1.0
5998.4			1.0
5999.3			1.0
6000.200000000001			1.0
6001.1			1.0
6002.0			1.0
6002.9			1.0
6003.8			1.0282808404860406
6004.700000000001			1.0337616589217806
6005.6			1.003157067549069
6006.5			0.9612386352210004
6007.4			0.9233089091346909
6008.3			0.9224163693261129
6009.200000000001			0.9702829801442163
6010.1			1.0127600547610252
6011.0			1.0007319078564232
6011.9			1.0
6012.8			0.9636579633972121
6013.700000000001			0.9745093053706537
6014.6			0.9998403247106266
6015.5			0.9833909148389475
6016.4			0.9404016304511674
6017.3			0.9298146237020438
6018.200000000001			0.9526846163308086
6019.1			0.971243909825688
6020.0			0.982457378091568
6020.9			0.9913568178339588
6021.8			0.9991704089198492
6022.700000000001			1.0
6023.6			1.0
6024.5			1.0
6025.4			1.0
6026.3			1.0
6027.200000000001			1.0
6028.1			1.0
6029.0			1.0
6029.9			1.0
6030.8			1.0
6031.700000000001			1.0
6032.6			1.0
6033.5			1.0
6034.4			1.0
6035.3			1.0
6036.200000000001			1.0
6037.1			1.0
6038.0			1.0
6038.9			1.0
6039.8			1.0
6040.700000000001			1.0
6041.6			1.0
6042.5			1.0
6043.4			1.0
6044.3			1.0
6045.200000000001			1.0
6046.1			1.0
6047.0			1.0
6047.9			1.0
6048.8			1.0
6049.700000000001			1.0
6050.6			1.0
6051.5			1.0
6052.4			1.0
6053.3			1.0
6054.200000000001			1.0
6055.1			1.0
6056.0			1.0
6056.9			1.0
6057.8			1.0
6058.700000000001			1.0
6059.6			1.0
6060.5			1.0
6061.4			0.9866365533801383
6062.3			0.9512816595475702
6063.200000000001			0.9119791463318807
6064.1			0.883643699628338
6065.0			0.8717877718529642
6065.9			0.9114532118572986
6066.8			0.9743095925652697
6067.700000000001			1.000340050898321
6068.6			0.99812342493015
6069.5			1.0
6070.4			1.0
6071.3			1.0
6072.200000000001			1.0
6073.1			1.0
6074.0			1.0
6074.9			1.0
6075.8			1.0
6076.700000000001			1.0
6077.6			1.0
6078.5			0.9881219802659377
6079.4			0.9926597555938247
6080.3			0.9829217060214415
6081.200000000001			0.942903485334804
6082.1			0.9295695124227019
6083.0			0.9686337656275673
6083.9			1.003816039391174
6084.8			1.0019864577713904
6085.700000000001			0.9999845936663125
6086.6			1.0
6087.5			1.0
6088.4			1.0
6089.3			1.0
6090.200000000001			1.0
6091.1			1.0
6092.0			1.0
6092.9			1.0
6093.8			1.0
6094.700000000001			1.0
6095.6			1.0
6096.5			1.0
6097.4			1.0
6098.3			1.0
6099.200000000001			1.0
6100.1			1.014494716091935
6101.0			0.9703253618229375
6101.9			0.8856859722070471
6102.8			0.8534653333524496
6103.700000000001			0.9179802115381449
6104.6			0.9849004831533479
6105.5			1.0029861714502908
6106.4			1.0
6107.3			1.0
6108.200000000001			1.0
6109.1			1.0
6110.0			1.0
6110.9			1.0
6111.8			1.0
6112.700000000001			1.0
6113.6			1.0
6114.5			1.0
6115.4			1.0
6116.3			1.0
6117.200000000001			1.0
6118.1			1.0054367610441415
6119.0			0.9638481531876465
6119.9			0.906866984294617
6120.8			0.8622137403822517
6121.700000000001			0.8420080546131669
6122.6			0.8962165711497724
6123.5			0.9965048896437855
6124.4			1.0308823811393937
6125.3			1.0006840790042455
6126.200000000001			1.0
6127.1			1.0
6128.0			1.0
6128.9			1.0
6129.8			1.0
6130.700000000001			1.0
6131.6			1.0
6132.5			1.0
6133.4			0.9693396208099535
6134.3			0.8993953589035819
6135.200000000001			0.8186997263037895
6136.1			0.7578077022744831
6137.0			0.7505651851900508
6137.9			0.8382136431887837
6138.8			0.968267026752528
6139.700000000001			1.0296894501183604
6140.6			1.0034350431389145
6141.5			1.0
6142.4			1.0
6143.3			1.0
6144.200000000001			1.0
6145.1			1.0
6146.0			1.0
6146.9			1.0
6147.8			0.9795911622198441
6148.700000000001			0.9317492213452773
6149.6			0.9059589951237575
6150.5			0.9367615936604098
6151.4			0.9932514103213869
6152.3			1.0
6153.200000000001			1.0
6154.1			1.0
6155.0			1.0
6155.9			1.0
6156.8			1.0
6157.700000000001			1.0
6158.6			0.9768438712002735
6159.5			0.9413110013412731
6160.4			0.8712923157529942
6161.3			0.7882468703950833
6162.200000000001			0.7703536201435238
6163.1			0.8359391324521638
6164.0			0.9258257275892452
6164.9			0.9826362339858681
6165.8			1.010669209122552
6166.700000000001			1.0
6167.6			1.0
6168.5			1.0
6169.4			1.0
6170.3			1.0
6171.200000000001			1.0
6172.1			1.0
6173.0			1.0
6173.9			1.0
6174.8			1.0
6175.700000000001			1.0
6176.6			1.0
6177.5			1.0
6178.4			1.0
6179.3			1.0
6180.200000000001			1.0
6181.1			1.0
6182.0			1.0
6182.9			1.0
6183.8			1.0
6184.700000000001			0.9811933244975115
6185.6			0.9301784508837745
6186.5			0.8808628513137441
6187.4			0.8705882538721521
6188.3			0.8725201856905144
6189.200000000001			0.8550462161528379
6190.1			0.8155992943736214
6191.0			0.7767578146401664
6191.9			0.8012069587772155
6192.8			0.8784895013417787
6193.700000000001			0.9286859151023701
6194.6			0.9592499355556316
6195.5			0.9861260737705522
6196.4			1.0027369884956696
6197.3			1.0
6198.200000000001			0.9559489323343374
6199.1			0.8993469722592642
6200.0			0.8957097325651623
6200.9			0.9504107046419981
6201.8			1.0005272444648863
6202.700000000001			1.0
6203.6			1.0
6204.5			1.0
6205.4			1.001954147836089
6206.3			1.020509066265732
6207.200000000001			1.0301935704661458
6208.1			1.0268785569000223
6209.0			1.008069480511823
6209.9			0.9756740058656082
6210.8			0.9536605952278319
6211.700000000001			0.9370062635026546
6212.6			0.8918833829277325
6213.5			0.8283032847442949
6214.4			0.7933235556774657
6215.3			0.7877111065145439
6216.200000000001			0.8105640863793374
6217.1			0.8631447186820749
6218.0			0.8860095754760986
6218.9			0.8625409442634321
6219.8			0.8429354881853666
6220.700000000001			0.8372427965592619
6221.6			0.8330237244335985
6222.5			0.8253713623825145
6223.4			0.8114073134417755
6224.3			0.8110212668440641
6225.200000000001			0.8364367931548871
6226.1			0.8635440913161272
6227.0			0.8693585777622094
6227.9			0.8606618420676598
6228.8			0.8212984092502236
6229.700000000001			0.7593941077035635
6230.6			0.7271021172707132
6231.5			0.7586201588449895
6232.4			0.8103550526508407
6233.3			0.8547893750416997
6234.200000000001			0.908480034143188
6235.1			0.931197524290535
6236.0			0.9210468872215264
6236.9			0.9012616835617331
6237.8			0.8581315331398598
6238.700000000001			0.788517477834416
6239.6			0.7455810542557078
6240.5			0.7775805854416252
6241.4			0.8172715256248392
6242.3			0.7835230799989956
6243.200000000001			0.7557376768307177
6244.1			0.7946924270008113
6245.0			0.8305885023360197
6245.9			0.8525721489804609
6246.8			0.899262990370361
6247.700000000001			0.9380442774031408
6248.6			0.9337019614631792
6249.5			0.9124814852400844
6250.4			0.8948333587661704
6251.3			0.8597954100217289
6252.200000000001			0.8264859426633068
6253.1			0.8360347160081196
6254.0			0.8573372740794882
6254.9			0.8640684825996223
6255.8			0.8347490496293223
6256.700000000001			0.7601637859886612
6257.6			0.6968381296724363
6258.5			0.702100428353829
6259.4			0.7934822442694732
6260.3			0.8684976331406181
6261.200000000001			0.8857899234304951
6262.1			0.927670097584231
6263.0			0.9760792923054933
6263.9			0.9590820699037544
6264.8			0.897996141287164
6265.700000000001			0.8771288077607929
6266.6			0.901744340399228
6267.5			0.90297485809785
6268.4			0.8788230723858956
6269.3			0.8930356783206751
6270.200000000001			0.9364707336159408
6271.1			0.9557248843408221
6272.0			0.9606544550512408
6272.9			0.9451477182307606
6273.8			0.9177804526420185
6274.700000000001			0.9110389794621662
6275.6			0.9185223915069609
6276.5			0.9336699735234518
6277.4			0.957984016682352
6278.3			0.9775364872730024
6279.200000000001			0.9632501811577707
6280.1			0.9239157812649507
6281.0			0.9123970131868815
6281.9			0.9349977228604621
6282.8			0.9705597916231199
6283.700000000001			0.9989900809156862
6284.6			0.9886721969106994
6285.5			0.9863190681163608
6286.4			1.0216487418342106
6287.3			1.0518590825772307
6288.200000000001			1.070411124727743
6289.1			1.072026678847104
6290.0			1.0460594754274095
6290.9			1.0108783741901
6291.8			1.0
6292.700000000001			0.9746930208818747
6293.6			0.9821385256203272
6294.5			0.9919383764603011
6295.4			0.9416453948443761
6296.3			0.8825626668813158
6297.200000000001			0.8954477482547583
6298.1			0.9589455152288102
6299.0			0.9985167226293401
6299.9			0.9998491929529081
6300.8			0.9526853075537254
6301.700000000001			0.939150816068885
6302.6			0.9419649311412089
6303.5			0.9480161358004549
6304.4			0.9353787102061493
6305.3			0.9166452729261911
6306.200000000001			0.9441406364861425
6307.1			1.015462386161248
6308.0			1.0454763034025782
6308.9			1.0369678086046559
6309.8			0.9999550827704047
6310.700000000001			1.0
6311.6			1.0
6312.5			1.0179076147651378
6313.4			1.031687105934599
6314.3			1.0063687321601373
6315.200000000001			0.9861763393848667
6316.1			0.9943186197649287
6317.0			0.9706343071690546
6317.9			0.9250118503769992
6318.8			0.9350794892441556
6319.700000000001			0.9850359227628389
6320.6			1.0015753355309323
6321.5			0.9900252497333504
6322.4			0.988296158761348
6323.3			0.9986614548227774
6324.200000000001			1.0
6325.1			1.0
6326.0			1.0
6326.9			1.0
6327.8			1.0
6328.700000000001			1.0
6329.6			1.0
6330.5			1.0
6331.4			1.0
6332.3			1.0
6333.200000000001			1.0
6334.1			1.0
6335.0			1.0
6335.9			1.0
6336.8			1.0
6337.700000000001			1.0
6338.6			1.0
6339.5			1.0
6340.4			1.0
6341.3			0.997237320858779
6342.200000000001			0.9628190251507561
6343.1			0.9165821264451295
6344.0			0.8858895032168322
6344.9			0.908814798855216
6345.8			0.9624966203545465
6346.700000000001			1.000819597544732
6347.6			1.0
6348.5			1.0
6349.4			1.0
6350.3			0.9970599188860876
6351.200000000001			1.0025541421495607
6352.1			0.9969365445011263
6353.0			0.968936251028342
6353.9			0.9250454615548219
6354.8			0.900977338661887
6355.700000000001			0.9141303664112808
6356.6			0.9198246064491119
6357.5			0.8763459090751489
6358.4			0.8246540162373014
6359.3			0.8077858632577819
6360.200000000001			0.8174171949526091
6361.1			0.8126304464171915
6362.0			0.8031645476940867
6362.9			0.8132465445322357
6363.8			0.8399162360332151
6364.700000000001			0.8704133752232832
6365.6			0.9025180660635549
6366.5			0.9383459153340579
6367.4			0.9783501833663389
6368.3			0.9994341010388329
6369.200000000001			0.9943214130110662
6370.1			0.979434277092857
6371.0			0.9778662035056126
6371.9			0.9972994356616853
6372.8			1.0109681341200776
6373.700000000001			0.9990486717808661
6374.6			1.0
6375.5			1.0
6376.4			1.0098064642709932
6377.3			0.9888749685771651
6378.200000000001			0.9419537311393904
6379.1			0.9306542804535806
6380.0			0.9581175904814144
6380.9			0.9763017129296963
6381.8			0.998088662778546
6382.700000000001			1.0
6383.6			1.0
6384.5			1.0
6385.4			1.0
6386.3			1.0
6387.200000000001			1.0
6388.1			1.0
6389.0			1.0
6389.9			1.0
6390.8			0.9900522984283572
6391.700000000001			0.9484233237416261
6392.6			0.8877150033038804
6393.5			0.8687615340151429
6394.4			0.9101961667708766
6395.3			0.9625140665689779
6396.200000000001			0.9991029922050224
6397.1			1.0
6398.0			1.0
6398.9			1.0
6399.8			1.0
6400.700000000001			1.0
6401.6			1.0
6402.5			1.0
6403.4			1.0
6404.3			1.0
6405.200000000001			1.0
6406.1			1.0
6407.0			1.0
6407.9			1.0
6408.8			1.0
6409.700000000001			1.0
6410.6			1.0
6411.5			1.0
6412.4			1.0
6413.3			1.0
6414.200000000001			1.0
6415.1			1.0
6416.0			1.0
6416.9			0.9844753418612693
6417.8			0.9605829978048978
6418.700000000001			0.9345235301529077
6419.6			0.9035353339740219
6420.5			0.885896293703285
6421.4			0.9110381748573403
6422.3			0.9765983190129881
6423.200000000001			1.014740168230309
6424.1			1.000004737123881
6425.0			1.0
6425.9			1.0
6426.8			1.0
6427.700000000001			1.0058728960576047
6428.6			0.9773696108465156
6429.5			0.9160992371956098
6430.4			0.8629469733408043
6431.3			0.8845670979266861
6432.200000000001			0.9587080704354022
6433.1			1.0027158906711686
6434.0			1.0
6434.9			1.0
6435.8			1.0
6436.700000000001			1.0
6437.6			1.0
6438.5			1.0
6439.4			1.0
6440.3			1.0
6441.200000000001			1.0
6442.1			1.0
6443.0			1.0
6443.9			1.0
6444.8			1.0
6445.700000000001			1.0
6446.6			0.9993343447064944
6447.5			0.9553029357517329
6448.4			0.8642761681700925
6449.3			0.7770064859401087
6450.200000000001			0.7738743823103026
6451.1			0.8482837751405379
6452.0			0.9193157004109809
6452.9			0.976222611385376
6453.8			1.0029014409664805
6454.700000000001			1.0
6455.6			1.0
6456.5			1.0
6457.4			1.0
6458.3			1.0
6459.200000000001			1.0
6460.1			1.0
6461.0			0.9696560850393373
6461.9			0.9023309062103502
6462.8			0.876859747490358
6463.700000000001			0.9324333648071779
6464.6			0.9947091254933554
6465.5			1.0
6466.4			1.0
6467.3			1.0
6468.200000000001			1.0
6469.1			1.0
6470.0			1.0
6470.9			1.0
6471.8			1.0
6472.700000000001			1.0
6473.6			1.0
6474.5			1.0
6475.4			1.0
6476.3			1.0
6477.200000000001			1.0
6478.1			1.0
6479.0			1.0
6479.9			0.9915492405037769
6480.8			0.9514496356983644
6481.700000000001			0.9063425195872039
6482.6			0.9026422199090302
6483.5			0.9352745706493174
6484.4			0.9703171576093853
6485.3			0.9986615020893728
6486.200000000001			1.0
6487.1			1.011399329561959
6488.0			1.0110387349226642
6488.9			0.9869677623007425
6489.8			0.9535457392607958
6490.700000000001			0.9478838065148968
6491.6			0.9622085361196718
6492.5			0.9415959281782833
6493.4			0.8647541594822602
6494.3			0.7891193895376318
6495.200000000001			0.7770638711326314
6496.1			0.808541313593327
6497.0			0.8384712683213196
6497.9			0.8624907196224355
6498.8			0.8778135363722478
6499.700000000001			0.9096206889260131
6500.6			0.9495773869276599
6501.5			0.9730848474453162
6502.4			0.9913450756833885
6503.3			1.0018904154268986
6504.200000000001			1.0
6505.1			1.0
6506.0			1.0
6506.9			1.0
6507.8			1.0
6508.700000000001			1.0
6509.6			1.0
6510.5			1.0
6511.4			1.0
6512.3			1.0
6513.200000000001			1.0
6514.1			1.0
6515.0			1.0
6515.9			1.0
6516.8			1.0
6517.700000000001			1.0
6518.6			1.0
6519.5			1.0
6520.4			1.0
6521.3			1.0
6522.200000000001			1.0
6523.1			1.0
6524.0			1.0
6524.9			1.0
6525.8			1.0
6526.700000000001			1.0
6527.6			1.0
6528.5			1.0
6529.4			1.0
6530.3			1.0
6531.200000000001			1.0
6532.1			1.0
6533.0			1.0
6533.9			1.0
6534.8			1.0
6535.700000000001			1.0
6536.6			1.0
6537.5			1.0
6538.4			1.0
6539.3			1.0
6540.200000000001			1.0
6541.1			1.0
6542.0			1.0
6542.9			1.0
6543.8			1.0
6544.700000000001			1.0
6545.6			1.0
6546.5			1.0
6547.4			1.0
6548.3			1.0
6549.200000000001			1.0
6550.1			1.0
6551.0			1.0
6551.9			1.0
6552.8			1.0
6553.700000000001			1.0
6554.6			1.0
6555.5			1.0
6556.4			1.0
6557.3			1.0
6558.200000000001			1.0
6559.1			1.0
6560.0			1.0064071083569264
6560.9			0.9312325574902248
6561.8			0.760570288696326
6562.700000000001			0.6454871906937407
6563.6			0.7336240494366353
6564.5			0.9058871997230916
6565.4			0.999765199960678
6566.3			1.0
6567.200000000001			1.0
6568.1			1.0
6569.0			1.0
6569.9			0.9979243828096224
6570.8			1.0035349290203892
6571.700000000001			0.970983407111963
6572.6			0.9231313528694487
6573.5			0.9034161021905572
6574.4			0.9060350375053663
6575.3			0.9275472296301239
6576.200000000001			0.9728809052320788
6577.1			1.0015842195855653
6578.0			1.0
6578.9			1.0
6579.8			1.0
6580.700000000001			1.0
6581.6			1.0
6582.5			1.0
6583.4			1.0
6584.3			1.0
6585.200000000001			1.0
6586.1			1.0
6587.0			1.0
6587.9			1.0
6588.8			1.0
6589.700000000001			1.0
6590.6			0.9869809055310171
6591.5			0.9398047111220833
6592.4			0.879536427811029
6593.3			0.8675337807938254
6594.200000000001			0.9158616822422594
6595.1			0.9701176691274381
6596.0			0.9957492310277397
6596.9			1.0
6597.8			1.0
6598.700000000001			1.0
6599.6			1.0
6600.5			1.0
6601.4			1.0
6602.3			1.0
6603.200000000001			0.9863385968387572
6604.1			0.9658365185705529
6605.0			0.9427674677102942
6605.9			0.9249552479498906
6606.8			0.9197965600118944
6607.700000000001			0.9147737880480196
6608.6			0.9027012260536726
6609.5			0.9249904632355315
6610.4			0.9889602771962137
6611.3			1.0394738639504046
6612.200000000001			1.0323546215569503
6613.1			1.0020961010439922
6614.0			1.0023423312017687
6614.9			1.0
6615.8			1.0
6616.700000000001			1.0
6617.6			1.0
6618.5			1.0
6619.4			1.0
6620.3			1.0
6621.200000000001			1.0
6622.1			1.0
6623.0			0.963176318502431
6623.9			0.9183179108287033
6624.8			0.9025587795238363
6625.700000000001			0.9452528633410535
6626.6			0.9957325641766458
6627.5			1.0
6628.4			1.0
6629.3			1.0
6630.200000000001			1.0
6631.1			1.0
6632.0			1.0
6632.9			1.0
6633.8			1.0
6634.700000000001			1.0
6635.6			1.0
6636.5			1.0
6637.4			1.0
6638.3			1.0
6639.200000000001			1.0
6640.1			1.0
6641.0			1.0
6641.9			1.0
6642.8			1.0
6643.700000000001			1.0
6644.6			1.0
6645.5			1.0
6646.4			1.0
6647.3			1.0
6648.200000000001			1.0
6649.1			1.0
6650.0			1.0
6650.9			1.0
6651.8			1.0
6652.700000000001			1.0
6653.6			1.0
6654.5			1.0
6655.4			1.0
6656.3			1.0
6657.200000000001			1.0
6658.1			1.0
6659.0			0.9983865950284103
6659.9			0.9871318745226881
6660.8			0.9778517778217579
6661.700000000001			0.9646267036730853
6662.6			0.9407070150625749
6663.5			0.928463041962278
6664.4			0.9433381492158609
6665.3			0.9444814536014841
6666.200000000001			0.926697869796747
6667.1			0.9227098177505381
6668.0			0.9443605920930486
6668.9			0.9796223336349079
6669.8			1.0057891155297618
6670.700000000001			1.0199010469850218
6671.6			1.022622205701704
6672.5			1.0168799116849685
6673.4			1.0
6674.3			0.9965975203284797
6675.200000000001			0.9952564177785378
6676.1			0.9651377765695223
6677.0			0.8988094121205578
6677.9			0.8540977721130926
6678.8			0.8837338769519216
6679.700000000001			0.9314229931555332
6680.6			0.9299519314796256
6681.5			0.9135681617525663
6682.4			0.9249206469094576
6683.3			0.9495541863004009
6684.200000000001			0.9639445026910298
6685.1			0.9608694417468657
6686.0			0.9512241952124861
6686.9			0.9357494170626712
6687.8			0.92336495259758
6688.700000000001			0.9326687092990036
6689.6			0.9504744289638686
6690.5			0.9608912505359262
6691.4			0.958658130080375
6692.3			0.9549166281112562
6693.200000000001			0.9537140680912444
6694.1			0.9484963136675714
6695.0			0.9278312031018267
6695.9			0.8998205029992906
6696.8			0.8969353711412585
6697.700000000001			0.9177800334544576
6698.6			0.940779130609793
6699.5			0.9682037165594748
6700.4			0.9848250146212337
6701.3			0.9836484867766735
6702.200000000001			0.9728478206114638
6703.1			0.9532049890178528
6704.0			0.9381152448928032
6704.9			0.9439987841598576
6705.8			0.9616255651520479
6706.700000000001			0.9732014153541384
6707.6			0.9741076552730447
6708.5			0.9672532480658544
6709.4			0.9527871912022439
6710.3			0.9423146851332463
6711.200000000001			0.9530273153286902
6712.1			0.959856551358687
6713.0			0.945022776351496
6713.9			0.9152873197817615
6714.8			0.8825689211697718
6715.700000000001			0.8583632937279233
6716.6			0.840134004729093
6717.5			0.838995851383447
6718.4			0.8744651705388398
6719.3			0.9157408020560547
6720.200000000001			0.929281600439871
6721.1			0.9300611736617662
6722.0			0.9318836168289761
6722.9			0.9400516960953198
6723.8			0.9406941695022575
6724.700000000001			0.9279904923012509
6725.6			0.9142552818296681
6726.5			0.9138195802000729
6727.4			0.9293045348172976
6728.3			0.9449269235452108
6729.200000000001			0.9554267155357714
6730.1			0.9609294701515726
6731.0			0.9591104574944023
6731.9			0.9534929419694196
6732.8			0.9502482652398303
6733.700000000001			0.9461795531395335
6734.6			0.9477414023927121
6735.5			0.9590254461051235
6736.4			0.9633848931421516
6737.3			0.9510636647938217
6738.200000000001			0.928962308672212
6739.1			0.9161821065549022
6740.0			0.9287500836471054
6740.9			0.9470732956984178
6741.8			0.9364915759067635
6742.700000000001			0.9153747515058763
6743.6			0.919021665471169
6744.5			0.9368452559911609
6745.4			0.9335401043183221
6746.3			0.9189643382442325
6747.200000000001			0.9120916741241338
6748.1			0.9094932719750907
6749.0			1.0
6749.9			0.9988876712066069
6750.8			0.9948727366322503
6751.700000000001			0.962836000509226
6752.6			0.9193399256422597
6753.5			0.9278413369353365
6754.4			0.9748389548099903
6755.3			1.002375021737904
6756.200000000001			0.9785403745680532
6757.1			0.9956043515877515
6758.0			1.0003014449395373
6758.9			1.0014930647445763
6759.8			1.0040729872284768
6760.700000000001			0.9999442681552491
6761.6			1.0
6762.5			1.0
6763.4			1.0
6764.3			1.0040930240212471
6765.200000000001			0.9904011630513896
6766.1			0.9602353691234036
6767.0			0.9511452419539804
6767.9			0.9790734247038282
6768.8			1.002810808163297
6769.700000000001			0.9988565973149014
6770.6			1.0
6771.5			1.0
6772.4			1.0
6773.3			1.0
6774.200000000001			1.0
6775.1			1.0
6776.0			1.0
6776.9			1.0
6777.8			1.0
6778.700000000001			1.0224237626044335
6779.6			1.03342518780371
6780.5			1.018498242108831
6781.4			0.9847298452828641
6782.3			0.9398076381858753
6783.200000000001			0.9009873805584329
6784.1			0.8894593072178205
6785.0			0.9072038058476866
6785.9			0.9416080277067562
6786.8			0.9822025484657858
6787.700000000001			1.0133819460727573
6788.6			1.0143754630777637
6789.5			1.0044085312565316
6790.4			1.0
6791.3			1.0
6792.200000000001			1.0
6793.1			1.0
6794.0			1.0
6794.9			1.0
6795.8			1.0
6796.700000000001			1.0
6797.6			1.0
6798.5			1.0
6799.4			1.0
6800.3			1.0
6801.200000000001			1.0
6802.1			1.0
6803.0			1.0
6803.9			1.0
6804.8			1.0
6805.700000000001			1.0
6806.6			1.0
6807.5			1.0
6808.4			1.0
6809.3			1.0
6810.200000000001			1.0
6811.1			1.0
6812.0			1.0
6812.9			1.0
6813.8			1.0
6814.700000000001			1.0
6815.6			1.0
6816.5			1.0
6817.4			1.0
6818.3			1.0
6819.200000000001			1.0
6820.1			1.0
6821.0			1.0
6821.9			1.0
6822.8			1.0
6823.700000000001			1.0
6824.6			1.0
6825.5			1.0
6826.4			1.0
6827.3			1.0
6828.200000000001			1.0
6829.1			1.0
6830.0			1.0
6830.9			1.0
6831.8			1.0
6832.700000000001			1.0
6833.6			1.0
6834.5			1.0
6835.4			1.0
6836.3			1.0
6837.200000000001			0.9948854318364202
6838.1			0.9857860119139729
6839.0			0.9651017891070032
6839.9			0.9381739763660804
6840.8			0.9213394242993009
6841.700000000001			0.9276197967574633
6842.6			0.9564447550039281
6843.5			0.9858273523024869
6844.4			1.0027575748550968
6845.3			1.0
6846.200000000001			1.0
6847.1			1.0
6848.0			1.0
6848.9			1.0
6849.8			1.0
6850.700000000001			1.0
6851.6			1.0
6852.5			1.0
6853.4			1.0
6854.3			1.0
6855.200000000001			1.0
6856.1			1.0
6857.0			1.0
6857.9			1.0
6858.8			0.9967112460180175
6859.700000000001			0.9701560808421038
6860.6			0.9223590969628607
6861.5			0.8996337253743256
6862.4			0.9320267748162221
6863.3			0.9825930895082009
6864.200000000001			1.000767941270353
6865.1			1.0
6866.0			1.0
6866.9			1.0
6867.8			1.0
6868.700000000001			1.0
6869.6			1.0
6870.5			1.0
6871.4			1.0
6872.3			1.0
6873.200000000001			1.0
6874.1			1.0
6875.0			1.0
6875.9			1.0
6876.8			1.0
6877.700000000001			1.0
6878.6			1.0
6879.5			1.0
6880.4			1.0
6881.3			1.0
6882.200000000001			1.0
6883.1			1.0
6884.0			1.0
6884.9			1.0
6885.8			1.0
6886.700000000001			1.0
6887.6			1.0
6888.5			1.0
6889.4			1.0
6890.3			1.0
6891.200000000001			1.0
6892.1			1.0
6893.0			1.0
6893.9			1.0
6894.8			1.0
6895.700000000001			1.0
6896.6			1.0
6897.5			1.0
6898.4			1.0251674730927376
6899.3			0.9929101213415005
6900.200000000001			0.9364354098478804
6901.1			0.939562963803886
6902.0			0.9945624022324021
6902.9			1.0
6903.8			1.0
6904.700000000001			1.0
6905.6			1.0
6906.5			1.0
6907.4			1.0
6908.3			1.0
6909.200000000001			1.0
6910.1			1.0
6911.0			1.0000578094224852
6911.9			0.991225202694477
6912.8			0.968090496750358
6913.700000000001			0.9443210563775782
6914.6			0.9583160286344425
6915.5			0.9966698068631799
6916.4			1.0005816141844595
6917.3			1.0
6918.200000000001			1.0
6919.1			1.0
6920.0			1.0
6920.9			1.0
6921.8			1.0046593963726693
6922.700000000001			0.9880983512485549
6923.6			0.954205172123873
6924.5			0.9233452905819739
6925.4			0.9240630794926881
6926.3			0.9536692833708056
6927.200000000001			0.991183014681659
6928.1			1.0042693766697108
6929.0			1.0032487379450628
6929.9			1.0
6930.8			1.0
6931.700000000001			1.0
6932.6			1.0
6933.5			1.0
6934.4			1.0
6935.3			1.0
6936.200000000001			1.0
6937.1			1.0
6938.0			1.0
6938.9			1.0
6939.8			1.0
6940.700000000001			1.0
6941.6			0.990756423057897
6942.5			0.9689963689106891
6943.4			0.9427764178621736
6944.3			0.9187387901642716
6945.200000000001			0.9182456073809367
6946.1			0.947344601516473
6947.0			0.9705380864826351
6947.9			0.9866255900065855
6948.8			1.0
6949.700000000001			0.993356720028631
6950.6			0.9654862626363937
6951.5			0.9470882026221165
6952.4			0.9436904121662374
6953.3			0.9293102958610343
6954.200000000001			0.9276700742783126
6955.1			0.9558925013645562
6956.0			0.9854636099709638
6956.9			0.9958228019487761
6957.8			0.997533783970999
6958.700000000001			0.9999419098177416
6959.6			1.0
6960.5			1.0
6961.4			1.0
6962.3			1.0
6963.200000000001			1.0
6964.1			1.0
6965.0			1.0
6965.9			1.0
6966.8			1.0
6967.700000000001			1.0
6968.6			1.0
6969.5			1.0
6970.4			1.0
6971.3			1.0
6972.200000000001			1.0
6973.1			1.0
6974.0			1.0
6974.9			1.0
6975.8			0.9914142502955553
6976.700000000001			0.9674002557541278
6977.6			0.9123008138049944
6978.5			0.8725759266058375
6979.4			0.903469721812781
6980.3			0.961348989757147
6981.200000000001			0.9981503103540282
6982.1			1.0
6983.0			1.0
6983.9			1.0
6984.8			1.0
6985.700000000001			1.0
6986.6			1.0
6987.5			1.0
6988.4			1.0
6989.3			1.0
6990.200000000001			1.0
6991.1			1.0
6992.0			1.0
6992.9			1.0
6993.8			1.0
6994.700000000001			1.0
6995.6			1.0
6996.5			1.0
6997.4			0.9991339941663986
6998.3			0.9898084164754863
6999.200000000001			0.9628878653994328
7000.1			0.9517089324604124
7001.0			0.9679685294737412
7001.9			0.9936040324937104
7002.8			1.0006597888354245
7003.700000000001			1.0
7004.6			1.0
7005.5			1.0
7006.4			1.0
7007.3			1.0
7008.200000000001			1.0
7009.1			1.0
7010.0			1.0
7010.9			1.0
7011.8			1.0
7012.700000000001			1.0
7013.6			1.0
7014.5			0.9510282350546425
7015.4			0.8849886498155917
7016.3			0.8711362948498375
7017.200000000001			0.9366982547271983
7018.1			0.9994197001304337
7019.0			1.0
7019.9			1.0
7020.8			1.0
7021.700000000001			1.0
7022.6			1.0
7023.5			1.0
7024.4			1.0
7025.3			1.0
7026.200000000001			1.0
7027.1			1.0
7028.0			1.0
7028.9			1.0
7029.8			1.0
7030.700000000001			1.0
7031.6			1.0
7032.5			1.0
7033.4			1.0
7034.3			1.0
7035.200000000001			1.0
7036.1			1.0
7037.0			1.0
7037.9			0.9515628052078929
7038.8			0.9518771556452296
7039.700000000001			1.0139271593432648
7040.6			1.0748253414106546
7041.5			1.0982964118030858
7042.4			1.0963007458421183
7043.3			1.0774981886228676
7044.200000000001			1.0461940476371172
7045.1			1.0306608884371866
7046.0			1.0492507517586
7046.9			1.0802015893868298
7047.8			1.1030933312418374
7048.700000000001			1.107244465311673
7049.6			1.0872155808409747
7050.5			1.0567483606830914
7051.4			1.0159961743289734
7052.3			0.9556908178485606
7053.200000000001			0.8911479476283197
7054.1			0.8462309988774168
7055.0			0.8497547556121496
7055.9			0.9001145235059533
7056.8			0.9485356674458552
7057.700000000001			0.9586276775964916
7058.6			0.9318120402864378
7059.5			0.8956776008218049
7060.4			0.8814090861214813
7061.3			0.8917585885557134
7062.200000000001			0.9051262442579316
7063.1			0.9124412899086456
7064.0			0.9164331256577171
7064.9			0.9049657928396602
7065.8			0.8839270819104503
7066.700000000001			0.8717322457292064
7067.6			0.8623801139150832
7068.5			0.8646027814715564
7069.4			0.9014195748209846
7070.3			0.9532110460766776
7071.200000000001			0.9813240063268804
7072.1			0.9824906878813504
7073.0			0.981586570436994
7073.9			0.9850335090427931
7074.8			0.9853058522061421
7075.700000000001			0.984534455084402
7076.6			0.9872676030595253
7077.5			0.9954599328852336
7078.4			1.0069517380526694
7079.3			1.0169864926769663
7080.200000000001			1.0273801471145463
7081.1			1.0291047443437795
7082.0			1.0076923223216296
7082.9			0.9586196137623112
7083.8			0.9018898365458043
7084.700000000001			0.8859684078599827
7085.6			0.9103272970727635
7086.5			0.8963175375198259
7087.4			0.8324717870836474
7088.3			0.7994894357389603
7089.200000000001			0.8195300977140287
7090.1			0.8584618124746515
7091.0			0.893881556471333
7091.9			0.8998784407209219
7092.8			0.8799296488584396
7093.700000000001			0.8693416997154326
7094.6			0.8659624262766675
7095.5			0.8600359544594566
7096.4			0.8609476611852434
7097.3			0.8675125696526175
7098.200000000001			0.8844278570431274
7099.1			1.0
7100.0			1.004619299408515
7100.9			0.9843808959209557
7101.8			0.95252051103835
7102.700000000001			0.9366202539365585
7103.6			0.9579882754497547
7104.5			1.0039775713945753
7105.4			1.0275642786275125
7106.3			1.0188249646042726
7107.200000000001			1.0093903949627476
7108.1			1.0151358674636362
7109.0			1.01308564469096
7109.9			0.9820794314764975
7110.8			0.9501946624574139
7111.700000000001			0.9565527162861366
7112.6			1.0006224910665817
7113.5			1.0404168573384662
7114.4			1.0490028292124898
7115.3			1.0518250648665586
7116.200000000001			1.0663832895676857
7117.1			1.072411043998906
7118.0			1.068055158669926
7118.9			1.0672992039441151
7119.8			1.0684090340884562
7120.700000000001			1.069069954272386
7121.6			1.0655502229300193
7122.5			1.0695236419001255
7123.4			1.0733536053303716
7124.3			1.0192308865830935
7125.200000000001			0.9163894355596731
7126.1			0.8604074383060584
7127.0			0.8900328555415444
7127.9			0.9397707919067108
7128.8			0.9490678957423985
7129.700000000001			0.9158296055821872
7130.6			0.8846803145573974
7131.5			0.8931450028597737
7132.4			0.9247896662121019
7133.3			0.954193317842981
7134.200000000001			0.9739660118552044
7135.1			0.9745281394065954
7136.0			0.9766182072490114
7136.9			0.9830672714821855
7137.8			0.9621602000751376
7138.700000000001			0.9363792712273575
7139.6			0.9500401276151336
7140.5			0.9924772543425359
7141.4			1.0137517594161196
7142.3			1.0115227917063168
7143.200000000001			1.0119955770539908
7144.1			1.0214643127452694
7145.0			1.0306871089374852
7145.9			1.0383666913886147
7146.8			1.0289352319171516
7147.700000000001			1.000016307996823
7148.6			1.0012502056783925
7149.5			1.029088956850744
7150.4			1.0433023306542764
7151.3			1.0532862523356583
7152.200000000001			1.0776890059690918
7153.1			1.0951130462785468
7154.0			1.0813066608500117
7154.9			1.0627029029585406
7155.8			1.0824633175987317
7156.700000000001			1.1181204642949698
7157.6			1.1094330098542367
7158.5			1.0643118819365989
7159.4			1.0368221703340772
7160.3			1.053002472624279
7161.200000000001			1.09416925052401
7162.1			1.1211140203578072
7163.0			1.1032773006504417
7163.9			1.0606982352550913
7164.8			1.0426952846704582
7165.700000000001			1.0737087496807873
7166.6			1.1177578714513243
7167.5			1.1368395030514862
7168.4			1.1250148624346052
7169.3			1.1102792418907923
7170.200000000001			1.1330179124173803
7171.1			1.1677755924281248
7172.0			1.1954233967120764
7172.9			1.203322053513607
7173.8			1.1864546319587697
7174.700000000001			1.165091011614829
7175.6			1.152285094252434
7176.5			1.158042465264314
7177.4			1.192195976674687
7178.3			1.2010640700329611
7179.200000000001			1.1706934495264476
7180.1			1.1257554773267686
7181.0			1.1123000709187731
7181.9			1.1503627193314512
7182.8			1.2195940255412805
7183.700000000001			1.2637353104504034
7184.6			1.260603389355907
7185.5			1.2330812156174713
7186.4			1.1881581804084578
7187.3			1.1205537634339915
7188.200000000001			1.0903909566374494
7189.1			1.1172077718656872
7190.0			1.1782791023843973
7190.9			1.2272697192477087
7191.8			1.2276039436938253
7192.700000000001			1.2148723449412544
7193.6			1.234683464805177
7194.5			1.2588314380730967
7195.4			1.2477633401371568
7196.3			1.2026544185423762
7197.200000000001			1.1670359615430876
7198.1			1.1944310900553317
7199.0			1.247565869341342
7199.9			1.2721764111565772
7200.8			1.2512719255658689
7201.700000000001			1.2161681881603736
7202.6			1.2337333846063907
7203.5			1.2900180058377706
7204.4			1.3148194655602998
7205.3			1.292500565976201
7206.200000000001			1.227482832561309
7207.1			1.1647649841099328
7208.0			1.153534894460151
7208.9			1.1821198631928937
7209.8			1.2336717078756638
7210.700000000001			1.298458880317682
7211.6			1.3092469659727513
7212.5			1.271112153220273
7213.4			1.2457055323893595
7214.3			1.2454705893534421
7215.200000000001			1.2531665524194946
7216.1			1.2772953935663178
7217.0			1.3269192737386377
7217.9			1.371278224502012
7218.8			1.372341138925915
7219.700000000001			1.348191042408143
7220.6			1.3328688394723265
7221.5			1.3307153193673837
7222.4			1.3321782236182305
7223.3			1.3311170368764291
7224.200000000001			1.3593918329560146
7225.1			1.4035305024940155
7226.0			1.4224312863820792
7226.9			1.418694089817307
7227.8			1.3849882719682038
7228.700000000001			1.3559344507307707
7229.6			1.3792036424888314
7230.5			1.4147506247482304
7231.4			1.4355250743624857
7232.3			1.4417282536022196
7233.200000000001			1.4445400215475017
7234.1			1.4580801622359805
7235.0			1.4412727095502382
7235.9			1.3916946547266376
7236.8			1.3868678635796392
7237.700000000001			1.4261222882835705
7238.6			1.4509736171021896
7239.5			1.4494051443029452
7240.4			1.4468551551705207
7241.3			1.4601809509787176
7242.200000000001			1.4796071570261384
7243.1			1.4622029590538297
7244.0			1.399392929420729
7244.9			1.3701645722127542
7245.8			1.429081583751134
7246.700000000001			1.5063589785291218
7247.6			1.55220981730121
7248.5			1.5624045052908786
7249.4			1.5406593466938832
7250.3			1.4979510485794858
7251.200000000001			1.4588399603266944
7252.1			1.448041544582258
7253.0			1.457981916552549
7253.9			1.4608896159761493
7254.8			1.4849077993802313
7255.700000000001			1.5397133162652685
7256.6			1.5874574457478297
7257.5			1.5909239856578579
7258.4			1.5580844293795577
7259.3			1.5244404116328572
7260.200000000001			1.471560916299385
7261.1			1.4087976949315733
7262.0			1.4280710177011327
7262.9			1.5128665409470377
7263.8			1.5579988691520035
7264.700000000001			1.5538038383965664
7265.6			1.5318128573818466
7266.5			1.5370289862252413
7267.4			1.5815572768830657
7268.3			1.6100150040347383
7269.200000000001			1.606509287787568
7270.1			1.5851867177522185
7271.0			1.559370601787923
7271.9			1.5604019207548103
7272.8			1.5827261846221232
7273.700000000001			1.6137002615722849
7274.6			1.6627183882223737
7275.5			1.705220938078172
7276.4			1.7104169739499657
7277.3			1.6769359155328372
7278.200000000001			1.639989485936069
7279.1			1.6337655974709788
7280.0			1.6273036991240601
7280.9			1.5903302448218501
7281.8			1.5509656890697594
7282.700000000001			1.5430829982337997
7283.6			1.553918203950888
7284.5			1.5767302434939303
7285.4			1.62088848949009
7286.3			1.6593124742813488
7287.200000000001			1.6537978810620555
7288.1			1.6144000557773146
7289.0			1.591414155141159
7289.9			1.5835324804921267
7290.8			1.5384814047517188
7291.700000000001			1.5028285945931228
7292.6			1.540516020266948
7293.5			1.6148557475147816
7294.4			1.6837587752544576
7295.3			1.7453515174062748
7296.200000000001			1.7938779133014096
7297.1			1.7883420046067342
7298.0			1.734053350221103
7298.9			1.6842422572369495
7299.8			1.6705182094799216
7300.700000000001			1.7049470577787533
7301.6			1.7464631117823781
7302.5			1.7583467490024822
7303.4			1.7699900848810264
7304.3			1.7864410489112426
7305.200000000001			1.778955993042069
7306.1			1.7528156371044437
7307.0			1.7378382801099892
7307.9			1.7500506316393263
7308.8			1.7942840822216242
7309.700000000001			1.8174346849935914
7310.6			1.7762041984562085
7311.5			1.749743355838214
7312.4			1.7882601521208554
7313.3			1.8400887812089757
7314.200000000001			1.8588433833640476
7315.1			1.8285595881074346
7316.0			1.7816850268768385
7316.9			1.761699144444305
7317.8			1.7655318177397312
7318.700000000001			1.796323199192136
7319.6			1.8391754799923117
7320.5			1.8568104975170605
7321.4			1.8625252164436104
7322.3			1.8524128717348642
7323.200000000001			1.8045264643595162
7324.1			1.7645123144128185
7325.0			1.7404258172008331
7325.9			1.7319891502100775
7326.8			1.7985271577615705
7327.700000000001			1.900915270767531
7328.6			1.9263180945127727
7329.5			1.8932577753479145
7330.4			1.866428670130027
7331.3			1.860088305192654
7332.200000000001			1.861790972108218
7333.1			1.8743587549865641
7334.0			1.8949828425444941
7334.9			1.914387558924689
7335.8			1.9422037741804135
7336.700000000001			1.9611897752478056
7337.6			1.9511770934160064
7338.5			1.9445452305481077
7339.4			1.9742538243998995
7340.3			2.0317379074851707
7341.200000000001			2.07211678113368
7342.1			2.052196031189657
7343.0			1.9707669730416024
7343.9			1.8634237646062108
7344.8			1.8439585578357087
7345.700000000001			1.934237576169009
7346.6			2.011900131748218
7347.5			2.0499168317250027
7348.4			2.071620224297696
7349.3			2.0511659158729607
7350.200000000001			1.9928107512042395
7351.1			1.9506730838947761
7352.0			1.9715240505694946
7352.9			2.001581483637025
7353.8			1.9768237728086377
7354.700000000001			1.8908678089962592
7355.6			1.7944059470709481
7356.5			1.7787682100337074
7357.4			1.8623421940865492
7358.3			2.0010691703364967
7359.200000000001			2.122286679873143
7360.1			2.1183137104544594
7361.0			2.013237671198524
7361.9			1.9138842775687133
7362.8			1.8975225894188525
7363.700000000001			1.9522215541711585
7364.6			2.035349899626603
7365.5			2.0901489879323547
7366.4			2.101322374620694
7367.3			2.1445118298672043
7368.200000000001			2.186539795432062
7369.1			2.1735420581528904
7370.0			2.1926330437704986
7370.9			2.257958268757162
7371.8			2.297867619297829
7372.700000000001			2.2917566747401943
7373.6			2.2707978205155537
7374.5			2.265420134368718
7375.4			2.270728435143979
7376.3			2.2804806421748216
7377.200000000001			2.3116898607772094
7378.1			2.3506207829914025
7379.0			2.3684357795026254
7379.9			2.3550837887961227
7380.8			2.3037820112360796
7381.700000000001			2.2409591355239966
7382.6			2.21238541420983
7383.5			2.2236924926979715
7384.4			2.2097890156910007
7385.3			2.169616968696522
7386.200000000001			2.176129011178097
7387.1			2.2055911574327425
7388.0			2.1988116984333144
7388.9			2.15447400457442
7389.8			2.1392528602324083
7390.700000000001			2.1862265882450043
7391.6			2.2337057989453597
7392.5			2.241939922628805
7393.4			2.2391243205282736
7394.3			2.2820790420718233
7395.200000000001			2.331110370892521
7396.1			2.3375349367478915
7397.0			2.3388233961988107
7397.9			2.3260087112921357
7398.8			2.2874841871072364
7399.700000000001			2.2329493551475075
7400.6			2.2223628872869816
7401.5			2.284871606143366
7402.4			2.3818641867129036
7403.3			2.465407406934394
7404.200000000001			2.494492870883599
7405.1			2.4759858244604476
7406.0			2.4549372169423744
7406.9			2.4562746793987804
7407.8			2.4423467444026645
7408.700000000001			2.404621085860212
7409.6			2.385705068697961
7410.5			2.4130694672992594
7411.4			2.359948375300353
7412.3			1.565950803918776
7413.200000000001			0.24706052265084946
7414.1			1.523886678567596e-05
7415.0			1.5285535303314442e-05
7415.9			1.5332490540557313e-05
7416.8			1.537973514784581e-05
7417.700000000001			1.5427271808389794e-05
7418.6			1.547510323867571e-05
7419.5			1.5523232188984064e-05
7420.4			1.5571661443916576e-05
7421.3			1.562039382293323e-05
7422.200000000001			1.5669432180899434e-05
7423.1			1.571877940864354e-05
7424.0			1.5768438433524897e-05
7424.9			1.5818412220012746e-05
7425.8			1.5868703770276134e-05
7426.700000000001			1.5919316124785106e-05
7427.6			1.5970252362923478e-05
7428.5			1.6021515603613364e-05
7429.4			1.0
