3500.0			1.0
3500.9			1.0
3501.8			1.0
3502.7			1.0
3503.6			1.0
3504.5			1.0
3505.4			1.0
3506.3			1.0
3507.2			1.0
3508.1			1.0
3509.0			1.0
3509.9			1.0
3510.8			1.0
3511.7			1.0
3512.6			1.0
3513.5			1.0
3514.4			1.0
3515.3			1.0
3516.2			1.0
3517.1			1.0
3518.0			1.0
3518.9			1.0
3519.8			1.0
3520.7			1.0
3521.6			1.0
3522.5			1.0
3523.4			1.0
3524.3			1.0
3525.2			1.0
3526.1			1.0
3527.0			1.0
3527.9			1.0
3528.8			1.0
3529.7			1.0
3530.6			1.0
3531.5			1.0
3532.4			1.0
3533.3			1.0
3534.2			1.0
3535.1			1.0
3536.0			1.0
3536.9			1.0
3537.8			1.0
3538.7			1.0
3539.6			1.0
3540.5			1.0
3541.4			1.0
3542.3			1.0
3543.2			1.0
3544.1			1.0
3545.0			1.0
3545.9			1.0
3546.8			1.0
3547.7			1.0
3548.6			1.0
3549.5			1.0
3550.4			1.0
3551.3			1.0
3552.2			1.0
3553.1			1.0
3554.0			1.0
3554.9			1.0
3555.8			1.0
3556.7			1.0
3557.6			1.0
3558.5			1.0
3559.4			1.0
3560.3			1.0
3561.2			1.0
3562.1			1.0
3563.0			1.0
3563.9			1.0
3564.8			1.0
3565.7			1.0
3566.6			1.0
3567.5			1.0
3568.4			1.0
3569.3			1.0
3570.2			1.0
3571.1			1.0
3572.0			1.0
3572.9			1.0
3573.8			1.0
3574.7			1.0
3575.6			1.0
3576.5			1.0
3577.4			1.0
3578.3			1.0
3579.2			1.0
3580.1			1.0
3581.0			1.0
3581.9			1.0
3582.8			1.0
3583.7			1.0
3584.6			1.0
3585.5			1.0
3586.4			1.0
3587.3			1.0
3588.2			1.0
3589.1			1.0
3590.0			1.0
3590.9			1.0
3591.8			1.0
3592.7			1.0
3593.6			1.0
3594.5			1.0
3595.4			1.0
3596.3			1.0
3597.2			1.0
3598.1			1.0
3599.0			1.0
3599.9			1.0
3600.8			1.0
3601.7			1.0
3602.6			1.0
3603.5			1.0
3604.4			1.0
3605.3			1.0
3606.2			1.0
3607.1			1.0
3608.0			1.0
3608.9			1.0
3609.8			1.0
3610.7			1.0
3611.6			1.0
3612.5			1.0
3613.4			1.0
3614.3			1.0
3615.2			1.0
3616.1			1.0
3617.0			1.0
3617.9			1.0
3618.8			1.0
3619.7			1.0
3620.6			1.0
3621.5			1.0
3622.4			1.0
3623.3			1.0
3624.2			1.0
3625.1			1.0
3626.0			1.0
3626.9			1.0
3627.8			1.0
3628.7			1.0
3629.6			1.0
3630.5			1.0
3631.4			1.0
3632.3			1.0
3633.2			1.0
3634.1			1.0
3635.0			1.0
3635.9			1.0
3636.8			1.0
3637.7			1.0
3638.6			1.0
3639.5			1.0
3640.4			1.0
3641.3			1.0
3642.2			1.0
3643.1			1.0
3644.0			1.0
3644.9			1.0
3645.8			1.0
3646.7			1.0
3647.6			1.0
3648.5			1.0
3649.4			1.0
3650.3			1.0
3651.2			1.0
3652.1			1.0
3653.0			1.0
3653.9			1.0
3654.8			1.0
3655.7			1.0
3656.6			1.0
3657.5			1.0
3658.4			1.0
3659.3			1.0
3660.2			1.0
3661.1			1.0
3662.0			1.0
3662.9			1.0
3663.8			1.0
3664.7			1.0
3665.6			1.0
3666.5			1.0
3667.4			1.0
3668.3			1.0
3669.2			1.0
3670.1			1.0
3671.0			1.0
3671.9			1.0
3672.8			1.0
3673.7			1.0
3674.6			1.0
3675.5			1.0
3676.4			1.0
3677.3			1.0
3678.2			1.0
3679.1			1.0
3680.0			1.0
3680.9			1.0
3681.8			1.0
3682.7			1.0
3683.6			1.0
3684.5			1.0
3685.4			1.0
3686.3			1.0
3687.2			1.0
3688.1			1.0
3689.0			1.0
3689.9			1.0
3690.8			1.0
3691.7			1.0
3692.6			1.0
3693.5			1.0
3694.4			1.0
3695.3			1.0
3696.2			1.0
3697.1			1.0
3698.0			1.0
3698.9			1.0
3699.8			1.0
3700.7			1.0
3701.6			1.0
3702.5			1.0
3703.4			1.0
3704.3			1.0
3705.2			1.0
3706.1			1.0
3707.0			1.0
3707.9			1.0
3708.8			1.0
3709.7			1.0
3710.6			1.0
3711.5			1.0
3712.4			1.0
3713.3			1.0
3714.2			1.0
3715.1			1.0
3716.0			1.0
3716.9			1.0
3717.8			1.0
3718.7			1.0
3719.6			1.0
3720.5			1.0
3721.4			1.0
3722.3			1.0
3723.2			1.0
3724.1			1.0
3725.0			1.0
3725.9			1.0
3726.8			1.0
3727.7			1.0
3728.6			1.0
3729.5			1.0
3730.4			1.0
3731.3			1.0
3732.2			1.0
3733.1			1.0
3734.0			1.0
3734.9			1.0
3735.8			1.0
3736.7			1.0
3737.6			1.0
3738.5			1.0
3739.4			1.0
3740.3			1.0
3741.2			1.0
3742.1			1.0
3743.0			1.0
3743.9			1.0
3744.8			1.0
3745.7			1.0
3746.6			1.0
3747.5			1.0
3748.4			1.0
3749.3			1.0
3750.2			1.0
3751.1			1.0
3752.0			1.0
3752.9			1.0
3753.8			1.0
3754.7			1.0
3755.6			1.0
3756.5			1.0
3757.4			1.0
3758.3			1.0
3759.2			1.0
3760.1			1.0
3761.0			1.0
3761.9			1.0
3762.8			1.0
3763.7			1.0
3764.6			1.0
3765.5			1.0
3766.4			1.0
3767.3			1.0
3768.2			1.0
3769.1			1.0
3770.0			1.0
3770.9			1.0
3771.8			1.0
3772.7			1.0
3773.6			1.0
3774.5			1.0
3775.4			1.0
3776.3			1.0
3777.2			1.0
3778.1			1.0
3779.0			1.0
3779.9			1.0
3780.8			1.0
3781.7			1.0
3782.6			1.0
3783.5			1.0
3784.4			1.0
3785.3			1.0
3786.2			1.0
3787.1			1.0
3788.0			1.0
3788.9			1.0
3789.8			1.0
3790.7			1.0
3791.6			1.0
3792.5			1.0
3793.4			1.0
3794.3			1.0
3795.2			1.0
3796.1			1.0
3797.0			1.0
3797.9			1.0
3798.8			1.0
3799.7			1.0
3800.6			1.0
3801.5			1.0
3802.4			1.0
3803.3			1.0
3804.2			1.0
3805.1			1.0
3806.0			1.0
3806.9			1.0
3807.8			1.0
3808.7			1.0
3809.6			1.0
3810.5			1.0
3811.4			1.0
3812.3			1.0
3813.2			1.0
3814.1			1.0
3815.0			1.0
3815.9			1.0
3816.8			1.0
3817.7			1.0
3818.6			1.0
3819.5			1.0
3820.4			1.0
3821.3			1.0
3822.2			1.0
3823.1			1.0
3824.0			1.0
3824.9			1.0
3825.8			1.0
3826.7			1.0
3827.6			1.0
3828.5			1.0
3829.4			1.0
3830.3			1.0
3831.2			1.0
3832.1			1.0
3833.0			1.0
3833.9			1.0
3834.8			1.0
3835.7			1.0
3836.6			1.0
3837.5			1.0
3838.4			1.0
3839.3			1.0
3840.2			1.0
3841.1			1.0
3842.0			1.0
3842.9			1.0
3843.8			1.0
3844.7			1.0
3845.6			1.0
3846.5			1.0
3847.4			1.0
3848.3			1.0
3849.2			1.0
3850.1			1.0
3851.0			1.0
3851.9			1.0
3852.8			1.0
3853.7			1.0
3854.6			1.0
3855.5			1.0
3856.4			1.0
3857.3			1.0
3858.2			1.0
3859.1			1.0
3860.0			1.0
3860.9			1.0
3861.8			1.0
3862.7			1.0
3863.6			1.0
3864.5			1.0
3865.4			1.0
3866.3			1.0
3867.2			1.0
3868.1			1.0
3869.0			1.0
3869.9			1.0
3870.8			1.0
3871.7			1.0
3872.6			1.0
3873.5			1.0
3874.4			1.0
3875.3			1.0
3876.2			1.0
3877.1			1.0
3878.0			1.0
3878.9			1.0
3879.8			1.0
3880.7			1.0
3881.6			1.0
3882.5			1.0
3883.4			1.0
3884.3			1.0
3885.2			1.0
3886.1			1.0
3887.0			1.0
3887.9			1.0
3888.8			1.0
3889.7			1.0
3890.6			1.0
3891.5			1.0
3892.4			1.0
3893.3			1.0
3894.2			1.0
3895.1			1.0
3896.0			1.0
3896.9			1.0
3897.8			1.0
3898.7			1.0
3899.6			1.0
3900.5			1.0
3901.4			1.0
3902.3			1.0
3903.2			1.0
3904.1			1.0
3905.0			1.0
3905.9			1.0
3906.8			1.0
3907.7			1.0
3908.6			1.0
3909.5			1.0
3910.4			1.0
3911.3			1.0
3912.2			1.0
3913.1			1.0
3914.0			1.0
3914.9			1.0
3915.8			1.0
3916.7			1.0
3917.6			1.0
3918.5			1.0
3919.4			1.0
3920.3			1.0
3921.2			1.0
3922.1			1.0
3923.0			1.0
3923.9			1.0
3924.8			1.0
3925.7			1.0
3926.6			1.0
3927.5			1.0
3928.4			1.0
3929.3			1.0
3930.2			1.0
3931.1			1.0
3932.0			1.0
3932.9			1.0
3933.8			1.0
3934.7			1.0
3935.6			1.0
3936.5			1.0
3937.4			1.0
3938.3			1.0
3939.2			1.0
3940.1			1.0
3941.0			1.0
3941.9			1.0
3942.8			1.0
3943.7			1.0
3944.6			1.0
3945.5			1.0
3946.4			1.0
3947.3			1.0
3948.2			1.0
3949.1			1.0
3950.0			1.0
3950.9			1.0
3951.8			1.0
3952.7			1.0
3953.6			1.0
3954.5			1.0
3955.4			1.0
3956.3			1.0
3957.2			1.0
3958.1			1.0
3959.0			1.0
3959.9			1.0
3960.8			1.0
3961.7			1.0
3962.6			1.0
3963.5			1.0
3964.4			1.0
3965.3			1.0
3966.2			1.0
3967.1			1.0
3968.0			1.0
3968.9			1.0
3969.8			1.0
3970.7			1.0
3971.6			1.0
3972.5			1.0
3973.4			1.0
3974.3			1.0
3975.2			1.0
3976.1			1.0
3977.0			1.0
3977.9			1.0
3978.8			1.0
3979.7			1.0
3980.6			1.0
3981.5			1.0
3982.4			1.0
3983.3			1.0
3984.2			1.0
3985.1			1.0
3986.0			1.0
3986.9			1.0
3987.8			1.0
3988.7			1.0
3989.6			1.0
3990.5			1.0
3991.4			1.0
3992.3			1.0
3993.2			1.0
3994.1			1.0
3995.0			1.0
3995.9			1.0
3996.8			1.0
3997.7			1.0
3998.6			1.0
3999.5			1.0
4000.4			1.0
4001.3			1.0
4002.2			1.0
4003.1			1.0351318538843568
4004.0			0.9826403503660435
4004.9			0.8217917164266806
4005.8			0.7356391652176884
4006.7			0.8152201795360411
4007.6			0.9268337276909147
4008.5			1.0028494361198965
4009.4			1.0
4010.3			1.0
4011.2			1.0
4012.1			1.0
4013.0			1.0
4013.9			1.0
4014.8			1.0
4015.7			1.0
4016.6			1.0
4017.5			1.0
4018.4			1.0
4019.3			1.0
4020.2			1.0
4021.1			1.0
4022.0			1.0
4022.9			1.0
4023.8			1.0
4024.7			1.0
4025.6			1.0
4026.5			1.0
4027.4			1.0427877582711496
4028.3			1.072337467334113
4029.2			1.0276320455851404
4030.1			0.8774750599812728
4031.0			0.7402455461360232
4031.9			0.7091694708989795
4032.8			0.699572826961009
4033.7			0.7012014490437413
4034.6			0.746231199821645
4035.5			0.8139620489248461
4036.4			0.8984798425839634
4037.3			0.9755912310247046
4038.2			0.9994467000950106
4039.1			1.0
4040.0			1.0
4040.9			1.0
4041.8			1.0
4042.7			1.033705099890735
4043.6			0.9289355652494624
4044.5			0.7278197777831067
4045.4			0.5706807376835651
4046.3			0.5996263146191438
4047.2			0.8161705555854528
4048.1			0.9973117846094327
4049.0			1.0
4049.9			1.0
4050.8			1.0
4051.7			1.0
4052.6			1.0
4053.5			1.0
4054.4			1.0
4055.3			1.0
4056.2			1.0
4057.1			1.0
4058.0			1.0
4058.9			1.0
4059.8			1.0
4060.7			1.0771784586137196
4061.6			1.027691010748563
4062.5			0.8629402712200994
4063.4			0.7136006353872482
4064.3			0.7535662258538639
4065.2			0.9274797602054918
4066.1			0.995452378352777
4067.0			1.0
4067.9			1.0
4068.8			1.0
4069.7			1.0
4070.6			1.0
4071.5			1.0
4072.4			1.0
4073.3			1.0
4074.2			1.0
4075.1			0.9204096582297011
4076.0			0.7756566376560962
4076.9			0.6515340461856145
4077.8			0.6466072092273013
4078.7			0.7615620773596655
4079.6			0.8920319186981324
4080.5			1.0029275634779484
4081.4			1.0
4082.3			1.0
4083.2			1.0
4084.1			1.0
4085.0			1.0
4085.9			1.0
4086.8			1.0
4087.7			1.0
4088.6			1.0
4089.5			1.0
4090.4			1.0
4091.3			1.0
4092.2			1.0
4093.1			1.0
4094.0			1.0
4094.9			1.0
4095.8			1.0
4096.7			1.0
4097.6			1.0131803216365225
4098.5			1.0361679129825743
4099.4			1.0253903504782893
4100.3			0.9262114369588631
4101.2			0.8101577799546424
4102.1			0.8208107871981969
4103.0			0.921089553470126
4103.9			0.9692107869320495
4104.8			1.0043851092202816
4105.7			1.0
4106.6			1.0
4107.5			1.0
4108.4			1.0
4109.3			1.0
4110.2			1.0
4111.1			1.0
4112.0			1.0
4112.9			1.0
4113.8			1.0
4114.7			1.0
4115.6			1.0
4116.5			1.0
4117.4			1.0
4118.3			1.0
4119.2			1.0
4120.1			1.0
4121.0			1.0
4121.9			1.0
4122.8			1.0
4123.7			1.0
4124.6			1.0
4125.5			1.0
4126.4			0.972581076871528
4127.3			0.9377989087174244
4128.2			0.9207323372672719
4129.1			0.9147960380527155
4130.0			0.8946722255301707
4130.9			0.8733935511721995
4131.8			0.8182310966925989
4132.7			0.7730187701595052
4133.6			0.7881092529807531
4134.5			0.8316662832558493
4135.4			0.9240328037001484
4136.3			1.012053406388258
4137.2			1.0106225912083098
4138.1			0.9939414929740961
4139.0			1.0169994727718268
4139.9			1.037621914761079
4140.8			1.0207737448944147
4141.7			0.9304050170536455
4142.6			0.772144547464877
4143.5			0.6659058416257755
4144.4			0.7237295502615083
4145.3			0.8642141364327077
4146.2			0.9419798463032075
4147.1			0.9515985975499532
4148.0			1.0
4148.9			0.9412223727297123
4149.8			0.8600869782406475
4150.7			0.8258913374969367
4151.6			0.8320284674812756
4152.5			0.8620597382647938
4153.4			0.8925905214291088
4154.3			0.890734873985901
4155.2			0.8725623472219266
4156.1			0.8308765674566264
4157.0			0.8117933992172901
4157.9			0.8915725110254226
4158.8			1.0150993246872861
4159.7			1.0713480335201093
4160.6			1.0410699425067622
4161.5			1.0332414816984827
4162.4			1.0
4163.3			1.0123334384179226
4164.2			0.9636465273632457
4165.1			0.9271040976911143
4166.0			0.886458949002521
4166.9			0.8249634824973814
4167.8			0.8381178427050155
4168.7			0.9319286924228541
4169.6			0.999973523119842
4170.5			1.013894182933843
4171.4			0.9498507125451143
4172.3			0.8167488463430077
4173.2			0.7543913245801322
4174.1			0.8063112407986895
4175.0			0.8715213519062588
4175.9			0.8865890128123108
4176.8			0.8484745272703859
4177.7			0.7977365937563586
4178.6			0.8035808133711837
4179.5			0.8421750516995621
4180.4			0.85817708386526
4181.3			0.8697900837461763
4182.2			0.9157997140227597
4183.1			0.996373505641376
4184.0			1.0
4184.9			1.0
4185.8			1.0
4186.7			1.0
4187.6			1.0
4188.5			1.0
4189.4			1.0
4190.3			1.0
4191.2			1.0
4192.1			1.0164749170445009
4193.0			1.0809125872875915
4193.9			1.0702791001194831
4194.8			0.97350436143362
4195.7			0.8565628471603394
4196.6			0.7973994963898184
4197.5			0.8238064451474693
4198.4			0.8835529665590759
4199.3			0.9685707480719733
4200.2			1.0330163584703924
4201.1			0.9999612268985307
4202.0			1.0
4202.9			1.0
4203.8			1.0
4204.7			1.0
4205.6			1.0
4206.5			1.0
4207.4			1.0
4208.3			1.0
4209.2			1.0
4210.1			1.0
4211.0			1.0
4211.9			1.0
4212.8			0.9366266239059001
4213.7			0.8080666988921092
4214.6			0.6530604314236647
4215.5			0.5837881944365103
4216.4			0.6981363809783278
4217.3			0.8845473160093241
4218.2			0.9665969641498405
4219.1			1.0
4220.0			1.0
4220.9			1.0
4221.8			1.0
4222.7			0.9212205885837652
4223.6			0.8336578389013405
4224.5			0.7413763522852602
4225.4			0.6043864459887635
4226.3			0.4618341758592247
4227.2			1.0
4228.1			1.364806724299368
4229.0			1.682192588061452
4229.9			1.7388342067735263
4230.8			1.7032238812211726
4231.7			1.5912568859512994
4232.6			1.3794233223084518
4233.5			1.2215146080593735
4234.4			1.182198561329673
4235.3			1.11705584335355
4236.2			1.0145325525065354
4237.1			0.983208809690837
4238.0			0.9786050273814285
4238.9			0.9462193065117643
4239.8			0.9288862220040615
4240.7			0.959398197338931
4241.6			0.9813194491959053
4242.5			0.942689941120365
4243.4			0.9280532730033685
4244.3			0.9714156507323793
4245.2			1.0
4246.1			1.0
4247.0			0.9326385237431029
4247.9			0.8914806571773597
4248.8			0.8790242812882975
4249.7			0.8504878903158081
4250.6			0.8409156318272996
4251.5			0.9254372965841704
4252.4			1.0340523373605066
4253.3			1.051711592257506
4254.2			0.9955923903218928
4255.1			1.0
4256.0			1.0
4256.9			1.0790643952262526
4257.8			1.04118142341205
4258.7			0.90519426773558
4259.6			0.7754399722070505
4260.5			0.7013756320153146
4261.4			0.7434549125201158
4262.3			0.8711638132177717
4263.2			0.9678987470963762
4264.1			0.9847142333040533
4265.0			1.0
4265.9			1.0
4266.8			0.9714201458303136
4267.7			0.8923594444713739
4268.6			0.835468545761141
4269.5			0.7939504969131765
4270.4			0.7062495376802794
4271.3			0.5930544667660818
4272.2			0.5793836068942354
4273.1			0.6659833692215757
4274.0			0.7092264776417444
4274.9			0.7241950938486993
4275.8			0.8083772911661268
4276.7			0.9210942615765199
4277.6			0.9990213098142471
4278.5			1.0
4279.4			1.0
4280.3			1.0
4281.2			1.0
4282.1			1.0
4283.0			1.0
4283.9			1.0
4284.8			1.0
4285.7			1.0
4286.6			1.0
4287.5			1.0421803916869932
4288.4			0.9799539296978762
4289.3			0.8392609583062017
4290.2			0.7631098104295716
4291.1			0.810042380569844
4292.0			1.0
4292.9			1.1011719661561057
4293.8			1.0838472315058465
4294.7			1.0314290321422783
4295.6			1.0338413454642006
4296.5			1.0073914366066166
4297.4			0.9342717601498889
4298.3			0.8280575024285489
4299.2			0.6862949539065335
4300.1			0.6345924265712956
4301.0			0.7045330107157788
4301.9			0.7553716266537577
4302.8			0.7465306728306379
4303.7			0.7590588331477589
4304.6			0.7687060241822554
4305.5			0.7312637354069638
4306.4			0.6990541981894616
4307.3			0.6370550031392502
4308.2			0.5660133051715786
4309.1			0.5829977438534023
4310.0			0.6534491086342905
4310.9			0.7401259252577521
4311.8			0.8234638776614437
4312.7			0.9056443862049454
4313.6			0.9753753681368437
4314.5			1.0366972160126111
4315.4			1.1954863293309916
4316.3			1.3897808072683302
4317.2			1.4496165677203445
4318.1			1.424037369821039
4319.0			1.3897261245558612
4319.9			1.337380381316562
4320.8			1.0
4321.7			0.967221509080899
4322.6			0.9159494068445794
4323.5			0.7676658144239155
4324.4			0.607966417475736
4325.3			0.5129671559036092
4326.2			0.5540212458027466
4327.1			0.7374329969445779
4328.0			0.9247047606220319
4328.9			1.0009993994374067
4329.8			1.0
4330.7			1.0
4331.6			1.0
4332.5			1.0
4333.4			1.0
4334.3			1.0
4335.2			1.0
4336.1			0.9722317534994493
4337.0			0.8365438065600739
4337.9			0.7107896788735171
4338.8			0.6675377020901663
4339.7			0.6378152289857268
4340.6			0.6383586050860163
4341.5			0.7428516160086323
4342.4			0.8752146012370466
4343.3			0.9124115042700839
4344.2			0.9193344230244117
4345.1			0.9886391290902325
4346.0			1.0
4346.9			1.0
4347.8			1.0
4348.7			1.0
4349.6			1.0287980619316657
4350.5			0.9238618350498108
4351.4			0.7684516260659983
4352.3			0.736091482408843
4353.2			0.8431990576579179
4354.1			0.946056244793279
4355.0			0.9955328551711691
4355.9			1.0
4356.8			1.0
4357.7			1.0
4358.6			1.0
4359.5			1.0
4360.4			1.0
4361.3			1.0
4362.2			1.0
4363.1			1.0
4364.0			1.0
4364.9			1.0
4365.8			1.0
4366.7			1.0
4367.6			1.0
4368.5			1.0
4369.4			1.0
4370.3			1.0
4371.2			1.0
4372.1			1.0059595289712164
4373.0			0.9446693942653976
4373.9			0.8298113954250308
4374.8			0.7550549909363174
4375.7			0.7926738428237528
4376.6			0.9072782865863138
4377.5			1.0012377848991438
4378.4			1.0
4379.3			1.0
4380.2			0.9663873387896817
4381.1			0.9378224213642652
4382.0			0.8365246940750823
4382.9			0.6312680443556692
4383.8			0.48492726333163283
4384.7			0.5523157608397318
4385.6			0.7680621923102064
4386.5			0.9462400371266588
4387.4			0.9975087464596658
4388.3			1.0
4389.2			1.0
4390.1			1.0
4391.0			1.0
4391.9			1.0
4392.8			1.0
4393.7			1.0
4394.6			1.0
4395.5			1.0
4396.4			1.0
4397.3			1.0
4398.2			1.0
4399.1			0.9385300146105454
4400.0			0.8530923229438236
4400.9			0.8336387648491599
4401.8			0.933665293557054
4402.7			0.9878358698260805
4403.6			0.8566488810541191
4404.5			0.6941383459568553
4405.4			0.708812380509928
4406.3			0.8300460174449531
4407.2			0.8681526028175072
4408.1			0.8353648111784688
4409.0			0.8781653698177206
4409.9			1.0010191922328366
4410.8			1.0
4411.7			1.0
4412.6			1.0363559220821037
4413.5			0.9972829121464282
4414.4			0.8619378938709106
4415.3			0.7731881569198716
4416.2			0.8339449403504798
4417.1			0.9261061297224258
4418.0			0.9938424760880816
4418.9			1.0
4419.8			1.0
4420.7			1.0
4421.6			1.0
4422.5			1.0
4423.4			1.0
4424.3			1.0
4425.2			1.0
4426.1			1.0
4427.0			1.0
4427.9			1.0
4428.8			1.0
4429.7			1.0
4430.6			1.0
4431.5			1.0
4432.4			1.0357562022751738
4433.3			0.9829442622618562
4434.2			0.8853019831978418
4435.1			0.8183724597988877
4436.0			0.8382071872153086
4436.9			0.9295763333711153
4437.8			1.0117140547267145
4438.7			1.0
4439.6			1.0
4440.5			1.0
4441.4			1.0
4442.3			1.0
4443.2			1.0
4444.1			1.0
4445.0			1.0
4445.9			1.0
4446.8			1.0
4447.7			1.0
4448.6			1.0
4449.5			1.0
4450.4			1.0
4451.3			1.0
4452.2			1.0
4453.1			0.9680472288570422
4454.0			0.8970328245682181
4454.9			0.8258254811972366
4455.8			0.8183345661323898
4456.7			0.8579534895528786
4457.6			0.8685631020994914
4458.5			0.8501678503542414
4459.4			0.8377122237435394
4460.3			0.8255103068769857
4461.2			0.7906236734610919
4462.1			0.7911011859131485
4463.0			0.884555031694429
4463.9			0.9762884645305105
4464.8			0.9884453611959525
4465.7			0.9786795265790271
4466.6			0.9880394488767099
4467.5			0.9964054789810676
4468.4			0.9750693291549387
4469.3			0.9403044295453094
4470.2			0.9511464900103183
4471.1			0.9979589197144053
4472.0			1.0
4472.9			1.0
4473.8			1.0
4474.7			1.0
4475.6			1.0
4476.5			1.0
4477.4			1.0366091000885638
4478.3			1.0132894772785397
4479.2			0.9234858862430295
4480.1			0.8219436089973693
4481.0			0.7667041352789757
4481.9			0.7756940509081217
4482.8			0.8439674602903992
4483.7			0.9352150016632862
4484.6			1.0000633267848122
4485.5			1.0
4486.4			1.0
4487.3			1.0
4488.2			1.0
4489.1			1.0
4490.0			1.0
4490.9			1.0
4491.8			1.0616440959378326
4492.7			1.0632548316305288
4493.6			0.9785704180781913
4494.5			0.8828860157669357
4495.4			0.8622128543961687
4496.3			0.8983623288020116
4497.2			0.9527118278066542
4498.1			0.9977161410262048
4499.0			1.011492169159386
4499.9			1.0
4500.8			1.0
4501.7			1.0
4502.6			1.0
4503.5			1.0
4504.4			1.0
4505.3			1.0
4506.2			1.0
4507.1			1.0
4508.0			0.982758838413083
4508.9			0.9893347417525545
4509.8			1.0164055998105161
4510.7			1.0373662709786549
4511.6			1.0111174029848515
4512.5			0.9492678912748915
4513.4			0.9003785322074085
4514.3			0.880169548089803
4515.2			0.8986908913056948
4516.1			1.0
4517.0			0.9917252939730794
4517.9			0.9731774267883081
4518.8			1.0021691466654163
4519.7			1.05104610181555
4520.6			1.0932007013508227
4521.5			1.0941467629350128
4522.4			1.032582685953756
4523.3			1.0007021755365528
4524.2			1.0015304718630822
4525.1			0.9686251085663101
4526.0			0.9128412306868502
4526.9			0.862837728145891
4527.8			0.8343469111341795
4528.7			0.8253875495144615
4529.6			0.8453685224900397
4530.5			0.8693785047587566
4531.4			0.9163646104424761
4532.3			0.9796322937556632
4533.2			0.9743329865152396
4534.1			0.9180891221409676
4535.0			0.8789165372582171
4535.9			0.9251153911795273
4536.8			1.0
4537.7			1.0719492406964248
4538.6			1.042582484560953
4539.5			0.9798350325874882
4540.4			0.9272992018548077
4541.3			0.9186919864095101
4542.2			0.961004997208394
4543.1			0.9997842551288849
4544.0			0.9734105991890566
4544.9			0.9207042940661614
4545.8			0.917235647226334
4546.7			0.9469323160597359
4547.6			0.9535758969073946
4548.5			0.9202142375633198
4549.4			0.869549650730902
4550.3			0.8877967488393284
4551.2			0.9319067195231135
4552.1			0.9191697928968258
4553.0			0.8995939753424156
4553.9			0.8825797269908121
4554.8			0.8661224148638615
4555.7			0.8828841610055458
4556.6			0.947305818851096
4557.5			1.0007603866021615
4558.4			1.0091623896656805
4559.3			1.0093618714803558
4560.2			0.9984351846024544
4561.1			1.0
4562.0			1.0116103304653075
4562.9			0.9725729164610468
4563.8			0.890468425943528
4564.7			0.8306770897897051
4565.6			0.8355083638186883
4566.5			0.9125271478661408
4567.4			0.999591307532483
4568.3			1.0
4569.2			1.0
4570.1			1.0
4571.0			1.0
4571.9			1.0
4572.8			1.0777071440900847
4573.7			1.1338570442548295
4574.6			1.0894061905228307
4575.5			1.05876919690814
4576.4			1.0640856016606026
4577.3			1.0569061062631184
4578.2			1.0236782638984312
4579.1			0.9486127590773148
4580.0			0.8719984827753675
4580.9			1.0
4581.8			1.0395873178504806
4582.7			1.0732161738069037
4583.6			1.0576093972241103
4584.5			1.0438227744917392
4585.4			1.0314434727770836
4586.3			1.0251224984429772
4587.2			1.0741617310533174
4588.1			1.138618682727526
4589.0			1.1750749680521082
4589.9			1.1614629402715286
4590.8			1.099036291367792
4591.7			1.0314950686757434
4592.6			1.0017108411523725
4593.5			0.9984637035246684
4594.4			0.9697651200547661
4595.3			0.9342344879163696
4596.2			0.9264467805762401
4597.1			0.9393077012211495
4598.0			0.9575411085723038
4598.9			0.9869431422863222
4599.8			0.9660215211066087
4600.7			0.9220101240200216
4601.6			0.9433169286967846
4602.5			0.9717955398431187
4603.4			0.9585837134966824
4604.3			0.9267848617773949
4605.2			0.8949363765819588
4606.1			0.9086558751897656
4607.0			0.9696431057401089
4607.9			1.0355870816956958
4608.8			1.0770789519519717
4609.7			1.0599759610555375
4610.6			1.0058194622916008
4611.5			1.0
4612.4			1.0
4613.3			1.0
4614.2			1.0
4615.1			1.0
4616.0			1.0
4616.9			1.0
4617.8			1.0
4618.7			1.0
4619.6			1.0
4620.5			1.0
4621.4			1.0
4622.3			1.0
4623.2			1.0
4624.1			1.0
4625.0			1.0
4625.9			1.0
4626.8			1.0
4627.7			1.0
4628.6			1.0
4629.5			1.0
4630.4			1.0
4631.3			1.0
4632.2			1.0
4633.1			1.0
4634.0			1.0
4634.9			1.0
4635.8			1.0
4636.7			1.0
4637.6			1.0
4638.5			1.0
4639.4			1.0
4640.3			1.0
4641.2			1.043976618405798
4642.1			1.0700576724146391
4643.0			1.03765127654968
4643.9			0.9929743364545517
4644.8			0.9566409628006143
4645.7			0.8987339123863433
4646.6			0.8371643310496422
4647.5			0.8247678554995895
4648.4			0.858773330364411
4649.3			0.9104369054320245
4650.2			0.966684210325846
4651.1			1.0129940023676935
4652.0			1.0441915351344262
4652.9			1.0494170637007534
4653.8			1.0007270723179431
4654.7			1.0
4655.6			1.0
4656.5			1.0
4657.4			1.0
4658.3			1.0
4659.2			1.0
4660.1			1.0
4661.0			1.0
4661.9			1.0
4662.8			0.9410114300970566
4663.7			0.9271458493047399
4664.6			0.936632701696665
4665.5			0.8935441297232869
4666.4			0.7859418644285436
4667.3			0.7103029671945204
4668.2			0.7416517163449169
4669.1			0.8394603735697121
4670.0			0.9305370198449052
4670.9			0.988109052465206
4671.8			0.9994350556465618
4672.7			1.0
4673.6			1.0
4674.5			1.0
4675.4			1.0
4676.3			1.046275486282048
4677.2			1.036429815408801
4678.1			0.9819721733350464
4679.0			0.9399900401813679
4679.9			0.9148934869558034
4680.8			0.8962920185620558
4681.7			0.9014543838108682
4682.6			0.9460738869158862
4683.5			0.9958014147205461
4684.4			1.0081846556800527
4685.3			1.0
4686.2			0.990135607041621
4687.1			0.9647067612867207
4688.0			0.9415195264244639
4688.9			0.9463866941428778
4689.8			0.9531559428067375
4690.7			0.9411964493898699
4691.6			0.9299242473708927
4692.5			0.9340243329725261
4693.4			0.9431669582025113
4694.3			0.9665668883626921
4695.2			1.0103619224079996
4696.1			1.0421232505204117
4697.0			1.0148069660879504
4697.9			0.9330343652433442
4698.8			0.8754474047861405
4699.7			0.8853257254637732
4700.6			0.8997703431641595
4701.5			0.895250121504896
4702.4			0.8887559214904585
4703.3			0.8933331657472822
4704.2			0.9247604580580017
4705.1			0.9544789305762154
4706.0			0.9559253341846966
4706.9			0.9274786286196581
4707.8			0.9017749962852535
4708.7			0.8915397587347168
4709.6			0.9089647240428657
4710.5			0.9637938563105094
4711.4			1.000088542671341
4712.3			1.0
4713.2			1.0
4714.1			1.0
4715.0			1.0
4715.9			1.0
4716.8			1.0
4717.7			1.0
4718.6			1.0
4719.5			1.0
4720.4			1.0
4721.3			1.0
4722.2			1.0
4723.1			1.0003205847845982
4724.0			1.0382614711738716
4724.9			1.0718619107330818
4725.8			1.0504388214742906
4726.7			0.9661612505698614
4727.6			0.8689784306887366
4728.5			0.8264980179028176
4729.4			0.8382561390047266
4730.3			0.8658875951335019
4731.2			0.9049881543215965
4732.1			0.9603400482460855
4733.0			0.99232062631145
4733.9			1.002669285503705
4734.8			1.0
4735.7			1.0
4736.6			1.0
4737.5			1.0
4738.4			1.0
4739.3			1.0
4740.2			1.0
4741.1			1.0
4742.0			1.0
4742.9			1.0
4743.8			1.0
4744.7			1.0
4745.6			1.0
4746.5			1.0
4747.4			1.0
4748.3			1.0
4749.2			1.0
4750.1			1.006404353305471
4751.0			0.9952390150389366
4751.9			0.964803324883091
4752.8			0.952743546948403
4753.7			0.9402945452532032
4754.6			0.9212623792208423
4755.5			0.912751943428344
4756.4			0.9244476783214544
4757.3			0.9583540538060292
4758.2			0.9885135906623069
4759.1			1.0140926176727796
4760.0			1.0
4760.9			0.9771694402739006
4761.8			0.9233150409407967
4762.7			0.8973444061633311
4763.6			0.9013177057148106
4764.5			0.8802623061507128
4765.4			0.8448901298235095
4766.3			0.8467211233956835
4767.2			0.89500740167503
4768.1			0.9566394165362153
4769.0			1.024278801399224
4769.9			1.0651160052021746
4770.8			1.0372584983032578
4771.7			0.9960672493168554
4772.6			1.0
4773.5			1.0
4774.4			1.0
4775.3			1.0
4776.2			1.0
4777.1			1.0227883077633275
4778.0			1.0522906663752074
4778.9			1.0399507851630783
4779.8			1.0197806720419793
4780.7			1.0179135561858652
4781.6			1.0018053422015212
4782.5			0.9605597949180601
4783.4			0.9320654562908077
4784.3			0.9542019314242393
4785.2			0.9567403508386441
4786.1			0.9038240046182143
4787.0			0.8945371826335738
4787.9			0.9352106890337422
4788.8			0.9314752400218551
4789.7			0.9042472368875281
4790.6			0.9065751671365883
4791.5			0.9194785825052633
4792.4			0.9457043907272896
4793.3			0.9958569147838041
4794.2			1.046983458713362
4795.1			1.0
4796.0			0.9849042460872639
4796.9			0.9519736016920348
4797.8			0.9134241588439367
4798.7			0.8722059998419047
4799.6			0.856994305849769
4800.5			0.8801669880152263
4801.4			0.9418932607069499
4802.3			0.9939656736373769
4803.2			1.0
4804.1			0.9770577754765848
4805.0			0.9449704294385349
4805.9			0.9421076899160404
4806.8			0.931605499366606
4807.7			0.9039353491113472
4808.6			0.906104266256135
4809.5			0.9468159997430934
4810.4			0.981773051270831
4811.3			0.9925690321193404
4812.2			0.9954605915589131
4813.1			0.9949875577016467
4814.0			1.0
4814.9			1.0
4815.8			1.0
4816.7			1.0
4817.6			1.0
4818.5			1.0
4819.4			1.0
4820.3			1.0
4821.2			1.0
4822.1			0.9718193913904518
4823.0			0.9153080165848497
4823.9			0.894610785477272
4824.8			0.9430452650615238
4825.7			0.9981066355147729
4826.6			1.0
4827.5			1.0
4828.4			1.0
4829.3			1.0
4830.2			1.0
4831.1			1.0
4832.0			1.0
4832.9			1.0
4833.8			1.0
4834.7			1.0204785424955845
4835.6			1.0176087961188895
4836.5			1.012724160890153
4837.4			1.0178367667429018
4838.3			0.9862995773212668
4839.2			0.9314229561416879
4840.1			0.9069110643680236
4841.0			0.9242548114151791
4841.9			0.938122195954878
4842.8			0.9166087891691151
4843.7			0.914576665508656
4844.6			0.9598842065654515
4845.5			0.9998347525376874
4846.4			1.0
4847.3			1.0
4848.2			1.0
4849.1			1.0
4850.0			1.0
4850.9			1.0
4851.8			1.0
4852.7			1.0
4853.6			1.0
4854.5			1.0
4855.4			0.9279596185137955
4856.3			0.9485987337866592
4857.2			1.0151076788271047
4858.1			1.0200894275010757
4859.0			0.9535823234274718
4859.9			0.8468327673726542
4860.8			0.7425388768350857
4861.7			0.7362666540520212
4862.6			0.8493424465145415
4863.5			0.9295575636525722
4864.4			0.9443773174131977
4865.3			0.9724045799588862
4866.2			1.0096000636815878
4867.1			1.0167957880550855
4868.0			0.9990730610839567
4868.9			1.0
4869.8			0.9943575685911139
4870.7			0.9163446784208736
4871.6			0.8574487407156132
4872.5			0.9045283966438417
4873.4			0.9900298432339664
4874.3			1.0
4875.2			1.0
4876.1			1.0
4877.0			1.0
4877.9			1.0
4878.8			1.0
4879.7			1.0
4880.6			1.0
4881.5			1.0
4882.4			1.0
4883.3			1.0235369628984052
4884.2			0.9888217137496248
4885.1			0.9186264767076506
4886.0			0.8809162067885058
4886.9			0.8957030315961816
4887.8			0.9279682485267574
4888.7			0.9430701622626212
4889.6			0.9236263588907184
4890.5			0.8634936036130747
4891.4			0.8386043600004858
4892.3			0.9233911545425894
4893.2			1.0270294954401407
4894.1			1.0882403875908357
4895.0			1.113075338808711
4895.9			1.100011994783783
4896.8			1.0790886731971605
4897.7			1.0707597164155829
4898.6			1.0463237366162916
4899.5			0.9982083114011145
4900.4			1.0
4901.3			1.0
4902.2			1.0
4903.1			1.0
4904.0			1.0
4904.9			1.0
4905.8			1.0
4906.7			1.003969404344331
4907.6			0.9672319221347454
4908.5			0.9201237274209847
4909.4			0.8726941255881205
4910.3			0.8403175298017798
4911.2			0.8548690543866309
4912.1			1.0
4913.0			1.0429130225188774
4913.9			1.0738027959588403
4914.8			1.108026770708954
4915.7			1.1254060392036829
4916.6			1.0888052247860418
4917.5			0.9962592615442055
4918.4			0.880516158401203
4919.3			0.7946584427993671
4920.2			0.7720666896639033
4921.1			0.8177501707686237
4922.0			0.8962974771846144
4922.9			0.9279877337130469
4923.8			0.9026710828255271
4924.7			0.8906929662809081
4925.6			0.9380923848033439
4926.5			0.9890885692033377
4927.4			0.9993494286665228
4928.3			1.0
4929.2			1.0
4930.1			1.0
4931.0			1.0
4931.9			1.0
4932.8			1.0
4933.7			1.0
4934.6			1.0108215441918256
4935.5			1.0380953474433157
4936.4			0.9918963852317588
4937.3			0.8999601937786353
4938.2			0.8251044709207654
4939.1			0.8193789058093526
4940.0			0.8860814168962879
4940.9			0.9640692956107005
4941.8			0.989534018932937
4942.7			1.0
4943.6			1.0
4944.5			1.0
4945.4			1.0
4946.3			1.0
4947.2			1.0
4948.1			1.0
4949.0			1.0
4949.9			1.0
4950.8			1.0
4951.7			1.0
4952.6			1.0
4953.5			1.0
4954.4			1.0
4955.3			1.0
4956.2			0.926000780379584
4957.1			0.7999761837111324
4958.0			0.7831670606025289
4958.9			0.9009856854566354
4959.8			1.00143878853415
4960.7			1.0
4961.6			1.0
4962.5			1.0
4963.4			1.0
4964.3			1.0
4965.2			1.0
4966.1			1.0
4967.0			1.0
4967.9			1.0
4968.8			1.0
4969.7			1.0
4970.6			1.0
4971.5			1.0
4972.4			1.0
4973.3			1.0
4974.2			1.0
4975.1			1.0
4976.0			1.0
4976.9			1.0
4977.8			1.0
4978.7			0.9646867969669053
4979.6			0.9665298023648841
4980.5			0.9684259912389939
4981.4			0.9192030643170858
4982.3			0.8365480971637917
4983.2			0.7988579262135732
4984.1			0.8185020809712585
4985.0			0.8524948618778628
4985.9			0.8980145641313706
4986.8			0.9594957682083433
4987.7			0.99470238053272
4988.6			1.0
4989.5			1.0
4990.4			1.0
4991.3			1.0
4992.2			1.0
4993.1			1.0
4994.0			1.0
4994.9			1.0
4995.8			1.0
4996.7			1.0
4997.6			1.0
4998.5			1.0
4999.4			1.0
5000.3			1.0
5001.2			0.992591722874551
5002.1			0.9926360974266624
5003.0			0.9984121235789181
5003.9			0.9866298499063615
5004.8			0.9394087459310702
5005.7			0.8858291862271289
5006.6			0.8981093115878348
5007.5			0.9862713779555949
5008.4			1.0708113550582121
5009.3			1.0800710444895123
5010.2			1.049083205013013
5011.1			1.0065106691539025
5012.0			0.9373311721280038
5012.9			0.8779286489029624
5013.8			0.8603976573702035
5014.7			0.8969355641175256
5015.6			0.9561670562096315
5016.5			0.9673664311625448
5017.4			0.9255807942113244
5018.3			0.9041949408128607
5019.2			0.9391943828686911
5020.1			0.974462513043887
5021.0			0.9692387341292136
5021.9			0.945954320821416
5022.8			0.962060149833389
5023.7			1.0080300158856212
5024.6			1.0281030895031131
5025.5			1.0263527413371967
5026.4			1.000598244822452
5027.3			1.0
5028.2			1.0
5029.1			1.0
5030.0			1.0
5030.9			1.0
5031.8			1.0
5032.7			1.0
5033.6			1.0
5034.5			1.0
5035.4			1.0
5036.3			1.0
5037.2			1.0193866384826926
5038.1			1.004718332318168
5039.0			0.9274805468574928
5039.9			0.8260308890423599
5040.8			0.7386030213530846
5041.7			0.7619282197338069
5042.6			0.8836103021065519
5043.5			0.9713455269714745
5044.4			1.0041948006360277
5045.3			1.0
5046.2			1.0
5047.1			1.0
5048.0			1.0
5048.9			1.0
5049.8			1.0
5050.7			1.0
5051.6			1.0
5052.5			1.0
5053.4			1.0
5054.3			1.0
5055.2			1.0
5056.1			1.0
5057.0			1.0
5057.9			1.0
5058.8			1.0
5059.7			1.0
5060.6			1.0285251112315632
5061.5			1.0576215877159338
5062.4			1.0594586765077354
5063.3			1.0129911940426033
5064.2			0.9266869690992363
5065.1			0.8817411416705286
5066.0			0.9160129823751938
5066.9			0.9472626854302932
5067.8			0.9388974690405724
5068.7			0.9488290393474028
5069.6			1.0019142045302096
5070.5			1.0
5071.4			1.0
5072.3			1.0
5073.2			1.0
5074.1			1.0
5075.0			1.0
5075.9			1.007839703439054
5076.8			1.0394510557865586
5077.7			1.0269010609903662
5078.6			0.9220468387918468
5079.5			0.81594410769678
5080.4			0.8151702531015548
5081.3			0.8948340706661254
5082.2			0.9515816708474806
5083.1			0.9560958354680814
5084.0			0.965545955361422
5084.9			0.9990568634647718
5085.8			1.0
5086.7			1.0
5087.6			1.0
5088.5			1.0
5089.4			1.0
5090.3			1.0
5091.2			1.0
5092.1			1.0
5093.0			1.0
5093.9			1.0
5094.8			0.9930637295579025
5095.7			0.9684552863992166
5096.6			0.9159810583434868
5097.5			0.8509057910887174
5098.4			0.7920757126530003
5099.3			0.7951183549918519
5100.2			0.8828915500596651
5101.1			0.9738249023706186
5102.0			1.0031723993242319
5102.9			1.0
5103.8			1.0
5104.7			0.9907429555459647
5105.6			0.9937907339393527
5106.5			0.9745577824268977
5107.4			0.9368684889220191
5108.3			0.928936420610737
5109.2			0.9234703448909045
5110.1			0.9148897282719738
5111.0			0.9523960471739839
5111.9			0.997598140952808
5112.8			1.008996529911873
5113.7			1.0074991461846485
5114.6			1.0
5115.5			1.0045154750968355
5116.4			1.0388429035790325
5117.3			1.0731248659695878
5118.2			1.0809513050895072
5119.1			1.0704210731937878
5120.0			1.0438074061320148
5120.9			1.0069877585611782
5121.8			0.968097717217925
5122.7			0.9200828238826604
5123.6			0.8827706106906477
5124.5			0.8922329750714593
5125.4			0.9184206331613552
5126.3			0.9406953577485274
5127.2			0.942524426043869
5128.1			1.0
5129.0			0.9997285425940962
5129.9			1.0134258801381253
5130.8			1.0323633362115625
5131.7			1.0419886464249632
5132.6			1.0536199975578355
5133.5			1.0604295376109079
5134.4			1.0917054053400272
5135.3			1.1063524207423865
5136.2			1.0582253899083973
5137.1			1.003166020535736
5138.0			0.9810403643114289
5138.9			0.9558073050497526
5139.8			0.9758469268591267
5140.7			1.015307424127949
5141.6			0.9719281773920652
5142.5			0.9190723884031881
5143.4			0.9539490139086713
5144.3			0.9988234017702752
5145.2			0.9800750135384566
5146.1			0.9394286725721414
5147.0			0.9155432963890491
5147.9			0.92339993508656
5148.8			0.9655920924045543
5149.7			0.989060892461977
5150.6			0.9664062114634162
5151.5			0.9460345701727501
5152.4			0.943299931870587
5153.3			0.9453856453996587
5154.2			0.9587754157489661
5155.1			0.9819673782593894
5156.0			1.0011989824290752
5156.9			1.0
5157.8			1.0
5158.7			1.0
5159.6			1.0
5160.5			1.0
5161.4			1.0
5162.3			1.0
5163.2			1.0
5164.1			1.0
5165.0			1.0
5165.9			1.0
5166.8			1.0
5167.7			1.0
5168.6			1.0
5169.5			1.1191378554455587
5170.4			1.1188355233435934
5171.3			0.9273652379709486
5172.2			0.7311064994554289
5173.1			0.7361263133560559
5174.0			0.8976632399803373
5174.9			1.0083688112439213
5175.8			1.0
5176.7			1.0
5177.6			1.0
5178.5			1.0
5179.4			1.0
5180.3			1.0
5181.2			0.9462533076863706
5182.1			0.8111104264129433
5183.0			0.638242242113908
5183.9			0.6077559800306849
5184.8			0.7675060238103258
5185.7			0.9339171538076421
5186.6			0.9987627142061247
5187.5			1.0
5188.4			1.0
5189.3			1.0
5190.2			1.0
5191.1			1.0
5192.0			1.0
5192.9			1.0
5193.8			1.0
5194.7			1.0
5195.6			1.0
5196.5			1.0
5197.4			1.0
5198.3			1.0
5199.2			1.0
5200.1			1.0
5201.0			1.0
5201.9			1.0
5202.8			1.0039795922413897
5203.7			0.97845995789821
5204.6			0.8997400818401855
5205.5			0.8568554785892483
5206.4			0.8751459443591153
5207.3			0.8819249010691423
5208.2			0.8504368334184138
5209.1			0.8794886555904303
5210.0			0.9330402005850241
5210.9			0.9620393365231295
5211.8			0.9883659348093319
5212.7			1.0080379581525818
5213.6			0.9998797228032402
5214.5			1.0
5215.4			1.0
5216.3			1.0
5217.2			1.0
5218.1			1.0
5219.0			1.0
5219.9			1.0
5220.8			1.0
5221.7			1.0
5222.6			0.973623394845634
5223.5			0.9271188501125183
5224.4			0.8669146953718372
5225.3			0.800764183606173
5226.2			0.741753190801909
5227.1			0.7538023199171108
5228.0			0.8734837853694445
5228.9			0.9728211428080077
5229.8			1.0013421225455508
5230.7			1.0
5231.6			1.0
5232.5			1.0
5233.4			1.0
5234.3			1.0
5235.2			1.0
5236.1			1.0
5237.0			1.0
5237.9			1.0
5238.8			1.0
5239.7			1.0
5240.6			1.0
5241.5			1.0
5242.4			1.0
5243.3			1.0
5244.2			1.0
5245.1			1.013195951939557
5246.0			0.9579565131925075
5246.9			0.8965288071326136
5247.8			0.9030843501275986
5248.7			0.9280049533163959
5249.6			0.903634886979805
5250.5			0.8951735361525787
5251.4			0.9462170115390891
5252.3			0.9916532967435114
5253.2			0.992708882903275
5254.1			0.9548943790441704
5255.0			0.9323921748488483
5255.9			0.9973248765557908
5256.8			1.0
5257.7			1.0
5258.6			1.0
5259.5			1.0
5260.4			0.9548120961380963
5261.3			0.8889237675628655
5262.2			0.8165098825851284
5263.1			0.7640966514269036
5264.0			0.7295362751030879
5264.9			0.6991610320265844
5265.8			0.693369744079808
5266.7			0.7651276132923317
5267.6			0.8229441831534758
5268.5			0.7552655762639459
5269.4			0.6588911213991953
5270.3			0.6923534045506814
5271.2			0.8145843847429354
5272.1			0.8801104268795263
5273.0			0.8785231107067167
5273.9			0.8604879973123805
5274.8			0.8315470347815532
5275.7			0.8400777204754466
5276.6			0.9231604120957019
5277.5			0.9963998509139151
5278.4			1.0
5279.3			0.959666015124184
5280.2			0.9128245096113987
5281.1			0.8874570618976356
5282.0			0.8753457267514546
5282.9			0.8572276596283578
5283.8			0.8484304200839461
5284.7			0.9062978941285107
5285.6			0.9932888975272507
5286.5			1.0304621247051864
5287.4			1.013427576880795
5288.3			0.99992702792692
5289.2			1.0
5290.1			1.0
5291.0			1.0
5291.9			1.0
5292.8			1.0
5293.7			0.9953739927052101
5294.6			1.0012894508636907
5295.5			0.9789749670395529
5296.4			0.9153172440371681
5297.3			0.849590491937094
5298.2			0.860373605067991
5299.1			0.948724260487272
5300.0			1.0051827490789869
5300.9			0.9986900403506691
5301.8			1.0
5302.7			1.0
5303.6			1.0
5304.5			1.0
5305.4			1.0
5306.3			1.0
5307.2			1.0
5308.1			1.0
5309.0			1.0
5309.9			1.0
5310.8			1.0
5311.7			1.0
5312.6			1.0
5313.5			1.0
5314.4			1.0
5315.3			1.0
5316.2			1.0
5317.1			1.0
5318.0			1.0
5318.9			1.0
5319.8			1.0
5320.7			1.0
5321.6			1.0
5322.5			1.0
5323.4			1.0
5324.3			0.9642221387444724
5325.2			0.9821897784884475
5326.1			0.9666910626462473
5327.0			0.8649911043789221
5327.9			0.752882979532788
5328.8			0.7739007891662382
5329.7			0.9005581398056264
5330.6			0.9887394555583106
5331.5			0.9957814590594191
5332.4			1.0
5333.3			1.0
5334.2			1.0
5335.1			1.0
5336.0			1.0
5336.9			1.0
5337.8			0.9923856935948011
5338.7			0.9569306750590921
5339.6			0.8911796776917946
5340.5			0.8600060538716926
5341.4			0.9072170989244096
5342.3			0.974765944029192
5343.2			0.9995138645094411
5344.1			1.0
5345.0			1.0
5345.9			1.0
5346.8			1.0
5347.7			1.0
5348.6			1.0
5349.5			1.0
5350.4			1.0
5351.3			1.0
5352.2			1.0
5353.1			1.0
5354.0			1.0
5354.9			1.0
5355.8			1.0
5356.7			1.0
5357.6			1.0
5358.5			1.0
5359.4			1.0
5360.3			1.0
5361.2			1.0
5362.1			1.0
5363.0			1.0
5363.9			1.0
5364.8			1.0
5365.7			1.0
5366.6			0.9982721740769065
5367.5			0.9802951806678971
5368.4			0.952815438903504
5369.3			0.894264131907163
5370.2			0.8345568590568407
5371.1			0.8305490910115607
5372.0			0.8916438218231315
5372.9			0.9670041530643911
5373.8			0.9979755333686141
5374.7			1.0
5375.6			1.0
5376.5			1.0
5377.4			1.0
5378.3			1.0
5379.2			1.0
5380.1			1.0
5381.0			1.0
5381.9			1.0
5382.8			1.0
5383.7			1.0
5384.6			1.0
5385.5			1.0
5386.4			1.0
5387.3			1.0
5388.2			1.0
5389.1			1.0
5390.0			1.0
5390.9			1.0
5391.8			1.0
5392.7			1.0
5393.6			1.0
5394.5			1.0
5395.4			1.0
5396.3			1.0
5397.2			1.0
5398.1			1.0470502742565848
5399.0			1.0884929744087135
5399.9			1.077730623571807
5400.8			1.072954306212704
5401.7			1.090908619436883
5402.6			1.0671423163271654
5403.5			0.9815822361267199
5404.4			0.8924939072215596
5405.3			0.8569225851680452
5406.2			0.8845185324888654
5407.1			0.9432285582369717
5408.0			0.9701539836498936
5408.9			0.9424338139069423
5409.8			0.9102092941282636
5410.7			0.9334193420859409
5411.6			0.9842230110927292
5412.5			1.0065338420379313
5413.4			1.0
5414.3			1.0
5415.2			1.0
5416.1			1.0
5417.0			1.0
5417.9			1.0
5418.8			1.0
5419.7			1.0
5420.6			1.0
5421.5			1.0
5422.4			1.0
5423.3			1.0
5424.2			1.0
5425.1			1.0
5426.0			1.0
5426.9			1.037177239438357
5427.8			1.0037764301095247
5428.7			0.9182126762407926
5429.6			0.8892831906548111
5430.5			0.963161789261473
5431.4			1.0237995454777238
5432.3			1.0073411686290372
5433.2			1.0
5434.1			1.0
5435.0			1.0
5435.9			1.0
5436.8			1.0
5437.7			1.0
5438.6			1.0
5439.5			1.0
5440.4			1.0
5441.3			1.0
5442.2			1.0
5443.1			1.0
5444.0			0.9658500158029851
5444.9			0.909485607416178
5445.8			0.849165809481987
5446.7			0.8313974624309372
5447.6			0.8898052038337642
5448.5			0.9676806446389146
5449.4			1.000292723969683
5450.3			1.0
5451.2			1.0
5452.1			1.0
5453.0			0.9684977360445349
5453.9			0.9188985852529796
5454.8			0.8621803945470136
5455.7			0.8565279725033724
5456.6			0.9205557976421443
5457.5			0.9846194903369357
5458.4			1.0021879108176286
5459.3			1.0
5460.2			1.0
5461.1			1.0
5462.0			1.0
5462.9			1.0
5463.8			1.0
5464.7			1.0
5465.6			1.0
5466.5			1.0
5467.4			1.0
5468.3			1.0
5469.2			1.0
5470.1			1.0
5471.0			1.0
5471.9			1.0
5472.8			0.9831144736018136
5473.7			0.9796187895555717
5474.6			0.9838108302300027
5475.5			0.9328892781132169
5476.4			0.8701163093525144
5477.3			0.9002256331473395
5478.2			0.9922011736856181
5479.1			1.0394228428531511
5480.0			1.002721261256283
5480.9			1.0
5481.8			1.0
5482.7			1.0
5483.6			1.0
5484.5			1.0446420207347757
5485.4			1.047011369546778
5486.3			0.9970760516353353
5487.2			0.9428752274274209
5488.1			0.9391815953923703
5489.0			0.9642527808260586
5489.9			0.9798355805839305
5490.8			0.9962777902999749
5491.7			0.9998266322762728
5492.6			1.0
5493.5			1.0
5494.4			1.0
5495.3			1.0
5496.2			1.0
5497.1			1.0
5498.0			1.0
5498.9			1.0
5499.8			1.0
5500.7			1.0
5501.6			1.0
5502.5			1.0
5503.4			1.0
5504.3			1.0
5505.2			1.0
5506.1			0.9700367639567469
5507.0			0.9835535885691012
5507.9			1.014529050580229
5508.8			1.0109840839468092
5509.7			0.9903047961216979
5510.6			0.970117667812664
5511.5			0.9359928047154569
5512.4			0.9053735524135357
5513.3			0.9118397418299568
5514.2			0.9340889644570828
5515.1			0.9458618780088581
5516.0			0.9472925953833219
5516.9			0.9566669193252064
5517.8			0.98526948588266
5518.7			0.9985168169712524
5519.6			1.0
5520.5			1.0
5521.4			1.0
5522.3			1.0
5523.2			1.0
5524.1			1.0
5525.0			0.9848661032856667
5525.9			0.9707877098404453
5526.8			0.9511563511923556
5527.7			0.9217610350333727
5528.6			0.920873594564604
5529.5			0.9646056089685658
5530.4			1.0021424117406748
5531.3			1.0076785012241192
5532.2			0.9993340130231277
5533.1			1.0
5534.0			1.0
5534.9			1.0
5535.8			1.0
5536.7			1.0
5537.6			1.0
5538.5			1.0
5539.4			1.0
5540.3			1.0
5541.2			1.0
5542.1			1.0
5543.0			1.0
5543.9			1.0
5544.8			1.0
5545.7			1.0
5546.6			1.0
5547.5			1.0
5548.4			1.0
5549.3			1.0
5550.200000000001			1.0
5551.1			1.0
5552.0			1.0
5552.9			1.0
5553.8			1.0
5554.700000000001			1.0
5555.6			1.0
5556.5			1.0
5557.4			1.0
5558.3			1.0
5559.200000000001			1.0
5560.1			1.0
5561.0			1.0
5561.9			1.0
5562.8			1.0
5563.700000000001			1.0
5564.6			1.0
5565.5			1.0
5566.4			1.0
5567.3			1.0
5568.200000000001			1.0
5569.1			1.0
5570.0			1.0
5570.9			1.0
5571.8			1.0
5572.700000000001			1.0
5573.6			1.0
5574.5			1.0
5575.4			1.0
5576.3			1.0
5577.200000000001			1.0
5578.1			1.0
5579.0			0.9950263976633044
5579.9			1.007724401194531
5580.8			1.0114984033988315
5581.700000000001			0.9976600632941256
5582.6			0.995851898260705
5583.5			1.0001411072903992
5584.4			0.9862141346864483
5585.3			0.955491991334979
5586.200000000001			0.9058669630276254
5587.1			0.8597358763462629
5588.0			0.8495557063172023
5588.9			0.8614163156596314
5589.8			0.8852304492120948
5590.700000000001			0.9158415105127736
5591.6			0.9316105270982931
5592.5			0.9279683955451703
5593.4			0.9171658136225749
5594.3			0.9170042627704449
5595.200000000001			0.957648357939578
5596.1			1.0056821625736605
5597.0			1.0
5597.9			0.955202915918506
5598.8			0.9328418691575922
5599.700000000001			0.9264499611881414
5600.6			0.9030473075641595
5601.5			0.8759713420419609
5602.4			0.8672227357145657
5603.3			0.8957274319149033
5604.200000000001			0.9577001298900315
5605.1			1.0041010373534718
5606.0			1.0113455679525376
5606.9			1.0014081156128853
5607.8			1.0
5608.700000000001			1.0
5609.6			1.0
5610.5			1.0
5611.4			1.0
5612.3			1.0
5613.200000000001			0.9822782403036205
5614.1			0.9178760161353954
5615.0			0.8535129933796636
5615.9			0.8613597503481267
5616.8			0.9296017234334849
5617.700000000001			0.9835604516148438
5618.6			0.9919916444716876
5619.5			1.0
5620.4			1.0
5621.3			1.0
5622.200000000001			1.017684194133565
5623.1			0.9878242394255787
5624.0			0.9313378897905243
5624.9			0.9121045918161186
5625.8			0.9436478717322
5626.700000000001			0.979933128429984
5627.6			1.0002718234886798
5628.5			1.0
5629.4			1.0
5630.3			1.0
5631.200000000001			1.0
5632.1			1.0
5633.0			1.0
5633.9			1.0
5634.8			1.0
5635.700000000001			1.0
5636.6			1.0
5637.5			1.0
5638.4			1.0
5639.3			1.0
5640.200000000001			1.0
5641.1			1.0
5642.0			1.0
5642.9			1.0
5643.8			1.0
5644.700000000001			1.0
5645.6			1.0
5646.5			1.0
5647.4			1.0
5648.3			1.0
5649.200000000001			1.0
5650.1			1.0
5651.0			1.0
5651.9			1.0255922627203546
5652.8			1.0210803855109805
5653.700000000001			0.9831530716553646
5654.6			0.9494269444178566
5655.5			0.9635012583914246
5656.4			0.9859129975441061
5657.3			0.939360870371407
5658.200000000001			0.8690620160226914
5659.1			0.8719987183245013
5660.0			0.925494674974258
5660.9			0.9503486988038807
5661.8			0.9372896167531491
5662.700000000001			0.9321604670779301
5663.6			0.9623295495085962
5664.5			1.0005977175947427
5665.4			1.0
5666.3			1.0
5667.200000000001			1.0
5668.1			1.0
5669.0			1.0
5669.9			1.0
5670.8			1.0
5671.700000000001			1.0
5672.6			1.0
5673.5			1.0
5674.4			1.0
5675.3			1.0
5676.200000000001			1.0
5677.1			1.0
5678.0			1.0
5678.9			1.0
5679.8			1.0
5680.700000000001			1.0
5681.6			1.0
5682.5			1.0
5683.4			1.0
5684.3			1.0
5685.200000000001			1.0
5686.1			1.0
5687.0			1.0
5687.9			1.0
5688.8			1.0
5689.700000000001			1.0
5690.6			1.0
5691.5			1.0
5692.4			1.0
5693.3			1.0
5694.200000000001			1.0
5695.1			1.0
5696.0			1.0
5696.9			1.0
5697.8			1.0
5698.700000000001			1.0
5699.6			1.0
5700.5			1.0
5701.4			0.9780142129781879
5702.3			0.9812728746390951
5703.200000000001			1.0071793951177708
5704.1			1.021985384329622
5705.0			0.9992645383388233
5705.9			0.9568812191858329
5706.8			0.929840434365569
5707.700000000001			0.9105822033384722
5708.6			0.886068026196498
5709.5			0.8849627017097239
5710.4			0.8990910722688581
5711.3			0.8993793855995835
5712.200000000001			0.9174117547414915
5713.1			0.9631702689502596
5714.0			0.9874666667175879
5714.9			0.9917287821980783
5715.8			1.0026612443984018
5716.700000000001			1.0
5717.6			1.0
5718.5			1.0
5719.4			1.0
5720.3			1.0
5721.200000000001			1.0
5722.1			1.0
5723.0			1.0
5723.9			1.0
5724.8			1.0
5725.700000000001			1.0
5726.6			1.0
5727.5			1.0
5728.4			1.0
5729.3			1.0
5730.200000000001			1.0
5731.1			1.0
5732.0			1.0
5732.9			1.0
5733.8			1.0
5734.700000000001			1.0
5735.6			1.0
5736.5			1.0
5737.4			1.0
5738.3			1.0
5739.200000000001			1.0
5740.1			1.0
5741.0			1.0
5741.9			1.0
5742.8			1.0
5743.700000000001			1.0
5744.6			1.0
5745.5			1.0
5746.4			1.0
5747.3			1.0
5748.200000000001			1.0
5749.1			1.0
5750.0			1.0
5750.9			1.009528807445003
5751.8			0.97587347586608
5752.700000000001			0.9190743753070391
5753.6			0.8792743840990122
5754.5			0.8947636233975262
5755.4			0.9506716245454053
5756.3			0.9999670230908388
5757.200000000001			1.0
5758.1			1.0
5759.0			1.0
5759.9			1.0
5760.8			1.0
5761.700000000001			1.0
5762.6			1.0
5763.5			1.0
5764.4			1.0
5765.3			1.0
5766.200000000001			1.0
5767.1			1.0
5768.0			1.0
5768.9			1.0
5769.8			1.0
5770.700000000001			1.0
5771.6			1.0
5772.5			1.0
5773.4			1.0
5774.3			0.9898906801050974
5775.200000000001			0.9932862456622545
5776.1			1.0174472359179603
5777.0			1.0345551761373044
5777.9			1.0273599237154187
5778.8			0.9976966423614193
5779.700000000001			0.9481024427387056
5780.6			0.8868992587497297
5781.5			0.8594989289702823
5782.4			0.8822102748192145
5783.3			0.9073891134996813
5784.200000000001			0.8950267165041513
5785.1			0.8729567935488828
5786.0			0.8954160113752888
5786.9			0.9495896229356403
5787.8			0.9858800966801065
5788.700000000001			1.000228572785438
5789.6			1.0
5790.5			1.0
5791.4			1.0
5792.3			1.0
5793.200000000001			1.0
5794.1			1.0
5795.0			1.0
5795.9			1.0
5796.8			1.0
5797.700000000001			1.0
5798.6			1.0
5799.5			1.0
5800.4			1.0
5801.3			1.0
5802.200000000001			1.0
5803.1			1.0
5804.0			1.0
5804.9			1.0
5805.8			1.0
5806.700000000001			1.0
5807.6			1.0
5808.5			1.0
5809.4			1.0
5810.3			1.0
5811.200000000001			1.0
5812.1			1.0
5813.0			1.0
5813.9			1.0
5814.8			1.0
5815.700000000001			1.0
5816.6			1.0
5817.5			1.0
5818.4			1.0
5819.3			1.0
5820.200000000001			1.0
5821.1			1.0
5822.0			1.0
5822.9			1.0
5823.8			1.0
5824.700000000001			1.0
5825.6			1.0
5826.5			1.0
5827.4			1.0
5828.3			1.0
5829.200000000001			1.0
5830.1			1.0
5831.0			1.0
5831.9			1.0
5832.8			1.0
5833.700000000001			1.0
5834.6			1.0
5835.5			1.0
5836.4			1.0
5837.3			1.0
5838.200000000001			1.0
5839.1			1.0
5840.0			1.0
5840.9			1.0
5841.8			1.0
5842.700000000001			1.0
5843.6			1.0
5844.5			1.0
5845.4			1.0
5846.3			1.0
5847.200000000001			1.0
5848.1			1.0
5849.0			1.0
5849.9			1.0
5850.8			1.0
5851.700000000001			1.0
5852.6			1.0
5853.5			1.0
5854.4			1.0080659439817865
5855.3			1.0131332329932683
5856.200000000001			0.9856827063232465
5857.1			0.9406687302682643
5858.0			0.9226878164165935
5858.9			0.9456410633902348
5859.8			0.9787501564865156
5860.700000000001			0.9986719583393885
5861.6			0.9961941791195063
5862.5			1.0
5863.4			1.0
5864.3			1.0
5865.200000000001			1.0
5866.1			1.0
5867.0			1.0
5867.9			1.0
5868.8			1.0
5869.700000000001			1.0
5870.6			1.0
5871.5			1.0
5872.4			1.0
5873.3			1.0
5874.200000000001			1.0
5875.1			1.0
5876.0			1.0
5876.9			1.0
5877.8			1.0
5878.700000000001			1.0
5879.6			1.0
5880.5			1.0
5881.4			1.0
5882.3			1.0
5883.200000000001			1.0
5884.1			1.0
5885.0			1.0
5885.9			1.0
5886.8			1.0043869153587095
5887.700000000001			0.9564857756400394
5888.6			0.8300429892383198
5889.5			0.6951451703265307
5890.4			0.6922603876545481
5891.3			0.8211718555680372
5892.200000000001			0.9489450471516778
5893.1			1.0135374030576494
5894.0			1.0097219679775158
5894.9			1.0
5895.8			1.0
5896.700000000001			1.0
5897.6			1.0
5898.5			1.0
5899.4			1.0
5900.3			1.0
5901.200000000001			1.0
5902.1			1.0
5903.0			1.0
5903.9			1.0
5904.8			1.0
5905.700000000001			1.0
5906.6			1.0
5907.5			1.0
5908.4			1.0
5909.3			1.0
5910.200000000001			1.0
5911.1			1.0
5912.0			1.0
5912.9			1.0
5913.8			1.0
5914.700000000001			1.0
5915.6			1.0
5916.5			1.0
5917.4			1.0
5918.3			1.0
5919.200000000001			1.0
5920.1			1.0
5921.0			1.0
5921.9			1.0
5922.8			1.0
5923.700000000001			1.0
5924.6			1.0
5925.5			1.0
5926.4			1.0
5927.3			1.0
5928.200000000001			1.0
5929.1			1.0
5930.0			1.0
5930.9			1.0
5931.8			1.0
5932.700000000001			1.0
5933.6			1.0
5934.5			1.0
5935.4			1.0
5936.3			1.0
5937.200000000001			1.0
5938.1			1.0
5939.0			1.0
5939.9			1.0
5940.8			1.0
5941.700000000001			1.0
5942.6			1.0
5943.5			1.0
5944.4			1.0
5945.3			1.0
5946.200000000001			1.0
5947.1			1.0
5948.0			1.0
5948.9			1.0
5949.8			1.0
5950.700000000001			1.0
5951.6			1.0
5952.5			1.0
5953.4			1.0
5954.3			1.0
5955.200000000001			1.0
5956.1			1.0
5957.0			1.0
5957.9			1.0
5958.8			1.0
5959.700000000001			1.0
5960.6			1.0
5961.5			1.0
5962.4			1.0
5963.3			1.0
5964.200000000001			1.0
5965.1			1.0
5966.0			1.0
5966.9			1.0
5967.8			1.0
5968.700000000001			1.0
5969.6			1.0
5970.5			1.0
5971.4			1.0
5972.3			1.0
5973.200000000001			1.0
5974.1			1.0
5975.0			1.0
5975.9			1.0
5976.8			1.0
5977.700000000001			1.0
5978.6			1.0
5979.5			1.0
5980.4			1.0
5981.3			1.0
5982.200000000001			1.0
5983.1			1.0
5984.0			1.0
5984.9			1.0
5985.8			1.0
5986.700000000001			1.0
5987.6			1.0
5988.5			1.0
5989.4			1.0
5990.3			1.0
5991.200000000001			1.0
5992.1			1.0
5993.0			1.0
5993.9			1.0
5994.8			1.0
5995.700000000001			1.0
5996.6			1.0
5997.5			1.0
5998.4			1.0
5999.3			1.0
6000.200000000001			1.0
6001.1			1.0
6002.0			1.0
6002.9			1.0
6003.8			1.0117144843317383
6004.700000000001			1.0171003017933433
6005.6			1.0034314990129296
6006.5			0.9810972828309288
6007.4			0.9591322454048238
6008.3			0.9600345047368523
6009.200000000001			1.002481700318855
6010.1			1.0472952503496702
6011.0			1.054861587080392
6011.9			1.0293728651575365
6012.8			1.0014510497624547
6013.700000000001			1.0
6014.6			1.0
6015.5			1.0
6016.4			1.0
6017.3			1.0
6018.200000000001			1.0
6019.1			1.0
6020.0			1.0
6020.9			1.0
6021.8			1.0
6022.700000000001			1.0
6023.6			1.0
6024.5			1.0
6025.4			1.0
6026.3			1.0
6027.200000000001			1.0
6028.1			1.0
6029.0			1.0
6029.9			1.0
6030.8			1.0
6031.700000000001			1.0
6032.6			1.0
6033.5			1.0
6034.4			1.0
6035.3			1.0
6036.200000000001			1.0
6037.1			1.0
6038.0			1.0
6038.9			1.0
6039.8			1.0
6040.700000000001			1.0
6041.6			1.0
6042.5			1.0
6043.4			1.0
6044.3			1.0
6045.200000000001			1.0
6046.1			1.0
6047.0			1.0
6047.9			1.0
6048.8			1.0
6049.700000000001			1.0
6050.6			1.0
6051.5			1.0
6052.4			1.0
6053.3			1.0
6054.200000000001			1.0
6055.1			1.0
6056.0			1.0
6056.9			1.0
6057.8			1.0
6058.700000000001			1.0
6059.6			1.0
6060.5			1.0
6061.4			1.0
6062.3			1.0
6063.200000000001			1.0
6064.1			1.0
6065.0			1.0
6065.9			1.0
6066.8			1.0
6067.700000000001			1.0
6068.6			1.0
6069.5			1.0
6070.4			1.0
6071.3			1.0
6072.200000000001			1.0
6073.1			1.0
6074.0			1.0
6074.9			1.0
6075.8			1.0
6076.700000000001			1.0
6077.6			1.0
6078.5			1.0
6079.4			1.0
6080.3			1.0
6081.200000000001			1.0
6082.1			1.0
6083.0			1.0
6083.9			1.0
6084.8			1.0
6085.700000000001			1.0
6086.6			1.0
6087.5			1.0
6088.4			1.0
6089.3			1.0
6090.200000000001			1.0
6091.1			1.0
6092.0			1.0
6092.9			1.0
6093.8			1.0
6094.700000000001			1.0
6095.6			1.0
6096.5			1.0
6097.4			1.0
6098.3			1.0
6099.200000000001			1.0
6100.1			1.0
6101.0			0.9718028795048776
6101.9			0.9060239255897881
6102.8			0.8771610052697062
6103.700000000001			0.928796980363379
6104.6			0.9941406639571142
6105.5			1.0
6106.4			1.0
6107.3			1.0
6108.200000000001			1.0
6109.1			1.0
6110.0			1.0
6110.9			1.0
6111.8			1.0
6112.700000000001			1.0
6113.6			1.0
6114.5			1.0
6115.4			1.0
6116.3			1.0
6117.200000000001			1.0
6118.1			1.0
6119.0			1.0
6119.9			1.0
6120.8			1.0
6121.700000000001			1.0
6122.6			1.0
6123.5			1.0
6124.4			1.0
6125.3			1.0
6126.200000000001			1.0
6127.1			1.0
6128.0			1.0
6128.9			1.0
6129.8			1.0
6130.700000000001			1.0
6131.6			1.0
6132.5			1.0
6133.4			1.0
6134.3			0.9847014179798177
6135.200000000001			0.9375344037240521
6136.1			0.8560510935213568
6137.0			0.8011283460126346
6137.9			0.8463485282681199
6138.8			0.9445643442041242
6139.700000000001			1.0000411809197813
6140.6			1.0
6141.5			1.0
6142.4			1.0
6143.3			1.0
6144.200000000001			1.0
6145.1			1.0
6146.0			1.0
6146.9			1.0
6147.8			1.0
6148.700000000001			1.0
6149.6			1.0
6150.5			1.0
6151.4			1.0
6152.3			1.0
6153.200000000001			1.0
6154.1			1.0
6155.0			1.0
6155.9			1.0
6156.8			1.0
6157.700000000001			1.0
6158.6			1.0111807088670737
6159.5			1.0007153910382955
6160.4			0.9456882151585065
6161.3			0.8791833127567633
6162.200000000001			0.8576944695194615
6163.1			0.8835214581194609
6164.0			0.9306781207083976
6164.9			0.9743039987159553
6165.8			0.999622950322472
6166.700000000001			1.0
6167.6			1.0
6168.5			1.0
6169.4			1.0
6170.3			1.0
6171.200000000001			1.0
6172.1			1.0
6173.0			1.0
6173.9			1.0
6174.8			1.0
6175.700000000001			1.0
6176.6			1.0
6177.5			1.0
6178.4			1.0
6179.3			1.0
6180.200000000001			1.0
6181.1			1.0
6182.0			1.0
6182.9			1.0
6183.8			1.0
6184.700000000001			1.0
6185.6			1.0
6186.5			1.0
6187.4			1.0
6188.3			1.0026915443056774
6189.200000000001			1.0086654967244555
6190.1			0.9765847868675632
6191.0			0.9181390578975847
6191.9			0.9138011477805884
6192.8			0.9670704486999356
6193.700000000001			0.9968483352353713
6194.6			1.0
6195.5			1.0
6196.4			1.0
6197.3			1.0
6198.200000000001			1.0
6199.1			1.0
6200.0			1.0
6200.9			1.0
6201.8			1.0
6202.700000000001			1.0
6203.6			1.0
6204.5			1.0
6205.4			1.0
6206.3			1.0
6207.200000000001			1.0
6208.1			1.0
6209.0			1.0
6209.9			1.0
6210.8			1.0
6211.700000000001			1.0
6212.6			1.0
6213.5			1.0
6214.4			1.0
6215.3			1.0
6216.200000000001			1.0
6217.1			1.0
6218.0			1.0
6218.9			1.0
6219.8			1.0
6220.700000000001			1.0
6221.6			1.0
6222.5			1.0
6223.4			1.0
6224.3			1.0
6225.200000000001			1.0
6226.1			1.0
6227.0			1.0027036638300095
6227.9			0.9986202774474123
6228.8			0.9653613951790411
6229.700000000001			0.910428893926355
6230.6			0.8762794694266014
6231.5			0.8930461772071194
6232.4			0.9298328237942897
6233.3			0.9617962523261869
6234.200000000001			0.9998402786087882
6235.1			1.0
6236.0			1.0
6236.9			1.0
6237.8			1.0
6238.700000000001			1.0
6239.6			1.0
6240.5			1.0
6241.4			1.0
6242.3			1.0
6243.200000000001			1.0
6244.1			1.0
6245.0			1.0
6245.9			1.0
6246.8			1.0
6247.700000000001			1.0
6248.6			1.0166785349158074
6249.5			1.0146347839967156
6250.4			1.0047732395469633
6251.3			0.9755031876160813
6252.200000000001			0.9328410010064477
6253.1			0.9055912317907598
6254.0			0.9060589690048463
6254.9			0.9192499267881474
6255.8			0.9187248973713996
6256.700000000001			0.9094633337485026
6257.6			0.9005492215159403
6258.5			0.8998481344546084
6259.4			0.9250328585736649
6260.3			0.9574855875752806
6261.200000000001			0.979473151424236
6262.1			1.0025943312182228
6263.0			1.0171633313696864
6263.9			1.005859741667586
6264.8			0.9791946440033085
6265.700000000001			0.9760005183707499
6266.6			1.000396008981068
6267.5			1.0
6268.4			1.0
6269.3			1.0
6270.200000000001			1.0
6271.1			1.0
6272.0			1.0
6272.9			1.0
6273.8			1.0
6274.700000000001			1.0
6275.6			1.0
6276.5			1.0
6277.4			1.0
6278.3			1.0
6279.200000000001			1.0
6280.1			1.0
6281.0			1.0
6281.9			1.0
6282.8			1.0
6283.700000000001			1.0
6284.6			1.0
6285.5			1.0
6286.4			1.0
6287.3			1.0
6288.200000000001			1.0
6289.1			1.0
6290.0			1.0
6290.9			1.0
6291.8			1.0
6292.700000000001			1.0
6293.6			1.0
6294.5			1.0
6295.4			0.9923346451858189
6296.3			0.9611724112070146
6297.200000000001			0.9373572304485647
6298.1			0.9342320644179583
6299.0			0.9463091166007888
6299.9			0.9487734680637937
6300.8			0.9271485154691207
6301.700000000001			0.903512634072438
6302.6			0.9183068723753274
6303.5			0.9550336587449743
6304.4			0.9764986592462415
6305.3			0.9799087526661421
6306.200000000001			0.9861899003087622
6307.1			0.9988672541961301
6308.0			1.0001021656095639
6308.9			1.0
6309.8			1.0
6310.700000000001			1.0
6311.6			1.0
6312.5			1.0097867036868777
6313.4			1.008248887691365
6314.3			0.9705549743960543
6315.200000000001			0.9358346826360346
6316.1			0.9382901184327933
6317.0			0.9358044545367202
6317.9			0.9059159497067548
6318.8			0.8981950071983222
6319.700000000001			0.9288767076912174
6320.6			0.9561128053523813
6321.5			0.9474747997224716
6322.4			0.9362822515055408
6323.3			0.9545081934524582
6324.200000000001			0.9856648036450071
6325.1			0.9995963293634362
6326.0			1.0
6326.9			1.0
6327.8			1.0
6328.700000000001			1.0
6329.6			1.0
6330.5			1.0
6331.4			1.0
6332.3			1.0
6333.200000000001			1.0
6334.1			1.0
6335.0			1.0
6335.9			1.0
6336.8			1.0
6337.700000000001			1.0
6338.6			1.0
6339.5			1.0
6340.4			1.0
6341.3			1.0
6342.200000000001			1.0
6343.1			1.0
6344.0			1.0
6344.9			1.0
6345.8			1.0
6346.700000000001			1.0
6347.6			1.0
6348.5			1.0
6349.4			1.0
6350.3			1.0
6351.200000000001			1.0
6352.1			1.0
6353.0			1.0
6353.9			0.9700296183541045
6354.8			0.9431041838917048
6355.700000000001			0.9530924976465515
6356.6			0.9767331213729119
6357.5			0.9680997762659893
6358.4			0.9408038627616276
6359.3			0.9339185320722648
6360.200000000001			0.9336362286244592
6361.1			0.9186058400198369
6362.0			0.903031647904696
6362.9			0.9051015705901669
6363.8			0.9253330544631911
6364.700000000001			0.952730014050891
6365.6			0.9751402117106307
6366.5			0.9924182075977749
6367.4			1.0110698657351163
6368.3			1.0215909499628135
6369.200000000001			1.0139827731448352
6370.1			0.9985766598153781
6371.0			1.0
6371.9			1.0
6372.8			1.0
6373.700000000001			1.0
6374.6			1.0
6375.5			1.0
6376.4			1.0
6377.3			1.0
6378.200000000001			1.0
6379.1			1.0
6380.0			1.0
6380.9			1.0
6381.8			1.0
6382.700000000001			1.0
6383.6			1.0
6384.5			1.0
6385.4			1.0
6386.3			1.0
6387.200000000001			1.0
6388.1			1.0
6389.0			1.0
6389.9			1.0
6390.8			1.0
6391.700000000001			1.0
6392.6			1.0
6393.5			1.0
6394.4			1.0
6395.3			1.0
6396.200000000001			1.0
6397.1			1.0
6398.0			0.9874828022301279
6398.9			0.9415403524985066
6399.8			0.8969633646748044
6400.700000000001			0.9220598219272103
6401.6			0.9949101454060376
6402.5			1.0
6403.4			1.0
6404.3			1.0
6405.200000000001			1.0
6406.1			1.0
6407.0			1.0
6407.9			1.0
6408.8			1.0
6409.700000000001			1.0
6410.6			1.0
6411.5			1.0
6412.4			1.0
6413.3			1.0
6414.200000000001			1.0
6415.1			1.0
6416.0			1.0
6416.9			1.0
6417.8			1.0
6418.700000000001			1.0
6419.6			1.0
6420.5			1.0
6421.4			1.0
6422.3			1.0
6423.200000000001			1.0
6424.1			1.0
6425.0			1.0
6425.9			1.0
6426.8			1.0
6427.700000000001			1.0
6428.6			1.0
6429.5			1.0
6430.4			1.0
6431.3			1.0
6432.200000000001			1.0
6433.1			1.0
6434.0			1.0
6434.9			1.0
6435.8			1.0
6436.700000000001			1.0
6437.6			1.0
6438.5			1.0
6439.4			1.0
6440.3			1.0
6441.200000000001			1.0
6442.1			1.0
6443.0			1.0
6443.9			1.0
6444.8			1.0
6445.700000000001			1.0
6446.6			1.0
6447.5			0.9906359870253865
6448.4			0.9376909991124074
6449.3			0.8615662501591347
6450.200000000001			0.8405505613082208
6451.1			0.8986209437409165
6452.0			0.9685010641044648
6452.9			1.0037212905524056
6453.8			1.0
6454.700000000001			1.0
6455.6			1.0
6456.5			1.0
6457.4			1.0
6458.3			1.0
6459.200000000001			1.0
6460.1			0.9996106725505469
6461.0			0.9764279885477458
6461.9			0.9272925508486877
6462.8			0.8972223478556911
6463.700000000001			0.9247475238212209
6464.6			0.9702726297853966
6465.5			1.001438278755314
6466.4			1.0
6467.3			1.0
6468.200000000001			1.0
6469.1			1.0
6470.0			1.0
6470.9			1.0
6471.8			1.0
6472.700000000001			1.0
6473.6			1.0
6474.5			1.0
6475.4			1.0
6476.3			1.0
6477.200000000001			1.0
6478.1			1.0
6479.0			1.0
6479.9			1.0
6480.8			1.0
6481.700000000001			1.0
6482.6			1.0
6483.5			1.0
6484.4			1.0
6485.3			1.0
6486.200000000001			1.0
6487.1			1.0
6488.0			1.0
6488.9			1.0
6489.8			0.9876402001939034
6490.700000000001			0.9807486086564893
6491.6			0.9772825831079509
6492.5			0.9566461296411349
6493.4			0.9003212564883091
6494.3			0.8397524983580639
6495.200000000001			0.8252309862428276
6496.1			0.8558244015270918
6497.0			0.902494627910913
6497.9			0.9425832927248872
6498.8			0.9590454849824149
6499.700000000001			0.9720169769445778
6500.6			1.005396098595408
6501.5			1.0
6502.4			1.0
6503.3			1.0
6504.200000000001			1.0
6505.1			1.0
6506.0			1.0
6506.9			1.0
6507.8			1.0
6508.700000000001			1.0
6509.6			1.0
6510.5			1.0
6511.4			1.0
6512.3			1.0
6513.200000000001			1.0
6514.1			1.0
6515.0			1.0
6515.9			1.0
6516.8			1.0
6517.700000000001			1.0
6518.6			1.0
6519.5			1.0
6520.4			1.0
6521.3			1.0
6522.200000000001			1.0
6523.1			1.0
6524.0			1.0
6524.9			1.0
6525.8			1.0
6526.700000000001			1.0
6527.6			1.0
6528.5			1.0
6529.4			1.0
6530.3			1.0
6531.200000000001			1.0
6532.1			1.0
6533.0			1.0
6533.9			1.0
6534.8			1.0
6535.700000000001			1.0
6536.6			1.0
6537.5			1.0
6538.4			1.0
6539.3			1.0
6540.200000000001			1.0
6541.1			1.0
6542.0			1.0
6542.9			1.0
6543.8			1.0
6544.700000000001			1.0
6545.6			1.0
6546.5			1.0
6547.4			1.0
6548.3			1.0
6549.200000000001			1.0
6550.1			1.0
6551.0			1.0
6551.9			1.0
6552.8			1.0
6553.700000000001			1.0
6554.6			1.0
6555.5			1.0
6556.4			1.0
6557.3			1.0
6558.200000000001			1.0
6559.1			1.0
6560.0			0.97276499613289
6560.9			0.9037044884122747
6561.8			0.7562216230271714
6562.700000000001			0.631328592629803
6563.6			0.6887763220233935
6564.5			0.8696945746376548
6565.4			0.9984316229323903
6566.3			1.0
6567.200000000001			1.0
6568.1			1.0
6569.0			1.0
6569.9			1.0
6570.8			1.0
6571.700000000001			1.0
6572.6			1.0
6573.5			1.0
6574.4			1.0
6575.3			1.0
6576.200000000001			1.0
6577.1			1.0
6578.0			1.0
6578.9			1.0
6579.8			1.0
6580.700000000001			1.0
6581.6			1.0
6582.5			1.0
6583.4			1.0
6584.3			1.0
6585.200000000001			1.0
6586.1			1.0
6587.0			1.0
6587.9			1.0
6588.8			1.0
6589.700000000001			1.0
6590.6			0.9981173980181172
6591.5			0.9697066359103328
6592.4			0.9136653246359224
6593.3			0.8847359004873233
6594.200000000001			0.9202226788679368
6595.1			0.973584431197036
6596.0			0.9990881767729174
6596.9			1.0
6597.8			1.0
6598.700000000001			1.0
6599.6			1.0
6600.5			1.0
6601.4			1.0
6602.3			1.0
6603.200000000001			1.0
6604.1			1.0
6605.0			1.0
6605.9			1.0
6606.8			1.0
6607.700000000001			1.0
6608.6			1.0
6609.5			1.0
6610.4			1.0
6611.3			1.0
6612.200000000001			1.0
6613.1			1.0
6614.0			1.0
6614.9			1.0
6615.8			1.0
6616.700000000001			1.0
6617.6			1.0
6618.5			1.0
6619.4			1.0
6620.3			1.0
6621.200000000001			1.0
6622.1			1.0
6623.0			1.0
6623.9			1.0
6624.8			1.0
6625.700000000001			1.0
6626.6			1.0
6627.5			1.0
6628.4			1.0
6629.3			1.0
6630.200000000001			0.9866724368471338
6631.1			0.9706134723728365
6632.0			0.9472228064916877
6632.9			0.9142699513355357
6633.8			0.8960800017654645
6634.700000000001			0.9164785817026907
6635.6			0.9551472736306335
6636.5			0.9841347284516614
6637.4			0.9995758352403097
6638.3			1.0
6639.200000000001			1.0
6640.1			1.0
6641.0			1.0
6641.9			1.0
6642.8			1.0
6643.700000000001			1.0
6644.6			1.0
6645.5			1.0
6646.4			1.0
6647.3			1.0
6648.200000000001			1.0
6649.1			1.0
6650.0			1.0
6650.9			1.0
6651.8			1.0
6652.700000000001			1.0
6653.6			1.0
6654.5			1.0
6655.4			1.0
6656.3			1.0
6657.200000000001			1.0
6658.1			1.0
6659.0			1.0
6659.9			1.0
6660.8			1.0
6661.700000000001			1.0
6662.6			1.0
6663.5			1.0
6664.4			1.0
6665.3			1.0
6666.200000000001			1.0
6667.1			1.0
6668.0			1.0
6668.9			1.0
6669.8			1.0
6670.700000000001			1.0
6671.6			1.0
6672.5			1.0
6673.4			1.0
6674.3			1.0
6675.200000000001			1.0
6676.1			1.0
6677.0			1.0
6677.9			1.0
6678.8			1.0
6679.700000000001			1.0
6680.6			1.0
6681.5			1.0
6682.4			1.0
6683.3			1.0
6684.200000000001			1.0
6685.1			1.0
6686.0			1.0
6686.9			1.0
6687.8			1.0
6688.700000000001			1.0
6689.6			1.0
6690.5			1.0
6691.4			1.0
6692.3			1.0
6693.200000000001			1.0
6694.1			1.0
6695.0			1.0
6695.9			1.0
6696.8			1.0
6697.700000000001			1.0
6698.6			1.0
6699.5			1.0
6700.4			1.0
6701.3			1.0
6702.200000000001			1.0
6703.1			1.0
6704.0			1.0
6704.9			1.0
6705.8			1.0
6706.700000000001			1.0
6707.6			1.0
6708.5			1.0
6709.4			1.0
6710.3			1.0
6711.200000000001			1.0
6712.1			1.0
6713.0			1.0
6713.9			1.0
6714.8			1.0
6715.700000000001			1.0
6716.6			1.0
6717.5			1.0
6718.4			1.0
6719.3			1.0
6720.200000000001			1.0
6721.1			1.0
6722.0			1.0
6722.9			1.0
6723.8			1.0
6724.700000000001			1.0
6725.6			1.0
6726.5			1.0
6727.4			1.0
6728.3			1.0
6729.200000000001			1.0
6730.1			1.0
6731.0			1.0
6731.9			1.0
6732.8			1.0
6733.700000000001			1.0
6734.6			1.0
6735.5			1.0
6736.4			1.0
6737.3			1.0
6738.200000000001			1.0
6739.1			1.0
6740.0			1.0
6740.9			1.0
6741.8			1.0
6742.700000000001			1.0
6743.6			1.0
6744.5			1.0
6745.4			1.0
6746.3			1.0
6747.200000000001			1.0
6748.1			1.0
6749.0			1.0
6749.9			1.0
6750.8			1.0
6751.700000000001			1.0
6752.6			1.0
6753.5			1.0
6754.4			1.0
6755.3			1.0
6756.200000000001			1.0
6757.1			1.0
6758.0			1.0
6758.9			1.0
6759.8			1.0
6760.700000000001			1.0
6761.6			1.0
6762.5			1.0
6763.4			1.0
6764.3			1.0
6765.200000000001			1.0
6766.1			1.0
6767.0			1.0
6767.9			1.0
6768.8			1.0
6769.700000000001			1.0
6770.6			1.0
6771.5			1.0
6772.4			1.0
6773.3			1.0
6774.200000000001			1.0
6775.1			1.0
6776.0			1.0
6776.9			1.0
6777.8			1.0
6778.700000000001			1.0
6779.6			1.0
6780.5			1.0
6781.4			1.0
6782.3			1.0
6783.200000000001			1.0
6784.1			1.0
6785.0			1.0
6785.9			1.0
6786.8			1.0
6787.700000000001			1.0
6788.6			1.0
6789.5			1.0
6790.4			1.0
6791.3			1.0
6792.200000000001			1.0
6793.1			1.0
6794.0			1.0
6794.9			1.0
6795.8			1.0
6796.700000000001			1.0
6797.6			1.0
6798.5			1.0
6799.4			1.0
6800.3			1.0
6801.200000000001			1.0
6802.1			1.0
6803.0			1.0
6803.9			1.0
6804.8			1.0
6805.700000000001			1.0
6806.6			1.0
6807.5			1.0
6808.4			1.0
6809.3			1.0
6810.200000000001			1.0
6811.1			1.0
6812.0			1.0
6812.9			1.0
6813.8			1.0
6814.700000000001			1.0
6815.6			1.0
6816.5			1.0
6817.4			1.0
6818.3			1.0
6819.200000000001			1.0
6820.1			1.0
6821.0			1.0
6821.9			1.0
6822.8			1.0
6823.700000000001			1.0
6824.6			1.0
6825.5			1.0
6826.4			1.0
6827.3			1.0
6828.200000000001			1.0
6829.1			1.0
6830.0			1.0
6830.9			1.0
6831.8			1.0
6832.700000000001			1.0
6833.6			1.0
6834.5			1.0
6835.4			1.0
6836.3			0.9890184992636303
6837.200000000001			0.9746835031672203
6838.1			0.9546586658656326
6839.0			0.9347752636442455
6839.9			0.9175010379377084
6840.8			0.8995700025465726
6841.700000000001			0.8901884728990281
6842.6			0.9021059006083836
6843.5			0.9324217329844043
6844.4			0.9657898502169892
6845.3			0.9856322383665255
6846.200000000001			0.9955885454726295
6847.1			0.999971903036447
6848.0			1.0
6848.9			1.0
6849.8			1.0
6850.700000000001			1.0
6851.6			1.0
6852.5			1.0
6853.4			1.0
6854.3			1.0
6855.200000000001			1.0
6856.1			1.0
6857.0			1.0
6857.9			1.0
6858.8			1.0
6859.700000000001			1.0
6860.6			1.0
6861.5			1.0
6862.4			1.0
6863.3			1.0
6864.200000000001			1.0
6865.1			1.0
6866.0			1.0
6866.9			1.0
6867.8			1.0
6868.700000000001			1.0
6869.6			1.0
6870.5			1.0
6871.4			1.0
6872.3			1.0
6873.200000000001			1.0
6874.1			1.0
6875.0			1.0
6875.9			1.0
6876.8			1.0
6877.700000000001			1.0
6878.6			1.0
6879.5			1.0
6880.4			1.0
6881.3			1.0
6882.200000000001			1.0
6883.1			1.0
6884.0			1.0
6884.9			1.0
6885.8			1.0
6886.700000000001			1.0
6887.6			1.0
6888.5			1.0
6889.4			1.0
6890.3			1.0
6891.200000000001			1.0
6892.1			1.0
6893.0			1.0
6893.9			1.0
6894.8			1.0
6895.700000000001			1.0
6896.6			1.0
6897.5			1.0
6898.4			1.0
6899.3			1.0
6900.200000000001			1.0
6901.1			1.0
6902.0			1.0
6902.9			1.0
6903.8			1.0
6904.700000000001			1.0
6905.6			1.0
6906.5			1.0
6907.4			1.0
6908.3			1.0
6909.200000000001			1.0
6910.1			1.0
6911.0			1.0
6911.9			1.0
6912.8			1.0
6913.700000000001			1.0
6914.6			1.0
6915.5			1.0
6916.4			1.0
6917.3			1.0
6918.200000000001			1.0
6919.1			1.0
6920.0			1.0
6920.9			1.0
6921.8			1.0
6922.700000000001			1.0
6923.6			1.0
6924.5			1.0
6925.4			1.0
6926.3			1.0
6927.200000000001			1.0
6928.1			1.0
6929.0			1.0
6929.9			1.0
6930.8			1.0
6931.700000000001			1.0
6932.6			1.0
6933.5			1.0
6934.4			1.0
6935.3			1.0
6936.200000000001			1.0
6937.1			1.0
6938.0			1.0
6938.9			1.0
6939.8			1.0
6940.700000000001			1.0
6941.6			1.0
6942.5			1.0
6943.4			1.0
6944.3			1.0
6945.200000000001			1.0
6946.1			1.0
6947.0			1.0
6947.9			1.0
6948.8			1.0
6949.700000000001			1.0
6950.6			1.0
6951.5			1.0
6952.4			1.0
6953.3			1.0
6954.200000000001			1.0
6955.1			1.0
6956.0			1.0
6956.9			1.0
6957.8			1.0
6958.700000000001			1.0
6959.6			1.0
6960.5			1.0
6961.4			1.0
6962.3			1.0
6963.200000000001			1.0
6964.1			1.0
6965.0			1.0
6965.9			1.0
6966.8			1.0
6967.700000000001			1.0
6968.6			1.0
6969.5			1.0
6970.4			1.0
6971.3			1.0
6972.200000000001			1.0
6973.1			1.0
6974.0			0.9882571506266616
6974.9			0.9691979517460707
6975.8			0.9528499695335413
6976.700000000001			0.9297811472024435
6977.6			0.8912015554880427
6978.5			0.860432973597958
6979.4			0.8741788647600821
6980.3			0.9229473864373712
6981.200000000001			0.9647055588015229
6982.1			0.9869293582394599
6983.0			1.000192108409271
6983.9			1.0
6984.8			1.0
6985.700000000001			1.0
6986.6			1.0
6987.5			1.0
6988.4			0.9940484959657573
6989.3			0.9865184476704664
6990.200000000001			0.9918919590124308
6991.1			1.0064606359448067
6992.0			1.013012095411587
6992.9			1.0088395308769527
6993.8			0.9997984728403296
6994.700000000001			0.9939436308675553
6995.6			0.9998016759675008
6996.5			1.0
6997.4			1.0
6998.3			1.0
6999.200000000001			1.0
7000.1			1.0
7001.0			1.0
7001.9			1.0
7002.8			1.0
7003.700000000001			1.0
7004.6			1.0
7005.5			1.0
7006.4			1.0
7007.3			1.0
7008.200000000001			1.0
7009.1			1.0
7010.0			1.0
7010.9			1.0
7011.8			1.0
7012.700000000001			1.0061063465854938
7013.6			1.0135093874071197
7014.5			0.9990575591305189
7015.4			0.9499349803690618
7016.3			0.901679883779022
7017.200000000001			0.907647479188786
7018.1			0.9569852209086744
7019.0			1.000335588599426
7019.9			1.019921451063487
7020.8			1.02549768696896
7021.700000000001			1.016009292100732
7022.6			0.9853461983126759
7023.5			0.9484438354687236
7024.4			0.9324216302458249
7025.3			0.9494806000945235
7026.200000000001			0.9808329249323956
7027.1			0.9987242143675095
7028.0			1.0008975574256511
7028.9			0.9942833162854338
7029.8			0.9859040862865293
7030.700000000001			0.9792978969840271
7031.6			0.9753783178189134
7032.5			0.9792333468869843
7033.4			0.9866457186200465
7034.3			0.9861416142409598
7035.200000000001			0.9931925021503829
7036.1			1.0085646021683818
7037.0			0.9957952189688565
7037.9			0.9582269603151773
7038.8			0.9488998785242062
7039.700000000001			0.9883665178553205
7040.6			1.038602250952108
7041.5			1.0623855126636441
7042.4			1.0612187056423052
7043.3			1.0420455424411927
7044.200000000001			1.0129219346518223
7045.1			0.9944576770766539
7046.0			1.000156582750972
7046.9			1.0181683176096226
7047.8			1.031677319795249
7048.700000000001			1.0371809953572608
7049.6			1.0375323728114252
7050.5			1.0329681858461397
7051.4			1.0125487733006253
7052.3			0.9767380189836781
7053.200000000001			0.9549576384988174
7054.1			0.9655728488989516
7055.0			0.9923562824387007
7055.9			1.0163484483302379
7056.8			1.0347889517464641
7057.700000000001			1.0420049584785622
7058.6			1.0238594407315402
7059.5			0.9888617260976477
7060.4			0.9724472990377866
7061.3			0.985743091122087
7062.200000000001			1.0004685152384019
7063.1			1.0120534094842422
7064.0			1.0337853099712302
7064.9			1.0459643973268666
7065.8			1.024672915892812
7066.700000000001			0.9798906736720436
7067.6			0.9378496478359781
7068.5			0.9260736826199476
7069.4			0.9582233571942377
7070.3			1.0002319170101643
7071.200000000001			1.0
7072.1			1.0
7073.0			1.0
7073.9			1.0
7074.8			1.0
7075.700000000001			1.0
7076.6			1.0
7077.5			1.0
7078.4			1.0
7079.3			1.0
7080.200000000001			1.0
7081.1			1.0
7082.0			1.0
7082.9			1.0
7083.8			1.0
7084.700000000001			1.0
7085.6			1.0
7086.5			1.0
7087.4			1.0
7088.3			1.0
7089.200000000001			1.0
7090.1			1.0
7091.0			1.0
7091.9			1.0
7092.8			1.0
7093.700000000001			1.0
7094.6			1.0
7095.5			1.0
7096.4			1.0
7097.3			1.0
7098.200000000001			1.0
7099.1			1.0
7100.0			1.0
7100.9			1.0
7101.8			1.0
7102.700000000001			1.0
7103.6			1.0
7104.5			1.0
7105.4			1.0
7106.3			1.0
7107.200000000001			1.0
7108.1			1.0
7109.0			1.0
7109.9			1.0
7110.8			1.0
7111.700000000001			1.0
7112.6			1.0
7113.5			1.0
7114.4			1.0
7115.3			1.0
7116.200000000001			1.0
7117.1			1.0
7118.0			1.0
7118.9			1.0
7119.8			1.0
7120.700000000001			1.0
7121.6			1.0
7122.5			1.0
7123.4			1.0
7124.3			1.0
7125.200000000001			0.9976272451790031
7126.1			0.9770967044742296
7127.0			0.9720303633084305
7127.9			0.9868879843638559
7128.8			0.9906338198885907
7129.700000000001			0.9630221863053061
7130.6			0.9346371144814073
7131.5			0.9376579176279604
7132.4			0.9634313060493277
7133.3			0.9943392823250137
7134.200000000001			1.0166315850309997
7135.1			1.0152364730738115
7136.0			1.0098363878153591
7136.9			1.0221588430048
7137.8			1.0306945405687256
7138.700000000001			1.0091628777140742
7139.6			0.9858039019809918
7140.5			0.9921019581516107
7141.4			1.0065097744806328
7142.3			1.003147813215699
7143.200000000001			0.9957364951600279
7144.1			0.9917235219625197
7145.0			0.9868878178112162
7145.9			0.9895087332116999
7146.8			0.9815903389124414
7147.700000000001			0.9516063512937483
7148.6			0.9358302797108516
7149.5			0.9462082922979665
7150.4			0.9599156387721861
7151.3			0.9759519417623757
7152.200000000001			1.000459636194128
7153.1			1.0204556786558212
7154.0			1.0146161399180553
7154.9			0.9844743663125264
7155.8			0.9751660951449417
7156.700000000001			1.0042897834234026
7157.6			1.0232643064333176
7158.5			1.0121395643122317
7159.4			0.9917386823891237
7160.3			0.9846213939800988
7161.200000000001			0.999319324971645
7162.1			1.015053057927671
7163.0			0.9997430776234879
7163.9			0.9494463510085331
7164.8			0.9038994262324558
7165.700000000001			0.9103677241631165
7166.6			0.960950424214643
7167.5			1.01566783757281
7168.4			1.042129464806722
7169.3			1.0348077319720597
7170.200000000001			1.0
7171.1			1.0012973470395188
7172.0			1.0135183909229908
7172.9			1.0210678840174683
7173.8			1.0179681095288846
7174.700000000001			1.0015338606303885
7175.6			0.97663507354293
7176.5			0.9710618426574249
7177.4			0.9983967874065044
7178.3			1.0188907875060254
7179.200000000001			0.9979888069912978
7180.1			0.9532260499707722
7181.0			0.9208494228516725
7181.9			0.9340674094845105
7182.8			0.9812434839084494
7183.700000000001			1.0098983770982597
7184.6			1.0015268809401823
7185.5			0.9783360618807019
7186.4			0.9497751964368815
7187.3			0.9234766981677384
7188.200000000001			0.9220823563472154
7189.1			0.9392242813729846
7190.0			0.9562143684016574
7190.9			0.9689725552414392
7191.8			0.958694872954017
7192.700000000001			0.9311617645934864
7193.6			0.9263215097375422
7194.5			0.9576173106573722
7195.4			0.9847414170700951
7196.3			0.9806311390640157
7197.200000000001			0.9732358981236597
7198.1			0.9822287587018784
7199.0			0.9906097146446854
7199.9			0.9874717939338754
7200.8			0.979749070105573
7201.700000000001			0.9746541522741649
7202.6			0.9797008136558127
7203.5			1.000217196150935
7204.4			1.0178876659986051
7205.3			1.004434343088925
7206.200000000001			0.9528003101442504
7207.1			0.902613700111106
7208.0			0.906253697498
7208.9			0.9515028768544431
7209.8			0.9946170352462612
7210.700000000001			1.0183918911028014
7211.6			1.0163258854835067
7212.5			0.9938918496215182
7213.4			0.9723419424588241
7214.3			0.9614593001471838
7215.200000000001			0.9636248710522894
7216.1			0.9836600697863702
7217.0			1.0115261811657834
7217.9			1.0261878466858299
7218.8			1.0205512391287663
7219.700000000001			1.0051400553266
7220.6			1.0
7221.5			0.9848700479821318
7222.4			0.9804450944846408
7223.3			0.9844313397920389
7224.200000000001			0.9979993098862814
7225.1			1.013445981483544
7226.0			1.0257581705658392
7226.9			1.0363469452030394
7227.8			1.0319660009182863
7228.700000000001			1.0154520854920708
7229.6			1.014249647191366
7230.5			1.0332237360355616
7231.4			1.0550415342302488
7232.3			1.0666123019596647
7233.200000000001			1.064110253782311
7234.1			1.0553868499119856
7235.0			1.0502018082489335
7235.9			1.0453131535928215
7236.8			1.0422207499307505
7237.700000000001			1.0399164667641438
7238.6			1.0286641013410107
7239.5			1.0191077409417002
7240.4			1.0276046247704527
7241.3			1.0485159764811014
7242.200000000001			1.063225826094545
7243.1			1.059549615302294
7244.0			1.032647299588485
7244.9			0.9971915007522472
7245.8			0.9867323782974079
7246.700000000001			1.0146919816891316
7247.6			1.0511479259721432
7248.5			1.0625304030313159
7249.4			1.047163268746174
7250.3			1.018097641880509
7251.200000000001			0.9932584791047165
7252.1			0.9864500958079112
7253.0			0.9958229799237206
7253.9			1.0013900483436147
7254.8			0.9980487035683098
7255.700000000001			1.0065089071024216
7256.6			1.0336108674177351
7257.5			1.0491449619884246
7258.4			1.0392129617043733
7259.3			1.0193387244988419
7260.200000000001			0.987043314661611
7261.1			0.9481204938679255
7262.0			0.9458169971629118
7262.9			0.9869980093555172
7263.8			1.0212577611238791
7264.700000000001			1.031733965102745
7265.6			1.0370200021966898
7266.5			1.0411419809619886
7267.4			1.0416787832913499
7268.3			1.0392235103177367
7269.200000000001			1.0375989853468102
7270.1			1.0418348100700383
7271.0			1.0423196816026956
7271.9			1.0311345521272284
7272.8			1.0178129178995705
7273.700000000001			1.0106425772972811
7274.6			1.0118702743151904
7275.5			1.023336344521041
7276.4			1.030480469424974
7277.3			1.0137285321705594
7278.200000000001			0.9902828578735711
7279.1			0.9889435764180143
7280.0			0.999776974550341
7280.9			0.9953934334421207
7281.8			0.9660887040231115
7282.700000000001			0.9315458839286826
7283.6			0.9173378714104681
7284.5			0.9262165771147213
7285.4			0.9518415816601818
7286.3			0.9814077679821515
7287.200000000001			0.9853195845969962
7288.1			0.9558833639439483
7289.0			0.9298190582512362
7289.9			0.9285840124358199
7290.8			0.9258915932826415
7291.700000000001			0.9120715652920394
7292.6			0.9115994143981027
7293.5			0.9332124002591665
7294.4			0.970133796783841
7295.3			1.0104892985713352
7296.200000000001			1.0371348845244788
7297.1			1.0353673022314671
7298.0			1.0159772498417206
7298.9			1.0023720872517554
7299.8			0.9963287567249823
7300.700000000001			0.9980398536936739
7301.6			1.0053512312145922
7302.5			1.007260740046664
7303.4			1.0109181721896756
7304.3			1.0244075000292276
7305.200000000001			1.0304576707658706
7306.1			1.0071203653815661
7307.0			0.9680979629787713
7307.9			0.9475571046530789
7308.8			0.9651358866893422
7309.700000000001			0.9919172100851325
7310.6			0.9894473827974584
7311.5			0.9735411600938084
7312.4			0.9776675446048536
7313.3			1.0000616962667264
7314.200000000001			1.016715052172863
7315.1			1.0167960895911923
7316.0			1.0053337084548324
7316.9			0.9890744114053636
7317.8			0.9808277503803131
7318.700000000001			0.9855282097279908
7319.6			0.990496870761176
7320.5			0.994143124446654
7321.4			1.0019060938649904
7322.3			1.0120740439487466
7323.200000000001			1.006939569423097
7324.1			0.9863545113279552
7325.0			0.9621452071153782
7325.9			0.9477585138599112
7326.8			0.9591442017480213
7327.700000000001			0.9843289088546
7328.6			0.9925649595943385
7329.5			0.982787148041785
7330.4			0.9799223836367146
7331.3			0.9963811218794041
7332.200000000001			1.00683780742397
7333.1			0.9935624165151056
7334.0			0.9823931749713903
7334.9			0.9888509734612749
7335.8			1.0042307687577987
7336.700000000001			1.0161653114940021
7337.6			1.0218758677996598
7338.5			1.0185851607764633
7339.4			1.0085942205696183
7340.3			1.007734619485268
7341.200000000001			1.0215342540256283
7342.1			1.0208003215197716
7343.0			0.9923787665091545
7343.9			0.9643218339041473
7344.8			0.9627046329568656
7345.700000000001			0.9853652937878264
7346.6			1.00813729671593
7347.5			1.014982967059939
7348.4			1.0091751613817475
7349.3			0.9904321278396182
7350.200000000001			0.9687360963246235
7351.1			0.9606175724624415
7352.0			0.969697022900176
7352.9			0.9792583370593477
7353.8			0.9717620781522631
7354.700000000001			0.9456956172029001
7355.6			0.9240130697855748
7356.5			0.927739469525045
7357.4			0.9542119713620714
7358.3			0.9849327698682147
7359.200000000001			1.0026802603276959
7360.1			0.9992228972660866
7361.0			0.9757232178177297
7361.9			0.9417258015071955
7362.8			0.9225788691488853
7363.700000000001			0.9270468922522644
7364.6			0.9446161463701608
7365.5			0.9654221698226636
7366.4			0.9779155219471873
7367.3			0.9802839196418585
7368.200000000001			0.9779413066559018
7369.1			0.9764535564969257
7370.0			0.983347114737164
7370.9			1.0000276099504142
7371.8			1.0
7372.700000000001			1.0
7373.6			1.0
7374.5			1.0
7375.4			1.0
7376.3			1.0
7377.200000000001			1.0
7378.1			1.0
7379.0			1.0
7379.9			1.0
7380.8			1.0
7381.700000000001			1.0
7382.6			1.0
7383.5			1.0
7384.4			1.0
7385.3			1.0
7386.200000000001			1.0
7387.1			1.0
7388.0			1.0
7388.9			1.0
7389.8			1.0
7390.700000000001			1.0
7391.6			1.0
7392.5			1.0
7393.4			1.0
7394.3			1.0
7395.200000000001			1.0
7396.1			1.0
7397.0			1.0
7397.9			1.0
7398.8			1.0
7399.700000000001			1.0
7400.6			1.0
7401.5			1.0
7402.4			1.0
7403.3			1.0
7404.200000000001			1.0
7405.1			1.0
7406.0			1.0
7406.9			1.0
7407.8			1.0
7408.700000000001			1.0
7409.6			1.0
7410.5			1.0
7411.4			1.0
7412.3			1.0
7413.200000000001			1.0
7414.1			1.0
7415.0			1.0
7415.9			1.0
7416.8			1.0
7417.700000000001			1.0
7418.6			1.0
7419.5			1.0
7420.4			1.0
7421.3			1.0
7422.200000000001			1.0
7423.1			1.0
7424.0			1.0
7424.9			1.0
7425.8			1.0
7426.700000000001			1.0
7427.6			1.0
7428.5			1.0
7429.4			1.0
