3500.0			1.0
3500.9			1.0
3501.8			1.0
3502.7			1.0
3503.6			1.0
3504.5			1.0
3505.4			1.0
3506.3			1.0
3507.2			1.0
3508.1			1.0
3509.0			1.0
3509.9			1.0
3510.8			1.0
3511.7			1.0
3512.6			1.0
3513.5			1.0
3514.4			1.0
3515.3			1.0
3516.2			1.0
3517.1			1.0
3518.0			1.0
3518.9			1.0
3519.8			1.0
3520.7			1.0
3521.6			1.0
3522.5			1.0
3523.4			1.0
3524.3			1.0
3525.2			1.0
3526.1			1.0
3527.0			1.0
3527.9			1.0
3528.8			1.0
3529.7			1.0
3530.6			1.0
3531.5			1.0
3532.4			1.0
3533.3			1.0
3534.2			1.0
3535.1			1.0
3536.0			1.0
3536.9			1.0
3537.8			1.0
3538.7			1.0
3539.6			1.0
3540.5			1.0
3541.4			1.0
3542.3			1.0
3543.2			1.0
3544.1			1.0
3545.0			1.0
3545.9			1.0
3546.8			1.0
3547.7			1.0
3548.6			1.0
3549.5			1.0
3550.4			1.0
3551.3			1.0
3552.2			1.0
3553.1			1.0
3554.0			1.0
3554.9			1.0
3555.8			1.0
3556.7			1.0
3557.6			1.0
3558.5			1.0
3559.4			1.0
3560.3			1.0
3561.2			1.0
3562.1			1.0
3563.0			1.0
3563.9			1.0
3564.8			1.0
3565.7			1.0
3566.6			1.0
3567.5			1.0
3568.4			1.0
3569.3			1.0
3570.2			1.0
3571.1			1.0
3572.0			1.0
3572.9			1.0
3573.8			1.0
3574.7			1.0
3575.6			1.0
3576.5			1.0
3577.4			1.0
3578.3			1.0
3579.2			1.0
3580.1			1.0
3581.0			1.0
3581.9			1.0
3582.8			1.0
3583.7			1.0
3584.6			1.0
3585.5			1.0
3586.4			1.0
3587.3			1.0
3588.2			1.0
3589.1			1.0
3590.0			1.0
3590.9			1.0
3591.8			1.0
3592.7			1.0
3593.6			1.0
3594.5			1.0
3595.4			1.0
3596.3			1.0
3597.2			1.0
3598.1			1.0
3599.0			1.0
3599.9			1.0
3600.8			1.0
3601.7			1.0
3602.6			1.0
3603.5			1.0
3604.4			1.0
3605.3			1.0
3606.2			1.0
3607.1			1.0
3608.0			1.0
3608.9			1.0
3609.8			1.0
3610.7			1.0
3611.6			1.0
3612.5			1.0
3613.4			1.0
3614.3			1.0
3615.2			1.0
3616.1			1.0
3617.0			1.0
3617.9			1.0
3618.8			1.0
3619.7			1.0
3620.6			1.0
3621.5			1.0
3622.4			1.0
3623.3			1.0
3624.2			1.0
3625.1			1.0
3626.0			1.0
3626.9			1.0
3627.8			1.0
3628.7			1.0
3629.6			1.0
3630.5			1.0
3631.4			1.0
3632.3			1.0
3633.2			1.0
3634.1			1.0
3635.0			1.0
3635.9			1.0
3636.8			1.0
3637.7			1.0
3638.6			1.0
3639.5			1.0
3640.4			1.0
3641.3			1.0
3642.2			1.0
3643.1			1.0
3644.0			1.0
3644.9			1.0
3645.8			1.0
3646.7			1.0
3647.6			1.0
3648.5			1.0
3649.4			1.0
3650.3			1.0
3651.2			1.0
3652.1			1.0
3653.0			1.0
3653.9			1.0
3654.8			1.0
3655.7			1.0
3656.6			1.0
3657.5			1.0
3658.4			1.0
3659.3			1.0
3660.2			1.0
3661.1			1.0
3662.0			1.0
3662.9			1.0
3663.8			1.0
3664.7			1.0
3665.6			1.0
3666.5			1.0
3667.4			1.0
3668.3			1.0
3669.2			1.0
3670.1			1.0
3671.0			1.0
3671.9			1.0
3672.8			1.0
3673.7			1.0
3674.6			1.0
3675.5			1.0
3676.4			1.0
3677.3			1.0
3678.2			1.0
3679.1			1.0
3680.0			1.0
3680.9			1.0
3681.8			1.0
3682.7			1.0
3683.6			1.0
3684.5			1.0
3685.4			1.0
3686.3			1.0
3687.2			1.0
3688.1			1.0
3689.0			1.0
3689.9			1.0
3690.8			1.0
3691.7			1.0
3692.6			1.0
3693.5			1.0
3694.4			1.0
3695.3			1.0
3696.2			1.0
3697.1			1.0
3698.0			1.0
3698.9			1.0
3699.8			1.0
3700.7			1.0
3701.6			1.0
3702.5			1.0
3703.4			1.0
3704.3			1.0
3705.2			1.0
3706.1			1.0
3707.0			1.0
3707.9			1.0
3708.8			1.0
3709.7			1.0
3710.6			1.0
3711.5			1.0
3712.4			1.0
3713.3			1.0
3714.2			1.0
3715.1			1.0
3716.0			1.0
3716.9			1.0
3717.8			1.0
3718.7			1.0
3719.6			1.0
3720.5			1.0
3721.4			1.0
3722.3			1.0
3723.2			1.0
3724.1			1.0
3725.0			1.0
3725.9			1.0
3726.8			1.0
3727.7			1.0
3728.6			1.0
3729.5			1.0
3730.4			1.0
3731.3			1.0
3732.2			1.0
3733.1			1.0
3734.0			1.0
3734.9			1.0
3735.8			1.0
3736.7			1.0
3737.6			1.0
3738.5			1.0
3739.4			1.0
3740.3			1.0
3741.2			1.0
3742.1			1.0
3743.0			1.0
3743.9			1.0
3744.8			1.0
3745.7			1.0
3746.6			1.0
3747.5			1.0
3748.4			1.0
3749.3			1.0
3750.2			1.0
3751.1			1.0
3752.0			1.0
3752.9			1.0
3753.8			1.0
3754.7			1.0
3755.6			1.0
3756.5			1.0
3757.4			1.0
3758.3			1.0
3759.2			1.0
3760.1			1.0
3761.0			1.0
3761.9			1.0
3762.8			1.0
3763.7			1.0
3764.6			1.0
3765.5			1.0
3766.4			1.0
3767.3			1.0
3768.2			1.0
3769.1			1.0
3770.0			1.0
3770.9			1.0
3771.8			1.0
3772.7			1.0
3773.6			1.0
3774.5			1.0
3775.4			1.0
3776.3			1.0
3777.2			1.0
3778.1			1.0
3779.0			1.0
3779.9			1.0
3780.8			1.0
3781.7			1.0
3782.6			1.0
3783.5			1.0
3784.4			1.0
3785.3			1.0
3786.2			1.0
3787.1			1.0
3788.0			1.0
3788.9			1.0
3789.8			1.0
3790.7			1.0
3791.6			1.0
3792.5			1.0
3793.4			1.0
3794.3			1.0
3795.2			1.0
3796.1			1.0
3797.0			1.0
3797.9			1.0
3798.8			1.0
3799.7			1.0
3800.6			1.0
3801.5			1.0
3802.4			1.0
3803.3			1.0
3804.2			1.0
3805.1			1.0
3806.0			1.0
3806.9			1.0
3807.8			1.0
3808.7			1.0
3809.6			1.0
3810.5			1.0
3811.4			1.0
3812.3			1.0
3813.2			1.0
3814.1			1.0
3815.0			1.0
3815.9			1.0
3816.8			1.0
3817.7			1.0
3818.6			1.0
3819.5			1.0
3820.4			1.0
3821.3			1.0
3822.2			1.0
3823.1			1.0
3824.0			1.0
3824.9			1.0
3825.8			1.0
3826.7			1.0
3827.6			1.0
3828.5			1.0
3829.4			1.0
3830.3			1.0
3831.2			1.0
3832.1			1.0
3833.0			1.0
3833.9			1.0
3834.8			1.0
3835.7			1.0
3836.6			1.0
3837.5			1.0
3838.4			1.0
3839.3			1.0
3840.2			1.0
3841.1			1.0
3842.0			1.0
3842.9			1.0
3843.8			1.0
3844.7			1.0
3845.6			1.0
3846.5			1.0
3847.4			1.0
3848.3			1.0
3849.2			1.0
3850.1			1.0
3851.0			1.0
3851.9			1.0
3852.8			1.0
3853.7			1.0
3854.6			1.0
3855.5			1.0
3856.4			1.0
3857.3			1.0
3858.2			1.0
3859.1			1.0
3860.0			1.0
3860.9			1.0
3861.8			1.0
3862.7			1.0
3863.6			1.0
3864.5			1.0
3865.4			1.0
3866.3			1.0
3867.2			1.0
3868.1			1.0
3869.0			1.0
3869.9			1.0
3870.8			1.0
3871.7			1.0
3872.6			1.0
3873.5			1.0
3874.4			1.0
3875.3			1.0
3876.2			1.0
3877.1			1.0
3878.0			1.0
3878.9			1.0
3879.8			1.0
3880.7			1.0
3881.6			1.0
3882.5			1.0
3883.4			1.0
3884.3			1.0
3885.2			1.0
3886.1			1.0
3887.0			1.0
3887.9			1.0
3888.8			1.0
3889.7			1.0
3890.6			1.0
3891.5			1.0
3892.4			1.0
3893.3			1.0
3894.2			1.0
3895.1			1.0
3896.0			1.0
3896.9			1.0
3897.8			1.0
3898.7			1.0
3899.6			1.0
3900.5			1.0
3901.4			1.0
3902.3			1.0
3903.2			1.0
3904.1			1.0
3905.0			1.0
3905.9			1.0
3906.8			1.0
3907.7			1.0
3908.6			1.0
3909.5			1.0
3910.4			1.0
3911.3			1.0
3912.2			1.0
3913.1			1.0
3914.0			1.0
3914.9			1.0
3915.8			1.0
3916.7			1.0
3917.6			1.0
3918.5			1.0
3919.4			1.0
3920.3			1.0
3921.2			1.0
3922.1			1.0
3923.0			1.0
3923.9			1.0
3924.8			1.0
3925.7			1.0
3926.6			1.0
3927.5			1.0
3928.4			1.0
3929.3			1.0
3930.2			1.0
3931.1			1.0
3932.0			1.0
3932.9			1.0
3933.8			1.0
3934.7			1.0
3935.6			1.0
3936.5			1.0
3937.4			1.0
3938.3			1.0
3939.2			1.0
3940.1			1.0
3941.0			1.0
3941.9			1.0
3942.8			1.0
3943.7			1.0
3944.6			1.0
3945.5			1.0
3946.4			1.0
3947.3			1.0
3948.2			1.0
3949.1			1.0
3950.0			1.0
3950.9			1.0
3951.8			1.0
3952.7			1.0
3953.6			1.0
3954.5			1.0
3955.4			1.0
3956.3			1.0
3957.2			1.0
3958.1			1.0
3959.0			1.0
3959.9			1.0
3960.8			1.0
3961.7			1.0
3962.6			1.0
3963.5			1.0
3964.4			1.0
3965.3			1.0
3966.2			1.0
3967.1			1.0
3968.0			1.0
3968.9			1.0
3969.8			1.0
3970.7			1.0
3971.6			1.0
3972.5			1.0
3973.4			1.0
3974.3			1.0
3975.2			1.0
3976.1			1.0
3977.0			1.0
3977.9			1.0
3978.8			1.0
3979.7			1.0
3980.6			1.0
3981.5			1.0
3982.4			1.0
3983.3			1.0
3984.2			1.0
3985.1			1.0
3986.0			1.0
3986.9			1.0
3987.8			1.0
3988.7			1.0
3989.6			1.0
3990.5			1.0
3991.4			1.0
3992.3			1.0
3993.2			1.0
3994.1			1.0
3995.0			1.0
3995.9			1.0
3996.8			1.0
3997.7			1.0
3998.6			1.0
3999.5			1.0
4000.4			1.0
4001.3			1.0
4002.2			1.0
4003.1			1.0388052185798207
4004.0			0.9738231389592953
4004.9			0.8231801335597283
4005.8			0.7657510904042538
4006.7			0.8352326972267381
4007.6			0.9413552842924854
4008.5			1.0019089138991557
4009.4			1.0
4010.3			1.0
4011.2			1.0
4012.1			1.0
4013.0			1.0
4013.9			1.0
4014.8			1.0
4015.7			1.0
4016.6			1.0
4017.5			1.0
4018.4			1.0
4019.3			1.0
4020.2			1.0
4021.1			1.0
4022.0			1.0
4022.9			1.0
4023.8			1.0
4024.7			1.0
4025.6			1.0
4026.5			1.0
4027.4			1.031332427095758
4028.3			1.0474004088167812
4029.2			1.0067938031515165
4030.1			0.8706153339972502
4031.0			0.7821535660092138
4031.9			0.7748161589748364
4032.8			0.7569904663957494
4033.7			0.7654654060157482
4034.6			0.7963336732261236
4035.5			0.8482015641177837
4036.4			0.925568008148932
4037.3			0.9849871854596897
4038.2			1.0007786477725615
4039.1			1.0
4040.0			1.0
4040.9			1.0
4041.8			1.0
4042.7			1.0518300060129757
4043.6			0.9652980645532274
4044.5			0.7745669102835155
4045.4			0.6154900187314637
4046.3			0.6473746562039355
4047.2			0.8515150878483664
4048.1			1.0007298137555387
4049.0			1.0
4049.9			1.0
4050.8			1.0
4051.7			1.0
4052.6			1.0
4053.5			1.0
4054.4			1.0
4055.3			1.0
4056.2			1.0
4057.1			1.0
4058.0			1.0
4058.9			1.0
4059.8			1.0
4060.7			1.0589596799353633
4061.6			1.0074238999176814
4062.5			0.869651963563819
4063.4			0.7455145317099953
4064.3			0.7927070541014833
4065.2			0.9505691414859339
4066.1			0.9972295938100066
4067.0			1.0
4067.9			1.0
4068.8			1.0
4069.7			1.0
4070.6			1.0
4071.5			1.0
4072.4			1.0
4073.3			1.0
4074.2			1.0
4075.1			0.9549598656440123
4076.0			0.860962398485845
4076.9			0.7685972208063162
4077.8			0.7548094311799424
4078.7			0.822542575264317
4079.6			0.9170332511846646
4080.5			1.0026445395743095
4081.4			1.0
4082.3			1.0
4083.2			1.0
4084.1			1.0
4085.0			1.0
4085.9			1.0
4086.8			1.0
4087.7			1.0
4088.6			1.0
4089.5			1.0
4090.4			1.0
4091.3			1.0
4092.2			1.0
4093.1			1.0
4094.0			1.0
4094.9			1.0
4095.8			1.0
4096.7			0.9648303104405989
4097.6			0.95464812111069
4098.5			0.9499542776685385
4099.4			0.9253386153192196
4100.3			0.8314005538872896
4101.2			0.7069083332583042
4102.1			0.6867269463529971
4103.0			0.7728483491307142
4103.9			0.8545354688587967
4104.8			0.9166988790757713
4105.7			0.9791683187279008
4106.6			1.0083563231801114
4107.5			1.0008861465542496
4108.4			1.0
4109.3			1.0
4110.2			1.0
4111.1			1.0
4112.0			1.0
4112.9			1.0
4113.8			1.0
4114.7			1.0
4115.6			1.0
4116.5			1.0
4117.4			1.0
4118.3			1.0
4119.2			1.0
4120.1			1.0
4121.0			1.0
4121.9			1.0
4122.8			1.0
4123.7			1.0
4124.6			1.0
4125.5			1.0
4126.4			1.0
4127.3			1.0
4128.2			1.0
4129.1			1.0185914711896527
4130.0			1.0227716038281984
4130.9			0.977023976455992
4131.8			0.8720460608837437
4132.7			0.8165939672361416
4133.6			0.8475584650964874
4134.5			0.8674894391047705
4135.4			0.9498285808411926
4136.3			1.002094080024613
4137.2			1.0
4138.1			1.0
4139.0			1.0
4139.9			1.0
4140.8			0.9915706601408697
4141.7			0.947992728232869
4142.6			0.8388721575236889
4143.5			0.7508773660602677
4144.4			0.798144529653766
4145.3			0.9307107711811757
4146.2			1.002799466422351
4147.1			1.0
4148.0			1.0
4148.9			0.9685102985035726
4149.8			0.9283263685400075
4150.7			0.9479307404054867
4151.6			0.9665775253412046
4152.5			0.9508420729034575
4153.4			0.922270383167381
4154.3			0.8782367592308761
4155.2			0.8895289105890686
4156.1			0.9052598676373106
4157.0			0.8918956265021012
4157.9			0.9276629658092722
4158.8			0.9742602267515421
4159.7			1.000552316392786
4160.6			1.0
4161.5			1.0
4162.4			1.0
4163.3			1.0
4164.2			1.0
4165.1			1.0
4166.0			1.0
4166.9			1.0
4167.8			1.0
4168.7			1.0
4169.6			1.0
4170.5			0.9889876858425076
4171.4			0.9268330926607753
4172.3			0.852773224248285
4173.2			0.8401526981818075
4174.1			0.894652047411787
4175.0			0.9525192188669213
4175.9			0.9934412370127694
4176.8			1.0
4177.7			1.0
4178.6			1.0
4179.5			1.0
4180.4			1.0
4181.3			1.0
4182.2			1.0
4183.1			1.0
4184.0			1.0
4184.9			1.045616889955129
4185.8			1.0352553134187874
4186.7			0.9254264210809242
4187.6			0.8435109827569578
4188.5			0.8809544851894032
4189.4			1.0
4190.3			1.0387117346846944
4191.2			1.0072624607658145
4192.1			1.0246046320933984
4193.0			1.0972709581657427
4193.9			1.0960738353258408
4194.8			1.0033407360645243
4195.7			0.9169501024586283
4196.6			0.889201978504984
4197.5			0.861282089975412
4198.4			0.8070307510479316
4199.3			0.8241920471143472
4200.2			0.8720724007074729
4201.1			0.861995492099944
4202.0			0.8289463932689398
4202.9			0.8694040925461749
4203.8			0.9357075511970437
4204.7			0.9618705495520435
4205.6			0.9812637859866369
4206.5			0.9985013619653502
4207.4			1.0
4208.3			1.0
4209.2			1.0
4210.1			1.0
4211.0			1.0
4211.9			1.0
4212.8			1.0
4213.7			0.990627067649898
4214.6			0.9337680796744467
4215.5			0.8439798943150346
4216.4			0.8455967627942822
4217.3			0.919977160800642
4218.2			0.9762894885123602
4219.1			1.001770260924156
4220.0			1.0
4220.9			1.0
4221.8			1.0
4222.7			1.0
4223.6			0.931467903022609
4224.5			0.8434182274655293
4225.4			0.7226886871134341
4226.3			0.5772377390591777
4227.2			0.5572134454659446
4228.1			0.7384394101369425
4229.0			0.9122735369099926
4229.9			1.0
4230.8			1.0305608735211664
4231.7			1.0312041669719538
4232.6			0.9664227462140184
4233.5			0.9095978578715176
4234.4			0.9305647780277252
4235.3			0.8935207133720174
4236.2			0.8201592102516723
4237.1			0.8462209760557516
4238.0			0.89346693921006
4238.9			0.8896738573494891
4239.8			0.8792308933835696
4240.7			0.9364938397305469
4241.6			1.0000901128978998
4242.5			1.0
4243.4			1.0
4244.3			1.0
4245.2			1.0
4246.1			1.0
4247.0			0.9452665947103011
4247.9			0.9068183856807845
4248.8			0.889000414366302
4249.7			0.8536416377436922
4250.6			0.8471883139744257
4251.5			0.9685570272241592
4252.4			1.094481231725555
4253.3			1.0859952110239142
4254.2			1.0015825593380572
4255.1			1.0
4256.0			1.0
4256.9			1.0
4257.8			0.9985825829463504
4258.7			0.8973441160850256
4259.6			0.7868045362100029
4260.5			0.7129190556092715
4261.4			0.7630529637124589
4262.3			0.8993146299110545
4263.2			0.9998191477448668
4264.1			1.0
4265.0			1.0
4265.9			1.0
4266.8			0.97665609361767
4267.7			0.9244845484236413
4268.6			0.8952589475719415
4269.5			0.8637691057259181
4270.4			0.7781662658641773
4271.3			0.667185240488567
4272.2			0.651678107051571
4273.1			0.7433181286965753
4274.0			0.776806209040102
4274.9			0.7706807037703716
4275.8			0.8341447236836022
4276.7			0.9395657146769066
4277.6			1.0007265500681448
4278.5			1.0
4279.4			1.0
4280.3			1.0
4281.2			1.0
4282.1			1.0
4283.0			1.0
4283.9			1.0
4284.8			1.0
4285.7			1.0
4286.6			1.0
4287.5			1.0256796990341668
4288.4			0.9807912638782788
4289.3			0.8720732025275243
4290.2			0.8216118255414775
4291.1			0.8692908601852811
4292.0			1.0
4292.9			1.0673980340429727
4293.8			1.048907709561131
4294.7			1.0135251151565814
4295.6			1.0248060618906967
4296.5			1.006900085170601
4297.4			0.9459265247325698
4298.3			0.8645150729953192
4299.2			0.7496912393211703
4300.1			0.6970913039610156
4301.0			0.7538861595542223
4301.9			0.8003679142593905
4302.8			0.8032914019405936
4303.7			0.8305903187863015
4304.6			0.8602372303581545
4305.5			0.8626211207004516
4306.4			0.8596017390096967
4307.3			0.7979765422923641
4308.2			0.7160724911850951
4309.1			0.7207177160124315
4310.0			0.788716167441178
4310.9			0.860773758993322
4311.8			0.9309503374485515
4312.7			1.0268972464973727
4313.6			1.1439361697823411
4314.5			1.2330257593271887
4315.4			1.3763995543755694
4316.3			1.5699239370710205
4317.2			1.668255386985314
4318.1			1.6537456327740636
4319.0			1.6270331954703758
4319.9			1.6124619228839108
4320.8			1.0
4321.7			0.9780773213486507
4322.6			0.9136512879401361
4323.5			0.7839932124221385
4324.4			0.6725569215528147
4325.3			0.6007967227664475
4326.2			0.6307799138006478
4327.1			0.7726158691549657
4328.0			0.9209138425906654
4328.9			0.9995094887378507
4329.8			1.0
4330.7			1.0
4331.6			1.0
4332.5			1.0
4333.4			1.0
4334.3			1.0
4335.2			1.0073865139339915
4336.1			0.9656740767954257
4337.0			0.8599833334096896
4337.9			0.7627930274310191
4338.8			0.7099754895514523
4339.7			0.6355137026904886
4340.6			0.5978858096821258
4341.5			0.6856445786258611
4342.4			0.8103173229901621
4343.3			0.8601445252192672
4344.2			0.8900308309883405
4345.1			0.9564476817211673
4346.0			0.999731036329332
4346.9			1.0
4347.8			1.0
4348.7			1.0
4349.6			1.0449460735767002
4350.5			0.9883582958189986
4351.4			0.8505027228366823
4352.3			0.7963875580913307
4353.2			0.8900053962704556
4354.1			0.9830100901927
4355.0			1.005447654863319
4355.9			1.0
4356.8			1.0
4357.7			1.0
4358.6			1.0
4359.5			1.0
4360.4			1.0
4361.3			1.0
4362.2			1.0
4363.1			1.0
4364.0			1.0
4364.9			1.0
4365.8			1.0
4366.7			1.0
4367.6			1.0
4368.5			1.0
4369.4			1.0
4370.3			1.0
4371.2			1.0
4372.1			1.010175538839666
4373.0			0.9861002377295105
4373.9			0.9159538329337182
4374.8			0.8604289816405503
4375.7			0.8716206629603502
4376.6			0.9416625668722408
4377.5			0.9996874472967191
4378.4			1.0
4379.3			1.0
4380.2			0.9885796940124087
4381.1			0.9756541193207122
4382.0			0.9127668480113784
4382.9			0.7354097175156389
4383.8			0.5943627112927783
4384.7			0.6473823078626317
4385.6			0.8175380977770914
4386.5			0.9650988716513089
4387.4			1.0023174920828521
4388.3			1.0
4389.2			1.0
4390.1			1.0
4391.0			1.0
4391.9			1.0
4392.8			1.0
4393.7			1.0
4394.6			1.0
4395.5			1.0
4396.4			1.0
4397.3			1.0
4398.2			1.0
4399.1			1.0
4400.0			1.0
4400.9			1.0
4401.8			1.0371587797000212
4402.7			1.081581857799501
4403.6			0.9825804033729411
4404.5			0.8337710020971263
4405.4			0.8319071917791113
4406.3			0.9554154689364075
4407.2			1.002355057201351
4408.1			1.0
4409.0			1.0
4409.9			1.0
4410.8			1.0
4411.7			1.0
4412.6			1.030716779097563
4413.5			1.0043222144015205
4414.4			0.8996899580428999
4415.3			0.8278886430293262
4416.2			0.8712619499796808
4417.1			0.946123011254295
4418.0			0.9978405952929902
4418.9			1.0
4419.8			1.0
4420.7			1.0
4421.6			1.0
4422.5			1.0
4423.4			1.0
4424.3			1.0
4425.2			1.0
4426.1			1.0
4427.0			1.0
4427.9			1.0
4428.8			1.0
4429.7			1.0
4430.6			1.0
4431.5			1.00062057221833
4432.4			1.0020518752705083
4433.3			0.9570078220892636
4434.2			0.8905321442400306
4435.1			0.8395355779930298
4436.0			0.8535074149440277
4436.9			0.91876591349414
4437.8			0.9747922295594362
4438.7			0.9993851735855352
4439.6			1.0
4440.5			1.0
4441.4			1.0
4442.3			1.0
4443.2			1.0
4444.1			1.0
4445.0			1.0
4445.9			1.0
4446.8			0.9683766945669675
4447.7			0.9387021886789207
4448.6			0.9663755409352732
4449.5			0.9884365786073926
4450.4			0.9735098078763106
4451.3			0.9675786432699562
4452.2			0.9768390156153824
4453.1			0.9567500607188015
4454.0			0.8879153493753305
4454.9			0.8110864438354218
4455.8			0.8110989102973243
4456.7			0.8578276369392064
4457.6			0.8812952783364164
4458.5			0.8714666353488034
4459.4			0.868495136232867
4460.3			0.8807171174473449
4461.2			0.85862215005242
4462.1			0.8579078527985294
4463.0			0.9321926618578376
4463.9			0.9945961085797043
4464.8			0.9979064207578672
4465.7			1.0
4466.6			1.0
4467.5			1.0
4468.4			1.0
4469.3			1.0
4470.2			1.0
4471.1			1.0
4472.0			1.0
4472.9			1.0
4473.8			1.0
4474.7			1.0
4475.6			1.0
4476.5			1.0
4477.4			1.0
4478.3			1.00028397065166
4479.2			0.9471078409106527
4480.1			0.8653366395235335
4481.0			0.8155552080998392
4481.9			0.8114954729893465
4482.8			0.8626569873484093
4483.7			0.9346524876073322
4484.6			0.9773409177569374
4485.5			1.001010165865704
4486.4			1.0
4487.3			1.0
4488.2			1.0
4489.1			1.0
4490.0			1.0
4490.9			1.0
4491.8			1.031343973887995
4492.7			1.0528297022716893
4493.6			1.0134965353738006
4494.5			0.9453670589988582
4495.4			0.9331889449871534
4496.3			0.9520701510172832
4497.2			0.9803587054561661
4498.1			1.0045007339762833
4499.0			0.9976563880625952
4499.9			1.0
4500.8			1.0
4501.7			1.0
4502.6			1.0
4503.5			1.0
4504.4			1.0
4505.3			1.0
4506.2			1.0
4507.1			1.0
4508.0			1.0
4508.9			1.0
4509.8			1.0
4510.7			1.0
4511.6			1.0
4512.5			1.0
4513.4			1.0
4514.3			1.0
4515.2			1.0
4516.1			1.0
4517.0			1.0
4517.9			0.9862111996787348
4518.8			1.0011565985913549
4519.7			1.0301066606862055
4520.6			1.0400502930952302
4521.5			1.0461430787190396
4522.4			1.0080815688012328
4523.3			0.9818527992189452
4524.2			0.9845755259356687
4525.1			0.9558880076836445
4526.0			0.9142926108379222
4526.9			0.8728847835113743
4527.8			0.8462691115401839
4528.7			0.8296417784605001
4529.6			0.8461080261231786
4530.5			0.8731451436467849
4531.4			0.8930011705010779
4532.3			0.9276646257401996
4533.2			0.9180697821827071
4534.1			0.8832797977138683
4535.0			0.8679006622828292
4535.9			0.8925827817302567
4536.8			1.0
4537.7			1.062144305092243
4538.6			1.0555306981616077
4539.5			1.022110510275042
4540.4			0.9865594001286041
4541.3			0.9700597319261992
4542.2			0.9958467282180076
4543.1			1.0190933212996964
4544.0			1.0020182496551162
4544.9			0.9606835279557981
4545.8			0.9448453259543397
4546.7			0.9481824995929302
4547.6			0.9470793836603713
4548.5			0.9209353519839792
4549.4			0.8798887303800643
4550.3			0.8871987246175477
4551.2			0.9334627581954827
4552.1			0.9444186928198696
4553.0			0.9311451105086851
4553.9			0.9154215986998319
4554.8			0.8982124611536215
4555.7			0.9008217252876981
4556.6			0.9336320299155824
4557.5			0.9769064129915918
4558.4			0.9917603072453425
4559.3			0.9951204601180119
4560.2			0.9949695938501876
4561.1			0.9989053386415602
4562.0			1.0
4562.9			0.9813965622034432
4563.8			0.9260004330321107
4564.7			0.8844011740551622
4565.6			0.8855433422667585
4566.5			0.9287744075848746
4567.4			0.9806958982688804
4568.3			0.9999791008759384
4569.2			1.0
4570.1			1.0
4571.0			1.0
4571.9			1.0
4572.8			1.0371381405341313
4573.7			1.0758522398511807
4574.6			1.0721846667194161
4575.5			1.065428746726039
4576.4			1.0677607368656201
4577.3			1.0639759897843832
4578.2			1.0399834403667167
4579.1			0.9939170215695661
4580.0			0.9402317472115165
4580.9			0.9075263207268873
4581.8			0.9175988149342517
4582.7			0.9407656247257599
4583.6			0.9388375324688786
4584.5			1.0
4585.4			0.982080956257847
4586.3			0.9819155775495477
4587.2			1.0228187949095522
4588.1			1.069414733201713
4589.0			1.0899159978986348
4589.9			1.0799709511834992
4590.8			1.0482005724170071
4591.7			1.0063206559254978
4592.6			0.9891118111084679
4593.5			1.0079276940980124
4594.4			1.014164197235031
4595.3			0.9876464839620653
4596.2			0.971493201831543
4597.1			0.9738913132070025
4598.0			0.9804223778664288
4598.9			0.9934246111902997
4599.8			0.9801030533991656
4600.7			0.9582029956013087
4601.6			0.9720169347619104
4602.5			0.992664415136659
4603.4			1.0003799280410943
4604.3			0.9896270372943387
4605.2			0.971916029497521
4606.1			0.9823937828909368
4607.0			1.0050884244447236
4607.9			1.0297672948026373
4608.8			1.0582701069743263
4609.7			1.0537955496617686
4610.6			1.0160137766961894
4611.5			0.9870910331070093
4612.4			0.9771283935574503
4613.3			0.9655769571841534
4614.2			0.9828727288722794
4615.1			1.0081908960223847
4616.0			0.9986961303218773
4616.9			1.0
4617.8			1.0
4618.7			1.0
4619.6			1.0
4620.5			1.0
4621.4			1.0
4622.3			1.0
4623.2			1.0
4624.1			1.0
4625.0			1.0
4625.9			1.0
4626.8			1.0
4627.7			1.0
4628.6			1.0
4629.5			1.0
4630.4			1.0
4631.3			1.0
4632.2			1.0
4633.1			1.0
4634.0			1.0
4634.9			1.0
4635.8			1.0
4636.7			1.0
4637.6			1.0
4638.5			1.0
4639.4			1.0
4640.3			1.0
4641.2			1.0
4642.1			1.021406937318368
4643.0			1.0047563701649
4643.9			0.9743590025245027
4644.8			0.9551568421369481
4645.7			0.9210317977422284
4646.6			0.8781333740741334
4647.5			0.86439074041284
4648.4			0.8787611675550167
4649.3			0.9164382682847296
4650.2			0.9593528030237165
4651.1			0.9787189807469734
4652.0			0.9890217603930169
4652.9			0.9995302480311731
4653.8			1.0
4654.7			1.0
4655.6			1.0
4656.5			1.0
4657.4			1.0
4658.3			1.0
4659.2			1.0
4660.1			1.0
4661.0			1.0
4661.9			1.0
4662.8			1.0
4663.7			0.97833170877929
4664.6			0.982666523634482
4665.5			0.9573298949324582
4666.4			0.8692831975113868
4667.3			0.7996984889085599
4668.2			0.8162656694093391
4669.1			0.8913002316111606
4670.0			0.9614199774348136
4670.9			1.0006169640476925
4671.8			1.0
4672.7			1.0
4673.6			1.0
4674.5			1.0
4675.4			1.0
4676.3			1.0
4677.2			1.0
4678.1			1.0
4679.0			1.0
4679.9			1.0
4680.8			1.0
4681.7			1.0
4682.6			1.0
4683.5			1.0
4684.4			1.0
4685.3			1.0
4686.2			1.0
4687.1			1.0
4688.0			1.0
4688.9			1.0
4689.8			1.0
4690.7			1.0
4691.6			1.0
4692.5			1.0
4693.4			1.0
4694.3			1.0
4695.2			1.0
4696.1			1.0
4697.0			0.9904391365275659
4697.9			0.9525741004661941
4698.8			0.9219808074445565
4699.7			0.9334716164373656
4700.6			0.9476299922400157
4701.5			0.9335497013616388
4702.4			0.8979584400918647
4703.3			0.8797236556599819
4704.2			0.93998887377146
4705.1			0.9975233188373762
4706.0			1.0118717158914154
4706.9			0.9919991151313154
4707.8			0.971403009657738
4708.7			0.9785116802072192
4709.6			1.0005441938017972
4710.5			1.0
4711.4			1.0
4712.3			1.0
4713.2			1.0
4714.1			1.0
4715.0			1.0
4715.9			1.0
4716.8			1.0
4717.7			1.0
4718.6			1.0
4719.5			1.0
4720.4			1.0
4721.3			1.0
4722.2			1.0
4723.1			1.0
4724.0			1.019304644739871
4724.9			1.036715080592476
4725.8			1.032366767198732
4726.7			0.988228267642809
4727.6			0.9268307548273921
4728.5			0.9056920786974594
4729.4			0.9067042826558288
4730.3			0.9091523464919872
4731.2			0.9231580783115967
4732.1			0.9512582081380646
4733.0			0.9787529864609299
4733.9			0.9894687467285421
4734.8			1.0005085446915227
4735.7			1.0
4736.6			1.0
4737.5			1.0
4738.4			1.0
4739.3			1.0
4740.2			1.0
4741.1			1.0
4742.0			1.0
4742.9			1.0
4743.8			1.0
4744.7			1.0
4745.6			1.0
4746.5			1.0
4747.4			1.0
4748.3			1.0
4749.2			1.0
4750.1			1.0
4751.0			1.0
4751.9			1.0
4752.8			1.0
4753.7			1.0
4754.6			1.0
4755.5			1.0
4756.4			1.0
4757.3			1.0
4758.2			1.0
4759.1			1.0
4760.0			1.0130474661340907
4760.9			0.9936686693557436
4761.8			0.9485830700425012
4762.7			0.9292547657454502
4763.6			0.9367219384576263
4764.5			0.9274380172203004
4765.4			0.9026929802473446
4766.3			0.8989068089093752
4767.2			0.9334206760953383
4768.1			0.9757284797768935
4769.0			1.0108888034018841
4769.9			1.0354895726152593
4770.8			1.016488295525559
4771.7			0.9902133679037223
4772.6			0.9998900279393511
4773.5			1.0
4774.4			1.0
4775.3			1.0
4776.2			1.0
4777.1			1.0
4778.0			1.01376277766478
4778.9			1.0028666110898603
4779.8			0.9912218653566961
4780.7			0.998417363302963
4781.6			0.9980082581221354
4782.5			0.9634137594387532
4783.4			0.9301256450334439
4784.3			0.9393131784634662
4785.2			0.9490749501802654
4786.1			0.9153569261217606
4787.0			0.8997538587710888
4787.9			0.9215307593206048
4788.8			0.9213274609950987
4789.7			0.9120726781028868
4790.6			0.9268268290838139
4791.5			0.940011056312651
4792.4			0.944821453272607
4793.3			0.9669036860910598
4794.2			0.998262200769265
4795.1			1.0
4796.0			0.9967205501234273
4796.9			0.9839694030370636
4797.8			0.9570165539046627
4798.7			0.9277611929277616
4799.6			0.9166360623656569
4800.5			0.927573308475141
4801.4			0.9595639261229872
4802.3			0.991097765758927
4803.2			1.0029575474912888
4804.1			1.0
4805.0			1.0
4805.9			1.0
4806.8			1.0
4807.7			1.0
4808.6			1.0
4809.5			1.0
4810.4			1.0
4811.3			1.0
4812.2			1.0
4813.1			1.0
4814.0			1.0
4814.9			1.0
4815.8			1.0
4816.7			1.0
4817.6			1.0
4818.5			1.0
4819.4			1.0
4820.3			1.0
4821.2			1.0
4822.1			1.0
4823.0			1.0
4823.9			1.0
4824.8			1.0
4825.7			1.0
4826.6			1.0
4827.5			1.0
4828.4			1.0
4829.3			1.0
4830.2			1.0
4831.1			1.0
4832.0			1.0
4832.9			1.0
4833.8			1.0
4834.7			1.0
4835.6			1.0
4836.5			1.0
4837.4			1.0
4838.3			1.0
4839.2			1.0
4840.1			1.0
4841.0			1.0
4841.9			1.0
4842.8			1.0
4843.7			1.0
4844.6			1.0
4845.5			1.0
4846.4			1.0
4847.3			1.0
4848.2			1.0
4849.1			1.0
4850.0			1.0
4850.9			1.0
4851.8			1.0
4852.7			1.0
4853.6			1.0
4854.5			1.0
4855.4			1.0
4856.3			0.9925083256394049
4857.2			1.0124357975494251
4858.1			0.9907652064456831
4859.0			0.9098543097071903
4859.9			0.7851684108112542
4860.8			0.6632742769571328
4861.7			0.6502008876737958
4862.6			0.7611553194062946
4863.5			0.8607846555699824
4864.4			0.9141287317573139
4865.3			0.9552222980689099
4866.2			0.9813233174231847
4867.1			0.9953520464403603
4868.0			1.0
4868.9			1.0
4869.8			0.9809090033667354
4870.7			0.9070670563745888
4871.6			0.854691390470433
4872.5			0.9049785098636148
4873.4			0.9920071024373937
4874.3			1.0
4875.2			1.0
4876.1			1.0
4877.0			1.0
4877.9			1.0
4878.8			1.0
4879.7			1.0
4880.6			1.0
4881.5			1.0
4882.4			1.0
4883.3			1.0
4884.2			1.0
4885.1			1.0
4886.0			1.0
4886.9			1.0
4887.8			1.0
4888.7			0.9863391646783568
4889.6			0.9541642299388917
4890.5			0.8662764322521536
4891.4			0.8142925821273219
4892.3			0.8829152821532276
4893.2			0.9691184232212452
4894.1			1.0093349211640754
4895.0			1.0
4895.9			1.0
4896.8			1.0
4897.7			1.0
4898.6			1.0
4899.5			1.0
4900.4			1.0
4901.3			1.0
4902.2			1.0
4903.1			1.0
4904.0			1.0
4904.9			1.0
4905.8			1.0
4906.7			1.0076160124913538
4907.6			0.9864504372109605
4908.5			0.9575404614742027
4909.4			0.9145906271808155
4910.3			0.8787086521880648
4911.2			0.8972787701877659
4912.1			0.9451844425479878
4913.0			0.9830152467569907
4913.9			1.0034541933008283
4914.8			1.0
4915.7			1.0
4916.6			0.985328610137543
4917.5			0.9281290855766113
4918.4			0.8440051060866021
4919.3			0.7887691606537963
4920.2			0.7798027261932096
4921.1			0.8411234079360091
4922.0			0.939578909197219
4922.9			0.991185582887001
4923.8			0.9921430678264286
4924.7			1.0
4925.6			1.0
4926.5			1.0
4927.4			1.0
4928.3			1.0
4929.2			1.0
4930.1			1.0
4931.0			1.0
4931.9			1.0
4932.8			1.0
4933.7			1.0
4934.6			1.0
4935.5			1.0285322751321273
4936.4			1.0032795366374003
4937.3			0.9394841153986642
4938.2			0.8786319138341608
4939.1			0.8589839156295456
4940.0			0.9055896488766909
4940.9			0.9740004981848719
4941.8			0.996195799741914
4942.7			0.9906363015259788
4943.6			1.0
4944.5			1.0
4945.4			1.0
4946.3			1.0
4947.2			1.0
4948.1			1.0
4949.0			1.0
4949.9			1.0
4950.8			1.0
4951.7			1.0
4952.6			1.0
4953.5			1.0
4954.4			1.0
4955.3			1.0
4956.2			0.9277394053148886
4957.1			0.797755835963442
4958.0			0.7747419236649326
4958.9			0.9039606761514749
4959.8			1.0029300524342069
4960.7			1.0
4961.6			1.0
4962.5			1.0
4963.4			1.0
4964.3			1.0
4965.2			1.0
4966.1			1.0
4967.0			1.0
4967.9			1.0
4968.8			1.0
4969.7			1.0
4970.6			1.0
4971.5			1.0
4972.4			1.0
4973.3			1.0
4974.2			1.0
4975.1			1.0
4976.0			1.0
4976.9			1.0
4977.8			1.0
4978.7			0.9667845939902028
4979.6			0.9619080234124034
4980.5			0.9601789410655722
4981.4			0.9321610369712231
4982.3			0.8585661281271956
4983.2			0.8094887828897259
4984.1			0.8237292752655562
4985.0			0.861096068160979
4985.9			0.898949825285309
4986.8			0.9653740751474698
4987.7			0.9974289549327934
4988.6			1.0
4989.5			1.0
4990.4			1.0
4991.3			1.0
4992.2			1.0
4993.1			1.0
4994.0			1.0
4994.9			1.0
4995.8			1.0
4996.7			1.0
4997.6			1.0
4998.5			1.0
4999.4			1.0
5000.3			1.0
5001.2			1.0
5002.1			1.0
5003.0			1.006812209083207
5003.9			1.007960185241549
5004.8			0.9665662484910049
5005.7			0.8985825963874053
5006.6			0.878142358819619
5007.5			0.9364737968995387
5008.4			1.0064200941390598
5009.3			1.021107565889907
5010.2			0.9971973176186668
5011.1			1.0
5012.0			1.0
5012.9			1.0
5013.8			1.0
5014.7			1.0
5015.6			1.0
5016.5			1.0
5017.4			1.0
5018.3			1.0
5019.2			1.0
5020.1			1.0
5021.0			1.0
5021.9			1.0
5022.8			1.0
5023.7			1.0
5024.6			1.0
5025.5			1.0
5026.4			1.0
5027.3			1.0
5028.2			1.0
5029.1			1.0
5030.0			1.0
5030.9			1.0
5031.8			1.0
5032.7			1.0
5033.6			1.0
5034.5			1.0
5035.4			1.0
5036.3			1.0
5037.2			1.0288606443773345
5038.1			1.0222922032580635
5039.0			0.9682231546355453
5039.9			0.9045815656275703
5040.8			0.8348080243885267
5041.7			0.8276964584131955
5042.6			0.9128920512320301
5043.5			0.9843669410578212
5044.4			1.0056506807929777
5045.3			1.0
5046.2			1.0
5047.1			1.0
5048.0			1.0
5048.9			1.0
5049.8			1.0
5050.7			1.0
5051.6			1.0
5052.5			1.0
5053.4			1.0
5054.3			1.0
5055.2			1.0
5056.1			1.0
5057.0			1.0
5057.9			1.0
5058.8			1.0
5059.7			1.0
5060.6			1.0
5061.5			1.0
5062.4			1.0
5063.3			1.0
5064.2			1.0
5065.1			1.0
5066.0			1.0
5066.9			1.0
5067.8			1.0
5068.7			1.0
5069.6			1.0
5070.5			1.0
5071.4			1.0
5072.3			1.0
5073.2			1.0
5074.1			1.0
5075.0			0.986426871298793
5075.9			0.9958969073155309
5076.8			1.0224978864914662
5077.7			1.0188268354915555
5078.6			0.9473539380081304
5079.5			0.8650661468172831
5080.4			0.852497660491957
5081.3			0.9006398428995411
5082.2			0.9431235584076114
5083.1			0.9413144942564311
5084.0			0.9433009763253696
5084.9			0.9752666147413366
5085.8			0.9986693896411825
5086.7			1.0
5087.6			1.0
5088.5			1.0
5089.4			1.0
5090.3			1.0
5091.2			1.0
5092.1			1.0
5093.0			1.0
5093.9			1.0
5094.8			1.0
5095.7			0.983590406973452
5096.6			0.9431932629603587
5097.5			0.8881399748691862
5098.4			0.8498045085184048
5099.3			0.8486974869752694
5100.2			0.9116692287885709
5101.1			0.9802193712346963
5102.0			1.0085760347804702
5102.9			1.0008932271298736
5103.8			1.0
5104.7			1.0
5105.6			1.0
5106.5			1.0
5107.4			1.0
5108.3			1.0
5109.2			1.0
5110.1			1.0
5111.0			1.0
5111.9			1.0
5112.8			1.0
5113.7			1.0
5114.6			1.0
5115.5			1.0
5116.4			1.0
5117.3			1.0
5118.2			1.0
5119.1			1.0
5120.0			1.0
5120.9			1.0
5121.8			1.0
5122.7			1.0
5123.6			1.0
5124.5			1.0
5125.4			1.0
5126.3			1.0
5127.2			1.0
5128.1			1.0
5129.0			1.0
5129.9			1.0
5130.8			1.0
5131.7			1.0
5132.6			0.9975632863607249
5133.5			0.9910017170182581
5134.4			1.0035844651929138
5135.3			1.0250019222982827
5136.2			1.0046716177161603
5137.1			0.9631698397218552
5138.0			0.9372118586799316
5138.9			0.914873078387646
5139.8			0.9185024233931526
5140.7			0.9671289857134026
5141.6			0.965412913486605
5142.5			0.9312207166006881
5143.4			0.9532042899258155
5144.3			1.0001809499972274
5145.2			0.9997626381452112
5146.1			1.0
5147.0			1.0
5147.9			1.0
5148.8			1.0
5149.7			1.0
5150.6			1.0
5151.5			1.0
5152.4			1.0
5153.3			1.0
5154.2			1.0
5155.1			1.0
5156.0			1.0
5156.9			1.0
5157.8			1.0
5158.7			1.0
5159.6			1.0
5160.5			1.0
5161.4			1.0
5162.3			1.0
5163.2			1.0
5164.1			1.0
5165.0			1.0
5165.9			1.0
5166.8			1.0
5167.7			1.0
5168.6			1.0
5169.5			1.0976148633958789
5170.4			1.1097250372161866
5171.3			0.9546288278851243
5172.2			0.7666685314818305
5173.1			0.7439685523522567
5174.0			0.8875235321491648
5174.9			1.023625571027597
5175.8			1.0
5176.7			1.0
5177.6			1.0
5178.5			1.0
5179.4			1.0
5180.3			1.0
5181.2			0.9418954322809343
5182.1			0.8181167881382603
5183.0			0.661500668742012
5183.9			0.6091923924169892
5184.8			0.7316512460906051
5185.7			0.9001127467217146
5186.6			0.9968200277244988
5187.5			1.0
5188.4			1.0
5189.3			1.0
5190.2			1.0
5191.1			1.0
5192.0			1.0
5192.9			1.0
5193.8			1.0
5194.7			1.0
5195.6			1.0
5196.5			1.0
5197.4			1.0
5198.3			1.0
5199.2			1.0
5200.1			1.0
5201.0			1.0
5201.9			1.0
5202.8			0.9871214086615
5203.7			0.9711069507712133
5204.6			0.9215548098325154
5205.5			0.8841209034644983
5206.4			0.889594134314816
5207.3			0.8979438068675927
5208.2			0.8783978966002841
5209.1			0.8914045370822423
5210.0			0.9476274343657743
5210.9			0.984517343504744
5211.8			1.0040036087420734
5212.7			1.0131366448967616
5213.6			1.0000052558159993
5214.5			1.0
5215.4			1.0
5216.3			1.0
5217.2			1.0
5218.1			1.0
5219.0			1.0
5219.9			1.0
5220.8			1.0
5221.7			1.0
5222.6			1.0
5223.5			0.9813031868311782
5224.4			0.9461251438223577
5225.3			0.8905523264591655
5226.2			0.8234049075237743
5227.1			0.7978071033463068
5228.0			0.8614381361610379
5228.9			0.9459191717000236
5229.8			0.9846215171547441
5230.7			1.002542133316396
5231.6			1.0
5232.5			1.0
5233.4			1.0
5234.3			1.0
5235.2			1.0
5236.1			1.0
5237.0			1.0
5237.9			1.0
5238.8			1.0
5239.7			1.0
5240.6			1.0
5241.5			1.0
5242.4			1.0
5243.3			1.0
5244.2			1.0
5245.1			1.0
5246.0			1.0
5246.9			1.0
5247.8			1.0
5248.7			1.0
5249.6			1.0
5250.5			1.0
5251.4			1.0
5252.3			1.0
5253.2			1.0
5254.1			1.0
5255.0			1.0
5255.9			1.0
5256.8			1.0
5257.7			1.0
5258.6			1.0
5259.5			1.0
5260.4			1.0
5261.3			0.9479170924556767
5262.2			0.8893770175172163
5263.1			0.8457836841880065
5264.0			0.8166177137726096
5264.9			0.793774107967532
5265.8			0.7796588208166043
5266.7			0.8090210326282468
5267.6			0.8610005667006657
5268.5			0.8345290256342421
5269.4			0.7488547740438511
5270.3			0.7427238438287797
5271.2			0.8396259603848651
5272.1			0.9158855656384421
5273.0			0.9186292231633708
5273.9			0.9024490561626181
5274.8			0.8852385939590843
5275.7			0.8809177735791944
5276.6			0.9325779651983497
5277.5			0.9962442409048063
5278.4			1.0145213391728198
5279.3			1.0
5280.2			0.9688793133883858
5281.1			0.936047508520237
5282.0			0.9103985841329791
5282.9			0.886820569413237
5283.8			0.87497431244412
5284.7			0.9117665537964543
5285.6			0.9766163787956408
5286.5			1.0075110946778036
5287.4			1.0008426731957512
5288.3			1.0
5289.2			1.0
5290.1			1.0
5291.0			1.0
5291.9			1.0
5292.8			1.0
5293.7			1.0
5294.6			1.0
5295.5			0.9893598158962901
5296.4			0.9493315820094793
5297.3			0.8973342369346722
5298.2			0.8836583178188168
5299.1			0.9358411896944135
5300.0			0.9922095763759556
5300.9			0.994830511824362
5301.8			1.0
5302.7			1.0
5303.6			1.0
5304.5			1.0
5305.4			1.0
5306.3			1.0
5307.2			1.0
5308.1			1.0
5309.0			1.0
5309.9			1.0
5310.8			1.0
5311.7			1.0
5312.6			1.0
5313.5			1.0
5314.4			1.0
5315.3			1.0
5316.2			1.0
5317.1			1.0
5318.0			1.0
5318.9			1.0
5319.8			1.0
5320.7			1.0
5321.6			1.0
5322.5			1.0
5323.4			1.0
5324.3			1.0
5325.2			1.0100986429896617
5326.1			1.0203820239420711
5327.0			0.9511875525904164
5327.9			0.8411223114301577
5328.8			0.821742988568258
5329.7			0.9121811009153559
5330.6			0.99504721127434
5331.5			1.0138507365100349
5332.4			0.9904516485308903
5333.3			1.0
5334.2			1.0
5335.1			1.0
5336.0			1.0
5336.9			1.0
5337.8			0.9949148004052591
5338.7			0.9757635716754045
5339.6			0.9258693597856433
5340.5			0.892208886168084
5341.4			0.9202402193416257
5342.3			0.97304362190387
5343.2			1.0004623191952944
5344.1			1.0
5345.0			1.0
5345.9			1.0
5346.8			1.0
5347.7			1.0
5348.6			1.0
5349.5			1.0
5350.4			1.0
5351.3			1.0
5352.2			1.0
5353.1			1.0
5354.0			1.0
5354.9			1.0
5355.8			1.0
5356.7			1.0
5357.6			1.0
5358.5			1.0
5359.4			1.0
5360.3			1.0
5361.2			1.0
5362.1			1.0
5363.0			1.0
5363.9			1.0
5364.8			1.0
5365.7			1.0
5366.6			1.0
5367.5			0.9873802234453208
5368.4			0.9700508124659223
5369.3			0.9365449836470681
5370.2			0.8889548457719103
5371.1			0.8673753567181774
5372.0			0.8986476064268216
5372.9			0.9573846936374244
5373.8			0.9913772562190512
5374.7			1.0020082277951334
5375.6			1.0
5376.5			1.0
5377.4			1.0
5378.3			1.0
5379.2			1.0
5380.1			1.0
5381.0			1.0
5381.9			1.0
5382.8			1.0
5383.7			1.0
5384.6			1.0
5385.5			1.0
5386.4			1.0
5387.3			1.0
5388.2			1.0
5389.1			1.0
5390.0			1.0
5390.9			1.0
5391.8			1.0
5392.7			1.0
5393.6			1.0
5394.5			1.0
5395.4			1.0
5396.3			1.0
5397.2			1.0
5398.1			1.0
5399.0			1.0
5399.9			1.0
5400.8			1.0
5401.7			1.0182066632554918
5402.6			1.0155667172608973
5403.5			0.9606292221429886
5404.4			0.8975954645314325
5405.3			0.8777570663583957
5406.2			0.9076550353908716
5407.1			0.9652091133532471
5408.0			1.0068668505914047
5408.9			0.9982049123673657
5409.8			1.0
5410.7			1.0
5411.6			1.0
5412.5			1.0
5413.4			1.0
5414.3			1.0
5415.2			1.0
5416.1			1.0
5417.0			1.0
5417.9			1.0
5418.8			1.0
5419.7			1.0
5420.6			1.0
5421.5			1.0
5422.4			1.0
5423.3			1.0
5424.2			1.0
5425.1			1.0
5426.0			1.0
5426.9			1.0364982646861742
5427.8			1.0224868102329168
5428.7			0.962236873670713
5429.6			0.9126908226606196
5430.5			0.9419360373407504
5431.4			0.9978031366329422
5432.3			1.0036716638952992
5433.2			1.0
5434.1			1.0
5435.0			1.0
5435.9			1.0
5436.8			1.0
5437.7			1.0
5438.6			1.0
5439.5			1.0
5440.4			1.0
5441.3			1.0
5442.2			1.0
5443.1			1.0
5444.0			0.9736337679593401
5444.9			0.9312204461318921
5445.8			0.8887534831969006
5446.7			0.8647382137782802
5447.6			0.8970943739434951
5448.5			0.9606693376430154
5449.4			1.0002819033696448
5450.3			1.0
5451.2			1.0
5452.1			1.0
5453.0			0.9864532636882286
5453.9			0.9572276063168885
5454.8			0.904121651696166
5455.7			0.8758141414090703
5456.6			0.9156517668002128
5457.5			0.9717273510628981
5458.4			0.9982320845922997
5459.3			1.0
5460.2			1.0
5461.1			1.0
5462.0			1.0
5462.9			1.0
5463.8			1.0
5464.7			1.0
5465.6			1.0
5466.5			1.0
5467.4			1.0
5468.3			1.0
5469.2			1.0
5470.1			1.0
5471.0			1.0
5471.9			1.0
5472.8			1.0
5473.7			0.9858584365641844
5474.6			0.9823164321685747
5475.5			0.9467852221303161
5476.4			0.888039905884184
5477.3			0.8901400043927873
5478.2			0.9533168180016152
5479.1			0.9997575527817
5480.0			1.0
5480.9			1.0
5481.8			1.0
5482.7			1.0
5483.6			1.0
5484.5			1.0
5485.4			1.0
5486.3			1.0
5487.2			1.0
5488.1			1.0
5489.0			1.0
5489.9			1.0
5490.8			1.0
5491.7			1.0
5492.6			1.0
5493.5			1.0
5494.4			1.0
5495.3			1.0
5496.2			1.0
5497.1			1.0
5498.0			1.0
5498.9			1.0
5499.8			1.0
5500.7			1.0
5501.6			1.0
5502.5			1.0
5503.4			1.0
5504.3			1.0
5505.2			1.0
5506.1			1.0
5507.0			1.0
5507.9			1.0
5508.8			1.0
5509.7			1.0
5510.6			1.0
5511.5			1.0
5512.4			1.0
5513.3			1.0
5514.2			1.0
5515.1			1.0
5516.0			1.0
5516.9			1.0
5517.8			1.0
5518.7			1.0
5519.6			1.0
5520.5			1.0
5521.4			1.0
5522.3			1.0
5523.2			1.0
5524.1			1.0
5525.0			0.9898825673361648
5525.9			0.9718191774393656
5526.8			0.9423470955726794
5527.7			0.9010870570390969
5528.6			0.890103347510169
5529.5			0.9366796159909614
5530.4			0.9875107409909779
5531.3			1.003451128507968
5532.2			1.000925815024926
5533.1			1.0
5534.0			1.0
5534.9			1.0
5535.8			1.0
5536.7			1.0
5537.6			1.0
5538.5			1.0
5539.4			1.0
5540.3			1.0
5541.2			1.0
5542.1			1.0
5543.0			1.0
5543.9			1.0
5544.8			1.0
5545.7			1.0
5546.6			1.0
5547.5			1.0
5548.4			1.0
5549.3			1.0
5550.200000000001			1.0
5551.1			1.0
5552.0			1.0
5552.9			1.0
5553.8			1.0
5554.700000000001			1.0
5555.6			1.0
5556.5			1.0
5557.4			1.0
5558.3			1.0
5559.200000000001			1.0
5560.1			1.0
5561.0			1.0
5561.9			1.0
5562.8			1.0
5563.700000000001			1.0
5564.6			1.0
5565.5			1.0
5566.4			1.0
5567.3			1.0
5568.200000000001			1.0
5569.1			1.0
5570.0			1.0
5570.9			1.0
5571.8			1.0
5572.700000000001			1.0
5573.6			1.0
5574.5			1.0
5575.4			1.0
5576.3			1.0
5577.200000000001			1.0
5578.1			1.0
5579.0			1.0
5579.9			1.0
5580.8			1.0
5581.700000000001			0.9885603366948458
5582.6			0.9898584444525473
5583.5			1.0019307642083908
5584.4			0.9971257382629296
5585.3			0.9646008607854284
5586.200000000001			0.9137237180064253
5587.1			0.8824799076217088
5588.0			0.886188689441709
5588.9			0.9065038560479914
5589.8			0.942738049750181
5590.700000000001			0.9819396149280548
5591.6			1.0010436166279033
5592.5			1.0012153080359028
5593.4			1.0
5594.3			1.0
5595.200000000001			1.0
5596.1			1.0
5597.0			1.0
5597.9			1.0
5598.8			1.0
5599.700000000001			1.0
5600.6			1.0
5601.5			1.0
5602.4			1.0
5603.3			1.0
5604.200000000001			1.0
5605.1			1.0
5606.0			1.0
5606.9			1.0
5607.8			1.0
5608.700000000001			1.0
5609.6			1.0
5610.5			1.0
5611.4			1.0
5612.3			1.0
5613.200000000001			0.9887366580321311
5614.1			0.9343134824991169
5615.0			0.8578402615769248
5615.9			0.8470659426402075
5616.8			0.9149073921451764
5617.700000000001			0.9794682405338951
5618.6			1.003087692839028
5619.5			1.0
5620.4			1.0
5621.3			1.0
5622.200000000001			1.0
5623.1			1.0
5624.0			1.0
5624.9			1.0
5625.8			1.0
5626.700000000001			1.0
5627.6			1.0
5628.5			1.0
5629.4			1.0
5630.3			1.0
5631.200000000001			1.0
5632.1			1.0
5633.0			1.0
5633.9			1.0
5634.8			1.0
5635.700000000001			1.0
5636.6			1.0
5637.5			1.0
5638.4			1.0
5639.3			1.0
5640.200000000001			1.0
5641.1			1.0
5642.0			1.0
5642.9			1.0
5643.8			1.0
5644.700000000001			1.0
5645.6			1.0
5646.5			1.0
5647.4			1.0
5648.3			1.0
5649.200000000001			1.0
5650.1			1.0
5651.0			1.0
5651.9			1.0
5652.8			1.0
5653.700000000001			1.0
5654.6			1.0
5655.5			1.0
5656.4			1.0316356009492693
5657.3			1.004955060810195
5658.200000000001			0.9411358651007622
5659.1			0.93818256850079
5660.0			0.9908609283189594
5660.9			1.012721794061625
5661.8			1.000240091851593
5662.700000000001			1.0
5663.6			1.0
5664.5			1.0
5665.4			1.0
5666.3			1.0
5667.200000000001			1.0
5668.1			1.0
5669.0			1.0
5669.9			1.0
5670.8			1.0
5671.700000000001			1.0
5672.6			1.0
5673.5			1.0
5674.4			1.0
5675.3			1.0
5676.200000000001			1.0
5677.1			1.0
5678.0			1.0
5678.9			1.0
5679.8			1.0
5680.700000000001			1.0
5681.6			1.0
5682.5			1.0
5683.4			1.0
5684.3			1.0
5685.200000000001			1.0
5686.1			1.0
5687.0			1.0
5687.9			1.0
5688.8			1.0
5689.700000000001			1.0
5690.6			1.0
5691.5			1.0
5692.4			1.0
5693.3			1.0
5694.200000000001			1.0
5695.1			1.0
5696.0			1.0
5696.9			1.0
5697.8			1.0
5698.700000000001			1.0
5699.6			1.0
5700.5			1.0
5701.4			1.0
5702.3			0.998883427566633
5703.200000000001			1.0122115784944385
5704.1			1.0180014188103668
5705.0			1.0031421601422879
5705.9			0.9788897355489203
5706.8			0.9669144708503633
5707.700000000001			0.9527927465360728
5708.6			0.9232634705937034
5709.5			0.9139257026603861
5710.4			0.924013968512945
5711.3			0.9263359280115019
5712.200000000001			0.9401731114425955
5713.1			0.9776622322171483
5714.0			0.9986525290816746
5714.9			0.9946188305469749
5715.8			0.995590378046286
5716.700000000001			1.0002446269915477
5717.6			1.0
5718.5			1.0
5719.4			1.0
5720.3			1.0
5721.200000000001			1.0
5722.1			1.0
5723.0			1.0
5723.9			1.0
5724.8			1.0
5725.700000000001			1.0
5726.6			1.0
5727.5			1.0
5728.4			1.0
5729.3			1.0
5730.200000000001			1.0
5731.1			1.0
5732.0			1.0
5732.9			1.0
5733.8			1.0
5734.700000000001			1.0
5735.6			1.0
5736.5			1.0
5737.4			1.0
5738.3			1.0
5739.200000000001			1.0
5740.1			1.0
5741.0			1.0
5741.9			1.0
5742.8			1.0
5743.700000000001			1.0
5744.6			1.0
5745.5			1.0
5746.4			1.0
5747.3			1.0
5748.200000000001			1.0
5749.1			1.0
5750.0			1.0
5750.9			1.0
5751.8			1.0
5752.700000000001			1.0
5753.6			1.0
5754.5			1.0
5755.4			1.0
5756.3			1.0
5757.200000000001			1.0
5758.1			1.0
5759.0			1.0
5759.9			1.0
5760.8			1.0
5761.700000000001			1.0
5762.6			1.0
5763.5			1.0
5764.4			1.0
5765.3			1.0
5766.200000000001			1.0
5767.1			1.0
5768.0			1.0
5768.9			1.0
5769.8			1.0
5770.700000000001			1.0
5771.6			1.0
5772.5			1.0
5773.4			1.0
5774.3			1.0
5775.200000000001			1.0
5776.1			1.0
5777.0			1.0
5777.9			1.0
5778.8			1.0
5779.700000000001			1.0
5780.6			1.0
5781.5			1.0
5782.4			1.0
5783.3			1.0
5784.200000000001			1.0
5785.1			1.0
5786.0			1.0
5786.9			1.0
5787.8			1.0
5788.700000000001			1.0
5789.6			1.0
5790.5			1.0
5791.4			1.0
5792.3			1.0
5793.200000000001			1.0
5794.1			1.0
5795.0			1.0
5795.9			1.0
5796.8			1.0
5797.700000000001			1.0
5798.6			1.0
5799.5			1.0
5800.4			1.0
5801.3			1.0
5802.200000000001			1.0
5803.1			1.0
5804.0			1.0
5804.9			1.0
5805.8			1.0
5806.700000000001			1.0
5807.6			1.0
5808.5			1.0
5809.4			1.0
5810.3			1.0
5811.200000000001			1.0
5812.1			1.0
5813.0			1.0
5813.9			1.0
5814.8			1.0
5815.700000000001			1.0
5816.6			1.0
5817.5			1.0
5818.4			1.0
5819.3			1.0
5820.200000000001			1.0
5821.1			1.0
5822.0			1.0
5822.9			1.0
5823.8			1.0
5824.700000000001			1.0
5825.6			1.0
5826.5			1.0
5827.4			1.0
5828.3			1.0
5829.200000000001			1.0
5830.1			1.0
5831.0			1.0
5831.9			1.0
5832.8			1.0
5833.700000000001			1.0
5834.6			1.0
5835.5			1.0
5836.4			1.0
5837.3			1.0
5838.200000000001			1.0
5839.1			1.0
5840.0			1.0
5840.9			1.0
5841.8			1.0
5842.700000000001			1.0
5843.6			1.0
5844.5			1.0
5845.4			1.0
5846.3			1.0
5847.200000000001			1.0
5848.1			1.0
5849.0			1.0
5849.9			1.0
5850.8			1.0
5851.700000000001			1.0
5852.6			1.0
5853.5			1.0
5854.4			1.0
5855.3			1.0
5856.200000000001			1.0
5857.1			1.0
5858.0			1.0
5858.9			1.0
5859.8			1.0
5860.700000000001			1.0
5861.6			1.0
5862.5			1.0
5863.4			1.0
5864.3			1.0
5865.200000000001			1.0
5866.1			1.0
5867.0			1.0
5867.9			1.0
5868.8			1.0
5869.700000000001			1.0
5870.6			1.0
5871.5			1.0
5872.4			1.0
5873.3			1.0
5874.200000000001			1.0
5875.1			1.0
5876.0			1.0
5876.9			1.0
5877.8			1.0
5878.700000000001			1.0
5879.6			1.0
5880.5			1.0
5881.4			1.0
5882.3			1.0
5883.200000000001			1.0
5884.1			1.0
5885.0			1.0
5885.9			1.0
5886.8			1.0
5887.700000000001			0.9691963502750033
5888.6			0.8856764006759432
5889.5			0.7757824824198107
5890.4			0.7536046358998826
5891.3			0.8500622378228567
5892.200000000001			0.950544683345195
5893.1			0.9963637851736191
5894.0			1.0
5894.9			1.0
5895.8			1.0
5896.700000000001			1.0
5897.6			1.0
5898.5			1.0
5899.4			1.0
5900.3			1.0
5901.200000000001			1.0
5902.1			1.0
5903.0			1.0
5903.9			1.0
5904.8			1.0
5905.700000000001			1.0
5906.6			1.0
5907.5			1.0
5908.4			1.0
5909.3			1.0
5910.200000000001			1.0
5911.1			1.0
5912.0			1.0
5912.9			1.0
5913.8			1.0
5914.700000000001			1.0
5915.6			1.0
5916.5			1.0
5917.4			1.0
5918.3			1.0
5919.200000000001			1.0
5920.1			1.0
5921.0			1.0
5921.9			1.0
5922.8			1.0
5923.700000000001			1.0
5924.6			1.0
5925.5			1.0
5926.4			1.0
5927.3			1.0
5928.200000000001			1.0
5929.1			1.0
5930.0			1.0
5930.9			1.0
5931.8			1.0
5932.700000000001			1.0
5933.6			1.0
5934.5			1.0
5935.4			1.0
5936.3			1.0
5937.200000000001			1.0
5938.1			1.0
5939.0			1.0
5939.9			1.0
5940.8			1.0
5941.700000000001			1.0
5942.6			1.0
5943.5			1.0
5944.4			1.0
5945.3			1.0
5946.200000000001			1.0
5947.1			1.0
5948.0			1.0
5948.9			1.0
5949.8			1.0
5950.700000000001			1.0
5951.6			1.0
5952.5			1.0
5953.4			1.0
5954.3			1.0
5955.200000000001			1.0
5956.1			1.0
5957.0			1.0
5957.9			1.0
5958.8			1.0
5959.700000000001			1.0
5960.6			1.0
5961.5			1.0
5962.4			1.0
5963.3			1.0
5964.200000000001			1.0
5965.1			1.0
5966.0			1.0
5966.9			1.0
5967.8			1.0
5968.700000000001			1.0
5969.6			1.0
5970.5			1.0
5971.4			1.0
5972.3			1.0
5973.200000000001			1.0
5974.1			1.0
5975.0			1.0
5975.9			1.0
5976.8			1.0
5977.700000000001			1.0
5978.6			1.0
5979.5			1.0
5980.4			1.0
5981.3			1.0
5982.200000000001			1.0
5983.1			1.0
5984.0			1.0
5984.9			1.0
5985.8			1.0
5986.700000000001			1.0
5987.6			1.0
5988.5			1.0
5989.4			1.0
5990.3			1.0
5991.200000000001			1.0
5992.1			1.0
5993.0			1.0
5993.9			1.0
5994.8			1.0
5995.700000000001			1.0
5996.6			1.0
5997.5			1.0
5998.4			1.0
5999.3			1.0
6000.200000000001			1.0
6001.1			1.0
6002.0			1.0
6002.9			1.0
6003.8			1.0
6004.700000000001			1.0
6005.6			1.0
6006.5			1.0
6007.4			1.0
6008.3			1.0
6009.200000000001			1.0
6010.1			1.0
6011.0			1.0
6011.9			1.0
6012.8			1.0
6013.700000000001			1.0
6014.6			1.0
6015.5			1.0
6016.4			1.0
6017.3			1.0
6018.200000000001			1.0
6019.1			1.0
6020.0			1.0
6020.9			1.0
6021.8			1.0
6022.700000000001			1.0
6023.6			1.0
6024.5			1.0
6025.4			1.0
6026.3			1.0
6027.200000000001			1.0
6028.1			1.0
6029.0			1.0
6029.9			1.0
6030.8			1.0
6031.700000000001			1.0
6032.6			1.0
6033.5			1.0
6034.4			1.0
6035.3			1.0
6036.200000000001			1.0
6037.1			1.0
6038.0			1.0
6038.9			1.0
6039.8			1.0
6040.700000000001			1.0
6041.6			1.0
6042.5			1.0
6043.4			1.0
6044.3			1.0
6045.200000000001			1.0
6046.1			1.0
6047.0			1.0
6047.9			1.0
6048.8			1.0
6049.700000000001			1.0
6050.6			1.0
6051.5			1.0
6052.4			1.0
6053.3			1.0
6054.200000000001			1.0
6055.1			1.0
6056.0			1.0
6056.9			1.0
6057.8			1.0
6058.700000000001			1.0
6059.6			1.0
6060.5			1.0
6061.4			1.0
6062.3			1.0
6063.200000000001			1.0
6064.1			1.0
6065.0			1.0
6065.9			1.0
6066.8			1.0
6067.700000000001			1.0
6068.6			1.0
6069.5			1.0
6070.4			1.0
6071.3			1.0
6072.200000000001			1.0
6073.1			1.0
6074.0			1.0
6074.9			1.0
6075.8			1.0
6076.700000000001			1.0
6077.6			1.0
6078.5			1.0
6079.4			1.0
6080.3			1.0
6081.200000000001			1.0
6082.1			1.0
6083.0			1.0
6083.9			1.0
6084.8			1.0
6085.700000000001			1.0
6086.6			1.0
6087.5			1.0
6088.4			1.0
6089.3			1.0
6090.200000000001			1.0
6091.1			1.0
6092.0			1.0
6092.9			1.0
6093.8			1.0
6094.700000000001			1.0
6095.6			1.0
6096.5			1.0
6097.4			1.0
6098.3			1.0
6099.200000000001			1.0
6100.1			1.0036602836699449
6101.0			0.983090012956891
6101.9			0.9329241979336517
6102.8			0.8960274630979772
6103.700000000001			0.9219032495782511
6104.6			0.9742811635005251
6105.5			1.0013475250323447
6106.4			1.0
6107.3			1.0
6108.200000000001			1.0
6109.1			1.0
6110.0			1.0
6110.9			1.0
6111.8			1.0
6112.700000000001			1.0
6113.6			1.0
6114.5			1.0
6115.4			1.0
6116.3			1.0
6117.200000000001			1.0
6118.1			1.0
6119.0			1.0
6119.9			1.0
6120.8			1.0
6121.700000000001			1.0
6122.6			1.0
6123.5			1.0
6124.4			1.0
6125.3			1.0
6126.200000000001			1.0
6127.1			1.0
6128.0			1.0
6128.9			1.0
6129.8			1.0
6130.700000000001			1.0
6131.6			1.0
6132.5			1.0
6133.4			1.0
6134.3			1.0025793634354099
6135.200000000001			0.9779863467200877
6136.1			0.9203410982424816
6137.0			0.8694796317953688
6137.9			0.8861940011007523
6138.8			0.9524258432896477
6139.700000000001			1.0023796723632459
6140.6			1.0
6141.5			1.0
6142.4			1.0
6143.3			1.0
6144.200000000001			1.0
6145.1			1.0
6146.0			1.0
6146.9			1.0
6147.8			1.0
6148.700000000001			1.0
6149.6			1.004897186275157
6150.5			1.0056918034818079
6151.4			1.005952965356027
6152.3			1.0137182310142634
6153.200000000001			1.016307695242975
6154.1			0.9997217045685225
6155.0			0.9829975544541516
6155.9			0.9896454478642674
6156.8			0.999932086632859
6157.700000000001			1.0
6158.6			1.0055395722371778
6159.5			1.0027495080486448
6160.4			0.9712662241364821
6161.3			0.9164039023798273
6162.200000000001			0.880479351276281
6163.1			0.8950334620582456
6164.0			0.939020104993825
6164.9			0.980712072670026
6165.8			1.0014253171980367
6166.700000000001			1.0
6167.6			1.0
6168.5			1.0
6169.4			1.0
6170.3			1.0
6171.200000000001			1.0
6172.1			1.0
6173.0			1.0
6173.9			1.0
6174.8			1.0
6175.700000000001			1.0
6176.6			1.0
6177.5			1.0
6178.4			1.0193613582582337
6179.3			1.0212290704115166
6180.200000000001			1.0124991433273578
6181.1			1.0184204574281372
6182.0			1.0312578984785576
6182.9			1.0345506282258208
6183.8			1.030915053661313
6184.700000000001			1.0277622325982334
6185.6			1.0196913352536214
6186.5			1.0042540721647704
6187.4			0.9936545840184167
6188.3			0.9951466482480252
6189.200000000001			1.0026991911193892
6190.1			0.9890462434727154
6191.0			0.9534021130960382
6191.9			0.9432231599259788
6192.8			0.9750786162438541
6193.700000000001			1.0025993704650593
6194.6			1.010709855604291
6195.5			1.0159046994266905
6196.4			1.0256629095132292
6197.3			1.0346440453657857
6198.200000000001			1.0332004495879927
6199.1			1.0163442501114517
6200.0			0.9937528124556388
6200.9			0.9859633557701128
6201.8			0.997773092039172
6202.700000000001			1.0149569451801044
6203.6			1.021578603019708
6204.5			1.0195253481984718
6205.4			1.0241667536426693
6206.3			1.0308904851548724
6207.200000000001			1.0332835810677776
6208.1			1.0296885051478046
6209.0			1.0238773460952166
6209.9			1.0198533871297022
6210.8			1.0143032738092082
6211.700000000001			1.0039707950805108
6212.6			0.9842821024466251
6213.5			0.9651754708397184
6214.4			0.9571980067788263
6215.3			0.9572172384254735
6216.200000000001			0.9720947093937432
6217.1			0.9932041228395
6218.0			0.9988851891421773
6218.9			0.9825046894835715
6219.8			0.9645589885045649
6220.700000000001			0.9698109866461293
6221.6			0.9899328161166066
6222.5			1.0027323257729437
6223.4			1.0033362229765497
6224.3			0.996954923672722
6225.200000000001			0.9913830306692758
6226.1			0.9896944969319194
6227.0			0.9954944647116878
6227.9			1.0052570561827971
6228.8			0.9972635435888146
6229.700000000001			0.9637378474942708
6230.6			0.9350621428587906
6231.5			0.9378080638642015
6232.4			0.9511890930778906
6233.3			0.970426321121151
6234.200000000001			0.99771411922696
6235.1			1.009307778654037
6236.0			1.0000627293824655
6236.9			1.0
6237.8			1.0
6238.700000000001			1.0
6239.6			1.0
6240.5			1.0
6241.4			1.0
6242.3			1.0
6243.200000000001			1.0
6244.1			1.0
6245.0			1.0
6245.9			1.0
6246.8			1.0
6247.700000000001			1.0
6248.6			1.0
6249.5			1.0
6250.4			1.0
6251.3			1.0
6252.200000000001			1.0
6253.1			1.0
6254.0			1.0
6254.9			1.0
6255.8			1.0
6256.700000000001			1.0
6257.6			1.0
6258.5			1.0
6259.4			1.0
6260.3			1.0
6261.200000000001			1.0
6262.1			1.0
6263.0			1.0
6263.9			1.0
6264.8			1.0
6265.700000000001			1.0
6266.6			1.0
6267.5			1.0
6268.4			1.0
6269.3			1.0
6270.200000000001			1.0
6271.1			1.0
6272.0			1.0
6272.9			1.0
6273.8			1.0
6274.700000000001			1.0
6275.6			1.0
6276.5			1.0
6277.4			1.0
6278.3			1.0
6279.200000000001			1.0
6280.1			1.0
6281.0			1.0
6281.9			1.0
6282.8			1.0
6283.700000000001			1.0
6284.6			1.0
6285.5			1.0
6286.4			1.0
6287.3			1.0
6288.200000000001			1.0
6289.1			1.0
6290.0			1.0
6290.9			1.0
6291.8			1.0
6292.700000000001			1.0
6293.6			1.0
6294.5			1.0
6295.4			1.0
6296.3			1.0
6297.200000000001			1.0
6298.1			1.0
6299.0			1.0
6299.9			1.0
6300.8			1.0
6301.700000000001			1.0
6302.6			1.0
6303.5			1.0
6304.4			1.0
6305.3			1.0
6306.200000000001			1.0
6307.1			1.0
6308.0			1.0
6308.9			1.0
6309.8			1.0
6310.700000000001			1.0
6311.6			1.0
6312.5			1.0
6313.4			1.0
6314.3			1.0
6315.200000000001			1.0
6316.1			1.0
6317.0			1.0
6317.9			1.0
6318.8			1.0
6319.700000000001			1.0
6320.6			1.0
6321.5			1.0
6322.4			1.0
6323.3			1.0
6324.200000000001			1.0
6325.1			1.0
6326.0			1.0
6326.9			1.0
6327.8			1.0
6328.700000000001			1.0
6329.6			1.0
6330.5			1.0
6331.4			1.0
6332.3			1.0
6333.200000000001			1.0
6334.1			1.0
6335.0			1.0
6335.9			1.0
6336.8			1.0
6337.700000000001			1.0
6338.6			1.0
6339.5			1.0
6340.4			1.0
6341.3			1.0
6342.200000000001			1.0
6343.1			1.0
6344.0			1.0
6344.9			1.0
6345.8			1.0
6346.700000000001			1.0
6347.6			1.0
6348.5			1.0
6349.4			1.0
6350.3			1.0
6351.200000000001			1.0
6352.1			1.0
6353.0			1.0
6353.9			1.0
6354.8			1.0
6355.700000000001			1.0
6356.6			1.0
6357.5			1.0
6358.4			1.0
6359.3			1.0
6360.200000000001			1.0
6361.1			1.0
6362.0			1.0
6362.9			1.0
6363.8			1.0
6364.700000000001			1.0
6365.6			1.0
6366.5			1.0
6367.4			1.0
6368.3			1.0
6369.200000000001			1.0
6370.1			1.0
6371.0			1.0
6371.9			1.0
6372.8			1.0
6373.700000000001			1.0
6374.6			1.0
6375.5			1.0
6376.4			1.0
6377.3			1.0
6378.200000000001			1.0
6379.1			1.0
6380.0			1.0
6380.9			1.0
6381.8			1.0
6382.700000000001			1.0
6383.6			1.0
6384.5			1.0
6385.4			1.0
6386.3			1.0
6387.200000000001			1.0
6388.1			1.0
6389.0			1.0
6389.9			1.0
6390.8			1.0
6391.700000000001			1.0
6392.6			1.0
6393.5			1.0
6394.4			1.0
6395.3			1.0
6396.200000000001			1.0
6397.1			1.0
6398.0			1.0
6398.9			1.0
6399.8			1.0
6400.700000000001			1.0
6401.6			1.0
6402.5			1.0
6403.4			1.0
6404.3			1.0
6405.200000000001			1.0
6406.1			1.0
6407.0			1.0
6407.9			1.0
6408.8			1.0
6409.700000000001			1.0
6410.6			1.0
6411.5			1.0
6412.4			1.0
6413.3			1.0
6414.200000000001			1.0
6415.1			1.0
6416.0			1.0
6416.9			1.0
6417.8			1.0
6418.700000000001			1.0
6419.6			1.0
6420.5			1.0
6421.4			1.0
6422.3			1.0
6423.200000000001			1.0
6424.1			1.0
6425.0			1.0
6425.9			1.0
6426.8			1.0
6427.700000000001			1.0
6428.6			1.0
6429.5			1.0
6430.4			1.0
6431.3			1.0
6432.200000000001			1.0
6433.1			1.0
6434.0			1.0
6434.9			1.0
6435.8			1.0
6436.700000000001			1.0
6437.6			1.0
6438.5			1.0
6439.4			1.0
6440.3			1.0
6441.200000000001			1.0
6442.1			1.0
6443.0			1.0
6443.9			1.0
6444.8			1.0
6445.700000000001			1.0
6446.6			1.0
6447.5			1.0
6448.4			1.0
6449.3			1.0
6450.200000000001			1.0
6451.1			1.0
6452.0			1.0
6452.9			1.0
6453.8			1.0
6454.700000000001			1.0
6455.6			1.0
6456.5			1.0
6457.4			1.0
6458.3			1.0
6459.200000000001			1.0
6460.1			1.0
6461.0			1.0
6461.9			1.0
6462.8			1.0
6463.700000000001			1.0262823175899458
6464.6			1.069255069146506
6465.5			1.0856624021622399
6466.4			1.0899729354211607
6467.3			1.091382259576288
6468.200000000001			1.0825170642373463
6469.1			1.0641898676607744
6470.0			1.0533390836813423
6470.9			1.0464354755521934
6471.8			1.0391982538118623
6472.700000000001			1.0478275684650802
6473.6			1.0638645312665076
6474.5			1.0608440605256548
6475.4			1.050371614093615
6476.3			1.0561685919787376
6477.200000000001			1.0722845482433592
6478.1			1.0841958774973124
6479.0			1.0845878057971343
6479.9			1.0733607408336396
6480.8			1.0541417558709771
6481.700000000001			1.0350866836540165
6482.6			1.0246531676034665
6483.5			1.0361853731137556
6484.4			1.0590605945029385
6485.3			1.072002169645562
6486.200000000001			1.0725552537771403
6487.1			1.0750263846765573
6488.0			1.0778820693567575
6488.9			1.0694003879347842
6489.8			1.057198418705655
6490.700000000001			1.0496733812007497
6491.6			1.0400352559778472
6492.5			1.0219330611304969
6493.4			0.977300677482055
6494.3			0.9206856766318846
6495.200000000001			0.9028115182268379
6496.1			0.9282146519001699
6497.0			0.9657892665856604
6497.9			0.9966487428880871
6498.8			1.0071462604649333
6499.700000000001			1.0084538066462683
6500.6			1.021772823198714
6501.5			1.0333569073225648
6502.4			1.043269709355884
6503.3			1.0545533166290464
6504.200000000001			1.0597008051615557
6505.1			1.0639998373491601
6506.0			1.0685910380202068
6506.9			1.0691156834137967
6507.8			1.0648761292015922
6508.700000000001			1.0606420948606046
6509.6			1.056841952918796
6510.5			1.0567620616505218
6511.4			1.055560933996389
6512.3			1.0554329900424921
6513.200000000001			1.0565949751749266
6514.1			1.0504289707658585
6515.0			1.0339389350583912
6515.9			1.0170865703398697
6516.8			1.0130962774663828
6517.700000000001			1.0118511023836516
6518.6			1.0038234163640216
6519.5			1.0148693590694209
6520.4			1.0374792713045093
6521.3			1.0464096248149584
6522.200000000001			1.0455678124676078
6523.1			1.0432567582376027
6524.0			1.047914448354189
6524.9			1.0489360320400962
6525.8			1.03295620028828
6526.700000000001			1.0155593048241907
6527.6			1.0145153689059612
6528.5			1.029683912810146
6529.4			1.044646363921194
6530.3			1.049663830143668
6531.200000000001			1.0427930673397483
6532.1			1.0288326220608988
6533.0			1.013565610167242
6533.9			1.0110996208750178
6534.8			1.0213540182432677
6535.700000000001			1.0327810380947071
6536.6			1.0393193275050991
6537.5			1.0395398498613917
6538.4			1.0
6539.3			1.0053021974807783
6540.200000000001			1.0069063055884815
6541.1			0.997464461793484
6542.0			0.9845112124958038
6542.9			0.9783558040817071
6543.8			0.9774104518501595
6544.700000000001			0.9710693599496498
6545.6			0.9457808990671344
6546.5			0.9253129379709519
6547.4			0.9370841876002762
6548.3			0.9599667086005144
6549.200000000001			0.9715168850699933
6550.1			0.9687770251719727
6551.0			0.9630724071131209
6551.9			0.957166422572022
6552.8			0.9534633776591991
6553.700000000001			0.9444986415303409
6554.6			0.9228614598926617
6555.5			0.9025419756960821
6556.4			0.8966173560072844
6557.3			0.8974507402061603
6558.200000000001			0.890969610042972
6559.1			0.8722783268219594
6560.0			0.8330157581524736
6560.9			0.7592735339652735
6561.8			0.639588035357327
6562.700000000001			0.5348864832238465
6563.6			0.5673287204930889
6564.5			0.7050389249471881
6565.4			0.8153109708267412
6566.3			0.8736067498432835
6567.200000000001			0.9036426471485829
6568.1			0.9121008654274944
6569.0			0.909088252788798
6569.9			0.9142099266359532
6570.8			0.9267009974030058
6571.700000000001			0.9337203836157189
6572.6			0.9366087330436134
6573.5			0.9347948752544847
6574.4			0.9328285636850987
6575.3			0.9385650841525713
6576.200000000001			0.9547192289920526
6577.1			0.9724075019265892
6578.0			0.9820706895832796
6578.9			0.9825860538720907
6579.8			0.9735795401886599
6580.700000000001			0.9649467580110905
6581.6			0.9664020956625168
6582.5			0.9718319829893267
6583.4			0.9727734501899613
6584.3			0.9746254964296198
6585.200000000001			0.9736472212020716
6586.1			0.9629109349671099
6587.0			0.9578485237792896
6587.9			0.9696966660256122
6588.8			0.9850341202749702
6589.700000000001			0.996250550367485
6590.6			0.9934992062445924
6591.5			0.9677912126650562
6592.4			0.9291873940441768
6593.3			0.9074778170311528
6594.200000000001			0.9266019766045106
6595.1			0.9593543729025277
6596.0			0.9762239567537435
6596.9			0.9812588659785445
6597.8			0.9775059827579621
6598.700000000001			0.9788957613111351
6599.6			0.9948847083380273
6600.5			1.0063376089496514
6601.4			1.0062201188078088
6602.3			1.0016869241523378
6603.200000000001			0.9955546750989408
6604.1			0.9875180971777429
6605.0			0.9847933863420265
6605.9			0.9873828475687405
6606.8			0.9871960926685251
6607.700000000001			0.9789157117219324
6608.6			0.9632364541944995
6609.5			0.956245754603854
6610.4			0.9716937689193741
6611.3			0.9862798214180009
6612.200000000001			0.9898931693767328
6613.1			0.9910858555616882
6614.0			0.9952370168336043
6614.9			1.0035460011277915
6615.8			1.0069857899279149
6616.700000000001			1.0032312173421845
6617.6			0.9968220923381993
6618.5			0.9971404619830897
6619.4			1.0050168435031275
6620.3			1.0093633084462528
6621.200000000001			1.0076629544201003
6622.1			1.0092887242353186
6623.0			1.0130522792690695
6623.9			1.010442547558359
6624.8			1.0042568705665529
6625.700000000001			1.0041781536212222
6626.6			1.0036959390340845
6627.5			0.9995851346912211
6628.4			1.0005671117423482
6629.3			1.0048666628468923
6630.200000000001			1.0063229512795564
6631.1			0.9970064402695717
6632.0			0.9786172217926333
6632.9			0.9570497263725404
6633.8			0.9412961661778222
6634.700000000001			0.9481013193210441
6635.6			0.9698484356238001
6636.5			0.9916569388309691
6637.4			1.0028877961857483
6638.3			0.999439918988323
6639.200000000001			0.9901652798237456
6640.1			0.9854710927508366
6641.0			0.9885226621496394
6641.9			0.9899397784905279
6642.8			0.9768736271947793
6643.700000000001			0.9592513062273544
6644.6			0.9629879450125909
6645.5			0.9827568012845462
6646.4			0.9997099816202096
6647.3			1.0070570621058705
6648.200000000001			1.0069091891519166
6649.1			1.0060327943493643
6650.0			1.0069330502342082
6650.9			1.0082143143793005
6651.8			1.010889090555611
6652.700000000001			1.0134184604642151
6653.6			1.0140330101371366
6654.5			1.0127632156504642
6655.4			1.0137839031555023
6656.3			1.0159723214037255
6657.200000000001			1.019198632374534
6658.1			1.0243239232789145
6659.0			1.0252634641133211
6659.9			1.0152480434411248
6660.8			1.0035084368320244
6661.700000000001			0.9999723494026931
6662.6			1.0
6663.5			1.0
6664.4			1.0
6665.3			1.0
6666.200000000001			1.0
6667.1			1.0
6668.0			1.0
6668.9			1.0
6669.8			1.0
6670.700000000001			1.0
6671.6			1.0
6672.5			1.0
6673.4			1.0
6674.3			1.0
6675.200000000001			1.0
6676.1			1.0
6677.0			1.0
6677.9			1.0
6678.8			1.0
6679.700000000001			1.0
6680.6			1.0
6681.5			1.0
6682.4			1.0
6683.3			1.0
6684.200000000001			1.0
6685.1			1.0
6686.0			1.0
6686.9			1.0
6687.8			1.0
6688.700000000001			1.0
6689.6			1.0
6690.5			1.0
6691.4			1.0
6692.3			1.0
6693.200000000001			1.0
6694.1			1.0
6695.0			1.0
6695.9			1.0
6696.8			1.0
6697.700000000001			1.0
6698.6			1.0
6699.5			1.0
6700.4			1.0
6701.3			1.0
6702.200000000001			1.0
6703.1			1.0
6704.0			1.0
6704.9			1.0
6705.8			1.0
6706.700000000001			1.0
6707.6			1.0
6708.5			1.0
6709.4			1.0
6710.3			1.0
6711.200000000001			1.0
6712.1			1.0
6713.0			1.0
6713.9			1.0
6714.8			1.0
6715.700000000001			1.0
6716.6			1.0
6717.5			1.0
6718.4			1.0
6719.3			1.0
6720.200000000001			1.0
6721.1			1.0
6722.0			1.0
6722.9			1.0
6723.8			1.0
6724.700000000001			1.0
6725.6			1.0
6726.5			1.0
6727.4			1.0
6728.3			1.0
6729.200000000001			1.0
6730.1			1.0
6731.0			1.0
6731.9			1.0
6732.8			1.0
6733.700000000001			1.0
6734.6			1.0
6735.5			1.0
6736.4			1.0
6737.3			1.0
6738.200000000001			1.0
6739.1			1.0
6740.0			1.0
6740.9			1.0
6741.8			1.0
6742.700000000001			1.0
6743.6			1.0
6744.5			1.0
6745.4			1.0
6746.3			1.0
6747.200000000001			1.0
6748.1			1.0
6749.0			1.0
6749.9			1.0
6750.8			1.0
6751.700000000001			1.0
6752.6			1.0
6753.5			1.0
6754.4			1.0
6755.3			1.0
6756.200000000001			1.0
6757.1			1.0
6758.0			1.0
6758.9			1.0
6759.8			1.0
6760.700000000001			1.0
6761.6			1.0
6762.5			1.0
6763.4			1.0
6764.3			1.0
6765.200000000001			1.0
6766.1			1.0
6767.0			1.0
6767.9			1.0
6768.8			1.0
6769.700000000001			1.0
6770.6			1.0
6771.5			1.0
6772.4			1.0
6773.3			1.0
6774.200000000001			1.0
6775.1			1.0
6776.0			1.0
6776.9			1.0
6777.8			1.0
6778.700000000001			1.0
6779.6			1.0
6780.5			1.0
6781.4			1.0
6782.3			1.0
6783.200000000001			1.0
6784.1			1.0
6785.0			1.0
6785.9			1.0
6786.8			1.0
6787.700000000001			1.0
6788.6			1.0
6789.5			1.0
6790.4			1.0
6791.3			1.0
6792.200000000001			1.0
6793.1			1.0
6794.0			1.0
6794.9			1.0
6795.8			1.0
6796.700000000001			1.0
6797.6			1.0
6798.5			1.0
6799.4			1.0
6800.3			1.0
6801.200000000001			1.0
6802.1			1.0
6803.0			1.0
6803.9			1.0
6804.8			1.0
6805.700000000001			1.0
6806.6			1.0
6807.5			1.0
6808.4			1.0
6809.3			1.0
6810.200000000001			1.0
6811.1			1.0
6812.0			1.0
6812.9			1.0
6813.8			1.0
6814.700000000001			1.0
6815.6			1.0
6816.5			1.0
6817.4			1.0
6818.3			1.0
6819.200000000001			1.0
6820.1			1.0
6821.0			1.0
6821.9			1.0
6822.8			1.0
6823.700000000001			1.0
6824.6			1.0
6825.5			1.0
6826.4			1.0
6827.3			1.0
6828.200000000001			1.0
6829.1			1.0
6830.0			1.0
6830.9			1.0
6831.8			1.0
6832.700000000001			1.0
6833.6			1.0
6834.5			1.0
6835.4			1.0
6836.3			1.0
6837.200000000001			1.0
6838.1			1.0
6839.0			1.0
6839.9			1.0
6840.8			1.0
6841.700000000001			1.0
6842.6			1.0
6843.5			1.0
6844.4			1.0
6845.3			1.0
6846.200000000001			1.0
6847.1			1.0
6848.0			1.0
6848.9			1.0
6849.8			1.0
6850.700000000001			1.0
6851.6			1.0
6852.5			1.0
6853.4			1.0
6854.3			1.0
6855.200000000001			1.0
6856.1			1.0
6857.0			1.0
6857.9			1.0
6858.8			1.0
6859.700000000001			1.0
6860.6			1.0
6861.5			1.0
6862.4			1.0
6863.3			1.0
6864.200000000001			1.0
6865.1			1.0
6866.0			1.0
6866.9			1.0
6867.8			1.0
6868.700000000001			1.0
6869.6			1.0
6870.5			1.0
6871.4			1.0
6872.3			1.0
6873.200000000001			1.0
6874.1			1.0
6875.0			1.0
6875.9			1.0
6876.8			1.0
6877.700000000001			1.0
6878.6			1.0
6879.5			1.0
6880.4			1.0
6881.3			1.0
6882.200000000001			1.0
6883.1			1.0
6884.0			1.0
6884.9			1.0
6885.8			1.0
6886.700000000001			1.0
6887.6			1.0
6888.5			1.0
6889.4			1.0
6890.3			1.0
6891.200000000001			1.0
6892.1			1.0
6893.0			1.0
6893.9			1.0
6894.8			1.0
6895.700000000001			1.0
6896.6			1.0
6897.5			1.0
6898.4			1.0
6899.3			1.0
6900.200000000001			1.0
6901.1			1.0
6902.0			1.0
6902.9			1.0
6903.8			1.0
6904.700000000001			1.0
6905.6			1.0
6906.5			1.0
6907.4			1.0
6908.3			1.0
6909.200000000001			1.0
6910.1			1.0
6911.0			1.0
6911.9			1.0
6912.8			1.0
6913.700000000001			1.0
6914.6			1.0
6915.5			1.0
6916.4			1.0
6917.3			1.0
6918.200000000001			1.0
6919.1			1.0
6920.0			1.0
6920.9			1.0
6921.8			1.0
6922.700000000001			1.0
6923.6			1.0
6924.5			1.0
6925.4			1.0
6926.3			1.0
6927.200000000001			1.0
6928.1			1.0
6929.0			1.0
6929.9			1.0
6930.8			1.0
6931.700000000001			1.0
6932.6			1.0
6933.5			1.0
6934.4			1.0
6935.3			1.0
6936.200000000001			1.0
6937.1			1.0
6938.0			1.0
6938.9			1.0
6939.8			1.0
6940.700000000001			1.0
6941.6			1.0
6942.5			1.0
6943.4			1.0
6944.3			1.0
6945.200000000001			1.0
6946.1			1.0
6947.0			1.0
6947.9			1.0
6948.8			1.0
6949.700000000001			1.0
6950.6			1.0
6951.5			1.0
6952.4			1.0
6953.3			1.0
6954.200000000001			1.0
6955.1			1.0
6956.0			1.0
6956.9			1.0
6957.8			1.0
6958.700000000001			1.0
6959.6			1.0
6960.5			1.0
6961.4			1.0
6962.3			1.0
6963.200000000001			1.0
6964.1			1.0
6965.0			1.0
6965.9			1.0
6966.8			1.0
6967.700000000001			1.0
6968.6			1.0
6969.5			1.0
6970.4			1.0
6971.3			1.0
6972.200000000001			1.0
6973.1			1.0
6974.0			1.0
6974.9			1.0
6975.8			1.0
6976.700000000001			1.0
6977.6			1.0
6978.5			1.0
6979.4			1.0
6980.3			1.0
6981.200000000001			1.0
6982.1			1.0
6983.0			1.0
6983.9			1.0
6984.8			1.0
6985.700000000001			1.0
6986.6			1.0
6987.5			1.0
6988.4			1.0
6989.3			1.0
6990.200000000001			1.0
6991.1			1.0
6992.0			1.0
6992.9			1.0
6993.8			1.0
6994.700000000001			1.0
6995.6			1.0
6996.5			1.0
6997.4			1.0
6998.3			1.0
6999.200000000001			1.0
7000.1			1.0
7001.0			1.0
7001.9			1.0
7002.8			1.0
7003.700000000001			1.0
7004.6			1.0
7005.5			1.0
7006.4			1.0
7007.3			1.0
7008.200000000001			1.0
7009.1			1.0
7010.0			1.0
7010.9			1.0
7011.8			1.0
7012.700000000001			1.0
7013.6			1.0
7014.5			1.0
7015.4			1.0
7016.3			1.0
7017.200000000001			1.0
7018.1			1.0
7019.0			1.0
7019.9			1.0
7020.8			1.0
7021.700000000001			1.0
7022.6			1.0
7023.5			1.0
7024.4			1.0
7025.3			1.0
7026.200000000001			1.0
7027.1			1.0
7028.0			1.0
7028.9			1.0
7029.8			1.0
7030.700000000001			1.0
7031.6			1.0
7032.5			1.0
7033.4			1.0
7034.3			1.0
7035.200000000001			1.0
7036.1			1.0
7037.0			1.0
7037.9			1.0
7038.8			1.0
7039.700000000001			1.0
7040.6			1.0
7041.5			1.0
7042.4			1.0
7043.3			1.0
7044.200000000001			1.0
7045.1			1.0
7046.0			1.0
7046.9			1.0
7047.8			1.0
7048.700000000001			1.0
7049.6			1.0
7050.5			1.0
7051.4			1.0
7052.3			1.0
7053.200000000001			1.0
7054.1			1.0
7055.0			1.0
7055.9			1.0
7056.8			1.0
7057.700000000001			1.0
7058.6			1.0
7059.5			1.0
7060.4			1.0
7061.3			1.0
7062.200000000001			1.0
7063.1			1.0
7064.0			1.0
7064.9			1.0
7065.8			1.0
7066.700000000001			1.0
7067.6			1.0
7068.5			1.0
7069.4			1.0
7070.3			1.0
7071.200000000001			1.0
7072.1			1.0
7073.0			1.0
7073.9			1.0
7074.8			1.0
7075.700000000001			1.0
7076.6			1.0
7077.5			1.0
7078.4			1.0
7079.3			1.0
7080.200000000001			1.0
7081.1			1.0
7082.0			1.0
7082.9			1.0
7083.8			1.0
7084.700000000001			1.0
7085.6			1.0
7086.5			1.0
7087.4			1.0
7088.3			1.0
7089.200000000001			1.0
7090.1			1.0
7091.0			1.0
7091.9			1.0
7092.8			1.0
7093.700000000001			1.0
7094.6			1.0
7095.5			1.0
7096.4			1.0
7097.3			1.0
7098.200000000001			1.0
7099.1			1.0
7100.0			1.0
7100.9			1.0
7101.8			1.0
7102.700000000001			1.0
7103.6			1.0
7104.5			1.0
7105.4			1.0
7106.3			1.0
7107.200000000001			1.0
7108.1			1.0
7109.0			1.0
7109.9			1.0
7110.8			1.0
7111.700000000001			1.0
7112.6			1.0
7113.5			1.0
7114.4			1.0
7115.3			1.0
7116.200000000001			1.0
7117.1			1.0
7118.0			1.0
7118.9			1.0
7119.8			1.0
7120.700000000001			1.0
7121.6			1.0
7122.5			1.0
7123.4			1.0
7124.3			1.0
7125.200000000001			1.0
7126.1			1.0
7127.0			1.0
7127.9			1.0
7128.8			1.0
7129.700000000001			1.0
7130.6			1.0
7131.5			1.0
7132.4			1.0
7133.3			1.0
7134.200000000001			1.0
7135.1			1.0
7136.0			1.0
7136.9			1.0
7137.8			1.0
7138.700000000001			1.0
7139.6			1.0
7140.5			1.0
7141.4			1.0
7142.3			1.0
7143.200000000001			1.0
7144.1			1.0
7145.0			1.0
7145.9			1.0
7146.8			1.0
7147.700000000001			1.0
7148.6			1.0
7149.5			1.0
7150.4			1.0
7151.3			1.0
7152.200000000001			1.0
7153.1			1.0
7154.0			1.0
7154.9			1.0
7155.8			1.0
7156.700000000001			1.0
7157.6			1.0
7158.5			1.0
7159.4			1.0
7160.3			1.0
7161.200000000001			1.0
7162.1			1.0
7163.0			1.0
7163.9			1.0
7164.8			1.0
7165.700000000001			1.0
7166.6			1.0
7167.5			1.0
7168.4			1.0
7169.3			1.0
7170.200000000001			1.0
7171.1			1.0
7172.0			1.0
7172.9			1.0
7173.8			1.0
7174.700000000001			1.0
7175.6			1.0
7176.5			1.0
7177.4			1.0
7178.3			1.0
7179.200000000001			1.0
7180.1			1.0
7181.0			1.0
7181.9			1.0
7182.8			1.0
7183.700000000001			1.0
7184.6			1.0
7185.5			1.0
7186.4			1.0
7187.3			1.0
7188.200000000001			1.0
7189.1			1.0
7190.0			1.0
7190.9			1.0
7191.8			1.0
7192.700000000001			1.0
7193.6			1.0
7194.5			1.0
7195.4			1.0
7196.3			1.0
7197.200000000001			1.0
7198.1			1.0
7199.0			1.0
7199.9			1.0
7200.8			1.0
7201.700000000001			1.0
7202.6			1.0
7203.5			1.0
7204.4			1.0
7205.3			1.0
7206.200000000001			1.0
7207.1			1.0
7208.0			1.0
7208.9			1.0
7209.8			1.0
7210.700000000001			1.0
7211.6			1.0
7212.5			1.0
7213.4			1.0
7214.3			1.0
7215.200000000001			1.0
7216.1			1.0
7217.0			1.0
7217.9			1.0
7218.8			1.0
7219.700000000001			1.0
7220.6			1.0
7221.5			1.0
7222.4			1.0
7223.3			1.0
7224.200000000001			1.0
7225.1			1.0
7226.0			1.0
7226.9			1.0
7227.8			1.0
7228.700000000001			1.0
7229.6			1.0
7230.5			1.0
7231.4			1.0
7232.3			1.0
7233.200000000001			1.0
7234.1			1.0
7235.0			1.0
7235.9			1.0
7236.8			1.0
7237.700000000001			1.0
7238.6			1.0
7239.5			1.0
7240.4			1.0
7241.3			1.0
7242.200000000001			1.0
7243.1			1.0
7244.0			1.0
7244.9			1.0
7245.8			1.0
7246.700000000001			1.0
7247.6			1.0
7248.5			1.0
7249.4			1.0
7250.3			1.0
7251.200000000001			1.0
7252.1			1.0
7253.0			1.0
7253.9			1.0
7254.8			1.0
7255.700000000001			1.0
7256.6			1.0
7257.5			1.0
7258.4			1.0
7259.3			1.0
7260.200000000001			1.0
7261.1			1.0
7262.0			1.0
7262.9			1.0
7263.8			1.0
7264.700000000001			1.0
7265.6			1.0
7266.5			1.0
7267.4			1.0
7268.3			1.0
7269.200000000001			1.0
7270.1			1.0
7271.0			1.0
7271.9			1.0
7272.8			1.0
7273.700000000001			1.0
7274.6			1.0
7275.5			1.0
7276.4			1.0
7277.3			1.0
7278.200000000001			1.0
7279.1			1.0
7280.0			1.0
7280.9			1.0
7281.8			1.0
7282.700000000001			1.0
7283.6			1.0
7284.5			1.0
7285.4			1.0
7286.3			1.0
7287.200000000001			1.0
7288.1			1.0
7289.0			1.0
7289.9			1.0
7290.8			1.0
7291.700000000001			1.0
7292.6			1.0
7293.5			1.0
7294.4			1.0
7295.3			1.0
7296.200000000001			1.0
7297.1			1.0
7298.0			1.0
7298.9			1.0
7299.8			1.0
7300.700000000001			1.0
7301.6			1.0
7302.5			1.0
7303.4			1.0
7304.3			1.0
7305.200000000001			1.0
7306.1			1.0
7307.0			1.0
7307.9			1.0
7308.8			1.0
7309.700000000001			1.0
7310.6			1.0
7311.5			1.0
7312.4			1.0
7313.3			1.0
7314.200000000001			1.0
7315.1			1.0
7316.0			1.0
7316.9			1.0
7317.8			1.0
7318.700000000001			1.0
7319.6			1.0
7320.5			1.0
7321.4			1.0
7322.3			1.0
7323.200000000001			1.0
7324.1			1.0
7325.0			1.0
7325.9			1.0
7326.8			1.0
7327.700000000001			1.0
7328.6			1.0
7329.5			1.0
7330.4			1.0
7331.3			1.0
7332.200000000001			1.0
7333.1			1.0
7334.0			1.0
7334.9			1.0
7335.8			1.0
7336.700000000001			1.0
7337.6			1.0
7338.5			1.0
7339.4			1.0
7340.3			1.0
7341.200000000001			1.0
7342.1			1.0
7343.0			1.0
7343.9			1.0
7344.8			1.0
7345.700000000001			1.0
7346.6			1.0
7347.5			1.0
7348.4			1.0
7349.3			1.0
7350.200000000001			1.0
7351.1			1.0
7352.0			1.0
7352.9			1.0
7353.8			1.0
7354.700000000001			1.0
7355.6			1.0
7356.5			1.0
7357.4			1.0
7358.3			1.0
7359.200000000001			1.0
7360.1			1.0
7361.0			1.0
7361.9			1.0
7362.8			1.0
7363.700000000001			1.0
7364.6			1.0
7365.5			1.0
7366.4			1.0
7367.3			1.0
7368.200000000001			1.0
7369.1			1.0
7370.0			1.0
7370.9			1.0
7371.8			1.0
7372.700000000001			1.0
7373.6			1.0
7374.5			1.0
7375.4			1.0
7376.3			1.0
7377.200000000001			1.0
7378.1			1.0
7379.0			1.0
7379.9			1.0
7380.8			1.0
7381.700000000001			1.0
7382.6			1.0
7383.5			1.0
7384.4			1.0
7385.3			1.0
7386.200000000001			1.0
7387.1			1.0
7388.0			1.0
7388.9			1.0
7389.8			1.0
7390.700000000001			1.0
7391.6			1.0
7392.5			1.0
7393.4			1.0
7394.3			1.0
7395.200000000001			1.0
7396.1			1.0
7397.0			1.0
7397.9			1.0
7398.8			1.0
7399.700000000001			1.0
7400.6			1.0
7401.5			1.0
7402.4			1.0
7403.3			1.0
7404.200000000001			1.0
7405.1			1.0
7406.0			1.0
7406.9			1.0
7407.8			1.0
7408.700000000001			1.0
7409.6			1.0
7410.5			1.0
7411.4			1.0
7412.3			1.0
7413.200000000001			1.0
7414.1			1.0
7415.0			1.0
7415.9			1.0
7416.8			1.0
7417.700000000001			1.0
7418.6			1.0
7419.5			1.0
7420.4			1.0
7421.3			1.0
7422.200000000001			1.0
7423.1			1.0
7424.0			1.0
7424.9			1.0
7425.8			1.0
7426.700000000001			1.0
7427.6			1.0
7428.5			1.0
7429.4			1.0
