3500.0			1.0
3500.9			1.0
3501.8			1.0
3502.7			1.0
3503.6			1.0
3504.5			1.0
3505.4			1.0
3506.3			1.0
3507.2			1.0
3508.1			1.0
3509.0			1.0
3509.9			1.0
3510.8			1.0
3511.7			1.0
3512.6			1.0
3513.5			1.0
3514.4			1.0
3515.3			1.0
3516.2			1.0
3517.1			1.0
3518.0			1.0
3518.9			1.0
3519.8			1.0
3520.7			1.0
3521.6			1.0
3522.5			1.0
3523.4			1.0
3524.3			1.0
3525.2			1.0
3526.1			1.0
3527.0			1.0
3527.9			1.0
3528.8			1.0
3529.7			1.0
3530.6			1.0
3531.5			1.0
3532.4			1.0
3533.3			1.0
3534.2			1.0
3535.1			1.0
3536.0			1.0
3536.9			1.0
3537.8			1.0
3538.7			1.0
3539.6			1.0
3540.5			1.0
3541.4			1.0
3542.3			1.0
3543.2			1.0
3544.1			1.0
3545.0			1.0
3545.9			1.0
3546.8			1.0
3547.7			1.0
3548.6			1.0
3549.5			1.0
3550.4			1.0
3551.3			1.0
3552.2			1.0
3553.1			1.0
3554.0			1.0
3554.9			1.0
3555.8			1.0
3556.7			1.0
3557.6			1.0
3558.5			1.0
3559.4			1.0
3560.3			1.0
3561.2			1.0
3562.1			1.0
3563.0			1.0
3563.9			1.0
3564.8			1.0
3565.7			1.0
3566.6			1.0
3567.5			1.0
3568.4			1.0
3569.3			1.0
3570.2			1.0
3571.1			1.0
3572.0			1.0
3572.9			1.0
3573.8			1.0
3574.7			1.0
3575.6			1.0
3576.5			1.0
3577.4			1.0
3578.3			1.0
3579.2			1.0
3580.1			1.0
3581.0			1.0
3581.9			1.0
3582.8			1.0
3583.7			1.0
3584.6			1.0
3585.5			1.0
3586.4			1.0
3587.3			1.0
3588.2			1.0
3589.1			1.0
3590.0			1.0
3590.9			1.0
3591.8			1.0
3592.7			1.0
3593.6			1.0
3594.5			1.0
3595.4			1.0
3596.3			1.0
3597.2			1.0
3598.1			1.0
3599.0			1.0
3599.9			1.0
3600.8			1.0
3601.7			1.0
3602.6			1.0
3603.5			1.0
3604.4			1.0
3605.3			1.0
3606.2			1.0
3607.1			1.0
3608.0			1.0
3608.9			1.0
3609.8			1.0
3610.7			1.0
3611.6			1.0
3612.5			1.0
3613.4			1.0
3614.3			1.0
3615.2			1.0
3616.1			1.0
3617.0			1.0
3617.9			1.0
3618.8			1.0
3619.7			1.0
3620.6			1.0
3621.5			1.0
3622.4			1.0
3623.3			1.0
3624.2			1.0
3625.1			1.0
3626.0			1.0
3626.9			1.0
3627.8			1.0
3628.7			1.0
3629.6			1.0
3630.5			1.0
3631.4			1.0
3632.3			1.0
3633.2			1.0
3634.1			1.0
3635.0			1.0
3635.9			1.0
3636.8			1.0
3637.7			1.0
3638.6			1.0
3639.5			1.0
3640.4			1.0
3641.3			1.0
3642.2			1.0
3643.1			1.0
3644.0			1.0
3644.9			1.0
3645.8			1.0
3646.7			1.0
3647.6			1.0
3648.5			1.0
3649.4			1.0
3650.3			1.0
3651.2			1.0
3652.1			1.0
3653.0			1.0
3653.9			1.0
3654.8			1.0
3655.7			1.0
3656.6			1.0
3657.5			1.0
3658.4			1.0
3659.3			1.0
3660.2			1.0
3661.1			1.0
3662.0			1.0
3662.9			1.0
3663.8			1.0
3664.7			1.0
3665.6			1.0
3666.5			1.0
3667.4			1.0
3668.3			1.0
3669.2			1.0
3670.1			1.0
3671.0			1.0
3671.9			1.0
3672.8			1.0
3673.7			1.0
3674.6			1.0
3675.5			1.0
3676.4			1.0
3677.3			1.0
3678.2			1.0
3679.1			1.0
3680.0			1.0
3680.9			1.0
3681.8			1.0
3682.7			1.0
3683.6			1.0
3684.5			1.0
3685.4			1.0
3686.3			1.0
3687.2			1.0
3688.1			1.0
3689.0			1.0
3689.9			1.0
3690.8			1.0
3691.7			1.0
3692.6			1.0
3693.5			1.0
3694.4			1.0
3695.3			1.0
3696.2			1.0
3697.1			1.0
3698.0			1.0
3698.9			1.0
3699.8			1.0
3700.7			1.0
3701.6			1.0
3702.5			1.0
3703.4			1.0
3704.3			1.0
3705.2			1.0
3706.1			1.0
3707.0			1.0
3707.9			1.0
3708.8			1.0
3709.7			1.0
3710.6			1.0
3711.5			1.0
3712.4			1.0
3713.3			1.0
3714.2			1.0
3715.1			1.0
3716.0			1.0
3716.9			1.0
3717.8			1.0
3718.7			1.0
3719.6			1.0
3720.5			1.0
3721.4			1.0
3722.3			1.0
3723.2			1.0
3724.1			1.0
3725.0			1.0
3725.9			1.0
3726.8			1.0
3727.7			1.0
3728.6			1.0
3729.5			1.0
3730.4			1.0
3731.3			1.0
3732.2			1.0
3733.1			1.0
3734.0			1.0
3734.9			1.0
3735.8			1.0
3736.7			1.0
3737.6			1.0
3738.5			1.0
3739.4			1.0
3740.3			1.0
3741.2			1.0
3742.1			1.0
3743.0			1.0
3743.9			1.0
3744.8			1.0
3745.7			1.0
3746.6			1.0
3747.5			1.0
3748.4			1.0
3749.3			1.0
3750.2			1.0
3751.1			1.0
3752.0			1.0
3752.9			1.0
3753.8			1.0
3754.7			1.0
3755.6			1.0
3756.5			1.0
3757.4			1.0
3758.3			1.0
3759.2			1.0
3760.1			1.0
3761.0			1.0
3761.9			1.0
3762.8			1.0
3763.7			1.0
3764.6			1.0
3765.5			1.0
3766.4			1.0
3767.3			1.0
3768.2			1.0
3769.1			1.0
3770.0			1.0
3770.9			1.0
3771.8			1.0
3772.7			1.0
3773.6			1.0
3774.5			1.0
3775.4			1.0
3776.3			1.0
3777.2			1.0
3778.1			1.0
3779.0			1.0
3779.9			1.0
3780.8			1.0
3781.7			1.0
3782.6			1.0
3783.5			1.0
3784.4			1.0
3785.3			1.0
3786.2			1.0
3787.1			1.0
3788.0			1.0
3788.9			1.0
3789.8			1.0
3790.7			1.0
3791.6			1.0
3792.5			1.0
3793.4			1.0
3794.3			1.0
3795.2			1.0
3796.1			1.0
3797.0			1.0
3797.9			1.0
3798.8			1.0
3799.7			1.0
3800.6			1.0
3801.5			1.0
3802.4			1.0
3803.3			1.0
3804.2			1.0
3805.1			1.0
3806.0			1.0
3806.9			1.0
3807.8			1.0
3808.7			1.0
3809.6			1.0
3810.5			1.0
3811.4			1.0
3812.3			1.0
3813.2			1.0
3814.1			1.0
3815.0			1.0
3815.9			1.0
3816.8			1.0
3817.7			1.0
3818.6			1.0
3819.5			1.0
3820.4			1.0
3821.3			1.0
3822.2			1.0
3823.1			1.0
3824.0			1.0
3824.9			1.0
3825.8			1.0
3826.7			1.0
3827.6			1.0
3828.5			1.0
3829.4			1.0
3830.3			1.0
3831.2			1.0
3832.1			1.0
3833.0			1.0
3833.9			1.0
3834.8			1.0
3835.7			1.0
3836.6			1.0
3837.5			1.0
3838.4			1.0
3839.3			1.0
3840.2			1.0
3841.1			1.0
3842.0			1.0
3842.9			1.0
3843.8			1.0
3844.7			1.0
3845.6			1.0
3846.5			1.0
3847.4			1.0
3848.3			1.0
3849.2			1.0
3850.1			1.0
3851.0			1.0
3851.9			1.0
3852.8			1.0
3853.7			1.0
3854.6			1.0
3855.5			1.0
3856.4			1.0
3857.3			1.0
3858.2			1.0
3859.1			1.0
3860.0			1.0
3860.9			1.0
3861.8			1.0
3862.7			1.0
3863.6			1.0
3864.5			1.0
3865.4			1.0
3866.3			1.0
3867.2			1.0
3868.1			1.0
3869.0			1.0
3869.9			1.0
3870.8			1.0
3871.7			1.0
3872.6			1.0
3873.5			1.0
3874.4			1.0
3875.3			1.0
3876.2			1.0
3877.1			1.0
3878.0			1.0
3878.9			1.0
3879.8			1.0
3880.7			1.0
3881.6			1.0
3882.5			1.0
3883.4			1.0
3884.3			1.0
3885.2			1.0
3886.1			1.0
3887.0			1.0
3887.9			1.0
3888.8			1.0
3889.7			1.0
3890.6			1.0
3891.5			1.0
3892.4			1.0
3893.3			1.0
3894.2			1.0
3895.1			1.0
3896.0			1.0
3896.9			1.0
3897.8			1.0
3898.7			1.0
3899.6			1.0
3900.5			1.0
3901.4			1.0
3902.3			1.0
3903.2			1.0
3904.1			1.0
3905.0			1.0
3905.9			1.0
3906.8			1.0
3907.7			1.0
3908.6			1.0
3909.5			1.0
3910.4			1.0
3911.3			1.0
3912.2			1.0
3913.1			1.0
3914.0			1.0
3914.9			1.0
3915.8			1.0
3916.7			1.0
3917.6			1.0
3918.5			1.0
3919.4			1.0
3920.3			1.0
3921.2			1.0
3922.1			1.0
3923.0			1.0
3923.9			1.0
3924.8			1.0
3925.7			1.0
3926.6			1.0
3927.5			1.0
3928.4			1.0
3929.3			1.0
3930.2			1.0
3931.1			1.0
3932.0			1.0
3932.9			1.0
3933.8			1.0
3934.7			1.0
3935.6			1.0
3936.5			1.0
3937.4			1.0
3938.3			1.0
3939.2			1.0
3940.1			1.0
3941.0			1.0
3941.9			1.0
3942.8			1.0
3943.7			1.0
3944.6			1.0
3945.5			1.0
3946.4			1.0
3947.3			1.0
3948.2			1.0
3949.1			1.0
3950.0			1.0
3950.9			1.0
3951.8			1.0
3952.7			1.0
3953.6			1.0
3954.5			1.0
3955.4			1.0
3956.3			1.0
3957.2			1.0
3958.1			1.0
3959.0			1.0
3959.9			1.0
3960.8			1.0
3961.7			1.0
3962.6			1.0
3963.5			1.0
3964.4			1.0
3965.3			1.0
3966.2			1.0
3967.1			1.0
3968.0			1.0
3968.9			1.0
3969.8			1.0
3970.7			1.0
3971.6			1.0
3972.5			1.0
3973.4			1.0
3974.3			1.0
3975.2			1.0
3976.1			1.0
3977.0			1.0
3977.9			1.0
3978.8			1.0
3979.7			1.0
3980.6			1.0
3981.5			1.0
3982.4			1.0
3983.3			1.0
3984.2			1.0
3985.1			1.0
3986.0			1.0
3986.9			1.0
3987.8			1.0
3988.7			1.0
3989.6			1.0
3990.5			1.0
3991.4			1.0
3992.3			1.0
3993.2			1.0
3994.1			1.0
3995.0			1.0
3995.9			1.0
3996.8			1.0
3997.7			1.0
3998.6			1.0
3999.5			1.0
4000.4			1.0
4001.3			1.0
4002.2			1.0
4003.1			1.0186229602613317
4004.0			0.9755037342751361
4004.9			0.8562411890287592
4005.8			0.7814263031429134
4006.7			0.829593088646341
4007.6			0.9338858627281243
4008.5			1.0028710775778937
4009.4			1.0
4010.3			1.0
4011.2			1.0
4012.1			1.0
4013.0			1.0
4013.9			1.0
4014.8			1.0
4015.7			1.0
4016.6			1.0
4017.5			1.0
4018.4			1.0
4019.3			1.0
4020.2			1.0
4021.1			1.0
4022.0			1.0
4022.9			1.0
4023.8			1.0
4024.7			1.0
4025.6			1.0
4026.5			1.0
4027.4			1.0499315181211166
4028.3			1.0585666998800873
4029.2			1.0073815512363202
4030.1			0.8872040811233308
4031.0			0.789828776739602
4031.9			0.7688709007845447
4032.8			0.7893173683232201
4033.7			0.8324528391376903
4034.6			0.887513123445404
4035.5			0.9414331293487145
4036.4			0.998925805699499
4037.3			1.0
4038.2			1.0
4039.1			1.0
4040.0			1.0
4040.9			1.0
4041.8			1.0
4042.7			1.0251157915061964
4043.6			0.9623445281252854
4044.5			0.8113530990201226
4045.4			0.688279348061221
4046.3			0.7314347328631725
4047.2			0.8977412167764401
4048.1			0.9900143331519653
4049.0			1.0
4049.9			1.0
4050.8			1.0
4051.7			1.0
4052.6			1.0
4053.5			1.0
4054.4			1.0
4055.3			1.0
4056.2			1.0
4057.1			1.0
4058.0			1.0
4058.9			1.0
4059.8			1.0
4060.7			1.0663333036958524
4061.6			1.0431116391943427
4062.5			0.9246378246713172
4063.4			0.8180234246015103
4064.3			0.8527988891697592
4065.2			0.971080384124981
4066.1			0.9982188341017815
4067.0			1.0
4067.9			1.0
4068.8			1.0
4069.7			1.0
4070.6			1.0
4071.5			1.0
4072.4			1.0
4073.3			1.0
4074.2			1.0116966129499838
4075.1			0.9294858557519846
4076.0			0.7936875254969292
4076.9			0.6693165156869824
4077.8			0.6399011626711353
4078.7			0.7257048050243882
4079.6			0.8496378907070987
4080.5			0.9512047423177826
4081.4			0.998885488280607
4082.3			1.0
4083.2			1.0
4084.1			1.0
4085.0			1.0
4085.9			1.0
4086.8			1.0
4087.7			1.0
4088.6			1.0
4089.5			1.0
4090.4			1.0
4091.3			1.0
4092.2			1.0
4093.1			1.0
4094.0			1.0
4094.9			1.0
4095.8			1.0
4096.7			1.0
4097.6			1.0
4098.5			0.9998643310563706
4099.4			0.9540058074008402
4100.3			0.8375989622729377
4101.2			0.702754047495646
4102.1			0.679411942736959
4103.0			0.7803528972051123
4103.9			0.8879808382056841
4104.8			0.9567750625034588
4105.7			1.0007419522214445
4106.6			1.0
4107.5			1.0
4108.4			1.0
4109.3			1.0
4110.2			1.0
4111.1			1.0
4112.0			1.0
4112.9			1.0
4113.8			1.0
4114.7			1.0
4115.6			1.0
4116.5			1.0
4117.4			1.0
4118.3			1.0
4119.2			1.0
4120.1			1.0
4121.0			1.0
4121.9			1.0
4122.8			1.0
4123.7			1.0067258445425074
4124.6			1.0550942835964834
4125.5			1.0693580291723395
4126.4			1.0328101892836623
4127.3			0.9736753444526807
4128.2			0.9340157618566701
4129.1			0.9329969534033593
4130.0			0.9541239785379073
4130.9			0.9699486383535663
4131.8			0.9299114694293638
4132.7			0.8872487492819294
4133.6			0.8874055240208786
4134.5			0.9197511516972218
4135.4			1.0016463971563914
4136.3			1.060634749424382
4137.2			1.0558479460499317
4138.1			1.0696295392240596
4139.0			1.1215679637865106
4139.9			1.0
4140.8			0.9781023486951294
4141.7			0.9050248950465795
4142.6			0.800624504891873
4143.5			0.7469262425235818
4144.4			0.808930420913284
4145.3			0.9260362434422849
4146.2			1.0028351237538506
4147.1			1.0
4148.0			1.0
4148.9			1.0
4149.8			1.0
4150.7			1.0
4151.6			1.0252101535178788
4152.5			1.0303615274745375
4153.4			1.0155075484301643
4154.3			0.9785795735473363
4155.2			0.9482035738192036
4156.1			0.9206087062236158
4157.0			0.9221673715073445
4157.9			0.9785618062062166
4158.8			1.0315343860307806
4159.7			1.0367504989932268
4160.6			1.0021926706229736
4161.5			1.0
4162.4			1.0
4163.3			1.0
4164.2			0.974909449125259
4165.1			0.9690318862805419
4166.0			0.9663484009649801
4166.9			0.9360699370865793
4167.8			0.9310859511120946
4168.7			0.9850660948136098
4169.6			1.0260523785708737
4170.5			0.9988496078593733
4171.4			0.9068486005590283
4172.3			0.7992747352824981
4173.2			0.7598952090091632
4174.1			0.8123142611591087
4175.0			0.8946356167270377
4175.9			0.9346940934759056
4176.8			0.9073356929667883
4177.7			0.8560352464872445
4178.6			0.8554400624535501
4179.5			0.9207112255923869
4180.4			0.987673276735328
4181.3			1.0012796027693969
4182.2			0.993371271270184
4183.1			1.0
4184.0			1.0
4184.9			1.0
4185.8			1.0
4186.7			0.9318041206798154
4187.6			0.8804875876542523
4188.5			0.9222668071125057
4189.4			0.9789584065209608
4190.3			0.9679927146082699
4191.2			0.9312830237273667
4192.1			0.9510128332177641
4193.0			1.0137136341146504
4193.9			1.0240321985821945
4194.8			0.943747462752244
4195.7			0.8421800520979029
4196.6			0.7970977486185078
4197.5			0.7905903131512956
4198.4			0.7914279501788412
4199.3			0.8352935620113198
4200.2			0.8870647326047166
4201.1			0.8776169031200537
4202.0			0.836974839722131
4202.9			0.838685495757393
4203.8			0.857070016544043
4204.7			0.8459659301245944
4205.6			0.8625454775546586
4206.5			0.9209992226864112
4207.4			0.9802623196239297
4208.3			0.9992499409238016
4209.2			1.0
4210.1			1.0
4211.0			1.0
4211.9			1.0
4212.8			1.0
4213.7			0.9703094151042867
4214.6			0.8772624240784347
4215.5			0.7883075766925215
4216.4			0.8426023379820597
4217.3			0.9940482496199443
4218.2			1.0
4219.1			1.0
4220.0			1.0
4220.9			1.0
4221.8			1.0
4222.7			0.9298604222938993
4223.6			0.8673740478468144
4224.5			0.8052316673036587
4225.4			0.7111262333197129
4226.3			0.6086582957895932
4227.2			0.61729431757788
4228.1			1.0
4229.0			1.193282778916241
4229.9			1.2479169743441634
4230.8			1.2558815108168937
4231.7			1.206442311641991
4232.6			1.0815474006814398
4233.5			1.0085102159360153
4234.4			1.0309280655486517
4235.3			1.0109684189747774
4236.2			0.9472095340797203
4237.1			0.93916199578514
4238.0			0.9495372748587156
4238.9			0.9363510617643118
4239.8			0.9421731613557831
4240.7			1.0008818206229437
4241.6			1.0486778487115471
4242.5			1.0
4243.4			0.9938135930667071
4244.3			1.0376448261083389
4245.2			1.0339921484088257
4246.1			0.9636145623588215
4247.0			0.8920723537817881
4247.9			0.8753016571305852
4248.8			0.8975992919838194
4249.7			0.9081565407497972
4250.6			0.9113424524041841
4251.5			0.9532587367430287
4252.4			0.9999896486360671
4253.3			1.0
4254.2			1.0
4255.1			1.0
4256.0			1.0
4256.9			1.0387901389248393
4257.8			1.009765996227837
4258.7			0.9242793625424495
4259.6			0.854687103446155
4260.5			0.8171919445289797
4261.4			0.8452280362516433
4262.3			0.9283592208130903
4263.2			0.992094855627382
4264.1			1.000113243420639
4265.0			1.0
4265.9			1.0
4266.8			0.9796944534472947
4267.7			0.9235541135151731
4268.6			0.8868781791812705
4269.5			0.8635756471146911
4270.4			0.8117682621089011
4271.3			0.7392349531614839
4272.2			0.7299390448869272
4273.1			0.7829041933807878
4274.0			0.8059068634261229
4274.9			0.8154078283729528
4275.8			0.8743075969117582
4276.7			0.9528780994943454
4277.6			0.9996160857300903
4278.5			1.0
4279.4			1.0
4280.3			1.0
4281.2			1.0
4282.1			1.0
4283.0			1.0240463418388572
4283.9			1.0218403430073453
4284.8			0.9690194937335012
4285.7			0.907725527557266
4286.6			0.8931885645214608
4287.5			0.8970136168314102
4288.4			0.8492178745595877
4289.3			0.7502544716612061
4290.2			0.6998654880842942
4291.1			0.7559873102685786
4292.0			0.8714568197835189
4292.9			0.9529148618098633
4293.8			0.9372873957887584
4294.7			0.8789484821807152
4295.6			0.841595086173458
4296.5			0.8086133656951885
4297.4			0.7695125008091783
4298.3			0.7011111040202855
4299.2			0.596494013625679
4300.1			0.542950726013085
4301.0			0.5759835594237052
4301.9			0.6047912924980351
4302.8			0.6028144856790437
4303.7			0.6211846143065063
4304.6			0.6446873495280072
4305.5			0.6512048156730987
4306.4			0.654491996889559
4307.3			0.6223311780586213
4308.2			0.56765873249756
4309.1			0.5551677959327201
4310.0			0.5950556850131901
4310.9			0.6476342929809257
4311.8			0.6852108601449762
4312.7			0.7084377524498621
4313.6			0.7145012417096848
4314.5			0.7321566899657393
4315.4			0.826991767802378
4316.3			0.9466356615281627
4317.2			1.0020079261649342
4318.1			1.0
4319.0			1.0
4319.9			1.0
4320.8			1.0
4321.7			0.9717473984147085
4322.6			0.9406434460908938
4323.5			0.8515180140412041
4324.4			0.7431355254704153
4325.3			0.6648123420839918
4326.2			0.6917069867357674
4327.1			0.8224752096930383
4328.0			0.9525777237955363
4328.9			0.9972596814536641
4329.8			1.0
4330.7			1.0
4331.6			1.0
4332.5			1.0
4333.4			1.0
4334.3			1.0
4335.2			1.0
4336.1			0.975940717705223
4337.0			0.8384234581788779
4337.9			0.7105031448349174
4338.8			0.6597381554982781
4339.7			0.595361497208956
4340.6			0.5634128207523201
4341.5			0.6822091262179296
4342.4			0.8553749690737371
4343.3			0.9196598299406411
4344.2			0.9301911983639072
4345.1			0.9992632746430896
4346.0			1.0
4346.9			1.0
4347.8			1.0
4348.7			1.0
4349.6			1.018380353665583
4350.5			0.9218428992658122
4351.4			0.7877909406522233
4352.3			0.774399990395036
4353.2			0.8823436341209111
4354.1			0.9723186208425748
4355.0			1.00471565837629
4355.9			1.0
4356.8			1.0
4357.7			1.0
4358.6			1.0
4359.5			1.0
4360.4			1.0
4361.3			1.0
4362.2			1.0
4363.1			1.0
4364.0			1.0
4364.9			1.0
4365.8			1.0
4366.7			1.0
4367.6			1.0
4368.5			1.0
4369.4			1.0
4370.3			1.0
4371.2			1.0
4372.1			1.0066515762271364
4373.0			0.9561454640799585
4373.9			0.8447037845859094
4374.8			0.7666683400452912
4375.7			0.8049858985812813
4376.6			0.9135362582404003
4377.5			1.000265127498402
4378.4			1.0
4379.3			1.0
4380.2			1.0
4381.1			1.0073586076219672
4382.0			0.9574047554493105
4382.9			0.8109281163653397
4383.8			0.6755270583311735
4384.7			0.674493805518323
4385.6			0.8004131850527557
4386.5			0.9349947482787291
4387.4			0.9901523364933023
4388.3			0.9953498728821819
4389.2			1.0
4390.1			1.0
4391.0			1.0
4391.9			1.0
4392.8			1.0
4393.7			1.0
4394.6			1.0
4395.5			1.0
4396.4			1.0
4397.3			1.0
4398.2			1.0
4399.1			0.9176555770242063
4400.0			0.8287055152294092
4400.9			0.8162620758763043
4401.8			0.9177421622639595
4402.7			1.0024993602509644
4403.6			1.0
4404.5			1.0
4405.4			1.0
4406.3			1.0
4407.2			1.0
4408.1			1.0
4409.0			1.0
4409.9			1.0
4410.8			1.0
4411.7			1.0560613039514257
4412.6			1.0906089453646508
4413.5			1.056844181938525
4414.4			0.9467145043159576
4415.3			0.8694626302412748
4416.2			0.883583026852759
4417.1			0.9125278723240813
4418.0			0.935482136370292
4418.9			0.9997334139513697
4419.8			1.0
4420.7			1.0
4421.6			1.0
4422.5			1.0
4423.4			1.0
4424.3			1.0
4425.2			1.0
4426.1			1.0
4427.0			1.0
4427.9			1.0
4428.8			1.0
4429.7			1.0
4430.6			1.0
4431.5			1.0
4432.4			1.0
4433.3			1.0
4434.2			1.0
4435.1			1.0
4436.0			1.0
4436.9			1.0
4437.8			1.0
4438.7			1.0
4439.6			0.99439234206968
4440.5			0.9513219127686366
4441.4			0.8881451113438102
4442.3			0.8208372500426948
4443.2			0.7802168288662495
4444.1			0.8140748804636022
4445.0			0.922889443828942
4445.9			1.0
4446.8			0.9967726892145248
4447.7			0.9931568181178728
4448.6			1.011175221221877
4449.5			0.9817266505150015
4450.4			0.9382337515509893
4451.3			0.955743744679756
4452.2			0.9952783731882305
4453.1			0.9893032771105994
4454.0			0.9232698138220908
4454.9			0.8434049420146462
4455.8			0.833192760101511
4456.7			0.8779531282500841
4457.6			0.8998085564525001
4458.5			0.8934382616043635
4459.4			0.8986871948997732
4460.3			0.901686114270289
4461.2			0.8642504575758728
4462.1			0.8560813544176813
4463.0			0.928625969987038
4463.9			0.9910647490088041
4464.8			0.9988993638479216
4465.7			1.0
4466.6			1.0
4467.5			1.0
4468.4			1.0
4469.3			1.0
4470.2			1.0
4471.1			1.0
4472.0			1.0
4472.9			1.0
4473.8			1.0
4474.7			1.0
4475.6			1.0
4476.5			1.0
4477.4			1.0305801091049467
4478.3			1.016632378182759
4479.2			0.9419594179451573
4480.1			0.8559755492768893
4481.0			0.8117975834537796
4481.9			0.8195582065059414
4482.8			0.8796083453064748
4483.7			0.9528818162780064
4484.6			0.9994945737285879
4485.5			1.0
4486.4			1.0172330314287363
4487.3			0.9952912797906031
4488.2			0.9352197501045542
4489.1			0.8782663401002937
4490.0			0.8774063305915756
4490.9			0.932551592082189
4491.8			1.0004091969752402
4492.7			1.0355729944305172
4493.6			1.0103224719985513
4494.5			1.0
4495.4			1.0
4496.3			1.0
4497.2			1.0
4498.1			1.0
4499.0			1.0
4499.9			1.0
4500.8			1.0
4501.7			1.0
4502.6			1.0
4503.5			1.0
4504.4			1.0
4505.3			1.0
4506.2			1.0
4507.1			1.0
4508.0			1.0
4508.9			1.0
4509.8			1.0
4510.7			1.0
4511.6			1.0
4512.5			1.0
4513.4			1.0
4514.3			1.0
4515.2			1.0
4516.1			1.0
4517.0			1.0
4517.9			1.0
4518.8			1.0
4519.7			1.0
4520.6			1.0
4521.5			0.9989860817866218
4522.4			0.9434712474093577
4523.3			0.9093445071102891
4524.2			0.9236431008903041
4525.1			0.9234395784716329
4526.0			0.8988140981298884
4526.9			0.8761853860258944
4527.8			0.8617046487178046
4528.7			0.8542611251044462
4529.6			0.8658369679023461
4530.5			0.8918654476319109
4531.4			0.9322681083670575
4532.3			0.9629337519897183
4533.2			0.9282661527844805
4534.1			0.864959714386802
4535.0			0.8502809184991204
4535.9			0.9132436629046333
4536.8			1.029997682515647
4537.7			1.110045135898137
4538.6			1.105183674473772
4539.5			1.060806865666493
4540.4			1.0174355823131214
4541.3			1.003281842320503
4542.2			1.0379611671384983
4543.1			1.0720513794910047
4544.0			1.0463246934959352
4544.9			1.0
4545.8			1.0032933363399414
4546.7			1.0307485935322145
4547.6			1.0336088213027015
4548.5			0.9804151682360674
4549.4			0.9177163692445547
4550.3			0.9397884150439187
4551.2			1.0057158129224295
4552.1			1.0225728953693154
4553.0			0.9953047313794089
4553.9			0.9516126947388316
4554.8			0.9198385986481825
4555.7			0.9401518257713021
4556.6			1.0164780874442432
4557.5			1.0825897471144117
4558.4			1.096997599869988
4559.3			1.0946740073217163
4560.2			1.1000618276115794
4561.1			1.0
4562.0			1.005537116861042
4562.9			0.9659872248443
4563.8			0.9001066696313448
4564.7			0.8614122706511208
4565.6			0.8768024646910805
4566.5			0.938313237993034
4567.4			0.9997481588254534
4568.3			1.0
4569.2			1.0
4570.1			1.0
4571.0			1.0
4571.9			1.0
4572.8			1.0
4573.7			1.0
4574.6			1.0
4575.5			1.0
4576.4			1.0
4577.3			1.0095636434050883
4578.2			0.9931868030591384
4579.1			0.9458913232542927
4580.0			0.8955142060383531
4580.9			0.8751352681504772
4581.8			0.8820362553308833
4582.7			0.8739296296740338
4583.6			0.8616984774143074
4584.5			0.8834113179027724
4585.4			0.9123183630501234
4586.3			0.9383108129215291
4587.2			0.9681261544300381
4588.1			0.993271496947436
4589.0			1.008631290276221
4589.9			0.9994344346512415
4590.8			1.0
4591.7			1.0
4592.6			1.0
4593.5			1.0
4594.4			1.0
4595.3			1.0
4596.2			1.0
4597.1			1.0
4598.0			1.010373121189727
4598.9			1.0209798642739945
4599.8			0.9833385925367002
4600.7			0.9403552663056187
4601.6			0.9547068381879453
4602.5			0.9859830450415584
4603.4			1.0020255930372455
4604.3			1.0
4605.2			1.0
4606.1			1.0
4607.0			1.0
4607.9			1.0
4608.8			1.0
4609.7			1.0
4610.6			1.0
4611.5			1.0
4612.4			1.0
4613.3			1.0
4614.2			1.0
4615.1			1.0
4616.0			1.0
4616.9			1.0
4617.8			1.0
4618.7			1.0
4619.6			1.0
4620.5			1.0
4621.4			1.0
4622.3			1.0
4623.2			1.0
4624.1			1.0
4625.0			1.0
4625.9			1.0
4626.8			1.0
4627.7			1.0
4628.6			1.0
4629.5			1.0
4630.4			1.0
4631.3			1.0
4632.2			1.0
4633.1			1.0
4634.0			1.0
4634.9			1.0
4635.8			1.0
4636.7			1.0
4637.6			1.0
4638.5			1.0
4639.4			1.0
4640.3			1.0
4641.2			1.0
4642.1			1.0
4643.0			0.9841118109707216
4643.9			0.965071780306487
4644.8			0.9488762118929293
4645.7			0.9067266196025002
4646.6			0.8582570061765029
4647.5			0.8450973438123417
4648.4			0.8739630503034077
4649.3			0.9244307963306566
4650.2			0.9709393946626075
4651.1			0.9894577147584299
4652.0			0.9999566409812579
4652.9			1.0
4653.8			0.967365668545003
4654.7			0.9062690573585727
4655.6			0.8664220091968192
4656.5			0.851810111854578
4657.4			0.8802734352331567
4658.3			0.9509065515810017
4659.2			1.0021205796953958
4660.1			1.0
4661.0			1.0
4661.9			0.9476158729562231
4662.8			0.907562202989209
4663.7			0.9056760472166105
4664.6			0.9272621725581325
4665.5			0.9103515107063638
4666.4			0.8312718755175499
4667.3			0.7629717057983398
4668.2			0.7737612493243812
4669.1			0.8338477743267261
4670.0			0.8961850573674643
4670.9			0.9592293240760736
4671.8			1.0007453549003091
4672.7			1.0000959395145077
4673.6			1.0
4674.5			1.0
4675.4			1.0
4676.3			1.032233004198807
4677.2			1.0253761140375306
4678.1			0.9801720645562046
4679.0			0.9337116332607784
4679.9			0.9077809762328375
4680.8			0.8967341686917101
4681.7			0.9035123497341325
4682.6			0.9371639113917802
4683.5			0.9835027208833101
4684.4			1.0030468533266979
4685.3			1.000198099151525
4686.2			1.0
4687.1			1.0
4688.0			1.0
4688.9			1.0
4689.8			1.0
4690.7			1.0
4691.6			1.0
4692.5			1.0
4693.4			1.0
4694.3			1.0
4695.2			1.0
4696.1			1.0
4697.0			1.0
4697.9			1.0
4698.8			1.0
4699.7			1.0
4700.6			1.0
4701.5			1.0
4702.4			1.0
4703.3			1.0
4704.2			1.0136553913371154
4705.1			1.043038038617171
4706.0			1.0389904949976239
4706.9			0.9909052798240888
4707.8			0.9410280056007494
4708.7			0.9206614786210154
4709.6			0.9369490678796496
4710.5			0.987125541087663
4711.4			1.0311764681819087
4712.3			1.0316918314290058
4713.2			0.9944965231476748
4714.1			1.0
4715.0			1.0
4715.9			1.0
4716.8			1.0
4717.7			1.0
4718.6			1.0
4719.5			1.0
4720.4			1.0
4721.3			1.0
4722.2			1.0
4723.1			1.0081612781818754
4724.0			1.0320813728966483
4724.9			1.050948662822884
4725.8			1.0448593099101786
4726.7			0.9938088065096138
4727.6			0.9272176571596293
4728.5			0.8982729125543705
4729.4			0.9060947443799955
4730.3			0.9160747733115782
4731.2			0.926127230861245
4732.1			0.9540062748576347
4733.0			0.9823419383512046
4733.9			1.00019001182481
4734.8			1.0
4735.7			1.0
4736.6			1.0
4737.5			1.0
4738.4			1.0
4739.3			1.0
4740.2			1.0
4741.1			1.0
4742.0			1.0
4742.9			1.0
4743.8			1.0
4744.7			1.0
4745.6			1.0
4746.5			1.0
4747.4			1.0
4748.3			1.0
4749.2			1.0
4750.1			1.0
4751.0			1.0
4751.9			1.0
4752.8			1.0
4753.7			1.0
4754.6			1.0
4755.5			1.0
4756.4			1.0
4757.3			1.0
4758.2			1.0
4759.1			1.026014229316315
4760.0			1.0377552284012657
4760.9			1.0103132634434737
4761.8			0.9509455332955973
4762.7			0.9092844891435276
4763.6			0.899019997163519
4764.5			0.8969283858302738
4765.4			0.8955626108759709
4766.3			0.9118578820719568
4767.2			0.9470823887705216
4768.1			0.9807590148962276
4769.0			1.0191490262205873
4769.9			1.0486604888513904
4770.8			1.0338708785270005
4771.7			1.0001056695503039
4772.6			1.0
4773.5			1.0
4774.4			1.0
4775.3			1.0
4776.2			1.0
4777.1			1.0
4778.0			1.0
4778.9			1.0
4779.8			0.9756848037943285
4780.7			0.9808629610024773
4781.6			0.9916376524060814
4782.5			0.9679114263661766
4783.4			0.941512440560004
4784.3			0.9516163444078438
4785.2			0.9476932451083108
4786.1			0.9008509711431664
4787.0			0.8816521191005441
4787.9			0.9001597916879732
4788.8			0.8995013054376119
4789.7			0.8948049054528505
4790.6			0.9104202750686218
4791.5			0.9241604928913688
4792.4			0.9312813656818564
4793.3			0.9593576082184838
4794.2			0.9990681010968813
4795.1			1.0
4796.0			0.9962182826342977
4796.9			0.9739342901964629
4797.8			0.9344288971026654
4798.7			0.8996612281570658
4799.6			0.893686036484427
4800.5			0.9185736762012207
4801.4			0.9637725585828407
4802.3			0.9988746533967579
4803.2			1.0039730290022144
4804.1			1.0
4805.0			1.0
4805.9			1.0
4806.8			1.0
4807.7			1.0
4808.6			1.0
4809.5			1.0
4810.4			1.0
4811.3			1.0
4812.2			1.0
4813.1			1.0
4814.0			1.0
4814.9			1.0
4815.8			1.0
4816.7			1.0
4817.6			1.0
4818.5			1.0
4819.4			1.0
4820.3			1.0
4821.2			1.0
4822.1			0.9812889513102588
4823.0			0.9262131259958533
4823.9			0.8943923085303775
4824.8			0.9312034718617593
4825.7			0.9940256210883176
4826.6			1.0
4827.5			1.0
4828.4			1.0
4829.3			1.0
4830.2			1.0
4831.1			1.0
4832.0			1.0
4832.9			1.0
4833.8			1.0
4834.7			1.00863931448361
4835.6			0.994633143042594
4836.5			0.9909133350393756
4837.4			0.998796502520409
4838.3			0.9783269983631984
4839.2			0.9358122962748794
4840.1			0.9140926229053467
4841.0			0.9323577773312226
4841.9			0.9517998328714332
4842.8			0.9434821353237236
4843.7			0.9436205272703303
4844.6			0.9729045485157639
4845.5			0.9981171292965958
4846.4			1.0
4847.3			1.0
4848.2			1.0
4849.1			1.0
4850.0			1.0
4850.9			1.0
4851.8			1.0
4852.7			1.0
4853.6			1.0
4854.5			1.0
4855.4			1.0
4856.3			1.0
4857.2			1.0
4858.1			1.010152121834672
4859.0			0.932929623176247
4859.9			0.7870858843441751
4860.8			0.632089372713598
4861.7			0.6175751617971296
4862.6			0.7668803156683979
4863.5			0.9018777851659509
4864.4			0.9583841947023174
4865.3			0.9976236802632938
4866.2			1.0
4867.1			1.0
4868.0			1.0
4868.9			1.0165825357170521
4869.8			1.0034241494094105
4870.7			0.9347172170113986
4871.6			0.8824040561043105
4872.5			0.9101218901530433
4873.4			0.9688277580609792
4874.3			1.0030398213753697
4875.2			1.0
4876.1			1.0
4877.0			1.0
4877.9			1.0
4878.8			1.0
4879.7			1.0
4880.6			1.0
4881.5			0.9431018334727218
4882.4			0.9236878908718494
4883.3			0.9240886986857288
4884.2			0.9044922035165764
4885.1			0.8786718831019529
4886.0			0.8701824942259846
4886.9			0.8860312798992844
4887.8			0.9062727648264167
4888.7			0.9095797487638371
4889.6			0.9003576288045602
4890.5			0.8665035799010868
4891.4			0.8598701433761453
4892.3			0.9234999217389753
4893.2			0.9942406320905303
4894.1			1.035906492136117
4895.0			1.0575879970572082
4895.9			1.0582455133281796
4896.8			1.0560946720850255
4897.7			1.0574453609750378
4898.6			1.0350138816900174
4899.5			0.9852951653199408
4900.4			0.9688245311717688
4901.3			0.9991071078813597
4902.2			1.0
4903.1			1.0
4904.0			1.0
4904.9			1.0
4905.8			1.0
4906.7			1.0093334121065944
4907.6			0.9841823594695744
4908.5			0.9488600247137163
4909.4			0.8978895823612782
4910.3			0.8550057714154751
4911.2			0.8702080037656762
4912.1			1.0
4913.0			1.0382232607398953
4913.9			1.054988629962941
4914.8			1.0817304552994471
4915.7			1.0983205897154766
4916.6			1.06511000472023
4917.5			0.9902990144440561
4918.4			0.9112184732491779
4919.3			0.8608743906329119
4920.2			0.8408648020575936
4921.1			0.8578039291818704
4922.0			0.9007090121878821
4922.9			0.9073612374079784
4923.8			0.8673607486634289
4924.7			0.870186519195737
4925.6			0.9414987335053849
4926.5			0.9985306684777394
4927.4			1.0027358035469307
4928.3			1.0
4929.2			1.0
4930.1			1.0
4931.0			1.0
4931.9			1.0
4932.8			1.0
4933.7			1.0
4934.6			1.0
4935.5			1.0
4936.4			0.9978568153011005
4937.3			0.942135203508961
4938.2			0.8785300519099237
4939.1			0.8584563657473665
4940.0			0.912620448621996
4940.9			0.9856515215865481
4941.8			1.0067560272974896
4942.7			1.0
4943.6			1.0
4944.5			1.0
4945.4			1.0
4946.3			1.0
4947.2			1.0
4948.1			1.0
4949.0			1.0
4949.9			1.0
4950.8			1.0
4951.7			1.0
4952.6			1.0
4953.5			1.0
4954.4			1.0
4955.3			1.0
4956.2			0.9507077071935922
4957.1			0.8590602280162004
4958.0			0.8413680680453927
4958.9			0.9237849696199388
4959.8			1.0004026788996532
4960.7			1.0
4961.6			1.0
4962.5			1.0
4963.4			1.0
4964.3			1.0
4965.2			1.0
4966.1			1.0
4967.0			1.0
4967.9			1.0
4968.8			1.0
4969.7			1.0
4970.6			1.0
4971.5			1.0
4972.4			1.0
4973.3			1.0
4974.2			1.0
4975.1			1.0
4976.0			1.0
4976.9			1.0
4977.8			1.0
4978.7			0.9778475285550454
4979.6			0.9707962937214946
4980.5			0.9525252446187524
4981.4			0.8981193618622566
4982.3			0.8310842841278138
4983.2			0.8054640356028641
4984.1			0.8287054511530809
4985.0			0.8640168954390743
4985.9			0.9062301554795215
4986.8			0.9645026222546825
4987.7			1.0014268898943448
4988.6			1.0
4989.5			1.0
4990.4			1.0
4991.3			1.0
4992.2			1.0
4993.1			1.0
4994.0			1.0
4994.9			1.0
4995.8			1.0
4996.7			1.0
4997.6			1.0
4998.5			1.0
4999.4			1.0
5000.3			1.0
5001.2			1.0
5002.1			1.0
5003.0			1.007268799060462
5003.9			0.9996012348395964
5004.8			0.9497851552115157
5005.7			0.8902259311309393
5006.6			0.8877398887835342
5007.5			0.9486315292097707
5008.4			1.0056912534650966
5009.3			1.0
5010.2			0.9718106083679761
5011.1			0.9309843039491543
5012.0			0.8835796997969305
5012.9			0.8448186843755344
5013.8			0.8317785141594642
5014.7			0.8598013160970992
5015.6			0.9073638577764123
5016.5			0.9146404391398057
5017.4			0.8697386693526427
5018.3			0.8424557838835496
5019.2			0.883817071684988
5020.1			0.9447737380055873
5021.0			0.9636613218169338
5021.9			0.9506130408313657
5022.8			0.95637032194929
5023.7			0.9900463934886902
5024.6			1.0150036117537387
5025.5			1.0186885069653338
5026.4			0.997998019485314
5027.3			1.0
5028.2			1.0
5029.1			1.0
5030.0			1.0
5030.9			1.0
5031.8			1.0
5032.7			1.0
5033.6			1.0
5034.5			1.0
5035.4			1.0
5036.3			0.956901772017813
5037.2			0.9668489517966351
5038.1			0.9608529744578868
5039.0			0.9154106400403507
5039.9			0.8470843645459292
5040.8			0.7843978655416337
5041.7			0.7941702559341083
5042.6			0.8792496249872821
5043.5			0.9509197141924988
5044.4			0.979000957414976
5045.3			0.9962821189739665
5046.2			1.0
5047.1			1.0
5048.0			1.0
5048.9			1.0
5049.8			1.0
5050.7			1.0
5051.6			1.0
5052.5			1.0
5053.4			1.0
5054.3			1.0
5055.2			1.0
5056.1			1.0
5057.0			1.0
5057.9			1.0
5058.8			1.0
5059.7			1.0
5060.6			1.0
5061.5			1.0
5062.4			1.0
5063.3			1.0
5064.2			1.0
5065.1			1.0
5066.0			1.0
5066.9			1.0
5067.8			1.0
5068.7			1.0
5069.6			1.0
5070.5			1.0
5071.4			1.0
5072.3			1.0
5073.2			1.0
5074.1			1.0
5075.0			0.9953463183698089
5075.9			1.0010364460034193
5076.8			1.0286118178567374
5077.7			1.0225988445147813
5078.6			0.9421622205884812
5079.5			0.8576454284203018
5080.4			0.86296215981628
5081.3			0.9343876539977781
5082.2			0.982016653894627
5083.1			0.9863375280804144
5084.0			1.0023918816495216
5084.9			1.0
5085.8			1.0
5086.7			1.0
5087.6			1.0
5088.5			1.0
5089.4			1.0
5090.3			1.0
5091.2			1.0
5092.1			1.0
5093.0			1.0
5093.9			1.0
5094.8			1.0
5095.7			0.9787672965621117
5096.6			0.9287390434324116
5097.5			0.8719110569213852
5098.4			0.8296576996989231
5099.3			0.8326030370500032
5100.2			0.8967016145145341
5101.1			0.9746024280827728
5102.0			1.010194798395689
5102.9			1.0020392241001082
5103.8			1.0
5104.7			1.0
5105.6			1.0
5106.5			1.0
5107.4			1.0
5108.3			1.0
5109.2			1.0
5110.1			1.0
5111.0			1.0
5111.9			1.0
5112.8			1.0190042492848312
5113.7			1.0127951143879157
5114.6			0.9987623500425243
5115.5			1.002932738129548
5116.4			1.0282790970825675
5117.3			1.0493354269378672
5118.2			1.051652457678843
5119.1			1.0385964209907084
5120.0			1.016434941422312
5120.9			0.9921336193024669
5121.8			0.9617358384250474
5122.7			0.920263068925216
5123.6			0.8919880543277882
5124.5			0.8972927827204452
5125.4			0.9208280450921137
5126.3			0.9361221285467655
5127.2			0.9353878859614956
5128.1			0.9238272064109613
5129.0			0.9138032676500796
5129.9			0.9181938242872177
5130.8			0.9279434087656907
5131.7			0.9349130030160623
5132.6			0.9447645236158037
5133.5			0.9655458299890577
5134.4			1.0001019106416777
5135.3			1.0
5136.2			1.0
5137.1			1.0
5138.0			1.0
5138.9			1.0
5139.8			1.0148096430348594
5140.7			1.0329531946304327
5141.6			0.9911010618877939
5142.5			0.9445013201091209
5143.4			0.9699453072812091
5144.3			1.0110309833827267
5145.2			1.0025817056085733
5146.1			1.0
5147.0			1.0
5147.9			1.0
5148.8			1.0
5149.7			1.0
5150.6			1.0
5151.5			1.0
5152.4			1.0
5153.3			1.0
5154.2			1.0
5155.1			1.0
5156.0			1.0
5156.9			1.0
5157.8			1.0
5158.7			1.0
5159.6			1.0
5160.5			1.0
5161.4			1.0
5162.3			1.0
5163.2			1.0247819679131385
5164.1			1.0300680169028527
5165.0			0.994454542251304
5165.9			0.9299742544797441
5166.8			0.8600018363525227
5167.7			0.8309719697496825
5168.6			0.8868500543864195
5169.5			1.0220922814482625
5170.4			1.1216632499658508
5171.3			1.0816040479088702
5172.2			0.9987677704847573
5173.1			1.0
5174.0			1.0
5174.9			1.0
5175.8			1.0
5176.7			1.0
5177.6			1.0
5178.5			1.0
5179.4			1.0
5180.3			1.0
5181.2			0.9886800202893842
5182.1			0.9064923247310709
5183.0			0.7763230100197862
5183.9			0.7417110496464531
5184.8			0.8416678494418725
5185.7			0.9559532642990709
5186.6			1.0032726194195585
5187.5			1.0
5188.4			1.0
5189.3			1.0
5190.2			1.0
5191.1			1.0
5192.0			1.0
5192.9			1.0
5193.8			1.0
5194.7			1.0
5195.6			1.0
5196.5			1.0
5197.4			1.0
5198.3			1.0
5199.2			1.0
5200.1			1.0
5201.0			1.0033890661117382
5201.9			1.0003755413407636
5202.8			1.0042313559259108
5203.7			0.986138238989472
5204.6			0.9318575882952511
5205.5			0.9002362666310695
5206.4			0.928008207370108
5207.3			0.9502358070956588
5208.2			0.946499807905162
5209.1			0.9676906776287538
5210.0			0.9996081764174278
5210.9			1.0
5211.8			1.0
5212.7			1.0
5213.6			0.998848342368759
5214.5			0.9547909774970722
5215.4			0.9052596889058421
5216.3			0.890356075530814
5217.2			0.9133990619358976
5218.1			0.9590414207919261
5219.0			0.9989591076920101
5219.9			1.0
5220.8			1.0
5221.7			1.0
5222.6			1.0
5223.5			0.9814895231481072
5224.4			0.9394493780841862
5225.3			0.8679278663099733
5226.2			0.7961967952222007
5227.1			0.8057963657559575
5228.0			0.9053236691395125
5228.9			0.9946364236994982
5229.8			1.0
5230.7			1.0
5231.6			1.0
5232.5			1.0
5233.4			1.0
5234.3			1.0
5235.2			1.0
5236.1			1.0
5237.0			1.0
5237.9			1.0
5238.8			1.0
5239.7			1.0
5240.6			1.0
5241.5			0.993363825259034
5242.4			0.9710065971998254
5243.3			0.9716794257017703
5244.2			1.0026052603550297
5245.1			1.0167337335217332
5246.0			0.9781908692008169
5246.9			0.930374602748659
5247.8			0.9237112535033685
5248.7			0.9216737175345912
5249.6			0.8927975724477328
5250.5			0.8857747136183834
5251.4			0.9175219936881991
5252.3			0.9428485248545864
5253.2			0.9401433851797779
5254.1			1.0
5255.0			0.9877076350822018
5255.9			1.025629052200078
5256.8			1.084976060771614
5257.7			1.1238184820595114
5258.6			1.135908366150302
5259.5			1.123668311044353
5260.4			1.0828743110958106
5261.3			1.017280548041391
5262.2			0.9560225782952868
5263.1			0.9153024696312984
5264.0			0.8843653669895977
5264.9			0.8630001340664688
5265.8			0.8834135018928168
5266.7			0.9630304905876178
5267.6			1.0204527709043445
5268.5			0.9751259658573933
5269.4			0.9021130505123273
5270.3			0.9309324278999984
5271.2			1.032391348604137
5272.1			1.0776390625985421
5273.0			1.058603515385149
5273.9			1.0322585207860435
5274.8			1.0040245029222306
5275.7			1.0
5276.6			1.0
5277.5			1.0
5278.4			1.0
5279.3			0.9650132356639457
5280.2			0.9273670212051752
5281.1			0.9129059854909061
5282.0			0.9071580882075755
5282.9			0.88303342317011
5283.8			0.8721574896980706
5284.7			0.9205585560798091
5285.6			0.9886499972208798
5286.5			1.0189384129290089
5287.4			1.0117365978794615
5288.3			0.999908757741911
5289.2			1.0
5290.1			1.0
5291.0			1.0
5291.9			1.0
5292.8			1.0
5293.7			1.0033670141907574
5294.6			1.0166667566495915
5295.5			1.0006132512744184
5296.4			0.9442632907540629
5297.3			0.8887849225617834
5298.2			0.8970761238325644
5299.1			0.9650772328848305
5300.0			1.0113071413103325
5300.9			1.0056956051176895
5301.8			1.0
5302.7			1.0
5303.6			1.0
5304.5			1.0
5305.4			1.0
5306.3			1.0
5307.2			1.0
5308.1			1.0
5309.0			1.0
5309.9			1.0
5310.8			1.0
5311.7			1.0
5312.6			1.0
5313.5			1.0
5314.4			1.0
5315.3			1.0
5316.2			1.0
5317.1			1.0
5318.0			1.0
5318.9			1.0
5319.8			1.0
5320.7			1.0
5321.6			1.0
5322.5			1.0
5323.4			1.0
5324.3			0.9742689734567145
5325.2			0.9815983869910542
5326.1			0.9831703589776896
5327.0			0.9143283857441018
5327.9			0.8217208263876775
5328.8			0.8265653320687462
5329.7			0.9161441428459838
5330.6			0.9886571130815431
5331.5			0.9971545054038561
5332.4			1.0
5333.3			1.0
5334.2			1.0
5335.1			1.0
5336.0			1.0
5336.9			1.0
5337.8			1.0
5338.7			1.0
5339.6			1.0
5340.5			1.0
5341.4			1.0
5342.3			1.0
5343.2			1.0
5344.1			1.0
5345.0			1.0
5345.9			1.0
5346.8			1.0
5347.7			1.0
5348.6			1.0
5349.5			1.0
5350.4			1.0
5351.3			1.0
5352.2			1.0
5353.1			1.0
5354.0			1.0
5354.9			1.0
5355.8			1.0
5356.7			1.0
5357.6			1.0
5358.5			1.0
5359.4			1.0
5360.3			1.0
5361.2			1.0
5362.1			1.0
5363.0			1.0
5363.9			1.0
5364.8			1.0
5365.7			1.0
5366.6			1.0
5367.5			0.9917509931228534
5368.4			0.9704520074570024
5369.3			0.9276998322144593
5370.2			0.8856031947527582
5371.1			0.8792630504764077
5372.0			0.9198010620662368
5372.9			0.9677785293465263
5373.8			0.992113067054507
5374.7			1.0032393841983507
5375.6			1.0
5376.5			1.0
5377.4			1.0
5378.3			1.0
5379.2			1.0
5380.1			1.0
5381.0			1.0
5381.9			1.0
5382.8			1.0
5383.7			1.0
5384.6			1.0
5385.5			1.0
5386.4			1.0
5387.3			1.0
5388.2			1.0
5389.1			1.0
5390.0			1.0
5390.9			1.0
5391.8			1.0
5392.7			1.0
5393.6			1.0
5394.5			1.0
5395.4			1.0
5396.3			1.0
5397.2			0.9768591383299535
5398.1			1.0097553496114875
5399.0			1.0448593599504512
5399.9			1.0462218501011826
5400.8			1.0459308343720681
5401.7			1.0536310578577512
5402.6			1.0298751535512514
5403.5			0.9686029214510962
5404.4			0.9163073172295586
5405.3			0.9020150336626015
5406.2			0.9274410787211258
5407.1			0.9697805751621671
5408.0			0.9867473422460841
5408.9			0.9600339127796915
5409.8			0.9285943008554399
5410.7			0.9423592422591582
5411.6			0.9890645630986696
5412.5			1.014345327676438
5413.4			1.0000135151196856
5414.3			1.0
5415.2			1.0
5416.1			1.0
5417.0			1.0
5417.9			1.0
5418.8			1.0
5419.7			1.0
5420.6			1.0
5421.5			1.0
5422.4			1.0
5423.3			1.0
5424.2			1.0
5425.1			1.0
5426.0			1.0
5426.9			1.038429671981691
5427.8			1.0208095314569499
5428.7			0.9582491561417725
5429.6			0.9273318832444565
5430.5			0.9698733510083514
5431.4			1.011510477134616
5432.3			1.0029387084330539
5433.2			1.0
5434.1			1.0
5435.0			1.0
5435.9			1.0
5436.8			1.0
5437.7			1.0
5438.6			1.0
5439.5			1.0
5440.4			1.0
5441.3			1.0
5442.2			1.0
5443.1			1.0
5444.0			0.9719610983730134
5444.9			0.92614431979787
5445.8			0.8770758992977318
5446.7			0.8614120233955852
5447.6			0.907982226875139
5448.5			0.9710836630277652
5449.4			1.000117679914354
5450.3			1.0
5451.2			1.0
5452.1			1.0
5453.0			0.9841421886209796
5453.9			0.9456259170049311
5454.8			0.8927273562789837
5455.7			0.8815148509208186
5456.6			0.9302146613201215
5457.5			0.9812096096345623
5458.4			0.9988695562333776
5459.3			1.0
5460.2			1.0
5461.1			1.0
5462.0			1.0
5462.9			1.0
5463.8			1.0
5464.7			1.0
5465.6			1.0
5466.5			1.0
5467.4			1.0
5468.3			1.0
5469.2			1.0
5470.1			1.0
5471.0			1.0
5471.9			1.0
5472.8			1.0
5473.7			0.9929919802333836
5474.6			0.9914067758425414
5475.5			0.9426209803172811
5476.4			0.8810485554628835
5477.3			0.8935470070710703
5478.2			0.9618787365161399
5479.1			1.0013975135751456
5480.0			1.0
5480.9			1.0
5481.8			1.0
5482.7			1.0
5483.6			1.0
5484.5			1.0
5485.4			1.0
5486.3			1.0
5487.2			1.0
5488.1			1.0
5489.0			1.0
5489.9			1.0
5490.8			1.0
5491.7			1.0
5492.6			1.0
5493.5			1.0
5494.4			1.0
5495.3			1.0
5496.2			1.0
5497.1			1.0
5498.0			1.0
5498.9			1.0
5499.8			1.0
5500.7			1.0
5501.6			1.0
5502.5			1.0
5503.4			1.0
5504.3			1.0
5505.2			1.0
5506.1			1.0
5507.0			1.0
5507.9			1.0
5508.8			1.0
5509.7			1.0
5510.6			1.0
5511.5			1.0
5512.4			1.0
5513.3			1.0
5514.2			1.0
5515.1			1.0
5516.0			1.0
5516.9			1.0
5517.8			1.0
5518.7			1.0
5519.6			1.0
5520.5			1.0
5521.4			1.0
5522.3			1.0
5523.2			1.0
5524.1			0.9907212180902236
5525.0			0.9654345228025751
5525.9			0.9376602639952585
5526.8			0.9157368963308657
5527.7			0.9044602810472634
5528.6			0.9192331269256445
5529.5			0.9602649716762528
5530.4			0.9938057388967806
5531.3			0.999968519217411
5532.2			1.0
5533.1			1.0
5534.0			1.0
5534.9			1.0
5535.8			1.0
5536.7			1.0
5537.6			1.0
5538.5			1.0
5539.4			1.0
5540.3			1.0
5541.2			1.0
5542.1			1.0
5543.0			1.0
5543.9			1.0
5544.8			1.0
5545.7			1.0
5546.6			1.0
5547.5			1.0
5548.4			1.0
5549.3			1.0
5550.200000000001			1.0
5551.1			1.0
5552.0			1.0
5552.9			1.0
5553.8			1.0
5554.700000000001			1.0
5555.6			1.0
5556.5			1.0
5557.4			1.0
5558.3			1.0
5559.200000000001			1.0
5560.1			1.0
5561.0			1.0
5561.9			1.0
5562.8			1.0
5563.700000000001			1.0
5564.6			1.0
5565.5			1.0
5566.4			1.0
5567.3			1.0
5568.200000000001			1.0
5569.1			1.0
5570.0			1.0
5570.9			1.0
5571.8			1.0
5572.700000000001			1.0
5573.6			1.0
5574.5			1.0
5575.4			1.0
5576.3			1.0
5577.200000000001			1.0
5578.1			1.0
5579.0			1.0
5579.9			1.0
5580.8			1.0
5581.700000000001			1.0
5582.6			1.0100874278934622
5583.5			1.0277889219747944
5584.4			1.029164485982938
5585.3			1.0065178349690576
5586.200000000001			0.9640537085443064
5587.1			0.9268163583548098
5588.0			0.9136709076568093
5588.9			0.9255339231606027
5589.8			0.9577343652129325
5590.700000000001			0.9946039812328487
5591.6			1.015237450923904
5592.5			1.0161349061342386
5593.4			1.0002043653639618
5594.3			1.0
5595.200000000001			1.0
5596.1			1.0
5597.0			1.0
5597.9			1.0
5598.8			1.0
5599.700000000001			1.0
5600.6			1.0
5601.5			1.0
5602.4			1.0
5603.3			1.0
5604.200000000001			1.0
5605.1			1.0
5606.0			1.0
5606.9			1.0
5607.8			1.0
5608.700000000001			1.0
5609.6			1.0
5610.5			1.0
5611.4			1.0
5612.3			1.0
5613.200000000001			0.9890992230536606
5614.1			0.9394792063883156
5615.0			0.8844528225677164
5615.9			0.8895731007566404
5616.8			0.9461289582800017
5617.700000000001			0.9888625635646033
5618.6			0.9977239763830915
5619.5			1.0
5620.4			1.0
5621.3			1.0
5622.200000000001			1.0
5623.1			1.0
5624.0			1.0
5624.9			1.0
5625.8			1.0
5626.700000000001			1.0
5627.6			1.0
5628.5			1.0
5629.4			1.0
5630.3			1.0
5631.200000000001			1.0
5632.1			1.0
5633.0			1.0
5633.9			1.0
5634.8			1.0
5635.700000000001			1.0
5636.6			1.0
5637.5			1.0
5638.4			1.0
5639.3			1.0
5640.200000000001			1.0
5641.1			1.0
5642.0			1.0
5642.9			1.0
5643.8			1.0
5644.700000000001			1.0
5645.6			1.0
5646.5			1.0
5647.4			1.0
5648.3			1.0
5649.200000000001			1.0
5650.1			1.0
5651.0			1.0
5651.9			1.0
5652.8			1.0
5653.700000000001			1.0
5654.6			0.9809502586762652
5655.5			0.9874647514113402
5656.4			0.9935133191022948
5657.3			0.9492790631979138
5658.200000000001			0.8980670658754729
5659.1			0.9204860625730561
5660.0			0.9886374452022576
5660.9			1.0193632913668296
5661.8			1.0027309382536522
5662.700000000001			1.0
5663.6			1.0
5664.5			1.0
5665.4			1.0
5666.3			1.0
5667.200000000001			1.0
5668.1			1.0
5669.0			1.0
5669.9			1.0
5670.8			1.0
5671.700000000001			1.0
5672.6			1.0
5673.5			1.0
5674.4			1.0
5675.3			1.0
5676.200000000001			1.0
5677.1			1.0
5678.0			1.0
5678.9			1.0
5679.8			1.0
5680.700000000001			1.0
5681.6			1.0
5682.5			1.0
5683.4			1.0
5684.3			1.0
5685.200000000001			1.0
5686.1			1.0
5687.0			1.0
5687.9			1.0
5688.8			1.0
5689.700000000001			1.0
5690.6			1.0
5691.5			1.0
5692.4			1.0
5693.3			1.0
5694.200000000001			1.0
5695.1			1.0
5696.0			1.0
5696.9			1.0
5697.8			1.0
5698.700000000001			1.0
5699.6			1.0
5700.5			1.0
5701.4			1.0
5702.3			1.0064722260236962
5703.200000000001			1.0284259772424664
5704.1			1.0334540272111514
5705.0			1.0101800543819885
5705.9			0.981641510879998
5706.8			0.9651669348276603
5707.700000000001			0.9464314100198699
5708.6			0.9218770209510856
5709.5			0.9147229200253147
5710.4			0.9223984446364057
5711.3			0.926887501696657
5712.200000000001			0.9441128939990007
5713.1			0.9768001632538967
5714.0			0.9964028441355273
5714.9			0.9988594527438208
5715.8			1.0019990273275166
5716.700000000001			1.0015367150684655
5717.6			1.0
5718.5			1.0
5719.4			1.0
5720.3			1.0
5721.200000000001			1.0
5722.1			1.0
5723.0			1.0
5723.9			1.0
5724.8			1.0
5725.700000000001			1.0
5726.6			1.0
5727.5			1.0
5728.4			1.0
5729.3			1.0
5730.200000000001			1.0
5731.1			1.0
5732.0			1.0
5732.9			1.0
5733.8			1.0
5734.700000000001			1.0
5735.6			1.0
5736.5			1.0
5737.4			1.0
5738.3			1.0
5739.200000000001			1.0
5740.1			1.0
5741.0			1.0
5741.9			1.0
5742.8			1.0
5743.700000000001			1.0
5744.6			1.0
5745.5			1.0
5746.4			1.0
5747.3			1.0
5748.200000000001			1.0
5749.1			1.0
5750.0			1.019392491780451
5750.9			1.0125222179834386
5751.8			0.978026873399169
5752.700000000001			0.9371458030424596
5753.6			0.9144952081897484
5754.5			0.9254598176038329
5755.4			0.9597972757618198
5756.3			0.9873767224629577
5757.200000000001			0.9974995248029971
5758.1			1.0
5759.0			1.0
5759.9			1.0
5760.8			1.0
5761.700000000001			1.0
5762.6			1.0
5763.5			1.0
5764.4			1.0
5765.3			1.0
5766.200000000001			1.0
5767.1			1.0
5768.0			1.0
5768.9			1.0
5769.8			1.0
5770.700000000001			1.0
5771.6			1.0
5772.5			1.0
5773.4			1.0
5774.3			1.0
5775.200000000001			1.0
5776.1			1.0
5777.0			1.0
5777.9			1.0
5778.8			1.0
5779.700000000001			1.0
5780.6			1.0
5781.5			1.0
5782.4			1.0
5783.3			1.0
5784.200000000001			1.0
5785.1			1.0
5786.0			1.0
5786.9			1.0
5787.8			1.0
5788.700000000001			1.0
5789.6			1.0
5790.5			1.0
5791.4			1.0
5792.3			1.0
5793.200000000001			1.0
5794.1			1.0
5795.0			1.0
5795.9			1.0
5796.8			1.0
5797.700000000001			1.0
5798.6			1.0
5799.5			1.0
5800.4			1.0
5801.3			1.0
5802.200000000001			1.0
5803.1			1.0
5804.0			1.0
5804.9			1.0
5805.8			1.0
5806.700000000001			1.0
5807.6			1.0
5808.5			1.0
5809.4			1.0
5810.3			1.0
5811.200000000001			1.0
5812.1			1.0
5813.0			1.0
5813.9			1.0
5814.8			1.0
5815.700000000001			1.0
5816.6			1.0
5817.5			1.0
5818.4			1.0
5819.3			1.0
5820.200000000001			1.0
5821.1			1.0
5822.0			1.0
5822.9			1.0
5823.8			1.0
5824.700000000001			1.0
5825.6			1.0
5826.5			1.0
5827.4			1.0
5828.3			1.0
5829.200000000001			1.0
5830.1			1.0
5831.0			1.0
5831.9			1.0
5832.8			1.0
5833.700000000001			1.0
5834.6			1.0
5835.5			1.0
5836.4			1.0
5837.3			1.0
5838.200000000001			1.0
5839.1			1.0
5840.0			1.0
5840.9			1.0
5841.8			1.0
5842.700000000001			1.0
5843.6			1.0
5844.5			1.0
5845.4			1.0
5846.3			1.0
5847.200000000001			1.0
5848.1			1.0
5849.0			1.0
5849.9			1.0
5850.8			1.0
5851.700000000001			1.0
5852.6			1.0
5853.5			1.0
5854.4			1.0
5855.3			1.0
5856.200000000001			1.0
5857.1			1.0
5858.0			1.0
5858.9			1.0
5859.8			1.0
5860.700000000001			1.0
5861.6			1.0
5862.5			1.0
5863.4			1.0
5864.3			1.0
5865.200000000001			1.0
5866.1			1.0
5867.0			1.0
5867.9			1.0
5868.8			1.0
5869.700000000001			1.0
5870.6			1.0
5871.5			1.0
5872.4			1.0
5873.3			1.0
5874.200000000001			1.0
5875.1			1.0
5876.0			1.0
5876.9			1.0
5877.8			1.0
5878.700000000001			1.0
5879.6			1.0
5880.5			1.0
5881.4			1.0
5882.3			1.0
5883.200000000001			1.0
5884.1			1.0
5885.0			1.0
5885.9			1.0
5886.8			1.0
5887.700000000001			0.979315980355105
5888.6			0.907760623310948
5889.5			0.8212233418361874
5890.4			0.8156070121895606
5891.3			0.8952489923589956
5892.200000000001			0.9665606811640549
5893.1			0.9968014105579616
5894.0			1.0
5894.9			1.0
5895.8			1.0
5896.700000000001			1.0
5897.6			1.0
5898.5			1.0
5899.4			1.0
5900.3			1.0
5901.200000000001			1.0
5902.1			1.0
5903.0			1.0
5903.9			1.0
5904.8			1.0
5905.700000000001			1.0
5906.6			1.0
5907.5			1.0
5908.4			1.0
5909.3			1.0
5910.200000000001			1.0
5911.1			1.0
5912.0			1.0
5912.9			1.0
5913.8			1.0
5914.700000000001			1.0
5915.6			1.0
5916.5			1.0
5917.4			1.0
5918.3			1.0
5919.200000000001			1.0
5920.1			1.0
5921.0			1.0
5921.9			1.0
5922.8			1.0
5923.700000000001			1.0
5924.6			1.0
5925.5			1.0
5926.4			1.0
5927.3			1.0
5928.200000000001			1.0
5929.1			1.0
5930.0			1.0
5930.9			1.0
5931.8			1.0
5932.700000000001			1.0
5933.6			1.0
5934.5			1.0
5935.4			1.0
5936.3			1.0
5937.200000000001			1.0
5938.1			1.0
5939.0			1.0
5939.9			1.0
5940.8			1.0
5941.700000000001			1.0
5942.6			1.0
5943.5			1.0
5944.4			1.0
5945.3			1.0
5946.200000000001			1.0
5947.1			1.0
5948.0			1.0
5948.9			1.0
5949.8			1.0
5950.700000000001			1.0
5951.6			1.0
5952.5			1.0
5953.4			1.0
5954.3			1.0
5955.200000000001			1.0
5956.1			1.0
5957.0			1.0
5957.9			1.0
5958.8			1.0
5959.700000000001			1.0
5960.6			1.0
5961.5			1.0
5962.4			1.0
5963.3			1.0
5964.200000000001			1.0
5965.1			1.0
5966.0			1.0
5966.9			1.0
5967.8			1.0
5968.700000000001			1.0
5969.6			1.0
5970.5			1.0
5971.4			1.0
5972.3			1.0
5973.200000000001			1.0
5974.1			1.0
5975.0			1.0
5975.9			1.0
5976.8			1.0
5977.700000000001			1.0
5978.6			1.0
5979.5			1.0
5980.4			1.0
5981.3			1.0
5982.200000000001			1.0
5983.1			1.0
5984.0			1.0
5984.9			1.0
5985.8			1.0
5986.700000000001			1.0
5987.6			1.0
5988.5			1.0
5989.4			1.0
5990.3			1.0
5991.200000000001			1.0
5992.1			1.0
5993.0			1.0
5993.9			1.0
5994.8			1.0
5995.700000000001			1.0
5996.6			1.0
5997.5			1.0
5998.4			1.0
5999.3			1.0
6000.200000000001			1.0
6001.1			1.0
6002.0			1.0
6002.9			1.0
6003.8			1.0
6004.700000000001			1.0
6005.6			1.0
6006.5			1.0
6007.4			1.0
6008.3			1.0
6009.200000000001			1.0
6010.1			1.0
6011.0			1.0
6011.9			1.0
6012.8			1.0
6013.700000000001			1.0
6014.6			1.0
6015.5			1.0
6016.4			1.0
6017.3			1.0
6018.200000000001			1.0
6019.1			1.0
6020.0			1.0
6020.9			1.0
6021.8			1.0
6022.700000000001			1.0
6023.6			1.0
6024.5			1.0
6025.4			1.0
6026.3			1.0
6027.200000000001			1.0
6028.1			1.0
6029.0			1.0
6029.9			1.0
6030.8			1.0
6031.700000000001			1.0
6032.6			1.0
6033.5			1.0
6034.4			1.0
6035.3			1.0
6036.200000000001			1.0
6037.1			1.0
6038.0			1.0
6038.9			1.0
6039.8			1.0
6040.700000000001			1.0
6041.6			1.0
6042.5			1.0
6043.4			1.0
6044.3			1.0
6045.200000000001			1.0
6046.1			1.0
6047.0			1.0
6047.9			1.0
6048.8			1.0
6049.700000000001			1.0
6050.6			1.0
6051.5			1.0
6052.4			1.0
6053.3			1.0
6054.200000000001			1.0
6055.1			1.0
6056.0			1.0
6056.9			1.0
6057.8			1.0
6058.700000000001			1.0
6059.6			1.0
6060.5			1.0
6061.4			1.0
6062.3			1.0
6063.200000000001			1.0
6064.1			1.0
6065.0			1.0
6065.9			1.0
6066.8			1.0
6067.700000000001			1.0
6068.6			1.0
6069.5			1.0
6070.4			1.0
6071.3			1.0
6072.200000000001			1.0
6073.1			1.0
6074.0			1.0
6074.9			1.0
6075.8			1.0
6076.700000000001			1.0
6077.6			1.0
6078.5			1.0
6079.4			1.0
6080.3			1.0
6081.200000000001			1.0
6082.1			1.0
6083.0			1.0
6083.9			1.0
6084.8			1.0
6085.700000000001			1.0
6086.6			1.0
6087.5			1.0
6088.4			1.0
6089.3			1.0
6090.200000000001			1.0
6091.1			1.0
6092.0			1.0
6092.9			1.0
6093.8			1.0
6094.700000000001			1.0
6095.6			1.0
6096.5			1.0
6097.4			1.0
6098.3			1.0
6099.200000000001			1.0
6100.1			1.0
6101.0			0.9760071246189049
6101.9			0.9288133890914444
6102.8			0.902865239990924
6103.700000000001			0.9370006620231079
6104.6			0.9951827136349097
6105.5			1.0
6106.4			1.0
6107.3			1.0
6108.200000000001			1.0
6109.1			1.0
6110.0			1.0
6110.9			1.0
6111.8			1.0
6112.700000000001			1.0
6113.6			1.0
6114.5			1.0
6115.4			1.0
6116.3			1.0
6117.200000000001			1.0
6118.1			1.0
6119.0			1.0
6119.9			1.0
6120.8			1.0
6121.700000000001			1.0
6122.6			1.0
6123.5			1.0
6124.4			1.0
6125.3			1.0
6126.200000000001			1.0
6127.1			1.0
6128.0			1.0
6128.9			1.0
6129.8			1.0
6130.700000000001			1.0
6131.6			1.0
6132.5			1.0
6133.4			1.0
6134.3			0.9993581471578085
6135.200000000001			0.9683373749050719
6136.1			0.9039146243596737
6137.0			0.8561273036948339
6137.9			0.8818446251038548
6138.8			0.955613731495781
6139.700000000001			1.001003334575447
6140.6			1.0
6141.5			1.0
6142.4			1.0
6143.3			1.0
6144.200000000001			1.0
6145.1			1.0
6146.0			1.0
6146.9			1.0
6147.8			1.0
6148.700000000001			1.0
6149.6			1.0
6150.5			1.0
6151.4			1.0
6152.3			1.0
6153.200000000001			1.0
6154.1			1.0
6155.0			1.0
6155.9			1.0
6156.8			1.0
6157.700000000001			1.0
6158.6			1.0083179839279452
6159.5			1.0039497136600841
6160.4			0.9675660496858784
6161.3			0.917033823361277
6162.200000000001			0.8955159099801763
6163.1			0.9151514418597007
6164.0			0.9534022830746621
6164.9			0.9835665781773576
6165.8			1.0001076300170442
6166.700000000001			1.0
6167.6			1.0
6168.5			1.0
6169.4			1.0
6170.3			1.0
6171.200000000001			1.0
6172.1			1.0
6173.0			1.0
6173.9			1.0
6174.8			1.0
6175.700000000001			1.0
6176.6			1.0
6177.5			1.0
6178.4			1.0
6179.3			1.0
6180.200000000001			1.0
6181.1			1.0
6182.0			1.0
6182.9			1.0
6183.8			1.0
6184.700000000001			1.0
6185.6			1.0
6186.5			1.0
6187.4			1.0
6188.3			1.0
6189.200000000001			1.0
6190.1			1.0
6191.0			1.0
6191.9			1.0
6192.8			1.0
6193.700000000001			1.0
6194.6			1.0
6195.5			1.0
6196.4			1.0
6197.3			1.0
6198.200000000001			1.0
6199.1			1.0
6200.0			1.0
6200.9			1.0
6201.8			1.0
6202.700000000001			1.0
6203.6			1.0
6204.5			1.0
6205.4			1.0
6206.3			1.0
6207.200000000001			1.0
6208.1			1.0
6209.0			1.0
6209.9			1.0
6210.8			1.0
6211.700000000001			1.0
6212.6			1.0
6213.5			1.0
6214.4			1.0
6215.3			1.0
6216.200000000001			1.0
6217.1			1.0
6218.0			1.0
6218.9			1.0
6219.8			1.0
6220.700000000001			1.0
6221.6			1.0
6222.5			1.0
6223.4			1.0
6224.3			1.0
6225.200000000001			1.0
6226.1			1.0
6227.0			1.0
6227.9			1.0
6228.8			1.0
6229.700000000001			1.0
6230.6			1.0
6231.5			1.0
6232.4			1.0
6233.3			1.0
6234.200000000001			1.0
6235.1			1.0
6236.0			1.0
6236.9			1.0
6237.8			1.0
6238.700000000001			1.0
6239.6			1.0
6240.5			1.0
6241.4			1.0118596667241881
6242.3			1.0134796523333085
6243.200000000001			0.9960878832595016
6244.1			0.9719980018348181
6245.0			0.9496843848699403
6245.9			0.931824264805491
6246.8			0.9310960137792407
6247.700000000001			0.9556891112569853
6248.6			0.98826032566954
6249.5			1.0063052661931196
6250.4			1.0024783725765238
6251.3			1.0
6252.200000000001			1.0
6253.1			1.0
6254.0			1.0
6254.9			1.0
6255.8			1.0
6256.700000000001			1.0
6257.6			1.0
6258.5			1.0
6259.4			1.0
6260.3			1.0
6261.200000000001			1.0
6262.1			1.0
6263.0			1.0
6263.9			1.0
6264.8			1.0
6265.700000000001			1.0
6266.6			1.0
6267.5			1.0
6268.4			1.0
6269.3			1.0
6270.200000000001			1.0
6271.1			1.0
6272.0			1.0
6272.9			1.0
6273.8			1.0
6274.700000000001			1.0
6275.6			1.0
6276.5			1.0
6277.4			1.0
6278.3			1.0
6279.200000000001			1.0
6280.1			1.0
6281.0			1.0
6281.9			1.0
6282.8			1.0
6283.700000000001			1.0
6284.6			1.0
6285.5			1.0
6286.4			1.0
6287.3			1.0
6288.200000000001			1.0
6289.1			1.0
6290.0			1.0
6290.9			1.0
6291.8			1.0
6292.700000000001			1.0
6293.6			1.0
6294.5			1.0
6295.4			1.0
6296.3			1.0
6297.200000000001			1.0
6298.1			1.0
6299.0			1.0
6299.9			1.0
6300.8			1.0
6301.700000000001			1.0
6302.6			1.0
6303.5			1.0
6304.4			1.0
6305.3			1.0
6306.200000000001			1.0
6307.1			1.0
6308.0			1.0
6308.9			1.0
6309.8			1.0
6310.700000000001			1.0
6311.6			1.0
6312.5			1.0
6313.4			1.0
6314.3			1.0
6315.200000000001			1.0
6316.1			1.0
6317.0			1.0
6317.9			1.0
6318.8			1.0
6319.700000000001			1.0
6320.6			1.0
6321.5			1.0
6322.4			1.0
6323.3			1.0
6324.200000000001			1.0
6325.1			1.0
6326.0			1.0
6326.9			1.0
6327.8			1.0
6328.700000000001			1.0
6329.6			1.0
6330.5			1.0
6331.4			1.0
6332.3			1.0
6333.200000000001			1.0
6334.1			1.0
6335.0			1.0
6335.9			1.0
6336.8			1.0
6337.700000000001			1.0
6338.6			1.0
6339.5			1.0
6340.4			1.0
6341.3			1.0
6342.200000000001			1.0
6343.1			1.0
6344.0			1.0
6344.9			1.0
6345.8			1.0
6346.700000000001			1.0
6347.6			1.0
6348.5			1.0
6349.4			1.0
6350.3			1.0
6351.200000000001			1.0
6352.1			1.0
6353.0			1.0
6353.9			1.0
6354.8			1.0
6355.700000000001			1.0
6356.6			1.0
6357.5			1.0
6358.4			1.0
6359.3			1.0
6360.200000000001			1.0
6361.1			1.0
6362.0			1.0
6362.9			1.0
6363.8			1.0
6364.700000000001			1.0
6365.6			1.0
6366.5			1.0
6367.4			1.0
6368.3			1.0
6369.200000000001			1.0
6370.1			1.0
6371.0			1.0
6371.9			1.0
6372.8			1.0
6373.700000000001			1.0
6374.6			1.0
6375.5			1.0
6376.4			1.0
6377.3			1.0
6378.200000000001			1.0
6379.1			1.0
6380.0			1.0
6380.9			1.0
6381.8			1.0
6382.700000000001			1.0
6383.6			1.0
6384.5			1.0
6385.4			1.0
6386.3			1.0
6387.200000000001			1.0
6388.1			1.0
6389.0			1.0
6389.9			1.0
6390.8			1.0
6391.700000000001			1.0
6392.6			1.0
6393.5			1.0
6394.4			1.0
6395.3			1.0
6396.200000000001			1.0
6397.1			1.0
6398.0			1.0
6398.9			1.0
6399.8			1.0
6400.700000000001			1.0
6401.6			1.0
6402.5			1.0
6403.4			1.0
6404.3			1.0
6405.200000000001			1.0
6406.1			1.0
6407.0			1.0
6407.9			1.0
6408.8			1.0
6409.700000000001			1.0
6410.6			1.0
6411.5			1.0
6412.4			1.0
6413.3			1.0
6414.200000000001			1.0
6415.1			1.0
6416.0			1.0
6416.9			1.0
6417.8			1.0
6418.700000000001			1.0
6419.6			1.0
6420.5			1.0
6421.4			1.0
6422.3			1.0
6423.200000000001			1.0
6424.1			1.0
6425.0			1.0
6425.9			1.0
6426.8			1.0
6427.700000000001			1.0
6428.6			1.0
6429.5			1.0
6430.4			1.0
6431.3			1.0
6432.200000000001			1.0
6433.1			1.0
6434.0			1.0
6434.9			1.0
6435.8			1.0
6436.700000000001			1.0
6437.6			1.0
6438.5			1.0
6439.4			1.0
6440.3			1.0
6441.200000000001			1.0
6442.1			1.0
6443.0			1.0
6443.9			1.0
6444.8			1.0
6445.700000000001			1.0
6446.6			1.0
6447.5			1.0
6448.4			1.0
6449.3			1.0
6450.200000000001			1.0
6451.1			1.0
6452.0			1.0
6452.9			1.0
6453.8			1.0
6454.700000000001			1.0
6455.6			1.0
6456.5			1.0
6457.4			1.0
6458.3			1.0
6459.200000000001			1.0
6460.1			1.0
6461.0			1.0
6461.9			1.0
6462.8			1.0
6463.700000000001			1.0
6464.6			1.0
6465.5			1.0
6466.4			1.0
6467.3			1.0
6468.200000000001			1.0
6469.1			1.0
6470.0			1.0
6470.9			1.0
6471.8			1.0
6472.700000000001			1.0
6473.6			1.0
6474.5			1.0
6475.4			1.0
6476.3			1.0
6477.200000000001			1.0
6478.1			1.0
6479.0			1.0
6479.9			1.0
6480.8			1.0
6481.700000000001			1.0
6482.6			1.0
6483.5			1.0
6484.4			1.0
6485.3			1.0
6486.200000000001			1.0
6487.1			1.0
6488.0			1.0
6488.9			1.0
6489.8			1.0
6490.700000000001			0.9817234686221683
6491.6			0.9659364954375635
6492.5			0.9491013029375474
6493.4			0.9120980092784058
6494.3			0.8671081192121932
6495.200000000001			0.8447222165957408
6496.1			0.8420917868195971
6497.0			0.8632378231230905
6497.9			0.9077806041078352
6498.8			0.9384822029439701
6499.700000000001			0.9544053970426825
6500.6			0.977240784013812
6501.5			1.0000323394395938
6502.4			1.0
6503.3			1.0
6504.200000000001			1.0
6505.1			1.0
6506.0			1.0
6506.9			1.0
6507.8			1.0
6508.700000000001			1.0
6509.6			1.0
6510.5			1.0
6511.4			1.0
6512.3			1.0
6513.200000000001			1.0
6514.1			1.0
6515.0			1.0
6515.9			1.0
6516.8			1.0
6517.700000000001			1.0
6518.6			1.0
6519.5			1.0
6520.4			1.0
6521.3			1.0
6522.200000000001			1.0
6523.1			1.0
6524.0			1.0
6524.9			1.0
6525.8			1.0
6526.700000000001			1.0
6527.6			1.0
6528.5			1.0
6529.4			1.0
6530.3			1.0
6531.200000000001			1.0
6532.1			1.0
6533.0			1.0
6533.9			1.0
6534.8			1.0
6535.700000000001			1.0
6536.6			1.0
6537.5			1.0
6538.4			1.0
6539.3			1.0
6540.200000000001			1.0
6541.1			1.0
6542.0			1.0
6542.9			1.0
6543.8			1.0
6544.700000000001			1.0
6545.6			1.0
6546.5			1.0
6547.4			1.0
6548.3			1.0
6549.200000000001			1.0
6550.1			1.0
6551.0			1.0
6551.9			1.0
6552.8			1.0
6553.700000000001			1.0
6554.6			1.0
6555.5			1.0
6556.4			1.0
6557.3			1.0
6558.200000000001			1.0
6559.1			0.9728797725961555
6560.0			0.9241764913768135
6560.9			0.8217088115123425
6561.8			0.6543150433130114
6562.700000000001			0.5323314724636701
6563.6			0.5851336831135496
6564.5			0.7658832557050906
6565.4			0.9242509549868337
6566.3			1.0007580632331192
6567.200000000001			1.0
6568.1			1.0
6569.0			1.0
6569.9			1.0
6570.8			1.0
6571.700000000001			1.0
6572.6			1.0
6573.5			1.0
6574.4			1.0
6575.3			1.0
6576.200000000001			1.0
6577.1			1.0
6578.0			1.0
6578.9			1.0
6579.8			1.0
6580.700000000001			1.0
6581.6			1.0
6582.5			1.0
6583.4			1.0
6584.3			1.0
6585.200000000001			1.0
6586.1			1.0020153134880707
6587.0			1.013915669794467
6587.9			1.0370319168062636
6588.8			1.0591672594721007
6589.700000000001			1.0734630913119707
6590.6			1.0738495270428834
6591.5			1.0504049708432448
6592.4			1.0113247164921826
6593.3			0.9974050153701282
6594.200000000001			1.0
6595.1			1.0
6596.0			1.0
6596.9			1.0
6597.8			1.0
6598.700000000001			1.0
6599.6			1.0
6600.5			1.0
6601.4			1.0
6602.3			1.0
6603.200000000001			1.0
6604.1			1.0
6605.0			1.0
6605.9			1.0
6606.8			1.0
6607.700000000001			1.0
6608.6			1.0
6609.5			1.0
6610.4			1.0
6611.3			1.0
6612.200000000001			1.0
6613.1			1.0
6614.0			1.0
6614.9			1.0
6615.8			1.0
6616.700000000001			1.0
6617.6			1.0
6618.5			1.0
6619.4			1.0
6620.3			1.0
6621.200000000001			1.0
6622.1			1.0
6623.0			1.0
6623.9			1.0
6624.8			1.0
6625.700000000001			1.0
6626.6			1.0
6627.5			1.0
6628.4			1.0
6629.3			1.0
6630.200000000001			1.0
6631.1			1.0
6632.0			1.0
6632.9			1.0
6633.8			1.0
6634.700000000001			1.0
6635.6			1.0
6636.5			1.0
6637.4			1.0
6638.3			1.0
6639.200000000001			1.0
6640.1			1.0
6641.0			1.0
6641.9			1.0
6642.8			1.0
6643.700000000001			1.0
6644.6			1.0
6645.5			1.0
6646.4			1.0
6647.3			1.0
6648.200000000001			1.0
6649.1			1.0
6650.0			1.0
6650.9			1.0
6651.8			1.0
6652.700000000001			1.0
6653.6			1.0
6654.5			1.0
6655.4			1.0
6656.3			1.0
6657.200000000001			1.0
6658.1			1.0
6659.0			1.0
6659.9			1.0
6660.8			1.0
6661.700000000001			1.0
6662.6			1.0
6663.5			1.0
6664.4			1.0
6665.3			1.0
6666.200000000001			1.0
6667.1			1.0
6668.0			1.0
6668.9			1.0
6669.8			1.0
6670.700000000001			1.0
6671.6			1.0
6672.5			1.0
6673.4			1.0
6674.3			1.0
6675.200000000001			1.0
6676.1			1.0
6677.0			1.0
6677.9			1.0
6678.8			1.0
6679.700000000001			1.0
6680.6			1.0
6681.5			1.0
6682.4			1.0
6683.3			1.0
6684.200000000001			1.0
6685.1			1.0
6686.0			1.0
6686.9			1.0
6687.8			1.0
6688.700000000001			1.0
6689.6			1.0
6690.5			1.0
6691.4			1.0
6692.3			1.0
6693.200000000001			1.0
6694.1			1.0
6695.0			1.0
6695.9			1.0
6696.8			1.0
6697.700000000001			1.0
6698.6			1.0
6699.5			1.0
6700.4			1.0
6701.3			1.0
6702.200000000001			1.0
6703.1			1.0
6704.0			1.0
6704.9			1.0
6705.8			1.0
6706.700000000001			1.0
6707.6			1.0
6708.5			1.0
6709.4			1.0
6710.3			1.0
6711.200000000001			1.0
6712.1			1.0
6713.0			1.0
6713.9			1.0
6714.8			1.0
6715.700000000001			1.0
6716.6			1.0
6717.5			1.0
6718.4			1.0
6719.3			1.0
6720.200000000001			1.0
6721.1			1.0
6722.0			1.0
6722.9			1.0
6723.8			1.0
6724.700000000001			1.0
6725.6			1.0
6726.5			1.0
6727.4			1.0
6728.3			1.0
6729.200000000001			1.0
6730.1			1.0
6731.0			1.0
6731.9			1.0
6732.8			1.0
6733.700000000001			1.0
6734.6			1.0
6735.5			1.0
6736.4			1.0
6737.3			1.0
6738.200000000001			1.0
6739.1			1.0
6740.0			1.0
6740.9			1.0
6741.8			1.0
6742.700000000001			1.0
6743.6			1.0
6744.5			1.0
6745.4			1.0
6746.3			1.0
6747.200000000001			1.0
6748.1			1.0
6749.0			1.0
6749.9			1.0
6750.8			1.0
6751.700000000001			1.0
6752.6			1.0
6753.5			1.0
6754.4			1.0
6755.3			1.0
6756.200000000001			1.0
6757.1			1.0
6758.0			1.0
6758.9			1.0
6759.8			1.0
6760.700000000001			1.0
6761.6			1.0
6762.5			1.0
6763.4			1.0
6764.3			1.0
6765.200000000001			1.0
6766.1			1.0
6767.0			1.0
6767.9			1.0
6768.8			1.0
6769.700000000001			1.0
6770.6			1.0
6771.5			1.0
6772.4			1.0
6773.3			1.0
6774.200000000001			1.0
6775.1			1.0
6776.0			1.0
6776.9			1.0
6777.8			1.0
6778.700000000001			1.0
6779.6			1.0
6780.5			1.0
6781.4			1.0
6782.3			1.0
6783.200000000001			1.0
6784.1			1.0
6785.0			1.0
6785.9			1.0
6786.8			1.0
6787.700000000001			1.0
6788.6			1.0
6789.5			1.0
6790.4			1.0
6791.3			1.0
6792.200000000001			1.0
6793.1			1.0
6794.0			1.0
6794.9			1.0
6795.8			1.0
6796.700000000001			1.0
6797.6			1.0
6798.5			1.0
6799.4			1.0
6800.3			1.0
6801.200000000001			1.0
6802.1			1.0
6803.0			1.0
6803.9			1.0
6804.8			1.0
6805.700000000001			1.0
6806.6			1.0
6807.5			1.0
6808.4			1.0
6809.3			1.0
6810.200000000001			1.0
6811.1			1.0
6812.0			1.0
6812.9			1.0
6813.8			1.0
6814.700000000001			1.0
6815.6			1.0
6816.5			1.0
6817.4			1.0
6818.3			1.0
6819.200000000001			1.0
6820.1			1.0
6821.0			1.0
6821.9			1.0
6822.8			1.0
6823.700000000001			1.0
6824.6			1.0
6825.5			1.0
6826.4			1.0
6827.3			1.0
6828.200000000001			1.0
6829.1			1.0
6830.0			1.0
6830.9			1.0
6831.8			1.0
6832.700000000001			1.0
6833.6			1.0
6834.5			1.0
6835.4			1.0
6836.3			1.0
6837.200000000001			1.0
6838.1			1.0
6839.0			1.0
6839.9			1.0
6840.8			1.0
6841.700000000001			1.0
6842.6			1.0
6843.5			1.0
6844.4			1.0
6845.3			1.0
6846.200000000001			1.0
6847.1			1.0
6848.0			1.0
6848.9			1.0
6849.8			1.0
6850.700000000001			1.0
6851.6			1.0
6852.5			1.0
6853.4			1.0
6854.3			1.0
6855.200000000001			1.0
6856.1			1.0
6857.0			1.0
6857.9			1.0
6858.8			1.0
6859.700000000001			1.0
6860.6			1.0
6861.5			1.0
6862.4			1.0
6863.3			1.0
6864.200000000001			1.0
6865.1			1.0
6866.0			1.0
6866.9			1.0
6867.8			1.0
6868.700000000001			1.0
6869.6			1.0
6870.5			1.0
6871.4			1.0
6872.3			1.0
6873.200000000001			1.0
6874.1			1.0
6875.0			1.0
6875.9			1.0
6876.8			1.0
6877.700000000001			1.0
6878.6			1.0
6879.5			1.0
6880.4			1.0
6881.3			1.0
6882.200000000001			1.0
6883.1			1.0
6884.0			1.0
6884.9			1.0
6885.8			1.0
6886.700000000001			1.0
6887.6			1.0
6888.5			1.0
6889.4			1.0
6890.3			1.0
6891.200000000001			1.0
6892.1			1.0
6893.0			1.0
6893.9			1.0
6894.8			1.0
6895.700000000001			1.0
6896.6			1.0
6897.5			1.0
6898.4			1.0
6899.3			1.0
6900.200000000001			1.0
6901.1			1.0
6902.0			1.0
6902.9			1.0
6903.8			1.0
6904.700000000001			1.0
6905.6			1.0
6906.5			1.0
6907.4			1.0
6908.3			1.0
6909.200000000001			1.0
6910.1			1.0
6911.0			1.0
6911.9			1.0
6912.8			1.0
6913.700000000001			1.0
6914.6			1.0
6915.5			1.0
6916.4			1.0
6917.3			1.0
6918.200000000001			1.0
6919.1			1.0
6920.0			1.0
6920.9			1.0
6921.8			1.0
6922.700000000001			1.0
6923.6			1.0
6924.5			1.0
6925.4			1.0
6926.3			1.0
6927.200000000001			1.0
6928.1			1.0
6929.0			1.0
6929.9			1.0
6930.8			1.0
6931.700000000001			1.0
6932.6			1.0
6933.5			1.0
6934.4			1.0
6935.3			1.0
6936.200000000001			1.0
6937.1			1.0
6938.0			1.0
6938.9			1.0
6939.8			1.0
6940.700000000001			1.0
6941.6			1.0
6942.5			1.0
6943.4			1.0
6944.3			1.0
6945.200000000001			1.0
6946.1			1.0
6947.0			1.0
6947.9			1.0
6948.8			1.0
6949.700000000001			1.0
6950.6			1.0
6951.5			1.0
6952.4			1.0
6953.3			1.0
6954.200000000001			1.0
6955.1			1.0
6956.0			1.0
6956.9			1.0
6957.8			1.0
6958.700000000001			1.0
6959.6			1.0
6960.5			1.0
6961.4			1.0
6962.3			1.0
6963.200000000001			1.0
6964.1			1.0
6965.0			1.0
6965.9			1.0
6966.8			1.0
6967.700000000001			1.0
6968.6			1.0
6969.5			1.0
6970.4			1.0
6971.3			1.0
6972.200000000001			1.0
6973.1			1.0
6974.0			1.0
6974.9			1.0
6975.8			1.0
6976.700000000001			1.0
6977.6			1.0
6978.5			1.0
6979.4			1.0
6980.3			1.0
6981.200000000001			1.0
6982.1			1.0
6983.0			1.0
6983.9			1.0
6984.8			1.0
6985.700000000001			1.0
6986.6			1.0
6987.5			1.0
6988.4			1.0
6989.3			1.0
6990.200000000001			1.0
6991.1			1.0
6992.0			1.0
6992.9			1.0
6993.8			1.0
6994.700000000001			1.0
6995.6			1.0
6996.5			1.0
6997.4			1.0
6998.3			1.0
6999.200000000001			1.0
7000.1			1.0
7001.0			1.0
7001.9			1.0
7002.8			1.0
7003.700000000001			1.0
7004.6			1.0
7005.5			1.0
7006.4			1.0
7007.3			1.0
7008.200000000001			1.0
7009.1			1.0
7010.0			1.0
7010.9			1.0
7011.8			1.0
7012.700000000001			1.0
7013.6			1.0
7014.5			1.0
7015.4			1.0
7016.3			1.0
7017.200000000001			1.0
7018.1			1.0
7019.0			1.0
7019.9			1.0
7020.8			1.0
7021.700000000001			1.0
7022.6			1.0
7023.5			1.0
7024.4			1.0
7025.3			1.0
7026.200000000001			1.0
7027.1			1.0
7028.0			1.0
7028.9			1.0
7029.8			1.0
7030.700000000001			1.0
7031.6			1.0
7032.5			1.0
7033.4			1.0
7034.3			1.0
7035.200000000001			1.0
7036.1			1.0
7037.0			1.0
7037.9			1.0
7038.8			1.0
7039.700000000001			1.0
7040.6			1.0
7041.5			1.0
7042.4			1.0
7043.3			1.0
7044.200000000001			1.0
7045.1			1.0
7046.0			1.0
7046.9			1.0
7047.8			1.0
7048.700000000001			1.0
7049.6			1.0
7050.5			1.0
7051.4			1.0
7052.3			1.0
7053.200000000001			1.0
7054.1			1.0
7055.0			1.0
7055.9			1.0
7056.8			1.0
7057.700000000001			1.0
7058.6			1.0
7059.5			1.0
7060.4			1.0
7061.3			1.0
7062.200000000001			1.0
7063.1			1.0
7064.0			1.0
7064.9			1.0
7065.8			1.0
7066.700000000001			1.0
7067.6			1.0
7068.5			1.0
7069.4			1.0
7070.3			1.0
7071.200000000001			1.0
7072.1			1.0
7073.0			1.0
7073.9			1.0
7074.8			1.0
7075.700000000001			1.0
7076.6			1.0
7077.5			1.0
7078.4			1.0
7079.3			1.0
7080.200000000001			1.0
7081.1			1.0
7082.0			1.0
7082.9			1.0
7083.8			1.0
7084.700000000001			1.0
7085.6			1.0
7086.5			1.0
7087.4			1.0
7088.3			1.0
7089.200000000001			1.0
7090.1			1.0
7091.0			1.0
7091.9			1.0
7092.8			1.0
7093.700000000001			1.0
7094.6			1.0
7095.5			1.0
7096.4			1.0
7097.3			1.0
7098.200000000001			1.0
7099.1			1.0
7100.0			1.0
7100.9			1.0
7101.8			1.0
7102.700000000001			1.0
7103.6			1.0
7104.5			1.0
7105.4			1.0
7106.3			1.0
7107.200000000001			1.0
7108.1			1.0
7109.0			1.0
7109.9			1.0
7110.8			1.0
7111.700000000001			1.0
7112.6			1.0
7113.5			1.0
7114.4			1.0
7115.3			1.0
7116.200000000001			1.0
7117.1			1.0
7118.0			1.0
7118.9			1.0
7119.8			1.0
7120.700000000001			1.0
7121.6			1.0
7122.5			1.0
7123.4			1.0
7124.3			1.0
7125.200000000001			1.0
7126.1			1.0
7127.0			1.0
7127.9			1.0
7128.8			1.0
7129.700000000001			1.0
7130.6			1.0
7131.5			1.0
7132.4			1.0
7133.3			1.0
7134.200000000001			1.0
7135.1			1.0
7136.0			1.0
7136.9			1.0
7137.8			1.0
7138.700000000001			1.0
7139.6			1.0
7140.5			1.0
7141.4			1.0
7142.3			1.0
7143.200000000001			1.0
7144.1			1.0
7145.0			1.0
7145.9			1.0
7146.8			1.0
7147.700000000001			1.0
7148.6			1.0
7149.5			1.0
7150.4			1.0
7151.3			1.0
7152.200000000001			1.0
7153.1			1.0
7154.0			1.0
7154.9			1.0
7155.8			1.0
7156.700000000001			1.0
7157.6			1.0
7158.5			1.0
7159.4			1.0
7160.3			1.0
7161.200000000001			1.0
7162.1			1.0
7163.0			1.0
7163.9			1.0
7164.8			1.0
7165.700000000001			1.0
7166.6			1.0
7167.5			1.0
7168.4			1.0
7169.3			1.0
7170.200000000001			1.0
7171.1			1.0
7172.0			1.0
7172.9			1.0
7173.8			1.0
7174.700000000001			1.0
7175.6			1.0
7176.5			1.0
7177.4			1.0
7178.3			1.0
7179.200000000001			1.0
7180.1			1.0
7181.0			1.0
7181.9			1.0
7182.8			1.0
7183.700000000001			1.0
7184.6			1.0
7185.5			1.0
7186.4			1.0
7187.3			1.0
7188.200000000001			1.0
7189.1			1.0
7190.0			1.0
7190.9			1.0
7191.8			1.0
7192.700000000001			1.0
7193.6			1.0
7194.5			1.0
7195.4			1.0
7196.3			1.0
7197.200000000001			1.0
7198.1			1.0
7199.0			1.0
7199.9			1.0
7200.8			1.0
7201.700000000001			1.0
7202.6			1.0
7203.5			1.0
7204.4			1.0
7205.3			1.0
7206.200000000001			1.0
7207.1			1.0
7208.0			1.0
7208.9			1.0
7209.8			1.0
7210.700000000001			1.0
7211.6			1.0
7212.5			1.0
7213.4			1.0
7214.3			1.0
7215.200000000001			1.0
7216.1			1.0
7217.0			1.0
7217.9			1.0
7218.8			1.0
7219.700000000001			1.0
7220.6			1.0
7221.5			1.0
7222.4			1.0
7223.3			1.0
7224.200000000001			1.0
7225.1			1.0
7226.0			1.0
7226.9			1.0
7227.8			1.0
7228.700000000001			1.0
7229.6			1.0
7230.5			1.0
7231.4			1.0
7232.3			1.0
7233.200000000001			1.0
7234.1			1.0
7235.0			1.0
7235.9			1.0
7236.8			1.0
7237.700000000001			1.0
7238.6			1.0
7239.5			1.0
7240.4			1.0
7241.3			1.0
7242.200000000001			1.0
7243.1			1.0
7244.0			1.0
7244.9			1.0
7245.8			1.0
7246.700000000001			1.0
7247.6			1.0
7248.5			1.0
7249.4			1.0
7250.3			1.0
7251.200000000001			1.0
7252.1			1.0
7253.0			1.0
7253.9			1.0
7254.8			1.0
7255.700000000001			1.0
7256.6			1.0
7257.5			1.0
7258.4			1.0
7259.3			1.0
7260.200000000001			1.0
7261.1			1.0
7262.0			1.0
7262.9			1.0
7263.8			1.0
7264.700000000001			1.0
7265.6			1.0
7266.5			1.0
7267.4			1.0
7268.3			1.0
7269.200000000001			1.0
7270.1			1.0
7271.0			1.0
7271.9			1.0
7272.8			1.0
7273.700000000001			1.0
7274.6			1.0
7275.5			1.0
7276.4			1.0
7277.3			1.0
7278.200000000001			1.0
7279.1			1.0
7280.0			1.0
7280.9			1.0
7281.8			1.0
7282.700000000001			1.0
7283.6			1.0
7284.5			1.0
7285.4			1.0
7286.3			1.0
7287.200000000001			1.0
7288.1			1.0
7289.0			1.0
7289.9			1.0
7290.8			1.0
7291.700000000001			1.0
7292.6			1.0
7293.5			1.0
7294.4			1.0
7295.3			1.0
7296.200000000001			1.0
7297.1			1.0
7298.0			1.0
7298.9			1.0
7299.8			1.0
7300.700000000001			1.0
7301.6			1.0
7302.5			1.0
7303.4			1.0
7304.3			1.0
7305.200000000001			1.0
7306.1			1.0
7307.0			1.0
7307.9			1.0
7308.8			1.0
7309.700000000001			1.0
7310.6			1.0
7311.5			1.0
7312.4			1.0
7313.3			1.0
7314.200000000001			1.0
7315.1			1.0
7316.0			1.0
7316.9			1.0
7317.8			1.0
7318.700000000001			1.0
7319.6			1.0
7320.5			1.0
7321.4			1.0
7322.3			1.0
7323.200000000001			1.0
7324.1			1.0
7325.0			1.0
7325.9			1.0
7326.8			1.0
7327.700000000001			1.0
7328.6			1.0
7329.5			1.0
7330.4			1.0
7331.3			1.0
7332.200000000001			1.0
7333.1			1.0
7334.0			1.0
7334.9			1.0
7335.8			1.0
7336.700000000001			1.0
7337.6			1.0
7338.5			1.0
7339.4			1.0
7340.3			1.0
7341.200000000001			1.0
7342.1			1.0
7343.0			1.0
7343.9			1.0
7344.8			1.0
7345.700000000001			1.0
7346.6			1.0
7347.5			1.0
7348.4			1.0
7349.3			1.0
7350.200000000001			1.0
7351.1			1.0
7352.0			1.0
7352.9			1.0
7353.8			1.0
7354.700000000001			1.0
7355.6			1.0
7356.5			1.0
7357.4			1.0
7358.3			1.0
7359.200000000001			1.0
7360.1			1.0
7361.0			1.0
7361.9			1.0
7362.8			1.0
7363.700000000001			1.0
7364.6			1.0
7365.5			1.0
7366.4			1.0
7367.3			1.0
7368.200000000001			1.0
7369.1			1.0
7370.0			1.0
7370.9			1.0
7371.8			1.0
7372.700000000001			1.0
7373.6			1.0
7374.5			1.0
7375.4			1.0
7376.3			1.0
7377.200000000001			1.0
7378.1			1.0
7379.0			1.0
7379.9			1.0
7380.8			1.0
7381.700000000001			1.0
7382.6			1.0
7383.5			1.0
7384.4			1.0
7385.3			1.0
7386.200000000001			1.0
7387.1			1.0
7388.0			1.0
7388.9			1.0
7389.8			1.0
7390.700000000001			1.0
7391.6			1.0
7392.5			1.0
7393.4			1.0
7394.3			1.0
7395.200000000001			1.0
7396.1			1.0
7397.0			1.0
7397.9			1.0
7398.8			1.0
7399.700000000001			1.0
7400.6			1.0
7401.5			1.0
7402.4			1.0
7403.3			1.0
7404.200000000001			1.0
7405.1			1.0
7406.0			1.0
7406.9			1.0
7407.8			1.0
7408.700000000001			1.0
7409.6			1.0
7410.5			1.0
7411.4			1.0
7412.3			1.0
7413.200000000001			1.0
7414.1			1.0
7415.0			1.0
7415.9			1.0
7416.8			1.0
7417.700000000001			1.0
7418.6			1.0
7419.5			1.0
7420.4			1.0
7421.3			1.0
7422.200000000001			1.0
7423.1			1.0
7424.0			1.0
7424.9			1.0
7425.8			1.0
7426.700000000001			1.0
7427.6			1.0
7428.5			1.0
7429.4			1.0
