3500.0			1.0
3500.9			1.0
3501.8			1.0
3502.7			1.0
3503.6			1.0
3504.5			1.0
3505.4			1.0
3506.3			1.0
3507.2			1.0
3508.1			1.0
3509.0			1.0
3509.9			1.0
3510.8			1.0
3511.7			1.0
3512.6			1.0
3513.5			1.0
3514.4			1.0
3515.3			1.0
3516.2			1.0
3517.1			1.0
3518.0			1.0
3518.9			1.0
3519.8			1.0
3520.7			1.0
3521.6			1.0
3522.5			1.0
3523.4			1.0
3524.3			1.0
3525.2			1.0
3526.1			1.0
3527.0			1.0
3527.9			1.0
3528.8			1.0
3529.7			1.0
3530.6			1.0
3531.5			1.0
3532.4			1.0
3533.3			1.0
3534.2			1.0
3535.1			1.0
3536.0			1.0
3536.9			1.0
3537.8			1.0
3538.7			1.0
3539.6			1.0
3540.5			1.0
3541.4			1.0
3542.3			1.0
3543.2			1.0
3544.1			1.0
3545.0			1.0
3545.9			1.0
3546.8			1.0
3547.7			1.0
3548.6			1.0
3549.5			1.0
3550.4			1.0
3551.3			1.0
3552.2			1.0
3553.1			1.0
3554.0			1.0
3554.9			1.0
3555.8			1.0
3556.7			1.0
3557.6			1.0
3558.5			1.0
3559.4			1.0
3560.3			1.0
3561.2			1.0
3562.1			1.0
3563.0			1.0
3563.9			1.0
3564.8			1.0
3565.7			1.0
3566.6			1.0
3567.5			1.0
3568.4			1.0
3569.3			1.0
3570.2			1.0
3571.1			1.0
3572.0			1.0
3572.9			1.0
3573.8			1.0
3574.7			1.0
3575.6			1.0
3576.5			1.0
3577.4			1.0
3578.3			1.0
3579.2			1.0
3580.1			1.0
3581.0			1.0
3581.9			1.0
3582.8			1.0
3583.7			1.0
3584.6			1.0
3585.5			1.0
3586.4			1.0
3587.3			1.0
3588.2			1.0
3589.1			1.0
3590.0			1.0
3590.9			1.0
3591.8			1.0
3592.7			1.0
3593.6			1.0
3594.5			1.0
3595.4			1.0
3596.3			1.0
3597.2			1.0
3598.1			1.0
3599.0			1.0
3599.9			1.0
3600.8			1.0
3601.7			1.0
3602.6			1.0
3603.5			1.0
3604.4			1.0
3605.3			1.0
3606.2			1.0
3607.1			1.0
3608.0			1.0
3608.9			1.0
3609.8			1.0
3610.7			1.0
3611.6			1.0
3612.5			1.0
3613.4			1.0
3614.3			1.0
3615.2			1.0
3616.1			1.0
3617.0			1.0
3617.9			1.0
3618.8			1.0
3619.7			1.0
3620.6			1.0
3621.5			1.0
3622.4			1.0
3623.3			1.0
3624.2			1.0
3625.1			1.0
3626.0			1.0
3626.9			1.0
3627.8			1.0
3628.7			1.0
3629.6			1.0
3630.5			1.0
3631.4			1.0
3632.3			1.0
3633.2			1.0
3634.1			1.0
3635.0			1.0
3635.9			1.0
3636.8			1.0
3637.7			1.0
3638.6			1.0
3639.5			1.0
3640.4			1.0
3641.3			1.0
3642.2			1.0
3643.1			1.0
3644.0			1.0
3644.9			1.0
3645.8			1.0
3646.7			1.0
3647.6			1.0
3648.5			1.0
3649.4			1.0
3650.3			1.0
3651.2			1.0
3652.1			1.0
3653.0			1.0
3653.9			1.0
3654.8			1.0
3655.7			1.0
3656.6			1.0
3657.5			1.0
3658.4			1.0
3659.3			1.0
3660.2			1.0
3661.1			1.0
3662.0			1.0
3662.9			1.0
3663.8			1.0
3664.7			1.0
3665.6			1.0
3666.5			1.0
3667.4			1.0
3668.3			1.0
3669.2			1.0
3670.1			1.0
3671.0			1.0
3671.9			1.0
3672.8			1.0
3673.7			1.0
3674.6			1.0
3675.5			1.0
3676.4			1.0
3677.3			1.0
3678.2			1.0
3679.1			1.0
3680.0			1.0
3680.9			1.0
3681.8			1.0
3682.7			1.0
3683.6			1.0
3684.5			1.0
3685.4			1.0
3686.3			1.0
3687.2			1.0
3688.1			1.0
3689.0			1.0
3689.9			1.0
3690.8			1.0
3691.7			1.0
3692.6			1.0
3693.5			1.0
3694.4			1.0
3695.3			1.0
3696.2			1.0
3697.1			1.0
3698.0			1.0
3698.9			1.0
3699.8			1.0
3700.7			1.0
3701.6			1.0
3702.5			1.0
3703.4			1.0
3704.3			1.0
3705.2			1.0
3706.1			1.0
3707.0			1.0
3707.9			1.0
3708.8			1.0
3709.7			1.0
3710.6			1.0
3711.5			1.0
3712.4			1.0
3713.3			1.0
3714.2			1.0
3715.1			1.0
3716.0			1.0
3716.9			1.0
3717.8			1.0
3718.7			1.0
3719.6			1.0
3720.5			1.0
3721.4			1.0
3722.3			1.0
3723.2			1.0
3724.1			1.0
3725.0			1.0
3725.9			1.0
3726.8			1.0
3727.7			1.0
3728.6			1.0
3729.5			1.0
3730.4			1.0
3731.3			1.0
3732.2			1.0
3733.1			1.0
3734.0			1.0
3734.9			1.0
3735.8			1.0
3736.7			1.0
3737.6			1.0
3738.5			1.0
3739.4			1.0
3740.3			1.0
3741.2			1.0
3742.1			1.0
3743.0			1.0
3743.9			1.0
3744.8			1.0
3745.7			1.0
3746.6			1.0
3747.5			1.0
3748.4			1.0
3749.3			1.0
3750.2			1.0
3751.1			1.0
3752.0			1.0
3752.9			1.0
3753.8			1.0
3754.7			1.0
3755.6			1.0
3756.5			1.0
3757.4			1.0
3758.3			1.0
3759.2			1.0
3760.1			1.0
3761.0			1.0
3761.9			1.0
3762.8			1.0
3763.7			1.0
3764.6			1.0
3765.5			1.0
3766.4			1.0
3767.3			1.0
3768.2			1.0
3769.1			1.0
3770.0			1.0
3770.9			1.0
3771.8			1.0
3772.7			1.0
3773.6			1.0
3774.5			1.0
3775.4			1.0
3776.3			1.0
3777.2			1.0
3778.1			1.0
3779.0			1.0
3779.9			1.0
3780.8			1.0
3781.7			1.0
3782.6			1.0
3783.5			1.0
3784.4			1.0
3785.3			1.0
3786.2			1.0
3787.1			1.0
3788.0			1.0
3788.9			1.0
3789.8			1.0
3790.7			1.0
3791.6			1.0
3792.5			1.0
3793.4			1.0
3794.3			1.0
3795.2			1.0
3796.1			1.0
3797.0			1.0
3797.9			1.0
3798.8			1.0
3799.7			1.0
3800.6			1.0
3801.5			1.0
3802.4			1.0
3803.3			1.0
3804.2			1.0
3805.1			1.0
3806.0			1.0
3806.9			1.0
3807.8			1.0
3808.7			1.0
3809.6			1.0
3810.5			1.0
3811.4			1.0
3812.3			1.0
3813.2			1.0
3814.1			1.0
3815.0			1.0
3815.9			1.0
3816.8			1.0
3817.7			1.0
3818.6			1.0
3819.5			1.0
3820.4			1.0
3821.3			1.0
3822.2			1.0
3823.1			1.0
3824.0			1.0
3824.9			1.0
3825.8			1.0
3826.7			1.0
3827.6			1.0
3828.5			1.0
3829.4			1.0
3830.3			1.0
3831.2			1.0
3832.1			1.0
3833.0			1.0
3833.9			1.0
3834.8			1.0
3835.7			1.0
3836.6			1.0
3837.5			1.0
3838.4			1.0
3839.3			1.0
3840.2			1.0
3841.1			1.0
3842.0			1.0
3842.9			1.0
3843.8			1.0
3844.7			1.0
3845.6			1.0
3846.5			1.0
3847.4			1.0
3848.3			1.0
3849.2			1.0
3850.1			1.0
3851.0			1.0
3851.9			1.0
3852.8			1.0
3853.7			1.0
3854.6			1.0
3855.5			1.0
3856.4			1.0
3857.3			1.0
3858.2			1.0
3859.1			1.0
3860.0			1.0
3860.9			1.0
3861.8			1.0
3862.7			1.0
3863.6			1.0
3864.5			1.0
3865.4			1.0
3866.3			1.0
3867.2			1.0
3868.1			1.0
3869.0			1.0
3869.9			1.0
3870.8			1.0
3871.7			1.0
3872.6			1.0
3873.5			1.0
3874.4			1.0
3875.3			1.0
3876.2			1.0
3877.1			1.0
3878.0			1.0
3878.9			1.0
3879.8			1.0
3880.7			1.0
3881.6			1.0
3882.5			1.0
3883.4			1.0
3884.3			1.0
3885.2			1.0
3886.1			1.0
3887.0			1.0
3887.9			1.0
3888.8			1.0
3889.7			1.0
3890.6			1.0
3891.5			1.0
3892.4			1.0
3893.3			1.0
3894.2			1.0
3895.1			1.0
3896.0			1.0
3896.9			1.0
3897.8			1.0
3898.7			1.0
3899.6			1.0
3900.5			1.0
3901.4			1.0
3902.3			1.0
3903.2			1.0
3904.1			1.0
3905.0			1.0
3905.9			1.0
3906.8			1.0
3907.7			1.0
3908.6			1.0
3909.5			1.0
3910.4			1.0
3911.3			1.0
3912.2			1.0
3913.1			1.0
3914.0			1.0
3914.9			1.0
3915.8			1.0
3916.7			1.0
3917.6			1.0
3918.5			1.0
3919.4			1.0
3920.3			1.0
3921.2			1.0
3922.1			1.0
3923.0			1.0
3923.9			1.0
3924.8			1.0
3925.7			1.0
3926.6			1.0
3927.5			1.0
3928.4			1.0
3929.3			1.0
3930.2			1.0
3931.1			1.0
3932.0			1.0
3932.9			1.0
3933.8			1.0
3934.7			1.0
3935.6			1.0
3936.5			1.0
3937.4			1.0
3938.3			1.0
3939.2			1.0
3940.1			1.0
3941.0			1.0
3941.9			1.0
3942.8			1.0
3943.7			1.0
3944.6			1.0
3945.5			1.0
3946.4			1.0
3947.3			1.0
3948.2			1.0
3949.1			1.0
3950.0			1.0
3950.9			1.0
3951.8			1.0
3952.7			1.0
3953.6			1.0
3954.5			1.0
3955.4			1.0
3956.3			1.0
3957.2			1.0
3958.1			1.0
3959.0			1.0
3959.9			1.0
3960.8			1.0
3961.7			1.0
3962.6			1.0
3963.5			1.0
3964.4			1.0
3965.3			1.0
3966.2			1.0
3967.1			1.0
3968.0			1.0
3968.9			1.0
3969.8			1.0
3970.7			1.0
3971.6			1.0
3972.5			1.0
3973.4			1.0
3974.3			1.0
3975.2			1.0
3976.1			1.0
3977.0			1.0
3977.9			1.0
3978.8			1.0
3979.7			1.0
3980.6			1.0
3981.5			1.0
3982.4			1.0
3983.3			1.0
3984.2			1.0
3985.1			1.0
3986.0			1.0
3986.9			1.0
3987.8			1.0
3988.7			1.0
3989.6			1.0
3990.5			1.0
3991.4			1.0
3992.3			1.0
3993.2			1.0
3994.1			1.0
3995.0			1.0
3995.9			1.0
3996.8			1.0
3997.7			1.0
3998.6			1.0
3999.5			1.0
4000.4			1.0
4001.3			1.0
4002.2			1.0
4003.1			1.0
4004.0			1.0
4004.9			1.0
4005.8			1.0
4006.7			1.0
4007.6			1.0
4008.5			1.0
4009.4			1.0
4010.3			1.0
4011.2			1.0
4012.1			1.0
4013.0			1.0
4013.9			1.0
4014.8			1.0
4015.7			1.0
4016.6			1.0
4017.5			1.0
4018.4			1.0
4019.3			1.0
4020.2			1.0
4021.1			1.0
4022.0			1.0
4022.9			1.0
4023.8			1.0
4024.7			1.0
4025.6			1.0
4026.5			1.0
4027.4			1.0107206936147002
4028.3			0.9752572754504554
4029.2			0.8687515265543205
4030.1			0.7240273900944814
4031.0			0.623552457037301
4031.9			0.5789055700016037
4032.8			0.5479587803675424
4033.7			0.5502700396914186
4034.6			0.629724479368029
4035.5			0.7660847101187053
4036.4			0.8947068743992781
4037.3			0.971965394520218
4038.2			0.9920674233570348
4039.1			1.0
4040.0			1.0
4040.9			1.0
4041.8			0.9934244653056445
4042.7			0.9741737355273581
4043.6			0.8947002240357815
4044.5			0.7625027436148692
4045.4			0.6596844253375649
4046.3			0.6713619356035241
4047.2			0.7813978175356938
4048.1			0.9079920415278977
4049.0			0.999057640151022
4049.9			1.0
4050.8			1.0
4051.7			1.0
4052.6			1.0
4053.5			1.0
4054.4			1.0
4055.3			1.0
4056.2			1.0
4057.1			1.0
4058.0			1.0
4058.9			1.0
4059.8			1.0351678917150564
4060.7			1.0440752976823136
4061.6			0.9837671143648944
4062.5			0.8645076591466541
4063.4			0.7781290174731484
4064.3			0.8089911793885141
4065.2			0.9079697950150577
4066.1			0.9732673961705327
4067.0			0.9992978184139784
4067.9			1.0
4068.8			1.0
4069.7			1.0
4070.6			1.0
4071.5			1.0
4072.4			1.0
4073.3			1.0
4074.2			1.0
4075.1			1.0
4076.0			1.0
4076.9			1.0
4077.8			1.0
4078.7			1.0
4079.6			1.0
4080.5			1.0
4081.4			1.0
4082.3			1.0
4083.2			1.0
4084.1			1.0
4085.0			1.0
4085.9			1.0
4086.8			1.0
4087.7			1.0
4088.6			1.0
4089.5			1.0
4090.4			1.0
4091.3			1.0
4092.2			1.0
4093.1			1.0
4094.0			1.0
4094.9			1.0
4095.8			1.0
4096.7			1.0
4097.6			1.0
4098.5			1.0
4099.4			1.0
4100.3			1.0
4101.2			1.0
4102.1			1.0
4103.0			1.0
4103.9			1.0
4104.8			1.0
4105.7			1.0
4106.6			1.0
4107.5			1.0
4108.4			1.0
4109.3			1.0
4110.2			1.0
4111.1			1.0
4112.0			1.0
4112.9			1.0
4113.8			1.0
4114.7			1.0
4115.6			1.0
4116.5			1.0
4117.4			1.0
4118.3			1.0
4119.2			1.0
4120.1			1.0
4121.0			1.0
4121.9			1.0
4122.8			1.0
4123.7			1.0
4124.6			1.0
4125.5			1.0
4126.4			1.0
4127.3			1.0
4128.2			1.0
4129.1			1.0
4130.0			1.0
4130.9			1.0
4131.8			1.0
4132.7			1.0
4133.6			1.0
4134.5			1.0
4135.4			1.0
4136.3			1.0
4137.2			1.0
4138.1			1.0
4139.0			1.0
4139.9			1.0079994623979829
4140.8			0.9703706456294406
4141.7			0.8595103548028468
4142.6			0.7292478679799096
4143.5			0.6853946665670754
4144.4			0.7604452854780286
4145.3			0.8813406982993364
4146.2			0.9660216226311111
4147.1			1.0006523833056706
4148.0			1.0
4148.9			1.0
4149.8			1.0
4150.7			1.0
4151.6			1.0
4152.5			1.0
4153.4			1.0
4154.3			1.0
4155.2			1.0
4156.1			1.0
4157.0			1.0
4157.9			1.0
4158.8			1.0
4159.7			1.0
4160.6			1.0
4161.5			1.0
4162.4			1.0
4163.3			1.0
4164.2			1.0
4165.1			1.0
4166.0			1.0
4166.9			1.0
4167.8			1.0
4168.7			1.0
4169.6			1.0
4170.5			1.0
4171.4			1.0
4172.3			1.0
4173.2			1.0
4174.1			1.0
4175.0			1.0
4175.9			1.0
4176.8			1.0
4177.7			1.0
4178.6			1.0
4179.5			1.0
4180.4			1.0
4181.3			1.0
4182.2			1.0
4183.1			1.0
4184.0			1.0
4184.9			1.0
4185.8			1.0
4186.7			1.0
4187.6			1.0
4188.5			1.0
4189.4			1.0
4190.3			1.0
4191.2			1.0
4192.1			1.0
4193.0			1.0
4193.9			1.0
4194.8			1.0
4195.7			1.0
4196.6			1.0
4197.5			1.0
4198.4			1.0
4199.3			1.0
4200.2			1.0
4201.1			1.0
4202.0			1.0
4202.9			1.0
4203.8			1.0
4204.7			1.0
4205.6			1.0
4206.5			1.0
4207.4			1.0
4208.3			1.0
4209.2			1.0
4210.1			1.0
4211.0			1.0
4211.9			1.0
4212.8			0.992134438528805
4213.7			0.9612996143450057
4214.6			0.901191641729984
4215.5			0.8365542862256389
4216.4			0.8038281050419419
4217.3			0.7956737438794519
4218.2			0.7790318321711324
4219.1			0.7430512292419845
4220.0			0.6930720132002497
4220.9			0.6277894314253633
4221.8			0.5490968554071277
4222.7			0.46536653488529983
4223.6			0.3784571662681021
4224.5			0.28706924225392133
4225.4			0.1997076730717642
4226.3			0.1410370861744369
4227.2			0.1380769175322971
4228.1			0.1951229433540696
4229.0			0.28761360835836025
4229.9			0.3862127417587346
4230.8			0.4785851506236058
4231.7			0.5617348403358189
4232.6			0.6313704646572466
4233.5			0.6908323153323258
4234.4			0.748521888132909
4235.3			0.8081126622297288
4236.2			0.8779340350227725
4237.1			0.9531587284438944
4238.0			1.0140624015140567
4238.9			1.0438805818702412
4239.8			1.0343349467001255
4240.7			1.005129766014352
4241.6			0.9991798292819615
4242.5			1.0
4243.4			1.0
4244.3			1.0
4245.2			1.0
4246.1			1.0
4247.0			1.0
4247.9			1.0
4248.8			1.0
4249.7			1.0
4250.6			1.0
4251.5			0.9757539917938374
4252.4			0.916313729759831
4253.3			0.7657298358635949
4254.2			0.6599455279139487
4255.1			0.7249369352512739
4256.0			0.8893143097137596
4256.9			1.0103242867228683
4257.8			1.0
4258.7			1.0
4259.6			1.0
4260.5			1.0
4261.4			1.0
4262.3			1.0
4263.2			1.0
4264.1			1.0
4265.0			1.0
4265.9			1.0
4266.8			1.0
4267.7			1.0
4268.6			1.0
4269.5			0.9569024275224566
4270.4			0.8552227248886455
4271.3			0.7430779185618904
4272.2			0.6930120999825005
4273.1			0.6680119562974677
4274.0			0.6091254671487664
4274.9			0.5851502505846468
4275.8			0.6695380413209142
4276.7			0.8074930614148982
4277.6			0.9248324827528871
4278.5			1.00076537999601
4279.4			1.0222401206207414
4280.3			0.9985548755732632
4281.2			1.0
4282.1			1.0
4283.0			1.0
4283.9			1.0
4284.8			1.0
4285.7			1.0
4286.6			0.9339125060009595
4287.5			0.8421442940500834
4288.4			0.7207562308590435
4289.3			0.5994566516937654
4290.2			0.5784492453110368
4291.1			0.6928239316333376
4292.0			0.8563204605690121
4292.9			0.965402239253201
4293.8			0.9989949257673818
4294.7			1.0
4295.6			1.0
4296.5			1.0
4297.4			1.0
4298.3			1.0
4299.2			1.0
4300.1			1.0
4301.0			1.0
4301.9			1.0
4302.8			1.0
4303.7			1.0
4304.6			1.0
4305.5			1.0
4306.4			1.0
4307.3			1.0
4308.2			1.0
4309.1			1.0
4310.0			1.0
4310.9			1.0
4311.8			1.0
4312.7			1.0
4313.6			1.0
4314.5			1.0
4315.4			1.0
4316.3			1.0
4317.2			1.0
4318.1			1.0
4319.0			1.0
4319.9			1.0
4320.8			1.0
4321.7			1.0
4322.6			1.0
4323.5			0.952536234209258
4324.4			0.851993446248721
4325.3			0.7473534216586467
4326.2			0.7359648710316629
4327.1			0.8332124519030145
4328.0			0.9451894238140536
4328.9			0.998026896992347
4329.8			1.0
4330.7			1.0
4331.6			1.0
4332.5			1.0
4333.4			1.0
4334.3			1.0
4335.2			1.0
4336.1			1.0
4337.0			1.0
4337.9			1.0
4338.8			1.0
4339.7			1.0
4340.6			1.0
4341.5			1.0
4342.4			1.0
4343.3			1.0
4344.2			1.0
4345.1			1.0
4346.0			1.0
4346.9			1.0
4347.8			1.0
4348.7			1.0
4349.6			0.9861972973577903
4350.5			0.9182474224000259
4351.4			0.8195155619561525
4352.3			0.7476563382455023
4353.2			0.7488636674651755
4354.1			0.8082275511695949
4355.0			0.8770308512938174
4355.9			0.9359292508964631
4356.8			0.9902653879802573
4357.7			1.0
4358.6			1.0
4359.5			1.0
4360.4			1.0
4361.3			1.0
4362.2			1.0
4363.1			1.0
4364.0			1.0
4364.9			1.0
4365.8			1.0
4366.7			1.0
4367.6			1.0
4368.5			1.0
4369.4			1.0
4370.3			1.0
4371.2			1.0
4372.1			1.0
4373.0			1.0
4373.9			1.0
4374.8			1.0
4375.7			1.0
4376.6			1.0
4377.5			1.0
4378.4			1.0
4379.3			1.0
4380.2			1.0
4381.1			1.0076324017431002
4382.0			0.9193327969027134
4382.9			0.7463776809249684
4383.8			0.634831887277983
4384.7			0.6957814966755508
4385.6			0.8704151493081674
4386.5			1.007589210750544
4387.4			1.0
4388.3			1.0
4389.2			1.0
4390.1			1.0
4391.0			1.0
4391.9			1.0
4392.8			1.0
4393.7			1.0
4394.6			1.0
4395.5			1.0
4396.4			1.0
4397.3			1.0
4398.2			1.0
4399.1			1.0
4400.0			1.0
4400.9			0.9892111173886977
4401.8			0.9850312674024148
4402.7			0.938707810139625
4403.6			0.825633702364308
4404.5			0.7203673812027097
4405.4			0.7164141626833332
4406.3			0.774482135127058
4407.2			0.8043423206028423
4408.1			0.8310283133818954
4409.0			0.9113439949238712
4409.9			1.0017104050456196
4410.8			1.0
4411.7			1.0
4412.6			1.0
4413.5			1.0
4414.4			1.0
4415.3			1.0
4416.2			1.0
4417.1			1.0
4418.0			1.0
4418.9			1.0
4419.8			1.0
4420.7			1.0
4421.6			1.0
4422.5			0.9932875515496828
4423.4			0.9814180741269891
4424.3			0.9259029224787659
4425.2			0.8335277332849693
4426.1			0.7765861135349236
4427.0			0.7957032548791056
4427.9			0.8699061038628627
4428.8			0.948250564745017
4429.7			0.9992507126195191
4430.6			1.0
4431.5			1.0
4432.4			1.0044420871232438
4433.3			0.914853691517391
4434.2			0.762749467214198
4435.1			0.6638771712946521
4436.0			0.7107059503818834
4436.9			0.858666502737604
4437.8			1.0003177706024504
4438.7			1.0
4439.6			1.0
4440.5			1.0
4441.4			1.0
4442.3			1.0
4443.2			1.0
4444.1			1.0
4445.0			1.0
4445.9			1.0
4446.8			1.0
4447.7			1.0
4448.6			1.0
4449.5			1.0
4450.4			1.0
4451.3			0.9961364951248683
4452.2			0.9640529705485011
4453.1			0.8660818140755863
4454.0			0.7214879925948687
4454.9			0.6235914693465869
4455.8			0.6469195365136696
4456.7			0.7707970814760211
4457.6			0.9090250932205842
4458.5			0.9896743511201669
4459.4			1.0
4460.3			1.0
4461.2			1.0
4462.1			1.0
4463.0			1.0
4463.9			1.0
4464.8			1.0
4465.7			1.0
4466.6			1.0
4467.5			1.0
4468.4			1.0
4469.3			1.0
4470.2			1.0
4471.1			1.0
4472.0			1.0
4472.9			1.0
4473.8			1.0
4474.7			1.0
4475.6			1.0
4476.5			1.0
4477.4			1.0
4478.3			1.0
4479.2			0.9762460629896158
4480.1			0.9345655320922133
4481.0			0.8796720587939376
4481.9			0.8452575497015848
4482.8			0.8734446293817727
4483.7			0.9451783613586981
4484.6			0.999997680132545
4485.5			1.0
4486.4			1.0
4487.3			1.0
4488.2			1.0
4489.1			1.0
4490.0			1.0
4490.9			1.0
4491.8			1.0
4492.7			1.0
4493.6			1.0
4494.5			1.0
4495.4			1.0
4496.3			1.0
4497.2			1.0
4498.1			1.0
4499.0			1.0
4499.9			1.0
4500.8			1.0
4501.7			1.0
4502.6			1.0
4503.5			1.0
4504.4			1.0
4505.3			1.0
4506.2			1.0
4507.1			1.0
4508.0			1.0
4508.9			1.0
4509.8			1.0
4510.7			1.0
4511.6			1.0
4512.5			1.0
4513.4			1.0
4514.3			1.0
4515.2			1.0
4516.1			1.0
4517.0			1.0
4517.9			1.0
4518.8			1.0
4519.7			1.0
4520.6			1.0
4521.5			1.0
4522.4			1.0
4523.3			1.0
4524.2			1.0
4525.1			1.0
4526.0			1.0
4526.9			1.0
4527.8			1.0
4528.7			1.0
4529.6			1.0
4530.5			1.0
4531.4			0.963306483545121
4532.3			0.896496949769935
4533.2			0.8050243451212672
4534.1			0.7112709476161265
4535.0			0.6537211712997105
4535.9			0.696275815778288
4536.8			0.8314228047933362
4537.7			0.9579023253043494
4538.6			1.0089064059477606
4539.5			1.0
4540.4			1.0
4541.3			1.0
4542.2			1.0
4543.1			1.0
4544.0			1.0
4544.9			1.0
4545.8			1.0
4546.7			1.0
4547.6			1.0
4548.5			1.0
4549.4			1.0
4550.3			1.0
4551.2			1.0
4552.1			1.0
4553.0			1.0
4553.9			1.0
4554.8			1.0
4555.7			1.0
4556.6			1.0
4557.5			1.0
4558.4			1.0
4559.3			1.0
4560.2			1.0
4561.1			1.0
4562.0			1.0
4562.9			1.0
4563.8			1.0
4564.7			1.0
4565.6			1.0
4566.5			1.0
4567.4			1.0
4568.3			1.0
4569.2			1.0
4570.1			1.0
4571.0			1.0
4571.9			1.0
4572.8			1.0
4573.7			1.0
4574.6			1.0
4575.5			1.0
4576.4			1.0
4577.3			1.0
4578.2			1.0
4579.1			1.0
4580.0			1.0
4580.9			1.0
4581.8			1.0
4582.7			1.0
4583.6			1.0181107189581091
4584.5			0.9524591843957134
4585.4			0.8610381382666724
4586.3			0.8339055733025985
4587.2			0.8930947187293409
4588.1			0.968711593696662
4589.0			1.0007427279531778
4589.9			1.0
4590.8			1.0
4591.7			1.0
4592.6			1.0
4593.5			1.0
4594.4			1.0
4595.3			1.0
4596.2			1.0
4597.1			1.0
4598.0			1.0
4598.9			1.0
4599.8			1.0
4600.7			1.0
4601.6			1.0
4602.5			1.0
4603.4			1.0
4604.3			1.0
4605.2			0.9834421475768614
4606.1			0.9242712907218897
4607.0			0.8844526314289217
4607.9			0.9234710269732385
4608.8			1.0039170557239978
4609.7			1.0
4610.6			1.0
4611.5			1.0
4612.4			1.0
4613.3			1.0
4614.2			1.0
4615.1			1.0
4616.0			1.0
4616.9			1.0
4617.8			1.0
4618.7			1.0
4619.6			1.0
4620.5			1.0
4621.4			1.0
4622.3			1.0
4623.2			1.0
4624.1			1.0
4625.0			1.0
4625.9			1.0
4626.8			1.0
4627.7			1.0
4628.6			1.0
4629.5			1.0
4630.4			1.0
4631.3			1.0
4632.2			1.0
4633.1			1.0
4634.0			1.0
4634.9			1.0
4635.8			1.0
4636.7			1.0
4637.6			1.0
4638.5			1.0
4639.4			1.0
4640.3			1.0
4641.2			1.0
4642.1			1.0
4643.0			1.0138741031808152
4643.9			0.9990961088452175
4644.8			0.9527088296508927
4645.7			0.9001150440154958
4646.6			0.8999627362634721
4647.5			0.9547164249890457
4648.4			1.006381234756663
4649.3			1.0228841825954402
4650.2			1.0050059305432013
4651.1			1.0
4652.0			1.0
4652.9			1.0
4653.8			1.0
4654.7			1.0
4655.6			1.0
4656.5			1.0
4657.4			1.0
4658.3			1.0
4659.2			1.0
4660.1			1.0
4661.0			1.0
4661.9			1.0
4662.8			1.0
4663.7			1.0
4664.6			0.9951135112820582
4665.5			0.9807895658481232
4666.4			0.9307366664994989
4667.3			0.8667362597738193
4668.2			0.8526967238529322
4669.1			0.9021595177868373
4670.0			0.962654174467898
4670.9			0.9961019135470861
4671.8			1.008476420976863
4672.7			1.0
4673.6			1.0
4674.5			1.0
4675.4			1.0
4676.3			1.0
4677.2			1.0
4678.1			1.0100548039811958
4679.0			1.0028084621396796
4679.9			0.9761457438455289
4680.8			0.9204062373199751
4681.7			0.8758901266180135
4682.6			0.8995799882428784
4683.5			0.9624915339887167
4684.4			0.9975012806545976
4685.3			1.0071289003975146
4686.2			1.0
4687.1			1.0
4688.0			1.0
4688.9			1.0
4689.8			1.0
4690.7			1.0
4691.6			1.0
4692.5			1.0
4693.4			1.0
4694.3			1.0
4695.2			1.0
4696.1			1.0
4697.0			1.0
4697.9			1.0
4698.8			1.0
4699.7			1.0
4700.6			1.0
4701.5			1.0
4702.4			1.0
4703.3			1.0
4704.2			1.0
4705.1			1.0
4706.0			1.0
4706.9			1.0
4707.8			1.0
4708.7			1.0
4709.6			1.0
4710.5			1.0
4711.4			1.0
4712.3			1.0
4713.2			1.0
4714.1			1.0
4715.0			1.0
4715.9			1.0
4716.8			1.0
4717.7			1.0
4718.6			1.0
4719.5			1.0
4720.4			1.0
4721.3			1.0
4722.2			1.0
4723.1			1.0
4724.0			1.0
4724.9			1.0
4725.8			1.0
4726.7			1.0
4727.6			1.0
4728.5			1.0
4729.4			1.0
4730.3			1.0
4731.2			1.0
4732.1			1.0
4733.0			1.0
4733.9			1.0
4734.8			1.0
4735.7			1.0
4736.6			1.0
4737.5			1.0
4738.4			1.0
4739.3			1.0
4740.2			1.0
4741.1			1.0
4742.0			1.0
4742.9			1.0
4743.8			1.0
4744.7			1.0
4745.6			1.0045706472084808
4746.5			1.0068353228527336
4747.4			1.0058529250588353
4748.3			1.0089961786427468
4749.2			1.0180768392121926
4750.1			1.0216111902624625
4751.0			1.017311026476008
4751.9			1.0020585948506928
4752.8			0.9751025164419285
4753.7			0.969395972244278
4754.6			0.9995766270882176
4755.5			1.022322178249149
4756.4			1.0083506469205896
4757.3			0.9753311683245823
4758.2			0.9431194318968896
4759.1			0.9229378558574719
4760.0			0.9120034733156415
4760.9			0.890331543606
4761.8			0.8579793468271493
4762.7			0.8364641304215359
4763.6			0.8304138766880409
4764.5			0.8261085685726293
4765.4			0.8148988335015147
4766.3			0.8048184844146279
4767.2			0.8082872864171342
4768.1			0.817206250909372
4769.0			0.8139056694508263
4769.9			0.8034949635434175
4770.8			0.7966511803545328
4771.7			0.7931159380839499
4772.6			0.7920145366160906
4773.5			0.7975759383975597
4774.4			0.8074258622703657
4775.3			0.8077744216821355
4776.2			0.7961930181392196
4777.1			0.7823162982421761
4778.0			0.7693695955375504
4778.9			0.7601896025450869
4779.8			0.7574385778954745
4780.7			0.7588803518491593
4781.6			0.7581154838875478
4782.5			0.7564978782905106
4783.4			0.7681220724671168
4784.3			0.799981642737256
4785.2			0.8335832116778279
4786.1			0.8498048437419627
4787.0			0.8554247463015707
4787.9			0.8614006306047532
4788.8			0.8741241932764328
4789.7			0.8958012258242186
4790.6			0.9134071023149981
4791.5			0.9168387702608143
4792.4			0.9197836156032358
4793.3			0.9332249211300411
4794.2			0.9535677847490762
4795.1			0.976634238955659
4796.0			0.9982345679623864
4796.9			1.012854872651552
4797.8			1.0137660525607262
4798.7			1.002738142417978
4799.6			0.9952195778990718
4800.5			0.9977676165699663
4801.4			1.010776215415619
4802.3			1.0312807082540651
4803.2			1.0432277178015539
4804.1			1.030781222857452
4805.0			1.0055060732419188
4805.9			0.9879491914922033
4806.8			0.9755538004683214
4807.7			0.9659552243501816
4808.6			0.9676420178874622
4809.5			0.9778653803749467
4810.4			0.9805707073962746
4811.3			0.9732468192212359
4812.2			0.9699116445474476
4813.1			0.9789659829450464
4814.0			0.9933127225645433
4814.9			1.0029164285125103
4815.8			1.0092991678751673
4816.7			1.0160212420055943
4817.6			1.0190481253224417
4818.5			1.0134187436332385
4819.4			1.0004718392813348
4820.3			1.0
4821.2			1.0
4822.1			1.0
4823.0			1.0
4823.9			1.0
4824.8			1.0
4825.7			1.0
4826.6			1.0
4827.5			1.0
4828.4			1.0
4829.3			1.0
4830.2			1.0
4831.1			1.0
4832.0			1.0
4832.9			1.0
4833.8			1.0
4834.7			1.0
4835.6			1.0
4836.5			1.0
4837.4			1.0
4838.3			1.0
4839.2			1.0
4840.1			1.0
4841.0			1.0
4841.9			1.0
4842.8			1.0
4843.7			1.0
4844.6			1.0
4845.5			1.0
4846.4			1.0
4847.3			1.0
4848.2			1.0
4849.1			1.0
4850.0			1.0
4850.9			1.0
4851.8			1.0
4852.7			1.0
4853.6			1.0
4854.5			1.0
4855.4			1.0
4856.3			1.0
4857.2			1.0
4858.1			1.0
4859.0			1.0
4859.9			1.0
4860.8			1.0
4861.7			1.0
4862.6			1.0
4863.5			1.0
4864.4			1.0
4865.3			1.0
4866.2			1.0
4867.1			1.0
4868.0			1.0
4868.9			1.0
4869.8			1.0
4870.7			1.0
4871.6			1.0
4872.5			1.0
4873.4			1.0
4874.3			1.0
4875.2			1.0
4876.1			1.0
4877.0			1.0
4877.9			1.0
4878.8			1.0
4879.7			1.0
4880.6			1.0
4881.5			1.0
4882.4			1.0
4883.3			1.0
4884.2			1.0
4885.1			1.0
4886.0			1.0
4886.9			1.0
4887.8			1.0
4888.7			1.0
4889.6			1.0
4890.5			1.0
4891.4			1.0
4892.3			1.0
4893.2			1.0
4894.1			1.0
4895.0			1.0
4895.9			1.0
4896.8			1.0
4897.7			1.0
4898.6			1.0
4899.5			1.0
4900.4			1.0
4901.3			1.0
4902.2			1.0
4903.1			1.0
4904.0			1.0
4904.9			1.0
4905.8			1.0
4906.7			1.0
4907.6			1.0
4908.5			1.0
4909.4			1.0
4910.3			1.0
4911.2			1.0
4912.1			1.0
4913.0			1.0
4913.9			1.0
4914.8			1.0
4915.7			1.0
4916.6			1.0
4917.5			0.9934117475354185
4918.4			0.9442716005278018
4919.3			0.8726320774839534
4920.2			0.8405502759277143
4921.1			0.8783179226597563
4922.0			0.9515213545237808
4922.9			1.0007100506627185
4923.8			1.0
4924.7			1.0
4925.6			1.0
4926.5			1.0
4927.4			1.0
4928.3			1.0
4929.2			1.0
4930.1			1.0
4931.0			1.0
4931.9			1.0
4932.8			1.0
4933.7			0.9744472487625816
4934.6			0.98379295944944
4935.5			1.0099262249432694
4936.4			1.0212905634525304
4937.3			0.9992106382789773
4938.2			0.9571999109733461
4939.1			0.9336064514073813
4940.0			0.9432571223178581
4940.9			0.9601703639255186
4941.8			0.96814548415645
4942.7			0.9849437562760491
4943.6			1.0054268993544384
4944.5			1.002400662648128
4945.4			1.0
4946.3			1.0
4947.2			1.0
4948.1			1.0
4949.0			1.0
4949.9			1.0
4950.8			1.0
4951.7			1.0
4952.6			1.0
4953.5			0.9698159543346823
4954.4			0.8993396347885758
4955.3			0.8287174022895665
4956.2			0.7676536713515008
4957.1			0.7271383075508442
4958.0			0.7550214111291288
4958.9			0.8437232635642847
4959.8			0.9277485161508
4960.7			0.974651316939548
4961.6			1.0
4962.5			1.0
4963.4			1.0
4964.3			1.0
4965.2			1.0
4966.1			1.0
4967.0			1.0
4967.9			1.0
4968.8			1.0
4969.7			1.0
4970.6			1.0
4971.5			1.0
4972.4			1.0
4973.3			1.0
4974.2			1.0
4975.1			1.0
4976.0			1.0
4976.9			1.0
4977.8			1.0
4978.7			1.0
4979.6			0.9898851356028071
4980.5			0.9369531694757162
4981.4			0.8411319456573871
4982.3			0.7985517603452337
4983.2			0.8552618223992025
4984.1			0.9467759781587304
4985.0			0.998935226341523
4985.9			1.0
4986.8			1.0
4987.7			1.0
4988.6			1.0
4989.5			1.0
4990.4			1.0
4991.3			1.0
4992.2			1.0
4993.1			1.0
4994.0			1.0
4994.9			1.0
4995.8			1.0
4996.7			1.0
4997.6			0.9998905580260703
4998.5			0.9437173723423331
4999.4			0.8643850388552257
5000.3			0.8485084735122127
5001.2			0.9061639394422071
5002.1			0.971221439506534
5003.0			1.0114714295612353
5003.9			1.0
5004.8			1.0
5005.7			1.0
5006.6			1.0
5007.5			1.0
5008.4			1.0
5009.3			1.0
5010.2			1.0508741470455238
5011.1			1.0417873754837597
5012.0			0.9757405500680766
5012.9			0.8940699777717616
5013.8			0.8242273748562916
5014.7			0.80278511735175
5015.6			0.843604235382094
5016.5			0.905665160033563
5017.4			0.9591522103417984
5018.3			0.9949930489640869
5019.2			0.997782440832643
5020.1			1.0
5021.0			1.0
5021.9			1.0
5022.8			1.0
5023.7			1.0
5024.6			1.0
5025.5			1.0
5026.4			1.0
5027.3			1.0
5028.2			1.0
5029.1			1.0
5030.0			1.0
5030.9			1.0
5031.8			1.0
5032.7			1.0
5033.6			1.0
5034.5			1.0
5035.4			1.0
5036.3			1.0
5037.2			1.0261927243735665
5038.1			1.0339505331088703
5039.0			0.9740452039351316
5039.9			0.8868032589098084
5040.8			0.8482799647823791
5041.7			0.8844310675967033
5042.6			0.9383206391248335
5043.5			0.9703965726639332
5044.4			1.005878553641923
5045.3			1.0
5046.2			1.0
5047.1			1.0
5048.0			1.0
5048.9			1.0
5049.8			1.0
5050.7			1.0
5051.6			1.0
5052.5			1.0
5053.4			1.0
5054.3			1.0
5055.2			1.0
5056.1			1.0157353388606338
5057.0			1.0589013762705763
5057.9			1.0798284841509287
5058.8			1.0634354170308855
5059.7			1.0573377575265437
5060.6			1.0697060156014395
5061.5			1.0604564410486859
5062.4			1.026870065912431
5063.3			0.9751691952803279
5064.2			0.9171533827104507
5065.1			0.8998149653237115
5066.0			0.9315548802535739
5066.9			0.9591668081490455
5067.8			0.955918234265968
5068.7			0.9434324817693809
5069.6			0.9372644358646746
5070.5			0.9253896442453908
5071.4			0.9043265755255483
5072.3			0.9041522718967262
5073.2			0.9512019941413906
5074.1			1.003340067351229
5075.0			1.0
5075.9			1.0
5076.8			1.0
5077.7			1.0336586407459858
5078.6			1.055383777253936
5079.5			1.0273257393818171
5080.4			0.9872108406258974
5081.3			0.9398025110819648
5082.2			0.8980767830374838
5083.1			0.9049419983215199
5084.0			0.9461885852964345
5084.9			0.9788312181232818
5085.8			1.0014377874977856
5086.7			1.0033922528509416
5087.6			1.0
5088.5			1.0
5089.4			1.0
5090.3			1.0
5091.2			1.0
5092.1			1.0570663617815765
5093.0			1.0963811973654616
5093.9			1.0563417390975232
5094.8			0.962754724408035
5095.7			0.9344453187087571
5096.6			1.017708823893784
5097.5			1.090260440807311
5098.4			1.0528393094132404
5099.3			0.9675967496288033
5100.2			0.9140465480209378
5101.1			0.9014013377587018
5102.0			0.917357176213761
5102.9			0.937576481157224
5103.8			0.9376167460916235
5104.7			0.9273222242624753
5105.6			0.9167920373679013
5106.5			0.9065929912393607
5107.4			0.9195606649043963
5108.3			0.9603052814466381
5109.2			0.9962096659722098
5110.1			1.0008508940869418
5111.0			0.9856489812078025
5111.9			0.9707981157359848
5112.8			0.9722288762526367
5113.7			1.021246920384386
5114.6			1.0980755663760464
5115.5			1.1237440869109612
5116.4			1.1036523278809953
5117.3			1.0954339227781675
5118.2			1.0776428534481206
5119.1			1.0328853398309794
5120.0			0.9952058920584709
5120.9			1.0
5121.8			1.0249968587193745
5122.7			1.0039818077228326
5123.6			0.933690960519942
5124.5			0.8954077379454644
5125.4			0.9043737188101477
5126.3			0.9133649857612092
5127.2			0.9071849106499675
5128.1			0.894092017615556
5129.0			0.8681553329858556
5129.9			0.8632990087215138
5130.8			0.9272910328553863
5131.7			1.0128316737130088
5132.6			1.032834108530668
5133.5			0.9958740999413195
5134.4			0.9737472509025538
5135.3			0.9879354346569192
5136.2			1.016366183277173
5137.1			1.0336449299257968
5138.0			1.0013510386208615
5138.9			1.0
5139.8			1.0
5140.7			1.0
5141.6			1.0076978879562715
5142.5			0.9820931111410336
5143.4			0.9618703214863851
5144.3			0.939259949409811
5145.2			0.8917395058562313
5146.1			0.8599435035626204
5147.0			0.8846521525703239
5147.9			0.9339944936559906
5148.8			0.9421315349171855
5149.7			0.9046884865543612
5150.6			0.8724103566392137
5151.5			0.8429741363424927
5152.4			1.0
5153.3			0.9337924422031868
5154.2			0.9458733177630503
5155.1			1.0465075779612243
5156.0			1.1628639725695342
5156.9			1.2569123661772752
5157.8			1.3210291711305764
5158.7			1.3315600202453883
5159.6			1.3322416225436124
5160.5			1.3808516891699685
5161.4			1.4044131764667325
5162.3			1.3484775799723285
5163.2			1.314844354371184
5164.1			1.3214930009805825
5165.0			1.2364818877552366
5165.9			1.03784532048788
5166.8			0.8472065596238644
5167.7			0.763351485677415
5168.6			0.78678036831015
5169.5			0.8339522764078486
5170.4			0.8272610097070101
5171.3			0.7638505228703673
5172.2			0.6967008227764563
5173.1			0.6857872859053983
5174.0			0.7445686043913922
5174.9			0.8313485301988929
5175.8			0.9032858793431974
5176.7			0.9272409616770796
5177.6			0.9013046240123791
5178.5			1.0
5179.4			0.9387605604493653
5180.3			0.8665857302360227
5181.2			0.7912540635216887
5182.1			0.7311760792196063
5183.0			0.6917637124287475
5183.9			0.7160336740744662
5184.8			0.8245049800011729
5185.7			0.9485119219243477
5186.6			1.0098504381453857
5187.5			1.1413121589674249
5188.4			1.135209673640164
5189.3			1.141362085200122
5190.2			1.143548859299215
5191.1			1.1052347119652037
5192.0			1.0360649053641515
5192.9			1.0006387765090041
5193.8			1.0
5194.7			1.0
5195.6			1.0
5196.5			1.0
5197.4			1.0
5198.3			1.0
5199.2			1.0
5200.1			1.0
5201.0			0.9695576167752914
5201.9			0.9295613615120537
5202.8			0.8632786942070305
5203.7			0.762037316439195
5204.6			0.6566276278592145
5205.5			0.5932972557116519
5206.4			0.5779211758529285
5207.3			0.5672895547315647
5208.2			0.5411640656699369
5209.1			0.5368670333706745
5210.0			0.5945247239685572
5210.9			0.7306432906451314
5211.8			0.8974148967438725
5212.7			1.0091546737128727
5213.6			1.0421946346476643
5214.5			1.0281947429836755
5215.4			0.9987532934647679
5216.3			1.0
5217.2			1.0
5218.1			1.0
5219.0			1.0
5219.9			1.0
5220.8			1.0
5221.7			1.0003038414593424
5222.6			0.9691973246363544
5223.5			0.9200577438141
5224.4			0.8761171860215197
5225.3			0.847341378851059
5226.2			0.8252030317600655
5227.1			0.8295091445073742
5228.0			0.8868602980953411
5228.9			0.9596007508006974
5229.8			0.9989192506384837
5230.7			1.0004515579278237
5231.6			1.0
5232.5			1.0
5233.4			1.0
5234.3			1.0
5235.2			1.0
5236.1			1.0
5237.0			1.0
5237.9			1.0
5238.8			1.0
5239.7			1.0
5240.6			0.9744515771066563
5241.5			0.9662303807318936
5242.4			0.9834756823850062
5243.3			1.0064097235074991
5244.2			1.0176484669223336
5245.1			1.0028980788675994
5246.0			0.9538193326676067
5246.9			0.9052237155475295
5247.8			0.9084870461148
5248.7			0.9425881794662369
5249.6			0.9478446548660232
5250.5			0.9317654603995021
5251.4			0.9374899191776835
5252.3			0.968966338163362
5253.2			0.9993603188634923
5254.1			1.0
5255.0			1.0
5255.9			1.0
5256.8			1.0
5257.7			1.0
5258.6			1.0
5259.5			1.0
5260.4			0.9403873617997826
5261.3			0.8717459120795907
5262.2			0.8261003172711677
5263.1			0.8011239101974529
5264.0			0.769068749741335
5264.9			0.7395534957808952
5265.8			0.7468952474925605
5266.7			0.790256779205959
5267.6			0.7991581874337588
5268.5			0.7183003696952169
5269.4			0.6209855644375025
5270.3			0.6343069256131244
5271.2			0.7549716069768441
5272.1			0.868432847832302
5273.0			0.9227491335953448
5273.9			0.9449601223094075
5274.8			0.9522444611298696
5275.7			0.9532943726633243
5276.6			0.9673555596953982
5277.5			0.9902068730571164
5278.4			1.0000634397745103
5279.3			1.0
5280.2			0.9704623311096775
5281.1			0.9354055317093568
5282.0			0.9016353348483949
5282.9			0.8891028623825052
5283.8			0.9151083106925411
5284.7			0.963690840822993
5285.6			1.002879712585783
5286.5			1.0
5287.4			1.0
5288.3			1.0
5289.2			1.0
5290.1			1.0
5291.0			1.0
5291.9			1.0
5292.8			1.0200125469007246
5293.7			1.031756900000798
5294.6			1.0188275433028384
5295.5			0.9653711480244961
5296.4			0.8848559285775995
5297.3			0.8269846712475003
5298.2			0.8317852798678602
5299.1			0.8840709977237208
5300.0			0.936630295401245
5300.9			0.9708256844525817
5301.8			1.0020397966909522
5302.7			1.0
5303.6			1.0
5304.5			1.0
5305.4			1.0
5306.3			1.0
5307.2			1.0
5308.1			1.0
5309.0			1.0
5309.9			1.0
5310.8			1.0
5311.7			1.0
5312.6			1.0
5313.5			1.0
5314.4			1.0
5315.3			1.0
5316.2			1.0
5317.1			1.0
5318.0			1.0
5318.9			1.0
5319.8			1.0
5320.7			1.0
5321.6			1.0
5322.5			1.0
5323.4			1.0
5324.3			0.9869444738285569
5325.2			1.0000421118587064
5326.1			0.9686225397698748
5327.0			0.8560916891103426
5327.9			0.7518591953376038
5328.8			0.7622327149547939
5329.7			0.8632926063969579
5330.6			0.9572544234817134
5331.5			0.9994756934423535
5332.4			1.0
5333.3			1.0
5334.2			1.0
5335.1			1.0
5336.0			1.0
5336.9			1.0
5337.8			1.0
5338.7			1.0
5339.6			1.0
5340.5			1.0
5341.4			1.0
5342.3			1.0
5343.2			1.0
5344.1			1.0
5345.0			1.0
5345.9			1.0
5346.8			1.0
5347.7			1.0
5348.6			1.0
5349.5			1.0
5350.4			1.0
5351.3			1.0
5352.2			1.0
5353.1			1.0
5354.0			1.0
5354.9			1.0
5355.8			1.0
5356.7			1.0
5357.6			1.0
5358.5			1.0
5359.4			1.0
5360.3			1.0
5361.2			1.0
5362.1			1.0
5363.0			1.0
5363.9			1.0
5364.8			1.0
5365.7			1.0
5366.6			1.0
5367.5			1.0
5368.4			0.9873619426830482
5369.3			0.9268877901636626
5370.2			0.8362918969426848
5371.1			0.7794935063315603
5372.0			0.8126593203946519
5372.9			0.9102659052162063
5373.8			0.9978451670013193
5374.7			1.0
5375.6			1.0
5376.5			1.0
5377.4			1.0
5378.3			1.0
5379.2			1.0
5380.1			1.0
5381.0			1.0
5381.9			1.0
5382.8			1.0
5383.7			1.0
5384.6			1.0
5385.5			1.0
5386.4			1.0
5387.3			1.0
5388.2			1.0
5389.1			1.0
5390.0			1.0
5390.9			1.0
5391.8			1.0
5392.7			0.9767003371964662
5393.6			0.9500930106537735
5394.5			0.9276171854623623
5395.4			0.8946601535731976
5396.3			0.8460036641969096
5397.2			0.8371462404835837
5398.1			0.9023419024436877
5399.0			0.9806797703917385
5399.9			1.0097594378073689
5400.8			1.0041131847628133
5401.7			0.9996946040878808
5402.6			1.0
5403.5			1.0
5404.4			1.0
5405.3			1.0
5406.2			1.0
5407.1			1.0
5408.0			1.0100258765519767
5408.9			0.9518201519418803
5409.8			0.9121427386261184
5410.7			0.940340512296918
5411.6			0.9988874247394324
5412.5			1.0
5413.4			1.0
5414.3			1.0
5415.2			1.0
5416.1			1.0
5417.0			1.0
5417.9			1.0
5418.8			1.0
5419.7			1.0
5420.6			1.0
5421.5			1.0
5422.4			1.0170764027451626
5423.3			1.0138827233437495
5424.2			1.0004583790829602
5425.1			1.0016416664751173
5426.0			1.021994285033815
5426.9			1.038575624600411
5427.8			0.9989311458153954
5428.7			0.899846577495733
5429.6			0.8308290667448042
5430.5			0.8501990280898899
5431.4			0.8988966142158764
5432.3			0.9105977361711972
5433.2			0.8885759914792075
5434.1			0.8686528427629874
5435.0			1.0
5435.9			1.0716590029144515
5436.8			1.120642888119985
5437.7			1.116625973413643
5438.6			1.1040262016883378
5439.5			1.1301577858035434
5440.4			1.1751171228073785
5441.3			1.1988973603913518
5442.2			1.2004958358157856
5443.1			1.1915974896052977
5444.0			1.154567155698255
5444.9			1.070987435393259
5445.8			0.9621916543034186
5446.7			0.8881243374296707
5447.6			0.8874237897922898
5448.5			0.9222581669282476
5449.4			0.9441083579281494
5450.3			0.9465916817101032
5451.2			0.9455223166847914
5452.1			0.94775861422928
5453.0			0.9392079815460679
5453.9			0.9051909722001439
5454.8			0.8609540528574086
5455.7			0.8555956175430454
5456.6			0.9078266782141573
5457.5			0.9715920228906636
5458.4			1.003319176045184
5459.3			0.9980125477749401
5460.2			0.9720755225879848
5461.1			0.9537541457000467
5462.0			0.955759764116053
5462.9			0.962126108435367
5463.8			0.9702042874366563
5464.7			0.9924324937782559
5465.6			1.0258916307811596
5466.5			1.0568412646309548
5467.4			1.0681235478311153
5468.3			1.0512715083704558
5469.2			1.0223298709452862
5470.1			1.0089910541427745
5471.0			1.024484512728854
5471.9			1.0490765219154077
5472.8			1.0487279213287455
5473.7			1.0248168771166009
5474.6			1.0066208601421283
5475.5			0.9997802447915952
5476.4			1.0
5477.3			1.0
5478.2			1.0
5479.1			1.0
5480.0			1.0
5480.9			1.0
5481.8			1.0
5482.7			1.0
5483.6			1.0
5484.5			1.0
5485.4			1.0
5486.3			1.0
5487.2			1.0
5488.1			1.0
5489.0			1.0
5489.9			1.0
5490.8			1.0
5491.7			1.0
5492.6			1.0
5493.5			1.0
5494.4			1.0
5495.3			1.0
5496.2			1.0
5497.1			1.0
5498.0			1.0
5498.9			1.0
5499.8			1.0
5500.7			1.0
5501.6			1.0
5502.5			1.0
5503.4			1.0
5504.3			1.0
5505.2			1.0
5506.1			1.0
5507.0			1.0158865987864565
5507.9			1.0628809992595134
5508.8			1.0819977144832718
5509.7			1.0472926324266179
5510.6			0.9786778618182683
5511.5			0.9118904083865642
5512.4			0.8744734437001865
5513.3			0.8676506373183682
5514.2			0.8782341298869483
5515.1			0.9035961950959277
5516.0			0.9443769602630633
5516.9			0.9836463900151684
5517.8			1.0019675388397271
5518.7			1.0
5519.6			1.0
5520.5			1.0
5521.4			1.0
5522.3			1.0
5523.2			1.0
5524.1			1.0
5525.0			1.0
5525.9			1.0
5526.8			1.0
5527.7			1.0
5528.6			1.0
5529.5			1.0
5530.4			1.0
5531.3			1.0
5532.2			1.0
5533.1			1.0
5534.0			1.0
5534.9			1.0
5535.8			1.0
5536.7			1.0
5537.6			1.0
5538.5			1.0
5539.4			1.0
5540.3			1.0
5541.2			1.0
5542.1			1.0
5543.0			1.0
5543.9			1.0
5544.8			1.0
5545.7			1.0
5546.6			1.0
5547.5			1.0
5548.4			1.0
5549.3			1.0
5550.200000000001			1.0
5551.1			1.0
5552.0			1.0
5552.9			1.0
5553.8			1.0
5554.700000000001			1.0
5555.6			1.0
5556.5			1.0
5557.4			1.0
5558.3			1.0
5559.200000000001			1.0117435375840982
5560.1			1.0032917811419542
5561.0			0.9821781647348701
5561.9			0.9700131069894176
5562.8			0.9728987785186938
5563.700000000001			0.9773355792446803
5564.6			0.9682955147106045
5565.5			0.9499519455548004
5566.4			0.9366661693162842
5567.3			0.9414916607481352
5568.200000000001			0.9688024661146425
5569.1			0.9969963649960961
5570.0			1.0106265857092682
5570.9			1.0114595367013057
5571.8			1.004751170155841
5572.700000000001			0.9997547119815322
5573.6			1.0018233628431596
5574.5			1.0
5575.4			1.0
5576.3			1.0
5577.200000000001			1.0
5578.1			1.0
5579.0			1.0
5579.9			1.0
5580.8			1.0
5581.700000000001			1.0
5582.6			1.0
5583.5			1.0
5584.4			1.0
5585.3			1.0
5586.200000000001			0.9638182981268029
5587.1			0.9124878034700998
5588.0			0.8589250269630369
5588.9			0.8317398725259025
5589.8			0.866093820420519
5590.700000000001			1.0
5591.6			1.0514290707038856
5592.5			1.0518217741173734
5593.4			1.0103295954306426
5594.3			0.971502165168118
5595.200000000001			0.9818819412572841
5596.1			0.9976881988352118
5597.0			0.9467436151376083
5597.9			0.8639473933115305
5598.8			0.8388061162061247
5599.700000000001			0.8754131772169931
5600.6			0.9051694960414022
5601.5			0.9091254234462067
5602.4			0.9152983386239701
5603.3			0.9366559899986538
5604.200000000001			0.9668960865049177
5605.1			0.9892246304206648
5606.0			0.9965112193363318
5606.9			1.0
5607.8			1.0
5608.700000000001			1.0
5609.6			1.0042215936715424
5610.5			1.0053839060326168
5611.4			1.0099804239543442
5612.3			1.014161728697596
5613.200000000001			1.0079061703222372
5614.1			0.9767004764042726
5615.0			0.9310596337367661
5615.9			0.9111546328977727
5616.8			0.9283342201046312
5617.700000000001			0.9518316308121254
5618.6			0.9538297094365563
5619.5			0.9409670538544374
5620.4			0.9406628122472542
5621.3			0.9657263404660453
5622.200000000001			0.9999097058454326
5623.1			1.0
5624.0			1.0
5624.9			1.0
5625.8			1.0
5626.700000000001			1.0
5627.6			1.0
5628.5			1.0
5629.4			1.0
5630.3			1.0
5631.200000000001			1.0
5632.1			1.0
5633.0			1.0
5633.9			1.0
5634.8			1.0
5635.700000000001			1.0
5636.6			1.0
5637.5			1.0
5638.4			1.0
5639.3			1.0
5640.200000000001			1.0
5641.1			1.0
5642.0			1.0
5642.9			1.0
5643.8			1.0
5644.700000000001			1.0
5645.6			1.0
5646.5			1.0
5647.4			1.0
5648.3			1.0
5649.200000000001			1.0
5650.1			1.0
5651.0			1.0
5651.9			1.0
5652.8			1.0
5653.700000000001			1.0
5654.6			1.0
5655.5			1.0
5656.4			1.0
5657.3			1.0
5658.200000000001			1.0
5659.1			1.0
5660.0			1.0
5660.9			1.0
5661.8			1.0
5662.700000000001			1.0
5663.6			1.0
5664.5			1.0204604511169533
5665.4			1.0348479954972976
5666.3			1.0356724739134051
5667.200000000001			1.019492910762596
5668.1			0.995526890843898
5669.0			0.9774117822211736
5669.9			0.9625460872759977
5670.8			0.9450254372747081
5671.700000000001			0.9421634432706862
5672.6			0.9593999089165945
5673.5			0.9742979635505828
5674.4			0.9760895320210918
5675.3			0.9770762981073475
5676.200000000001			0.9867110717792366
5677.1			0.9972069609921599
5678.0			1.0
5678.9			1.0
5679.8			1.0
5680.700000000001			1.0
5681.6			1.0
5682.5			1.0
5683.4			1.0
5684.3			1.0
5685.200000000001			1.023408582011116
5686.1			1.0045782292169734
5687.0			0.9557110762959864
5687.9			0.9155554645303968
5688.8			0.9183628477169562
5689.700000000001			0.9596761654502189
5690.6			0.999318647297099
5691.5			1.0
5692.4			1.0
5693.3			1.0
5694.200000000001			1.0
5695.1			1.0
5696.0			1.0
5696.9			1.0
5697.8			1.0
5698.700000000001			1.0
5699.6			1.0
5700.5			1.0
5701.4			1.0
5702.3			1.0
5703.200000000001			1.0
5704.1			1.0
5705.0			1.0
5705.9			1.0
5706.8			1.0
5707.700000000001			1.0
5708.6			1.0
5709.5			1.0
5710.4			1.0
5711.3			1.0
5712.200000000001			1.0
5713.1			1.0
5714.0			1.0
5714.9			1.0
5715.8			1.0
5716.700000000001			1.0
5717.6			1.0
5718.5			1.0
5719.4			1.0
5720.3			1.0
5721.200000000001			1.0
5722.1			1.0
5723.0			1.0
5723.9			1.0
5724.8			1.0
5725.700000000001			1.0
5726.6			1.0
5727.5			1.0
5728.4			1.0
5729.3			1.0
5730.200000000001			1.0
5731.1			1.0
5732.0			1.0
5732.9			1.0
5733.8			1.0
5734.700000000001			1.0
5735.6			1.0
5736.5			0.9909408800582219
5737.4			0.9894682246020614
5738.3			0.9940788419270967
5739.200000000001			0.9982373851437449
5740.1			1.0021273604503484
5741.0			1.0056065419191176
5741.9			1.00399839809653
5742.8			0.9980060244018186
5743.700000000001			0.9999833557716625
5744.6			1.0109388096802447
5745.5			1.0201883955714444
5746.4			1.024340025223653
5747.3			1.022366821959676
5748.200000000001			1.0177042967457297
5749.1			1.0177736419378192
5750.0			1.0245788304674173
5750.9			1.0332278848392518
5751.8			1.0349527656959905
5752.700000000001			1.0297475525284479
5753.6			1.024983120157326
5754.5			1.0287439000792464
5755.4			1.039646554935534
5756.3			1.0503511356360082
5757.200000000001			1.0540819923710794
5758.1			1.0441765232879172
5759.0			1.0240016181556633
5759.9			1.0033608098291358
5760.8			0.9831356145614658
5761.700000000001			0.9592372898281556
5762.6			0.9415777599067997
5763.5			0.9444638107417572
5764.4			0.9601204644021859
5765.3			0.9696260000681867
5766.200000000001			0.9713307163641909
5767.1			0.9739580370654707
5768.0			0.9796896799863661
5768.9			0.9854955634605742
5769.8			0.987309793507939
5770.700000000001			0.9872288253670313
5771.6			0.987795485121375
5772.5			0.9901023563336855
5773.4			0.9899349759887431
5774.3			0.9843167287749135
5775.200000000001			0.9790655172342696
5776.1			0.9754671468253718
5777.0			0.9739581760966575
5777.9			0.9758796759013958
5778.8			0.979564873458058
5779.700000000001			0.983670117910722
5780.6			0.9837657720769415
5781.5			0.9809997954521635
5782.4			0.9812515874204026
5783.3			0.9832297973190226
5784.200000000001			0.9838780927780234
5785.1			0.9827838677443597
5786.0			0.9867233488423309
5786.9			0.9962797326089138
5787.8			1.0015260726755393
5788.700000000001			0.9999599548722976
5789.6			1.0
5790.5			1.0
5791.4			1.0
5792.3			1.0
5793.200000000001			1.0
5794.1			1.0
5795.0			1.0
5795.9			1.0
5796.8			1.0
5797.700000000001			1.0
5798.6			1.0
5799.5			1.0
5800.4			1.0
5801.3			1.0
5802.200000000001			1.0
5803.1			1.0
5804.0			1.0
5804.9			1.0
5805.8			1.0
5806.700000000001			1.0
5807.6			1.0
5808.5			1.0
5809.4			1.0
5810.3			1.0
5811.200000000001			1.0
5812.1			1.0
5813.0			1.0
5813.9			1.0
5814.8			1.0
5815.700000000001			1.0
5816.6			1.0
5817.5			1.0
5818.4			1.0
5819.3			1.0
5820.200000000001			1.0
5821.1			1.0
5822.0			1.0
5822.9			1.0
5823.8			1.0
5824.700000000001			1.0
5825.6			1.0
5826.5			1.0
5827.4			1.0
5828.3			1.0
5829.200000000001			1.0
5830.1			1.0
5831.0			1.0
5831.9			1.0
5832.8			1.0
5833.700000000001			1.0
5834.6			1.0
5835.5			1.0
5836.4			1.0
5837.3			1.0
5838.200000000001			1.0
5839.1			1.0
5840.0			1.0
5840.9			1.0
5841.8			1.0
5842.700000000001			1.0
5843.6			1.0
5844.5			1.0
5845.4			1.0
5846.3			1.0
5847.200000000001			1.0
5848.1			1.0
5849.0			1.0
5849.9			1.0
5850.8			1.0
5851.700000000001			1.0
5852.6			1.0
5853.5			1.0
5854.4			1.0069607911897105
5855.3			0.9921083324671259
5856.200000000001			0.9407129070026036
5857.1			0.88961381228022
5858.0			0.8928471224935352
5858.9			0.9490468872730482
5859.8			1.0001853599806245
5860.700000000001			1.0
5861.6			1.0
5862.5			1.0
5863.4			1.0
5864.3			1.0
5865.200000000001			1.0
5866.1			1.0
5867.0			1.0
5867.9			1.0
5868.8			1.0
5869.700000000001			1.0
5870.6			1.0
5871.5			1.0
5872.4			1.0
5873.3			1.0
5874.200000000001			0.9989167423630604
5875.1			0.9950264884400118
5876.0			0.9785986074109805
5876.9			0.9605085656983025
5877.8			0.9440836886482316
5878.700000000001			0.9292888498582591
5879.6			0.9172590379273984
5880.5			0.9079382159851922
5881.4			0.8952837312130141
5882.3			0.8695998764802954
5883.200000000001			0.832272454481356
5884.1			0.7856421071874871
5885.0			0.7311236554525731
5885.9			0.665041170202547
5886.8			0.5816167312899952
5887.700000000001			0.4803507266599095
5888.6			0.36640755930999075
5889.5			0.2759835644237035
5890.4			0.2652163609629053
5891.3			0.337228930681284
5892.200000000001			0.42817194493455
5893.1			0.4742311002207737
5894.0			0.451165625912274
5894.9			0.37713458593408417
5895.8			0.3232677227673025
5896.700000000001			0.35788310245605315
5897.6			0.462869706710612
5898.5			0.5733200657856099
5899.4			0.6635454671217819
5900.3			0.742458472061018
5901.200000000001			0.8144977842436517
5902.1			0.8734744759966712
5903.0			0.9169282702273147
5903.9			0.9438747726314394
5904.8			0.9594294347723537
5905.700000000001			0.9755393130703961
5906.6			0.9983434848565881
5907.5			1.0
5908.4			1.0
5909.3			1.0
5910.200000000001			1.0
5911.1			1.0
5912.0			1.0
5912.9			1.0
5913.8			1.0
5914.700000000001			1.0
5915.6			1.0
5916.5			1.0
5917.4			1.0
5918.3			1.0
5919.200000000001			1.0
5920.1			1.0
5921.0			1.0
5921.9			1.0
5922.8			1.0
5923.700000000001			1.0
5924.6			1.0
5925.5			1.0
5926.4			1.0
5927.3			1.0
5928.200000000001			1.0
5929.1			1.0
5930.0			1.0
5930.9			1.0
5931.8			1.0
5932.700000000001			1.0
5933.6			1.0
5934.5			1.0
5935.4			1.0
5936.3			1.0
5937.200000000001			1.0
5938.1			1.0
5939.0			1.0
5939.9			1.0
5940.8			1.0
5941.700000000001			1.0
5942.6			1.0
5943.5			1.0
5944.4			1.0
5945.3			1.0
5946.200000000001			1.0033982792853797
5947.1			0.9926270329261331
5948.0			0.9683792124839825
5948.9			0.9444651766579215
5949.8			0.9316854192410075
5950.700000000001			0.9329785132406947
5951.6			0.9403674045958027
5952.5			0.9421534841058671
5953.4			0.9425023587939315
5954.3			0.9461711029201378
5955.200000000001			0.9411834914555619
5956.1			0.9244273560984471
5957.0			0.9178098158099159
5957.9			0.928560724806636
5958.8			0.948176251598302
5959.700000000001			0.9699991670986372
5960.6			0.9834224711788405
5961.5			0.9825449409694295
5962.4			0.9757701292415931
5963.3			0.9698524577221402
5964.200000000001			0.9652268249522928
5965.1			0.9610232067852931
5966.0			0.9644374069798388
5966.9			0.9807983102155329
5967.8			1.0001224829314517
5968.700000000001			1.0
5969.6			1.0
5970.5			1.0
5971.4			1.0
5972.3			1.0
5973.200000000001			1.0
5974.1			1.0
5975.0			1.0
5975.9			1.0
5976.8			1.0
5977.700000000001			1.0
5978.6			1.0
5979.5			1.0
5980.4			1.0
5981.3			1.0
5982.200000000001			1.0
5983.1			1.0
5984.0			1.0
5984.9			1.0
5985.8			1.0
5986.700000000001			1.0
5987.6			1.0
5988.5			1.0
5989.4			1.0
5990.3			1.0
5991.200000000001			1.0
5992.1			1.0
5993.0			1.0
5993.9			1.0
5994.8			1.0
5995.700000000001			1.0
5996.6			1.0
5997.5			1.0
5998.4			1.0
5999.3			1.0
6000.200000000001			1.0
6001.1			1.0
6002.0			1.0
6002.9			1.0
6003.8			1.0
6004.700000000001			1.0
6005.6			1.0
6006.5			1.0
6007.4			1.0
6008.3			1.0
6009.200000000001			1.0
6010.1			1.0
6011.0			1.0
6011.9			1.0
6012.8			1.0
6013.700000000001			1.0
6014.6			1.0
6015.5			1.0
6016.4			1.0
6017.3			1.0
6018.200000000001			1.0
6019.1			1.0
6020.0			1.0
6020.9			1.0
6021.8			1.0
6022.700000000001			1.0
6023.6			1.0
6024.5			1.0
6025.4			1.0
6026.3			1.0
6027.200000000001			1.0
6028.1			1.0
6029.0			1.0
6029.9			1.0
6030.8			1.0
6031.700000000001			1.0
6032.6			1.0083184330652966
6033.5			1.015995888888992
6034.4			1.0142203451740972
6035.3			0.9921211125107129
6036.200000000001			0.9600766866258562
6037.1			0.9463384361662132
6038.0			0.9593394199883816
6038.9			0.9758983689079869
6039.8			0.9816507709428918
6040.700000000001			0.9873283773230318
6041.6			0.9996769672644585
6042.5			1.0
6043.4			1.0
6044.3			1.0
6045.200000000001			1.0
6046.1			1.0
6047.0			1.0
6047.9			1.0
6048.8			1.0
6049.700000000001			1.0
6050.6			1.0
6051.5			1.0
6052.4			1.0
6053.3			1.0
6054.200000000001			1.0
6055.1			1.0
6056.0			1.0
6056.9			1.0
6057.8			1.0
6058.700000000001			1.0
6059.6			1.0
6060.5			1.0
6061.4			1.0
6062.3			0.9916637655822924
6063.200000000001			0.9757452381618082
6064.1			0.9484910248717694
6065.0			0.9282653707214356
6065.9			0.9402576371301201
6066.8			0.9733992135620406
6067.700000000001			0.9993163232564538
6068.6			1.0
6069.5			1.0
6070.4			1.0
6071.3			1.0
6072.200000000001			1.0
6073.1			1.0
6074.0			1.0
6074.9			1.0
6075.8			1.0
6076.700000000001			1.0
6077.6			1.0
6078.5			1.0
6079.4			1.0
6080.3			1.0
6081.200000000001			1.0
6082.1			1.0
6083.0			1.0
6083.9			1.0
6084.8			1.0
6085.700000000001			1.0
6086.6			1.0
6087.5			1.0
6088.4			1.0
6089.3			1.0
6090.200000000001			1.0
6091.1			1.0
6092.0			1.0
6092.9			1.0
6093.8			1.0
6094.700000000001			1.0
6095.6			1.0
6096.5			1.0
6097.4			1.0
6098.3			1.0
6099.200000000001			1.0
6100.1			0.9815983934652531
6101.0			0.9153043442210483
6101.9			0.8178197254286852
6102.8			0.7668965644737865
6103.700000000001			0.8199399408513516
6104.6			0.9248305290029404
6105.5			1.0000672762738392
6106.4			1.0
6107.3			1.0
6108.200000000001			1.0
6109.1			1.0
6110.0			1.0
6110.9			1.0
6111.8			1.0
6112.700000000001			1.0
6113.6			1.0
6114.5			1.0
6115.4			1.0
6116.3			1.0
6117.200000000001			1.0
6118.1			1.0
6119.0			0.97015395354445
6119.9			0.9094541112372085
6120.8			0.8116552338434523
6121.700000000001			0.7136227718280992
6122.6			0.7014426958012391
6123.5			0.7982608595264746
6124.4			0.9169593737305568
6125.3			0.9807075843838513
6126.200000000001			0.9995715933232082
6127.1			1.0
6128.0			1.0
6128.9			1.0
6129.8			1.0
6130.700000000001			1.0
6131.6			1.0
6132.5			1.0
6133.4			1.0
6134.3			0.9870185660152428
6135.200000000001			0.9603761732150928
6136.1			0.9286226705715621
6137.0			0.9149539952654555
6137.9			0.9388756623698297
6138.8			0.9802847804774864
6139.700000000001			1.0018910340496516
6140.6			1.0
6141.5			1.0
6142.4			1.0
6143.3			1.0
6144.200000000001			1.0
6145.1			1.0
6146.0			1.0
6146.9			1.0
6147.8			1.0
6148.700000000001			1.0
6149.6			1.0
6150.5			1.0151148618187495
6151.4			1.0564985160859068
6152.3			1.0807503790816657
6153.200000000001			1.0736779509918204
6154.1			1.058940203768345
6155.0			1.0645615950273657
6155.9			1.0788270010812717
6156.8			1.0684825765691188
6157.700000000001			1.0201351532656413
6158.6			0.9422784865388942
6159.5			0.8533041610289251
6160.4			0.7517648195274592
6161.3			0.6467652577284662
6162.200000000001			0.5978383643188308
6163.1			0.6448443496381855
6164.0			0.7439703676024195
6164.9			0.8204307298157314
6165.8			0.8554494682188396
6166.700000000001			0.8749411479587624
6167.6			0.8739850935007457
6168.5			0.8377015702823511
6169.4			0.8178248094167024
6170.3			0.8733858740406009
6171.200000000001			0.9648787159495906
6172.1			1.016123396892116
6173.0			1.0161997171445474
6173.9			1.001054057864929
6174.8			1.0
6175.700000000001			1.0
6176.6			1.0
6177.5			1.0
6178.4			1.0
6179.3			1.0
6180.200000000001			1.0
6181.1			1.0
6182.0			1.0
6182.9			0.9877105792405105
6183.8			0.9744599505705728
6184.700000000001			0.9641478382434922
6185.6			0.9384800971883028
6186.5			0.90705628568372
6187.4			0.9016738485883089
6188.3			0.9149683399218139
6189.200000000001			0.9149796438493691
6190.1			0.8900456609644605
6191.0			1.0
6191.9			0.9921361823533429
6192.8			1.0198219519915104
6193.700000000001			1.0513016824439338
6194.6			1.069173665545532
6195.5			1.0805048269280277
6196.4			1.087724829699784
6197.3			1.0890470225133924
6198.200000000001			1.0819673565726406
6199.1			1.0706285157552407
6200.0			1.073600670904917
6200.9			1.0965793711502858
6201.8			1.1223375428933031
6202.700000000001			1.139249812715769
6203.6			1.1439033334332764
6204.5			1.1407087720933993
6205.4			1.141260893792345
6206.3			1.1511618937309627
6207.200000000001			1.1608568846992293
6208.1			1.157956207982257
6209.0			1.1376476891010139
6209.9			1.1028845654777197
6210.8			1.0767076347174775
6211.700000000001			1.0789927492749183
6212.6			1.0764837184741716
6213.5			1.0321008087217542
6214.4			0.9635891222702067
6215.3			0.9084433049567947
6216.200000000001			0.8967617749529387
6217.1			0.9265466560976635
6218.0			0.9591130395009735
6218.9			0.9744606048125568
6219.8			0.9850926228721703
6220.700000000001			0.992089012784928
6221.6			0.9737002998001916
6222.5			0.9308850560539375
6223.4			0.8950814136983313
6224.3			0.8854319798818577
6225.200000000001			0.8966355804987071
6226.1			0.9129120349376346
6227.0			0.9253223211421485
6227.9			0.9326310942715295
6228.8			0.9282401508662286
6229.700000000001			0.908871735449157
6230.6			0.8896324083596797
6231.5			0.8955508650239883
6232.4			0.9253650265276774
6233.3			0.9606526629860471
6234.200000000001			0.9934409816350435
6235.1			1.0098768279629449
6236.0			1.0
6236.9			0.9853411100359427
6237.8			0.9664743285178382
6238.700000000001			0.9365794137192481
6239.6			0.9155502916909156
6240.5			0.926009486456859
6241.4			0.9416203410373365
6242.3			0.9266398098823574
6243.200000000001			0.9073726459546374
6244.1			0.9232232980349095
6245.0			0.9598573291439979
6245.9			0.9908290600027074
6246.8			1.0101467100642887
6247.700000000001			1.011231207991219
6248.6			1.0013403854896337
6249.5			0.9994807453815694
6250.4			1.0273872042675116
6251.3			1.0161561819911447
6252.200000000001			0.9965931028558841
6253.1			0.9895306607148655
6254.0			0.9996248856393399
6254.9			1.0
6255.8			1.0088894355922362
6256.700000000001			0.9857955333491809
6257.6			0.937951007391838
6258.5			0.9033096280760348
6259.4			0.911206590516758
6260.3			0.9497908940997052
6261.200000000001			0.9997985021452085
6262.1			1.0
6263.0			1.0
6263.9			1.0
6264.8			1.0
6265.700000000001			1.0
6266.6			1.0
6267.5			1.0
6268.4			1.0
6269.3			1.0
6270.200000000001			1.0
6271.1			1.0
6272.0			1.0
6272.9			1.0
6273.8			1.0
6274.700000000001			1.0
6275.6			1.0
6276.5			1.0
6277.4			1.0
6278.3			1.0
6279.200000000001			1.0
6280.1			1.0
6281.0			1.0
6281.9			1.0
6282.8			1.0
6283.700000000001			1.0
6284.6			1.0
6285.5			1.0
6286.4			1.0
6287.3			1.0
6288.200000000001			1.0
6289.1			1.0
6290.0			1.0
6290.9			0.9877410085132713
6291.8			0.9741219242629279
6292.700000000001			0.964795701881926
6293.6			0.970383756218104
6294.5			0.9745645878246739
6295.4			0.9581120730222927
6296.3			0.9453724529720582
6297.200000000001			0.9620429571593488
6298.1			1.0001236779195306
6299.0			1.0282983709774616
6299.9			1.0271411386809672
6300.8			1.0078431567810155
6301.700000000001			0.999488577230298
6302.6			1.0
6303.5			1.0
6304.4			1.0
6305.3			1.0
6306.200000000001			1.0
6307.1			1.0
6308.0			1.0
6308.9			1.0
6309.8			1.0
6310.700000000001			1.0
6311.6			1.0
6312.5			1.0
6313.4			1.0
6314.3			1.0
6315.200000000001			1.0
6316.1			1.0
6317.0			1.0
6317.9			1.0
6318.8			1.0
6319.700000000001			1.0
6320.6			1.0
6321.5			1.0
6322.4			1.0
6323.3			1.0
6324.200000000001			1.0
6325.1			1.0
6326.0			1.0
6326.9			1.0
6327.8			1.0
6328.700000000001			1.0
6329.6			1.0
6330.5			1.0
6331.4			1.0
6332.3			1.0
6333.200000000001			1.0
6334.1			1.0
6335.0			1.0
6335.9			1.0
6336.8			1.0
6337.700000000001			1.0
6338.6			1.0
6339.5			1.0
6340.4			1.0
6341.3			1.0
6342.200000000001			1.0
6343.1			1.0
6344.0			1.0
6344.9			1.0
6345.8			1.0
6346.700000000001			1.0
6347.6			1.0
6348.5			1.0
6349.4			1.0
6350.3			1.0
6351.200000000001			1.0
6352.1			1.0
6353.0			1.0
6353.9			1.0
6354.8			1.0
6355.700000000001			1.0
6356.6			1.0
6357.5			1.0
6358.4			1.0
6359.3			1.0
6360.200000000001			1.0
6361.1			1.0
6362.0			1.0
6362.9			1.0
6363.8			1.0
6364.700000000001			1.0084313652150365
6365.6			1.0119664313892616
6366.5			1.0093567378191892
6367.4			1.0003450002534906
6368.3			0.9885361416027435
6369.200000000001			0.9841718300481632
6370.1			0.9929257965905253
6371.0			1.0088505529692793
6371.9			1.0186786949937348
6372.8			1.0126587214328377
6373.700000000001			0.9950603375176679
6374.6			0.9782122506189358
6375.5			0.9689183829936538
6376.4			0.96839560182571
6377.3			0.9636209785664156
6378.200000000001			0.9357131530236594
6379.1			0.8868882273178677
6380.0			0.8353778794869288
6380.9			0.8000989855400087
6381.8			0.8064870933432406
6382.700000000001			0.8555163765987491
6383.6			0.8985073540028918
6384.5			0.9036208775778056
6385.4			0.8927436471954656
6386.3			0.8755247615689331
6387.200000000001			0.8456036399243603
6388.1			0.8226245855044146
6389.0			0.8368672997911153
6389.9			0.8837602509244413
6390.8			0.918272881053203
6391.700000000001			0.9117468084862007
6392.6			0.8892308667918449
6393.5			0.8938048099395418
6394.4			0.9340271672617018
6395.3			0.9780538844370551
6396.200000000001			0.999177239594518
6397.1			0.9989651242130394
6398.0			1.0
6398.9			1.0
6399.8			1.0
6400.700000000001			1.0
6401.6			1.0
6402.5			1.0
6403.4			1.0
6404.3			1.0
6405.200000000001			1.0
6406.1			1.0
6407.0			1.0
6407.9			1.0
6408.8			1.0
6409.700000000001			1.0
6410.6			1.0
6411.5			1.0
6412.4			1.0
6413.3			1.0
6414.200000000001			1.0
6415.1			1.0
6416.0			1.0
6416.9			1.0
6417.8			1.0
6418.700000000001			1.0
6419.6			1.0
6420.5			1.0
6421.4			1.0
6422.3			1.0
6423.200000000001			1.0
6424.1			1.0
6425.0			1.0
6425.9			1.0
6426.8			1.0
6427.700000000001			1.0
6428.6			1.0
6429.5			1.0
6430.4			1.0
6431.3			1.0
6432.200000000001			1.0
6433.1			1.0
6434.0			1.0
6434.9			1.0
6435.8			1.0
6436.700000000001			0.9660989134599409
6437.6			0.8962509211408743
6438.5			0.8224965751198139
6439.4			0.8175494694251296
6440.3			0.8903937738163877
6441.200000000001			0.9632994205216754
6442.1			0.999582435733701
6443.0			1.0
6443.9			1.0
6444.8			1.0
6445.700000000001			1.0
6446.6			0.9952810612409055
6447.5			0.967936639547343
6448.4			0.9196788436798438
6449.3			0.8765853311054462
6450.200000000001			0.8838607997402749
6451.1			0.9425251656169317
6452.0			0.9988166016731524
6452.9			1.0
6453.8			1.0
6454.700000000001			1.0
6455.6			1.0
6456.5			1.0
6457.4			1.0
6458.3			1.0
6459.200000000001			1.0
6460.1			0.9737121734172287
6461.0			0.9090366379090974
6461.9			0.8279202096043655
6462.8			0.8058793030377532
6463.700000000001			0.8674766227557292
6464.6			0.9457966027849035
6465.5			0.9993794716506841
6466.4			1.0
6467.3			1.0
6468.200000000001			1.0
6469.1			0.9908403459255779
6470.0			0.9679863325023915
6470.9			0.9336755726840856
6471.8			0.921639546857923
6472.700000000001			0.9523392807869426
6473.6			0.9868029750228596
6474.5			1.0001161980014617
6475.4			1.0
6476.3			1.0
6477.200000000001			1.0
6478.1			1.0
6479.0			1.0
6479.9			1.0
6480.8			1.0
6481.700000000001			1.0
6482.6			1.0
6483.5			1.0
6484.4			1.0
6485.3			1.0
6486.200000000001			1.0
6487.1			1.0
6488.0			1.0
6488.9			1.0
6489.8			1.0
6490.700000000001			1.0065301704904528
6491.6			0.987289925457362
6492.5			0.9285320185189866
6493.4			0.8573405513574882
6494.3			0.8335293211727506
6495.200000000001			0.8783661652767223
6496.1			0.9429624178138726
6497.0			0.9840065987547216
6497.9			0.9939585210600076
6498.8			1.0
6499.700000000001			1.0
6500.6			1.0
6501.5			1.0
6502.4			1.0
6503.3			1.0
6504.200000000001			1.0
6505.1			1.0
6506.0			1.0
6506.9			1.0
6507.8			1.0
6508.700000000001			1.0
6509.6			1.0
6510.5			1.0
6511.4			1.0
6512.3			1.0
6513.200000000001			1.0
6514.1			1.0
6515.0			1.0
6515.9			1.0
6516.8			1.0
6517.700000000001			1.0
6518.6			1.0
6519.5			1.0
6520.4			1.0
6521.3			1.0
6522.200000000001			1.0
6523.1			1.0
6524.0			1.0
6524.9			1.0
6525.8			1.0
6526.700000000001			1.0
6527.6			1.0
6528.5			1.0
6529.4			1.0
6530.3			1.0
6531.200000000001			1.0
6532.1			1.0
6533.0			1.0
6533.9			1.0
6534.8			1.0
6535.700000000001			1.0
6536.6			1.0
6537.5			1.0
6538.4			1.0
6539.3			1.0
6540.200000000001			1.0
6541.1			1.0
6542.0			1.0
6542.9			1.0
6543.8			1.0
6544.700000000001			1.0
6545.6			1.0
6546.5			1.0
6547.4			1.0
6548.3			1.0
6549.200000000001			1.0
6550.1			1.0
6551.0			1.0
6551.9			1.0
6552.8			1.0
6553.700000000001			1.0
6554.6			1.0
6555.5			1.0
6556.4			1.0
6557.3			1.0
6558.200000000001			1.0
6559.1			1.0
6560.0			1.0
6560.9			0.9831330186571602
6561.8			0.9437906986544068
6562.700000000001			0.917880983534019
6563.6			0.9428491527008045
6564.5			0.9941887215535711
6565.4			1.0
6566.3			1.0
6567.200000000001			1.0
6568.1			1.0
6569.0			0.9925815483700267
6569.9			0.9857940097052594
6570.8			0.9693994110570783
6571.700000000001			0.9344304730123505
6572.6			0.9038132117401106
6573.5			0.9122302710880338
6574.4			0.949794739660926
6575.3			0.9832283451240883
6576.200000000001			1.0000428747217969
6577.1			1.0
6578.0			1.0
6578.9			1.0
6579.8			1.0
6580.700000000001			1.0
6581.6			1.0
6582.5			1.0
6583.4			1.0
6584.3			1.0
6585.200000000001			1.0
6586.1			1.0
6587.0			1.0
6587.9			1.0
6588.8			1.0
6589.700000000001			1.0
6590.6			0.993304220251684
6591.5			0.9733071943816914
6592.4			0.9477874995357904
6593.3			0.9348225071471601
6594.200000000001			0.9477158670511134
6595.1			0.9756744941432426
6596.0			0.9977460781555346
6596.9			1.0
6597.8			1.0
6598.700000000001			1.0
6599.6			1.0
6600.5			1.0
6601.4			1.0
6602.3			1.0
6603.200000000001			1.0
6604.1			1.0
6605.0			1.0
6605.9			1.0
6606.8			1.0
6607.700000000001			1.0
6608.6			1.0
6609.5			1.0
6610.4			1.0
6611.3			1.0
6612.200000000001			1.0
6613.1			1.0
6614.0			1.0
6614.9			1.0
6615.8			1.0
6616.700000000001			1.0
6617.6			1.0
6618.5			1.0
6619.4			1.0
6620.3			1.0
6621.200000000001			1.0
6622.1			1.0
6623.0			1.0
6623.9			1.0
6624.8			1.0
6625.700000000001			1.0
6626.6			1.0
6627.5			1.0
6628.4			1.0
6629.3			1.0
6630.200000000001			1.0
6631.1			1.0
6632.0			1.0
6632.9			1.0
6633.8			1.0
6634.700000000001			1.0
6635.6			1.0
6636.5			1.0
6637.4			1.0
6638.3			1.0
6639.200000000001			1.0
6640.1			1.0
6641.0			1.0
6641.9			1.0
6642.8			1.0
6643.700000000001			1.0
6644.6			1.0
6645.5			1.0
6646.4			1.0
6647.3			1.0
6648.200000000001			1.0
6649.1			1.0
6650.0			1.0
6650.9			1.0
6651.8			1.0
6652.700000000001			1.0
6653.6			1.0
6654.5			1.0
6655.4			1.0
6656.3			1.0
6657.200000000001			1.0
6658.1			1.0
6659.0			1.0
6659.9			1.0
6660.8			1.0
6661.700000000001			1.0
6662.6			1.0
6663.5			1.0
6664.4			1.0
6665.3			1.0
6666.200000000001			1.0
6667.1			1.0
6668.0			1.0
6668.9			1.0
6669.8			1.0
6670.700000000001			1.0
6671.6			1.0
6672.5			1.0
6673.4			1.0
6674.3			1.0
6675.200000000001			1.0
6676.1			1.0
6677.0			1.0
6677.9			1.0
6678.8			0.9936294281581661
6679.700000000001			0.9850174931203924
6680.6			0.9609403357116898
6681.5			0.9386137645747469
6682.4			0.941111774514681
6683.3			0.9651670774061117
6684.200000000001			0.9887683848197191
6685.1			1.0
6686.0			0.9982927849827387
6686.9			1.0012903666773794
6687.8			1.0068757212040853
6688.700000000001			1.005731617394452
6689.6			0.9930997061715011
6690.5			0.9770483522392691
6691.4			0.972005138218795
6692.3			0.978113847486708
6693.200000000001			0.983844192506944
6694.1			0.9847919639596572
6695.0			0.9844859898719321
6695.9			0.988126180599446
6696.8			0.9943387978560272
6697.700000000001			0.9987861011460719
6698.6			0.9982998586712295
6699.5			1.001250377962451
6700.4			1.0113955857951265
6701.3			1.014990806719698
6702.200000000001			1.0109169600788934
6703.1			1.0095761378849872
6704.0			1.0175919360193029
6704.9			1.0257648098520293
6705.8			1.0212869324971658
6706.700000000001			1.0115441423816898
6707.6			1.0065010314451217
6708.5			1.0096764789128578
6709.4			1.016123047321098
6710.3			1.0127292197934046
6711.200000000001			0.9960986119084779
6712.1			0.9790517271702512
6713.0			0.9684689398505353
6713.9			0.9475172436384334
6714.8			0.9172062764957574
6715.700000000001			0.8895310142535272
6716.6			0.8550164722595013
6717.5			0.8231557178644422
6718.4			0.827468564485642
6719.3			0.8574050256422794
6720.200000000001			0.8802639040651343
6721.1			0.8932749365640065
6722.0			0.8973731001686545
6722.9			0.8953937316494505
6723.8			0.8924239291135535
6724.700000000001			0.8980396827680529
6725.6			0.9077380458184733
6726.5			0.9141860579246613
6727.4			0.9207758661580746
6728.3			0.9268886897939126
6729.200000000001			0.9285641421864907
6730.1			0.9211459273195243
6731.0			0.9116322130603594
6731.9			0.9083616518345609
6732.8			0.9090502262691118
6733.700000000001			0.9174011350932194
6734.6			0.9265209087156923
6735.5			0.9284739205412501
6736.4			0.9322937450378731
6737.3			0.9406773679950854
6738.200000000001			0.9439589105588622
6739.1			0.9388468166962091
6740.0			0.9366173426414879
6740.9			0.9353875098121701
6741.8			0.9252887846113201
6742.700000000001			0.9175186520572489
6743.6			0.9246473657962162
6744.5			0.9329870206725001
6745.4			0.9251227686791734
6746.3			0.904838879928751
6747.200000000001			0.8815615567583281
6748.1			0.8651986521159856
6749.0			0.8561311140405862
6749.9			0.8556032384103807
6750.8			0.8613593616267005
6751.700000000001			0.8692311980793878
6752.6			0.8835346647398082
6753.5			0.8950443169550394
6754.4			0.8889496853564798
6755.3			0.8783135937580248
6756.200000000001			0.885790485089235
6757.1			0.9074690581080923
6758.0			0.9180454795992689
6758.9			0.9005468028316025
6759.8			0.8775435374170804
6760.700000000001			0.8830910577676442
6761.6			0.9087644179571788
6762.5			0.9202018120676932
6763.4			0.9071611764814659
6764.3			0.8914947744917522
6765.200000000001			0.9046972197995612
6766.1			0.927005183336812
6767.0			0.9160636084415058
6767.9			0.8774598719534664
6768.8			0.8576732329188457
6769.700000000001			0.8833478673008694
6770.6			0.9201034498927321
6771.5			0.9212122434678595
6772.4			0.8925581273480294
6773.3			0.8841159427232056
6774.200000000001			0.9137461544954718
6775.1			0.940856168377879
6776.0			0.9335940274203014
6776.9			0.9104422012701997
6777.8			0.8979785708289462
6778.700000000001			0.9027305299690698
6779.6			0.9056789508036834
6780.5			0.8867232220747031
6781.4			0.849947635186476
6782.3			0.8198473262947272
6783.200000000001			0.814998011250578
6784.1			0.8248135698349855
6785.0			0.8297556971325981
6785.9			0.8276384157567485
6786.8			0.8265837781143164
6787.700000000001			0.8315486237315148
6788.6			0.8398681179345328
6789.5			0.8436199515964653
6790.4			0.8425564081290662
6791.3			0.8397623881702649
6792.200000000001			0.835515595569786
6793.1			0.8323897522186368
6794.0			0.8331160394137619
6794.9			0.8337989943460391
6795.8			0.8253126504334194
6796.700000000001			0.8145548741883544
6797.6			0.8134142386686798
6798.5			0.8241152668944838
6799.4			0.8437551398897775
6800.3			0.8561264361531282
6801.200000000001			0.8576939147977195
6802.1			0.8581821240535614
6803.0			0.8584010147416472
6803.9			0.8553597907349876
6804.8			0.8437157381270305
6805.700000000001			0.8282031663620134
6806.6			0.8169324082308691
6807.5			0.8154016124955087
6808.4			0.8249204576466164
6809.3			0.8300795165010193
6810.200000000001			0.823368650348879
6811.1			0.8230842564755763
6812.0			0.8423594639347755
6812.9			0.8659289966217978
6813.8			0.8636864118835815
6814.700000000001			0.8303810080793598
6815.6			0.8011270723248817
6816.5			0.8009938495308839
6817.4			0.8105699904494915
6818.3			0.8062778524688019
6819.200000000001			0.7976219436321205
6820.1			0.8099960076705862
6821.0			0.832487307825975
6821.9			0.8291648248655953
6822.8			0.8008913652769812
6823.700000000001			0.7886890276010283
6824.6			0.8154636644067582
6825.5			0.8413641735210118
6826.4			0.8278392750105537
6827.3			0.8045032226215828
6828.200000000001			0.8129067966213963
6829.1			0.8376279315804334
6830.0			0.8359377566070835
6830.9			0.8091516572953292
6831.8			0.7946905642698611
6832.700000000001			0.807654284594308
6833.6			0.8274936572003018
6834.5			0.8269426591789231
6835.4			0.8061263981782656
6836.3			0.7914169317481331
6837.200000000001			0.7996228946390269
6838.1			0.8160094072470432
6839.0			0.8227808904010498
6839.9			0.8215887469029044
6840.8			0.8200456447824552
6841.700000000001			0.8250704613848466
6842.6			0.837451432210119
6843.5			0.8411697198900713
6844.4			0.826163608609773
6845.3			0.8050748340959331
6846.200000000001			0.7915602309992151
6847.1			0.7905658303972091
6848.0			0.8019591243445805
6848.9			0.8067069615202289
6849.8			0.7862277665064188
6850.700000000001			0.7638624892176281
6851.6			0.7598817624253088
6852.5			0.7645157941557095
6853.4			0.7745743419901914
6854.3			0.7899316274226851
6855.200000000001			0.7921476511683397
6856.1			0.7760661928395924
6857.0			0.7626454716464427
6857.9			0.7585865390489634
6858.8			0.7552966563275546
6859.700000000001			0.7537234671954391
6860.6			0.7545939226094482
6861.5			0.7562168664959794
6862.4			0.7680018797546476
6863.3			0.7930075519880178
6864.200000000001			0.8067606416829084
6865.1			0.7896219185520054
6866.0			0.7736594857520428
6866.9			0.8036908803769396
6867.8			0.8455919793305054
6868.700000000001			0.8305219659156032
6869.6			0.7827623768836324
6870.5			0.7531176332219733
6871.4			0.7617867430284826
6872.3			0.7932820686689075
6873.200000000001			0.815067503153307
6874.1			0.8161361866945389
6875.0			0.8218623150890954
6875.9			0.8375269624354048
6876.8			0.8444910835478124
6877.700000000001			0.853621815174792
6878.6			0.8675677047805636
6879.5			0.8543959263753178
6880.4			0.8116771065952493
6881.3			0.7837320230051026
6882.200000000001			0.789386604905228
6883.1			0.7969944135014466
6884.0			0.7945200417060136
6884.9			0.7912932134590435
6885.8			0.7816512119956114
6886.700000000001			0.7917085858051691
6887.6			0.8353207919193749
6888.5			0.8560695359954617
6889.4			0.829117430884956
6890.3			0.8146617650371719
6891.200000000001			0.8374990663474541
6892.1			0.8599449613907372
6893.0			0.8589183365637985
6893.9			0.8546058423063121
6894.8			0.8563547735828421
6895.700000000001			0.8520097582292352
6896.6			0.8363560158384901
6897.5			0.822369579994088
6898.4			0.8167398360568918
6899.3			0.8060667105498883
6900.200000000001			0.7715572745990956
6901.1			0.7322444862278379
6902.0			0.7296835122962823
6902.9			0.780683788082319
6903.8			0.8470381483352099
6904.700000000001			0.8701657462608091
6905.6			0.8590341111785401
6906.5			0.8575501259542386
6907.4			0.8803181460116083
6908.3			0.9009470794188107
6909.200000000001			0.8969852463907405
6910.1			0.8733771895091123
6911.0			0.8502755126414159
6911.9			0.8586108898371576
6912.8			0.8951619941698247
6913.700000000001			0.917052437184395
6914.6			1.0
6915.5			0.9612829803920684
6916.4			0.9207810418398492
6917.3			0.887174337933306
6918.200000000001			0.8474272418550914
6919.1			0.8201191215802127
6920.0			0.852531353142714
6920.9			0.9245296285502183
6921.8			0.9782335695653751
6922.700000000001			1.0006655765201808
6923.6			0.9284807585587095
6924.5			0.9285737031235085
6925.4			0.9280995498765765
6926.3			0.9350072528106652
6927.200000000001			0.9466102558573697
6928.1			0.9557165175320457
6929.0			0.962187465314009
6929.9			0.9678111734532499
6930.8			0.9712626491787346
6931.700000000001			0.9742645997887563
6932.6			0.9784834289554231
6933.5			0.9855683650136146
6934.4			0.988070624092867
6935.3			0.9730750466550606
6936.200000000001			0.9608328104619939
6937.1			0.9695171237325526
6938.0			0.9760431475281598
6938.9			0.9697017809092151
6939.8			0.9724487541817252
6940.700000000001			0.9922317093673854
6941.6			1.0161180504056548
6942.5			1.0291754947816785
6943.4			1.0212056840075667
6944.3			1.0066634667478593
6945.200000000001			1.0140943880295388
6946.1			1.0399608830872449
6947.0			1.0560009464978801
6947.9			1.0465822066581012
6948.8			1.0282991703033535
6949.700000000001			1.0290083089564208
6950.6			1.0378187663236997
6951.5			1.030311115722003
6952.4			1.0112847435308714
6953.3			0.991615643997031
6954.200000000001			0.989106247406896
6955.1			1.0025802927650869
6956.0			1.0081575192442895
6956.9			1.0066871019234984
6957.8			1.0107716028961642
6958.700000000001			1.0219522990056438
6959.6			1.024712917609598
6960.5			1.0117763812344314
6961.4			1.0084088351461846
6962.3			1.0187630833225827
6963.200000000001			1.02179225244201
6964.1			1.0214605068313458
6965.0			1.0204137300580924
6965.9			1.0038506236766815
6966.8			0.9902623769784128
6967.700000000001			1.0018369184397589
6968.6			1.0092149264526986
6969.5			0.9982921472244929
6970.4			0.9933238999600563
6971.3			0.9953254722669109
6972.200000000001			1.0
6973.1			1.0011826733220117
6974.0			1.0014245838873939
6974.9			1.0026159487453292
6975.8			1.0099840194858096
6976.700000000001			0.9987047265879793
6977.6			0.9681011007531588
6978.5			0.9579270055791617
6979.4			0.9669512163158216
6980.3			0.9686620776340212
6981.200000000001			0.9723373647400511
6982.1			0.9878110702468633
6983.0			0.9988372108143593
6983.9			0.9990113225472872
6984.8			1.0236243710888828
6985.700000000001			1.0296419329822328
6986.6			1.0302059876866145
6987.5			1.0274076034834374
6988.4			1.0225143577863365
6989.3			1.0245147863382111
6990.200000000001			1.0286246764488294
6991.1			1.0120900823145933
6992.0			0.9977796327059891
6992.9			1.0061517627736463
6993.8			1.0159101959307102
6994.700000000001			1.0224077147891424
6995.6			1.0305752879883983
6996.5			1.031621546732052
6997.4			1.0273995798148705
6998.3			1.026963755953882
6999.200000000001			1.0312543364521045
7000.1			1.0409002586761313
7001.0			1.048793433799998
7001.9			1.0532841553275496
7002.8			1.054077632794008
7003.700000000001			1.0491458221394137
7004.6			1.0454479892183008
7005.5			1.0422714679249931
7006.4			1.0401782312726324
7007.3			1.043566054450471
7008.200000000001			1.0431803708569873
7009.1			1.0342946365254806
7010.0			1.0268536724651334
7010.9			1.0329275137623788
7011.8			1.0572444932276535
7012.700000000001			1.081318377105154
7013.6			1.0821213351329182
7014.5			1.0693823690619018
7015.4			1.059433056108402
7016.3			1.0517995682720607
7017.200000000001			1.0488769251333743
7018.1			1.052453289502194
7019.0			1.0648598556944724
7019.9			1.0760390543996579
7020.8			1.0781760525197228
7021.700000000001			1.078111241863516
7022.6			1.0731389573091619
7023.5			1.057311111135836
7024.4			1.0372576661638668
7025.3			1.0300572944399917
7026.200000000001			1.0479454526334555
7027.1			1.085770066027782
7028.0			1.1239700628792244
7028.9			1.1443422412984754
7029.8			1.145743586987865
7030.700000000001			1.1320000160519104
7031.6			1.111023570582528
7032.5			1.0998930825664637
7033.4			1.1104322629940553
7034.3			1.1407656336069076
7035.200000000001			1.1663609228371998
7036.1			1.167983341714473
7037.0			1.1597358987878168
7037.9			1.159178760489913
7038.8			1.170872011028087
7039.700000000001			1.1883996247605972
7040.6			1.2013772418952187
7041.5			1.207431352077641
7042.4			1.2110911186992976
7043.3			1.21258347445967
7044.200000000001			1.2103137083880864
7045.1			1.206997288453971
7046.0			1.2077060743475994
7046.9			1.2080438410439074
7047.8			1.202665527461626
7048.700000000001			1.1940925804333895
7049.6			1.1876084296665683
7050.5			1.191168180189001
7051.4			1.0
7052.3			0.9983297276367279
7053.200000000001			0.957841966863755
7054.1			0.8962275389359177
7055.0			0.8663999290898486
7055.9			0.9020613302108413
7056.8			0.9704683862018358
7057.700000000001			1.022356486645506
7058.6			1.0470376520425013
7059.5			1.0239909533445477
7060.4			0.999680998972992
7061.3			0.9881430467757103
7062.200000000001			0.9994073458248993
7063.1			1.0244572078411742
7064.0			1.0443249897112485
7064.9			1.0460721116063363
7065.8			1.036313716954711
7066.700000000001			1.0316864989364274
7067.6			1.0355542137645521
7068.5			1.0420605297298289
7069.4			1.0464512506895054
7070.3			1.052778087668389
7071.200000000001			1.06309989640787
7072.1			1.0717917573520683
7073.0			1.0747397361365951
7073.9			1.0736443180399562
7074.8			1.068913739591468
7075.700000000001			1.0
7076.6			1.0
7077.5			1.0006301858270839
7078.4			1.002817323564882
7079.3			1.0052115735227316
7080.200000000001			1.0093095304834006
7081.1			1.0142691303729756
7082.0			1.0167067606628353
7082.9			1.0139470917484539
7083.8			1.005385508737992
7084.700000000001			0.9933483840892413
7085.6			0.9717402657318581
7086.5			0.922546624530021
7087.4			0.8471600659775811
7088.3			0.7938761260491084
7089.200000000001			0.8007924022204337
7090.1			0.8430255681763341
7091.0			0.8812009930242073
7091.9			0.8962253540161498
7092.8			0.8873536276531765
7093.700000000001			0.8729530236922259
7094.6			0.8665002889724394
7095.5			0.8669402549937405
7096.4			0.8720100462900853
7097.3			0.8820623450503015
7098.200000000001			0.895460013473536
7099.1			0.9058215271503651
7100.0			0.9080200418321567
7100.9			0.9064674516863693
7101.8			0.9071392231887323
7102.700000000001			0.9096498691674302
7103.6			0.9128800356835867
7104.5			0.9170541078192828
7105.4			0.9237432507701138
7106.3			0.9351398601827948
7107.200000000001			0.9481746139031519
7108.1			0.9579583018413458
7109.0			0.9630961454811546
7109.9			0.9626708592082371
7110.8			0.9585358353475953
7111.700000000001			0.95900385893357
7112.6			0.9623625734486906
7113.5			0.9630619430456304
7114.4			0.9608705344303923
7115.3			0.9585530937090093
7116.200000000001			0.9625383638226703
7117.1			0.9744323342962415
7118.0			0.9878324235566869
7118.9			0.9998673616076068
7119.8			1.0125850069262166
7120.700000000001			1.0235183000344668
7121.6			1.0237140780035097
7122.5			1.013150351162643
7123.4			0.9884741298470758
7124.3			0.9278098016232368
7125.200000000001			0.8301570215263545
7126.1			0.7547554745188622
7127.0			0.7532325078169877
7127.9			0.7987439617040618
7128.8			0.8372970574923336
7129.700000000001			0.8503866930263079
7130.6			0.8400161811100904
7131.5			0.8218673837924481
7132.4			0.816019033921506
7133.3			0.8207390501628681
7134.200000000001			0.8249839484559048
7135.1			0.8273126905054128
7136.0			0.8308648710028641
7136.9			0.8342622744633573
7137.8			0.8310946230302154
7138.700000000001			0.8258883377226565
7139.6			0.8295951992618218
7140.5			0.8423939993564643
7141.4			0.8552047539575753
7142.3			0.8642648993334042
7143.200000000001			0.8710199433947929
7144.1			1.0
7145.0			0.9955333270254111
7145.9			0.9782045633359187
7146.8			0.9385982888690704
7147.700000000001			0.8979529335671254
7148.6			0.8988371135445097
7149.5			0.9461948691599648
7150.4			0.9981753989473214
7151.3			0.9175026216347447
7152.200000000001			0.9276706946990899
7153.1			0.9326253474132138
7154.0			0.9417623166444771
7154.9			0.9552884961219081
7155.8			0.9640573515082709
7156.700000000001			0.96258828574981
7157.6			0.9515011208698516
7158.5			0.9338907125372256
7159.4			0.9184316878612226
7160.3			0.9175420244661546
7161.200000000001			0.9312765783770004
7162.1			0.9466140666940744
7163.0			0.950408400767688
7163.9			0.9444407829334525
7164.8			0.9427707608018467
7165.700000000001			0.9541193526896077
7166.6			0.9704953662150636
7167.5			0.9795329548578032
7168.4			0.9775857695274874
7169.3			0.97328606984625
7170.200000000001			0.9801326301172532
7171.1			0.9926679604143086
7172.0			0.9999596892328977
7172.9			1.003526909961175
7173.8			1.0058608495279189
7174.700000000001			1.0067143645178092
7175.6			1.003254256074556
7176.5			1.0002159636157721
7177.4			1.0
7178.3			1.0
7179.200000000001			1.0
7180.1			1.0
7181.0			1.0
7181.9			1.0
7182.8			1.0
7183.700000000001			1.0
7184.6			1.0
7185.5			1.0
7186.4			1.0
7187.3			1.0
7188.200000000001			1.0
7189.1			1.0
7190.0			1.0
7190.9			1.0
7191.8			1.0149086707157295
7192.700000000001			1.0224752286098395
7193.6			1.0302084413227277
7194.5			1.0351968230728894
7195.4			1.0252338925529698
7196.3			1.0000181027753627
7197.200000000001			0.969094838928388
7198.1			0.9496610404511583
7199.0			0.9497654803396588
7199.9			0.950611542300831
7200.8			0.9332886904819223
7201.700000000001			0.898627827098501
7202.6			0.8839246449191629
7203.5			0.914868342722236
7204.4			0.95859604870701
7205.3			0.9819713210438914
7206.200000000001			0.9836662583338894
7207.1			0.9696372985355449
7208.0			0.9451493900058588
7208.9			0.9319909285832714
7209.8			0.9461353181608609
7210.700000000001			0.9787515073061626
7211.6			1.010006370869
7212.5			1.027728592404848
7213.4			1.0342939513796452
7214.3			1.0350919220626975
7215.200000000001			1.0340361754043494
7216.1			1.034245745430018
7217.0			1.0446468404099036
7217.9			1.067122689222618
7218.8			1.083626383701637
7219.700000000001			1.0880749450815967
7220.6			1.0926986269433983
7221.5			1.1019434651193558
7222.4			1.1070030222503795
7223.3			1.104175862159048
7224.200000000001			1.1050385237885152
7225.1			1.110532372635466
7226.0			1.1148930692207537
7226.9			1.1218727455605524
7227.8			1.1294571968207356
7228.700000000001			1.132844977437483
7229.6			1.1310496908791505
7230.5			1.1263082589298872
7231.4			1.126832473413806
7232.3			1.1351133195945846
7233.200000000001			1.1483780323823063
7234.1			1.1681461019425285
7235.0			1.1880507870503805
7235.9			1.193899517983952
7236.8			1.1890533030263384
7237.700000000001			1.1864629303693757
7238.6			1.18644891763587
7239.5			1.187262146615265
7240.4			1.1882276921677979
7241.3			1.1870931075999813
7242.200000000001			1.184744295460118
7243.1			1.1769300592472465
7244.0			1.1658791888903883
7244.9			1.1682091473344849
7245.8			1.19077515714622
7246.700000000001			1.2223966384132205
7247.6			1.2486955469075944
7248.5			1.2585871545930511
7249.4			1.2475847739450154
7250.3			1.2198882797073445
7251.200000000001			1.1912889415262062
7252.1			1.1872973611980688
7253.0			1.2092521084046137
7253.9			1.2336233868233377
7254.8			1.2491693599042728
7255.700000000001			1.2578636497299958
7256.6			1.2617627681080132
7257.5			1.268983962871964
7258.4			1.2835971378592306
7259.3			1.2963490759598721
7260.200000000001			1.297500071770547
7261.1			1.2920414417233888
7262.0			1.291989073143557
7262.9			1.3021283947217999
7263.8			1.3222831183525774
7264.700000000001			1.3475443886996334
7265.6			1.3617075300072263
7266.5			1.3649188260842104
7267.4			1.3721914030413551
7268.3			1.3786799310230207
7269.200000000001			1.371511660393357
7270.1			1.354295178087546
7271.0			1.3436818097986412
7271.9			1.3496764505269763
7272.8			1.366598062644128
7273.700000000001			1.3812348588615047
7274.6			1.3851622843624356
7275.5			1.3799511572732115
7276.4			1.3721600336690496
7277.3			1.3705179564571102
7278.200000000001			1.3815386964754368
7279.1			1.3931597629993053
7280.0			1.3920673500784018
7280.9			1.3843520958158233
7281.8			1.3860138961991486
7282.700000000001			1.400849542235827
7283.6			1.4126163524049513
7284.5			1.4142424398114521
7285.4			1.4177585748732124
7286.3			1.4293310187245478
7287.200000000001			1.4409551238569263
7288.1			1.4477070884840635
7289.0			1.454080227331108
7289.9			1.45778890958113
7290.8			1.4527561845256252
7291.700000000001			1.4490320714072773
7292.6			1.4565123512469123
7293.5			1.4747364937062863
7294.4			1.4964266024702904
7295.3			1.5125163287906174
7296.200000000001			1.5233800989188988
7297.1			1.531515861641239
7298.0			1.5369486889605883
7298.9			1.5389768394582581
7299.8			1.543638057654724
7300.700000000001			1.557741400470959
7301.6			1.5703377563430436
7302.5			1.5729651021904565
7303.4			1.5720320222418551
7304.3			1.5750086279488342
7305.200000000001			1.5798367519330392
7306.1			1.5824362656387954
7307.0			1.586250640135408
7307.9			1.5955245106113445
7308.8			1.6080429297925818
7309.700000000001			1.6150590667871811
7310.6			1.6153217567298797
7311.5			1.6208306586354213
7312.4			1.6368734523340822
7313.3			1.6503665691273333
7314.200000000001			1.6559232899549285
7315.1			1.6577596710151954
7316.0			1.659375738120094
7316.9			1.6636402568528366
7317.8			1.6668915557829485
7318.700000000001			1.6753976746693662
7319.6			1.6900684431842568
7320.5			1.695409392759308
7321.4			1.6906593656334281
7322.3			1.6893439851164211
7323.200000000001			1.6876135208679102
7324.1			1.6562013232486361
7325.0			1.5906212563701956
7325.9			1.5453176675359293
7326.8			1.5791177182356637
7327.700000000001			1.6714208272133901
7328.6			1.7428191554171837
7329.5			1.7650917768805718
7330.4			1.7626267208927975
7331.3			1.7560598809407508
7332.200000000001			1.7584858149471772
7333.1			1.7679257737973304
7334.0			1.7782853567134274
7334.9			1.7887723038055416
7335.8			1.8008271870718429
7336.700000000001			1.814300128115936
7337.6			1.8226407107900622
7338.5			1.8254981114075801
7339.4			1.8268825387464371
7340.3			1.827159822525525
7341.200000000001			1.8231610992481329
7342.1			1.8056107190732023
7343.0			1.7779175060065089
7343.9			1.7608052844217428
7344.8			1.7697055538458648
7345.700000000001			1.8071051628386101
7346.6			1.8514687123999312
7347.5			1.8788325017917171
7348.4			1.8920224975620348
7349.3			1.8949750659003248
7350.200000000001			1.8906790765441137
7351.1			1.8864546683817318
7352.0			1.8868702649917433
7352.9			1.8866236886548846
7353.8			1.8746188835460342
7354.700000000001			1.8485117076100688
7355.6			1.816417984170038
7356.5			1.8022645826400965
7357.4			1.8251773282403436
7358.3			1.877511942904279
7359.200000000001			1.930510085824371
7360.1			1.9570448412830668
7361.0			1.9632940461231283
7361.9			1.9648075159471716
7362.8			1.962692147684902
7363.700000000001			1.9630333329572236
7364.6			1.974309939066554
7365.5			1.9936316159302876
7366.4			2.0147602757642327
7367.3			2.037596935739063
7368.200000000001			2.061677752841796
7369.1			2.078151083308999
7370.0			2.088510861984774
7370.9			2.0995683657992736
7371.8			2.1080516272792442
7372.700000000001			2.109679599580128
7373.6			2.104985591068996
7374.5			2.0991424160230836
7375.4			2.1001156343559146
7376.3			2.1069636601987844
7377.200000000001			2.117222179614726
7378.1			2.1314270493406657
7379.0			2.1435946822348373
7379.9			2.139619722605593
7380.8			2.12136907455301
7381.700000000001			2.1123476180246725
7382.6			2.1219706968002296
7383.5			2.1384730887890058
7384.4			2.147598045928597
7385.3			2.1423851538671204
7386.200000000001			2.1338552072168135
7387.1			2.135135974299597
7388.0			2.145635614515169
7388.9			2.148093412440251
7389.8			2.136128558738874
7390.700000000001			2.1303893444571913
7391.6			2.140081594501865
7392.5			2.157822423292056
7393.4			2.1813805028252737
7394.3			2.2074700904834224
7395.200000000001			2.2276198507973324
7396.1			2.238570169318965
7397.0			2.2398064267349485
7397.9			2.2253913662735942
7398.8			2.1983803320714914
7399.700000000001			2.179710737154266
7400.6			2.197059589348261
7401.5			2.253691161030195
7402.4			2.311640718310219
7403.3			2.341253584002774
7404.200000000001			2.355343425124555
7405.1			2.362703163199596
7406.0			2.3631925467619976
7406.9			2.369306296358338
7407.8			2.3888336856835517
7408.700000000001			2.415301897819357
7409.6			2.4398939722546045
7410.5			2.4618339052194025
7411.4			2.4211525819399378
7412.3			1.8565501346926858
7413.200000000001			0.6561503086080945
7414.1			0.06821195805621641
7415.0			0.0016637465640032356
7415.9			8.706147934534107e-06
7416.8			9.346752060381908e-09
7417.700000000001			1.1034494059203643e-05
7418.6			1.1081494427375814e-05
7419.5			1.1128896895366277e-05
7420.4			1.1176706645438466e-05
7421.3			1.1224928949292063e-05
7422.200000000001			1.1273569170000748e-05
7423.1			1.132263276400052e-05
7424.0			1.1372125283130201e-05
7424.9			1.1422052376725666e-05
7425.8			1.1472419793769487e-05
7426.700000000001			1.1523233385097707e-05
7427.6			1.157449910566553e-05
7428.5			1.1626223016873738e-05
7429.4			1.0
