3500.0			1.0
3500.9			1.0
3501.8			1.0
3502.7			1.0
3503.6			1.0
3504.5			1.0
3505.4			1.0
3506.3			1.0
3507.2			1.0
3508.1			1.0
3509.0			1.0
3509.9			1.0
3510.8			1.0
3511.7			1.0
3512.6			1.0
3513.5			1.0
3514.4			1.0
3515.3			1.0
3516.2			1.0
3517.1			1.0
3518.0			1.0
3518.9			1.0
3519.8			1.0
3520.7			1.0
3521.6			1.0
3522.5			1.0
3523.4			1.0
3524.3			1.0
3525.2			1.0
3526.1			1.0
3527.0			1.0
3527.9			1.0
3528.8			1.0
3529.7			1.0
3530.6			1.0
3531.5			1.0
3532.4			1.0
3533.3			1.0
3534.2			1.0
3535.1			1.0
3536.0			1.0
3536.9			1.0
3537.8			1.0
3538.7			1.0
3539.6			1.0
3540.5			1.0
3541.4			1.0
3542.3			1.0
3543.2			1.0
3544.1			1.0
3545.0			1.0
3545.9			1.0
3546.8			1.0
3547.7			1.0
3548.6			1.0
3549.5			1.0
3550.4			1.0
3551.3			1.0
3552.2			1.0
3553.1			1.0
3554.0			1.0
3554.9			1.0
3555.8			1.0
3556.7			1.0
3557.6			1.0
3558.5			1.0
3559.4			1.0
3560.3			1.0
3561.2			1.0
3562.1			1.0
3563.0			1.0
3563.9			1.0
3564.8			1.0
3565.7			1.0
3566.6			1.0
3567.5			1.0
3568.4			1.0
3569.3			1.0
3570.2			1.0
3571.1			1.0
3572.0			1.0
3572.9			1.0
3573.8			1.0
3574.7			1.0
3575.6			1.0
3576.5			1.0
3577.4			1.0
3578.3			1.0
3579.2			1.0
3580.1			1.0
3581.0			1.0
3581.9			1.0
3582.8			1.0
3583.7			1.0
3584.6			1.0
3585.5			1.0
3586.4			1.0
3587.3			1.0
3588.2			1.0
3589.1			1.0
3590.0			1.0
3590.9			1.0
3591.8			1.0
3592.7			1.0
3593.6			1.0
3594.5			1.0
3595.4			1.0
3596.3			1.0
3597.2			1.0
3598.1			1.0
3599.0			1.0
3599.9			1.0
3600.8			1.0
3601.7			1.0
3602.6			1.0
3603.5			1.0
3604.4			1.0
3605.3			1.0
3606.2			1.0
3607.1			1.0
3608.0			1.0
3608.9			1.0
3609.8			1.0
3610.7			1.0
3611.6			1.0
3612.5			1.0
3613.4			1.0
3614.3			1.0
3615.2			1.0
3616.1			1.0
3617.0			1.0
3617.9			1.0
3618.8			1.0
3619.7			1.0
3620.6			1.0
3621.5			1.0
3622.4			1.0
3623.3			1.0
3624.2			1.0
3625.1			1.0
3626.0			1.0
3626.9			1.0
3627.8			1.0
3628.7			1.0
3629.6			1.0
3630.5			1.0
3631.4			1.0
3632.3			1.0
3633.2			1.0
3634.1			1.0
3635.0			1.0
3635.9			1.0
3636.8			1.0
3637.7			1.0
3638.6			1.0
3639.5			1.0
3640.4			1.0
3641.3			1.0
3642.2			1.0
3643.1			1.0
3644.0			1.0
3644.9			1.0
3645.8			1.0
3646.7			1.0
3647.6			1.0
3648.5			1.0
3649.4			1.0
3650.3			1.0
3651.2			1.0
3652.1			1.0
3653.0			1.0
3653.9			1.0
3654.8			1.0
3655.7			1.0
3656.6			1.0
3657.5			1.0
3658.4			1.0
3659.3			1.0
3660.2			1.0
3661.1			1.0
3662.0			1.0
3662.9			1.0
3663.8			1.0
3664.7			1.0
3665.6			1.0
3666.5			1.0
3667.4			1.0
3668.3			1.0
3669.2			1.0
3670.1			1.0
3671.0			1.0
3671.9			1.0
3672.8			1.0
3673.7			1.0
3674.6			1.0
3675.5			1.0
3676.4			1.0
3677.3			1.0
3678.2			1.0
3679.1			1.0
3680.0			1.0
3680.9			1.0
3681.8			1.0
3682.7			1.0
3683.6			1.0
3684.5			1.0
3685.4			1.0
3686.3			1.0
3687.2			1.0
3688.1			1.0
3689.0			1.0
3689.9			1.0
3690.8			1.0
3691.7			1.0
3692.6			1.0
3693.5			1.0
3694.4			1.0
3695.3			1.0
3696.2			1.0
3697.1			1.0
3698.0			1.0
3698.9			1.0
3699.8			1.0
3700.7			1.0
3701.6			1.0
3702.5			1.0
3703.4			1.0
3704.3			1.0
3705.2			1.0
3706.1			1.0
3707.0			1.0
3707.9			1.0
3708.8			1.0
3709.7			1.0
3710.6			1.0
3711.5			1.0
3712.4			1.0
3713.3			1.0
3714.2			1.0
3715.1			1.0
3716.0			1.0
3716.9			1.0
3717.8			1.0
3718.7			1.0
3719.6			1.0
3720.5			1.0
3721.4			1.0
3722.3			1.0
3723.2			1.0
3724.1			1.0
3725.0			1.0
3725.9			1.0
3726.8			1.0
3727.7			1.0
3728.6			1.0
3729.5			1.0
3730.4			1.0
3731.3			1.0
3732.2			1.0
3733.1			1.0
3734.0			1.0
3734.9			1.0
3735.8			1.0
3736.7			1.0
3737.6			1.0
3738.5			1.0
3739.4			1.0
3740.3			1.0
3741.2			1.0
3742.1			1.0
3743.0			1.0
3743.9			1.0
3744.8			1.0
3745.7			1.0
3746.6			1.0
3747.5			1.0
3748.4			1.0
3749.3			1.0
3750.2			1.0
3751.1			1.0
3752.0			1.0
3752.9			1.0
3753.8			1.0
3754.7			1.0
3755.6			1.0
3756.5			1.0
3757.4			1.0
3758.3			1.0
3759.2			1.0
3760.1			1.0
3761.0			1.0
3761.9			1.0
3762.8			1.0
3763.7			1.0
3764.6			1.0
3765.5			1.0
3766.4			1.0
3767.3			1.0
3768.2			1.0
3769.1			1.0
3770.0			1.0
3770.9			1.0
3771.8			1.0
3772.7			1.0
3773.6			1.0
3774.5			1.0
3775.4			1.0
3776.3			1.0
3777.2			1.0
3778.1			1.0
3779.0			1.0
3779.9			1.0
3780.8			1.0
3781.7			1.0
3782.6			1.0
3783.5			1.0
3784.4			1.0
3785.3			1.0
3786.2			1.0
3787.1			1.0
3788.0			1.0
3788.9			1.0
3789.8			1.0
3790.7			1.0
3791.6			1.0
3792.5			1.0
3793.4			1.0
3794.3			1.0
3795.2			1.0
3796.1			1.0
3797.0			1.0
3797.9			1.0
3798.8			1.0
3799.7			1.0
3800.6			1.0
3801.5			1.0
3802.4			1.0
3803.3			1.0
3804.2			1.0
3805.1			1.0
3806.0			1.0
3806.9			1.0
3807.8			1.0
3808.7			1.0
3809.6			1.0
3810.5			1.0
3811.4			1.0
3812.3			1.0
3813.2			1.0
3814.1			1.0
3815.0			1.0
3815.9			1.0
3816.8			1.0
3817.7			1.0
3818.6			1.0
3819.5			1.0
3820.4			1.0
3821.3			1.0
3822.2			1.0
3823.1			1.0
3824.0			1.0
3824.9			1.0
3825.8			1.0
3826.7			1.0
3827.6			1.0
3828.5			1.0
3829.4			1.0
3830.3			1.0
3831.2			1.0
3832.1			1.0
3833.0			1.0
3833.9			1.0
3834.8			1.0
3835.7			1.0
3836.6			1.0
3837.5			1.0
3838.4			1.0
3839.3			1.0
3840.2			1.0
3841.1			1.0
3842.0			1.0
3842.9			1.0
3843.8			1.0
3844.7			1.0
3845.6			1.0
3846.5			1.0
3847.4			1.0
3848.3			1.0
3849.2			1.0
3850.1			1.0
3851.0			1.0
3851.9			1.0
3852.8			1.0
3853.7			1.0
3854.6			1.0
3855.5			1.0
3856.4			1.0
3857.3			1.0
3858.2			1.0
3859.1			1.0
3860.0			1.0
3860.9			1.0
3861.8			1.0
3862.7			1.0
3863.6			1.0
3864.5			1.0
3865.4			1.0
3866.3			1.0
3867.2			1.0
3868.1			1.0
3869.0			1.0
3869.9			1.0
3870.8			1.0
3871.7			1.0
3872.6			1.0
3873.5			1.0
3874.4			1.0
3875.3			1.0
3876.2			1.0
3877.1			1.0
3878.0			1.0
3878.9			1.0
3879.8			1.0
3880.7			1.0
3881.6			1.0
3882.5			1.0
3883.4			1.0
3884.3			1.0
3885.2			1.0
3886.1			1.0
3887.0			1.0
3887.9			1.0
3888.8			1.0
3889.7			1.0
3890.6			1.0
3891.5			1.0
3892.4			1.0
3893.3			1.0
3894.2			1.0
3895.1			1.0
3896.0			1.0
3896.9			1.0
3897.8			1.0
3898.7			1.0
3899.6			1.0
3900.5			1.0
3901.4			1.0
3902.3			1.0
3903.2			1.0
3904.1			1.0
3905.0			1.0
3905.9			1.0
3906.8			1.0
3907.7			1.0
3908.6			1.0
3909.5			1.0
3910.4			1.0
3911.3			1.0
3912.2			1.0
3913.1			1.0
3914.0			1.0
3914.9			1.0
3915.8			1.0
3916.7			1.0
3917.6			1.0
3918.5			1.0
3919.4			1.0
3920.3			1.0
3921.2			1.0
3922.1			1.0
3923.0			1.0
3923.9			1.0
3924.8			1.0
3925.7			1.0
3926.6			1.0
3927.5			1.0
3928.4			1.0
3929.3			1.0
3930.2			1.0
3931.1			1.0
3932.0			1.0
3932.9			1.0
3933.8			1.0
3934.7			1.0
3935.6			1.0
3936.5			1.0
3937.4			1.0
3938.3			1.0
3939.2			1.0
3940.1			1.0
3941.0			1.0
3941.9			1.0
3942.8			1.0
3943.7			1.0
3944.6			1.0
3945.5			1.0
3946.4			1.0
3947.3			1.0
3948.2			1.0
3949.1			1.0
3950.0			1.0
3950.9			1.0
3951.8			1.0
3952.7			1.0
3953.6			1.0
3954.5			1.0
3955.4			1.0
3956.3			1.0
3957.2			1.0
3958.1			1.0
3959.0			1.0
3959.9			1.0
3960.8			1.0
3961.7			1.0
3962.6			1.0
3963.5			1.0
3964.4			1.0
3965.3			1.0
3966.2			1.0
3967.1			1.0
3968.0			1.0
3968.9			1.0
3969.8			1.0
3970.7			1.0
3971.6			1.0
3972.5			1.0
3973.4			1.0
3974.3			1.0
3975.2			1.0
3976.1			1.0
3977.0			1.0
3977.9			1.0
3978.8			1.0
3979.7			1.0
3980.6			1.0
3981.5			1.0
3982.4			1.0
3983.3			1.0
3984.2			1.0
3985.1			1.0
3986.0			1.0
3986.9			1.0
3987.8			1.0
3988.7			1.0
3989.6			1.0
3990.5			1.0
3991.4			1.0
3992.3			1.0
3993.2			1.0
3994.1			1.0
3995.0			1.0
3995.9			1.0
3996.8			1.0
3997.7			1.0
3998.6			1.0
3999.5			1.0
4000.4			1.0
4001.3			1.0
4002.2			1.0
4003.1			1.0
4004.0			1.0
4004.9			1.0
4005.8			1.0
4006.7			1.0
4007.6			1.0
4008.5			1.0
4009.4			1.0
4010.3			1.0
4011.2			1.0
4012.1			1.0
4013.0			1.0
4013.9			1.0
4014.8			1.0
4015.7			1.0
4016.6			1.0
4017.5			1.0
4018.4			1.0
4019.3			1.0
4020.2			1.0
4021.1			1.0
4022.0			1.0
4022.9			1.0
4023.8			1.0
4024.7			1.0
4025.6			1.0
4026.5			1.0
4027.4			1.0
4028.3			1.0402340533400452
4029.2			0.9323357922249136
4030.1			0.6931340777701112
4031.0			0.5332381487929916
4031.9			0.505935460485255
4032.8			0.48744663592808235
4033.7			0.48379442365416364
4034.6			0.5797214354955018
4035.5			0.762236422748867
4036.4			0.9474726775489897
4037.3			1.0477899030460431
4038.2			1.0488199236966147
4039.1			0.9997716119975778
4040.0			1.0
4040.9			1.0
4041.8			0.99725407861834
4042.7			0.9725494040486147
4043.6			0.8267074868775249
4044.5			0.6044011256364237
4045.4			0.46198421763141667
4046.3			0.5090503650977379
4047.2			0.6992535467919877
4048.1			0.8882553443334702
4049.0			0.9995770529065164
4049.9			1.0
4050.8			1.0
4051.7			1.0
4052.6			1.0
4053.5			1.0
4054.4			1.0
4055.3			1.0
4056.2			1.0
4057.1			1.0
4058.0			1.0
4058.9			1.0
4059.8			1.0
4060.7			1.0495088061674247
4061.6			0.9645691056441309
4062.5			0.7480090105475947
4063.4			0.575330827131388
4064.3			0.6381797192834615
4065.2			0.8648231556211837
4066.1			0.9991902022624467
4067.0			1.0
4067.9			1.0
4068.8			1.0
4069.7			1.0
4070.6			1.0
4071.5			1.0
4072.4			1.0
4073.3			1.0
4074.2			1.0
4075.1			1.0
4076.0			1.0
4076.9			1.0
4077.8			1.0
4078.7			1.0
4079.6			1.0
4080.5			1.0
4081.4			1.0
4082.3			1.0
4083.2			1.0
4084.1			1.0
4085.0			1.0
4085.9			1.0
4086.8			1.0
4087.7			1.0
4088.6			1.0
4089.5			1.0
4090.4			1.0
4091.3			1.0
4092.2			1.0
4093.1			1.0341857137265849
4094.0			1.081080156771598
4094.9			0.9794278498241082
4095.8			0.8091059626682482
4096.7			0.757332652037585
4097.6			0.8100487602264625
4098.5			0.8381397415792324
4099.4			0.783106230941867
4100.3			0.6716639392135747
4101.2			0.6195175275078458
4102.1			0.702557600938389
4103.0			0.8178154070420067
4103.9			0.8720006693240532
4104.8			0.9400877978764033
4105.7			1.0628281122498064
4106.6			1.1371046054437253
4107.5			1.1228772849939124
4108.4			1.0773642603466316
4109.3			0.9991388712486788
4110.2			1.0
4111.1			1.0
4112.0			1.0
4112.9			1.0
4113.8			1.0
4114.7			1.0
4115.6			1.0
4116.5			1.0
4117.4			1.0
4118.3			1.0
4119.2			1.0
4120.1			1.0
4121.0			1.0
4121.9			1.0
4122.8			1.0
4123.7			1.0
4124.6			1.0
4125.5			1.0
4126.4			1.0
4127.3			1.0
4128.2			1.0
4129.1			1.0
4130.0			1.0
4130.9			1.0
4131.8			1.0
4132.7			1.0
4133.6			1.0
4134.5			1.0
4135.4			1.0
4136.3			1.0
4137.2			1.0
4138.1			1.0
4139.0			1.0
4139.9			0.9880655869235911
4140.8			0.9560947049812603
4141.7			0.8141079421426677
4142.6			0.5927785682709095
4143.5			0.4940168107417336
4144.4			0.6083485582050014
4145.3			0.812976495931779
4146.2			0.9544285304106271
4147.1			0.9992425590130043
4148.0			1.0
4148.9			1.0
4149.8			1.0
4150.7			1.0
4151.6			1.0
4152.5			1.0
4153.4			1.0
4154.3			1.0
4155.2			1.0
4156.1			1.0
4157.0			1.0
4157.9			1.0
4158.8			1.0
4159.7			1.0
4160.6			1.0
4161.5			1.0
4162.4			1.0
4163.3			1.0
4164.2			1.0
4165.1			1.0
4166.0			1.0
4166.9			0.982619683855422
4167.8			0.9383244641074298
4168.7			0.9463363145211875
4169.6			1.0054481512742546
4170.5			1.011156529604182
4171.4			0.8713745460186995
4172.3			0.6915895115861778
4173.2			0.6379060065808024
4174.1			0.7004241864648304
4175.0			0.7941008668342381
4175.9			0.8602790271580998
4176.8			0.8608911532599929
4177.7			0.8575597814784607
4178.6			0.9253015625682046
4179.5			1.0038600770210093
4180.4			1.0
4181.3			1.0
4182.2			1.0
4183.1			1.0
4184.0			1.0
4184.9			1.0
4185.8			1.0
4186.7			1.0
4187.6			1.0
4188.5			1.0
4189.4			1.0
4190.3			1.0
4191.2			1.0
4192.1			1.11686898094847
4193.0			1.2693861648694251
4193.9			1.2515733137609368
4194.8			1.1217120263408156
4195.7			1.0036672337434387
4196.6			0.923253217981145
4197.5			0.8506000152718897
4198.4			0.7852127461684355
4199.3			0.7745679420214528
4200.2			0.7860299772306761
4201.1			0.7442624662697903
4202.0			0.7195672438140909
4202.9			0.7887391129524594
4203.8			0.8520322097505147
4204.7			0.8515232191030307
4205.6			0.8791303439681103
4206.5			0.9608905209705175
4207.4			1.053173016995347
4208.3			1.1058330925786357
4209.2			1.0700203387848635
4210.1			0.9972756791111659
4211.0			0.9780670016927259
4211.9			0.9910356237687268
4212.8			1.0
4213.7			1.0
4214.6			1.0
4215.5			1.0
4216.4			1.0
4217.3			1.0
4218.2			1.0
4219.1			1.0
4220.0			1.0
4220.9			0.9771266128029762
4221.8			0.886720578179704
4222.7			0.7360518964469578
4223.6			0.5820804880434106
4224.5			0.4398045342014944
4225.4			0.29666101920635146
4226.3			0.19448684485269246
4227.2			0.19832893083259942
4228.1			0.31804460512925614
4229.0			0.5061880214323665
4229.9			0.7342537561548362
4230.8			0.9571779932383524
4231.7			1.0518298433761621
4232.6			1.0037474347464266
4233.5			0.9897191474782839
4234.4			1.0
4235.3			1.0
4236.2			1.0
4237.1			1.0
4238.0			1.0
4238.9			1.0
4239.8			1.0
4240.7			1.0
4241.6			1.0
4242.5			1.0
4243.4			1.0
4244.3			1.0
4245.2			1.0
4246.1			1.0
4247.0			0.9079336373656728
4247.9			0.8970204220943315
4248.8			0.8997989477735899
4249.7			0.807960494182458
4250.6			0.6828740171348437
4251.5			0.67638815375837
4252.4			0.729609224451127
4253.3			0.6743437475300562
4254.2			0.5699981832684503
4255.1			0.6228715401127584
4256.0			0.850996896159701
4256.9			1.0625138817479232
4257.8			1.1114335947880913
4258.7			1.032934420110208
4259.6			0.9300175622687668
4260.5			0.893365451363099
4261.4			1.0040387905231791
4262.3			1.0
4263.2			1.0
4264.1			1.0
4265.0			1.0
4265.9			0.9927596095472925
4266.8			0.9349810555340357
4267.7			0.8529578697961395
4268.6			0.7832590580925214
4269.5			0.709379795599019
4270.4			0.5770011763142053
4271.3			0.43307166039870143
4272.2			0.3992148688181458
4273.1			0.44782461029523085
4274.0			0.4512165735122711
4274.9			0.4488656371763947
4275.8			0.5553468693100443
4276.7			0.7405397277949403
4277.6			0.9132867243443333
4278.5			0.9999669297652848
4279.4			1.0
4280.3			1.0
4281.2			1.0
4282.1			1.0
4283.0			1.0
4283.9			1.0
4284.8			1.0
4285.7			0.9789965610930677
4286.6			0.9733928030070282
4287.5			0.9250199397323565
4288.4			0.7784547018184139
4289.3			0.5876640692427202
4290.2			0.5002591688895623
4291.1			0.5996962803424339
4292.0			0.8244385241897187
4292.9			0.998889541922502
4293.8			1.0058661706726846
4294.7			0.9993342914129677
4295.6			1.0
4296.5			1.0
4297.4			1.0
4298.3			1.0
4299.2			1.0
4300.1			1.0
4301.0			1.0
4301.9			1.0
4302.8			1.0
4303.7			1.0431696458198405
4304.6			1.0059651117583521
4305.5			0.8254911284775317
4306.4			0.6434255312182456
4307.3			0.5262617650765596
4308.2			0.48579845383589104
4309.1			0.5580823455949416
4310.0			0.7231045958617082
4310.9			0.9055899686370482
4311.8			1.0042219981384275
4312.7			0.9795701274052168
4313.6			1.0
4314.5			1.0
4315.4			1.0
4316.3			1.0
4317.2			1.0
4318.1			1.0
4319.0			1.0
4319.9			1.0
4320.8			1.0
4321.7			1.0
4322.6			1.00317422895884
4323.5			0.8992071089663017
4324.4			0.6897905221637752
4325.3			0.49266441747449385
4326.2			0.4749254540322538
4327.1			0.693899573239022
4328.0			0.967730273893234
4328.9			1.0726361028133113
4329.8			0.9960173817581812
4330.7			1.0
4331.6			1.0
4332.5			1.0
4333.4			1.0
4334.3			1.0
4335.2			1.054515206191947
4336.1			0.9870938978589993
4337.0			0.7847551026761642
4337.9			0.6404707560674804
4338.8			0.6287106707806743
4339.7			0.6141606913152912
4340.6			0.6081472139011973
4341.5			0.7310520576892264
4342.4			0.8931273329971338
4343.3			0.9363218768076509
4344.2			0.9253147142700621
4345.1			0.9714403882547326
4346.0			1.0052636100421726
4346.9			1.0
4347.8			1.0
4348.7			1.1351182307053311
4349.6			1.1381027873482024
4350.5			0.9254814606358592
4351.4			0.6940130215763461
4352.3			0.6533712571452921
4353.2			0.7579923649908873
4354.1			0.8535658238456356
4355.0			0.9150318008765466
4355.9			0.9944543214134518
4356.8			1.0
4357.7			1.0
4358.6			1.0
4359.5			1.0
4360.4			1.0
4361.3			1.0
4362.2			1.0
4363.1			1.0
4364.0			1.0
4364.9			1.0
4365.8			1.0
4366.7			1.0
4367.6			1.0
4368.5			1.0
4369.4			1.0
4370.3			1.0
4371.2			1.0
4372.1			0.9826178665434675
4373.0			0.9033353095230372
4373.9			0.7710849716963096
4374.8			0.6744607247355049
4375.7			0.7043265639567411
4376.6			0.8575372492764407
4377.5			1.0011875168149804
4378.4			1.0
4379.3			0.9339291914631928
4380.2			0.8628716741066724
4381.1			0.7994812620025213
4382.0			0.6666678943570884
4382.9			0.46857290227802295
4383.8			0.3512563443480718
4384.7			0.4472654034568175
4385.6			0.7043146398147976
4386.5			0.9241011633119218
4387.4			1.00259208995166
4388.3			1.0107263869589727
4389.2			1.0
4390.1			1.0
4391.0			1.0
4391.9			1.0
4392.8			1.0
4393.7			1.0
4394.6			1.0
4395.5			1.0
4396.4			1.0
4397.3			1.0
4398.2			1.0
4399.1			1.0
4400.0			0.8696268467950947
4400.9			0.8518636836015411
4401.8			0.9548830452010609
4402.7			0.9510142449335028
4403.6			0.721361109956238
4404.5			0.48019005445803437
4405.4			0.4429962977383009
4406.3			0.5432712758463399
4407.2			0.593903458181695
4408.1			0.5930927776110371
4409.0			0.6904333298918687
4409.9			0.8791889979798175
4410.8			1.0015959014748628
4411.7			1.0
4412.6			0.9971881452805016
4413.5			0.9111469152864208
4414.4			0.7246235482317459
4415.3			0.6234641892387729
4416.2			0.7048626548515872
4417.1			0.8592108147176235
4418.0			1.0017548548695887
4418.9			1.0
4419.8			1.0
4420.7			1.0
4421.6			1.0
4422.5			1.0
4423.4			1.0
4424.3			1.0
4425.2			1.0
4426.1			1.0
4427.0			1.0
4427.9			1.0
4428.8			1.0
4429.7			1.0
4430.6			1.0
4431.5			1.0
4432.4			1.053508474479051
4433.3			0.9426091677413807
4434.2			0.7611854243275995
4435.1			0.6491587837179859
4436.0			0.6963118422379619
4436.9			0.8533712152963124
4437.8			0.9966469942105718
4438.7			1.0
4439.6			1.0
4440.5			1.0
4441.4			1.0
4442.3			1.0
4443.2			1.0
4444.1			1.0
4445.0			1.0
4445.9			1.0
4446.8			1.0
4447.7			1.0
4448.6			1.0
4449.5			1.0
4450.4			1.0
4451.3			1.0
4452.2			1.0219267866333812
4453.1			0.941458158859938
4454.0			0.8355808615511678
4454.9			0.7562072803704427
4455.8			0.7540751142764861
4456.7			0.8157589671440555
4457.6			0.8419017745596922
4458.5			0.806767130448143
4459.4			0.7652394510569707
4460.3			0.7374764424112161
4461.2			0.6995572354203647
4462.1			0.735570340340992
4463.0			0.9180901288228537
4463.9			1.0685185849152514
4464.8			1.0343390350224202
4465.7			0.9575412791221066
4466.6			0.9684962746113327
4467.5			0.9965822353997802
4468.4			0.9729395244368388
4469.3			0.9545210562696704
4470.2			0.9954466671338013
4471.1			1.0
4472.0			1.0
4472.9			1.0
4473.8			1.0
4474.7			1.0
4475.6			1.0
4476.5			1.0
4477.4			1.0
4478.3			0.9796886984168025
4479.2			0.88106434325129
4480.1			0.7661447082913243
4481.0			0.6939855764616499
4481.9			0.6849247319051859
4482.8			0.7553713792694259
4483.7			0.8701173814017672
4484.6			0.9540117016629901
4485.5			0.9978827632669249
4486.4			1.0
4487.3			1.0
4488.2			1.0
4489.1			1.0
4490.0			1.0
4490.9			1.0
4491.8			1.0927253938174304
4492.7			1.091887668088415
4493.6			0.968314016336523
4494.5			0.8069800666914985
4495.4			0.7194602209506785
4496.3			0.7227235705637277
4497.2			0.8052487596389792
4498.1			0.9307517620751266
4499.0			1.0165453111893832
4499.9			1.0
4500.8			1.0
4501.7			1.0
4502.6			1.0
4503.5			1.0
4504.4			1.0
4505.3			1.0
4506.2			1.0
4507.1			1.0
4508.0			1.0
4508.9			1.0
4509.8			1.0
4510.7			1.0
4511.6			1.0
4512.5			1.0
4513.4			1.0
4514.3			1.0
4515.2			1.0
4516.1			1.0
4517.0			1.0
4517.9			1.0
4518.8			1.0
4519.7			1.0
4520.6			1.0
4521.5			0.9979618934416407
4522.4			0.8937911963954503
4523.3			0.8203697871406556
4524.2			0.833375692012698
4525.1			0.82380015561939
4526.0			0.7472510117043936
4526.9			0.66179683052781
4527.8			0.6109103196645636
4528.7			0.6144942009960773
4529.6			0.6622651295800213
4530.5			0.7123415097904966
4531.4			0.7705600509509772
4532.3			0.8238937133037068
4533.2			0.7938384815675475
4534.1			0.6912065023647035
4535.0			0.6304562727163445
4535.9			0.724474138574152
4536.8			0.9389923618084034
4537.7			1.074963034498245
4538.6			1.046479533970357
4539.5			0.9378436311345892
4540.4			0.8426482061762887
4541.3			0.8395633069924249
4542.2			0.9389897176062069
4543.1			1.0269225332153504
4544.0			0.9981170411576114
4544.9			0.9242656738746113
4545.8			0.933563104450891
4546.7			1.0051972542258454
4547.6			1.037120775785661
4548.5			1.0023392884468416
4549.4			1.0
4550.3			1.0
4551.2			1.0168762493263883
4552.1			0.9223604360145728
4553.0			0.7991403864450006
4553.9			0.719807843880695
4554.8			0.7036206326490045
4555.7			0.7763304624012765
4556.6			0.8978628565692481
4557.5			0.9760986836265902
4558.4			0.9856124533987005
4559.3			1.0
4560.2			1.0
4561.1			1.0
4562.0			0.993351750216556
4562.9			0.9140460469311807
4563.8			0.8145273354364188
4564.7			0.7759898568228033
4565.6			0.8136718178469853
4566.5			0.9127681796869193
4567.4			1.0058915370010868
4568.3			1.0
4569.2			1.0
4570.1			1.0
4571.0			1.0
4571.9			1.0
4572.8			1.0
4573.7			1.0
4574.6			1.0
4575.5			1.0
4576.4			1.028100258323122
4577.3			1.0
4578.2			0.9319138294681163
4579.1			0.8299326267520877
4580.0			0.7750863348839017
4580.9			0.8170948617120958
4581.8			0.9178869202278237
4582.7			0.9746750122841675
4583.6			0.9471572177137653
4584.5			0.8925279874611318
4585.4			0.8490890394491133
4586.3			0.8468610036390836
4587.2			0.9206236165732946
4588.1			1.0117586476415523
4589.0			1.043573459495341
4589.9			0.9975302482691979
4590.8			0.9060192584368534
4591.7			0.8431880890761041
4592.6			0.8327891762687504
4593.5			0.8119711717252687
4594.4			0.7784132177119104
4595.3			0.7918118971583256
4596.2			0.833958782283779
4597.1			0.8497019504418702
4598.0			0.8562020793594917
4598.9			0.8782219695253246
4599.8			0.861859837297362
4600.7			0.8281677280053661
4601.6			0.8408579457889208
4602.5			0.8503493801427215
4603.4			0.8394546572900476
4604.3			0.8206849317168242
4605.2			0.7792104393338065
4606.1			0.7634390622076836
4607.0			0.8472942057834898
4607.9			1.0092754249183664
4608.8			1.1039151074444804
4609.7			1.0728778738172793
4610.6			0.9987020731765522
4611.5			1.0
4612.4			1.0
4613.3			1.0
4614.2			1.0
4615.1			1.0
4616.0			1.0
4616.9			1.0
4617.8			1.0
4618.7			1.0
4619.6			1.0
4620.5			1.0
4621.4			1.0
4622.3			1.0
4623.2			1.0
4624.1			1.0
4625.0			1.0
4625.9			1.0
4626.8			1.0
4627.7			1.0
4628.6			1.0
4629.5			1.0
4630.4			1.0
4631.3			1.0
4632.2			1.0
4633.1			1.0
4634.0			1.0
4634.9			1.0
4635.8			1.0
4636.7			1.0
4637.6			1.0
4638.5			1.0
4639.4			1.0
4640.3			0.9485321849669077
4641.2			1.0538500204391699
4642.1			1.158258294991433
4643.0			1.1327845302548862
4643.9			1.0547866735661537
4644.8			0.9667952193616991
4645.7			0.8409902146650302
4646.6			0.7596750171549552
4647.5			0.7908330847993689
4648.4			0.8680220080691993
4649.3			0.9333821738210616
4650.2			0.9806554463732359
4651.1			0.9993613389052424
4652.0			1.0062469585133793
4652.9			1.0
4653.8			0.956223719419077
4654.7			0.8761223515021347
4655.6			0.847272737077756
4656.5			0.888872978789271
4657.4			0.99749888362588
4658.3			1.0
4659.2			1.0
4660.1			1.0
4661.0			1.0
4661.9			0.9202947294862541
4662.8			0.8555235981051863
4663.7			0.8492925334248655
4664.6			0.8814931479333099
4665.5			0.8682623145989987
4666.4			0.7700511508084605
4667.3			0.6740694711741185
4668.2			0.6847918032315817
4669.1			0.7867651237600302
4670.0			0.8992649117345027
4670.9			0.9776939501557513
4671.8			1.0074336506955106
4672.7			1.0015803068831448
4673.6			1.0
4674.5			1.0
4675.4			1.0
4676.3			1.0
4677.2			1.0
4678.1			0.9688898743015533
4679.0			0.9207326184460638
4679.9			0.8690646338797267
4680.8			0.8282751693806486
4681.7			0.833197926994278
4682.6			0.9022298186776275
4683.5			0.9778222527822268
4684.4			1.000978293132408
4685.3			0.9995044468970714
4686.2			1.0
4687.1			1.0
4688.0			1.0
4688.9			1.0
4689.8			1.0
4690.7			1.0
4691.6			1.0
4692.5			1.0176569535587843
4693.4			1.0522813010858085
4694.3			1.1068747804693635
4695.2			1.1752107641098608
4696.1			1.1972078943764568
4697.0			1.1245454138137867
4697.9			0.9857779858112916
4698.8			0.8958304393819568
4699.7			0.9195795019606728
4700.6			0.9718892527470947
4701.5			0.9742460202200947
4702.4			0.9556193799086092
4703.3			0.9571593375304325
4704.2			1.0
4705.1			1.0127649894523907
4706.0			0.9667553423816362
4706.9			0.9052615987330409
4707.8			0.8722977984170508
4708.7			0.8606530392194214
4709.6			0.875969715220841
4710.5			0.948769751225852
4711.4			1.0157568157522439
4712.3			0.9966241698980818
4713.2			1.0
4714.1			1.0
4715.0			1.0
4715.9			1.0
4716.8			1.0
4717.7			1.0
4718.6			1.0
4719.5			1.0
4720.4			1.0
4721.3			1.0
4722.2			1.0
4723.1			0.9930466356158878
4724.0			1.06110542199914
4724.9			1.1248328994296213
4725.8			1.0980328953620615
4726.7			0.9676785562659931
4727.6			0.817592043690277
4728.5			0.7570584628776361
4729.4			0.7919867537811256
4730.3			0.8483122374743622
4731.2			0.8936376769273919
4732.1			0.9397865546095244
4733.0			0.9691581590890977
4733.9			0.9976722472750231
4734.8			1.0
4735.7			1.0
4736.6			1.0
4737.5			1.0
4738.4			1.0
4739.3			1.0180474142333475
4740.2			0.9699258385742658
4741.1			0.9146675880299137
4742.0			0.9011084865270564
4742.9			0.9495064055618379
4743.8			0.9970159063070089
4744.7			0.9965601908754476
4745.6			1.0
4746.5			1.0
4747.4			1.0
4748.3			1.0
4749.2			1.0
4750.1			1.0
4751.0			1.0
4751.9			1.0
4752.8			1.0
4753.7			1.0
4754.6			1.0
4755.5			1.0
4756.4			1.0
4757.3			1.0
4758.2			1.0
4759.1			1.0126046546939491
4760.0			1.048208523378395
4760.9			1.0315804949197864
4761.8			0.9705727771235926
4762.7			0.9366323385254814
4763.6			0.9243214487827653
4764.5			0.8899722856154402
4765.4			0.8426989108059555
4766.3			0.8335142799664323
4767.2			0.8818610676455803
4768.1			0.9481609212305778
4769.0			1.0025835178265834
4769.9			1.024356335088871
4770.8			0.9882782417115836
4771.7			0.9356053209912824
4772.6			1.0
4773.5			1.058092493565499
4774.4			1.113543008287259
4775.3			1.1027889760713232
4776.2			1.070767685613483
4777.1			1.068807317276422
4778.0			1.0588177338318985
4778.9			1.0233700788699964
4779.8			0.991289493500679
4780.7			0.9639772360926911
4781.6			0.9203618544199912
4782.5			0.8620187274610371
4783.4			0.829194233080619
4784.3			0.8566402138052804
4785.2			0.8858936492618337
4786.1			0.870871634444093
4787.0			0.8670270065611484
4787.9			0.8793574944890268
4788.8			0.8543798011360891
4789.7			0.8326929230656139
4790.6			0.850091756583319
4791.5			0.8798489268139443
4792.4			0.9258699018003829
4793.3			0.9926870296051491
4794.2			1.0
4795.1			1.0
4796.0			0.9547858150959898
4796.9			0.9076549246649913
4797.8			0.8679478400709534
4798.7			0.8222297201129978
4799.6			0.8045295427158418
4800.5			0.848762738321711
4801.4			0.9355730631336722
4802.3			1.0027190796703955
4803.2			1.0032372617899663
4804.1			0.9354752927692097
4805.0			0.8572881223375256
4805.9			0.8217710502620748
4806.8			0.8023326788459721
4807.7			0.7879889075326894
4808.6			0.8126389624390656
4809.5			0.8659131526226537
4810.4			0.8921350309845857
4811.3			0.8811229440285779
4812.2			0.8743318542348747
4813.1			0.8831563919258955
4814.0			0.8804930492046285
4814.9			0.8549669334405291
4815.8			0.8557841820728385
4816.7			0.9092966216374966
4817.6			0.9638691022404904
4818.5			0.9928003078324846
4819.4			1.0003131092312982
4820.3			1.0
4821.2			1.0
4822.1			1.0
4823.0			1.0
4823.9			1.0
4824.8			1.0
4825.7			1.0
4826.6			1.0
4827.5			1.0
4828.4			1.0
4829.3			1.0
4830.2			1.0173067381924328
4831.1			0.931099312005214
4832.0			0.8395983994449917
4832.9			0.8865597634911514
4833.8			1.0020587306108864
4834.7			1.0
4835.6			1.0
4836.5			1.0
4837.4			1.0
4838.3			1.0
4839.2			1.0
4840.1			1.0
4841.0			1.0
4841.9			1.0
4842.8			1.0
4843.7			1.0
4844.6			1.0
4845.5			1.0
4846.4			1.0
4847.3			1.0
4848.2			1.0
4849.1			1.0
4850.0			1.0
4850.9			1.0
4851.8			1.0
4852.7			1.0
4853.6			1.0
4854.5			1.0
4855.4			1.0
4856.3			1.0
4857.2			1.0898162995836191
4858.1			1.0823564285315685
4859.0			1.0118885235023738
4859.9			0.9042959867251904
4860.8			0.795396154063234
4861.7			0.8108777612101657
4862.6			0.9520761135684961
4863.5			1.01258596378936
4864.4			0.9984780435073574
4865.3			1.0
4866.2			1.0
4867.1			1.0
4868.0			1.0
4868.9			1.0
4869.8			0.9914665672332168
4870.7			0.8853533924985816
4871.6			0.8270627152080732
4872.5			0.9085139100023438
4873.4			1.0003982534799494
4874.3			1.0
4875.2			1.0
4876.1			1.0
4877.0			1.0
4877.9			1.0
4878.8			1.0
4879.7			0.9963415085466943
4880.6			0.8846128288546162
4881.5			0.8343795601058972
4882.4			0.9217484553394104
4883.3			1.0
4884.2			0.9612278042887491
4885.1			0.8612111727614794
4886.0			0.8072646188477042
4886.9			0.8437284977930574
4887.8			0.8998171588333629
4888.7			0.9007438114417643
4889.6			0.8424849791353889
4890.5			0.760723528802824
4891.4			0.755205865343832
4892.3			0.8635023269782637
4893.2			0.9514864748678293
4894.1			1.007757268541117
4895.0			1.0728222568623431
4895.9			1.096780401824364
4896.8			1.0835047934543807
4897.7			1.0652163264823546
4898.6			1.0061443291340946
4899.5			1.0
4900.4			1.0
4901.3			1.0
4902.2			1.0
4903.1			1.0
4904.0			0.9984952705472524
4904.9			1.073543045793013
4905.8			1.1485909678944446
4906.7			1.1305547847948703
4907.6			1.039278432504473
4908.5			0.9531855263157527
4909.4			0.9028293099163516
4910.3			0.9014397520491864
4911.2			0.9346655251248456
4912.1			0.9570758278842398
4913.0			0.9536836572995928
4913.9			0.9581296725178698
4914.8			0.9930025676226663
4915.7			1.0
4916.6			1.0021606748598542
4917.5			0.9378367732373534
4918.4			0.821267544202663
4919.3			0.7169755804290064
4920.2			0.6926770112925843
4921.1			0.783941011831309
4922.0			0.9366848485284054
4922.9			1.027580798350604
4923.8			1.0070419521818001
4924.7			1.0
4925.6			1.0
4926.5			1.0
4927.4			1.0
4928.3			1.0
4929.2			1.0
4930.1			1.0
4931.0			1.0
4931.9			1.0
4932.8			1.0
4933.7			1.0
4934.6			1.0613574501801895
4935.5			1.142001438977026
4936.4			1.0837465945607712
4937.3			0.931024420977822
4938.2			0.8131962477255857
4939.1			0.8201766633238508
4940.0			0.9160613087877966
4940.9			0.9868684250930525
4941.8			0.9895174162943294
4942.7			1.0
4943.6			1.0
4944.5			1.0
4945.4			1.0
4946.3			1.0
4947.2			1.0
4948.1			1.0
4949.0			1.0
4949.9			1.0
4950.8			1.0
4951.7			1.0
4952.6			1.0
4953.5			1.0
4954.4			1.0
4955.3			0.9472742209409876
4956.2			0.8411878339166421
4957.1			0.7086335268762713
4958.0			0.7028214504199413
4958.9			0.8468822026847942
4959.8			0.9737694462410771
4960.7			0.9994943792622376
4961.6			1.0
4962.5			1.0
4963.4			1.0
4964.3			1.0
4965.2			1.0
4966.1			1.0
4967.0			1.0
4967.9			1.0
4968.8			1.0
4969.7			1.0
4970.6			1.0
4971.5			1.0
4972.4			1.0
4973.3			1.0
4974.2			1.0
4975.1			1.0
4976.0			1.0
4976.9			1.0
4977.8			1.0
4978.7			0.960821164127814
4979.6			0.9706812596893221
4980.5			0.9461029185015409
4981.4			0.8489469083249671
4982.3			0.7870576650718462
4983.2			0.8423381426273027
4984.1			0.941017590718398
4985.0			0.9861171738956734
4985.9			1.0020996013671095
4986.8			1.0
4987.7			1.0
4988.6			1.0
4989.5			1.0
4990.4			1.0
4991.3			1.0
4992.2			1.0
4993.1			1.0
4994.0			1.0
4994.9			1.0
4995.8			1.0
4996.7			1.0
4997.6			1.0
4998.5			1.0
4999.4			1.0
5000.3			1.0
5001.2			1.0564577574497107
5002.1			1.0831258444605847
5003.0			1.0709237339394253
5003.9			1.0394945982763049
5004.8			0.9877499842685786
5005.7			0.9296949277095049
5006.6			0.9285034591309251
5007.5			1.013555857089158
5008.4			1.098987919879945
5009.3			1.1145262877613358
5010.2			1.0932651205876103
5011.1			1.0370598356172753
5012.0			0.9305904717934225
5012.9			0.8377575831250001
5013.8			0.7926842115380228
5014.7			0.8225790368388688
5015.6			0.9249367427385307
5016.5			0.9956749271480048
5017.4			1.000992008837996
5018.3			0.995675861405166
5019.2			0.9976652903980294
5020.1			0.9838645722980375
5021.0			0.9409288374760815
5021.9			0.8892252095453175
5022.8			0.9044236143978203
5023.7			0.9890010884633248
5024.6			1.0370646212204517
5025.5			1.036990702189215
5026.4			0.999776380945176
5027.3			1.0
5028.2			1.0
5029.1			1.0
5030.0			1.0
5030.9			1.0
5031.8			1.0
5032.7			1.0
5033.6			1.0
5034.5			1.0
5035.4			1.0
5036.3			0.9432193293085271
5037.2			0.9803422989752113
5038.1			0.9446975302858767
5039.0			0.8120364475439873
5039.9			0.6787961616834762
5040.8			0.6247943112818937
5041.7			0.6991436630822436
5042.6			0.8265289987117223
5043.5			1.0
5044.4			1.0670685372241169
5045.3			1.130025850951967
5046.2			1.1365576589097617
5047.1			1.0632751694140117
5048.0			0.9464145990997886
5048.9			0.8588180925571065
5049.8			0.8378441617537352
5050.7			0.8528760041797165
5051.6			0.8674230096250606
5052.5			0.889193728182612
5053.4			0.9298567387770524
5054.3			0.9762677660215614
5055.2			1.0036799829506338
5056.1			1.0
5057.0			1.0
5057.9			1.0
5058.8			1.0
5059.7			1.0
5060.6			1.0
5061.5			1.0
5062.4			0.9871128388622988
5063.3			0.8984319882000725
5064.2			0.7963281906141708
5065.1			0.8154930571317709
5066.0			0.9496386850499046
5066.9			1.0322391651068232
5067.8			1.033697194914438
5068.7			1.0
5069.6			1.0
5070.5			1.0
5071.4			1.0
5072.3			1.0
5073.2			1.0727057643629105
5074.1			1.1204981001185461
5075.0			1.0592199211075497
5075.9			0.9901883494823095
5076.8			1.0144454136795082
5077.7			1.032442964999864
5078.6			0.9229743318004314
5079.5			0.7999668695509007
5080.4			0.8049976399309612
5081.3			0.8646126979031659
5082.2			0.8813230715655449
5083.1			0.8836985673495382
5084.0			0.921059581128358
5084.9			0.9708795175207271
5085.8			1.0008293339078167
5086.7			1.0
5087.6			1.0
5088.5			1.0
5089.4			1.0
5090.3			1.0
5091.2			1.0
5092.1			1.0
5093.0			1.0
5093.9			0.9834265020773546
5094.8			0.9151710696760706
5095.7			0.8818423575990011
5096.6			0.9111309180660307
5097.5			0.9194897778914214
5098.4			0.8579662831206502
5099.3			0.827651756460993
5100.2			0.8939256874162245
5101.1			0.9721210915346973
5102.0			1.0
5102.9			0.976996739882144
5103.8			0.9462302730712625
5104.7			0.9292186641724509
5105.6			0.9201208318402604
5106.5			0.8889606680742506
5107.4			0.8555295540654579
5108.3			0.8556362865814563
5109.2			0.8484868793566908
5110.1			0.8273468127206662
5111.0			0.8384265495952629
5111.9			0.8494799032486527
5112.8			0.8421312801567054
5113.7			1.0
5114.6			1.0794310435952956
5115.5			1.1067386407919844
5116.4			1.121915941912183
5117.3			1.1485148856922782
5118.2			1.1266527918889488
5119.1			1.0686808672253256
5120.0			1.025547562490797
5120.9			0.995071429232498
5121.8			0.9477851774082574
5122.7			0.8545867546629285
5123.6			0.7866383488872603
5124.5			0.8259706051117348
5125.4			0.8914908988653851
5126.3			0.8901747634216844
5127.2			0.8599257673387221
5128.1			0.8511350478645571
5129.0			0.8429735909566857
5129.9			0.8563536829704084
5130.8			0.9327543422950405
5131.7			0.9998395609110797
5132.6			0.999763962574774
5133.5			1.0
5134.4			1.0
5135.3			1.0
5136.2			1.0
5137.1			1.0
5138.0			1.0
5138.9			1.0
5139.8			1.0
5140.7			1.0
5141.6			1.0
5142.5			0.9098755323544689
5143.4			0.9312879831701812
5144.3			0.9651013538164742
5145.2			0.9229855442620467
5146.1			0.8755129347770415
5147.0			0.8735890176493936
5147.9			0.9063145393932056
5148.8			0.9335788878257795
5149.7			0.9135402390834952
5150.6			0.8628777703764933
5151.5			1.0
5152.4			0.9733968457859068
5153.3			0.9832241509631128
5154.2			1.0456761139496664
5155.1			1.163995712687467
5156.0			1.2819376301827556
5156.9			1.3650277747978232
5157.8			1.389333531124021
5158.7			1.339785136542496
5159.6			1.3178855133947662
5160.5			1.3726021818890612
5161.4			1.3850619794720065
5162.3			1.3312163931336523
5163.2			1.3118098441845958
5164.1			1.2596818040782645
5165.0			1.0686348828525714
5165.9			0.8268268808891999
5166.8			0.669620606486448
5167.7			0.652257794632118
5168.6			0.7521330244016842
5169.5			0.8773937129873847
5170.4			0.8962955690388018
5171.3			0.7612149414657987
5172.2			0.6260719614230881
5173.1			0.6633722292938711
5174.0			0.8504707536530299
5174.9			1.0159146554195155
5175.8			1.0781622012604766
5176.7			1.096672545469907
5177.6			1.1015837758592015
5178.5			1.0836267516719824
5179.4			1.0
5180.3			0.9366432475237856
5181.2			0.8450266057678487
5182.1			0.7112836496448914
5183.0			0.59752600435311
5183.9			0.6363116847739355
5184.8			0.8259268455226432
5185.7			0.9969976499328822
5186.6			1.3293723045897075
5187.5			1.0
5188.4			1.0128995454529828
5189.3			1.0570170774017125
5190.2			1.0443337626591667
5191.1			0.9016805683557035
5192.0			0.7640951273173332
5192.9			0.7758071501798955
5193.8			0.8681668399585103
5194.7			0.9323840204551586
5195.6			1.001916820804007
5196.5			1.0
5197.4			1.0
5198.3			1.0
5199.2			1.0
5200.1			1.0
5201.0			1.0
5201.9			0.962151526104031
5202.8			0.9127646823860572
5203.7			0.8010475899164262
5204.6			0.654881282889228
5205.5			0.5866839556016743
5206.4			0.6035266801338665
5207.3			0.600292228714238
5208.2			0.56164742957297
5209.1			0.5822494525286668
5210.0			0.6785259825073571
5210.9			0.8186113443246347
5211.8			0.955110780240142
5212.7			1.0278975655626115
5213.6			1.040340105300255
5214.5			1.0033734190516708
5215.4			1.0
5216.3			1.0
5217.2			1.0
5218.1			1.0
5219.0			1.0
5219.9			1.0
5220.8			1.0
5221.7			1.0
5222.6			0.9291473206707958
5223.5			0.819158646755679
5224.4			0.721688329131208
5225.3			0.6636719842787994
5226.2			0.6403526262562257
5227.1			0.6991885634141473
5228.0			0.8515182193174383
5228.9			0.9728867953862329
5229.8			1.0020002961659145
5230.7			1.0
5231.6			1.0
5232.5			1.0
5233.4			1.0
5234.3			1.0
5235.2			1.0
5236.1			1.0
5237.0			1.0
5237.9			1.0
5238.8			1.0
5239.7			1.0
5240.6			1.005646890763283
5241.5			1.038482992926535
5242.4			1.0636644805049191
5243.3			1.0936133912510806
5244.2			1.1245399389302164
5245.1			1.0581733544457725
5246.0			0.872107422484736
5246.9			0.7492022966957859
5247.8			0.8171667281995123
5248.7			0.9136561420744466
5249.6			0.869906066160065
5250.5			0.79961539444081
5251.4			0.8435981968530956
5252.3			0.9478634239450264
5253.2			0.9999727716169888
5254.1			1.0
5255.0			1.0
5255.9			1.0
5256.8			1.0
5257.7			1.0
5258.6			1.0
5259.5			1.0
5260.4			1.0
5261.3			1.0
5262.2			1.0
5263.1			1.0
5264.0			1.0
5264.9			1.0
5265.8			0.9692571511497231
5266.7			1.0484503350293284
5267.6			1.0524895120403013
5268.5			0.8376117969238317
5269.4			0.6275615108026422
5270.3			0.669765396512182
5271.2			0.8596954471635165
5272.1			0.9705770456922647
5273.0			0.9732537318218372
5273.9			1.0
5274.8			1.0
5275.7			1.0
5276.6			1.0
5277.5			1.0
5278.4			1.0
5279.3			0.9662386038407969
5280.2			0.9087413677674698
5281.1			0.8548364907581318
5282.0			0.8128094825149946
5282.9			0.7871407763712174
5283.8			0.8057872619215759
5284.7			0.8894340321064171
5285.6			0.9792005697849601
5286.5			0.9996869777782486
5287.4			1.0
5288.3			1.0
5289.2			1.0
5290.1			1.0
5291.0			1.0
5291.9			0.990272013249922
5292.8			0.9708132020634439
5293.7			0.9777420073537584
5294.6			0.975714048071224
5295.5			0.9041823110339
5296.4			0.7816420952544371
5297.3			0.7059767383747448
5298.2			0.7521320188578081
5299.1			0.8632225455338082
5300.0			0.9115974053756801
5300.9			0.895383649730328
5301.8			0.9157613995536721
5302.7			0.9946517937137149
5303.6			1.0
5304.5			1.0
5305.4			1.0
5306.3			1.0
5307.2			1.0
5308.1			1.0
5309.0			1.0
5309.9			1.0
5310.8			1.0
5311.7			1.0
5312.6			1.0
5313.5			1.0
5314.4			1.0
5315.3			1.0
5316.2			1.0
5317.1			1.0
5318.0			1.0
5318.9			1.0
5319.8			1.0
5320.7			1.0
5321.6			1.0
5322.5			1.0
5323.4			1.0
5324.3			0.9972552551746878
5325.2			1.0348074034131665
5326.1			0.9812051561561888
5327.0			0.7906124582913844
5327.9			0.6204126043404893
5328.8			0.6550590021392174
5329.7			0.831543207411094
5330.6			0.9605719377398613
5331.5			0.9985934954104081
5332.4			1.0
5333.3			1.0
5334.2			1.0
5335.1			1.0
5336.0			1.0
5336.9			1.0
5337.8			1.004169923482944
5338.7			0.9679175798283007
5339.6			0.8744230529395083
5340.5			0.8192289910567736
5341.4			0.8863274548318821
5342.3			0.9805770598706653
5343.2			1.0013567906091396
5344.1			1.0
5345.0			1.0
5345.9			1.0
5346.8			1.0
5347.7			0.9566673972636455
5348.6			0.877930985737399
5349.5			0.8626955379192295
5350.4			0.9224497913988585
5351.3			1.0010632646582474
5352.2			1.0
5353.1			1.0
5354.0			1.0
5354.9			1.0
5355.8			1.0
5356.7			1.0
5357.6			1.0
5358.5			1.0
5359.4			1.0
5360.3			1.0
5361.2			1.0
5362.1			1.0
5363.0			1.0
5363.9			1.0
5364.8			1.0
5365.7			1.0
5366.6			1.0
5367.5			0.9898647387090658
5368.4			0.9500222435841977
5369.3			0.8531428604193355
5370.2			0.7372342486983965
5371.1			0.6886837516362909
5372.0			0.7669238662812959
5372.9			0.907258331166028
5373.8			0.9867994378955355
5374.7			0.9915814338613504
5375.6			1.0
5376.5			1.0
5377.4			1.0
5378.3			1.0
5379.2			1.0
5380.1			1.0
5381.0			1.0
5381.9			1.0
5382.8			1.0
5383.7			1.0
5384.6			1.0
5385.5			1.0
5386.4			1.0
5387.3			1.0
5388.2			1.0
5389.1			1.0
5390.0			1.0
5390.9			1.0
5391.8			1.0
5392.7			1.0
5393.6			1.0
5394.5			1.0
5395.4			1.0
5396.3			1.0
5397.2			1.0
5398.1			1.1392754015035356
5399.0			1.2476475878375226
5399.9			1.2159897934903552
5400.8			1.1594764748655433
5401.7			1.156382682354313
5402.6			1.1450186231451898
5403.5			1.0479717350503053
5404.4			0.8961640138512067
5405.3			0.7946918120672885
5406.2			0.8149142445150794
5407.1			0.898405139646275
5408.0			0.9105370590307212
5408.9			0.8376889290475333
5409.8			0.8018399747580423
5410.7			0.8762890086308397
5411.6			0.9684682338405803
5412.5			0.9985042988039021
5413.4			1.0
5414.3			1.0
5415.2			1.0
5416.1			1.0
5417.0			1.0
5417.9			1.0
5418.8			1.0
5419.7			1.0
5420.6			0.99277179563895
5421.5			1.0330441425373453
5422.4			1.060166238557625
5423.3			1.0228723300320381
5424.2			0.9827647713024821
5425.1			1.0067698452744285
5426.0			1.0596193754612049
5426.9			1.092862521324536
5427.8			1.0382173275996323
5428.7			0.8835850433508333
5429.6			0.7968353958654252
5430.5			0.8652103093961133
5431.4			0.9332951771966536
5432.3			0.901196260738493
5433.2			0.8443909641566845
5434.1			0.810863425991585
5435.0			0.811490869971854
5435.9			0.8422685581644781
5436.8			0.8776676965739336
5437.7			0.9330283835819846
5438.6			0.9997511228983752
5439.5			1.0
5440.4			1.0
5441.3			1.0
5442.2			1.0
5443.1			1.0
5444.0			1.0
5444.9			0.9425841125389385
5445.8			0.8331330583381552
5446.7			0.7713456888180001
5447.6			0.8421187114649803
5448.5			1.0
5449.4			1.0578028484672923
5450.3			1.076430862868991
5451.2			1.062903629984011
5452.1			1.0445373773211832
5453.0			1.0125637144408524
5453.9			0.9430953789911255
5454.8			0.856433868369939
5455.7			0.8333168533588201
5456.6			0.9183480430123779
5457.5			1.0281466164502047
5458.4			1.079028270535711
5459.3			1.0557036832509545
5460.2			1.0066794188181263
5461.1			0.9985746488475004
5462.0			1.0017790102727018
5462.9			1.0
5463.8			1.0
5464.7			1.0
5465.6			1.0
5466.5			1.0
5467.4			1.0
5468.3			1.0
5469.2			1.0
5470.1			1.0
5471.0			1.0
5471.9			1.0229116538691438
5472.8			0.9884214685640815
5473.7			0.9588038761457253
5474.6			0.9810434461193122
5475.5			0.9704989814069532
5476.4			0.9170425239485408
5477.3			0.9519545080236291
5478.2			1.080795225091052
5479.1			1.1554849553971838
5480.0			1.1010862888792528
5480.9			0.9977539836561085
5481.8			1.0
5482.7			1.0
5483.6			1.0
5484.5			1.0
5485.4			1.0
5486.3			1.0
5487.2			1.0
5488.1			1.0
5489.0			1.0
5489.9			1.0
5490.8			1.0
5491.7			1.0
5492.6			1.0
5493.5			1.0
5494.4			1.0
5495.3			1.0064621571564807
5496.2			0.9621201812478507
5497.1			0.9095662214996236
5498.0			0.9386648630531851
5498.9			1.006697054558138
5499.8			1.0
5500.7			1.0
5501.6			1.0
5502.5			1.0
5503.4			1.0
5504.3			1.0
5505.2			1.0
5506.1			1.0
5507.0			1.0
5507.9			1.0
5508.8			1.03375216098718
5509.7			1.0081718066015273
5510.6			0.9540827538067452
5511.5			0.8811523068476416
5512.4			0.8314234295862724
5513.3			0.8186280947470934
5514.2			0.8048052230357865
5515.1			0.8111432872988846
5516.0			0.8490241842904773
5516.9			0.897967550931431
5517.8			0.968438562451612
5518.7			1.0151405044909672
5519.6			0.998324447122036
5520.5			1.0
5521.4			1.0
5522.3			1.0
5523.2			1.0
5524.1			1.0
5525.0			0.991346972392982
5525.9			0.9634155396082614
5526.8			0.9143936105134842
5527.7			0.8724745807977279
5528.6			0.8937443768114135
5529.5			0.9621225157623418
5530.4			1.0000552399879612
5531.3			1.0
5532.2			1.0
5533.1			1.0
5534.0			1.0
5534.9			1.0
5535.8			1.0
5536.7			1.0
5537.6			1.0
5538.5			1.0
5539.4			1.0
5540.3			1.0
5541.2			1.0
5542.1			1.0
5543.0			1.0
5543.9			1.0
5544.8			1.0
5545.7			1.0
5546.6			1.0
5547.5			1.0
5548.4			1.0
5549.3			1.0
5550.200000000001			1.0
5551.1			1.0
5552.0			1.0
5552.9			1.0
5553.8			1.0
5554.700000000001			1.0
5555.6			1.0
5556.5			1.0
5557.4			0.9875260212870042
5558.3			0.9985941806083425
5559.200000000001			1.011890461786565
5560.1			1.002495322349036
5561.0			0.9814536660317842
5561.9			0.9716028392187409
5562.8			0.9779243421216378
5563.700000000001			0.9858554300811754
5564.6			0.970437302787521
5565.5			0.9390377662094664
5566.4			0.9308414864966793
5567.3			0.95207040741039
5568.200000000001			0.968399392690485
5569.1			0.9684210400727161
5570.0			0.982485412741755
5570.9			1.0049587099207518
5571.8			0.9885571857378057
5572.700000000001			0.9581176045280142
5573.6			0.9715390887055868
5574.5			1.000679339108043
5575.4			0.9983319288224939
5576.3			1.0
5577.200000000001			1.0
5578.1			1.0
5579.0			0.9983956699838291
5579.9			1.0199230460324928
5580.8			1.0234482984814373
5581.700000000001			1.0001373501252133
5582.6			0.9853814207462455
5583.5			0.9781095844139612
5584.4			0.9605766343843251
5585.3			0.9352173862557285
5586.200000000001			0.8966359784185682
5587.1			0.8493853128653537
5588.0			0.8281165551295723
5588.9			0.8454095444674552
5589.8			0.884241535793843
5590.700000000001			1.0
5591.6			0.9977246617508626
5592.5			0.9831566487983342
5593.4			0.989897651560188
5594.3			1.0244595755181631
5595.200000000001			1.0781185910833182
5596.1			1.0967886028029674
5597.0			1.0264501112809044
5597.9			0.925722758160339
5598.8			0.8877247889889358
5599.700000000001			0.8963437736228684
5600.6			0.8958122713557004
5601.5			0.8877954699812708
5602.4			0.8860733327550164
5603.3			0.8959536611675113
5604.200000000001			0.9247464427212296
5605.1			0.962617177104655
5606.0			0.9936230806308588
5606.9			1.0
5607.8			1.0
5608.700000000001			1.0
5609.6			1.0
5610.5			1.0
5611.4			1.0
5612.3			1.0
5613.200000000001			1.0016984154476563
5614.1			0.9391120887713892
5615.0			0.8812703480747879
5615.9			0.9121352549686131
5616.8			0.9962802096164097
5617.700000000001			1.0
5618.6			0.9671543543329545
5619.5			0.9459866374877206
5620.4			0.969004191269985
5621.3			1.0133651053040986
5622.200000000001			1.0204371356014503
5623.1			0.9593374254822058
5624.0			0.8808531516797722
5624.9			0.8632473091972651
5625.8			0.9102410943575884
5626.700000000001			0.9530382032196781
5627.6			1.0
5628.5			0.9973441518291442
5629.4			1.0072795958386154
5630.3			1.0242631183740276
5631.200000000001			1.040672933238903
5632.1			1.0512006054167236
5633.0			1.0563070215415125
5633.9			1.045129506524249
5634.8			1.009300749473784
5635.700000000001			0.9646748746780408
5636.6			0.9369129178629764
5637.5			0.9364049572257612
5638.4			0.9451391466035959
5639.3			0.9435731059225339
5640.200000000001			0.9280049960391601
5641.1			0.9113532852622305
5642.0			0.9125641075481357
5642.9			0.9243286093842925
5643.8			0.9318005559435659
5644.700000000001			0.9374452434433826
5645.6			0.9397484972073123
5646.5			0.9389349179731719
5647.4			0.9403780651974393
5648.3			0.9413281571413057
5649.200000000001			0.9501226205994164
5650.1			0.9732268677392943
5651.0			1.0058770146539873
5651.9			1.0338851492555026
5652.8			1.0338001203903788
5653.700000000001			1.0021460182948136
5654.6			1.0
5655.5			1.0139619131550992
5656.4			1.0005037521896876
5657.3			0.9144223973048232
5658.200000000001			0.8509388683402976
5659.1			0.9026463088102293
5660.0			0.9932863069188417
5660.9			1.0022720493349497
5661.8			1.0
5662.700000000001			1.0
5663.6			1.0
5664.5			1.0344922010319977
5665.4			1.0519948078380508
5666.3			1.0308535421907232
5667.200000000001			0.9804160740334397
5668.1			0.954083316710003
5669.0			0.9688206251854234
5669.9			0.9820263997441008
5670.8			0.9782196267880596
5671.700000000001			1.0020505202532535
5672.6			1.0
5673.5			1.0
5674.4			1.0
5675.3			1.0
5676.200000000001			1.0
5677.1			1.0
5678.0			1.0
5678.9			1.0
5679.8			1.0
5680.700000000001			1.0
5681.6			1.0
5682.5			1.0
5683.4			1.0
5684.3			1.0
5685.200000000001			0.9944073878037221
5686.1			0.9442399999867584
5687.0			0.8969319301511679
5687.9			0.8890683670660714
5688.8			0.9174914287825724
5689.700000000001			0.9634345480529393
5690.6			1.0002804754678039
5691.5			1.0
5692.4			1.0
5693.3			1.0
5694.200000000001			1.0
5695.1			1.0
5696.0			1.0
5696.9			1.0
5697.8			1.0
5698.700000000001			1.0
5699.6			1.0
5700.5			1.0
5701.4			0.9626919459014608
5702.3			0.9582534971963097
5703.200000000001			0.9932106466451229
5704.1			1.0326114440986498
5705.0			1.0261975480614245
5705.9			0.9710560969450855
5706.8			0.91132264280258
5707.700000000001			0.8674934407416196
5708.6			0.8483242817779394
5709.5			0.879552617945209
5710.4			0.9160232415138935
5711.3			0.9028799756206697
5712.200000000001			0.9042897628608741
5713.1			0.9596933208716427
5714.0			1.0026168497880446
5714.9			1.006933341099255
5715.8			0.9961132118022272
5716.700000000001			1.0
5717.6			1.0
5718.5			1.0
5719.4			1.0
5720.3			1.0
5721.200000000001			1.0
5722.1			1.0
5723.0			1.0
5723.9			1.0
5724.8			0.9786394684223051
5725.700000000001			0.9465272431464967
5726.6			0.9022669961252969
5727.5			0.903259525740024
5728.4			0.9684024754069509
5729.3			1.01661176710337
5730.200000000001			0.994517815955864
5731.1			1.0
5732.0			1.0
5732.9			1.0
5733.8			1.0
5734.700000000001			1.0
5735.6			1.0
5736.5			1.0
5737.4			1.0
5738.3			1.0
5739.200000000001			1.0
5740.1			1.0
5741.0			1.0
5741.9			1.0
5742.8			1.0
5743.700000000001			1.0
5744.6			1.0
5745.5			1.0
5746.4			0.9866062524796937
5747.3			0.9325430654973557
5748.200000000001			0.8990905947499115
5749.1			0.936033347700795
5750.0			1.0016990659546448
5750.9			1.0
5751.8			1.0
5752.700000000001			1.0
5753.6			1.0
5754.5			1.0
5755.4			1.0
5756.3			1.0
5757.200000000001			1.0
5758.1			0.9869087047376864
5759.0			0.9460466910217273
5759.9			0.8916779000291187
5760.8			0.8445678295094465
5761.700000000001			0.821479096707214
5762.6			0.8444723634477841
5763.5			0.9121796464318401
5764.4			0.9788664653753614
5765.3			1.0032780190891228
5766.200000000001			1.0
5767.1			1.0
5768.0			1.0
5768.9			1.0
5769.8			1.0
5770.700000000001			1.0
5771.6			1.0
5772.5			1.0
5773.4			1.0
5774.3			1.0
5775.200000000001			1.0
5776.1			1.0
5777.0			1.0
5777.9			1.0170028216684583
5778.8			1.0082881026998327
5779.700000000001			0.9518716744862497
5780.6			0.8729336369685285
5781.5			0.8338373368429771
5782.4			0.8531938367064289
5783.3			0.8722242959513209
5784.200000000001			0.853066375234922
5785.1			0.833901331142765
5786.0			0.8669267597566008
5786.9			0.9289566493850375
5787.8			0.9678557239117358
5788.700000000001			0.9840488717876992
5789.6			0.9739376067857834
5790.5			0.9381601986800648
5791.4			0.937758349595598
5792.3			0.9996523683224328
5793.200000000001			1.0
5794.1			1.0
5795.0			1.0
5795.9			0.9666201865325058
5796.8			0.9025018755454628
5797.700000000001			0.8667225993516945
5798.6			0.9099205062373814
5799.5			0.9952071963749888
5800.4			1.0
5801.3			1.0
5802.200000000001			1.0
5803.1			1.0
5804.0			1.0
5804.9			1.0
5805.8			1.0
5806.700000000001			1.0
5807.6			1.0
5808.5			1.0
5809.4			1.0
5810.3			1.0
5811.200000000001			0.9958822665241046
5812.1			0.9813742276851638
5813.0			0.9662823618536743
5813.9			0.9464730426818805
5814.8			0.917727744801338
5815.700000000001			0.9003864554384905
5816.6			0.9121558870413553
5817.5			0.9463250197327046
5818.4			0.9775247558496104
5819.3			0.9939109543379849
5820.200000000001			1.000899062589393
5821.1			1.0
5822.0			1.0
5822.9			1.0
5823.8			1.0
5824.700000000001			1.0
5825.6			1.0
5826.5			1.0
5827.4			1.0
5828.3			1.0
5829.200000000001			1.0
5830.1			1.0
5831.0			1.0
5831.9			1.0
5832.8			1.0
5833.700000000001			1.0
5834.6			1.0
5835.5			1.0
5836.4			1.0
5837.3			0.9798216261221355
5838.200000000001			0.9389820379099075
5839.1			0.9345418463857543
5840.0			0.9697404157062591
5840.9			1.0026203077376807
5841.8			1.0
5842.700000000001			1.0
5843.6			1.0
5844.5			1.0
5845.4			1.0
5846.3			1.0
5847.200000000001			1.0
5848.1			1.0
5849.0			1.0
5849.9			1.0
5850.8			1.0
5851.700000000001			1.0
5852.6			1.0
5853.5			1.0
5854.4			1.0
5855.3			1.0104558670874275
5856.200000000001			0.9695055917503612
5857.1			0.919377461526839
5858.0			0.9128931678653109
5858.9			0.9511547101037038
5859.8			0.9915228747752678
5860.700000000001			1.0
5861.6			0.981278348036663
5862.5			0.9505252431160205
5863.4			0.9474030365863451
5864.3			0.9667147500346881
5865.200000000001			0.9657213087140729
5866.1			0.9380981001628818
5867.0			0.930370379161866
5867.9			0.9653045219928316
5868.8			1.013969086484281
5869.700000000001			1.0469470521558908
5870.6			1.049706865648201
5871.5			1.0257179421147957
5872.4			0.9995484831384619
5873.3			1.0
5874.200000000001			1.0
5875.1			1.0
5876.0			1.0
5876.9			0.9771211322366361
5877.8			0.9607861738776858
5878.700000000001			1.0
5879.6			0.9682763839766223
5880.5			0.97824831262365
5881.4			1.0331845295737558
5882.3			1.0709571715613007
5883.200000000001			1.0646028035171897
5884.1			1.0506433610688761
5885.0			1.053207068248281
5885.9			1.054814894061467
5886.8			1.010047921950512
5887.700000000001			0.8757002101168618
5888.6			0.6708554679147315
5889.5			0.5168873231221809
5890.4			0.5426568524571752
5891.3			0.7105744664630869
5892.200000000001			0.8598269500025677
5893.1			0.9017702571205004
5894.0			0.8378910953329924
5894.9			0.704117556629229
5895.8			0.6259556961280676
5896.700000000001			0.7176653321875949
5897.6			0.887429073124181
5898.5			0.9772993950228375
5899.4			0.9975793481479718
5900.3			1.0
5901.200000000001			1.0
5902.1			1.0
5903.0			1.0
5903.9			1.0
5904.8			1.0
5905.700000000001			1.0
5906.6			1.0
5907.5			1.0
5908.4			1.0
5909.3			1.0
5910.200000000001			1.0
5911.1			1.0116379657976622
5912.0			1.0038238791051377
5912.9			0.9680037194923807
5913.8			0.9310076646641229
5914.700000000001			0.9189882275671463
5915.6			0.9298515684275626
5916.5			0.9584727237632108
5917.4			0.9883487285650963
5918.3			0.99963217789128
5919.200000000001			1.0
5920.1			1.0
5921.0			1.0
5921.9			1.0
5922.8			1.0
5923.700000000001			1.0
5924.6			1.0
5925.5			1.0
5926.4			1.0
5927.3			1.0
5928.200000000001			1.0
5929.1			1.0
5930.0			1.0
5930.9			1.0
5931.8			1.0238114638968117
5932.700000000001			1.0113756448377824
5933.6			0.9637590018727141
5934.5			0.9245235947499396
5935.4			0.9328005947690484
5936.3			0.9706560793062975
5937.200000000001			0.9985762360883157
5938.1			1.0
5939.0			1.0
5939.9			1.0
5940.8			1.0
5941.700000000001			1.0
5942.6			1.0
5943.5			1.0
5944.4			1.0
5945.3			1.0
5946.200000000001			1.0
5947.1			1.0
5948.0			1.0
5948.9			1.0
5949.8			1.0002819531330773
5950.700000000001			1.023061096501925
5951.6			1.0196780259177245
5952.5			0.9937461914918664
5953.4			0.98800344191481
5954.3			0.9949783574222587
5955.200000000001			0.9750978779729453
5956.1			0.9389869012747414
5957.0			0.9271542613447379
5957.9			0.946108329252816
5958.8			0.980236055547051
5959.700000000001			1.0180023564448524
5960.6			1.0480123666498535
5961.5			1.0571397168877876
5962.4			1.0433349214677647
5963.3			1.0195746262121326
5964.200000000001			0.9976068753318859
5965.1			1.0
5966.0			1.0
5966.9			1.0
5967.8			1.0
5968.700000000001			1.0
5969.6			1.0
5970.5			1.0
5971.4			1.0
5972.3			1.0
5973.200000000001			1.0
5974.1			1.0
5975.0			1.0
5975.9			1.0
5976.8			1.0
5977.700000000001			1.0
5978.6			1.0
5979.5			1.0
5980.4			1.0
5981.3			0.997712494093677
5982.200000000001			0.9654998510126575
5983.1			0.9167288211799816
5984.0			0.8896496334954512
5984.9			0.9185478727557898
5985.8			0.9744480156423571
5986.700000000001			1.0003128550605882
5987.6			1.0
5988.5			1.0
5989.4			1.0
5990.3			1.0
5991.200000000001			1.0
5992.1			1.0
5993.0			1.0
5993.9			1.0
5994.8			1.0
5995.700000000001			1.0
5996.6			1.0
5997.5			1.0
5998.4			1.0
5999.3			1.0
6000.200000000001			1.0
6001.1			1.0
6002.0			1.0
6002.9			1.0
6003.8			1.024460702449561
6004.700000000001			1.0334608539708652
6005.6			1.0056597513852636
6006.5			0.9658166896090141
6007.4			0.9328883918160391
6008.3			0.928336822400283
6009.200000000001			0.9672390820969964
6010.1			1.009138196111318
6011.0			1.0006477816459678
6011.9			1.0
6012.8			0.9660442237476453
6013.700000000001			0.9803956021464045
6014.6			1.007705735903018
6015.5			0.9979805843138929
6016.4			0.9601237812752124
6017.3			0.9407078461740147
6018.200000000001			0.9518073518735841
6019.1			0.9677640350799418
6020.0			0.975285351738051
6020.9			0.9850236057137751
6021.8			1.0003520591555581
6022.700000000001			1.0
6023.6			1.0
6024.5			1.0
6025.4			1.0
6026.3			1.0
6027.200000000001			1.0
6028.1			1.0
6029.0			1.0
6029.9			1.0
6030.8			1.0
6031.700000000001			1.0
6032.6			1.0
6033.5			1.0
6034.4			1.0
6035.3			1.0
6036.200000000001			1.0
6037.1			1.0
6038.0			1.0
6038.9			1.0
6039.8			1.0
6040.700000000001			1.0
6041.6			1.0
6042.5			1.0
6043.4			1.0
6044.3			1.0
6045.200000000001			1.0
6046.1			1.0
6047.0			1.0
6047.9			1.0
6048.8			1.0
6049.700000000001			1.0
6050.6			1.0
6051.5			1.0
6052.4			1.0
6053.3			1.0
6054.200000000001			1.0
6055.1			1.0
6056.0			1.0
6056.9			1.0
6057.8			1.0
6058.700000000001			1.0
6059.6			1.0
6060.5			1.0
6061.4			0.9813744979529139
6062.3			0.9489633987877758
6063.200000000001			0.9166916288013575
6064.1			0.8859561518827981
6065.0			0.870553326297203
6065.9			0.9027102006956805
6066.8			0.9649374960643977
6067.700000000001			1.0005964995078769
6068.6			1.001378669728627
6069.5			1.0
6070.4			1.0
6071.3			1.0
6072.200000000001			1.0
6073.1			1.0
6074.0			1.0
6074.9			1.0
6075.8			1.0
6076.700000000001			1.0
6077.6			1.0
6078.5			1.0
6079.4			1.0
6080.3			1.0
6081.200000000001			1.0
6082.1			1.0
6083.0			1.0
6083.9			1.0
6084.8			1.0
6085.700000000001			0.98573965621733
6086.6			0.9935258935529951
6087.5			1.0106051998005166
6088.4			1.0009783069853333
6089.3			0.9562032139733192
6090.200000000001			0.917823694841526
6091.1			0.9227956575621287
6092.0			0.9414515892001551
6092.9			0.9460326831057024
6093.8			0.9655547967220838
6094.700000000001			1.0020659893348576
6095.6			1.0
6096.5			1.0
6097.4			1.0
6098.3			1.0
6099.200000000001			1.0
6100.1			1.0139132596975888
6101.0			0.9681962075970519
6101.9			0.8846245308856969
6102.8			0.8454432175872211
6103.700000000001			0.8959209184197876
6104.6			0.9693438598150336
6105.5			1.000518493446773
6106.4			1.0
6107.3			1.0
6108.200000000001			1.0
6109.1			1.0
6110.0			1.0
6110.9			1.0
6111.8			1.0
6112.700000000001			1.0
6113.6			1.0
6114.5			1.0
6115.4			1.0
6116.3			1.0
6117.200000000001			1.0
6118.1			1.0062661017200805
6119.0			0.9705293055644291
6119.9			0.9041138147583783
6120.8			0.8519048479416031
6121.700000000001			0.8413757238722337
6122.6			0.8934522379705122
6123.5			0.9819904332185013
6124.4			1.0260452635829314
6125.3			1.0014312204388325
6126.200000000001			1.0
6127.1			1.0
6128.0			1.0
6128.9			1.0
6129.8			1.0
6130.700000000001			1.0
6131.6			1.0
6132.5			1.0
6133.4			0.9711229006316956
6134.3			0.9082068460747544
6135.200000000001			0.8267307304658932
6136.1			0.7584035587545885
6137.0			0.7467179425019259
6137.9			0.8301139620719342
6138.8			0.960111030096748
6139.700000000001			1.0272955321369674
6140.6			1.003699807427285
6141.5			1.0
6142.4			1.0
6143.3			1.0
6144.200000000001			1.0
6145.1			1.0
6146.0			1.0
6146.9			0.9898961523279988
6147.8			0.9694641791382825
6148.700000000001			0.9264051179066523
6149.6			0.8914337737953233
6150.5			0.9050948177212182
6151.4			0.9583601462495307
6152.3			1.003606542964707
6153.200000000001			1.0
6154.1			1.0
6155.0			1.0
6155.9			1.0
6156.8			1.0
6157.700000000001			1.0
6158.6			0.9752606472895338
6159.5			0.9412340407843
6160.4			0.8743871164504893
6161.3			0.7964061675228409
6162.200000000001			0.7767517053101398
6163.1			0.836107628666446
6164.0			0.919338865008515
6164.9			0.972730248113861
6165.8			1.0023375034456428
6166.700000000001			1.0
6167.6			1.0
6168.5			1.0
6169.4			1.0
6170.3			1.0
6171.200000000001			1.0
6172.1			1.0
6173.0			1.0
6173.9			1.0
6174.8			1.0
6175.700000000001			1.0
6176.6			1.0
6177.5			1.0
6178.4			1.0
6179.3			1.0
6180.200000000001			1.0
6181.1			1.0
6182.0			1.0
6182.9			1.0
6183.8			1.0
6184.700000000001			0.985182582472369
6185.6			0.9441709213805289
6186.5			0.8940236718269752
6187.4			0.8739850869518808
6188.3			0.8756480907023041
6189.200000000001			0.8644850129757707
6190.1			0.8254909680247807
6191.0			0.7845589718076501
6191.9			0.7955417797582216
6192.8			0.8651477840246167
6193.700000000001			0.9352912903574258
6194.6			0.9730732294200051
6195.5			1.0
6196.4			1.009275447728467
6197.3			1.0056642020472009
6198.200000000001			0.9704250216902307
6199.1			0.916363759509692
6200.0			0.8987617119889052
6200.9			0.9369422414048353
6201.8			0.9885743094014077
6202.700000000001			1.0188597568690936
6203.6			1.020263171305062
6204.5			1.009622141658755
6205.4			1.0103072241351718
6206.3			1.0199909532238491
6207.200000000001			1.0253021376067162
6208.1			1.0194194833701091
6209.0			0.9997670466006532
6209.9			0.9702511799873842
6210.8			0.9486601991869439
6211.700000000001			0.9340480724470707
6212.6			0.8963822272026408
6213.5			0.8375710486523035
6214.4			0.7967328729239381
6215.3			0.7893882936519003
6216.200000000001			0.8172416581616381
6217.1			0.869005619888949
6218.0			0.8964739813992414
6218.9			0.8758233222216862
6219.8			0.8449116787342839
6220.700000000001			0.8338552946663949
6221.6			0.8322006971497884
6222.5			0.8270045373477269
6223.4			0.8188078668240987
6224.3			0.8220759241677381
6225.200000000001			0.8468335737642384
6226.1			0.8750700987976735
6227.0			0.8853412414663626
6227.9			0.8741655420726815
6228.8			0.8306523809788549
6229.700000000001			0.7642466588452582
6230.6			0.7298411878984429
6231.5			0.757717782485383
6232.4			0.8122780966828655
6233.3			0.8655592739111185
6234.200000000001			0.91831548202652
6235.1			0.9490491660672143
6236.0			0.9466950030717883
6236.9			0.9255218066123495
6237.8			0.8832628958378049
6238.700000000001			0.8159863780799811
6239.6			0.7672214298189839
6240.5			0.7812832417580647
6241.4			0.8139225135090119
6242.3			0.7982817923442252
6243.200000000001			0.7757127630379771
6244.1			0.802692023199209
6245.0			0.8460297524944326
6245.9			0.8766640612268539
6246.8			0.9149456229302166
6247.700000000001			0.9504810525577452
6248.6			0.9573913531207883
6249.5			0.9456070918731734
6250.4			0.9244593852446955
6251.3			0.8863889036077008
6252.200000000001			0.8506916551455046
6253.1			0.8528928993689151
6254.0			0.8792367425323896
6254.9			0.8848937388864048
6255.8			0.8476304066168642
6256.700000000001			0.7768648275911679
6257.6			0.7146617966328364
6258.5			0.717336613239196
6259.4			0.789171835714516
6260.3			0.8584078593095147
6261.200000000001			0.8874261901727599
6262.1			0.9236319546636687
6263.0			0.9703694760220636
6263.9			0.9688066874803413
6264.8			0.9230991795551857
6265.700000000001			0.8995844043972037
6266.6			0.9117920889123353
6267.5			0.9143935417556261
6268.4			0.8994273138204114
6269.3			0.907650634186048
6270.200000000001			0.9438374660129253
6271.1			0.9723331630905289
6272.0			0.9800946320095021
6272.9			0.9680750827165557
6273.8			0.9461489043990151
6274.700000000001			0.9356935446340406
6275.6			0.9405766910198824
6276.5			0.9508365693527187
6277.4			0.9674099993467777
6278.3			0.9841969244929694
6279.200000000001			0.976321518131458
6280.1			0.9433705411537447
6281.0			0.9279929042448234
6281.9			0.9497649566393176
6282.8			0.984917612351278
6283.700000000001			1.0041212461565143
6284.6			0.9984813950373308
6285.5			0.9981910982877954
6286.4			1.0339949357592626
6287.3			1.0795446592295155
6288.200000000001			1.1015499806585867
6289.1			1.0
6290.0			0.9813021387749711
6290.9			0.9553246745222732
6291.8			0.9316735288129389
6292.700000000001			0.9209674037460915
6293.6			0.9347109173478818
6294.5			0.9422042520782179
6295.4			0.9042242418553534
6296.3			0.863441957481022
6297.200000000001			0.881198878369758
6298.1			0.9441581334065563
6299.0			0.9975074361601667
6299.9			1.0113690316553061
6300.8			0.9980800975095999
6301.700000000001			0.9896148398759007
6302.6			0.9997288640236688
6303.5			1.0050912915304508
6304.4			0.9960742861274084
6305.3			0.980560038475772
6306.200000000001			1.004838212276976
6307.1			1.0
6308.0			1.0379032139296185
6308.9			1.033755741866019
6309.8			1.0016836753030425
6310.700000000001			0.9624173719196174
6311.6			0.9408279483847475
6312.5			0.9523453842518843
6313.4			0.9684668759983209
6314.3			0.9561881442216018
6315.200000000001			0.9410462234112857
6316.1			0.9467634794179987
6317.0			0.9390796757895604
6317.9			0.9134318366478862
6318.8			0.9167895507618644
6319.700000000001			0.948917297218032
6320.6			0.9627189496295177
6321.5			0.9595377279917333
6322.4			0.9684697883175457
6323.3			0.9838872875420998
6324.200000000001			0.9852769045143763
6325.1			0.9722307409973201
6326.0			0.967743444118762
6326.9			0.9793630718160186
6327.8			0.999347914894248
6328.700000000001			1.0
6329.6			1.0
6330.5			1.0
6331.4			1.0
6332.3			1.0
6333.200000000001			1.0
6334.1			1.0
6335.0			1.0
6335.9			1.0
6336.8			1.0
6337.700000000001			1.0
6338.6			1.0
6339.5			1.0
6340.4			1.0
6341.3			1.002960328334412
6342.200000000001			0.9707783534145303
6343.1			0.9212567923534364
6344.0			0.8848511750825402
6344.9			0.8942418391841862
6345.8			0.9449687542279667
6346.700000000001			0.9962324840009553
6347.6			1.0
6348.5			1.0
6349.4			1.0
6350.3			1.002292209771265
6351.200000000001			1.0020297865585488
6352.1			0.9906997485359633
6353.0			0.9644358710782355
6353.9			0.9263115506666577
6354.8			0.9006352988002092
6355.700000000001			0.9086705339821902
6356.6			0.9155857559756584
6357.5			0.8823927752193442
6358.4			0.8327885837000729
6359.3			0.812025454928573
6360.200000000001			0.8174593266324268
6361.1			0.8157067460422971
6362.0			0.8051511811568278
6362.9			0.8089507750784061
6363.8			0.827336350369851
6364.700000000001			0.8513699511071924
6365.6			0.8806641474649498
6366.5			0.919454308824809
6367.4			0.9613266889006489
6368.3			0.9847557297902267
6369.200000000001			0.9793314865579354
6370.1			0.9640907456807382
6371.0			0.9693102793306894
6371.9			0.9952971909248138
6372.8			1.0105466365561493
6373.700000000001			0.999490772630481
6374.6			1.0
6375.5			1.0
6376.4			1.0069048071659625
6377.3			0.98696450560187
6378.200000000001			0.9503004653179461
6379.1			0.9365594339484087
6380.0			0.9550381454215989
6380.9			0.9772049381373791
6381.8			0.9986134785584098
6382.700000000001			1.0
6383.6			1.0
6384.5			1.0
6385.4			1.0
6386.3			1.0
6387.200000000001			1.0
6388.1			1.0
6389.0			1.0
6389.9			1.0
6390.8			0.9845975470253949
6391.700000000001			0.9428624339497126
6392.6			0.881901379322152
6393.5			0.8516629153312553
6394.4			0.8878577781653715
6395.3			0.9545004999738302
6396.200000000001			1.0000368968740432
6397.1			1.0
6398.0			1.0
6398.9			1.0
6399.8			1.0
6400.700000000001			1.0
6401.6			1.0
6402.5			1.0
6403.4			1.0
6404.3			1.0
6405.200000000001			1.0
6406.1			1.0
6407.0			1.0
6407.9			1.0
6408.8			1.0
6409.700000000001			1.0
6410.6			1.0
6411.5			1.0
6412.4			1.0
6413.3			1.0
6414.200000000001			1.0
6415.1			1.0
6416.0			1.0
6416.9			0.9890846756394687
6417.8			0.9637045009809889
6418.700000000001			0.9325324038024093
6419.6			0.8992048302405177
6420.5			0.8828501942978026
6421.4			0.9066257997638704
6422.3			0.9625595002019675
6423.200000000001			1.0036458735186735
6424.1			0.9999187992153058
6425.0			1.0
6425.9			1.0
6426.8			1.0
6427.700000000001			1.0072233825600745
6428.6			0.9753975252691779
6429.5			0.9102405748658641
6430.4			0.8571915206342582
6431.3			0.8765902485877272
6432.200000000001			0.9521678092314323
6433.1			1.001800050739922
6434.0			1.0
6434.9			1.0
6435.8			1.0
6436.700000000001			1.0
6437.6			1.0
6438.5			1.0
6439.4			1.0
6440.3			1.0
6441.200000000001			1.0
6442.1			1.0
6443.0			1.0
6443.9			1.0
6444.8			1.0
6445.700000000001			1.0
6446.6			1.0
6447.5			0.954297133345489
6448.4			0.8670164316063936
6449.3			0.7837652060828626
6450.200000000001			0.7756882574905659
6451.1			0.8504264673717649
6452.0			0.9376237202919623
6452.9			0.9960016572819079
6453.8			1.0
6454.700000000001			1.0
6455.6			1.0
6456.5			1.0
6457.4			1.0
6458.3			1.0
6459.200000000001			1.0
6460.1			1.0
6461.0			0.9644150885092141
6461.9			0.9047842066146515
6462.8			0.8841601232092205
6463.700000000001			0.9332753729390341
6464.6			0.9941242594016709
6465.5			1.0
6466.4			1.0
6467.3			1.0
6468.200000000001			1.0
6469.1			1.0
6470.0			1.0
6470.9			1.0
6471.8			1.0
6472.700000000001			1.0
6473.6			1.0
6474.5			1.0
6475.4			1.0
6476.3			1.0
6477.200000000001			1.0
6478.1			1.0
6479.0			1.0
6479.9			0.9872780034081834
6480.8			0.943941825591476
6481.700000000001			0.893778922545338
6482.6			0.8823280530582434
6483.5			0.9155016126914958
6484.4			0.9608958854706905
6485.3			0.9975384968701406
6486.200000000001			1.0
6487.1			1.0114591830081257
6488.0			1.0105533206311488
6488.9			0.98745440387901
6489.8			0.9541006415371794
6490.700000000001			0.9451985262719862
6491.6			0.9575316825300727
6492.5			0.9371178040247706
6493.4			0.8580470316879379
6494.3			0.7783544950428658
6495.200000000001			0.7614545598542981
6496.1			0.789750027275119
6497.0			0.8214415175488176
6497.9			0.8470749171688767
6498.8			0.8671465215297561
6499.700000000001			0.9018771793624791
6500.6			0.9500800427408619
6501.5			0.9797259691032368
6502.4			0.9945295081623907
6503.3			1.003006735833101
6504.200000000001			1.0
6505.1			1.0
6506.0			1.0
6506.9			0.975343694615159
6507.8			0.9379902476742956
6508.700000000001			0.9316225772492549
6509.6			0.965074442647042
6510.5			1.000132217423034
6511.4			1.0
6512.3			1.0
6513.200000000001			1.0
6514.1			0.9836165224981258
6515.0			0.9608099806758542
6515.9			0.949860662148814
6516.8			0.9406562625273158
6517.700000000001			0.923743098425148
6518.6			0.9247180288250886
6519.5			0.9591481141112749
6520.4			0.9941723311722466
6521.3			1.0019386798797973
6522.200000000001			1.0
6523.1			1.0
6524.0			1.0
6524.9			1.0
6525.8			1.0
6526.700000000001			1.0
6527.6			1.0
6528.5			1.0
6529.4			1.0
6530.3			1.0
6531.200000000001			1.0
6532.1			1.0
6533.0			1.0
6533.9			1.0
6534.8			1.0
6535.700000000001			1.0
6536.6			1.0
6537.5			1.0
6538.4			1.0
6539.3			1.0
6540.200000000001			1.0
6541.1			1.0
6542.0			1.0
6542.9			1.0
6543.8			1.0
6544.700000000001			1.0
6545.6			1.0
6546.5			1.0
6547.4			1.0
6548.3			1.0
6549.200000000001			1.0
6550.1			1.0
6551.0			1.0
6551.9			1.0
6552.8			1.0
6553.700000000001			1.0
6554.6			1.0
6555.5			1.0
6556.4			1.0
6557.3			1.0
6558.200000000001			1.0
6559.1			1.0
6560.0			0.9887148563103487
6560.9			0.8806294235750476
6561.8			0.6917871515273615
6562.700000000001			0.5927187911919701
6563.6			0.7048492913423225
6564.5			0.8941147851749552
6565.4			0.9994041927857399
6566.3			1.0
6567.200000000001			1.0
6568.1			1.0
6569.0			1.0
6569.9			0.9946569816819822
6570.8			0.9983844539608528
6571.700000000001			0.966382929371529
6572.6			0.9163296764764549
6573.5			0.8891244967339594
6574.4			0.8915682307094692
6575.3			0.9227621125895438
6576.200000000001			0.9716576406869755
6577.1			1.0003093357938062
6578.0			1.0
6578.9			1.0
6579.8			1.0
6580.700000000001			1.0
6581.6			1.0
6582.5			1.0
6583.4			1.0
6584.3			1.0
6585.200000000001			1.0
6586.1			1.0
6587.0			1.0
6587.9			1.0
6588.8			1.0
6589.700000000001			1.0
6590.6			0.9780151832487899
6591.5			0.9228511006129638
6592.4			0.8632334167452314
6593.3			0.8524103495311126
6594.200000000001			0.9025643670574207
6595.1			0.9657620860180847
6596.0			0.9964283874653005
6596.9			1.0
6597.8			1.0
6598.700000000001			1.0
6599.6			1.0
6600.5			1.0
6601.4			1.0
6602.3			1.0
6603.200000000001			1.0
6604.1			0.9750113542921363
6605.0			0.9495187401758476
6605.9			0.9361983157645674
6606.8			0.9278888888605208
6607.700000000001			0.9060221945445092
6608.6			0.8878150980892806
6609.5			0.9177079594093879
6610.4			0.9903934465668008
6611.3			1.0388381145766332
6612.200000000001			1.0280808361165923
6613.1			0.9977065971846952
6614.0			1.0
6614.9			1.0
6615.8			1.0
6616.700000000001			1.0
6617.6			1.0
6618.5			1.0
6619.4			1.0
6620.3			1.0
6621.200000000001			1.0
6622.1			0.9723731159485623
6623.0			0.9323814220669758
6623.9			0.8948837472340524
6624.8			0.8939454556864445
6625.700000000001			0.9417857514143964
6626.6			0.9911522100287118
6627.5			1.0
6628.4			0.9854072686026477
6629.3			0.9684083783874556
6630.200000000001			0.9646631099606745
6631.1			0.9676234827327296
6632.0			0.9589187757989882
6632.9			0.942765434561196
6633.8			0.9435859288041561
6634.700000000001			0.9697773149779485
6635.6			1.0006579798136683
6636.5			1.018524323973163
6637.4			1.0224834465382877
6638.3			1.013054445838065
6639.200000000001			1.0007984770694698
6640.1			1.0
6641.0			1.0
6641.9			1.0
6642.8			1.0
6643.700000000001			1.0
6644.6			1.0
6645.5			1.0
6646.4			1.0
6647.3			1.0
6648.200000000001			1.0
6649.1			1.0
6650.0			1.0
6650.9			1.0
6651.8			1.0
6652.700000000001			1.0
6653.6			1.0
6654.5			1.002747164184966
6655.4			0.9979488824689049
6656.3			0.9876678058798807
6657.200000000001			0.9822459486558378
6658.1			0.985553230891558
6659.0			0.985784868295972
6659.9			0.9770075291557815
6660.8			0.9609790694828427
6661.700000000001			0.9349569672679775
6662.6			0.9084022906053223
6663.5			0.9079754446671328
6664.4			0.9284576012252015
6665.3			0.9291324033506266
6666.200000000001			0.9086712457028971
6667.1			0.9057483467232513
6668.0			0.933764418188313
6668.9			0.971489055122102
6669.8			0.9956659839658863
6670.700000000001			0.9993555718055607
6671.6			1.0
6672.5			1.0
6673.4			0.9983461551879884
6674.3			0.9997131771886528
6675.200000000001			0.99086931209951
6676.1			0.9494913258088707
6677.0			0.8848922699763488
6677.9			0.8526355431139326
6678.8			0.8825962467879366
6679.700000000001			0.9222998228604167
6680.6			0.9225715524609113
6681.5			0.9121899410188461
6682.4			0.9253583425059018
6683.3			0.9485341949023427
6684.200000000001			0.9609031781247582
6685.1			0.9580471332761918
6686.0			0.945800572602476
6686.9			0.930685592418704
6687.8			0.924324978537003
6688.700000000001			0.9348778186172906
6689.6			0.94943164150627
6690.5			0.9537557695309504
6691.4			0.951460885699289
6692.3			0.9512991918539592
6693.200000000001			0.9541920765935642
6694.1			0.9501156039625672
6695.0			0.9300593366296064
6695.9			0.9077386117138629
6696.8			0.9072183372191541
6697.700000000001			0.9263349326425202
6698.6			0.9495782609572959
6699.5			0.9736537250159865
6700.4			0.9883175397551146
6701.3			0.9831885738380424
6702.200000000001			0.9667551399449777
6703.1			0.9495748986998072
6704.0			0.9409628999721733
6704.9			0.9479022380235224
6705.8			0.9652611478836983
6706.700000000001			0.9798891873844608
6707.6			0.9813989902671998
6708.5			0.9686116631650131
6709.4			0.9500235383308824
6710.3			0.9435005841354509
6711.200000000001			0.9549724557755157
6712.1			0.9611127707382343
6713.0			0.9445064795070187
6713.9			0.9123484902472742
6714.8			0.8785519021638211
6715.700000000001			0.8517535812568892
6716.6			0.8381301981225632
6717.5			0.8477777227544396
6718.4			0.883488526707316
6719.3			0.9194964312807542
6720.200000000001			0.9311260209124063
6721.1			0.9282685253169091
6722.0			0.9291371395069042
6722.9			0.936602990851417
6723.8			0.9392591958438956
6724.700000000001			0.9294466660893317
6725.6			0.9182459065113657
6726.5			0.9195647925452071
6727.4			0.9335297974449779
6728.3			0.9479595051267014
6729.200000000001			0.9577824143748846
6730.1			0.9617643153780796
6731.0			0.9580246186030299
6731.9			0.9526192835483517
6732.8			0.9515266800826797
6733.700000000001			0.9522662016141415
6734.6			0.9540543189302835
6735.5			0.9592150625162781
6736.4			0.9602162808670353
6737.3			0.9467063361525097
6738.200000000001			0.9239486218369747
6739.1			0.9129734034522023
6740.0			0.9272708051598306
6740.9			0.9439351867212826
6741.8			0.9330975235968916
6742.700000000001			0.91394899904034
6743.6			0.920438347977589
6744.5			0.9357434064237165
6745.4			0.9286328737306433
6746.3			0.9112388661678231
6747.200000000001			0.9034780827377762
6748.1			0.9013590608644164
6749.0			1.0
6749.9			1.0052794577014932
6750.8			1.0012767165298226
6751.700000000001			0.9675284802005155
6752.6			0.930459342815306
6753.5			0.9406176615420121
6754.4			0.9805860891981607
6755.3			1.0049701040244654
6756.200000000001			0.9725115746856842
6757.1			0.9938747441417728
6758.0			1.0042237615200837
6758.9			1.00398764634183
6759.8			0.9997846764600906
6760.700000000001			1.0
6761.6			1.0
6762.5			1.0
6763.4			1.0
6764.3			1.0014120160002422
6765.200000000001			0.9754226828894923
6766.1			0.9436996199242093
6767.0			0.941988533658584
6767.9			0.9733236805393225
6768.8			0.9986926752441408
6769.700000000001			0.9995782516502413
6770.6			1.0
6771.5			1.0
6772.4			1.0
6773.3			1.0
6774.200000000001			1.0
6775.1			1.0
6776.0			1.0
6776.9			1.0
6777.8			1.0
6778.700000000001			1.0120829685162571
6779.6			1.016037683321873
6780.5			0.9979565812243869
6781.4			0.9598455881347556
6782.3			0.9162319169847957
6783.200000000001			0.8867131963056372
6784.1			0.8848209310056636
6785.0			0.9064718973164955
6785.9			0.9404422698705619
6786.8			0.9800654966266544
6787.700000000001			1.0090659787137155
6788.6			1.0120315730286673
6789.5			1.0046088875052173
6790.4			1.0
6791.3			1.0
6792.200000000001			1.0
6793.1			1.0
6794.0			1.0
6794.9			1.0
6795.8			1.0
6796.700000000001			1.0
6797.6			1.0
6798.5			1.0
6799.4			1.0
6800.3			1.0
6801.200000000001			1.0
6802.1			1.0
6803.0			1.0
6803.9			1.0
6804.8			1.0
6805.700000000001			1.0
6806.6			1.0
6807.5			1.0
6808.4			1.0
6809.3			1.0
6810.200000000001			1.0
6811.1			1.0
6812.0			1.0
6812.9			1.0
6813.8			1.0
6814.700000000001			1.0
6815.6			1.0
6816.5			1.0
6817.4			1.0
6818.3			1.0
6819.200000000001			1.0
6820.1			1.0
6821.0			1.0
6821.9			1.0
6822.8			1.0
6823.700000000001			1.0
6824.6			1.0
6825.5			1.0
6826.4			1.0
6827.3			1.0
6828.200000000001			1.0
6829.1			1.0
6830.0			1.0
6830.9			1.0
6831.8			1.0
6832.700000000001			1.0
6833.6			1.0
6834.5			1.0
6835.4			1.0
6836.3			1.0
6837.200000000001			0.9951069876065403
6838.1			0.9798832508278673
6839.0			0.9556894186059366
6839.9			0.934855046377515
6840.8			0.9244718874872949
6841.700000000001			0.9316953985006295
6842.6			0.9581658919602589
6843.5			0.9869954492432033
6844.4			1.0030230908304565
6845.3			1.0
6846.200000000001			1.0
6847.1			1.0
6848.0			1.0
6848.9			1.0
6849.8			1.0
6850.700000000001			1.0
6851.6			1.0
6852.5			1.0
6853.4			1.0
6854.3			1.0
6855.200000000001			1.0
6856.1			1.0
6857.0			1.007978850541611
6857.9			1.0114221248926187
6858.8			0.9986357939683616
6859.700000000001			0.959365989128107
6860.6			0.9142165850877799
6861.5			0.90613657368819
6862.4			0.9430834216153726
6863.3			0.9832706336522142
6864.200000000001			0.9911844099917113
6865.1			1.0
6866.0			1.0
6866.9			1.0
6867.8			1.0
6868.700000000001			1.0
6869.6			1.0
6870.5			1.0
6871.4			1.0
6872.3			1.0
6873.200000000001			1.0
6874.1			1.0
6875.0			1.0
6875.9			1.0
6876.8			1.0
6877.700000000001			1.0
6878.6			1.0
6879.5			0.9977667333729249
6880.4			0.9819307550819382
6881.3			0.9560053433019086
6882.200000000001			0.9312500440415329
6883.1			0.9313693827580365
6884.0			0.9603929197568043
6884.9			0.9848574660313225
6885.8			0.989723539061069
6886.700000000001			1.0022782859712933
6887.6			1.0
6888.5			1.0
6889.4			1.0
6890.3			1.0
6891.200000000001			1.0
6892.1			1.0
6893.0			1.0
6893.9			1.0
6894.8			1.0
6895.700000000001			1.0
6896.6			1.0
6897.5			1.0
6898.4			1.0
6899.3			0.9715092760761519
6900.200000000001			0.9507587216019443
6901.1			0.9950345952916444
6902.0			1.0
6902.9			1.0
6903.8			1.0
6904.700000000001			1.0
6905.6			1.0
6906.5			1.0
6907.4			1.0
6908.3			1.0
6909.200000000001			1.0
6910.1			1.0041432820364975
6911.0			0.9986384570578826
6911.9			0.9777487969995942
6912.8			0.9510065760514603
6913.700000000001			0.9459240221194841
6914.6			0.9764068744493544
6915.5			1.0068467927938258
6916.4			1.008304890706445
6917.3			1.0013919434572325
6918.200000000001			1.0
6919.1			1.0
6920.0			1.0
6920.9			1.0184771687907166
6921.8			1.01448595554014
6922.700000000001			0.9834638076259822
6923.6			0.941128914681628
6924.5			0.9188151744831249
6925.4			0.93018914413049
6926.3			0.9638887141172559
6927.200000000001			0.9933475896502196
6928.1			1.0003368459275992
6929.0			1.0
6929.9			1.0
6930.8			1.0
6931.700000000001			1.0
6932.6			1.0
6933.5			1.0
6934.4			1.0
6935.3			1.0
6936.200000000001			1.0
6937.1			1.0
6938.0			1.0
6938.9			1.0
6939.8			1.0
6940.700000000001			1.0
6941.6			0.9901994768822442
6942.5			0.9680789831720782
6943.4			0.9465601421744271
6944.3			0.940187176869221
6945.200000000001			0.9577678356743339
6946.1			0.9864951489676769
6947.0			0.999601950093599
6947.9			1.0
6948.8			1.0
6949.700000000001			1.0
6950.6			1.0
6951.5			1.0
6952.4			1.0
6953.3			1.0
6954.200000000001			1.0
6955.1			1.0
6956.0			1.0
6956.9			1.0
6957.8			1.0
6958.700000000001			1.0
6959.6			1.0
6960.5			1.0
6961.4			1.0
6962.3			1.0
6963.200000000001			1.0
6964.1			1.0
6965.0			1.0
6965.9			1.0
6966.8			1.0
6967.700000000001			1.0
6968.6			1.0
6969.5			1.0
6970.4			1.0
6971.3			1.0
6972.200000000001			1.0
6973.1			1.0
6974.0			1.0
6974.9			0.9776457086339675
6975.8			0.9557169705784216
6976.700000000001			0.9137110760953688
6977.6			0.8567873381664384
6978.5			0.8369750304448786
6979.4			0.880319606763358
6980.3			0.9426551150124834
6981.200000000001			0.9807247258559858
6982.1			0.9999700732283673
6983.0			1.0
6983.9			1.0
6984.8			1.0
6985.700000000001			1.0
6986.6			0.9896951414292064
6987.5			0.9721722861997595
6988.4			0.9472475841881234
6989.3			0.9303783584420653
6990.200000000001			0.9424115261064793
6991.1			0.9774190812953213
6992.0			1.000520611059532
6992.9			1.0
6993.8			1.0
6994.700000000001			1.0
6995.6			1.0
6996.5			1.0
6997.4			1.0
6998.3			1.0
6999.200000000001			1.0
7000.1			1.0
7001.0			1.0297800873338585
7001.9			1.0511742767297658
7002.8			1.043637769872573
7003.700000000001			1.0069650024753336
7004.6			0.9774743530714973
7005.5			0.9812038332371397
7006.4			0.994255998413293
7007.3			0.9971977576502351
7008.200000000001			1.0023349091036522
7009.1			1.0
7010.0			1.0
7010.9			1.0
7011.8			1.0
7012.700000000001			1.0131589014716629
7013.6			0.9863047587846072
7014.5			0.9211939734230253
7015.4			0.8624322730704255
7016.3			0.869717733421051
7017.200000000001			0.9398532086034744
7018.1			0.9993948781567915
7019.0			1.0
7019.9			1.0
7020.8			1.0
7021.700000000001			1.0
7022.6			1.0
7023.5			1.0
7024.4			1.0
7025.3			1.0
7026.200000000001			1.0
7027.1			1.0
7028.0			1.0
7028.9			1.0
7029.8			1.0
7030.700000000001			1.0
7031.6			1.0
7032.5			1.0
7033.4			1.0
7034.3			1.0
7035.200000000001			1.0
7036.1			1.0
7037.0			0.9448708359006339
7037.9			0.9020579952017392
7038.8			0.9309810784721111
7039.700000000001			1.003353091627834
7040.6			1.0575335847228355
7041.5			1.0771467650651148
7042.4			1.070382446454688
7043.3			1.0470506200196543
7044.200000000001			1.023748736106328
7045.1			1.023852828405599
7046.0			1.045836986952473
7046.9			1.071392005052828
7047.8			1.092302416372417
7048.700000000001			1.0977251017385814
7049.6			1.0822404824703906
7050.5			1.0479188062871667
7051.4			0.9934726021431073
7052.3			0.9274439122592741
7053.200000000001			0.8731070304479545
7054.1			0.8532142230761465
7055.0			0.8797868340185999
7055.9			0.9266638017637975
7056.8			0.9526504286645294
7057.700000000001			0.9457100527177346
7058.6			0.9143768336529556
7059.5			0.8845484286493561
7060.4			0.8794779932814698
7061.3			0.8885453142161859
7062.200000000001			0.8923060112552789
7063.1			0.8947512096974939
7064.0			0.8918592002037181
7064.9			0.8730180149285661
7065.8			0.853842157349902
7066.700000000001			0.8432620282975499
7067.6			0.8373683526896318
7068.5			0.8489541410848765
7069.4			0.8876493481642166
7070.3			0.9261165532446547
7071.200000000001			0.9396649404163262
7072.1			0.9432086012425391
7073.0			0.9529031316995167
7073.9			0.960114450645086
7074.8			0.9607552162526543
7075.700000000001			0.9619248730859037
7076.6			0.9684348365489546
7077.5			0.978062336319686
7078.4			0.9871956936912563
7079.3			1.0014193320995934
7080.200000000001			1.0123573466166904
7081.1			1.002085968408452
7082.0			0.9673361327942442
7082.9			0.9152822654209382
7083.8			0.8742083595059518
7084.700000000001			0.8742665748170741
7085.6			0.8797918313598904
7086.5			0.8386817654713598
7087.4			0.7876417295731976
7088.3			0.7817122772162771
7089.200000000001			0.8080026195118718
7090.1			0.840382094495276
7091.0			0.8620947637666626
7091.9			0.8580003978733691
7092.8			0.8432316054316106
7093.700000000001			0.83309033759963
7094.6			0.8254524857557999
7095.5			0.8242164673954752
7096.4			0.8297400770615376
7097.3			0.8440372869825793
7098.200000000001			0.8661576492472827
7099.1			0.8796760411213392
7100.0			0.8707101574479273
7100.9			0.8441310376032474
7101.8			0.8148771711717107
7102.700000000001			0.8073062798942326
7103.6			0.8369365118480921
7104.5			0.8772616644668237
7105.4			0.8909123370808194
7106.3			0.8848717797799924
7107.200000000001			0.8871548565234657
7108.1			0.8944220385379344
7109.0			0.8796250062267935
7109.9			0.8450252596125591
7110.8			0.8269014529833061
7111.700000000001			0.8473056688050612
7112.6			0.8836715222313811
7113.5			0.9013986786813742
7114.4			0.9069849757380325
7115.3			0.9195862600676988
7116.200000000001			0.925684137323529
7117.1			0.9216146592756386
7118.0			0.9210902354898752
7118.9			0.9223060848015239
7119.8			0.9250294025176172
7120.700000000001			0.9251274966292844
7121.6			0.9216677492870996
7122.5			0.9229579420589187
7123.4			0.9015590602262841
7124.3			0.8329932539767486
7125.200000000001			0.76501754366977
7126.1			0.7555466865093983
7127.0			0.7986682221675188
7127.9			0.8270125473931734
7128.8			0.81368153648678
7129.700000000001			0.778074609679401
7130.6			0.7617844903387616
7131.5			0.7831073201640588
7132.4			0.8193860848425781
7133.3			0.8475242878405221
7134.200000000001			0.8590643259848093
7135.1			0.860472116640037
7136.0			0.8619615480592376
7136.9			0.853293553233866
7137.8			0.8339305562802262
7138.700000000001			0.8333081778609179
7139.6			0.8608892367519494
7140.5			0.8869620244783403
7141.4			0.892102595989273
7142.3			0.8909273100224194
7143.200000000001			0.894260729146471
7144.1			0.8997291332447649
7145.0			0.9057495406138223
7145.9			0.9025492541942904
7146.8			0.8810172817985905
7147.700000000001			0.8655368537303535
7148.6			0.8766302022080722
7149.5			0.8939329133792262
7150.4			0.9042318423011546
7151.3			0.9239492090632361
7152.200000000001			0.9477658364029387
7153.1			1.0
7154.0			0.9815514009302186
7154.9			0.9798526590095185
7155.8			1.008914040145826
7156.700000000001			1.0283310023432655
7157.6			1.003486722851259
7158.5			0.9640944718549814
7159.4			0.9503574598920399
7160.3			0.970651138216002
7161.200000000001			1.0024580190962464
7162.1			1.0082025204320721
7163.0			0.9812127999862768
7163.9			0.954496801881226
7164.8			0.9606046992297879
7165.700000000001			0.9924241513566875
7166.6			1.0144290120642998
7167.5			1.0075067872670123
7168.4			0.9895342481227578
7169.3			0.9970531369888628
7170.200000000001			1.0274484275305127
7171.1			1.0526110106290567
7172.0			1.0642784390275593
7172.9			1.0588748551887466
7173.8			1.047041406615347
7174.700000000001			1.0426917322302336
7175.6			1.0451848128101087
7176.5			1.0554879317797141
7177.4			1.0636050652740177
7178.3			1.0459750944634516
7179.200000000001			1.0087681827114083
7180.1			0.9835778796142822
7181.0			0.9974573359492896
7181.9			1.0538147657213803
7182.8			1.1234329257348925
7183.700000000001			1.1578458289002767
7184.6			1.1366306029107225
7185.5			1.0903833590232141
7186.4			1.0310578047308028
7187.3			0.9750449440180861
7188.200000000001			0.9731591465960304
7189.1			1.0202070227813016
7190.0			1.078101327504683
7190.9			1.1018303120785369
7191.8			1.0795020245831877
7192.700000000001			1.0758198133964028
7193.6			1.1066318084857032
7194.5			1.1180422301186483
7195.4			1.0939965937068983
7196.3			1.0538385242513435
7197.200000000001			1.044958439076023
7198.1			1.083154341717669
7199.0			1.1331536287827957
7199.9			1.1486254596421681
7200.8			1.123511937715022
7201.700000000001			1.1220817272844321
7202.6			1.1725023064678544
7203.5			1.2107211139677676
7204.4			1.203841913019741
7205.3			1.1684172415081187
7206.200000000001			1.112619537102403
7207.1			1.0731830150028128
7208.0			1.079975810360471
7208.9			1.108229683810462
7209.8			1.1529966219515553
7210.700000000001			1.191335879197216
7211.6			1.1856719954736987
7212.5			1.1639025646197956
7213.4			1.1578418677020095
7214.3			1.159102657440095
7215.200000000001			1.1574125495832785
7216.1			1.1761657723347954
7217.0			1.2231432251420664
7217.9			1.254737620541581
7218.8			1.2484354886800844
7219.700000000001			1.2345885455777013
7220.6			1.2314418956088042
7221.5			1.2308996528116576
7222.4			1.2285520165644195
7223.3			1.2478294357644628
7224.200000000001			1.291066704098704
7225.1			1.31846462084109
7226.0			1.3186596492394536
7226.9			1.2926208719205259
7227.8			1.2552564779703763
7228.700000000001			1.2618638665267274
7229.6			1.3035918346162134
7230.5			1.3332250581906053
7231.4			1.34383891673511
7232.3			1.3404747618017137
7233.200000000001			1.3413635730313542
7234.1			1.3340339404782535
7235.0			1.2794781676812785
7235.9			1.240993347065158
7236.8			1.2710011278798499
7237.700000000001			1.3100210168911879
7238.6			1.32017250045372
7239.5			1.306337137938027
7240.4			1.295719061241539
7241.3			1.3142270578805144
7242.200000000001			1.3314606762304122
7243.1			1.294465651960449
7244.0			1.247708144979882
7244.9			1.2771590966786808
7245.8			1.3483078759328664
7246.700000000001			1.398744546392944
7247.6			1.4217621130881344
7248.5			1.4146135760490306
7249.4			1.3790347015162991
7250.3			1.3319041306501969
7251.200000000001			1.3129097823127933
7252.1			1.3259282783212771
7253.0			1.3372731294093207
7253.9			1.3737060320754255
7254.8			1.4453449396133342
7255.700000000001			1.4967242982294786
7256.6			1.5013767027551619
7257.5			1.474438130040153
7258.4			1.4519356830878771
7259.3			1.415995217729867
7260.200000000001			1.3435606144586794
7261.1			1.3220488300021158
7262.0			1.3979059665614273
7262.9			1.4704675665786364
7263.8			1.4930448639575074
7264.700000000001			1.486262487903353
7265.6			1.4803282409305953
7266.5			1.5027464909666777
7267.4			1.523079386962759
7268.3			1.5164896477583019
7269.200000000001			1.4892424367785673
7270.1			1.4558977126290322
7271.0			1.4563487746507484
7271.9			1.4864014371920458
7272.8			1.5081495899719077
7273.700000000001			1.5349468062886902
7274.6			1.5685901436512226
7275.5			1.5753471873089584
7276.4			1.5506533980908792
7277.3			1.5154376880774583
7278.200000000001			1.5034128588683875
7279.1			1.5068375813655834
7280.0			1.4823637404807384
7280.9			1.4401907374154397
7281.8			1.4297157664994753
7282.700000000001			1.4545627227224356
7283.6			1.4847875865404114
7284.5			1.5272985877348146
7285.4			1.5806140988370705
7286.3			1.592641293348884
7287.200000000001			1.5472551543777686
7288.1			1.5165582156134405
7289.0			1.522046008996492
7289.9			1.4809273572772306
7290.8			1.420953631148259
7291.700000000001			1.4411241704037085
7292.6			1.5158343293467593
7293.5			1.5902140082042528
7294.4			1.6555345266430126
7295.3			1.69953611367464
7296.200000000001			1.7014318260083636
7297.1			1.6598950464323383
7298.0			1.6127936076074847
7298.9			1.5951907932766074
7299.8			1.6234271063949144
7300.700000000001			1.6716614864239645
7301.6			1.6936466436054367
7302.5			1.692174763473333
7303.4			1.6883646767914005
7304.3			1.6803688527822755
7305.200000000001			1.6624129436688444
7306.1			1.6536242603224867
7307.0			1.6687372168877561
7307.9			1.701708877780569
7308.8			1.7142043964507567
7309.700000000001			1.6760531391935638
7310.6			1.6493269739203669
7311.5			1.6850128420585948
7312.4			1.7372281019381497
7313.3			1.752549489977551
7314.200000000001			1.720319763650766
7315.1			1.6692980709728764
7316.0			1.6401171669816437
7316.9			1.6435185843974027
7317.8			1.6739967391513697
7318.700000000001			1.7205641280214699
7319.6			1.7552695239789564
7320.5			1.7665604041351155
7321.4			1.7508869026986107
7322.3			1.7094473729648296
7323.200000000001			1.6787094562701488
7324.1			1.6708032959344976
7325.0			1.6745443436042788
7325.9			1.7211000574895836
7326.8			1.7983307701806475
7327.700000000001			1.829933552489085
7328.6			1.8131960214321372
7329.5			1.7854973333802706
7330.4			1.7719131265912202
7331.3			1.7828151177606444
7332.200000000001			1.803109675822756
7333.1			1.818627982617313
7334.0			1.8365722346243825
7334.9			1.8660007153805516
7335.8			1.899805071814298
7336.700000000001			1.916794673841132
7337.6			1.9190524639560664
7338.5			1.936467138737912
7339.4			1.9719829617248459
7340.3			1.9936560281657028
7341.200000000001			1.9687093347731341
7342.1			1.8874708087450744
7343.0			1.7994328050163975
7343.9			1.800242957376914
7344.8			1.8886338882321396
7345.700000000001			1.9689014174378632
7346.6			2.0169508047095728
7347.5			2.044209078796303
7348.4			2.015022616565003
7349.3			1.9385182138927837
7350.200000000001			1.8957499503311077
7351.1			1.919833123563513
7352.0			1.9497580408606936
7352.9			1.9247355102172639
7353.8			1.8443035647894668
7354.700000000001			1.7647670785249232
7355.6			1.7576417419767787
7356.5			1.8425382244869484
7357.4			1.9709984118936499
7358.3			2.053201859386778
7359.200000000001			2.028594492326754
7360.1			1.9335567888774214
7361.0			1.8515163860859483
7361.9			1.8336677260728116
7362.8			1.867762318662304
7363.700000000001			1.9211955900249449
7364.6			1.9614361954023836
7365.5			1.9913426483456913
7366.4			2.0393908681514
7367.3			2.077660739626734
7368.200000000001			2.0828183704701724
7369.1			2.100237505755195
7370.0			2.14453259898265
7370.9			2.166355949534175
7371.8			2.156557558891176
7372.700000000001			2.1434565141974082
7373.6			2.1394513036636504
7374.5			2.1423710275859613
7375.4			2.1640749739277454
7376.3			2.2042338404480795
7377.200000000001			2.2429326603001516
7378.1			2.2603472304883114
7379.0			2.2472381892688964
7379.9			2.193787973432117
7380.8			2.12351102237701
7381.700000000001			2.091453382986493
7382.6			2.0912480089639245
7383.5			2.0809459880449688
7384.4			2.070298232689745
7385.3			2.092759272449613
7386.200000000001			2.1203237506707158
7387.1			2.092565999058892
7388.0			2.0397356149469354
7388.9			2.046921944243222
7389.8			2.1165925678068858
7390.700000000001			2.1710007075684943
7391.6			2.173678526185607
7392.5			2.18559636291658
7393.4			2.2389745733753803
7394.3			2.2802531848740673
7395.200000000001			2.288248911824354
7396.1			2.275717866832321
7397.0			2.242918987824806
7397.9			2.1843468213990955
7398.8			2.147197467739921
7399.700000000001			2.1943893753900543
7400.6			2.299775976623829
7401.5			2.3993734882758915
7402.4			2.4414375455961297
7403.3			2.426960443958533
7404.200000000001			2.4021566307491358
7405.1			2.403327178247221
7406.0			2.402614535483552
7406.9			2.3601083845698274
7407.8			2.3197798563081116
7408.700000000001			2.3159477160251436
7409.6			2.364057519383442
7410.5			2.1833437200259453
7411.4			0.9886124771120273
7412.3			0.08702477554633993
7413.200000000001			1.3880026979792967e-05
7414.1			1.3932824883090251e-05
7415.0			1.3986025993505487e-05
7415.9			1.4039634947561987e-05
7416.8			1.4093656453144454e-05
7417.700000000001			1.4148095290877208e-05
7418.6			1.4202956315534461e-05
7419.5			1.4258244457483537e-05
7420.4			1.4313964724161959e-05
7421.3			1.437012220158926e-05
7422.200000000001			1.4426722055914556e-05
7423.1			1.4483769535000816e-05
7424.0			1.4541269970046893e-05
7424.9			1.459922877724832e-05
7425.8			1.4657651459497992e-05
7426.700000000001			1.4716543608127855e-05
7427.6			1.477591090469274e-05
7428.5			1.4835759122797565e-05
7429.4			1.0
