3500.0			1.0
3500.9			1.0
3501.8			1.0
3502.7			1.0
3503.6			1.0
3504.5			1.0
3505.4			1.0
3506.3			1.0
3507.2			1.0
3508.1			1.0
3509.0			1.0
3509.9			1.0
3510.8			1.0
3511.7			1.0
3512.6			1.0
3513.5			1.0
3514.4			1.0
3515.3			1.0
3516.2			1.0
3517.1			1.0
3518.0			1.0
3518.9			1.0
3519.8			1.0
3520.7			1.0
3521.6			1.0
3522.5			1.0
3523.4			1.0
3524.3			1.0
3525.2			1.0
3526.1			1.0
3527.0			1.0
3527.9			1.0
3528.8			1.0
3529.7			1.0
3530.6			1.0
3531.5			1.0
3532.4			1.0
3533.3			1.0
3534.2			1.0
3535.1			1.0
3536.0			1.0
3536.9			1.0
3537.8			1.0
3538.7			1.0
3539.6			1.0
3540.5			1.0
3541.4			1.0
3542.3			1.0
3543.2			1.0
3544.1			1.0
3545.0			1.0
3545.9			1.0
3546.8			1.0
3547.7			1.0
3548.6			1.0
3549.5			1.0
3550.4			1.0
3551.3			1.0
3552.2			1.0
3553.1			1.0
3554.0			1.0
3554.9			1.0
3555.8			1.0
3556.7			1.0
3557.6			1.0
3558.5			1.0
3559.4			1.0
3560.3			1.0
3561.2			1.0
3562.1			1.0
3563.0			1.0
3563.9			1.0
3564.8			1.0
3565.7			1.0
3566.6			1.0
3567.5			1.0
3568.4			1.0
3569.3			1.0
3570.2			1.0
3571.1			1.0
3572.0			1.0
3572.9			1.0
3573.8			1.0
3574.7			1.0
3575.6			1.0
3576.5			1.0
3577.4			1.0
3578.3			1.0
3579.2			1.0
3580.1			1.0
3581.0			1.0
3581.9			1.0
3582.8			1.0
3583.7			1.0
3584.6			1.0
3585.5			1.0
3586.4			1.0
3587.3			1.0
3588.2			1.0
3589.1			1.0
3590.0			1.0
3590.9			1.0
3591.8			1.0
3592.7			1.0
3593.6			1.0
3594.5			1.0
3595.4			1.0
3596.3			1.0
3597.2			1.0
3598.1			1.0
3599.0			1.0
3599.9			1.0
3600.8			1.0
3601.7			1.0
3602.6			1.0
3603.5			1.0
3604.4			1.0
3605.3			1.0
3606.2			1.0
3607.1			1.0
3608.0			1.0
3608.9			1.0
3609.8			1.0
3610.7			1.0
3611.6			1.0
3612.5			1.0
3613.4			1.0
3614.3			1.0
3615.2			1.0
3616.1			1.0
3617.0			1.0
3617.9			1.0
3618.8			1.0
3619.7			1.0
3620.6			1.0
3621.5			1.0
3622.4			1.0
3623.3			1.0
3624.2			1.0
3625.1			1.0
3626.0			1.0
3626.9			1.0
3627.8			1.0
3628.7			1.0
3629.6			1.0
3630.5			1.0
3631.4			1.0
3632.3			1.0
3633.2			1.0
3634.1			1.0
3635.0			1.0
3635.9			1.0
3636.8			1.0
3637.7			1.0
3638.6			1.0
3639.5			1.0
3640.4			1.0
3641.3			1.0
3642.2			1.0
3643.1			1.0
3644.0			1.0
3644.9			1.0
3645.8			1.0
3646.7			1.0
3647.6			1.0
3648.5			1.0
3649.4			1.0
3650.3			1.0
3651.2			1.0
3652.1			1.0
3653.0			1.0
3653.9			1.0
3654.8			1.0
3655.7			1.0
3656.6			1.0
3657.5			1.0
3658.4			1.0
3659.3			1.0
3660.2			1.0
3661.1			1.0
3662.0			1.0
3662.9			1.0
3663.8			1.0
3664.7			1.0
3665.6			1.0
3666.5			1.0
3667.4			1.0
3668.3			1.0
3669.2			1.0
3670.1			1.0
3671.0			1.0
3671.9			1.0
3672.8			1.0
3673.7			1.0
3674.6			1.0
3675.5			1.0
3676.4			1.0
3677.3			1.0
3678.2			1.0
3679.1			1.0
3680.0			1.0
3680.9			1.0
3681.8			1.0
3682.7			1.0
3683.6			1.0
3684.5			1.0
3685.4			1.0
3686.3			1.0
3687.2			1.0
3688.1			1.0
3689.0			1.0
3689.9			1.0
3690.8			1.0
3691.7			1.0
3692.6			1.0
3693.5			1.0
3694.4			1.0
3695.3			1.0
3696.2			1.0
3697.1			1.0
3698.0			1.0
3698.9			1.0
3699.8			1.0
3700.7			1.0
3701.6			1.0
3702.5			1.0
3703.4			1.0
3704.3			1.0
3705.2			1.0
3706.1			1.0
3707.0			1.0
3707.9			1.0
3708.8			1.0
3709.7			1.0
3710.6			1.0
3711.5			1.0
3712.4			1.0
3713.3			1.0
3714.2			1.0
3715.1			1.0
3716.0			1.0
3716.9			1.0
3717.8			1.0
3718.7			1.0
3719.6			1.0
3720.5			1.0
3721.4			1.0
3722.3			1.0
3723.2			1.0
3724.1			1.0
3725.0			1.0
3725.9			1.0
3726.8			1.0
3727.7			1.0
3728.6			1.0
3729.5			1.0
3730.4			1.0
3731.3			1.0
3732.2			1.0
3733.1			1.0
3734.0			1.0
3734.9			1.0
3735.8			1.0
3736.7			1.0
3737.6			1.0
3738.5			1.0
3739.4			1.0
3740.3			1.0
3741.2			1.0
3742.1			1.0
3743.0			1.0
3743.9			1.0
3744.8			1.0
3745.7			1.0
3746.6			1.0
3747.5			1.0
3748.4			1.0
3749.3			1.0
3750.2			1.0
3751.1			1.0
3752.0			1.0
3752.9			1.0
3753.8			1.0
3754.7			1.0
3755.6			1.0
3756.5			1.0
3757.4			1.0
3758.3			1.0
3759.2			1.0
3760.1			1.0
3761.0			1.0
3761.9			1.0
3762.8			1.0
3763.7			1.0
3764.6			1.0
3765.5			1.0
3766.4			1.0
3767.3			1.0
3768.2			1.0
3769.1			1.0
3770.0			1.0
3770.9			1.0
3771.8			1.0
3772.7			1.0
3773.6			1.0
3774.5			1.0
3775.4			1.0
3776.3			1.0
3777.2			1.0
3778.1			1.0
3779.0			1.0
3779.9			1.0
3780.8			1.0
3781.7			1.0
3782.6			1.0
3783.5			1.0
3784.4			1.0
3785.3			1.0
3786.2			1.0
3787.1			1.0
3788.0			1.0
3788.9			1.0
3789.8			1.0
3790.7			1.0
3791.6			1.0
3792.5			1.0
3793.4			1.0
3794.3			1.0
3795.2			1.0
3796.1			1.0
3797.0			1.0
3797.9			1.0
3798.8			1.0
3799.7			1.0
3800.6			1.0
3801.5			1.0
3802.4			1.0
3803.3			1.0
3804.2			1.0
3805.1			1.0
3806.0			1.0
3806.9			1.0
3807.8			1.0
3808.7			1.0
3809.6			1.0
3810.5			1.0
3811.4			1.0
3812.3			1.0
3813.2			1.0
3814.1			1.0
3815.0			1.0
3815.9			1.0
3816.8			1.0
3817.7			1.0
3818.6			1.0
3819.5			1.0
3820.4			1.0
3821.3			1.0
3822.2			1.0
3823.1			1.0
3824.0			1.0
3824.9			1.0
3825.8			1.0
3826.7			1.0
3827.6			1.0
3828.5			1.0
3829.4			1.0
3830.3			1.0
3831.2			1.0
3832.1			1.0
3833.0			1.0
3833.9			1.0
3834.8			1.0
3835.7			1.0
3836.6			1.0
3837.5			1.0
3838.4			1.0
3839.3			1.0
3840.2			1.0
3841.1			1.0
3842.0			1.0
3842.9			1.0
3843.8			1.0
3844.7			1.0
3845.6			1.0
3846.5			1.0
3847.4			1.0
3848.3			1.0
3849.2			1.0
3850.1			1.0
3851.0			1.0
3851.9			1.0
3852.8			1.0
3853.7			1.0
3854.6			1.0
3855.5			1.0
3856.4			1.0
3857.3			1.0
3858.2			1.0
3859.1			1.0
3860.0			1.0
3860.9			1.0
3861.8			1.0
3862.7			1.0
3863.6			1.0
3864.5			1.0
3865.4			1.0
3866.3			1.0
3867.2			1.0
3868.1			1.0
3869.0			1.0
3869.9			1.0
3870.8			1.0
3871.7			1.0
3872.6			1.0
3873.5			1.0
3874.4			1.0
3875.3			1.0
3876.2			1.0
3877.1			1.0
3878.0			1.0
3878.9			1.0
3879.8			1.0
3880.7			1.0
3881.6			1.0
3882.5			1.0
3883.4			1.0
3884.3			1.0
3885.2			1.0
3886.1			1.0
3887.0			1.0
3887.9			1.0
3888.8			1.0
3889.7			1.0
3890.6			1.0
3891.5			1.0
3892.4			1.0
3893.3			1.0
3894.2			1.0
3895.1			1.0
3896.0			1.0
3896.9			1.0
3897.8			1.0
3898.7			1.0
3899.6			1.0
3900.5			1.0
3901.4			1.0
3902.3			1.0
3903.2			1.0
3904.1			1.0
3905.0			1.0
3905.9			1.0
3906.8			1.0
3907.7			1.0
3908.6			1.0
3909.5			1.0
3910.4			1.0
3911.3			1.0
3912.2			1.0
3913.1			1.0
3914.0			1.0
3914.9			1.0
3915.8			1.0
3916.7			1.0
3917.6			1.0
3918.5			1.0
3919.4			1.0
3920.3			1.0
3921.2			1.0
3922.1			1.0
3923.0			1.0
3923.9			1.0
3924.8			1.0
3925.7			1.0
3926.6			1.0
3927.5			1.0
3928.4			1.0
3929.3			1.0
3930.2			1.0
3931.1			1.0
3932.0			1.0
3932.9			1.0
3933.8			1.0
3934.7			1.0
3935.6			1.0
3936.5			1.0
3937.4			1.0
3938.3			1.0
3939.2			1.0
3940.1			1.0
3941.0			1.0
3941.9			1.0
3942.8			1.0
3943.7			1.0
3944.6			1.0
3945.5			1.0
3946.4			1.0
3947.3			1.0
3948.2			1.0
3949.1			1.0
3950.0			1.0
3950.9			1.0
3951.8			1.0
3952.7			1.0
3953.6			1.0
3954.5			1.0
3955.4			1.0
3956.3			1.0
3957.2			1.0
3958.1			1.0
3959.0			1.0
3959.9			1.0
3960.8			1.0
3961.7			1.0
3962.6			1.0
3963.5			1.0
3964.4			1.0
3965.3			1.0
3966.2			1.0
3967.1			1.0
3968.0			1.0
3968.9			1.0
3969.8			1.0
3970.7			1.0
3971.6			1.0
3972.5			1.0
3973.4			1.0
3974.3			1.0
3975.2			1.0
3976.1			1.0
3977.0			1.0
3977.9			1.0
3978.8			1.0
3979.7			1.0
3980.6			1.0
3981.5			1.0
3982.4			1.0
3983.3			1.0
3984.2			1.0
3985.1			1.0
3986.0			1.0
3986.9			1.0
3987.8			1.0
3988.7			1.0
3989.6			1.0
3990.5			1.0
3991.4			1.0
3992.3			1.0
3993.2			1.0
3994.1			1.0
3995.0			1.0
3995.9			1.0
3996.8			1.0
3997.7			1.0
3998.6			1.0
3999.5			1.0
4000.4			1.0
4001.3			1.0
4002.2			1.0
4003.1			1.0466547391593286
4004.0			0.9720617879883442
4004.9			0.7948114401545276
4005.8			0.6997661633515331
4006.7			0.7742476200957711
4007.6			0.915107073592281
4008.5			1.0001494221623484
4009.4			1.0
4010.3			1.0
4011.2			1.0
4012.1			1.0
4013.0			1.0
4013.9			1.0
4014.8			1.0
4015.7			1.0
4016.6			1.0
4017.5			1.0
4018.4			1.0
4019.3			1.0
4020.2			1.0
4021.1			1.0
4022.0			1.0
4022.9			1.0
4023.8			1.0
4024.7			1.0
4025.6			1.0
4026.5			1.0
4027.4			1.0
4028.3			1.0310989706043947
4029.2			0.972445891260479
4030.1			0.8102988516633808
4031.0			0.684436520242344
4031.9			0.6503487625554393
4032.8			0.6280512424550564
4033.7			0.6217099222552973
4034.6			0.6665859448426754
4035.5			0.7643064671846175
4036.4			0.8953949328634772
4037.3			1.0066312194148521
4038.2			1.0427159688450336
4039.1			1.000053137283259
4040.0			1.0
4040.9			1.0
4041.8			1.0495052517631243
4042.7			1.076114011153731
4043.6			0.9397199874032637
4044.5			0.6851486120037633
4045.4			0.4909248198656498
4046.3			0.4950364223781988
4047.2			0.6816476800815268
4048.1			0.885599797276305
4049.0			0.9993405856525518
4049.9			1.0
4050.8			1.0
4051.7			1.0
4052.6			1.0
4053.5			1.0
4054.4			1.0
4055.3			1.0
4056.2			1.0
4057.1			1.0
4058.0			1.0
4058.9			1.02258341821483
4059.8			1.1560291634991822
4060.7			1.2360061711065582
4061.6			1.1443893371533453
4062.5			0.9085802707964827
4063.4			0.7028631339072537
4064.3			0.7078778244631894
4065.2			0.8617983096221559
4066.1			0.9518045710666867
4067.0			0.954347734798386
4067.9			1.004266097445668
4068.8			1.0
4069.7			1.0
4070.6			1.0
4071.5			1.0
4072.4			1.0
4073.3			1.0
4074.2			1.0
4075.1			0.960332467722602
4076.0			0.8614799153114577
4076.9			0.7685041169043596
4077.8			0.7456213868477567
4078.7			0.8023522620988723
4079.6			0.8983775631032965
4080.5			0.9948678497013137
4081.4			1.0
4082.3			1.0
4083.2			1.0
4084.1			1.0
4085.0			1.0
4085.9			1.0
4086.8			1.0
4087.7			1.0
4088.6			1.0
4089.5			1.0
4090.4			1.0
4091.3			1.0
4092.2			1.0
4093.1			1.0
4094.0			1.0134934393883406
4094.9			0.9559765575192074
4095.8			0.876839845122074
4096.7			0.8502189544765704
4097.6			0.8681649941542132
4098.5			0.8972202083762882
4099.4			0.8995253331840738
4100.3			0.8395470606996429
4101.2			0.7640585022188872
4102.1			0.766091318117068
4103.0			0.8410465730058353
4103.9			0.9079234872775935
4104.8			0.9645724321079389
4105.7			1.0419890147720636
4106.6			1.0954941413626922
4107.5			1.0917354007729962
4108.4			1.0580508537859308
4109.3			1.02114732122432
4110.2			0.9958584135646434
4111.1			1.0
4112.0			1.0
4112.9			1.0
4113.8			1.0
4114.7			1.0
4115.6			1.0
4116.5			1.0
4117.4			1.0
4118.3			1.0
4119.2			1.0
4120.1			1.0
4121.0			1.0
4121.9			1.0
4122.8			1.0
4123.7			1.0
4124.6			1.0
4125.5			1.0
4126.4			1.0
4127.3			1.0
4128.2			1.0
4129.1			0.9908718596191044
4130.0			0.967971360272024
4130.9			0.9038803847605988
4131.8			0.7929116105740013
4132.7			0.7320536348693542
4133.6			0.7448824541758491
4134.5			0.7986470076865048
4135.4			0.9123097690168626
4136.3			1.0033917420790246
4137.2			1.0
4138.1			1.0
4139.0			1.0277751476713748
4139.9			1.0529947341507573
4140.8			1.0545401152982412
4141.7			0.9774858579722103
4142.6			0.7986931449762238
4143.5			0.6541962873830538
4144.4			0.693673659593802
4145.3			0.8536570538941985
4146.2			0.9702347272186487
4147.1			1.0082874753952553
4148.0			1.0
4148.9			0.9557015850605287
4149.8			0.9009992928979937
4150.7			0.8827730257823446
4151.6			0.8878342233300349
4152.5			0.8968890100066633
4153.4			0.8803089305944224
4154.3			0.8415761795688791
4155.2			0.829459197598163
4156.1			0.8209632531918247
4157.0			0.8153953828723515
4157.9			0.8642341539901851
4158.8			0.9497467069558145
4159.7			1.0077119423849568
4160.6			1.0
4161.5			1.0222448616424606
4162.4			1.074471183666688
4163.3			1.0828390559055816
4164.2			1.0335939767863678
4165.1			0.9875786434360703
4166.0			0.9333132411480202
4166.9			0.8498955281266783
4167.8			0.8288246157140483
4168.7			0.9084687109736023
4169.6			0.9901418116440243
4170.5			0.9960347403418905
4171.4			0.917590815914058
4172.3			0.8102296224980462
4173.2			0.7706834545952592
4174.1			0.8146288340915371
4175.0			0.8627646464256651
4175.9			0.8676592154817775
4176.8			0.8378642301714079
4177.7			0.8092219619253158
4178.6			0.8249620468028799
4179.5			0.8637884416169178
4180.4			0.8648926835083094
4181.3			0.8321538072843166
4182.2			0.8211981916717648
4183.1			0.8536725841260405
4184.0			0.923697926330132
4184.9			1.0
4185.8			0.9928474981128703
4186.7			0.8675442471748783
4187.6			0.7794665270158714
4188.5			0.8496798542485823
4189.4			1.0
4190.3			1.0285818490407985
4191.2			0.9672660865736321
4192.1			0.9668728601131006
4193.0			1.041311697750761
4193.9			1.0465373669720113
4194.8			0.9363185593725794
4195.7			0.8113136577937099
4196.6			0.7512127811430668
4197.5			0.7251076395823342
4198.4			0.7116763812030659
4199.3			0.7509501549990754
4200.2			0.8008370382056069
4201.1			0.7781991727637416
4202.0			0.7407833792262154
4202.9			0.7801813665511419
4203.8			0.8630819695904257
4204.7			0.9336701113620524
4205.6			0.9787083264136599
4206.5			0.9978500716310958
4207.4			1.0
4208.3			1.0
4209.2			1.0
4210.1			1.0
4211.0			1.0
4211.9			1.0
4212.8			1.0100035746290743
4213.7			0.9231816061420334
4214.6			0.7785660005672804
4215.5			0.6855523606614553
4216.4			0.7458466081758087
4217.3			0.8931371244545089
4218.2			0.9931246005948421
4219.1			1.0
4220.0			1.0
4220.9			1.0
4221.8			1.0
4222.7			1.0
4223.6			0.8843406320866231
4224.5			0.7503249661981363
4225.4			0.5774380668547093
4226.3			0.41259052790390915
4227.2			0.39613667127090885
4228.1			0.5767759080794493
4229.0			1.0
4229.9			1.162302267641776
4230.8			1.2374594004457389
4231.7			1.2204175147874825
4232.6			1.0999002379081058
4233.5			0.9967407238311209
4234.4			0.971464827798838
4235.3			0.91523346753465
4236.2			0.8433847832817931
4237.1			0.8554951938803593
4238.0			0.8979545811577565
4238.9			0.8962871479046444
4239.8			0.8970868456615997
4240.7			0.9670132430248846
4241.6			1.033763569785688
4242.5			1.0089575589158677
4243.4			1.0
4244.3			1.0
4245.2			1.0
4246.1			1.0
4247.0			0.9279199488743488
4247.9			0.8673586806089406
4248.8			0.844818419277741
4249.7			0.7935994177256784
4250.6			0.7725941168552278
4251.5			0.9070362223365273
4252.4			1.0907610709479667
4253.3			1.117459577763392
4254.2			1.0205648562906509
4255.1			1.0
4256.0			1.0
4256.9			1.0
4257.8			1.011861907823346
4258.7			0.8970726743608705
4259.6			0.7378299133407488
4260.5			0.6321400528344026
4261.4			0.6784125686706021
4262.3			0.854426300781225
4263.2			1.0012477490354412
4264.1			1.0
4265.0			1.0
4265.9			1.0
4266.8			0.9732861961435179
4267.7			0.9141171724513097
4268.6			0.8669536641113921
4269.5			0.8068255411481995
4270.4			0.6830863186096885
4271.3			0.5459233681581545
4272.2			0.5158192064300743
4273.1			0.5830136586860546
4274.0			0.6218018239407882
4274.9			0.6369775117809009
4275.8			0.7298771335384375
4276.7			0.8800831841050046
4277.6			0.9972897572368807
4278.5			1.0
4279.4			0.9488357794131361
4280.3			0.8654278941550527
4281.2			0.8577805366704259
4282.1			0.9123745143302479
4283.0			0.98416689479171
4283.9			1.0
4284.8			1.0
4285.7			1.0
4286.6			1.0
4287.5			1.0225279138934376
4288.4			0.9601581422933017
4289.3			0.8169023759939819
4290.2			0.7388202996323967
4291.1			0.793032912384522
4292.0			1.0
4292.9			1.095031426898098
4293.8			1.0632778055190593
4294.7			0.9994246891863594
4295.6			1.0015509467986583
4296.5			0.9976501137387436
4297.4			0.9263674357040189
4298.3			0.8033937410250512
4299.2			0.6627719944712523
4300.1			0.5989403322752065
4301.0			0.6467039675938285
4301.9			0.7007153049055421
4302.8			0.7172383704794295
4303.7			0.73906811555928
4304.6			0.7469366156292571
4305.5			0.7192963173835233
4306.4			0.6675921006639022
4307.3			0.5876174589454461
4308.2			0.5224605060053595
4309.1			0.5341092514936353
4310.0			0.603799284783497
4310.9			0.6768397884152885
4311.8			0.7466543740877222
4312.7			0.8448482310691674
4313.6			0.9523899583061819
4314.5			1.0557218336751668
4315.4			1.2181897836984743
4316.3			1.4113046310348747
4317.2			1.5058118668905982
4318.1			1.4826254788061515
4319.0			1.4404682930011752
4319.9			1.4184626441928319
4320.8			1.0
4321.7			0.969043954827169
4322.6			0.8784510311538309
4323.5			0.7175731057755814
4324.4			0.5549821794128369
4325.3			0.4601197872777177
4326.2			0.49564437274561185
4327.1			0.6687827692124165
4328.0			0.8766258001901023
4328.9			0.9992039505457083
4329.8			1.0
4330.7			1.0
4331.6			1.0
4332.5			1.0
4333.4			1.0
4334.3			1.0
4335.2			1.036744685867183
4336.1			1.0051456457675327
4337.0			0.8767971199474797
4337.9			0.7532704310580451
4338.8			0.6943394935633834
4339.7			0.656687328304416
4340.6			0.6540936289795949
4341.5			0.7393429615149135
4342.4			0.8516869074612288
4343.3			0.894087228683198
4344.2			0.908346647870105
4345.1			0.9634234829509545
4346.0			1.003471778804297
4346.9			1.0
4347.8			1.0141326003837008
4348.7			1.0891770409575692
4349.6			1.13192444353621
4350.5			1.025543483361044
4351.4			0.8241231546281198
4352.3			0.7199135522449249
4353.2			0.7810899989458859
4354.1			0.8779412753835476
4355.0			0.917709846835943
4355.9			0.946463976745226
4356.8			1.0016821243858618
4357.7			1.0
4358.6			1.0
4359.5			1.0
4360.4			1.0
4361.3			1.0
4362.2			1.0
4363.1			1.0
4364.0			1.0
4364.9			1.0
4365.8			1.0
4366.7			1.0
4367.6			1.0
4368.5			1.0
4369.4			1.0
4370.3			1.0
4371.2			1.0
4372.1			1.0
4373.0			1.0
4373.9			1.0
4374.8			1.0
4375.7			1.0
4376.6			1.0
4377.5			1.0
4378.4			1.0
4379.3			0.9999169742553643
4380.2			0.9594973767227131
4381.1			0.906019043054299
4382.0			0.7997258083511148
4382.9			0.6133369662002471
4383.8			0.47632096934725854
4384.7			0.5313095184572552
4385.6			0.7507178826380086
4386.5			0.9555745299938941
4387.4			1.0245373437870695
4388.3			1.0180489398371397
4389.2			1.0
4390.1			1.0
4391.0			1.0
4391.9			1.0
4392.8			1.0
4393.7			1.0
4394.6			1.0
4395.5			1.0
4396.4			1.0
4397.3			1.0
4398.2			1.0
4399.1			1.0
4400.0			1.0
4400.9			0.9388078437760783
4401.8			0.9703449162869411
4402.7			0.9795025799047583
4403.6			0.8411610405635254
4404.5			0.6576147366808431
4405.4			0.6285571242906998
4406.3			0.7463852844419065
4407.2			0.838687417148455
4408.1			0.8578411824915682
4409.0			0.9035378008957087
4409.9			0.9972091985925866
4410.8			1.0
4411.7			1.0
4412.6			1.0242721926556329
4413.5			0.9782168197781321
4414.4			0.8448559530106108
4415.3			0.7452689198754986
4416.2			0.7818362236408611
4417.1			0.8929362548079939
4418.0			0.9973867095175636
4418.9			1.0
4419.8			1.0
4420.7			1.0
4421.6			1.0
4422.5			1.0
4423.4			1.0
4424.3			1.0
4425.2			1.0
4426.1			1.0
4427.0			1.0
4427.9			1.0
4428.8			1.0
4429.7			1.0
4430.6			1.0
4431.5			0.9963685588324678
4432.4			1.012228583175909
4433.3			0.9536872392925909
4434.2			0.8427778622096145
4435.1			0.7620533247670652
4436.0			0.7752743768115337
4436.9			0.8602360220375292
4437.8			0.9436271394001281
4438.7			0.9844079175643033
4439.6			1.0
4440.5			1.0
4441.4			1.0
4442.3			1.0
4443.2			1.0
4444.1			1.0
4445.0			1.0
4445.9			1.0543849007030757
4446.8			1.0213741573333883
4447.7			0.9858611470438334
4448.6			1.0084179990826774
4449.5			1.031242891245166
4450.4			1.0213935556032239
4451.3			1.0152797523902963
4452.2			1.0116806005363972
4453.1			0.9681483868905818
4454.0			0.869038857860128
4454.9			0.7788655401566855
4455.8			0.7747199038932062
4456.7			0.8251047673486757
4457.6			0.8511919111456865
4458.5			0.8387165105265817
4459.4			0.8338087460424656
4460.3			0.8373123693664644
4461.2			0.8137608566597483
4462.1			0.8245628002789998
4463.0			0.9235676349072944
4463.9			1.0149270775828807
4464.8			1.0250764285596674
4465.7			1.0033779485705694
4466.6			1.0
4467.5			1.0
4468.4			1.0
4469.3			1.0
4470.2			1.0
4471.1			1.0
4472.0			1.0
4472.9			1.0
4473.8			1.0
4474.7			1.0
4475.6			1.0
4476.5			1.0
4477.4			1.0
4478.3			1.0033194198132105
4479.2			0.9359133715672254
4480.1			0.8476838923793489
4481.0			0.7881527300576117
4481.9			0.7720979482848174
4482.8			0.814986023991761
4483.7			0.8920359239077089
4484.6			0.9585302937777367
4485.5			1.0001111425154052
4486.4			1.0
4487.3			1.0
4488.2			1.0
4489.1			1.0
4490.0			1.0
4490.9			1.0
4491.8			1.0503224116426229
4492.7			1.0562204685941772
4493.6			0.9765405717715931
4494.5			0.8818330775694955
4495.4			0.858304228415803
4496.3			0.8929698048673695
4497.2			0.9405303532524137
4498.1			0.9769835363155513
4499.0			0.9976502268170878
4499.9			1.0
4500.8			1.0
4501.7			1.0
4502.6			1.0
4503.5			1.0
4504.4			1.0
4505.3			1.0
4506.2			1.0
4507.1			1.0
4508.0			1.0
4508.9			1.0
4509.8			1.0
4510.7			1.0
4511.6			0.9802709680068388
4512.5			0.947855610568517
4513.4			0.9257720637426945
4514.3			0.9124325153793424
4515.2			0.9249348363634766
4516.1			0.9568578097359428
4517.0			1.0
4517.9			0.971097926916485
4518.8			0.9820297867083969
4519.7			1.0240298298544073
4520.6			1.065527209617184
4521.5			1.079454801415126
4522.4			1.0432338160697905
4523.3			1.005891581964706
4524.2			0.9830512425137523
4525.1			0.939469181261423
4526.0			0.877256990885022
4526.9			0.8210970488746054
4527.8			0.779960098772547
4528.7			0.764653267872656
4529.6			0.7884125682094801
4530.5			0.8210345048629099
4531.4			0.8588450511030338
4532.3			0.901815874233686
4533.2			0.9031454574922797
4534.1			0.8616035262925935
4535.0			0.8197934066810368
4535.9			0.8438520475877717
4536.8			1.0
4537.7			1.0989638402957131
4538.6			1.0906055967247923
4539.5			1.0288442757000442
4540.4			0.9802550023286462
4541.3			0.9703067967035237
4542.2			1.0040031565236147
4543.1			1.0382906086961414
4544.0			1.0190251728228534
4544.9			0.9669581548065046
4545.8			0.9414403150654885
4546.7			0.9492921301629775
4547.6			0.9561038881665773
4548.5			0.9294875230150431
4549.4			0.8899061026673879
4550.3			0.8968674666323241
4551.2			0.9333357606396185
4552.1			0.9414235618531142
4553.0			0.9306034747968133
4553.9			0.9161855736551184
4554.8			0.8941166817288165
4555.7			0.8914026993234636
4556.6			0.928950054567307
4557.5			0.9760287493222447
4558.4			1.0033936867994873
4559.3			1.0095101478561956
4560.2			1.0011681045623086
4561.1			1.000370024809745
4562.0			1.0
4562.9			0.9750242446723996
4563.8			0.9103334007726882
4564.7			0.8529625603204899
4565.6			0.8505040863411646
4566.5			0.9107390765337847
4567.4			0.9801000546949139
4568.3			1.0000724919589186
4569.2			1.0
4570.1			1.0
4571.0			1.0
4571.9			1.0
4572.8			1.0
4573.7			1.0
4574.6			1.0
4575.5			1.0
4576.4			1.0130393352374325
4577.3			1.016995943494304
4578.2			1.00110856013533
4579.1			0.9623294329161205
4580.0			1.0
4580.9			0.9581707611691117
4581.8			0.9869532447239934
4582.7			1.0442270837584622
4583.6			1.0672297753068118
4584.5			1.043503528545371
4585.4			0.9973340958435425
4586.3			0.9813082363530999
4587.2			1.028883104283416
4588.1			1.1049344514293573
4589.0			1.1544930207486632
4589.9			1.148087541443438
4590.8			1.0955734189103166
4591.7			1.0380450391938625
4592.6			1.0095619603566721
4593.5			1.008922597936135
4594.4			0.9985093777549745
4595.3			0.9715704797617498
4596.2			0.9572175722542484
4597.1			0.9545979472242585
4598.0			0.9658547988446694
4598.9			0.9897425443327794
4599.8			0.9841894083811088
4600.7			0.964619403067647
4601.6			0.9777792496129887
4602.5			1.0014109989156599
4603.4			1.0007572404181595
4604.3			0.9750854831715129
4605.2			0.9535548173787255
4606.1			0.9700121111066582
4607.0			1.013472159476463
4607.9			1.0628623864661273
4608.8			1.0997970160152277
4609.7			1.0916842585869329
4610.6			1.0411775769578815
4611.5			0.997957853604102
4612.4			1.0
4613.3			1.0
4614.2			1.0
4615.1			1.0
4616.0			1.0
4616.9			1.0
4617.8			1.0
4618.7			1.0
4619.6			1.0
4620.5			1.0
4621.4			1.0
4622.3			1.0
4623.2			1.0
4624.1			1.0
4625.0			1.0
4625.9			1.0
4626.8			1.0
4627.7			1.0
4628.6			1.0
4629.5			1.0
4630.4			1.0
4631.3			1.0
4632.2			1.0
4633.1			1.0
4634.0			1.0
4634.9			1.0
4635.8			1.0
4636.7			1.0
4637.6			1.0
4638.5			1.0
4639.4			1.0
4640.3			1.0
4641.2			1.0
4642.1			1.0266424786819432
4643.0			0.9998536427346403
4643.9			0.9610780786200246
4644.8			0.9323927424476207
4645.7			0.8829226116769554
4646.6			0.8271999848567192
4647.5			0.8093364865910779
4648.4			0.83071754992366
4649.3			0.8753692116201919
4650.2			0.9289501064163525
4651.1			0.9699991517009126
4652.0			0.9970185843169981
4652.9			1.0016365521286763
4653.8			1.0
4654.7			1.0
4655.6			1.0
4656.5			1.0
4657.4			1.0
4658.3			1.0
4659.2			1.0
4660.1			1.0
4661.0			0.9798774281376891
4661.9			0.9482029216072483
4662.8			0.9129958663319028
4663.7			0.8931000956336238
4664.6			0.8983870907268322
4665.5			0.8734148719775633
4666.4			0.7895087130917855
4667.3			0.7156164689818215
4668.2			0.7366704568773522
4669.1			0.8451316806827565
4670.0			0.960738384897764
4670.9			1.0237668377099045
4671.8			1.0273262585009766
4672.7			1.0025000689012888
4673.6			0.9970890302730195
4674.5			1.0
4675.4			1.0
4676.3			1.0
4677.2			1.0
4678.1			1.0
4679.0			1.0
4679.9			1.0
4680.8			1.0
4681.7			1.0
4682.6			1.0
4683.5			1.0
4684.4			1.0
4685.3			1.0
4686.2			1.0
4687.1			1.0
4688.0			1.0
4688.9			1.0
4689.8			1.0
4690.7			1.0
4691.6			1.0
4692.5			1.0
4693.4			1.0
4694.3			1.0
4695.2			1.0
4696.1			1.0
4697.0			0.9769017856400279
4697.9			0.9322748586488155
4698.8			0.9080361214893494
4699.7			0.9227434653661204
4700.6			0.9317029443123108
4701.5			0.9047929209726955
4702.4			0.8568038351199111
4703.3			0.8556179335390178
4704.2			0.9266022196292801
4705.1			0.9924035899478144
4706.0			0.9991298609005917
4706.9			0.9713416119799858
4707.8			0.9558967201101459
4708.7			0.9657746832442371
4709.6			0.9979206969051198
4710.5			1.0
4711.4			1.0
4712.3			0.982921888947874
4713.2			0.9323991000885958
4714.1			0.8827681536185884
4715.0			0.89924476837666
4715.9			0.995046562855436
4716.8			1.0
4717.7			1.0
4718.6			1.0
4719.5			1.0
4720.4			1.0
4721.3			1.0
4722.2			1.0
4723.1			1.0
4724.0			1.0321231433933098
4724.9			1.0598557607795411
4725.8			1.0533868983301216
4726.7			0.9935943980037779
4727.6			0.9149743114632461
4728.5			0.8720988082803872
4729.4			0.864417063554975
4730.3			0.8760434140604003
4731.2			0.9134189179750828
4732.1			0.9676764537469521
4733.0			0.9977874611183523
4733.9			1.0013851600197996
4734.8			0.9985569921479945
4735.7			1.0
4736.6			1.0
4737.5			1.0
4738.4			1.0
4739.3			1.0
4740.2			1.0
4741.1			1.0
4742.0			1.0
4742.9			1.0
4743.8			1.0
4744.7			1.0
4745.6			1.0
4746.5			1.0
4747.4			1.0
4748.3			1.0
4749.2			1.0
4750.1			1.0046010517187385
4751.0			0.9919455150522649
4751.9			0.9603452792611428
4752.8			0.9334331706513141
4753.7			0.9098564278962847
4754.6			0.8914930621512099
4755.5			0.8917327717381548
4756.4			0.9126089637147142
4757.3			0.9462441691601384
4758.2			0.9764015641554773
4759.1			1.000265240737047
4760.0			1.0
4760.9			0.9736636521631558
4761.8			0.9294166690083367
4762.7			0.9157459985297883
4763.6			0.9184839543428326
4764.5			0.8960773311159905
4765.4			0.8619219252021939
4766.3			0.8602638888670218
4767.2			0.90086332061048
4768.1			0.9617795655714027
4769.0			1.0254347341904886
4769.9			1.0553149029810667
4770.8			1.0286761548557908
4771.7			0.997924066239216
4772.6			1.0
4773.5			1.0452975249688352
4774.4			1.0835366628083973
4775.3			1.0770543830548394
4776.2			1.052531057463675
4777.1			1.0585851094932273
4778.0			1.0755371519561572
4778.9			1.068030306893678
4779.8			1.0510891284901427
4780.7			1.0418358607430203
4781.6			1.0186724887709144
4782.5			0.964724498072594
4783.4			0.9261610393673988
4784.3			0.94428961753067
4785.2			0.9589069906205983
4786.1			0.9290815609754169
4787.0			0.9193113805378341
4787.9			0.942889175505771
4788.8			0.9426653345562916
4789.7			0.9256017644222161
4790.6			0.9260781238536893
4791.5			0.9378457488399772
4792.4			0.9583978869467948
4793.3			0.9964201440254784
4794.2			1.0
4795.1			1.0
4796.0			1.0
4796.9			1.0
4797.8			1.0
4798.7			1.0
4799.6			1.0
4800.5			1.0
4801.4			1.0
4802.3			1.0
4803.2			1.0138100940307393
4804.1			0.9957626498812343
4805.0			0.9708269526556542
4805.9			0.9596098795205718
4806.8			0.941247794127478
4807.7			0.9146329991730769
4808.6			0.9187171447544766
4809.5			0.9580050509934933
4810.4			0.9933160730584645
4811.3			1.0040455868404312
4812.2			0.9974506104098939
4813.1			1.0
4814.0			1.0
4814.9			1.0
4815.8			1.0
4816.7			1.0
4817.6			1.0
4818.5			1.0
4819.4			1.0
4820.3			1.0
4821.2			1.0
4822.1			0.9684797385228069
4823.0			0.91453849581127
4823.9			0.8923679042876766
4824.8			0.9359640872021193
4825.7			0.9961549722418926
4826.6			1.0
4827.5			1.0
4828.4			1.0
4829.3			1.0
4830.2			1.0
4831.1			1.0
4832.0			1.0
4832.9			1.0
4833.8			1.0
4834.7			1.0214058923485725
4835.6			1.0217683395486248
4836.5			1.0187466505593108
4837.4			1.0102979949614923
4838.3			0.9815184205893271
4839.2			0.9435350291365134
4840.1			0.925383625710492
4841.0			0.9380616040668566
4841.9			0.9467797249598692
4842.8			0.9299379270934728
4843.7			0.9277340153518512
4844.6			0.9642376501344075
4845.5			1.0018306405665427
4846.4			1.0
4847.3			1.0
4848.2			1.0
4849.1			1.0
4850.0			1.0
4850.9			1.0
4851.8			1.0
4852.7			1.0
4853.6			1.0
4854.5			1.0
4855.4			1.0
4856.3			0.9974780628139116
4857.2			1.031293525808203
4858.1			1.0255644001129445
4859.0			0.9553082638294677
4859.9			0.845207324979485
4860.8			0.7481435138186023
4861.7			0.7420686942211605
4862.6			0.8234484041253877
4863.5			0.8996764058003969
4864.4			0.9435827783738538
4865.3			0.9830724039221697
4866.2			1.0084727557768023
4867.1			1.0003035361561885
4868.0			1.0
4868.9			1.0067301806843745
4869.8			0.9710527880736353
4870.7			0.8577132257131722
4871.6			0.7726006532106514
4872.5			0.8177737921707814
4873.4			0.9318780998939208
4874.3			1.0021122156092925
4875.2			1.0
4876.1			1.0
4877.0			1.0
4877.9			1.0
4878.8			1.0
4879.7			1.0
4880.6			1.0
4881.5			1.0
4882.4			1.0
4883.3			1.0
4884.2			1.0
4885.1			1.0
4886.0			1.0
4886.9			1.0
4887.8			1.0
4888.7			0.9895833834185935
4889.6			0.9225920094761054
4890.5			0.7956034310738803
4891.4			0.7342571532256778
4892.3			0.8146190021004263
4893.2			0.9392178455154808
4894.1			1.0110536505843244
4895.0			1.0
4895.9			1.0
4896.8			1.0
4897.7			1.0
4898.6			1.0
4899.5			1.0
4900.4			1.0
4901.3			1.0
4902.2			1.0
4903.1			1.0
4904.0			1.0
4904.9			1.0
4905.8			1.0
4906.7			1.0116180692081078
4907.6			0.9805977455969589
4908.5			0.9323910292962362
4909.4			0.8794841567964391
4910.3			0.8480152842624312
4911.2			0.8645342271866868
4912.1			0.9161313767422771
4913.0			0.9647819635132154
4913.9			1.0014601890021033
4914.8			1.0
4915.7			1.0
4916.6			0.9770596698343309
4917.5			0.8979575519323196
4918.4			0.7778092484611474
4919.3			0.6786269580680347
4920.2			0.6585202902435477
4921.1			0.7377450509923426
4922.0			0.8689907731163984
4922.9			0.9636324154225241
4923.8			0.9882239564614318
4924.7			1.0
4925.6			1.0
4926.5			1.0
4927.4			1.0
4928.3			1.0
4929.2			1.0
4930.1			1.0
4931.0			1.0
4931.9			1.0
4932.8			1.0
4933.7			1.0
4934.6			1.0
4935.5			1.0245078215079817
4936.4			0.9853438475215888
4937.3			0.8957316764589935
4938.2			0.811255771681101
4939.1			0.7925455764897927
4940.0			0.8592190883188008
4940.9			0.9428304569442777
4941.8			0.9777561627765385
4942.7			0.9927255288127909
4943.6			1.0
4944.5			1.0
4945.4			1.0
4946.3			1.0
4947.2			1.0
4948.1			1.0
4949.0			1.0
4949.9			1.0
4950.8			1.0
4951.7			1.0
4952.6			1.0
4953.5			1.0
4954.4			1.0
4955.3			0.9731093017738275
4956.2			0.868132447755974
4957.1			0.7170488235650241
4958.0			0.6870177926963656
4958.9			0.8133802782852131
4959.8			0.9475085190122121
4960.7			0.9974253897176985
4961.6			1.0
4962.5			1.0
4963.4			1.0
4964.3			1.0
4965.2			1.0
4966.1			1.0
4967.0			1.0
4967.9			1.0
4968.8			1.0
4969.7			1.0
4970.6			1.0
4971.5			1.0
4972.4			1.0
4973.3			1.0
4974.2			1.0
4975.1			1.0
4976.0			1.0
4976.9			1.0
4977.8			1.0
4978.7			1.0
4979.6			0.9907584491886239
4980.5			0.9987161565933844
4981.4			0.9573626461112377
4982.3			0.8595972059207725
4983.2			0.7946817940348448
4984.1			0.8152580114579189
4985.0			0.8683749634713244
4985.9			0.9281358787920715
4986.8			1.000730631040428
4987.7			1.0
4988.6			1.0
4989.5			1.0
4990.4			1.0
4991.3			1.0
4992.2			1.0
4993.1			1.0
4994.0			1.0
4994.9			1.0
4995.8			1.0
4996.7			1.0
4997.6			1.0
4998.5			1.0
4999.4			1.0
5000.3			1.0
5001.2			1.0
5002.1			1.0
5003.0			1.0105428419073406
5003.9			1.0101821886214395
5004.8			0.9472408318712258
5005.7			0.8489993501837301
5006.6			0.8206578215392052
5007.5			0.8976142517731831
5008.4			0.9905754887857161
5009.3			1.019933131844849
5010.2			0.9983898450563887
5011.1			1.0
5012.0			1.0
5012.9			1.0
5013.8			1.0
5014.7			1.0
5015.6			1.0
5016.5			1.0
5017.4			1.0
5018.3			1.0
5019.2			1.0
5020.1			1.0
5021.0			1.0
5021.9			1.0
5022.8			1.0
5023.7			1.0
5024.6			1.0
5025.5			1.0
5026.4			1.0
5027.3			1.0
5028.2			1.0
5029.1			1.0
5030.0			1.0
5030.9			1.0
5031.8			1.0
5032.7			1.0
5033.6			1.0
5034.5			1.0
5035.4			1.0
5036.3			1.0
5037.2			1.015233182208079
5038.1			1.0172135026351403
5039.0			0.958855374985019
5039.9			0.8667502560859878
5040.8			0.7805724122303379
5041.7			0.7801208590576254
5042.6			0.8776791762775684
5043.5			1.0
5044.4			1.0451436016236473
5045.3			1.0749790446348084
5046.2			1.0934093228528239
5047.1			1.0576147951179193
5048.0			0.9676822199005289
5048.9			0.8934807875698337
5049.8			0.8804801592933069
5050.7			0.8972996071672599
5051.6			0.9034426642404979
5052.5			0.9095103673396584
5053.4			0.9398007723141608
5054.3			0.9824644476237006
5055.2			1.0015168982805045
5056.1			1.0
5057.0			1.0
5057.9			1.0
5058.8			1.0
5059.7			1.0
5060.6			1.0
5061.5			1.0
5062.4			1.0
5063.3			1.0
5064.2			1.0
5065.1			1.0
5066.0			1.0
5066.9			1.0
5067.8			1.0
5068.7			1.0
5069.6			1.0
5070.5			1.0
5071.4			1.0
5072.3			1.0
5073.2			1.0
5074.1			1.0
5075.0			0.9898152978053993
5075.9			0.9793594529737621
5076.8			1.0035565276924137
5077.7			1.014100794184716
5078.6			0.9470893632084604
5079.5			0.8531019071196329
5080.4			0.831064872365418
5081.3			0.8799545655302414
5082.2			0.9203170835337947
5083.1			0.9202434810656326
5084.0			0.9258383376155405
5084.9			0.9636765073170253
5085.8			1.001098432071657
5086.7			1.0
5087.6			1.0
5088.5			1.0
5089.4			1.0
5090.3			1.0
5091.2			1.0
5092.1			1.0
5093.0			1.0
5093.9			1.0
5094.8			1.0
5095.7			0.9612038376941553
5096.6			0.9164708054480711
5097.5			0.8680664871101927
5098.4			0.825210662560876
5099.3			0.8241754755597932
5100.2			0.8875111825117614
5101.1			0.9670948336441778
5102.0			1.0
5102.9			0.990900513520253
5103.8			0.9644909332358308
5104.7			0.9511183512311964
5105.6			0.9511990455468936
5106.5			0.9327227034090418
5107.4			0.8981330366129182
5108.3			0.8858901423697854
5109.2			0.8876367861426868
5110.1			0.8882285795707877
5111.0			0.9162381788986997
5111.9			0.966504572335106
5112.8			0.9942633743768954
5113.7			1.0003247618608695
5114.6			1.0
5115.5			1.0
5116.4			1.0
5117.3			1.0267504949259414
5118.2			1.0453167766016658
5119.1			1.0398905788083863
5120.0			1.0087613392032169
5120.9			0.9705468785920296
5121.8			0.9502826367262944
5122.7			0.9276891967947657
5123.6			0.8850920304161564
5124.5			0.8563764685307518
5125.4			0.8646996300651973
5126.3			0.8901363867720652
5127.2			0.9033575420104372
5128.1			0.9001416144014771
5129.0			0.900481960070844
5129.9			0.9281337322861993
5130.8			0.9730608485442772
5131.7			1.002411021547882
5132.6			1.0
5133.5			1.0
5134.4			1.0
5135.3			1.037647900104331
5136.2			1.0320304216151546
5137.1			0.9870906920140423
5138.0			0.9440062054552909
5138.9			0.9132309458196783
5139.8			0.9395219540059608
5140.7			1.009727748925809
5141.6			1.0252461554792802
5142.5			1.0024574224677272
5143.4			1.0
5144.3			1.0
5145.2			1.0
5146.1			1.0
5147.0			1.0
5147.9			1.0
5148.8			1.0
5149.7			1.0
5150.6			1.0
5151.5			1.0
5152.4			1.0
5153.3			1.0
5154.2			1.0
5155.1			1.0
5156.0			1.0
5156.9			1.0
5157.8			1.0
5158.7			1.0
5159.6			1.0
5160.5			1.0
5161.4			1.0
5162.3			1.0
5163.2			1.0
5164.1			1.0
5165.0			1.0
5165.9			1.0
5166.8			1.0
5167.7			1.0
5168.6			1.0
5169.5			1.1297589383317228
5170.4			1.117265549053774
5171.3			0.9060844880952152
5172.2			0.6724180388375808
5173.1			0.6197157893848461
5174.0			0.7559428573942335
5174.9			0.919519915855893
5175.8			0.9888762741579419
5176.7			0.9841378556791598
5177.6			1.0
5178.5			1.0
5179.4			0.9849415382513427
5180.3			0.9315259087020324
5181.2			0.8317988409083218
5182.1			0.6804727985045664
5183.0			0.5243536175539651
5183.9			0.4761187971778741
5184.8			0.5883768386302707
5185.7			0.7781172488020769
5186.6			0.9277884732432159
5187.5			0.9883149552879393
5188.4			0.999140756746718
5189.3			1.0
5190.2			1.0
5191.1			1.0
5192.0			1.0
5192.9			1.0
5193.8			1.0
5194.7			1.0
5195.6			1.0
5196.5			1.0
5197.4			1.0
5198.3			1.0
5199.2			1.0
5200.1			1.0
5201.0			1.0
5201.9			0.9760981151488737
5202.8			0.9590960786512938
5203.7			0.9223325420139321
5204.6			0.8509468108655684
5205.5			0.7982278377928327
5206.4			0.7977000812544197
5207.3			0.7983956825497734
5208.2			0.7748993188883475
5209.1			0.7924714083397878
5210.0			0.8678752159579628
5210.9			0.9542228678834983
5211.8			1.0238597649460162
5212.7			1.0639933316256467
5213.6			1.0583892580297298
5214.5			1.0023074606295201
5215.4			1.0
5216.3			1.0
5217.2			1.0
5218.1			1.0
5219.0			1.0
5219.9			1.0
5220.8			1.0
5221.7			1.0
5222.6			1.0
5223.5			0.9603705000262398
5224.4			0.9077881272989812
5225.3			0.8428417458753321
5226.2			0.7646001221875273
5227.1			0.7336342057953572
5228.0			0.807935978736431
5228.9			0.9195066866658576
5229.8			0.9816695679283883
5230.7			1.000795466321989
5231.6			1.0
5232.5			1.0
5233.4			1.0
5234.3			1.0
5235.2			1.0
5236.1			1.0
5237.0			1.0
5237.9			1.0
5238.8			1.0
5239.7			1.0
5240.6			1.0
5241.5			1.0
5242.4			1.0
5243.3			1.0
5244.2			1.0
5245.1			1.0
5246.0			0.984359693987069
5246.9			0.9407166557676125
5247.8			0.9331819546621025
5248.7			0.9566433559118815
5249.6			0.9611160833902693
5250.5			0.9563892720844198
5251.4			0.9850686594793526
5252.3			1.030111637766153
5253.2			1.0503014001622661
5254.1			1.0351268194539451
5255.0			1.0210832089917634
5255.9			1.0688432547773385
5256.8			1.1612627970089557
5257.7			1.2294396789445323
5258.6			1.259225996401486
5259.5			1.263484438763102
5260.4			1.0
5261.3			0.9315428720513488
5262.2			0.8486568160059558
5263.1			0.7805936559799792
5264.0			0.7423819533037317
5264.9			0.7128497883707848
5265.8			0.686786009565525
5266.7			0.7095191606312097
5267.6			0.7535818370837948
5268.5			0.7130214683042946
5269.4			0.6103811600394411
5270.3			0.5998033902152577
5271.2			0.7165789661204565
5272.1			0.8308361693398959
5273.0			0.8703982497629514
5273.9			0.8714351588834975
5274.8			0.8519746408992401
5275.7			0.8475722923645749
5276.6			0.9038882884220538
5277.5			0.979883110163216
5278.4			1.0138406547792842
5279.3			1.0
5280.2			0.9489889876751946
5281.1			0.89071730435052
5282.0			0.8457598660699432
5282.9			0.8139179517130646
5283.8			0.8099135917992895
5284.7			0.8626717330728338
5285.6			0.9483057058413471
5286.5			1.0031704421173944
5287.4			1.0023055391844822
5288.3			1.0
5289.2			1.0
5290.1			1.0
5291.0			1.0
5291.9			0.9855949760269627
5292.8			0.9602417914270492
5293.7			0.9498743907170181
5294.6			0.9489752239620602
5295.5			0.9254740379594073
5296.4			0.8644193643182247
5297.3			0.7920823975238096
5298.2			0.7673751771725555
5299.1			0.8182235213486708
5300.0			0.8806938052198849
5300.9			0.8924773857338277
5301.8			0.8815308628276606
5302.7			0.9006336295597699
5303.6			0.9513316469849388
5304.5			1.0003754687839348
5305.4			1.0
5306.3			1.0
5307.2			1.0
5308.1			1.0
5309.0			1.0
5309.9			1.0
5310.8			1.0
5311.7			1.0
5312.6			1.0
5313.5			1.0
5314.4			1.0
5315.3			1.0
5316.2			1.0
5317.1			1.0
5318.0			1.0
5318.9			1.0
5319.8			1.0
5320.7			1.0
5321.6			1.0
5322.5			1.0
5323.4			1.0
5324.3			1.0
5325.2			1.0026883144722938
5326.1			1.011147293185659
5327.0			0.9185165059670123
5327.9			0.7746297582840123
5328.8			0.7387968401498977
5329.7			0.8439035757818865
5330.6			0.9696918638529425
5331.5			1.0189742129860992
5332.4			1.0035326784002283
5333.3			1.0
5334.2			1.0
5335.1			1.0
5336.0			1.0
5336.9			1.0
5337.8			0.9888832834874747
5338.7			0.9530517197769723
5339.6			0.883506268283207
5340.5			0.8359870167006119
5341.4			0.869164295556329
5342.3			0.946869934044264
5343.2			0.9991057531718168
5344.1			1.0
5345.0			1.0
5345.9			1.0
5346.8			1.0
5347.7			1.0
5348.6			1.0
5349.5			1.0
5350.4			1.0
5351.3			1.0
5352.2			1.0
5353.1			1.0
5354.0			1.0
5354.9			1.0
5355.8			1.0
5356.7			1.0
5357.6			1.0
5358.5			1.0
5359.4			1.0
5360.3			1.0
5361.2			1.0
5362.1			1.0
5363.0			1.0
5363.9			1.0
5364.8			1.0
5365.7			1.0
5366.6			1.0
5367.5			0.9880352732788161
5368.4			0.9651263124218835
5369.3			0.9085646865398856
5370.2			0.8250338873541289
5371.1			0.7737366705230778
5372.0			0.8081693764225301
5372.9			0.8988501741755169
5373.8			0.9697417648817828
5374.7			0.9973086498177879
5375.6			1.0
5376.5			1.0
5377.4			1.0
5378.3			1.0
5379.2			1.0
5380.1			1.0
5381.0			1.0
5381.9			1.0
5382.8			1.0
5383.7			1.0
5384.6			1.0
5385.5			1.0
5386.4			1.0
5387.3			1.0
5388.2			1.0
5389.1			1.0
5390.0			1.0
5390.9			1.0
5391.8			1.0
5392.7			1.0
5393.6			1.0
5394.5			1.0
5395.4			1.0
5396.3			1.0
5397.2			1.0
5398.1			1.0
5399.0			1.0
5399.9			1.0
5400.8			1.0
5401.7			1.026918770662416
5402.6			1.0348395472001453
5403.5			0.9716774223339618
5404.4			0.8705167075671034
5405.3			0.8116106329086193
5406.2			0.8343564016115403
5407.1			0.9197801627458981
5408.0			0.9942502858656436
5408.9			0.9979078983807591
5409.8			1.0
5410.7			1.0
5411.6			1.0
5412.5			1.0
5413.4			1.0
5414.3			1.0
5415.2			1.0
5416.1			1.0
5417.0			1.0
5417.9			1.0
5418.8			1.0
5419.7			1.0
5420.6			1.0
5421.5			1.0
5422.4			1.0
5423.3			1.0
5424.2			1.0
5425.1			1.0
5426.0			1.0
5426.9			1.054409831688568
5427.8			1.0361414310633033
5428.7			0.9479240880017875
5429.6			0.8718891301010293
5430.5			0.9025797224776586
5431.4			0.9821416557791913
5432.3			0.9971239655252806
5433.2			1.0
5434.1			1.0
5435.0			1.0
5435.9			1.0
5436.8			1.0
5437.7			1.0
5438.6			1.0
5439.5			1.0
5440.4			1.0
5441.3			1.0
5442.2			1.0
5443.1			1.0
5444.0			0.9718315624196828
5444.9			0.9126616538605679
5445.8			0.8405620185291884
5446.7			0.7977315832464935
5447.6			0.8341757079559187
5448.5			0.9277958655054973
5449.4			0.9992835655674426
5450.3			1.0
5451.2			1.0
5452.1			1.0
5453.0			0.9820143525496995
5453.9			0.9399554187635313
5454.8			0.8660496506837858
5455.7			0.8235673072835168
5456.6			0.8663670420547548
5457.5			0.9478409929676126
5458.4			0.9991505765856575
5459.3			1.0
5460.2			1.0
5461.1			1.0
5462.0			1.0
5462.9			1.0
5463.8			1.0
5464.7			1.0
5465.6			1.0
5466.5			1.0
5467.4			1.0
5468.3			1.0
5469.2			1.0
5470.1			1.0
5471.0			1.0
5471.9			1.0
5472.8			1.0
5473.7			1.0
5474.6			0.9951929968656337
5475.5			0.9541308934912412
5476.4			0.8765097843102697
5477.3			0.8588990658554508
5478.2			0.9324219431133802
5479.1			1.0058973884655737
5480.0			1.0007597553579561
5480.9			1.0
5481.8			1.0
5482.7			1.0
5483.6			1.0
5484.5			1.0
5485.4			1.0
5486.3			1.0
5487.2			1.0
5488.1			1.0
5489.0			1.0
5489.9			1.0
5490.8			1.0
5491.7			1.0
5492.6			1.0
5493.5			1.0
5494.4			1.0
5495.3			1.0
5496.2			1.0
5497.1			1.0
5498.0			1.0
5498.9			1.0
5499.8			1.0
5500.7			1.0
5501.6			1.0
5502.5			1.0
5503.4			1.0
5504.3			1.0
5505.2			1.0
5506.1			1.0
5507.0			1.0
5507.9			1.0
5508.8			1.0189239263244445
5509.7			1.0072035875821088
5510.6			0.984541929570258
5511.5			0.9519260545075545
5512.4			0.9185894803900871
5513.3			0.9116485379277472
5514.2			0.9288202606385914
5515.1			0.9520825374097671
5516.0			0.9668879477076006
5516.9			0.9785009743722047
5517.8			1.0014496153033061
5518.7			1.0
5519.6			1.0
5520.5			1.0
5521.4			1.0
5522.3			1.0
5523.2			1.0
5524.1			1.0
5525.0			1.0
5525.9			0.9772576761232211
5526.8			0.9309986175093149
5527.7			0.8655708330440068
5528.6			0.841153719008159
5529.5			0.8959731038433936
5530.4			0.970251441172129
5531.3			1.0005000338455277
5532.2			1.0
5533.1			1.0
5534.0			1.0
5534.9			1.0
5535.8			1.0
5536.7			1.0
5537.6			1.0
5538.5			1.0
5539.4			1.0
5540.3			1.0
5541.2			1.0
5542.1			1.0
5543.0			1.0
5543.9			1.0
5544.8			1.0
5545.7			1.0
5546.6			1.0
5547.5			1.0
5548.4			1.0
5549.3			1.0
5550.200000000001			1.0
5551.1			1.0
5552.0			1.0
5552.9			1.0
5553.8			1.0
5554.700000000001			1.0
5555.6			1.0
5556.5			1.0
5557.4			1.0
5558.3			1.0
5559.200000000001			1.0
5560.1			1.0
5561.0			1.0
5561.9			1.0
5562.8			1.0
5563.700000000001			1.0
5564.6			1.0
5565.5			1.0
5566.4			1.0
5567.3			1.0
5568.200000000001			1.0
5569.1			1.0
5570.0			0.9905974485876271
5570.9			1.0164760656067475
5571.8			0.993506851615331
5572.700000000001			0.933509460445698
5573.6			0.9392925069113233
5574.5			0.9922575587356752
5575.4			0.9936788676354233
5576.3			1.0
5577.200000000001			1.0
5578.1			1.0
5579.0			1.0
5579.9			1.0
5580.8			1.0077973790681385
5581.700000000001			0.9957083034789879
5582.6			0.9915413960232528
5583.5			1.0003206338356072
5584.4			0.9787002225809062
5585.3			0.9275471775547317
5586.200000000001			0.8679772271228611
5587.1			0.8318728578457776
5588.0			0.8456732383238562
5588.9			0.8789025236588321
5589.8			0.919734786317088
5590.700000000001			0.9703137713822079
5591.6			1.0072796025712147
5592.5			1.0152477278897425
5593.4			1.0034188419572942
5594.3			1.0
5595.200000000001			1.0
5596.1			1.0
5597.0			1.003571505298114
5597.9			0.9517403664052844
5598.8			0.912336792290281
5599.700000000001			0.9151333580493872
5600.6			0.9011205390282057
5601.5			0.8647341868386714
5602.4			0.8470068655743839
5603.3			0.8714182873335614
5604.200000000001			0.9371523521213753
5605.1			0.9940320520048508
5606.0			1.013867279863491
5606.9			1.0096805839775285
5607.8			0.9966315557852268
5608.700000000001			1.0
5609.6			1.0
5610.5			1.0
5611.4			1.0
5612.3			1.0
5613.200000000001			0.9840515708502782
5614.1			0.9179378022257858
5615.0			0.8280186484517303
5615.9			0.8021202876533824
5616.8			0.8759559764475419
5617.700000000001			0.9635876568904663
5618.6			0.9985331007203135
5619.5			1.0
5620.4			1.0
5621.3			1.0
5622.200000000001			1.0116858289190405
5623.1			0.9803526738213675
5624.0			0.9164347933095311
5624.9			0.8849719434616659
5625.8			0.9221466774564617
5626.700000000001			0.9775367703644483
5627.6			1.001912374622136
5628.5			1.0
5629.4			1.0
5630.3			1.0
5631.200000000001			1.0
5632.1			1.0
5633.0			1.0
5633.9			1.0
5634.8			1.0
5635.700000000001			1.0
5636.6			1.0
5637.5			1.0
5638.4			1.0
5639.3			1.0
5640.200000000001			1.0
5641.1			1.0
5642.0			1.0
5642.9			1.0
5643.8			1.0
5644.700000000001			1.0
5645.6			1.0
5646.5			1.0
5647.4			1.0
5648.3			1.0
5649.200000000001			1.0
5650.1			1.0
5651.0			1.0
5651.9			1.0
5652.8			1.0
5653.700000000001			0.9699904189861706
5654.6			0.9357094880981173
5655.5			0.9432141180317973
5656.4			0.9752095153961011
5657.3			0.9548292115015967
5658.200000000001			0.8867889647442488
5659.1			0.8678351729761917
5660.0			0.9181572053669537
5660.9			0.9551216309407711
5661.8			0.945368668060473
5662.700000000001			0.9351863558566041
5663.6			0.9600927422931055
5664.5			0.9989969561141342
5665.4			1.0
5666.3			1.0
5667.200000000001			1.0
5668.1			1.0
5669.0			1.0
5669.9			1.0
5670.8			1.0
5671.700000000001			1.0
5672.6			1.0
5673.5			1.0
5674.4			1.0
5675.3			1.0
5676.200000000001			1.0
5677.1			1.0
5678.0			1.0
5678.9			1.0
5679.8			1.0
5680.700000000001			1.0
5681.6			1.0
5682.5			1.0
5683.4			1.0
5684.3			1.0242471667587032
5685.200000000001			1.0299590896416484
5686.1			1.0010720471034877
5687.0			0.9591761336329149
5687.9			0.9360627829117358
5688.8			0.9443777815752169
5689.700000000001			0.9719996992463985
5690.6			0.9912366020377049
5691.5			0.9981372770290327
5692.4			1.0
5693.3			1.0
5694.200000000001			1.0
5695.1			1.0
5696.0			1.0
5696.9			1.0
5697.8			1.0
5698.700000000001			1.0
5699.6			1.0
5700.5			1.0
5701.4			1.0
5702.3			1.001387967527392
5703.200000000001			1.0230836515105177
5704.1			1.0333744584476194
5705.0			1.0122405806414865
5705.9			0.9761555325403073
5706.8			0.9509418647338158
5707.700000000001			0.930486003203744
5708.6			0.9028079023387849
5709.5			0.8905348451670894
5710.4			0.8996902605334007
5711.3			0.9035183540204463
5712.200000000001			0.9202267242557102
5713.1			0.9602436962127487
5714.0			0.9857150184713964
5714.9			0.9897332855647148
5715.8			0.9956789048469266
5716.700000000001			1.003201107101602
5717.6			1.0
5718.5			1.0
5719.4			1.0
5720.3			1.0
5721.200000000001			1.0
5722.1			1.0
5723.0			1.0
5723.9			1.0
5724.8			1.0
5725.700000000001			1.0
5726.6			1.0
5727.5			1.0
5728.4			1.0
5729.3			1.0
5730.200000000001			1.0
5731.1			1.0
5732.0			1.0
5732.9			1.0
5733.8			1.0
5734.700000000001			1.0
5735.6			1.0
5736.5			1.0
5737.4			1.0
5738.3			1.0
5739.200000000001			1.0
5740.1			1.0
5741.0			1.0
5741.9			1.0
5742.8			1.0
5743.700000000001			1.0
5744.6			1.0
5745.5			1.0
5746.4			1.0
5747.3			1.0
5748.200000000001			1.0
5749.1			1.0
5750.0			1.0
5750.9			1.0039514860138348
5751.8			0.9710164468346323
5752.700000000001			0.9233857534882868
5753.6			0.8945265188299754
5754.5			0.9112015374511754
5755.4			0.9598477420757587
5756.3			0.9988261060005243
5757.200000000001			1.0
5758.1			1.0
5759.0			1.0
5759.9			1.0
5760.8			1.0
5761.700000000001			1.0
5762.6			1.0
5763.5			1.0
5764.4			1.0
5765.3			1.0
5766.200000000001			1.0
5767.1			1.0
5768.0			1.0
5768.9			1.0
5769.8			1.0
5770.700000000001			1.0
5771.6			1.0
5772.5			1.0
5773.4			1.0
5774.3			1.0
5775.200000000001			1.0
5776.1			1.0
5777.0			1.0
5777.9			1.0023715353583331
5778.8			0.9833407898787372
5779.700000000001			0.9403831814783851
5780.6			0.8868503025309051
5781.5			0.861152226115864
5782.4			0.8759200430585207
5783.3			0.8970076216002356
5784.200000000001			0.8880993530443256
5785.1			0.8725750067664402
5786.0			0.897132303371284
5786.9			0.950313004570507
5787.8			0.9856852028028713
5788.700000000001			1.0062483015768426
5789.6			1.0112359076412747
5790.5			0.9923926138315733
5791.4			0.9845174558834483
5792.3			0.9988325708844266
5793.200000000001			1.0
5794.1			1.0
5795.0			1.0
5795.9			1.0
5796.8			1.0
5797.700000000001			1.0
5798.6			1.0
5799.5			1.0
5800.4			1.0
5801.3			1.0
5802.200000000001			1.0
5803.1			1.0
5804.0			1.0
5804.9			1.0
5805.8			1.0
5806.700000000001			1.0
5807.6			1.0
5808.5			1.0
5809.4			1.0
5810.3			1.0
5811.200000000001			1.0
5812.1			1.0
5813.0			1.0
5813.9			1.0
5814.8			1.0
5815.700000000001			1.0
5816.6			1.0
5817.5			1.0
5818.4			1.0
5819.3			1.0
5820.200000000001			1.0
5821.1			1.0
5822.0			1.0
5822.9			1.0
5823.8			1.0
5824.700000000001			1.0
5825.6			1.0
5826.5			1.0
5827.4			1.0
5828.3			1.0
5829.200000000001			1.0
5830.1			1.0
5831.0			1.0
5831.9			1.0
5832.8			1.0
5833.700000000001			1.0
5834.6			1.0
5835.5			1.0
5836.4			1.0
5837.3			1.0
5838.200000000001			1.0
5839.1			1.0
5840.0			1.0
5840.9			1.0
5841.8			1.0
5842.700000000001			1.0
5843.6			1.0
5844.5			1.0
5845.4			1.0
5846.3			1.0
5847.200000000001			1.0
5848.1			1.0
5849.0			1.0
5849.9			1.0
5850.8			1.0
5851.700000000001			1.0
5852.6			1.0
5853.5			1.0
5854.4			1.0
5855.3			1.0040576511151864
5856.200000000001			0.9790210074420487
5857.1			0.9330228469034751
5858.0			0.9150731099267343
5858.9			0.9425285668529012
5859.8			0.9767976517633106
5860.700000000001			0.9996196342737478
5861.6			1.0
5862.5			1.0
5863.4			1.0
5864.3			1.0
5865.200000000001			1.0
5866.1			1.0
5867.0			1.0
5867.9			1.0
5868.8			1.0
5869.700000000001			1.0
5870.6			1.0
5871.5			1.0
5872.4			1.0
5873.3			1.0
5874.200000000001			1.0
5875.1			1.0
5876.0			1.0
5876.9			1.0
5877.8			1.0
5878.700000000001			1.0
5879.6			1.0
5880.5			1.0
5881.4			1.0
5882.3			1.0
5883.200000000001			1.0
5884.1			1.0
5885.0			1.0
5885.9			1.025363588861062
5886.8			1.0195119826413543
5887.700000000001			0.9604923145888402
5888.6			0.8247915650775298
5889.5			0.6656590394916471
5890.4			0.6389086361765784
5891.3			0.7956366933939151
5892.200000000001			0.9865275847497119
5893.1			1.1000174967721148
5894.0			1.1189012916811711
5894.9			1.0173039085035849
5895.8			1.0
5896.700000000001			1.0
5897.6			1.0
5898.5			1.0
5899.4			1.0
5900.3			1.0
5901.200000000001			1.0
5902.1			1.0
5903.0			1.0
5903.9			1.0
5904.8			1.0
5905.700000000001			1.0
5906.6			1.0
5907.5			1.0
5908.4			1.0
5909.3			1.0
5910.200000000001			1.0
5911.1			1.0
5912.0			1.0
5912.9			1.0
5913.8			1.0
5914.700000000001			1.0
5915.6			1.0
5916.5			1.0
5917.4			1.0
5918.3			1.0
5919.200000000001			1.0
5920.1			1.0
5921.0			1.0
5921.9			1.0
5922.8			1.0
5923.700000000001			1.0
5924.6			1.0
5925.5			1.0
5926.4			1.0
5927.3			1.0
5928.200000000001			1.0
5929.1			1.0
5930.0			1.0
5930.9			1.0
5931.8			1.0
5932.700000000001			1.0
5933.6			1.0
5934.5			1.0
5935.4			1.0
5936.3			1.0
5937.200000000001			1.0
5938.1			1.0
5939.0			1.0
5939.9			1.0
5940.8			1.0
5941.700000000001			1.0
5942.6			1.0
5943.5			1.0
5944.4			1.0
5945.3			1.0
5946.200000000001			1.0
5947.1			1.0
5948.0			1.0
5948.9			1.0
5949.8			1.0
5950.700000000001			1.0
5951.6			1.0
5952.5			1.0
5953.4			1.0
5954.3			1.0
5955.200000000001			1.0
5956.1			1.0
5957.0			1.0
5957.9			1.0
5958.8			1.0
5959.700000000001			1.0
5960.6			1.0
5961.5			1.0
5962.4			1.0
5963.3			1.0
5964.200000000001			1.0
5965.1			1.0
5966.0			1.0
5966.9			1.0
5967.8			1.0
5968.700000000001			1.0
5969.6			1.0
5970.5			1.0
5971.4			1.0
5972.3			1.0
5973.200000000001			1.0
5974.1			1.0
5975.0			1.0
5975.9			1.0
5976.8			1.0
5977.700000000001			1.0
5978.6			1.0
5979.5			1.0
5980.4			1.0
5981.3			1.0
5982.200000000001			1.0
5983.1			1.0
5984.0			1.0
5984.9			1.0
5985.8			1.0
5986.700000000001			1.0
5987.6			1.0
5988.5			1.0
5989.4			1.0
5990.3			1.0
5991.200000000001			1.0
5992.1			1.0
5993.0			1.0
5993.9			1.0
5994.8			1.0
5995.700000000001			1.0
5996.6			1.0
5997.5			1.0
5998.4			1.0
5999.3			1.0
6000.200000000001			1.0
6001.1			1.0
6002.0			1.0
6002.9			1.0
6003.8			1.0
6004.700000000001			1.0
6005.6			0.9994357871389942
6006.5			0.9707207031513376
6007.4			0.9301327215156205
6008.3			0.9106854027444244
6009.200000000001			0.9436142698848513
6010.1			0.990074442497032
6011.0			1.000067527051258
6011.9			1.0
6012.8			1.0
6013.700000000001			1.0
6014.6			1.0
6015.5			1.0
6016.4			1.0
6017.3			1.0
6018.200000000001			1.0
6019.1			1.0
6020.0			1.0
6020.9			1.0
6021.8			1.0
6022.700000000001			1.0
6023.6			1.0
6024.5			1.0
6025.4			1.0
6026.3			1.0
6027.200000000001			1.0
6028.1			1.0
6029.0			1.0
6029.9			1.0
6030.8			1.0
6031.700000000001			1.0
6032.6			1.0
6033.5			1.0
6034.4			1.0
6035.3			1.0
6036.200000000001			1.0
6037.1			1.0
6038.0			1.0
6038.9			1.0
6039.8			1.0
6040.700000000001			1.0
6041.6			1.0
6042.5			1.0
6043.4			1.0
6044.3			1.0
6045.200000000001			1.0
6046.1			1.0
6047.0			1.0
6047.9			1.0
6048.8			1.0
6049.700000000001			1.0
6050.6			1.0
6051.5			1.0
6052.4			1.0
6053.3			1.0
6054.200000000001			1.0
6055.1			1.0
6056.0			1.0
6056.9			1.0
6057.8			1.0
6058.700000000001			1.0
6059.6			1.0
6060.5			1.0
6061.4			1.0
6062.3			1.0
6063.200000000001			1.0
6064.1			1.0
6065.0			1.0
6065.9			1.0
6066.8			1.0
6067.700000000001			1.0
6068.6			1.0
6069.5			1.0
6070.4			1.0
6071.3			1.0
6072.200000000001			1.0
6073.1			1.0
6074.0			1.0
6074.9			1.0
6075.8			1.0
6076.700000000001			1.0
6077.6			1.0
6078.5			1.0
6079.4			1.0
6080.3			1.0
6081.200000000001			1.0
6082.1			1.0
6083.0			1.0
6083.9			1.0
6084.8			1.0
6085.700000000001			1.0
6086.6			1.0
6087.5			1.0
6088.4			1.0
6089.3			1.0
6090.200000000001			1.0
6091.1			1.0
6092.0			1.0
6092.9			1.0
6093.8			1.0
6094.700000000001			1.0
6095.6			1.0
6096.5			1.0
6097.4			1.0
6098.3			1.0
6099.200000000001			1.0
6100.1			1.0
6101.0			0.9726822340581301
6101.9			0.9080107745224002
6102.8			0.8670895753291065
6103.700000000001			0.9142780859804537
6104.6			0.9933862970899855
6105.5			1.0
6106.4			1.0
6107.3			1.0
6108.200000000001			1.0
6109.1			1.0
6110.0			1.0
6110.9			1.0
6111.8			1.0
6112.700000000001			1.0
6113.6			1.0
6114.5			1.0
6115.4			1.0
6116.3			1.0
6117.200000000001			1.0
6118.1			1.0
6119.0			1.0
6119.9			0.9803999133019683
6120.8			0.9431746908828017
6121.700000000001			0.8945698217906917
6122.6			0.8842411527121947
6123.5			0.9362410331616976
6124.4			0.986222968578126
6125.3			0.9995522554626988
6126.200000000001			1.0
6127.1			1.0
6128.0			1.0
6128.9			1.0
6129.8			1.0
6130.700000000001			1.0
6131.6			1.0
6132.5			1.0
6133.4			1.0
6134.3			0.9871399808658171
6135.200000000001			0.9350051240421171
6136.1			0.8561607672017781
6137.0			0.8047778630851162
6137.9			0.8349565828388451
6138.8			0.9282262215256187
6139.700000000001			1.0008833163032094
6140.6			1.0
6141.5			1.0
6142.4			1.0
6143.3			1.0
6144.200000000001			1.0
6145.1			1.0
6146.0			1.0
6146.9			1.0
6147.8			1.0
6148.700000000001			1.0
6149.6			1.0
6150.5			1.0
6151.4			1.0
6152.3			1.0
6153.200000000001			1.0
6154.1			1.0
6155.0			1.0
6155.9			1.0
6156.8			1.0
6157.700000000001			1.0
6158.6			1.0
6159.5			0.9890398598116328
6160.4			0.9245434963321432
6161.3			0.8335131732177643
6162.200000000001			0.7911303906225456
6163.1			0.8369609602098095
6164.0			0.9272210819681566
6164.9			0.994401071646268
6165.8			1.0
6166.700000000001			1.0
6167.6			1.0
6168.5			1.0
6169.4			1.0
6170.3			1.0
6171.200000000001			1.0
6172.1			1.0
6173.0			1.0
6173.9			1.0
6174.8			1.0
6175.700000000001			1.0
6176.6			1.0
6177.5			1.0
6178.4			1.0
6179.3			1.0
6180.200000000001			1.0
6181.1			1.0
6182.0			1.0
6182.9			1.0
6183.8			1.0
6184.700000000001			1.0
6185.6			1.0
6186.5			1.0
6187.4			1.0
6188.3			1.0
6189.200000000001			1.0029144456037125
6190.1			0.9761063496115188
6191.0			0.925473205926679
6191.9			0.9142358553071793
6192.8			0.9590767619115177
6193.700000000001			0.9957014623825167
6194.6			0.9978734451336833
6195.5			1.0
6196.4			1.0
6197.3			1.0
6198.200000000001			1.0
6199.1			1.0
6200.0			1.0
6200.9			1.0
6201.8			1.0
6202.700000000001			1.0
6203.6			1.0
6204.5			1.0
6205.4			1.0
6206.3			1.0
6207.200000000001			1.0
6208.1			1.0
6209.0			1.0
6209.9			1.0
6210.8			1.0
6211.700000000001			1.0
6212.6			1.0
6213.5			1.0
6214.4			1.0
6215.3			1.0
6216.200000000001			1.0
6217.1			1.0
6218.0			1.0
6218.9			1.0
6219.8			1.0
6220.700000000001			1.0
6221.6			1.0
6222.5			1.0
6223.4			1.0
6224.3			1.0
6225.200000000001			1.0
6226.1			1.0
6227.0			0.9952804322664621
6227.9			0.9865938161848665
6228.8			0.9607206160436157
6229.700000000001			0.9169719326188229
6230.6			0.8837227397247711
6231.5			0.8924486759680934
6232.4			0.9277676721741134
6233.3			0.9643806751030441
6234.200000000001			0.9995717168111106
6235.1			1.0
6236.0			1.0
6236.9			1.0
6237.8			1.0
6238.700000000001			1.0
6239.6			1.0
6240.5			1.0
6241.4			1.0
6242.3			1.0
6243.200000000001			1.0
6244.1			1.0
6245.0			1.0057175444622384
6245.9			1.0049275189155642
6246.8			1.0201342726186162
6247.700000000001			1.0578061967751218
6248.6			1.0818401282509549
6249.5			1.0819286171622307
6250.4			1.0628241587652516
6251.3			1.0215608553651325
6252.200000000001			0.9713429692359655
6253.1			0.9448721952148864
6254.0			0.945723303225164
6254.9			0.9570554027641999
6255.8			0.966393583021232
6256.700000000001			0.9659673931801822
6257.6			0.9573887629403182
6258.5			0.9456454071184527
6259.4			0.9574376596074123
6260.3			0.9844119951302751
6261.200000000001			1.0012074686698984
6262.1			1.0
6263.0			1.0
6263.9			1.0
6264.8			1.0
6265.700000000001			1.0
6266.6			1.0
6267.5			1.0
6268.4			1.0
6269.3			1.0
6270.200000000001			1.0
6271.1			1.0
6272.0			1.0
6272.9			1.0
6273.8			1.0
6274.700000000001			1.0
6275.6			1.0
6276.5			1.0
6277.4			1.0
6278.3			1.0
6279.200000000001			1.0
6280.1			1.0
6281.0			1.0
6281.9			1.0
6282.8			1.0
6283.700000000001			1.0
6284.6			1.0
6285.5			1.0
6286.4			1.0
6287.3			1.0
6288.200000000001			1.0
6289.1			1.0
6290.0			1.0
6290.9			1.0
6291.8			1.0
6292.700000000001			1.0
6293.6			1.0
6294.5			1.0
6295.4			1.0
6296.3			1.0
6297.200000000001			1.0
6298.1			1.0
6299.0			1.005128286986393
6299.9			1.0009160257696552
6300.8			0.9679024148302874
6301.700000000001			0.9349192784163785
6302.6			0.9448134510558232
6303.5			0.9822262377631521
6304.4			1.0030664477122153
6305.3			1.0
6306.200000000001			1.0
6307.1			1.0
6308.0			1.0
6308.9			1.0
6309.8			1.0
6310.700000000001			1.0
6311.6			1.0
6312.5			1.0
6313.4			0.9964031524123088
6314.3			0.9631499241724428
6315.200000000001			0.939530413146701
6316.1			0.944539083242163
6317.0			0.9356509130375464
6317.9			0.8981466073566373
6318.8			0.8856894624629712
6319.700000000001			0.9224516728263549
6320.6			0.9645199015388364
6321.5			0.969920673218438
6322.4			0.9604801994274187
6323.3			0.9745306822302713
6324.200000000001			1.0005132694152696
6325.1			1.0
6326.0			1.0
6326.9			1.0
6327.8			1.0
6328.700000000001			1.0
6329.6			1.0
6330.5			1.0
6331.4			1.0
6332.3			1.0
6333.200000000001			1.0
6334.1			1.0
6335.0			1.0
6335.9			1.0
6336.8			1.0
6337.700000000001			1.0
6338.6			1.0
6339.5			1.0
6340.4			1.0
6341.3			1.0
6342.200000000001			1.0
6343.1			1.0
6344.0			1.0
6344.9			1.0
6345.8			1.0
6346.700000000001			1.0
6347.6			1.0
6348.5			1.0
6349.4			1.0
6350.3			1.0
6351.200000000001			1.0
6352.1			1.0
6353.0			1.0
6353.9			1.0
6354.8			1.0
6355.700000000001			1.0067853947688299
6356.6			1.017539908126008
6357.5			0.9991328571732312
6358.4			0.9671595308106211
6359.3			0.947451919967723
6360.200000000001			0.9334426952739916
6361.1			0.911861908846216
6362.0			0.8965028341581278
6362.9			0.9042571761958714
6363.8			0.9296828091349615
6364.700000000001			0.9565475699611826
6365.6			0.9753875537303893
6366.5			0.9879363624419953
6367.4			0.9990766942493357
6368.3			1.0012677471321818
6369.200000000001			1.0
6370.1			1.0
6371.0			1.0
6371.9			1.0
6372.8			1.0
6373.700000000001			1.0
6374.6			1.0
6375.5			1.0
6376.4			1.0
6377.3			1.0
6378.200000000001			1.0
6379.1			1.0
6380.0			1.0
6380.9			1.0
6381.8			1.0
6382.700000000001			1.0
6383.6			1.0
6384.5			1.0
6385.4			1.0
6386.3			1.0
6387.200000000001			1.0
6388.1			1.0
6389.0			1.0
6389.9			1.0
6390.8			1.0
6391.700000000001			1.0
6392.6			1.0
6393.5			1.0
6394.4			1.0
6395.3			1.0
6396.200000000001			1.0
6397.1			1.003194543781671
6398.0			0.9746652067286322
6398.9			0.9149892149174254
6399.8			0.8689970855318222
6400.700000000001			0.8924010480842278
6401.6			0.9591789563759995
6402.5			1.000604433433492
6403.4			1.0
6404.3			1.0
6405.200000000001			1.0
6406.1			1.0
6407.0			1.0
6407.9			1.0
6408.8			1.0
6409.700000000001			1.0
6410.6			1.0
6411.5			1.0
6412.4			1.0
6413.3			1.0
6414.200000000001			1.0
6415.1			1.0
6416.0			1.0
6416.9			1.0
6417.8			1.0
6418.700000000001			1.0
6419.6			1.0
6420.5			1.0
6421.4			1.0
6422.3			1.0
6423.200000000001			1.0
6424.1			1.0
6425.0			1.0
6425.9			1.0
6426.8			1.0
6427.700000000001			1.0
6428.6			1.0
6429.5			1.0
6430.4			1.0
6431.3			1.0
6432.200000000001			1.0
6433.1			1.0
6434.0			1.0
6434.9			1.0
6435.8			0.9994496705131005
6436.700000000001			0.9798673414673875
6437.6			0.9384310032921765
6438.5			0.8997865530799372
6439.4			0.9082495086636722
6440.3			0.9590774682140486
6441.200000000001			1.0008031171644414
6442.1			1.0
6443.0			1.0
6443.9			1.0
6444.8			1.0
6445.700000000001			1.0
6446.6			1.0
6447.5			0.9781306296747599
6448.4			0.9265055578186604
6449.3			0.8714357410510537
6450.200000000001			0.8712399523668236
6451.1			0.9269875721378202
6452.0			0.9802471144897025
6452.9			1.0003197387083433
6453.8			1.0
6454.700000000001			1.0
6455.6			0.9928830403406914
6456.5			1.013839289658478
6457.4			1.0514217228659901
6458.3			1.0826288924406209
6459.200000000001			1.0986570379587237
6460.1			1.094059206403164
6461.0			1.058227288001802
6461.9			1.0078937535627253
6462.8			0.9992180627569791
6463.700000000001			0.9223345310221271
6464.6			0.9706259843300122
6465.5			1.0007190212264268
6466.4			1.0
6467.3			1.0
6468.200000000001			1.0
6469.1			1.0
6470.0			1.0
6470.9			1.0
6471.8			1.0
6472.700000000001			1.0
6473.6			1.0
6474.5			1.0
6475.4			1.0
6476.3			1.0
6477.200000000001			1.0
6478.1			1.0001351658344564
6479.0			0.9931233048345073
6479.9			0.9862921376204413
6480.8			0.9702574204793621
6481.700000000001			0.9463716204397792
6482.6			0.9365998370536481
6483.5			0.9512284052871328
6484.4			0.9772773656879999
6485.3			0.995906201749024
6486.200000000001			1.0016867818522819
6487.1			1.0015199548556855
6488.0			1.0008322475355205
6488.9			0.9954689583480121
6489.8			0.9800625240132734
6490.700000000001			0.9634980673046712
6491.6			0.9471921532665006
6492.5			0.9121701459947671
6493.4			0.8494802044924896
6494.3			0.7954130937248486
6495.200000000001			0.7933801674186723
6496.1			0.8380305700203471
6497.0			0.8903729959887238
6497.9			0.9196713743529912
6498.8			0.9230374510983587
6499.700000000001			0.9284883612116134
6500.6			0.9503102039747428
6501.5			0.9698110602119251
6502.4			0.9783181446606866
6503.3			0.9807320536166548
6504.200000000001			0.9827868052038408
6505.1			0.9888768017824604
6506.0			0.9973935783777219
6506.9			0.9996561758354107
6507.8			0.9904380803229768
6508.700000000001			0.9819074568817915
6509.6			0.9839076970795134
6510.5			0.9916122938255857
6511.4			0.9941733681708896
6512.3			0.9909952404297167
6513.200000000001			0.9873697091979778
6514.1			0.9809803750624387
6515.0			0.9709698800939758
6515.9			0.9632018201392132
6516.8			0.9571374334622561
6517.700000000001			0.9467666540252131
6518.6			0.9428449028395652
6519.5			0.961339519272599
6520.4			0.9868500629202361
6521.3			0.997701554357777
6522.200000000001			0.9953660656020785
6523.1			0.9917683067740072
6524.0			0.9952974866688904
6524.9			0.9954344961653523
6525.8			0.9790715903791412
6526.700000000001			0.9594178723345668
6527.6			0.9576162013726177
6528.5			0.9731494823844468
6529.4			0.9902696618510046
6530.3			0.995456870797812
6531.200000000001			0.9841104386828329
6532.1			0.9659714768234529
6533.0			0.9577127729176497
6533.9			0.9677561348685018
6534.8			0.9881956310956928
6535.700000000001			0.9996091595814756
6536.6			1.0
6537.5			1.0
6538.4			1.0
6539.3			1.0
6540.200000000001			1.0
6541.1			1.0
6542.0			1.0
6542.9			1.0
6543.8			1.0
6544.700000000001			1.0
6545.6			0.9810309430421419
6546.5			0.9771259388701828
6547.4			0.9947719878306415
6548.3			1.01605978809149
6549.200000000001			1.0288051813366064
6550.1			1.0305369692318096
6551.0			1.0233242451345061
6551.9			1.0122159595585696
6552.8			0.9997861464568685
6553.700000000001			0.9810273813034762
6554.6			0.9560779789859633
6555.5			0.9426904766060741
6556.4			0.9501746248965409
6557.3			0.9643993176845174
6558.200000000001			1.0
6559.1			0.9838087435006325
6560.0			0.9377529152607328
6560.9			0.8448505660301902
6561.8			0.7234213383903273
6562.700000000001			0.6669369619811035
6563.6			0.7445190955533398
6564.5			0.8855300552140182
6565.4			0.9822737058478
6566.3			1.020129890551953
6567.200000000001			1.0265450586656186
6568.1			1.0140178918472196
6569.0			1.001950704139767
6569.9			1.0074834493116602
6570.8			1.0163189020373569
6571.700000000001			1.0112482001195575
6572.6			0.9976059471583122
6573.5			0.9862834195223984
6574.4			0.9853147086149668
6575.3			1.0001346368714965
6576.200000000001			1.0244174431124222
6577.1			1.0442675982754817
6578.0			1.053006447852372
6578.9			1.0478102249917893
6579.8			1.0339230154270893
6580.700000000001			1.0222442507443985
6581.6			1.0190622494046322
6582.5			1.0237189220157155
6583.4			1.0329257350827243
6584.3			1.0362392966467866
6585.200000000001			1.0273434822604912
6586.1			1.0211771613421126
6587.0			1.0317687378187943
6587.9			1.046967350764671
6588.8			1.0537258328461816
6589.700000000001			1.0516819826360744
6590.6			1.0332989065995872
6591.5			0.9908862887064047
6592.4			0.9430236000342322
6593.3			0.9311053266769903
6594.200000000001			0.9650521664736212
6595.1			1.0066347699826346
6596.0			1.0226302954258413
6596.9			1.0162179018595465
6597.8			1.0060963751603307
6598.700000000001			1.00969183145621
6599.6			1.029178373055474
6600.5			1.048400362241367
6601.4			1.0555715411172966
6602.3			1.0527468673230003
6603.200000000001			1.0429775828988497
6604.1			1.027384952290861
6605.0			1.0129089375439457
6605.9			1.0041589676968272
6606.8			0.9973601759432764
6607.700000000001			0.9838989095343692
6608.6			0.9695412412486821
6609.5			0.9742092543538097
6610.4			1.0000524111296039
6611.3			1.0249080786173368
6612.200000000001			1.0324254405653817
6613.1			1.0305518828477416
6614.0			1.0341197124322108
6614.9			1.0403557353277897
6615.8			1.0401422289550921
6616.700000000001			1.0353102549439734
6617.6			1.0328260947346943
6618.5			1.0374723638479395
6619.4			1.047838676100748
6620.3			1.0550291871747675
6621.200000000001			1.0514977904706422
6622.1			1.0394677736508016
6623.0			1.0255919707914523
6623.9			1.0130304638474374
6624.8			1.0055263892017703
6625.700000000001			1.0072533599647997
6626.6			1.012507059200375
6627.5			1.0164527204674025
6628.4			1.0192356599790173
6629.3			1.0145338553882546
6630.200000000001			1.0016131285163647
6631.1			0.9854394266929162
6632.0			0.9639132228161031
6632.9			0.9388454869208682
6633.8			0.9281399576428392
6634.700000000001			0.9472785099085501
6635.6			0.983096513632358
6636.5			1.0089484205516321
6637.4			1.0142271096570612
6638.3			1.005523517311452
6639.200000000001			0.9965920854329197
6640.1			0.9987557649424292
6641.0			1.0040010842650022
6641.9			0.9920233397482373
6642.8			0.9685666679855902
6643.700000000001			0.9640466314791765
6644.6			0.9843002578622984
6645.5			1.0017121059394745
6646.4			1.0012824393702244
6647.3			0.9962928818334678
6648.200000000001			0.9995498256142513
6649.1			1.0088212931210998
6650.0			1.0144685440474652
6650.9			1.0111927479519565
6651.8			1.0034869379124598
6652.700000000001			0.9999746198090042
6653.6			1.0060831185505963
6654.5			1.0158302912298842
6655.4			1.0152882744446894
6656.3			1.0061475473766943
6657.200000000001			1.0037754562497199
6658.1			1.0082037471931897
6659.0			1.0059651760157415
6659.9			0.9935382510197582
6660.8			0.9796125049096944
6661.700000000001			0.9641893163292525
6662.6			0.9448580880303301
6663.5			0.9382953988056608
6664.4			0.9526503093200178
6665.3			0.9691366993411605
6666.200000000001			0.9743597560918982
6667.1			0.9708632510152175
6668.0			0.9700431322054472
6668.9			0.9787734068829803
6669.8			0.9912395637864178
6670.700000000001			0.9984016543133523
6671.6			1.0007992446348704
6672.5			1.0042051678491581
6673.4			1.0081211496358187
6674.3			1.0090156363907814
6675.200000000001			1.0012469873872185
6676.1			0.9756984112867177
6677.0			0.9368141397151354
6677.9			0.9169511592080927
6678.8			0.9390381727746899
6679.700000000001			0.9774939030224845
6680.6			0.9972731752010698
6681.5			0.9999759016743959
6682.4			1.0
6683.3			1.0
6684.200000000001			1.0
6685.1			1.0
6686.0			1.0
6686.9			1.0
6687.8			1.0
6688.700000000001			1.0
6689.6			1.0
6690.5			1.0
6691.4			1.0
6692.3			1.0
6693.200000000001			1.0
6694.1			1.0
6695.0			1.0
6695.9			1.0
6696.8			1.0
6697.700000000001			1.0
6698.6			1.0
6699.5			1.0
6700.4			1.0
6701.3			1.0
6702.200000000001			1.0
6703.1			1.0
6704.0			1.0
6704.9			1.0
6705.8			1.0
6706.700000000001			1.0
6707.6			1.0
6708.5			1.0
6709.4			1.0
6710.3			1.0
6711.200000000001			1.0
6712.1			1.0
6713.0			1.0
6713.9			1.0
6714.8			1.0
6715.700000000001			1.0
6716.6			1.0
6717.5			1.0
6718.4			1.0
6719.3			1.0
6720.200000000001			1.0
6721.1			1.0
6722.0			1.0
6722.9			1.0
6723.8			1.0
6724.700000000001			1.0
6725.6			1.0
6726.5			1.0
6727.4			1.0
6728.3			1.0
6729.200000000001			1.0
6730.1			1.0
6731.0			1.0
6731.9			1.0
6732.8			1.0
6733.700000000001			1.0
6734.6			1.0
6735.5			1.0
6736.4			1.0
6737.3			1.0
6738.200000000001			1.0
6739.1			1.0
6740.0			1.0
6740.9			1.0
6741.8			1.0
6742.700000000001			1.0
6743.6			1.0
6744.5			1.0
6745.4			1.0
6746.3			1.0
6747.200000000001			1.0
6748.1			1.0
6749.0			1.0
6749.9			1.0
6750.8			1.0
6751.700000000001			1.0
6752.6			1.0
6753.5			1.0
6754.4			1.0
6755.3			1.0
6756.200000000001			1.0
6757.1			1.0
6758.0			1.0
6758.9			1.0
6759.8			1.0
6760.700000000001			1.0
6761.6			1.0
6762.5			1.0
6763.4			1.0
6764.3			1.0
6765.200000000001			1.0
6766.1			1.0
6767.0			1.0
6767.9			1.0
6768.8			1.0
6769.700000000001			1.0
6770.6			1.0
6771.5			1.0
6772.4			1.0
6773.3			1.0
6774.200000000001			1.0
6775.1			1.0
6776.0			1.0
6776.9			1.0
6777.8			1.0
6778.700000000001			1.0
6779.6			1.0
6780.5			1.0
6781.4			1.0
6782.3			1.0
6783.200000000001			1.0
6784.1			1.0
6785.0			1.0
6785.9			1.0
6786.8			1.0
6787.700000000001			1.0
6788.6			1.0
6789.5			1.0
6790.4			1.0
6791.3			1.0
6792.200000000001			1.0
6793.1			1.0
6794.0			1.0
6794.9			1.0
6795.8			1.0
6796.700000000001			1.0
6797.6			1.0
6798.5			1.0
6799.4			1.0
6800.3			1.0
6801.200000000001			1.0
6802.1			1.0
6803.0			1.0
6803.9			1.0
6804.8			1.0
6805.700000000001			1.0
6806.6			1.0
6807.5			1.0
6808.4			1.0
6809.3			1.0
6810.200000000001			1.0
6811.1			1.0
6812.0			1.0
6812.9			1.0
6813.8			1.0
6814.700000000001			1.0
6815.6			1.0
6816.5			1.0
6817.4			1.0
6818.3			1.0
6819.200000000001			1.0
6820.1			1.0
6821.0			1.0
6821.9			1.0
6822.8			1.0
6823.700000000001			1.0
6824.6			1.0
6825.5			1.0
6826.4			1.0
6827.3			1.0
6828.200000000001			1.0
6829.1			1.0
6830.0			1.0
6830.9			1.0
6831.8			1.0
6832.700000000001			1.0
6833.6			1.0
6834.5			1.0
6835.4			1.0
6836.3			1.0
6837.200000000001			1.0
6838.1			1.0
6839.0			1.0
6839.9			1.0
6840.8			1.0
6841.700000000001			1.0
6842.6			1.0
6843.5			1.0
6844.4			1.0
6845.3			1.0
6846.200000000001			1.0
6847.1			1.0
6848.0			1.0
6848.9			1.0
6849.8			1.0
6850.700000000001			1.0
6851.6			1.0
6852.5			1.0
6853.4			1.0
6854.3			1.0
6855.200000000001			1.0
6856.1			1.0
6857.0			1.0
6857.9			1.0
6858.8			1.0
6859.700000000001			1.0
6860.6			1.0
6861.5			1.0
6862.4			1.0
6863.3			1.0
6864.200000000001			1.0
6865.1			1.0
6866.0			1.0
6866.9			1.0
6867.8			1.0
6868.700000000001			1.0
6869.6			1.0
6870.5			1.0
6871.4			1.0
6872.3			1.0
6873.200000000001			1.0
6874.1			1.0
6875.0			1.0
6875.9			1.0
6876.8			1.0
6877.700000000001			1.0
6878.6			1.0
6879.5			1.0
6880.4			1.0
6881.3			1.0
6882.200000000001			1.0
6883.1			1.0
6884.0			1.0
6884.9			1.0
6885.8			1.0
6886.700000000001			1.0
6887.6			1.0
6888.5			1.0
6889.4			1.0
6890.3			1.0
6891.200000000001			1.0
6892.1			1.0
6893.0			1.0
6893.9			1.0
6894.8			1.0
6895.700000000001			1.0
6896.6			1.0
6897.5			1.0
6898.4			1.0
6899.3			1.0
6900.200000000001			1.0
6901.1			1.0
6902.0			1.0
6902.9			1.0
6903.8			1.0
6904.700000000001			1.0
6905.6			1.0
6906.5			1.0
6907.4			1.0
6908.3			1.0
6909.200000000001			1.0
6910.1			1.0
6911.0			1.0
6911.9			1.0
6912.8			1.0
6913.700000000001			1.0
6914.6			1.0
6915.5			1.0
6916.4			1.0
6917.3			1.0
6918.200000000001			1.0
6919.1			1.0
6920.0			1.0
6920.9			1.0
6921.8			1.0
6922.700000000001			1.0
6923.6			1.0
6924.5			1.0
6925.4			1.0
6926.3			1.0
6927.200000000001			1.0
6928.1			1.0
6929.0			1.0
6929.9			1.0
6930.8			1.0
6931.700000000001			1.0
6932.6			1.0
6933.5			1.0
6934.4			1.0
6935.3			1.0
6936.200000000001			1.0
6937.1			1.0
6938.0			1.0
6938.9			1.0
6939.8			1.0
6940.700000000001			1.0
6941.6			1.0
6942.5			1.0
6943.4			1.0
6944.3			1.0
6945.200000000001			1.0
6946.1			1.0
6947.0			1.0
6947.9			1.0
6948.8			1.0
6949.700000000001			1.0
6950.6			1.0
6951.5			1.0
6952.4			1.0
6953.3			1.0
6954.200000000001			1.0
6955.1			1.0
6956.0			1.0
6956.9			1.0
6957.8			1.0
6958.700000000001			1.0
6959.6			1.0
6960.5			1.0
6961.4			1.0
6962.3			1.0
6963.200000000001			1.0
6964.1			1.0
6965.0			1.0
6965.9			1.0
6966.8			1.0
6967.700000000001			1.0
6968.6			1.0
6969.5			1.0
6970.4			1.0
6971.3			1.0
6972.200000000001			1.0
6973.1			1.0
6974.0			0.9916715365782821
6974.9			0.9695576375506832
6975.8			0.9429005194653587
6976.700000000001			0.9173975616564543
6977.6			0.8956948575565075
6978.5			0.8917866440064787
6979.4			0.9178434443430336
6980.3			0.9569639230187741
6981.200000000001			0.985871049182962
6982.1			1.0035090873553216
6983.0			1.013681540043863
6983.9			1.0151379263393656
6984.8			1.011523416382553
6985.700000000001			1.0077610433745787
6986.6			1.002878903846408
6987.5			0.9947277014028961
6988.4			0.9879751910069845
6989.3			0.9914326576532378
6990.200000000001			1.0022989830894928
6991.1			1.008646120872296
6992.0			1.0074507488510402
6992.9			1.001246727898379
6993.8			0.9950906990050394
6994.700000000001			0.9965542092278824
6995.6			1.001671491686521
6996.5			0.9973743811039064
6997.4			0.9824496655374039
6998.3			0.9625019626750085
6999.200000000001			0.9460866328445277
7000.1			0.9468679607550982
7001.0			0.9631377559628133
7001.9			0.972532013209923
7002.8			0.9615511231724676
7003.700000000001			0.9416889012298632
7004.6			0.9280689273482866
7005.5			0.9240829378246361
7006.4			0.9310350725239469
7007.3			0.9491878914406288
7008.200000000001			0.9708087109435835
7009.1			0.9831246091246688
7010.0			0.9786313883972231
7010.9			0.9668134168959888
7011.8			0.9625616958264911
7012.700000000001			0.9700993989416623
7013.6			0.9735219763092734
7014.5			0.9491271102411275
7015.4			0.9035264621451325
7016.3			0.8839306552999093
7017.200000000001			0.9175849565097669
7018.1			0.9701483872662147
7019.0			1.0022436315336076
7019.9			1.0114960228046046
7020.8			1.0054287504282948
7021.700000000001			0.9798815763271587
7022.6			0.9435573398162389
7023.5			0.9230400653471353
7024.4			0.9310444049539339
7025.3			0.9519216735507822
7026.200000000001			0.9673559036231711
7027.1			0.9737439296979736
7028.0			0.9769118988378237
7028.9			0.9792113071229994
7029.8			0.978852510550695
7030.700000000001			0.976131256814461
7031.6			0.9731534799807081
7032.5			0.9700846722239694
7033.4			0.9605619682578234
7034.3			0.9515538942043025
7035.200000000001			0.9587491300806685
7036.1			0.9704201067210348
7037.0			0.9605080675400981
7037.9			0.9400757428358036
7038.8			0.9457138979638391
7039.700000000001			0.9826982805968342
7040.6			1.0198018962978297
7041.5			1.0350469759734182
7042.4			1.0295950384540002
7043.3			1.01443448671669
7044.200000000001			1.0027989219037015
7045.1			1.0026967390638675
7046.0			1.0117701148217717
7046.9			1.024594211789057
7047.8			1.03562010075915
7048.700000000001			1.0387020493901848
7049.6			1.031834690023515
7050.5			1.0146056679337299
7051.4			0.9878858387029349
7052.3			0.9656848256862105
7053.200000000001			0.9674852537778064
7054.1			0.9862118811632271
7055.0			0.9999075836885981
7055.9			1.0051885281722874
7056.8			1.009775314829808
7057.700000000001			1.0084939620296456
7058.6			0.991912718653117
7059.5			0.96569320070501
7060.4			0.9532373881620596
7061.3			0.965419285397616
7062.200000000001			0.9831886034786397
7063.1			0.997034122496602
7064.0			1.0154621307131453
7064.9			1.0236529215533618
7065.8			1.002248740336071
7066.700000000001			0.963315806286646
7067.6			0.9346108690490699
7068.5			0.9400290433305079
7069.4			0.9750122748297443
7070.3			1.0033793908301263
7071.200000000001			1.0042785494302366
7072.1			0.9958684160555064
7073.0			0.9979276653800758
7073.9			1.0076328098524618
7074.8			1.017584165833845
7075.700000000001			1.0253923126541087
7076.6			1.0281463195463874
7077.5			1.0268714448266174
7078.4			1.025294778430156
7079.3			1.0274674853308197
7080.200000000001			1.0325730016132864
7081.1			1.0282085701700758
7082.0			1.0044575690100193
7082.9			0.9623876017730223
7083.8			0.9248959441670114
7084.700000000001			0.9233784926710067
7085.6			0.9565416698969195
7086.5			0.9881582972206231
7087.4			0.9998291201279043
7088.3			0.9982244165085427
7089.200000000001			0.9845541507074126
7090.1			0.967464860937295
7091.0			0.9646251779027716
7091.9			0.9737035573066327
7092.8			0.9798760841654865
7093.700000000001			0.9805632152059485
7094.6			0.9772912792613092
7095.5			0.9761045113527016
7096.4			0.9835494788359698
7097.3			0.9953600452107714
7098.200000000001			1.002479519616993
7099.1			1.001918287773184
7100.0			0.9995544427215026
7100.9			0.9994405927289782
7101.8			1.0023255505761832
7102.700000000001			1.0092595510601454
7103.6			1.0159503494873434
7104.5			1.019301291618879
7105.4			1.0142123950904982
7106.3			1.0009514975350502
7107.200000000001			0.9921167478349028
7108.1			0.9927103065241883
7109.0			0.992107167021214
7109.9			0.9783074394887743
7110.8			0.9603233512743012
7111.700000000001			0.9586370731548243
7112.6			0.9713866542490862
7113.5			0.9821172510878938
7114.4			0.9877718872338667
7115.3			0.9913106755796497
7116.200000000001			0.9923958689206946
7117.1			0.9865089333823408
7118.0			0.9772115109002361
7118.9			0.9735076410442892
7119.8			0.9741385985017396
7120.700000000001			0.9726096360803973
7121.6			0.966252378969634
7122.5			0.9737008092190629
7123.4			0.9997045261877466
7124.3			1.0
7125.200000000001			1.0
7126.1			1.0
7127.0			1.0
7127.9			1.0
7128.8			1.0
7129.700000000001			1.0
7130.6			1.0
7131.5			1.0
7132.4			1.0
7133.3			1.0
7134.200000000001			1.0
7135.1			1.0
7136.0			1.0
7136.9			1.0
7137.8			1.0
7138.700000000001			0.9900292111728175
7139.6			0.9836947010273405
7140.5			0.9901928155316823
7141.4			0.9942801375295455
7142.3			0.9874533997881592
7143.200000000001			0.9822624652168356
7144.1			0.9812432205972007
7145.0			0.9827545364547129
7145.9			0.9834722510616636
7146.8			0.9661573913654625
7147.700000000001			0.9367252397953103
7148.6			0.9285993099142325
7149.5			0.9474077355420365
7150.4			0.9654399769849588
7151.3			0.9805825990560555
7152.200000000001			0.998727487228928
7153.1			1.0047691086575692
7154.0			0.9936128465534793
7154.9			0.9808086882131589
7155.8			0.9858924643137331
7156.700000000001			1.0047061388387373
7157.6			1.0130399168965551
7158.5			1.0062215294573376
7159.4			0.9976560994765098
7160.3			0.9934636983711337
7161.200000000001			0.9949371659020235
7162.1			0.9923952328741771
7163.0			0.9661224401673136
7163.9			0.9209102547440433
7164.8			0.8955387557893068
7165.700000000001			0.915931936282325
7166.6			0.9589172391638667
7167.5			0.9910380348469853
7168.4			0.9998267651953193
7169.3			0.9897496209556123
7170.200000000001			0.9831283212870532
7171.1			0.9909723083353662
7172.0			1.0010928226154177
7172.9			0.9999507342544511
7173.8			0.991606791927419
7174.700000000001			0.9756325218627875
7175.6			0.9565523580204642
7176.5			0.9557241940885195
7177.4			0.9766028702741406
7178.3			0.9854480303421577
7179.200000000001			0.9682165833562073
7180.1			0.9429645546512169
7181.0			0.9284735052837715
7181.9			0.9446400890269253
7182.8			0.9790942119719794
7183.700000000001			1.0001204972780866
7184.6			0.9922496096728541
7185.5			0.9630930385140679
7186.4			0.9274245111155959
7187.3			0.9095621239603807
7188.200000000001			0.9172974166878519
7189.1			0.9304421001374099
7190.0			0.9419616570568883
7190.9			0.9438202669664687
7191.8			0.9233983555658284
7192.700000000001			0.8992661624144263
7193.6			0.9017088077625824
7194.5			0.9280243687976334
7195.4			0.9490110975851909
7196.3			0.9584581915132052
7197.200000000001			0.9665850111634751
7198.1			0.9807364795088609
7199.0			0.9932327507630697
7199.9			0.995475496126966
7200.8			0.9822089862515432
7201.700000000001			0.9659608207265334
7202.6			0.9696297858821626
7203.5			0.9967660943043205
7204.4			1.017238021882552
7205.3			1.0011233010007556
7206.200000000001			0.9461138309037326
7207.1			0.89872884098976
7208.0			0.8999457053469494
7208.9			0.9379125396163044
7209.8			0.981088110929138
7210.700000000001			1.01308369939489
7211.6			1.0180107631061202
7212.5			1.0056103127286966
7213.4			0.9941088879089612
7214.3			0.9884400748445354
7215.200000000001			0.9889577980112564
7216.1			0.9978146165949047
7217.0			1.012222557818376
7217.9			1.0207753259670638
7218.8			1.0135419120546807
7219.700000000001			0.9986420214240118
7220.6			0.9851280619672381
7221.5			0.9789227386536987
7222.4			0.9776478633079019
7223.3			0.9816340032946896
7224.200000000001			0.9949307600911819
7225.1			1.0116243186896987
7226.0			1.02132282774161
7226.9			1.0229661646110269
7227.8			1.0098734110591316
7228.700000000001			0.9967683161243999
7229.6			1.002678135005355
7230.5			1.0214192254687589
7231.4			1.0351564674131783
7232.3			1.0440962610561801
7233.200000000001			1.047182800958106
7234.1			1.0377589282217146
7235.0			1.0145515424319136
7235.9			0.9983051170212265
7236.8			0.996212387532097
7237.700000000001			0.9974788918636592
7238.6			0.9926650163171973
7239.5			0.9876791337045262
7240.4			0.9949134891115701
7241.3			1.0083347297624232
7242.200000000001			1.0160669962355804
7243.1			1.0075925811924535
7244.0			0.9841993345120733
7244.9			0.9676617332587072
7245.8			0.9773848052845837
7246.700000000001			0.9997819750776498
7247.6			1.0136563144550803
7248.5			1.0128433715068526
7249.4			0.9999993434986281
7250.3			0.9786265084117269
7251.200000000001			0.9671524852496366
7252.1			0.9800547592615724
7253.0			1.0049497462671202
7253.9			1.0183157209544478
7254.8			1.0169990912656248
7255.700000000001			1.0189528462322641
7256.6			1.026680134622517
7257.5			1.0
7258.4			0.9954692593054671
7259.3			0.9826772958261584
7260.200000000001			0.958509007875648
7261.1			0.9395476200719267
7262.0			1.0
7262.9			1.0391235113235298
7263.8			1.0697810221707533
7264.700000000001			1.0877365068827702
7265.6			1.1016164858354691
7266.5			1.1077196679964516
7267.4			1.0997326652045734
7268.3			1.0834199341594504
7269.200000000001			1.0793147839015287
7270.1			1.0892408856127318
7271.0			1.0998521171619087
7271.9			1.106340710168484
7272.8			1.1047812329552755
7273.700000000001			1.0961283978583167
7274.6			1.0868969099423607
7275.5			1.087036515541861
7276.4			1.0973416213783536
7277.3			1.1008557709484175
7278.200000000001			1.1000185873684294
7279.1			1.1110591677012835
7280.0			1.124003476298926
7280.9			1.109205873841618
7281.8			1.0669340975689874
7282.700000000001			1.0347247715844123
7283.6			1.0378585254048693
7284.5			1.0649417203500426
7285.4			1.0961953924793186
7286.3			1.118183839662556
7287.200000000001			1.1067681275346783
7288.1			1.0689280841222104
7289.0			1.050419022073453
7289.9			1.0626049755551816
7290.8			1.0735368867290913
7291.700000000001			1.0715583948055014
7292.6			1.0833734963499624
7293.5			1.1179501917728005
7294.4			1.1583965535158132
7295.3			1.190204768859241
7296.200000000001			1.2084178898590083
7297.1			1.2113845507978351
7298.0			1.2036183136963092
7298.9			1.1959803744007929
7299.8			1.1937043902365598
7300.700000000001			1.203089514353561
7301.6			1.2210273999335155
7302.5			1.237157692167707
7303.4			1.2506038947192046
7304.3			1.2603250355213764
7305.200000000001			1.2521208723443074
7306.1			1.2224847209954532
7307.0			1.1957633973250743
7307.9			1.1996319618944489
7308.8			1.222325811295439
7309.700000000001			1.2286338425431471
7310.6			1.2145965210621619
7311.5			1.2141197358051392
7312.4			1.236359480495652
7313.3			1.2603619442050649
7314.200000000001			1.2750192681092212
7315.1			1.2806318684980542
7316.0			1.2775784064441265
7316.9			1.2758870071022952
7317.8			1.2834403852781087
7318.700000000001			1.2960998897883573
7319.6			1.2976708116386135
7320.5			1.2935520333853896
7321.4			1.3028196668874954
7322.3			1.3192216378499872
7323.200000000001			1.320971159346183
7324.1			1.302708874517714
7325.0			1.2687735577890422
7325.9			1.2453848584840366
7326.8			1.2642623511009146
7327.700000000001			1.3058091479213243
7328.6			1.3296284592159229
7329.5			1.3306806016694481
7330.4			1.3328076788672978
7331.3			1.346837598325922
7332.200000000001			1.3639753896585547
7333.1			1.3703762799662311
7334.0			1.371553458024249
7334.9			1.3900932817351204
7335.8			1.4223661804637688
7336.700000000001			1.4450702582257688
7337.6			1.4477180425786391
7338.5			1.4486184130372048
7339.4			1.4583131066193722
7340.3			1.4696927255222516
7341.200000000001			1.4750467043264504
7342.1			1.4659493749802446
7343.0			1.4434916454961404
7343.9			1.4283723061198206
7344.8			1.4384855970406862
7345.700000000001			1.4680758017947824
7346.6			1.4949556396740602
7347.5			1.5094989673326784
7348.4			1.506095874045363
7349.3			1.4861215794362748
7350.200000000001			1.4690316809004302
7351.1			1.473794180118858
7352.0			1.497379880536359
7352.9			1.5196372502562328
7353.8			1.5180625513649877
7354.700000000001			1.4895336830552852
7355.6			1.4611856773369691
7356.5			1.4666481323616978
7357.4			1.5015844725794225
7358.3			1.544050235603644
7359.200000000001			1.5704557188306876
7360.1			1.5562896495143566
7361.0			1.5096070592275528
7361.9			1.4737651459965804
7362.8			1.4799553164995052
7363.700000000001			1.5166645458391574
7364.6			1.5544727755369412
7365.5			1.5780054393221565
7366.4			1.5884446785799926
7367.3			1.5937254440548667
7368.200000000001			1.6002658358179436
7369.1			1.6103732665621993
7370.0			1.6298110688104166
7370.9			1.6486491516200157
7371.8			1.651613297048832
7372.700000000001			1.6448001864417887
7373.6			1.6481532519877848
7374.5			1.6567123562544641
7375.4			1.6606508482330204
7376.3			1.679430963201985
7377.200000000001			1.7213390362368943
7378.1			1.7607440535981376
7379.0			1.7700373980501969
7379.9			1.7445844178342362
7380.8			1.7019889604848382
7381.700000000001			1.6746841486679307
7382.6			1.6820716029747322
7383.5			1.6970531426786282
7384.4			1.6793010830793877
7385.3			1.634181773663409
7386.200000000001			1.5180693408097348
7387.1			2.1902478893703683
7388.0			2.74317582861433
7388.9			1.5120749238232556
7389.8			1.6792982425549008
7390.700000000001			1.7516644056507178
7391.6			1.7812632971863154
7392.5			1.76525351422151
7393.4			1.759545838312493
7394.3			1.797012682107227
7395.200000000001			1.8463884184638029
7396.1			1.8738965469622548
7397.0			1.885900825932849
7397.9			1.890354405968283
7398.8			1.881526112747037
7399.700000000001			1.8550857551680808
7400.6			1.840225720890691
7401.5			1.8745556898047742
7402.4			1.9433559824881412
7403.3			1.9977159302316687
7404.200000000001			2.0173319675123107
7405.1			2.0106983045540323
7406.0			2.000925953584799
7406.9			2.0049367618012046
7407.8			1.9952093627711112
7408.700000000001			1.9580687089980486
7409.6			1.9288264812316531
7410.5			1.9447850696326692
7411.4			1.8235556147210816
7412.3			1.1724295850745734
7413.200000000001			0.32637337190303
7414.1			0.00974042665154407
7415.0			2.9205437478848543e-05
7415.9			2.94090466646664e-05
7416.8			1.3976091033916285e-05
7417.700000000001			5.696373622795518e-07
7418.6			3.302631869106793e-09
7419.5			3.70479515193771e-12
7420.4			3.047121519425551e-05
7421.3			3.069292286893273e-05
7422.200000000001			3.091788046713212e-05
7423.1			3.114615997544516e-05
7424.0			3.1377835522304644e-05
7424.9			3.1612983458240295e-05
7425.8			3.18516824397703e-05
7426.700000000001			3.2094013517122325e-05
7427.6			3.2340060225989674e-05
7428.5			3.258990868354064e-05
7429.4			1.0
