3500.0			1.0
3500.9			1.0
3501.8			1.0
3502.7			1.0
3503.6			1.0
3504.5			1.0
3505.4			1.0
3506.3			1.0
3507.2			1.0
3508.1			1.0
3509.0			1.0
3509.9			1.0
3510.8			1.0
3511.7			1.0
3512.6			1.0
3513.5			1.0
3514.4			1.0
3515.3			1.0
3516.2			1.0
3517.1			1.0
3518.0			1.0
3518.9			1.0
3519.8			1.0
3520.7			1.0
3521.6			1.0
3522.5			1.0
3523.4			1.0
3524.3			1.0
3525.2			1.0
3526.1			1.0
3527.0			1.0
3527.9			1.0
3528.8			1.0
3529.7			1.0
3530.6			1.0
3531.5			1.0
3532.4			1.0
3533.3			1.0
3534.2			1.0
3535.1			1.0
3536.0			1.0
3536.9			1.0
3537.8			1.0
3538.7			1.0
3539.6			1.0
3540.5			1.0
3541.4			1.0
3542.3			1.0
3543.2			1.0
3544.1			1.0
3545.0			1.0
3545.9			1.0
3546.8			1.0
3547.7			1.0
3548.6			1.0
3549.5			1.0
3550.4			1.0
3551.3			1.0
3552.2			1.0
3553.1			1.0
3554.0			1.0
3554.9			1.0
3555.8			1.0
3556.7			1.0
3557.6			1.0
3558.5			1.0
3559.4			1.0
3560.3			1.0
3561.2			1.0
3562.1			1.0
3563.0			1.0
3563.9			1.0
3564.8			1.0
3565.7			1.0
3566.6			1.0
3567.5			1.0
3568.4			1.0
3569.3			1.0
3570.2			1.0
3571.1			1.0
3572.0			1.0
3572.9			1.0
3573.8			1.0
3574.7			1.0
3575.6			1.0
3576.5			1.0
3577.4			1.0
3578.3			1.0
3579.2			1.0
3580.1			1.0
3581.0			1.0
3581.9			1.0
3582.8			1.0
3583.7			1.0
3584.6			1.0
3585.5			1.0
3586.4			1.0
3587.3			1.0
3588.2			1.0
3589.1			1.0
3590.0			1.0
3590.9			1.0
3591.8			1.0
3592.7			1.0
3593.6			1.0
3594.5			1.0
3595.4			1.0
3596.3			1.0
3597.2			1.0
3598.1			1.0
3599.0			1.0
3599.9			1.0
3600.8			1.0
3601.7			1.0
3602.6			1.0
3603.5			1.0
3604.4			1.0
3605.3			1.0
3606.2			1.0
3607.1			1.0
3608.0			1.0
3608.9			1.0
3609.8			1.0
3610.7			1.0
3611.6			1.0
3612.5			1.0
3613.4			1.0
3614.3			1.0
3615.2			1.0
3616.1			1.0
3617.0			1.0
3617.9			1.0
3618.8			1.0
3619.7			1.0
3620.6			1.0
3621.5			1.0
3622.4			1.0
3623.3			1.0
3624.2			1.0
3625.1			1.0
3626.0			1.0
3626.9			1.0
3627.8			1.0
3628.7			1.0
3629.6			1.0
3630.5			1.0
3631.4			1.0
3632.3			1.0
3633.2			1.0
3634.1			1.0
3635.0			1.0
3635.9			1.0
3636.8			1.0
3637.7			1.0
3638.6			1.0
3639.5			1.0
3640.4			1.0
3641.3			1.0
3642.2			1.0
3643.1			1.0
3644.0			1.0
3644.9			1.0
3645.8			1.0
3646.7			1.0
3647.6			1.0
3648.5			1.0
3649.4			1.0
3650.3			1.0
3651.2			1.0
3652.1			1.0
3653.0			1.0
3653.9			1.0
3654.8			1.0
3655.7			1.0
3656.6			1.0
3657.5			1.0
3658.4			1.0
3659.3			1.0
3660.2			1.0
3661.1			1.0
3662.0			1.0
3662.9			1.0
3663.8			1.0
3664.7			1.0
3665.6			1.0
3666.5			1.0
3667.4			1.0
3668.3			1.0
3669.2			1.0
3670.1			1.0
3671.0			1.0
3671.9			1.0
3672.8			1.0
3673.7			1.0
3674.6			1.0
3675.5			1.0
3676.4			1.0
3677.3			1.0
3678.2			1.0
3679.1			1.0
3680.0			1.0
3680.9			1.0
3681.8			1.0
3682.7			1.0
3683.6			1.0
3684.5			1.0
3685.4			1.0
3686.3			1.0
3687.2			1.0
3688.1			1.0
3689.0			1.0
3689.9			1.0
3690.8			1.0
3691.7			1.0
3692.6			1.0
3693.5			1.0
3694.4			1.0
3695.3			1.0
3696.2			1.0
3697.1			1.0
3698.0			1.0
3698.9			1.0
3699.8			1.0
3700.7			1.0
3701.6			1.0
3702.5			1.0
3703.4			1.0
3704.3			1.0
3705.2			1.0
3706.1			1.0
3707.0			1.0
3707.9			1.0
3708.8			1.0
3709.7			1.0
3710.6			1.0
3711.5			1.0
3712.4			1.0
3713.3			1.0
3714.2			1.0
3715.1			1.0
3716.0			1.0
3716.9			1.0
3717.8			1.0
3718.7			1.0
3719.6			1.0
3720.5			1.0
3721.4			1.0
3722.3			1.0
3723.2			1.0
3724.1			1.0
3725.0			1.0
3725.9			1.0
3726.8			1.0
3727.7			1.0
3728.6			1.0
3729.5			1.0
3730.4			1.0
3731.3			1.0
3732.2			1.0
3733.1			1.0
3734.0			1.0
3734.9			1.0
3735.8			1.0
3736.7			1.0
3737.6			1.0
3738.5			1.0
3739.4			1.0
3740.3			1.0
3741.2			1.0
3742.1			1.0
3743.0			1.0
3743.9			1.0
3744.8			1.0
3745.7			1.0
3746.6			1.0
3747.5			1.0
3748.4			1.0
3749.3			1.0
3750.2			1.0
3751.1			1.0
3752.0			1.0
3752.9			1.0
3753.8			1.0
3754.7			1.0
3755.6			1.0
3756.5			1.0
3757.4			1.0
3758.3			1.0
3759.2			1.0
3760.1			1.0
3761.0			1.0
3761.9			1.0
3762.8			1.0
3763.7			1.0
3764.6			1.0
3765.5			1.0
3766.4			1.0
3767.3			1.0
3768.2			1.0
3769.1			1.0
3770.0			1.0
3770.9			1.0
3771.8			1.0
3772.7			1.0
3773.6			1.0
3774.5			1.0
3775.4			1.0
3776.3			1.0
3777.2			1.0
3778.1			1.0
3779.0			1.0
3779.9			1.0
3780.8			1.0
3781.7			1.0
3782.6			1.0
3783.5			1.0
3784.4			1.0
3785.3			1.0
3786.2			1.0
3787.1			1.0
3788.0			1.0
3788.9			1.0
3789.8			1.0
3790.7			1.0
3791.6			1.0
3792.5			1.0
3793.4			1.0
3794.3			1.0
3795.2			1.0
3796.1			1.0
3797.0			1.0
3797.9			1.0
3798.8			1.0
3799.7			1.0
3800.6			1.0
3801.5			1.0
3802.4			1.0
3803.3			1.0
3804.2			1.0
3805.1			1.0
3806.0			1.0
3806.9			1.0
3807.8			1.0
3808.7			1.0
3809.6			1.0
3810.5			1.0
3811.4			1.0
3812.3			1.0
3813.2			1.0
3814.1			1.0
3815.0			1.0
3815.9			1.0
3816.8			1.0
3817.7			1.0
3818.6			1.0
3819.5			1.0
3820.4			1.0
3821.3			1.0
3822.2			1.0
3823.1			1.0
3824.0			1.0
3824.9			1.0
3825.8			1.0
3826.7			1.0
3827.6			1.0
3828.5			1.0
3829.4			1.0
3830.3			1.0
3831.2			1.0
3832.1			1.0
3833.0			1.0
3833.9			1.0
3834.8			1.0
3835.7			1.0
3836.6			1.0
3837.5			1.0
3838.4			1.0
3839.3			1.0
3840.2			1.0
3841.1			1.0
3842.0			1.0
3842.9			1.0
3843.8			1.0
3844.7			1.0
3845.6			1.0
3846.5			1.0
3847.4			1.0
3848.3			1.0
3849.2			1.0
3850.1			1.0
3851.0			1.0
3851.9			1.0
3852.8			1.0
3853.7			1.0
3854.6			1.0
3855.5			1.0
3856.4			1.0
3857.3			1.0
3858.2			1.0
3859.1			1.0
3860.0			1.0
3860.9			1.0
3861.8			1.0
3862.7			1.0
3863.6			1.0
3864.5			1.0
3865.4			1.0
3866.3			1.0
3867.2			1.0
3868.1			1.0
3869.0			1.0
3869.9			1.0
3870.8			1.0
3871.7			1.0
3872.6			1.0
3873.5			1.0
3874.4			1.0
3875.3			1.0
3876.2			1.0
3877.1			1.0
3878.0			1.0
3878.9			1.0
3879.8			1.0
3880.7			1.0
3881.6			1.0
3882.5			1.0
3883.4			1.0
3884.3			1.0
3885.2			1.0
3886.1			1.0
3887.0			1.0
3887.9			1.0
3888.8			1.0
3889.7			1.0
3890.6			1.0
3891.5			1.0
3892.4			1.0
3893.3			1.0
3894.2			1.0
3895.1			1.0
3896.0			1.0
3896.9			1.0
3897.8			1.0
3898.7			1.0
3899.6			1.0
3900.5			1.0
3901.4			1.0
3902.3			1.0
3903.2			1.0
3904.1			1.0
3905.0			1.0
3905.9			1.0
3906.8			1.0
3907.7			1.0
3908.6			1.0
3909.5			1.0
3910.4			1.0
3911.3			1.0
3912.2			1.0
3913.1			1.0
3914.0			1.0
3914.9			1.0
3915.8			1.0
3916.7			1.0
3917.6			1.0
3918.5			1.0
3919.4			1.0
3920.3			1.0
3921.2			1.0
3922.1			1.0
3923.0			1.0
3923.9			1.0
3924.8			1.0
3925.7			1.0
3926.6			1.0
3927.5			1.0
3928.4			1.0
3929.3			1.0
3930.2			1.0
3931.1			1.0
3932.0			1.0
3932.9			1.0
3933.8			1.0
3934.7			1.0
3935.6			1.0
3936.5			1.0
3937.4			1.0
3938.3			1.0
3939.2			1.0
3940.1			1.0
3941.0			1.0
3941.9			1.0
3942.8			1.0
3943.7			1.0
3944.6			1.0
3945.5			1.0
3946.4			1.0
3947.3			1.0
3948.2			1.0
3949.1			1.0
3950.0			1.0
3950.9			1.0
3951.8			1.0
3952.7			1.0
3953.6			1.0
3954.5			1.0
3955.4			1.0
3956.3			1.0
3957.2			1.0
3958.1			1.0
3959.0			1.0
3959.9			1.0
3960.8			1.0
3961.7			1.0
3962.6			1.0
3963.5			1.0
3964.4			1.0
3965.3			1.0
3966.2			1.0
3967.1			1.0
3968.0			1.0
3968.9			1.0
3969.8			1.0
3970.7			1.0
3971.6			1.0
3972.5			1.0
3973.4			1.0
3974.3			1.0
3975.2			1.0
3976.1			1.0
3977.0			1.0
3977.9			1.0
3978.8			1.0
3979.7			1.0
3980.6			1.0
3981.5			1.0
3982.4			1.0
3983.3			1.0
3984.2			1.0
3985.1			1.0
3986.0			1.0
3986.9			1.0
3987.8			1.0
3988.7			1.0
3989.6			1.0
3990.5			1.0
3991.4			1.0
3992.3			1.0
3993.2			1.0
3994.1			1.0
3995.0			1.0
3995.9			1.0
3996.8			1.0
3997.7			1.0
3998.6			1.0
3999.5			1.0
4000.4			1.0
4001.3			1.0
4002.2			1.0
4003.1			1.0334677445496918
4004.0			0.956923244636609
4004.9			0.8052133085738893
4005.8			0.7296540299326292
4006.7			0.811418158201455
4007.6			0.9361581842691433
4008.5			1.0005936127297927
4009.4			1.0
4010.3			1.0
4011.2			1.0
4012.1			1.0
4013.0			1.0
4013.9			1.0
4014.8			1.0
4015.7			1.0
4016.6			1.0
4017.5			1.0
4018.4			1.0
4019.3			1.0
4020.2			1.0
4021.1			1.0
4022.0			1.0
4022.9			1.0
4023.8			1.0
4024.7			1.0
4025.6			1.0
4026.5			1.0
4027.4			1.0
4028.3			1.0172512362294224
4029.2			0.9625885467694942
4030.1			0.81958932178864
4031.0			0.7293655773219662
4031.9			0.7237966281719121
4032.8			0.7082644868771768
4033.7			0.7039588696702314
4034.6			0.745999767897096
4035.5			0.8245113398491304
4036.4			0.9255307073192828
4037.3			1.004023217558857
4038.2			1.0304633785098138
4039.1			1.0001417014480354
4040.0			1.0
4040.9			1.0
4041.8			1.0297171531551448
4042.7			1.0467469236228515
4043.6			0.9306974139419492
4044.5			0.7081189147394963
4045.4			0.5319970997952723
4046.3			0.5554462415581098
4047.2			0.7512869256959814
4048.1			0.9206272619058008
4049.0			0.9999573452096181
4049.9			1.0
4050.8			1.0
4051.7			1.0
4052.6			1.0
4053.5			1.0
4054.4			1.0
4055.3			1.0
4056.2			1.0
4057.1			1.0
4058.0			1.0
4058.9			1.0
4059.8			1.1095386386327264
4060.7			1.1675854486667145
4061.6			1.0882993563420589
4062.5			0.8726052681009785
4063.4			0.6943444289099304
4064.3			0.7506847080956186
4065.2			0.928443294951462
4066.1			0.9949956564894915
4067.0			1.0013623832422354
4067.9			1.0
4068.8			1.0
4069.7			1.0
4070.6			1.0
4071.5			1.0
4072.4			1.0
4073.3			1.0
4074.2			1.0
4075.1			0.9620481002563801
4076.0			0.879849032864666
4076.9			0.7971245408894335
4077.8			0.7776083951245711
4078.7			0.8398120794201136
4079.6			0.9215411620273666
4080.5			0.9991718232542623
4081.4			1.0
4082.3			1.0
4083.2			1.0
4084.1			1.0
4085.0			1.0
4085.9			1.0
4086.8			1.0
4087.7			1.0
4088.6			1.0
4089.5			1.0
4090.4			1.0
4091.3			1.0
4092.2			1.0
4093.1			1.0
4094.0			1.0
4094.9			1.0
4095.8			1.0
4096.7			0.9737467549569044
4097.6			0.986145625928873
4098.5			0.9927935308515969
4099.4			0.963669389500156
4100.3			0.8659341846561897
4101.2			0.7698836811985434
4102.1			0.7694693100119759
4103.0			0.852928889273318
4103.9			0.920384710772479
4104.8			0.9626554980097611
4105.7			1.0029953902963131
4106.6			1.0
4107.5			1.0
4108.4			1.0
4109.3			1.0
4110.2			1.0
4111.1			1.0
4112.0			1.0
4112.9			1.0
4113.8			1.0
4114.7			1.0
4115.6			1.0
4116.5			1.0
4117.4			1.0
4118.3			1.0
4119.2			1.0
4120.1			1.0
4121.0			1.0
4121.9			1.0
4122.8			1.0
4123.7			1.0
4124.6			1.0
4125.5			1.0
4126.4			1.0
4127.3			1.0
4128.2			1.0
4129.1			1.0123273728548394
4130.0			1.00658078865397
4130.9			0.9336757404180375
4131.8			0.8099933319921021
4132.7			0.7570666559087215
4133.6			0.7800130053969175
4134.5			0.838193011231968
4135.4			0.9384657424122429
4136.3			0.9984973885162977
4137.2			1.0
4138.1			1.0
4139.0			1.0
4139.9			1.0
4140.8			0.9820312723830269
4141.7			0.8923395905688762
4142.6			0.741056384997428
4143.5			0.655875178117425
4144.4			0.739397816822188
4145.3			0.8966096579108436
4146.2			0.9947887900357486
4147.1			1.0
4148.0			1.0
4148.9			1.0
4149.8			1.0
4150.7			1.0
4151.6			1.0
4152.5			1.0
4153.4			1.0
4154.3			1.0
4155.2			1.0
4156.1			1.0
4157.0			1.0
4157.9			1.0
4158.8			1.0
4159.7			1.0
4160.6			1.0
4161.5			1.0
4162.4			1.0
4163.3			1.0
4164.2			1.0
4165.1			1.0
4166.0			1.0
4166.9			1.0
4167.8			1.0
4168.7			1.059469583934508
4169.6			1.110941079177357
4170.5			1.0915033036614403
4171.4			0.9843665405717767
4172.3			0.891570735273372
4173.2			0.9000542701387076
4174.1			0.9597407674080998
4175.0			0.9913195182471534
4175.9			1.0006839653952648
4176.8			1.0
4177.7			1.0
4178.6			1.0
4179.5			1.0
4180.4			1.0
4181.3			1.0
4182.2			1.0
4183.1			1.0
4184.0			1.0
4184.9			1.0253317019288049
4185.8			0.9713164912215687
4186.7			0.8394016380967086
4187.6			0.787807255206579
4188.5			0.8802751639225916
4189.4			0.9883100780992589
4190.3			1.0
4191.2			0.9529602384416064
4192.1			0.9819702484594613
4193.0			1.0757406169764334
4193.9			1.0761557294032078
4194.8			0.9857886997518135
4195.7			0.9194241700239099
4196.6			0.9007332688555553
4197.5			0.8486277952992176
4198.4			0.7855453349667881
4199.3			0.8030019282787273
4200.2			0.8401655699880026
4201.1			0.8033878270235515
4202.0			0.7834434996326727
4202.9			0.8542252376656125
4203.8			0.9377627266114482
4204.7			0.9799665451690945
4205.6			1.0018569954099945
4206.5			1.0
4207.4			1.0
4208.3			1.0
4209.2			1.0
4210.1			1.0
4211.0			1.0
4211.9			1.0
4212.8			1.0
4213.7			0.9827843807181236
4214.6			0.9217796575718064
4215.5			0.8464534028019571
4216.4			0.8497586291169476
4217.3			0.918622634655309
4218.2			0.9636788397507997
4219.1			0.997251711750565
4220.0			1.0
4220.9			1.0
4221.8			1.0
4222.7			0.9253707506127099
4223.6			0.847607389484108
4224.5			0.7303977855770156
4225.4			0.5594419561519195
4226.3			0.4185082404296698
4227.2			0.45666555432145506
4228.1			0.6716581138735433
4229.0			0.8784989066948476
4229.9			0.995207586371154
4230.8			1.0
4231.7			1.0008929605702814
4232.6			0.9479252878204103
4233.5			0.9192876659627909
4234.4			0.9170465028167794
4235.3			0.8633846442754943
4236.2			0.816547626135945
4237.1			0.8612082400022452
4238.0			0.9151127352180782
4238.9			0.9176666153456783
4239.8			0.9315239838756793
4240.7			0.9977791314798815
4241.6			1.0
4242.5			1.0
4243.4			1.0
4244.3			1.0
4245.2			1.0
4246.1			0.9745165023651358
4247.0			0.9122608995467506
4247.9			0.8634520053795923
4248.8			0.8279966213722874
4249.7			0.7728736550543874
4250.6			0.7949377062396519
4251.5			0.9427763438443141
4252.4			1.0476551198987671
4253.3			0.9896885347579234
4254.2			1.0
4255.1			1.0
4256.0			1.0
4256.9			1.0
4257.8			0.9802281267568334
4258.7			0.8608637573312788
4259.6			0.7329823815956499
4260.5			0.6759542352580641
4261.4			0.7654253895334675
4262.3			0.920510530535575
4263.2			1.0004205004524207
4264.1			1.0
4265.0			1.0
4265.9			1.013666647086384
4266.8			0.9859176141948109
4267.7			0.9425496075258859
4268.6			0.9235293435241484
4269.5			0.8588629243528847
4270.4			0.7175057436858663
4271.3			0.595483992614744
4272.2			0.622886637332911
4273.1			0.7142671962886371
4274.0			0.7104407201868371
4274.9			0.7187689934976905
4275.8			0.8528448041987532
4276.7			0.9996665577084308
4277.6			1.0
4278.5			1.0
4279.4			1.0
4280.3			1.0
4281.2			1.0
4282.1			1.0
4283.0			1.0
4283.9			1.0
4284.8			1.0
4285.7			1.0
4286.6			1.0
4287.5			1.0221964308982159
4288.4			0.9390877520520667
4289.3			0.8013773656525457
4290.2			0.7736101966358753
4291.1			0.8623582651502961
4292.0			1.0
4292.9			1.0503781796763056
4293.8			0.9951831276669092
4294.7			0.9525802699564297
4295.6			0.9711891160476452
4296.5			0.9484876249163539
4297.4			0.863886601777367
4298.3			0.7569210032004037
4299.2			0.6504353360831283
4300.1			0.6344579027418744
4301.0			0.7025344083855525
4301.9			0.7388106150800536
4302.8			0.735139233466557
4303.7			0.7631623762829405
4304.6			0.7867956839584636
4305.5			0.7765460893967139
4306.4			0.7322872472302607
4307.3			0.6395639014904032
4308.2			0.5769972710705173
4309.1			0.6138199987965187
4310.0			0.6771358605489656
4310.9			0.7183372210379378
4311.8			0.7842076385794992
4312.7			0.8937451976064396
4313.6			1.0059213271438576
4314.5			1.1169099425606526
4315.4			1.2937622099032284
4316.3			1.4735233028486876
4317.2			1.530922353204939
4318.1			1.5021999899822405
4319.0			1.4802866888783877
4319.9			1.4746358264184645
4320.8			1.0
4321.7			0.9495511465687738
4322.6			0.8392002616478108
4323.5			0.6854557186616959
4324.4			0.5716550687644824
4325.3			0.5291507795582799
4326.2			0.6012545738057101
4327.1			0.7775973553622418
4328.0			0.9356655808746993
4328.9			0.9985322496028705
4329.8			1.0
4330.7			1.0
4331.6			1.0
4332.5			1.0
4333.4			1.0
4334.3			1.0
4335.2			1.0074328563868082
4336.1			0.9604956168649502
4337.0			0.8625765870692369
4337.9			0.7907884682470936
4338.8			0.7484608184402443
4339.7			0.7048990548707885
4340.6			0.7209286248627347
4341.5			0.8286720633210516
4342.4			0.9290461033322241
4343.3			0.9612918260908608
4344.2			0.9980657566459726
4345.1			1.0
4346.0			1.0
4346.9			1.0
4347.8			1.0
4348.7			1.0
4349.6			1.0119895174918927
4350.5			0.909411125754593
4351.4			0.7711365022193987
4352.3			0.7492986023747646
4353.2			0.8578567799235456
4354.1			0.9549038587932118
4355.0			0.9886593023855592
4355.9			1.0
4356.8			1.0
4357.7			1.0
4358.6			1.0
4359.5			1.0
4360.4			1.0
4361.3			1.0
4362.2			1.0
4363.1			1.0
4364.0			1.0
4364.9			1.0
4365.8			1.0
4366.7			1.0
4367.6			1.0
4368.5			1.0
4369.4			1.0
4370.3			1.0
4371.2			1.0
4372.1			0.9940413946522738
4373.0			0.9605934903340023
4373.9			0.9029447530047777
4374.8			0.858757818770349
4375.7			0.8693628710545984
4376.6			0.939587852275573
4377.5			1.0005396060645173
4378.4			1.0
4379.3			1.0
4380.2			0.9848528590848886
4381.1			0.945958689847403
4382.0			0.8048320595368017
4382.9			0.5952429279108115
4383.8			0.5155246222271898
4384.7			0.6451027431619425
4385.6			0.855735123822546
4386.5			0.985352928635337
4387.4			1.0041494247641787
4388.3			1.0
4389.2			1.0
4390.1			1.0
4391.0			1.0
4391.9			1.0
4392.8			1.0
4393.7			1.0
4394.6			1.0
4395.5			1.0
4396.4			1.0
4397.3			1.0
4398.2			1.0
4399.1			1.0
4400.0			1.0
4400.9			1.0
4401.8			1.058255534268914
4402.7			1.0444013076695697
4403.6			0.8813910879513607
4404.5			0.7401493511341273
4405.4			0.804957238358381
4406.3			0.9537332364112227
4407.2			0.9996788814711824
4408.1			1.0
4409.0			1.0
4409.9			1.0
4410.8			1.0
4411.7			1.0
4412.6			1.0086209153818098
4413.5			0.9412256987022478
4414.4			0.8111558428025655
4415.3			0.7546086502718978
4416.2			0.8293526733377535
4417.1			0.9279858636011932
4418.0			1.0028169203780821
4418.9			1.0
4419.8			1.0
4420.7			1.0
4421.6			1.0
4422.5			1.0
4423.4			1.0
4424.3			1.0
4425.2			1.0
4426.1			1.0
4427.0			1.0
4427.9			1.0
4428.8			1.0
4429.7			1.0
4430.6			1.0
4431.5			1.0
4432.4			1.0004125229034797
4433.3			0.9368665519365748
4434.2			0.8494027063091096
4435.1			0.798931426763094
4436.0			0.838902450840259
4436.9			0.9351130040116654
4437.8			1.004956534482322
4438.7			1.0
4439.6			1.0
4440.5			1.0
4441.4			1.0
4442.3			1.0
4443.2			1.0
4444.1			1.0
4445.0			1.0
4445.9			1.0078229990517997
4446.8			0.9636371865850698
4447.7			0.9500453400354173
4448.6			0.982013512351002
4449.5			0.995191454247695
4450.4			0.9862681162599773
4451.3			0.9881472241703504
4452.2			0.9836931384123528
4453.1			0.9271972653636789
4454.0			0.8236313109441304
4454.9			0.7614404979490075
4455.8			0.792737228215692
4456.7			0.8542399514158865
4457.6			0.8766007531847029
4458.5			0.8641331545904744
4459.4			0.8603712694042038
4460.3			0.8661578699366577
4461.2			0.8562544499036587
4462.1			0.87870807513182
4463.0			0.9542246027800603
4463.9			1.0010860494955998
4464.8			1.0
4465.7			1.0
4466.6			1.0
4467.5			1.0
4468.4			1.0
4469.3			1.0
4470.2			1.0
4471.1			1.0
4472.0			1.0
4472.9			1.0
4473.8			1.0
4474.7			1.0
4475.6			1.0
4476.5			1.0
4477.4			1.0
4478.3			1.0005504383261614
4479.2			0.947836112973813
4480.1			0.8861228998471113
4481.0			0.8406125239454934
4481.9			0.8280902527205318
4482.8			0.872185879007759
4483.7			0.9368670903283286
4484.6			0.9768378629040655
4485.5			1.0006832050500871
4486.4			1.0
4487.3			1.0
4488.2			1.0
4489.1			1.0
4490.0			1.0
4490.9			1.0
4491.8			1.03039606142989
4492.7			1.0210940551485437
4493.6			0.9674664495401375
4494.5			0.9145878357112848
4495.4			0.9061757439753697
4496.3			0.9328041089174988
4497.2			0.9695212312607018
4498.1			0.9912508278119618
4499.0			0.9928904063840154
4499.9			1.0
4500.8			1.0
4501.7			1.0
4502.6			1.0
4503.5			1.0
4504.4			1.0
4505.3			1.0
4506.2			1.0
4507.1			1.0
4508.0			1.0
4508.9			1.0
4509.8			1.0
4510.7			1.0
4511.6			1.0
4512.5			1.0
4513.4			1.0
4514.3			1.0
4515.2			1.0
4516.1			1.0
4517.0			1.0
4517.9			1.0
4518.8			1.0
4519.7			1.0
4520.6			1.0
4521.5			1.0
4522.4			1.0
4523.3			1.0
4524.2			0.9947412159934177
4525.1			0.9557031370598452
4526.0			0.9046513504396713
4526.9			0.8596009613177918
4527.8			0.8313453021809413
4528.7			0.8338758305271695
4529.6			0.8623432340302873
4530.5			0.8875067529164842
4531.4			0.9166102567150245
4532.3			0.9291579161691298
4533.2			0.8987500913494647
4534.1			0.8561180171329892
4535.0			0.8352022295339855
4535.9			0.8857667757368489
4536.8			0.9957880581200648
4537.7			1.0
4538.6			1.0005496457692364
4539.5			0.9710769060195131
4540.4			0.9447194591232652
4541.3			0.9490812883252215
4542.2			0.9759577646248774
4543.1			0.9808993380708416
4544.0			0.9501861643874793
4544.9			0.9234188756907552
4545.8			0.9244278538453993
4546.7			0.9305610655476156
4547.6			0.9218302942143787
4548.5			0.8906245366404795
4549.4			0.8753676373596359
4550.3			0.9058295315916597
4551.2			0.9316686813270668
4552.1			0.9298214003209992
4553.0			0.9242419612682152
4553.9			0.9179483464360824
4554.8			0.9113869968608087
4555.7			0.9209055251000282
4556.6			0.9620567528978382
4557.5			1.0000485438040556
4558.4			1.0087008982645032
4559.3			1.0046358337783101
4560.2			1.0000832746142678
4561.1			1.0
4562.0			1.0
4562.9			1.0
4563.8			1.0
4564.7			1.0
4565.6			1.0
4566.5			1.0
4567.4			1.0
4568.3			1.0
4569.2			1.0
4570.1			1.0
4571.0			1.0
4571.9			1.0
4572.8			1.0
4573.7			1.0
4574.6			1.0
4575.5			1.0
4576.4			1.0
4577.3			1.0018724880256473
4578.2			0.9896301141766839
4579.1			0.9603669098588042
4580.0			0.9277541287559902
4580.9			0.9238716362142455
4581.8			0.9650773018446068
4582.7			1.0097404504288108
4583.6			1.018075355920119
4584.5			1.0
4585.4			0.9732248366398109
4586.3			0.9827704572019703
4587.2			1.0356125906405786
4588.1			1.0813462184266405
4589.0			1.090499692821624
4589.9			1.071434905523687
4590.8			1.0379275565065875
4591.7			1.0041545330301898
4592.6			0.9949550503047344
4593.5			1.0058835344965333
4594.4			1.006868222604994
4595.3			1.0016481413678455
4596.2			1.0037698512542164
4597.1			1.002270514300338
4598.0			1.0061483466387897
4598.9			1.0108785589545486
4599.8			0.9852901226980099
4600.7			0.9644547815526586
4601.6			0.9709617210320596
4602.5			0.9820454150867173
4603.4			0.9919317612521457
4604.3			0.9941734504152694
4605.2			0.9912897444333616
4606.1			0.9968729069240869
4607.0			1.008606752186795
4607.9			1.0325267142201722
4608.8			1.056043005158557
4609.7			1.0460842522301357
4610.6			1.0147007613415568
4611.5			0.9982645233345079
4612.4			0.9909211840923926
4613.3			0.9856964613912776
4614.2			1.0014400714450062
4615.1			1.0111671275935676
4616.0			0.9994920154085349
4616.9			1.0
4617.8			1.0
4618.7			1.0
4619.6			1.0
4620.5			1.0
4621.4			1.0
4622.3			1.0
4623.2			1.0
4624.1			1.0
4625.0			1.0
4625.9			1.0
4626.8			1.0
4627.7			1.0
4628.6			1.0
4629.5			1.0
4630.4			1.0
4631.3			1.0
4632.2			1.0
4633.1			1.0
4634.0			1.0
4634.9			1.0
4635.8			1.0
4636.7			1.0
4637.6			1.0
4638.5			1.0
4639.4			1.0
4640.3			1.0
4641.2			1.0
4642.1			1.0135439821591075
4643.0			1.0035835210327577
4643.9			0.9947872225852086
4644.8			0.9782803354957037
4645.7			0.9398318441047365
4646.6			0.9101642799666222
4647.5			0.9150267500365042
4648.4			0.9420110050068584
4649.3			0.9756285811216492
4650.2			0.9975458252665355
4651.1			1.0009767784931216
4652.0			1.0
4652.9			1.0
4653.8			1.0
4654.7			1.0
4655.6			1.0
4656.5			1.0
4657.4			1.0
4658.3			1.0
4659.2			1.0
4660.1			1.0
4661.0			1.0
4661.9			1.0
4662.8			1.0
4663.7			0.9842145345060731
4664.6			0.9796048503178219
4665.5			0.9494474661819431
4666.4			0.8771978570185559
4667.3			0.8222932324005485
4668.2			0.8424459212170473
4669.1			0.9120259071306374
4670.0			0.9739021028510676
4670.9			0.9996854674375872
4671.8			1.0
4672.7			1.0
4673.6			1.0
4674.5			1.0
4675.4			1.0
4676.3			1.0
4677.2			1.0
4678.1			1.0
4679.0			1.0
4679.9			1.0
4680.8			1.0
4681.7			1.0
4682.6			1.0
4683.5			1.0
4684.4			1.0
4685.3			1.0
4686.2			1.0
4687.1			1.0
4688.0			1.0
4688.9			1.0
4689.8			1.0
4690.7			1.0
4691.6			1.0
4692.5			1.0
4693.4			1.0
4694.3			1.0
4695.2			1.0
4696.1			1.0
4697.0			1.0
4697.9			1.0
4698.8			0.9843600622161913
4699.7			0.9971282551529521
4700.6			0.9921256361426243
4701.5			0.9399983250395724
4702.4			0.8749188554076156
4703.3			0.8765592759981065
4704.2			0.9440276502406924
4705.1			0.9996659027436626
4706.0			0.9991087905710728
4706.9			1.0
4707.8			1.0
4708.7			1.0
4709.6			1.0
4710.5			1.0
4711.4			1.0
4712.3			1.0
4713.2			1.0
4714.1			1.0
4715.0			1.0
4715.9			1.0
4716.8			1.0
4717.7			1.0
4718.6			1.0
4719.5			1.0
4720.4			1.0
4721.3			1.0
4722.2			1.0
4723.1			1.0
4724.0			1.0
4724.9			1.0
4725.8			1.0
4726.7			1.0
4727.6			1.0
4728.5			1.0
4729.4			1.0
4730.3			1.0
4731.2			1.0
4732.1			1.0
4733.0			1.0
4733.9			1.000939457543536
4734.8			0.9957159350422156
4735.7			0.9596725550607457
4736.6			0.9332927268106525
4737.5			0.9595358996673772
4738.4			0.9981640092820284
4739.3			0.9986572241752674
4740.2			1.0
4741.1			1.0
4742.0			1.0
4742.9			1.0
4743.8			1.0
4744.7			1.0
4745.6			1.0
4746.5			1.0
4747.4			1.0
4748.3			1.0
4749.2			1.0
4750.1			1.0
4751.0			1.0
4751.9			1.0
4752.8			1.0
4753.7			1.0
4754.6			1.0
4755.5			1.0
4756.4			1.0
4757.3			1.0
4758.2			1.0171881415193116
4759.1			1.030580888404275
4760.0			1.0372992318529863
4760.9			1.0155621707222093
4761.8			0.9811081295160833
4762.7			0.973082286526042
4763.6			0.9803755440443483
4764.5			0.9739747180168338
4765.4			0.9529528497988088
4766.3			0.9544317009869266
4767.2			0.9762220289842867
4768.1			0.9996854616306372
4769.0			1.0272022637143927
4769.9			1.0321259134863499
4770.8			1.0122771141326483
4771.7			0.993221813422092
4772.6			0.9999596529881063
4773.5			1.0
4774.4			1.0
4775.3			1.0
4776.2			1.0
4777.1			1.0
4778.0			1.0
4778.9			1.0
4779.8			1.0
4780.7			1.0
4781.6			1.0
4782.5			1.0
4783.4			1.0
4784.3			1.0
4785.2			1.0
4786.1			1.0
4787.0			1.0
4787.9			1.0
4788.8			1.0
4789.7			1.0
4790.6			1.0
4791.5			1.0
4792.4			1.0
4793.3			1.0
4794.2			1.0
4795.1			1.0
4796.0			1.0
4796.9			1.0
4797.8			1.0
4798.7			1.0
4799.6			1.0
4800.5			1.0
4801.4			1.0
4802.3			1.0
4803.2			1.0
4804.1			1.0
4805.0			1.0
4805.9			1.0
4806.8			1.0
4807.7			1.0
4808.6			1.0
4809.5			1.0
4810.4			1.0
4811.3			1.0
4812.2			1.0
4813.1			1.0
4814.0			1.0
4814.9			1.0
4815.8			1.0
4816.7			1.0
4817.6			1.0
4818.5			1.0
4819.4			1.0
4820.3			1.0
4821.2			1.0
4822.1			1.0
4823.0			1.0
4823.9			1.0
4824.8			1.0
4825.7			1.0
4826.6			1.0
4827.5			1.0
4828.4			1.0
4829.3			1.0
4830.2			1.0
4831.1			1.0
4832.0			1.0
4832.9			1.0
4833.8			1.0
4834.7			1.0
4835.6			1.0
4836.5			1.0
4837.4			1.0
4838.3			1.0
4839.2			1.0
4840.1			1.0
4841.0			1.0
4841.9			1.0
4842.8			1.0
4843.7			1.0
4844.6			1.0
4845.5			1.0
4846.4			1.0
4847.3			1.0
4848.2			1.0
4849.1			1.0
4850.0			1.0
4850.9			1.0
4851.8			1.0
4852.7			1.0
4853.6			1.0
4854.5			1.0
4855.4			1.0
4856.3			1.0
4857.2			1.0275676207744695
4858.1			1.0084685083557898
4859.0			0.9312684613134682
4859.9			0.815927427789503
4860.8			0.7255942505677663
4861.7			0.7532887189220376
4862.6			0.8687621461982042
4863.5			0.9543126669240843
4864.4			0.9988702288892575
4865.3			1.0
4866.2			1.0
4867.1			1.0
4868.0			1.0
4868.9			1.0
4869.8			0.9568969658890173
4870.7			0.8632707200578051
4871.6			0.8232901847082271
4872.5			0.8945419089297436
4873.4			0.9942365493598194
4874.3			1.0
4875.2			1.0
4876.1			1.0
4877.0			1.0
4877.9			1.0
4878.8			1.0
4879.7			1.0
4880.6			1.0
4881.5			1.0
4882.4			1.0
4883.3			1.0
4884.2			1.0
4885.1			1.0
4886.0			1.0
4886.9			1.0
4887.8			1.0
4888.7			0.9720310772369315
4889.6			0.905671731082063
4890.5			0.8057300828903863
4891.4			0.7855327247454882
4892.3			0.877880580578267
4893.2			0.9706107231915833
4894.1			1.0039013191047814
4895.0			1.0
4895.9			1.0
4896.8			1.0
4897.7			1.0
4898.6			1.0
4899.5			1.0
4900.4			1.0
4901.3			1.0
4902.2			1.0
4903.1			1.0
4904.0			1.0
4904.9			1.0
4905.8			1.0
4906.7			1.003644965055835
4907.6			0.9875619942630699
4908.5			0.9616299453861774
4909.4			0.9238978114346905
4910.3			0.9075152234456138
4911.2			0.932536739668976
4912.1			0.967965254739244
4913.0			0.9864314370875775
4913.9			1.0020881895800235
4914.8			1.0
4915.7			1.0
4916.6			0.9755344062619423
4917.5			0.9011356149728801
4918.4			0.8052558291684556
4919.3			0.7364171685325838
4920.2			0.736633199038072
4921.1			0.8193500100499452
4922.0			0.9303574221280594
4922.9			0.9904056671641913
4923.8			0.998237117636449
4924.7			1.0
4925.6			1.0
4926.5			1.0
4927.4			1.0
4928.3			1.0
4929.2			1.0
4930.1			1.0
4931.0			1.0
4931.9			1.0
4932.8			1.0
4933.7			1.0
4934.6			1.0
4935.5			1.0
4936.4			0.9830500254283068
4937.3			0.9308296229703387
4938.2			0.8754597473014659
4939.1			0.8704471598978109
4940.0			0.9282081552429897
4940.9			0.987104678128446
4941.8			1.0038573540924016
4942.7			1.0
4943.6			1.0
4944.5			1.0
4945.4			1.0
4946.3			1.0
4947.2			1.0
4948.1			1.0
4949.0			1.0
4949.9			1.0
4950.8			1.0
4951.7			1.0
4952.6			1.0
4953.5			1.0
4954.4			0.9966812007684155
4955.3			0.9641373351989077
4956.2			0.858828949995092
4957.1			0.7462869608129022
4958.0			0.76805300593814
4958.9			0.8993782751216072
4959.8			0.9999212977476769
4960.7			1.0
4961.6			1.0
4962.5			1.0
4963.4			1.0
4964.3			1.0
4965.2			1.0
4966.1			1.0
4967.0			1.0
4967.9			1.0
4968.8			1.0
4969.7			1.0
4970.6			1.0
4971.5			1.0
4972.4			1.0
4973.3			1.0
4974.2			1.0
4975.1			1.0
4976.0			1.0
4976.9			1.0
4977.8			1.0
4978.7			0.9817332427211578
4979.6			0.9812110847724238
4980.5			0.9623749032591122
4981.4			0.9041029524156559
4982.3			0.8476348083291787
4983.2			0.8438318535618717
4984.1			0.8729563851279037
4985.0			0.8992550472749695
4985.9			0.9388057474002806
4986.8			0.9856709308691844
4987.7			1.000285142879156
4988.6			1.0
4989.5			1.0
4990.4			1.0
4991.3			1.0
4992.2			1.0
4993.1			1.0
4994.0			1.0
4994.9			1.0
4995.8			1.0
4996.7			1.0
4997.6			1.0
4998.5			1.0
4999.4			1.0
5000.3			1.0
5001.2			1.0
5002.1			1.0
5003.0			1.0
5003.9			1.0030119427556958
5004.8			0.9501252625724044
5005.7			0.8791310048424071
5006.6			0.8711446398576249
5007.5			0.9292258465060641
5008.4			0.9867092559534486
5009.3			1.0024622960666234
5010.2			1.0
5011.1			1.0
5012.0			1.0
5012.9			1.0
5013.8			1.0
5014.7			1.0
5015.6			1.0
5016.5			1.0
5017.4			1.0
5018.3			1.0
5019.2			1.0
5020.1			1.0
5021.0			1.0
5021.9			1.0
5022.8			1.0
5023.7			1.0
5024.6			1.0
5025.5			1.0
5026.4			1.0
5027.3			1.0
5028.2			1.0
5029.1			1.0
5030.0			1.0
5030.9			1.0
5031.8			1.0
5032.7			1.0
5033.6			1.0
5034.5			1.0
5035.4			1.0
5036.3			1.0
5037.2			1.0260427294982262
5038.1			1.018272275309607
5039.0			0.9656951376593078
5039.9			0.8912950160510996
5040.8			0.8287507839462673
5041.7			0.8440725545515494
5042.6			0.9197112481211235
5043.5			0.9754904672878948
5044.4			1.0009426683059932
5045.3			1.0
5046.2			1.0177067673243787
5047.1			0.9996469567307474
5048.0			0.9456018327774948
5048.9			0.893781509995234
5049.8			0.8838816469507109
5050.7			0.9056665839725032
5051.6			0.9349774476138927
5052.5			0.9683727769639575
5053.4			0.9987122502262349
5054.3			1.0
5055.2			1.0
5056.1			1.0
5057.0			1.0
5057.9			1.0
5058.8			1.0
5059.7			1.0
5060.6			1.0
5061.5			1.0
5062.4			1.0
5063.3			1.0
5064.2			1.0
5065.1			1.0
5066.0			1.0
5066.9			1.0
5067.8			1.0
5068.7			1.0
5069.6			1.0
5070.5			1.0
5071.4			1.0
5072.3			1.0
5073.2			1.0
5074.1			1.0
5075.0			0.9931561509213898
5075.9			0.9852718690489121
5076.8			0.9945729990011618
5077.7			0.9899846233767606
5078.6			0.9336767246409543
5079.5			0.8738080624439641
5080.4			0.8721791064060392
5081.3			0.9056942781381014
5082.2			0.9229562292493924
5083.1			0.9263119508349202
5084.0			0.9446506251811913
5084.9			0.9774753212749901
5085.8			1.000947169172901
5086.7			1.0
5087.6			1.0
5088.5			1.0
5089.4			1.0
5090.3			1.0
5091.2			1.0
5092.1			1.0
5093.0			1.0
5093.9			1.0
5094.8			1.0
5095.7			0.9724453637412375
5096.6			0.9516602461491844
5097.5			0.9243691790676418
5098.4			0.8894835770610031
5099.3			0.8894647060160709
5100.2			0.9326598699293667
5101.1			0.979811269134972
5102.0			1.0017928698195289
5102.9			0.9995154288593127
5103.8			1.0
5104.7			1.0
5105.6			1.0
5106.5			1.0
5107.4			1.0
5108.3			1.0
5109.2			1.0
5110.1			1.0
5111.0			1.0
5111.9			1.0
5112.8			1.0
5113.7			1.0
5114.6			1.0
5115.5			1.0
5116.4			1.0
5117.3			1.0
5118.2			1.0
5119.1			1.0
5120.0			1.0
5120.9			1.0
5121.8			1.0
5122.7			1.0
5123.6			1.0
5124.5			1.0
5125.4			1.0
5126.3			1.0
5127.2			1.0
5128.1			1.0
5129.0			1.0
5129.9			1.0
5130.8			1.0
5131.7			1.0
5132.6			1.0
5133.5			1.0
5134.4			1.0
5135.3			1.0
5136.2			0.9953454444174139
5137.1			0.9709403115759552
5138.0			0.9319777480153726
5138.9			0.8976901482184376
5139.8			0.9327711146150863
5140.7			0.9962674206037059
5141.6			0.9969785639733886
5142.5			1.0
5143.4			1.0
5144.3			1.0
5145.2			1.0
5146.1			1.0
5147.0			1.0
5147.9			1.0
5148.8			1.0
5149.7			1.0
5150.6			1.0
5151.5			1.0
5152.4			1.0
5153.3			1.0
5154.2			1.0
5155.1			1.0
5156.0			1.0
5156.9			1.0
5157.8			1.0
5158.7			1.0
5159.6			1.0
5160.5			1.0
5161.4			1.0
5162.3			1.0
5163.2			1.0
5164.1			1.0
5165.0			1.0
5165.9			1.0
5166.8			1.0
5167.7			1.0
5168.6			1.0869065029584926
5169.5			1.1762052156566773
5170.4			1.0912358777710398
5171.3			0.848721056992553
5172.2			0.638266243298059
5173.1			0.6253271757359175
5174.0			0.7726334533844634
5174.9			0.9181036788905403
5175.8			0.9691168673206491
5176.7			1.0
5177.6			1.0
5178.5			1.0
5179.4			0.9724928338539098
5180.3			0.9085302237424369
5181.2			0.7971812374673393
5182.1			0.6393346823585335
5183.0			0.49960286602383763
5183.9			0.4927766197857286
5184.8			0.6365746767016095
5185.7			0.8208820249625052
5186.6			0.9478455569323095
5187.5			0.9923759489219144
5188.4			1.0005541837219618
5189.3			1.0
5190.2			1.0
5191.1			1.0
5192.0			1.0
5192.9			1.0
5193.8			1.0
5194.7			1.0
5195.6			1.0
5196.5			1.0
5197.4			1.0
5198.3			1.0
5199.2			1.0
5200.1			1.0
5201.0			1.0
5201.9			0.9733372943516455
5202.8			0.953214327929095
5203.7			0.9124095066477489
5204.6			0.8517479381495028
5205.5			0.817402141136979
5206.4			0.8282237713851652
5207.3			0.8218021165791197
5208.2			0.7921010610911349
5209.1			0.8088249801232755
5210.0			0.8710487588858083
5210.9			0.9483514005945916
5211.8			1.0177378924452736
5212.7			1.0563635008171877
5213.6			1.048725962340347
5214.5			1.0001570773820998
5215.4			1.0
5216.3			1.0
5217.2			1.0
5218.1			1.0
5219.0			1.0
5219.9			1.0
5220.8			1.0
5221.7			1.0
5222.6			1.0
5223.5			0.9711002485812302
5224.4			0.9348665369280066
5225.3			0.8807785183164419
5226.2			0.8065580391853718
5227.1			0.793493853042511
5228.0			0.8734960929897967
5228.9			0.9546146996760452
5229.8			0.9887032464452221
5230.7			1.002547890720207
5231.6			1.0
5232.5			1.0
5233.4			1.0
5234.3			1.0
5235.2			1.0
5236.1			1.0
5237.0			1.0
5237.9			1.0
5238.8			1.0
5239.7			1.0
5240.6			1.0
5241.5			1.0
5242.4			1.0
5243.3			1.0
5244.2			1.0
5245.1			1.0
5246.0			1.0
5246.9			1.0
5247.8			1.0
5248.7			1.0
5249.6			1.0
5250.5			1.0
5251.4			1.0
5252.3			1.0
5253.2			1.0
5254.1			1.0
5255.0			1.0
5255.9			1.0
5256.8			1.0
5257.7			1.0
5258.6			1.0
5259.5			1.0
5260.4			1.0
5261.3			0.9437798027684844
5262.2			0.8832780699609956
5263.1			0.8404474048975134
5264.0			0.8183923204392268
5264.9			0.7925216697721621
5265.8			0.7734525950720466
5266.7			0.8089857504793875
5267.6			0.8446047692699995
5268.5			0.7719199975818245
5269.4			0.6604125288761378
5270.3			0.6822477516725063
5271.2			0.8141026163953012
5272.1			0.8982988028553435
5273.0			0.9121818199939709
5273.9			0.9163708265633631
5274.8			0.9085263006775857
5275.7			0.9089461094277829
5276.6			0.9522981219341421
5277.5			1.0005567595308664
5278.4			1.0
5279.3			0.9861424795362715
5280.2			0.9511971823252247
5281.1			0.9107563513185405
5282.0			0.8782644017633121
5282.9			0.856272469967753
5283.8			0.8646502849627519
5284.7			0.9172697003193967
5285.6			0.9751188194594868
5286.5			1.0000731688566928
5287.4			1.0
5288.3			1.0
5289.2			1.0
5290.1			1.0
5291.0			1.0
5291.9			1.0
5292.8			1.0
5293.7			1.0
5294.6			0.9986052760745455
5295.5			0.9780711902455489
5296.4			0.9324016639054913
5297.3			0.8848756630142138
5298.2			0.8874262202689308
5299.1			0.9508951253482348
5300.0			1.0053776308829132
5300.9			1.011702133714191
5301.8			1.0050768947132878
5302.7			1.0
5303.6			1.0
5304.5			1.0
5305.4			1.0
5306.3			1.0
5307.2			1.0
5308.1			1.0
5309.0			1.0
5309.9			1.0
5310.8			1.0
5311.7			1.0
5312.6			1.0
5313.5			1.0
5314.4			1.0
5315.3			1.0
5316.2			1.0
5317.1			1.0
5318.0			1.0
5318.9			1.0
5319.8			1.0
5320.7			1.0
5321.6			1.0
5322.5			1.0
5323.4			1.0
5324.3			1.0
5325.2			1.0234971400900321
5326.1			1.0254608808101282
5327.0			0.9177123169977339
5327.9			0.7883748154361123
5328.8			0.7976868936649837
5329.7			0.9143489520360172
5330.6			1.0069462743638733
5331.5			1.0
5332.4			1.0
5333.3			1.0
5334.2			1.0
5335.1			1.0
5336.0			1.0
5336.9			1.0
5337.8			0.9957973188048144
5338.7			0.9692585904616726
5339.6			0.9118411426019866
5340.5			0.8787494371853142
5341.4			0.9140876505835349
5342.3			0.9705148115837801
5343.2			1.0004033321027759
5344.1			1.0
5345.0			1.0
5345.9			1.0
5346.8			1.0
5347.7			1.0
5348.6			1.0
5349.5			1.0
5350.4			1.0
5351.3			1.0
5352.2			1.0
5353.1			1.0
5354.0			1.0
5354.9			1.0
5355.8			1.0
5356.7			1.0
5357.6			1.0
5358.5			1.0
5359.4			1.0
5360.3			1.0
5361.2			1.0
5362.1			1.0
5363.0			1.0
5363.9			1.0
5364.8			1.0
5365.7			1.0
5366.6			1.0
5367.5			0.9925403067561496
5368.4			0.9782864866206167
5369.3			0.9280252968442175
5370.2			0.8531268494978999
5371.1			0.8099085068570807
5372.0			0.849319259323852
5372.9			0.9256388297075018
5373.8			0.9737176045695632
5374.7			0.9944327668882256
5375.6			1.0
5376.5			1.0
5377.4			1.0
5378.3			1.0
5379.2			1.0
5380.1			1.0
5381.0			1.0
5381.9			1.0
5382.8			1.0
5383.7			1.0
5384.6			1.0
5385.5			1.0
5386.4			1.0
5387.3			1.0
5388.2			1.0
5389.1			1.0
5390.0			1.0
5390.9			1.0
5391.8			1.0
5392.7			1.0
5393.6			1.0
5394.5			1.0
5395.4			1.0
5396.3			1.0
5397.2			1.0
5398.1			1.0
5399.0			1.0
5399.9			1.0
5400.8			1.0
5401.7			1.0206583386529493
5402.6			1.0179697884787782
5403.5			0.9618798599510503
5404.4			0.8945774612595111
5405.3			0.862866617064029
5406.2			0.8996915935056026
5407.1			0.9778431502725747
5408.0			1.021814788629684
5408.9			1.0019331502513473
5409.8			1.0
5410.7			1.0
5411.6			1.0
5412.5			1.0
5413.4			1.0
5414.3			1.0
5415.2			1.0
5416.1			1.0
5417.0			1.0
5417.9			1.0
5418.8			1.0
5419.7			1.0
5420.6			1.0
5421.5			1.0
5422.4			1.0
5423.3			1.0
5424.2			1.0
5425.1			1.0
5426.0			1.0
5426.9			1.027749714379182
5427.8			1.0076534110636404
5428.7			0.9334026000504881
5429.6			0.8832130969175208
5430.5			0.9274556244450882
5431.4			0.9941119178846374
5432.3			1.0057162075641326
5433.2			1.0
5434.1			1.0
5435.0			1.0
5435.9			1.0
5436.8			1.0
5437.7			1.0
5438.6			1.0
5439.5			1.0
5440.4			1.0
5441.3			1.0
5442.2			1.0
5443.1			1.0
5444.0			0.9792870894953088
5444.9			0.9304538398180716
5445.8			0.8657575718649575
5446.7			0.8316143352833272
5447.6			0.8764396594999593
5448.5			0.954935532972461
5449.4			1.0002322054304251
5450.3			1.0
5451.2			1.0
5452.1			1.0
5453.0			0.9846595157965886
5453.9			0.9457096550212244
5454.8			0.8790858576921099
5455.7			0.8546856555513344
5456.6			0.908129976659649
5457.5			0.9723411941511192
5458.4			0.9986862546879441
5459.3			1.0
5460.2			1.0
5461.1			1.0
5462.0			1.0
5462.9			1.0
5463.8			1.0
5464.7			1.0
5465.6			1.0
5466.5			1.0
5467.4			1.0
5468.3			1.0
5469.2			1.0
5470.1			1.0
5471.0			1.0
5471.9			1.0
5472.8			1.0
5473.7			0.9859940065334474
5474.6			0.9797781155698833
5475.5			0.9420437293096233
5476.4			0.8875648756003474
5477.3			0.895154629611868
5478.2			0.9574008323090408
5479.1			1.0006005108640628
5480.0			1.0
5480.9			1.0
5481.8			1.0
5482.7			1.0
5483.6			1.0
5484.5			1.0
5485.4			1.0
5486.3			1.0
5487.2			1.0
5488.1			1.0
5489.0			1.0
5489.9			1.0
5490.8			1.0
5491.7			1.0
5492.6			1.0
5493.5			1.0
5494.4			1.0
5495.3			1.0
5496.2			1.0
5497.1			1.0
5498.0			1.0
5498.9			1.0
5499.8			1.0
5500.7			1.0
5501.6			1.0
5502.5			1.0
5503.4			1.0
5504.3			1.0
5505.2			1.0
5506.1			1.0
5507.0			1.0
5507.9			1.0
5508.8			1.0
5509.7			0.9981826627202796
5510.6			0.9854282705607793
5511.5			0.956871680999745
5512.4			0.924115879437949
5513.3			0.9198380270914154
5514.2			0.9397715041443494
5515.1			0.9678383697065903
5516.0			0.9873766014680159
5516.9			0.9999537094433895
5517.8			1.0
5518.7			1.0
5519.6			1.0
5520.5			1.0
5521.4			1.0
5522.3			1.0
5523.2			1.0
5524.1			1.0
5525.0			1.0
5525.9			0.9799568076035791
5526.8			0.933868299232612
5527.7			0.8740186179852159
5528.6			0.8624910054074207
5529.5			0.9188949791980557
5530.4			0.9788966230393834
5531.3			1.0003556036875718
5532.2			1.0
5533.1			1.0
5534.0			1.0
5534.9			1.0
5535.8			1.0
5536.7			1.0
5537.6			1.0
5538.5			1.0
5539.4			1.0
5540.3			1.0
5541.2			1.0
5542.1			1.0
5543.0			1.0
5543.9			1.0
5544.8			1.0
5545.7			1.0
5546.6			1.0
5547.5			1.0
5548.4			1.0
5549.3			1.0
5550.200000000001			1.0
5551.1			1.0
5552.0			1.0
5552.9			1.0
5553.8			1.0
5554.700000000001			1.0
5555.6			1.0
5556.5			1.0
5557.4			1.0
5558.3			1.0
5559.200000000001			1.0
5560.1			1.0
5561.0			1.0
5561.9			1.0
5562.8			1.0
5563.700000000001			1.0
5564.6			1.0
5565.5			1.0
5566.4			1.0
5567.3			1.0
5568.200000000001			1.0
5569.1			1.0
5570.0			1.0
5570.9			1.0
5571.8			1.0
5572.700000000001			1.0
5573.6			1.0
5574.5			1.0
5575.4			1.0
5576.3			1.0
5577.200000000001			1.0
5578.1			1.0
5579.0			1.0
5579.9			1.0
5580.8			1.0
5581.700000000001			1.0
5582.6			1.0
5583.5			1.016629009607256
5584.4			1.0144797263597647
5585.3			0.9797262984214916
5586.200000000001			0.9206262228007035
5587.1			0.8751325768164878
5588.0			0.8729438913741657
5588.9			0.8911238062861055
5589.8			0.9212635466246585
5590.700000000001			0.9649250977824447
5591.6			0.9950298518811241
5592.5			0.9990164194898604
5593.4			1.0
5594.3			1.0
5595.200000000001			1.0
5596.1			1.0
5597.0			1.0
5597.9			1.0
5598.8			1.0
5599.700000000001			1.0
5600.6			1.0
5601.5			1.0
5602.4			1.0
5603.3			1.0
5604.200000000001			1.0
5605.1			1.0
5606.0			1.0
5606.9			1.0
5607.8			1.0
5608.700000000001			1.0
5609.6			1.0
5610.5			1.0
5611.4			1.0
5612.3			1.0
5613.200000000001			0.9919977804424609
5614.1			0.9523370519916567
5615.0			0.8769311843144248
5615.9			0.8433297855955413
5616.8			0.9007106034503264
5617.700000000001			0.9756320761872047
5618.6			1.0036336613931482
5619.5			1.0
5620.4			1.0
5621.3			1.0
5622.200000000001			1.0
5623.1			1.0
5624.0			1.0
5624.9			1.0
5625.8			1.0
5626.700000000001			1.0
5627.6			1.0
5628.5			1.0
5629.4			1.0
5630.3			1.0
5631.200000000001			1.0
5632.1			1.0
5633.0			1.0
5633.9			1.0
5634.8			1.0
5635.700000000001			1.0
5636.6			1.0
5637.5			1.0
5638.4			1.0
5639.3			1.0
5640.200000000001			1.0
5641.1			1.0
5642.0			1.0
5642.9			1.0
5643.8			1.0
5644.700000000001			1.0
5645.6			1.0
5646.5			1.0
5647.4			1.0
5648.3			1.0
5649.200000000001			1.0
5650.1			1.0
5651.0			1.0
5651.9			1.0
5652.8			1.0
5653.700000000001			1.0
5654.6			1.0
5655.5			1.0
5656.4			1.0150398156144131
5657.3			0.9993334983860525
5658.200000000001			0.9486796584720465
5659.1			0.9296947796214563
5660.0			0.9696805345379336
5660.9			1.00984490769964
5661.8			1.0000135959958938
5662.700000000001			1.0
5663.6			1.0
5664.5			1.0
5665.4			1.0
5666.3			1.0
5667.200000000001			1.0
5668.1			1.0
5669.0			1.0
5669.9			1.0
5670.8			1.0
5671.700000000001			1.0
5672.6			1.0
5673.5			1.0
5674.4			1.0
5675.3			1.0
5676.200000000001			1.0
5677.1			1.0
5678.0			1.0
5678.9			1.0
5679.8			1.0
5680.700000000001			1.0
5681.6			1.0
5682.5			1.0
5683.4			1.0
5684.3			1.0
5685.200000000001			1.0
5686.1			1.0
5687.0			1.0
5687.9			1.0
5688.8			1.0
5689.700000000001			1.0
5690.6			1.0
5691.5			1.0
5692.4			1.0
5693.3			1.0
5694.200000000001			1.0
5695.1			1.0
5696.0			1.0
5696.9			1.0
5697.8			1.0
5698.700000000001			1.0
5699.6			1.0
5700.5			1.0
5701.4			1.0
5702.3			1.0
5703.200000000001			1.0
5704.1			1.0102896177796332
5705.0			1.0015830323282888
5705.9			0.9810638282108668
5706.8			0.9674806726919812
5707.700000000001			0.9566580145702278
5708.6			0.9331003072156989
5709.5			0.9127322303295807
5710.4			0.9062995018285827
5711.3			0.9041633813416702
5712.200000000001			0.9214186715222042
5713.1			0.9622292050736042
5714.0			0.9902674054744883
5714.9			0.9897053631881431
5715.8			0.9846782445962305
5716.700000000001			0.987484851565744
5717.6			0.9904432846821547
5718.5			0.9981440614310738
5719.4			1.0
5720.3			1.0
5721.200000000001			1.0
5722.1			1.0
5723.0			1.0
5723.9			1.0
5724.8			1.0
5725.700000000001			1.0
5726.6			1.0
5727.5			1.0
5728.4			1.0
5729.3			1.0
5730.200000000001			1.0
5731.1			1.0
5732.0			1.0
5732.9			1.0
5733.8			1.0
5734.700000000001			1.0
5735.6			1.0
5736.5			1.0
5737.4			1.0
5738.3			1.0
5739.200000000001			1.0
5740.1			1.0
5741.0			1.0
5741.9			1.0
5742.8			1.0
5743.700000000001			1.0
5744.6			1.0
5745.5			1.0
5746.4			1.0
5747.3			1.0
5748.200000000001			1.0
5749.1			1.0
5750.0			1.0
5750.9			1.0
5751.8			1.0
5752.700000000001			1.0
5753.6			1.0
5754.5			1.0
5755.4			1.0
5756.3			1.0
5757.200000000001			1.0
5758.1			1.0
5759.0			1.0
5759.9			1.0
5760.8			1.0
5761.700000000001			1.0
5762.6			1.0
5763.5			1.0
5764.4			1.0
5765.3			1.0
5766.200000000001			1.0
5767.1			1.0
5768.0			1.0
5768.9			1.0
5769.8			1.0
5770.700000000001			1.0
5771.6			1.0
5772.5			1.0
5773.4			1.0
5774.3			1.0
5775.200000000001			1.0
5776.1			1.0
5777.0			1.0
5777.9			1.0
5778.8			1.0
5779.700000000001			1.0
5780.6			1.0
5781.5			1.0
5782.4			1.0
5783.3			1.0
5784.200000000001			1.0
5785.1			1.0
5786.0			1.0
5786.9			1.0
5787.8			1.0
5788.700000000001			1.0
5789.6			1.0
5790.5			1.0
5791.4			1.0
5792.3			1.0
5793.200000000001			1.0
5794.1			1.0
5795.0			1.0
5795.9			1.0
5796.8			1.0
5797.700000000001			1.0
5798.6			1.0
5799.5			1.0
5800.4			1.0
5801.3			1.0
5802.200000000001			1.0
5803.1			1.0
5804.0			1.0
5804.9			1.0
5805.8			1.0
5806.700000000001			1.0
5807.6			1.0
5808.5			1.0
5809.4			1.0
5810.3			1.0
5811.200000000001			1.0
5812.1			1.0
5813.0			1.0
5813.9			1.0
5814.8			1.0
5815.700000000001			1.0
5816.6			1.0
5817.5			1.0
5818.4			1.0
5819.3			1.0
5820.200000000001			1.0
5821.1			1.0
5822.0			1.0
5822.9			1.0
5823.8			1.0
5824.700000000001			1.0
5825.6			1.0
5826.5			1.0
5827.4			1.0
5828.3			1.0
5829.200000000001			1.0
5830.1			1.0
5831.0			1.0
5831.9			1.0
5832.8			1.0
5833.700000000001			1.0
5834.6			1.0
5835.5			1.0
5836.4			1.0
5837.3			1.0
5838.200000000001			1.0
5839.1			1.0
5840.0			1.0
5840.9			1.0
5841.8			1.0
5842.700000000001			1.0
5843.6			1.0
5844.5			1.0
5845.4			1.0
5846.3			1.0
5847.200000000001			1.0
5848.1			1.0
5849.0			1.0
5849.9			1.0
5850.8			1.0
5851.700000000001			1.0
5852.6			1.0
5853.5			1.0
5854.4			1.0
5855.3			1.0055509139975587
5856.200000000001			0.9805028260570035
5857.1			0.935543343171043
5858.0			0.9212394175709666
5858.9			0.9531022073716015
5859.8			0.9868630707964058
5860.700000000001			1.0000216584235868
5861.6			1.0
5862.5			1.0
5863.4			1.0
5864.3			1.0
5865.200000000001			1.0
5866.1			1.0
5867.0			1.0
5867.9			1.0
5868.8			1.0
5869.700000000001			1.0
5870.6			1.0
5871.5			1.0
5872.4			1.0
5873.3			1.0
5874.200000000001			1.0
5875.1			1.0
5876.0			1.0
5876.9			1.0
5877.8			1.0
5878.700000000001			1.0
5879.6			1.0
5880.5			1.0
5881.4			1.0
5882.3			1.0
5883.200000000001			1.0
5884.1			1.0
5885.0			1.0
5885.9			1.0
5886.8			1.0
5887.700000000001			0.9612796705304115
5888.6			0.8507366076666796
5889.5			0.6994812471606195
5890.4			0.6522010474109982
5891.3			0.7730023050049125
5892.200000000001			0.9235900196675433
5893.1			0.9968337239384993
5894.0			1.0
5894.9			1.0
5895.8			1.0
5896.700000000001			1.0
5897.6			1.0
5898.5			1.0
5899.4			1.0
5900.3			1.0
5901.200000000001			1.0
5902.1			1.0
5903.0			1.0
5903.9			1.0
5904.8			1.0
5905.700000000001			1.0
5906.6			1.0
5907.5			1.0
5908.4			1.0
5909.3			1.0
5910.200000000001			1.0
5911.1			1.0
5912.0			1.0
5912.9			1.0
5913.8			1.0
5914.700000000001			1.0
5915.6			1.0
5916.5			1.0
5917.4			1.0
5918.3			1.0
5919.200000000001			1.0
5920.1			1.0
5921.0			1.0
5921.9			1.0
5922.8			1.0
5923.700000000001			1.0
5924.6			1.0
5925.5			1.0
5926.4			1.0
5927.3			1.0
5928.200000000001			1.0
5929.1			1.0
5930.0			1.0
5930.9			1.0
5931.8			1.0
5932.700000000001			1.0
5933.6			1.0
5934.5			1.0
5935.4			1.0
5936.3			1.0
5937.200000000001			1.0
5938.1			1.0
5939.0			1.0
5939.9			1.0
5940.8			1.0
5941.700000000001			1.0
5942.6			1.0
5943.5			1.0
5944.4			1.0
5945.3			1.0
5946.200000000001			1.0
5947.1			1.0
5948.0			1.0
5948.9			1.0
5949.8			1.0
5950.700000000001			1.0
5951.6			1.0
5952.5			1.0
5953.4			1.0
5954.3			1.0
5955.200000000001			1.0
5956.1			1.0
5957.0			1.0
5957.9			1.0
5958.8			1.0
5959.700000000001			1.0
5960.6			1.0
5961.5			1.0
5962.4			1.0
5963.3			1.0
5964.200000000001			1.0
5965.1			1.0
5966.0			1.0
5966.9			1.0
5967.8			1.0
5968.700000000001			1.0
5969.6			1.0
5970.5			1.0
5971.4			1.0
5972.3			1.0
5973.200000000001			1.0
5974.1			1.0
5975.0			1.0
5975.9			1.0
5976.8			1.0
5977.700000000001			1.0
5978.6			1.0
5979.5			1.0
5980.4			1.0
5981.3			1.0
5982.200000000001			1.0
5983.1			1.0
5984.0			1.0
5984.9			1.0
5985.8			1.0
5986.700000000001			1.0
5987.6			1.0
5988.5			1.0
5989.4			1.0
5990.3			1.0
5991.200000000001			1.0
5992.1			1.0
5993.0			1.0
5993.9			1.0
5994.8			1.0
5995.700000000001			1.0
5996.6			1.0
5997.5			1.0
5998.4			1.0
5999.3			1.0
6000.200000000001			1.0
6001.1			1.0
6002.0			1.0
6002.9			1.0
6003.8			1.0
6004.700000000001			1.0
6005.6			1.0
6006.5			1.0
6007.4			1.0
6008.3			1.0
6009.200000000001			1.0
6010.1			1.0
6011.0			1.0
6011.9			1.0
6012.8			1.0
6013.700000000001			1.0
6014.6			1.0
6015.5			1.0
6016.4			1.0
6017.3			1.0
6018.200000000001			1.0
6019.1			1.0
6020.0			1.0
6020.9			1.0
6021.8			1.0
6022.700000000001			1.0
6023.6			1.0
6024.5			1.0
6025.4			1.0
6026.3			1.0
6027.200000000001			1.0
6028.1			1.0
6029.0			1.0
6029.9			1.0
6030.8			1.0
6031.700000000001			1.0
6032.6			1.0
6033.5			1.0
6034.4			1.0
6035.3			1.0
6036.200000000001			1.0
6037.1			1.0
6038.0			1.0
6038.9			1.0
6039.8			1.0
6040.700000000001			1.0
6041.6			1.0
6042.5			1.0
6043.4			1.0
6044.3			1.0
6045.200000000001			1.0
6046.1			1.0
6047.0			1.0
6047.9			1.0
6048.8			1.0
6049.700000000001			1.0
6050.6			1.0
6051.5			1.0
6052.4			1.0
6053.3			1.0
6054.200000000001			1.0
6055.1			1.0
6056.0			1.0
6056.9			1.0
6057.8			1.0
6058.700000000001			1.0
6059.6			1.0
6060.5			1.0
6061.4			1.0
6062.3			1.0
6063.200000000001			1.0
6064.1			1.0
6065.0			1.0
6065.9			1.0
6066.8			1.0
6067.700000000001			1.0
6068.6			1.0
6069.5			1.0
6070.4			1.0
6071.3			1.0
6072.200000000001			1.0
6073.1			1.0
6074.0			1.0
6074.9			1.0
6075.8			1.0
6076.700000000001			1.0
6077.6			1.0
6078.5			1.0
6079.4			1.0
6080.3			1.0
6081.200000000001			1.0
6082.1			1.0
6083.0			1.0
6083.9			1.0
6084.8			1.0
6085.700000000001			1.0
6086.6			1.0
6087.5			1.0
6088.4			1.0
6089.3			1.0
6090.200000000001			1.0
6091.1			1.0
6092.0			1.0
6092.9			1.0
6093.8			1.0
6094.700000000001			1.0
6095.6			1.0
6096.5			1.0
6097.4			1.0
6098.3			1.0
6099.200000000001			1.0
6100.1			1.0
6101.0			0.9820207603226958
6101.9			0.9310865143836843
6102.8			0.8914431833686826
6103.700000000001			0.9275736548280634
6104.6			0.9974034467668149
6105.5			1.0
6106.4			1.0
6107.3			1.0
6108.200000000001			1.0
6109.1			1.0
6110.0			1.0
6110.9			1.0
6111.8			1.0
6112.700000000001			1.0
6113.6			1.0
6114.5			1.0
6115.4			1.0
6116.3			1.0
6117.200000000001			1.0
6118.1			1.0
6119.0			1.0
6119.9			1.0
6120.8			0.9686821025095244
6121.700000000001			0.9153091797521148
6122.6			0.8994994040953312
6123.5			0.9506786890859085
6124.4			0.9998229359179958
6125.3			1.0
6126.200000000001			1.0
6127.1			1.0
6128.0			1.0
6128.9			1.0
6129.8			1.0
6130.700000000001			1.0
6131.6			1.0
6132.5			1.0
6133.4			1.0
6134.3			0.9987373388762325
6135.200000000001			0.9752979169924746
6136.1			0.9170534922592436
6137.0			0.868347271193595
6137.9			0.8845043341137842
6138.8			0.9510305094082252
6139.700000000001			0.9993017977657067
6140.6			1.0
6141.5			1.0
6142.4			1.0
6143.3			1.0
6144.200000000001			1.0
6145.1			1.0
6146.0			1.0
6146.9			1.0
6147.8			1.0
6148.700000000001			1.0
6149.6			1.0
6150.5			1.0
6151.4			1.0
6152.3			1.0
6153.200000000001			1.0
6154.1			1.0
6155.0			1.0
6155.9			1.0
6156.8			1.0
6157.700000000001			1.0
6158.6			1.008950098934532
6159.5			1.0000304921396075
6160.4			0.9483011859369268
6161.3			0.8705266711988265
6162.200000000001			0.8222610833953335
6163.1			0.8550437132305111
6164.0			0.9296848833876411
6164.9			0.9818692569236769
6165.8			1.0041838383448616
6166.700000000001			1.0
6167.6			1.0
6168.5			1.0
6169.4			1.0
6170.3			1.0
6171.200000000001			1.0
6172.1			1.0
6173.0			1.0
6173.9			1.0
6174.8			1.0
6175.700000000001			1.0
6176.6			1.0
6177.5			1.0
6178.4			1.0
6179.3			1.0
6180.200000000001			1.0
6181.1			1.0
6182.0			1.0
6182.9			1.0
6183.8			1.0
6184.700000000001			1.0
6185.6			1.0
6186.5			1.0
6187.4			1.0
6188.3			1.0
6189.200000000001			1.0
6190.1			1.0
6191.0			1.0
6191.9			1.0
6192.8			1.0
6193.700000000001			1.0
6194.6			1.0
6195.5			1.0
6196.4			1.0
6197.3			1.0
6198.200000000001			1.0
6199.1			1.0
6200.0			1.0
6200.9			1.0
6201.8			1.0
6202.700000000001			1.0
6203.6			1.0
6204.5			1.0
6205.4			1.0
6206.3			1.0
6207.200000000001			1.0
6208.1			1.0
6209.0			1.0
6209.9			1.0
6210.8			1.0
6211.700000000001			1.0
6212.6			1.0
6213.5			1.0
6214.4			1.0
6215.3			1.0
6216.200000000001			1.0
6217.1			1.0
6218.0			1.0
6218.9			1.0
6219.8			1.0
6220.700000000001			1.0
6221.6			1.0
6222.5			1.0
6223.4			1.0
6224.3			1.0
6225.200000000001			1.0
6226.1			1.0
6227.0			1.0
6227.9			1.0
6228.8			1.0
6229.700000000001			1.0
6230.6			1.0
6231.5			0.9938322810778383
6232.4			1.0165563376181777
6233.3			1.037279850557335
6234.200000000001			1.0554547218750947
6235.1			1.0612576556574476
6236.0			1.0490465654773813
6236.9			1.0228117402581682
6237.8			1.0046857913713414
6238.700000000001			0.9999244343978783
6239.6			1.0
6240.5			1.0
6241.4			1.0
6242.3			1.0
6243.200000000001			1.0
6244.1			1.0
6245.0			1.0
6245.9			1.0
6246.8			1.0
6247.700000000001			1.0
6248.6			1.0
6249.5			1.0
6250.4			1.0
6251.3			1.0
6252.200000000001			1.0
6253.1			1.0
6254.0			1.0
6254.9			1.0
6255.8			1.0
6256.700000000001			1.0
6257.6			1.0
6258.5			1.0
6259.4			1.0
6260.3			1.0
6261.200000000001			1.0
6262.1			1.0
6263.0			1.0
6263.9			1.0
6264.8			1.0
6265.700000000001			1.0
6266.6			1.0
6267.5			1.0
6268.4			1.0
6269.3			1.0
6270.200000000001			1.0
6271.1			1.0
6272.0			1.0
6272.9			1.0
6273.8			1.0
6274.700000000001			1.0
6275.6			1.0
6276.5			1.0
6277.4			1.0
6278.3			1.0
6279.200000000001			1.0
6280.1			1.0
6281.0			1.0
6281.9			1.0
6282.8			1.0
6283.700000000001			1.0
6284.6			1.0
6285.5			1.0
6286.4			1.0
6287.3			1.0
6288.200000000001			1.0
6289.1			1.0
6290.0			1.0
6290.9			1.0
6291.8			1.0
6292.700000000001			1.0
6293.6			1.0
6294.5			1.0
6295.4			1.0
6296.3			1.0
6297.200000000001			1.0
6298.1			1.0
6299.0			1.0
6299.9			1.0
6300.8			1.0
6301.700000000001			1.0
6302.6			1.0
6303.5			1.0
6304.4			1.0
6305.3			1.0
6306.200000000001			1.0
6307.1			1.0
6308.0			1.0
6308.9			1.0
6309.8			1.0
6310.700000000001			1.0
6311.6			1.0
6312.5			1.0
6313.4			1.0
6314.3			1.0
6315.200000000001			1.0
6316.1			1.0
6317.0			1.0
6317.9			1.0
6318.8			1.0
6319.700000000001			1.0
6320.6			1.0
6321.5			1.0
6322.4			1.0
6323.3			1.0
6324.200000000001			1.0
6325.1			1.0
6326.0			1.0
6326.9			1.0
6327.8			1.0
6328.700000000001			1.0
6329.6			1.0
6330.5			1.0
6331.4			1.0
6332.3			1.0
6333.200000000001			1.0
6334.1			1.0
6335.0			1.0
6335.9			1.0
6336.8			1.0
6337.700000000001			1.0
6338.6			1.0
6339.5			1.0
6340.4			1.0
6341.3			1.0
6342.200000000001			1.0
6343.1			1.0
6344.0			1.0
6344.9			1.0
6345.8			1.0
6346.700000000001			1.0
6347.6			1.0
6348.5			1.0
6349.4			1.0
6350.3			1.0
6351.200000000001			1.0
6352.1			1.0
6353.0			1.0
6353.9			1.0
6354.8			1.0
6355.700000000001			1.0
6356.6			1.0
6357.5			1.0
6358.4			1.0
6359.3			1.0
6360.200000000001			1.0
6361.1			1.0
6362.0			1.0
6362.9			1.0
6363.8			1.0
6364.700000000001			1.0
6365.6			1.0
6366.5			1.0
6367.4			1.0
6368.3			1.0
6369.200000000001			1.0
6370.1			1.0
6371.0			1.0
6371.9			1.0
6372.8			1.0
6373.700000000001			1.0
6374.6			1.0
6375.5			1.0
6376.4			1.0
6377.3			1.0
6378.200000000001			1.0
6379.1			1.0
6380.0			1.0
6380.9			1.0
6381.8			1.0
6382.700000000001			1.0
6383.6			1.0
6384.5			1.0
6385.4			1.0
6386.3			1.0
6387.200000000001			1.0
6388.1			1.0
6389.0			1.0
6389.9			1.0
6390.8			1.0
6391.700000000001			1.0
6392.6			1.0
6393.5			1.0
6394.4			1.0
6395.3			1.0333336432328557
6396.200000000001			1.050821473440563
6397.1			1.0507616431636588
6398.0			1.0319959138552026
6398.9			0.9844440091696114
6399.8			0.93572982712974
6400.700000000001			0.944480279908264
6401.6			0.9968048418754404
6402.5			1.0298396422058294
6403.4			1.038858591557986
6404.3			1.0420680617643536
6405.200000000001			1.0368218137264358
6406.1			1.023081140749792
6407.0			1.0028820744569291
6407.9			0.9910579417132261
6408.8			1.0012730981441125
6409.700000000001			1.0098807669575034
6410.6			0.9896168610165859
6411.5			0.9664475931771538
6412.4			0.9779402086104763
6413.3			1.004881816197595
6414.200000000001			1.0137664531618573
6415.1			1.0150091558450527
6416.0			1.0259693720404417
6416.9			1.0300050997073142
6417.8			1.016302166325509
6418.700000000001			0.9973309561977464
6419.6			0.9752722788975206
6420.5			0.9590181304446324
6421.4			0.9697592689566994
6422.3			1.0039426104967772
6423.200000000001			1.0297234901148502
6424.1			1.0327591483993024
6425.0			1.0262161030916332
6425.9			1.0213770971591825
6426.8			1.0184188527303646
6427.700000000001			1.018877861901607
6428.6			1.016215520185353
6429.5			0.9973463203006293
6430.4			0.9682112576720462
6431.3			0.9630721353533652
6432.200000000001			0.9873530595416409
6433.1			1.0095627250211139
6434.0			1.017179522400471
6434.9			1.0166640902559363
6435.8			1.0146638055232524
6436.700000000001			1.0093572830051918
6437.6			0.9823716481393651
6438.5			0.9359935684792666
6439.4			0.9231827247728129
6440.3			0.960447431542761
6441.200000000001			0.9964255267023524
6442.1			1.0060372771623414
6443.0			1.0048259337729624
6443.9			1.0018075586550141
6444.8			1.0011788241271802
6445.700000000001			1.0020082354032118
6446.6			1.0020049161520437
6447.5			0.9973272940954925
6448.4			0.9717986243951378
6449.3			0.9288430346744928
6450.200000000001			0.9161350880820187
6451.1			0.9497917953518817
6452.0			0.9861656153441861
6452.9			1.0002553671176952
6453.8			1.0
6454.700000000001			1.0
6455.6			1.0
6456.5			1.0
6457.4			1.0
6458.3			1.0
6459.200000000001			1.0
6460.1			1.0
6461.0			1.0
6461.9			1.0
6462.8			1.0
6463.700000000001			1.0
6464.6			1.0
6465.5			1.0
6466.4			1.0
6467.3			1.0
6468.200000000001			0.987671342060816
6469.1			0.9739693925568939
6470.0			0.9691316964880744
6470.9			0.9659331652920855
6471.8			0.9598135241463284
6472.700000000001			0.9678693337472728
6473.6			0.9848745144063715
6474.5			0.9885858025421268
6475.4			0.9827764201250455
6476.3			0.9888646145444859
6477.200000000001			1.0059948617731813
6478.1			1.0131801852423057
6479.0			1.0112616101086291
6479.9			1.0070454555022366
6480.8			0.9963335786790639
6481.700000000001			0.9820536678232243
6482.6			0.9779460015477018
6483.5			0.9896814694479434
6484.4			1.0030533037114029
6485.3			1.0105298076461005
6486.200000000001			1.0192307121049087
6487.1			1.023772243985673
6488.0			1.0181303478890713
6488.9			1.007984553671667
6489.8			1.0032824546687558
6490.700000000001			1.0024718687143677
6491.6			0.9959260374220369
6492.5			0.9690879382967164
6493.4			0.9139670062756414
6494.3			0.8707516788671369
6495.200000000001			0.8804303654942802
6496.1			0.9194501414497097
6497.0			0.9539494128258871
6497.9			0.9728345862763896
6498.8			0.9685080020690267
6499.700000000001			0.9684777056246338
6500.6			0.9922133250265293
6501.5			1.0155445311528335
6502.4			1.0288456039605147
6503.3			1.0332349857955423
6504.200000000001			1.0285215595897474
6505.1			1.0264233505507065
6506.0			1.0294805761071024
6506.9			1.0297395189273644
6507.8			1.026629656491631
6508.700000000001			1.0272678471574903
6509.6			1.0334257946449088
6510.5			1.0441441598187802
6511.4			1.049066348901419
6512.3			1.049417924177612
6513.200000000001			1.0468961681361015
6514.1			1.0407855514422026
6515.0			1.0344741972361169
6515.9			1.0286959984868622
6516.8			1.0228726060556332
6517.700000000001			1.017025051568182
6518.6			1.0176025289853328
6519.5			1.0337691990921805
6520.4			1.0503561212021557
6521.3			1.0525328518627377
6522.200000000001			1.044729932720537
6523.1			1.0384488472870015
6524.0			1.0412071462460575
6524.9			1.0456266742200928
6525.8			1.0341566231612915
6526.700000000001			1.0209611714856652
6527.6			1.025003838710292
6528.5			1.0339445768460025
6529.4			1.0340249009304747
6530.3			1.0309230254063182
6531.200000000001			1.028398612676904
6532.1			1.0221089464850042
6533.0			1.0162242297844095
6533.9			1.0197578999049755
6534.8			1.0333899877119466
6535.700000000001			1.0458500226601921
6536.6			1.0479382792908072
6537.5			1.0477441281689985
6538.4			1.0537516290036204
6539.3			1.060497090981985
6540.200000000001			1.0602909341065134
6541.1			1.0565497407397035
6542.0			1.057959066387946
6542.9			1.0533822398299135
6543.8			1.0389037537301467
6544.700000000001			1.0192215096894472
6545.6			0.998929808270098
6546.5			0.996427785082052
6547.4			1.0201831954339333
6548.3			1.0411083766229743
6549.200000000001			1.0472150138394465
6550.1			1.0481590283398219
6551.0			1.0465991749426242
6551.9			1.0426132624967346
6552.8			1.0320167469174673
6553.700000000001			1.0151937476474961
6554.6			1.0001344791846807
6555.5			1.0
6556.4			1.0
6557.3			1.0
6558.200000000001			1.0
6559.1			1.0
6560.0			0.9732582272308942
6560.9			0.8938160624612739
6561.8			0.7457281579274673
6562.700000000001			0.6460519008257196
6563.6			0.7348090216469981
6564.5			0.9046920800105358
6565.4			0.9995226468392828
6566.3			1.0
6567.200000000001			1.0
6568.1			1.0
6569.0			1.0
6569.9			1.0
6570.8			1.0
6571.700000000001			1.0
6572.6			1.0
6573.5			1.0
6574.4			1.0
6575.3			1.0
6576.200000000001			1.0
6577.1			1.0
6578.0			1.0
6578.9			1.0
6579.8			1.0
6580.700000000001			1.0
6581.6			1.0
6582.5			1.0
6583.4			1.0
6584.3			1.0
6585.200000000001			1.0
6586.1			1.0
6587.0			1.0
6587.9			1.0
6588.8			0.9993531781450525
6589.700000000001			1.004054520466223
6590.6			0.999361475219489
6591.5			0.9671010471467674
6592.4			0.9223680521578869
6593.3			0.9070312157849132
6594.200000000001			0.9406700601996704
6595.1			0.9821293242805224
6596.0			0.9935802014039176
6596.9			0.9875889135910293
6597.8			0.9789042678693629
6598.700000000001			0.9800589101841887
6599.6			0.9945289676247455
6600.5			1.0059652197603732
6601.4			1.0068523304770618
6602.3			1.0006579046447126
6603.200000000001			0.9940239665451736
6604.1			0.9896236074395609
6605.0			0.9865556090685691
6605.9			0.9879381477954473
6606.8			0.9868972406672515
6607.700000000001			0.975730909991491
6608.6			0.9699546569582523
6609.5			0.9756485153363287
6610.4			0.9859586379906002
6611.3			0.9942803636324272
6612.200000000001			0.9972902577259365
6613.1			0.9974875817280308
6614.0			0.997433620146197
6614.9			0.9997269212278331
6615.8			1.0014526042928331
6616.700000000001			1.002514538771957
6617.6			1.0035784452357683
6618.5			1.0031397903271164
6619.4			1.004297200382748
6620.3			1.0084034817611727
6621.200000000001			1.0088942885478924
6622.1			1.003883512172746
6623.0			0.9998416482447142
6623.9			0.9969369500185494
6624.8			0.9925662241790987
6625.700000000001			0.9931045336236142
6626.6			0.9962817548297037
6627.5			0.9956663746915342
6628.4			0.9949087023754799
6629.3			0.9939777740729773
6630.200000000001			0.9894681049176385
6631.1			0.9850532761635067
6632.0			0.9748515575915574
6632.9			0.9571795780645121
6633.8			0.9514694535015927
6634.700000000001			0.9694545966674015
6635.6			0.9930556469799581
6636.5			1.0038117304737944
6637.4			1.0021484162919783
6638.3			0.9976080792319963
6639.200000000001			0.9967017507685249
6640.1			0.9995674124871814
6641.0			0.9990885917658218
6641.9			0.9849464874252449
6642.8			0.9648702984755702
6643.700000000001			0.9617894483550616
6644.6			0.9772969109136672
6645.5			0.9928642170916341
6646.4			1.000153294872916
6647.3			1.0028618166087946
6648.200000000001			1.006552092695281
6649.1			1.0130632144478622
6650.0			1.0184603953920623
6650.9			1.013605491305579
6651.8			1.0071764157944698
6652.700000000001			1.010252862990813
6653.6			1.0133253083792337
6654.5			1.0132697059715825
6655.4			1.0101030975542111
6656.3			1.0030729185369485
6657.200000000001			1.0021044364030178
6658.1			1.0048453828293467
6659.0			1.001308296380287
6659.9			0.9950130601399418
6660.8			0.9923912887381803
6661.700000000001			0.9860047423598154
6662.6			0.9715478651862581
6663.5			0.9652462106896366
6664.4			0.9740301728598599
6665.3			0.9850891754529947
6666.200000000001			0.9901699274420268
6667.1			0.9903227233649127
6668.0			0.990947959831312
6668.9			0.9936028156638139
6669.8			0.9929019140726734
6670.700000000001			0.9884743361586108
6671.6			0.9868646992403421
6672.5			0.9920418649713227
6673.4			0.9972025721995083
6674.3			0.9985479960867013
6675.200000000001			0.9963123223197995
6676.1			0.983340984591263
6677.0			0.95444143981854
6677.9			0.9346091348730434
6678.8			0.949996965933693
6679.700000000001			0.97787662854414
6680.6			0.9931222727876027
6681.5			1.0004637798841254
6682.4			1.0021784928129884
6683.3			0.9997782467785533
6684.200000000001			1.0020654814892926
6685.1			1.0035227863232217
6686.0			1.0020613449378029
6686.9			1.0013350132104049
6687.8			1.0008885005747328
6688.700000000001			1.0022358008407097
6689.6			1.0039953449806642
6690.5			1.0061795087619991
6691.4			1.00628140497049
6692.3			1.0035778140128166
6693.200000000001			1.0019076195616037
6694.1			0.9972080498406319
6695.0			0.9851791040611038
6695.9			0.9757164533584827
6696.8			0.9794422945445381
6697.700000000001			0.9882106816136769
6698.6			0.9920926791466583
6699.5			0.9970009067758097
6700.4			1.0029868630166865
6701.3			1.003897116382452
6702.200000000001			1.000199194450774
6703.1			0.9898042689078138
6704.0			0.9788043101026862
6704.9			0.9827275534090824
6705.8			0.9977594932108874
6706.700000000001			1.006475164936122
6707.6			1.0071826347158643
6708.5			1.0054514715540925
6709.4			1.0028693220740068
6710.3			1.0016658104293743
6711.200000000001			0.9999723886781801
6712.1			1.0
6713.0			1.0
6713.9			1.0
6714.8			1.0
6715.700000000001			1.0
6716.6			1.0
6717.5			1.0
6718.4			1.0
6719.3			1.0
6720.200000000001			1.0
6721.1			1.0
6722.0			1.0
6722.9			1.0
6723.8			1.0
6724.700000000001			1.0
6725.6			1.0
6726.5			1.0
6727.4			1.0
6728.3			1.0
6729.200000000001			1.0
6730.1			1.0
6731.0			1.0
6731.9			1.0
6732.8			1.0
6733.700000000001			1.0
6734.6			1.0
6735.5			1.0
6736.4			1.0
6737.3			1.0
6738.200000000001			1.0
6739.1			1.0
6740.0			1.0
6740.9			1.0
6741.8			1.0
6742.700000000001			1.0
6743.6			1.0
6744.5			1.0
6745.4			1.0
6746.3			1.0
6747.200000000001			1.0
6748.1			1.0
6749.0			1.0
6749.9			1.0
6750.8			1.0
6751.700000000001			1.0
6752.6			1.0
6753.5			1.0
6754.4			1.0
6755.3			1.0
6756.200000000001			1.0
6757.1			1.0
6758.0			1.0
6758.9			1.0
6759.8			1.0
6760.700000000001			1.0
6761.6			1.0
6762.5			1.0
6763.4			1.0
6764.3			1.0
6765.200000000001			1.0
6766.1			1.0
6767.0			1.0
6767.9			1.0
6768.8			1.0
6769.700000000001			1.0
6770.6			1.0
6771.5			1.0
6772.4			1.0
6773.3			1.0
6774.200000000001			1.0
6775.1			1.0
6776.0			1.0
6776.9			1.0
6777.8			1.0
6778.700000000001			1.0
6779.6			1.0
6780.5			1.0
6781.4			1.0
6782.3			1.0
6783.200000000001			1.0
6784.1			1.0
6785.0			1.0
6785.9			1.0
6786.8			1.0
6787.700000000001			1.0
6788.6			1.0
6789.5			1.0
6790.4			1.0
6791.3			1.0
6792.200000000001			1.0
6793.1			1.0
6794.0			1.0
6794.9			1.0
6795.8			1.0
6796.700000000001			1.0
6797.6			1.0
6798.5			1.0
6799.4			1.0
6800.3			1.0
6801.200000000001			1.0
6802.1			1.0
6803.0			1.0
6803.9			1.0
6804.8			1.0
6805.700000000001			1.0
6806.6			1.0
6807.5			1.0
6808.4			1.0
6809.3			1.0
6810.200000000001			1.0
6811.1			1.0
6812.0			1.0
6812.9			1.0
6813.8			1.0
6814.700000000001			1.0
6815.6			1.0
6816.5			1.0
6817.4			1.0
6818.3			1.0
6819.200000000001			1.0
6820.1			1.0
6821.0			1.0
6821.9			1.0
6822.8			1.0
6823.700000000001			1.0
6824.6			1.0
6825.5			1.0
6826.4			1.0
6827.3			1.0
6828.200000000001			1.0
6829.1			1.0
6830.0			1.0
6830.9			1.0
6831.8			1.0
6832.700000000001			1.0
6833.6			1.0
6834.5			1.0
6835.4			1.0
6836.3			1.0
6837.200000000001			1.0
6838.1			1.0
6839.0			1.0
6839.9			1.0
6840.8			1.0
6841.700000000001			1.0
6842.6			1.0
6843.5			1.0
6844.4			1.0
6845.3			1.0
6846.200000000001			1.0
6847.1			1.0
6848.0			1.0
6848.9			1.0
6849.8			1.0
6850.700000000001			1.0
6851.6			1.0
6852.5			1.0
6853.4			1.0
6854.3			1.0
6855.200000000001			1.0
6856.1			1.0
6857.0			1.0
6857.9			1.0
6858.8			1.0
6859.700000000001			1.0
6860.6			1.0
6861.5			1.0
6862.4			1.0
6863.3			1.0
6864.200000000001			1.0
6865.1			1.0
6866.0			1.0
6866.9			1.0
6867.8			1.0
6868.700000000001			1.0
6869.6			1.0
6870.5			1.0
6871.4			1.0
6872.3			1.0
6873.200000000001			1.0
6874.1			1.0
6875.0			1.0
6875.9			1.0
6876.8			1.0
6877.700000000001			1.0
6878.6			1.0
6879.5			1.0
6880.4			1.0
6881.3			1.0
6882.200000000001			1.0
6883.1			1.0
6884.0			1.0
6884.9			1.0
6885.8			1.0
6886.700000000001			1.0
6887.6			1.0
6888.5			1.0
6889.4			1.0
6890.3			1.0
6891.200000000001			1.0
6892.1			1.0
6893.0			1.0
6893.9			1.0
6894.8			1.0
6895.700000000001			1.0
6896.6			1.0
6897.5			1.0
6898.4			1.0
6899.3			1.0
6900.200000000001			1.0
6901.1			1.0
6902.0			1.0
6902.9			1.0
6903.8			1.0
6904.700000000001			1.0
6905.6			1.0
6906.5			1.0
6907.4			1.0
6908.3			1.0
6909.200000000001			1.0
6910.1			1.0
6911.0			1.0
6911.9			1.0
6912.8			1.0
6913.700000000001			1.0
6914.6			1.0
6915.5			1.0
6916.4			1.0
6917.3			1.0
6918.200000000001			1.0
6919.1			1.0
6920.0			1.0
6920.9			1.0
6921.8			1.0
6922.700000000001			1.0
6923.6			1.0
6924.5			1.0
6925.4			1.0
6926.3			1.0
6927.200000000001			1.0
6928.1			1.0
6929.0			1.0
6929.9			1.0
6930.8			1.0
6931.700000000001			1.0
6932.6			1.0
6933.5			1.0
6934.4			1.0
6935.3			1.0
6936.200000000001			1.0
6937.1			1.0
6938.0			1.0
6938.9			1.0
6939.8			1.0
6940.700000000001			1.0
6941.6			1.0
6942.5			1.0
6943.4			1.0
6944.3			1.0
6945.200000000001			1.0
6946.1			1.0
6947.0			1.0
6947.9			1.0
6948.8			1.0
6949.700000000001			1.0
6950.6			1.0
6951.5			1.0
6952.4			1.0
6953.3			1.0
6954.200000000001			1.0
6955.1			1.0
6956.0			1.0
6956.9			1.0
6957.8			1.0
6958.700000000001			1.0
6959.6			1.0
6960.5			1.0
6961.4			1.0
6962.3			1.0
6963.200000000001			1.0
6964.1			1.0
6965.0			1.0
6965.9			1.0
6966.8			1.0
6967.700000000001			1.0
6968.6			1.0
6969.5			1.0
6970.4			1.0
6971.3			1.0
6972.200000000001			1.0
6973.1			1.0
6974.0			1.0
6974.9			1.0
6975.8			1.0
6976.700000000001			1.0
6977.6			1.0
6978.5			1.0
6979.4			1.0
6980.3			1.0
6981.200000000001			1.0
6982.1			1.0
6983.0			1.0
6983.9			1.0
6984.8			1.0
6985.700000000001			1.0
6986.6			1.0
6987.5			1.0
6988.4			1.0
6989.3			1.0
6990.200000000001			1.0
6991.1			1.0
6992.0			1.0
6992.9			1.0
6993.8			1.0
6994.700000000001			1.0
6995.6			1.0
6996.5			1.0
6997.4			1.0
6998.3			1.0
6999.200000000001			1.0
7000.1			1.0
7001.0			1.0
7001.9			1.0
7002.8			1.0
7003.700000000001			1.0
7004.6			1.0
7005.5			1.0
7006.4			1.0
7007.3			1.0
7008.200000000001			1.0
7009.1			1.0
7010.0			1.0
7010.9			1.0
7011.8			1.0
7012.700000000001			1.0
7013.6			1.0
7014.5			1.0
7015.4			1.0
7016.3			1.0
7017.200000000001			1.0
7018.1			1.0
7019.0			1.0
7019.9			1.0
7020.8			1.0
7021.700000000001			1.0
7022.6			1.0
7023.5			1.0
7024.4			1.0
7025.3			1.0
7026.200000000001			1.0
7027.1			1.0
7028.0			1.0
7028.9			1.0
7029.8			1.0
7030.700000000001			1.0
7031.6			1.0
7032.5			1.0
7033.4			1.0
7034.3			1.0
7035.200000000001			1.0
7036.1			1.0
7037.0			1.0
7037.9			1.0
7038.8			1.0
7039.700000000001			1.0
7040.6			1.0
7041.5			1.0
7042.4			1.0
7043.3			1.0
7044.200000000001			1.0
7045.1			1.0
7046.0			1.0
7046.9			1.0
7047.8			1.0
7048.700000000001			1.0
7049.6			1.0
7050.5			1.0
7051.4			1.0
7052.3			1.0
7053.200000000001			1.0
7054.1			1.0
7055.0			1.0
7055.9			1.0
7056.8			1.0
7057.700000000001			1.0
7058.6			1.0
7059.5			1.0
7060.4			1.0
7061.3			1.0
7062.200000000001			1.0
7063.1			1.0
7064.0			1.0
7064.9			1.0
7065.8			1.0
7066.700000000001			1.0
7067.6			1.0
7068.5			1.0
7069.4			1.0
7070.3			1.0
7071.200000000001			1.0
7072.1			1.0
7073.0			1.0
7073.9			1.0
7074.8			1.0
7075.700000000001			1.0
7076.6			1.0
7077.5			1.0
7078.4			1.0
7079.3			1.0
7080.200000000001			1.0
7081.1			1.0
7082.0			1.0
7082.9			1.0
7083.8			1.0
7084.700000000001			1.0
7085.6			1.0
7086.5			1.0
7087.4			1.0
7088.3			1.0
7089.200000000001			1.0
7090.1			1.0
7091.0			1.0
7091.9			1.0
7092.8			1.0
7093.700000000001			1.0
7094.6			1.0
7095.5			1.0
7096.4			1.0
7097.3			1.0
7098.200000000001			1.0
7099.1			1.0
7100.0			1.0
7100.9			1.0
7101.8			1.0
7102.700000000001			1.0
7103.6			1.0
7104.5			1.0
7105.4			1.0
7106.3			1.0
7107.200000000001			1.0
7108.1			1.0
7109.0			1.0
7109.9			1.0
7110.8			1.0
7111.700000000001			1.0
7112.6			1.0
7113.5			1.0
7114.4			1.0
7115.3			1.0
7116.200000000001			1.0
7117.1			1.0
7118.0			1.0
7118.9			1.0
7119.8			1.0
7120.700000000001			1.0
7121.6			1.0
7122.5			1.0
7123.4			1.0
7124.3			1.0
7125.200000000001			1.0
7126.1			1.0
7127.0			1.0
7127.9			1.0
7128.8			1.0
7129.700000000001			1.0
7130.6			1.0
7131.5			1.0
7132.4			1.0
7133.3			1.0
7134.200000000001			1.0
7135.1			1.0
7136.0			1.0
7136.9			1.0
7137.8			1.0
7138.700000000001			1.0
7139.6			1.0
7140.5			1.0
7141.4			1.0
7142.3			1.0
7143.200000000001			1.0
7144.1			1.0
7145.0			1.0
7145.9			1.0
7146.8			1.0
7147.700000000001			1.0
7148.6			1.0
7149.5			1.0
7150.4			1.0
7151.3			1.0
7152.200000000001			1.0
7153.1			1.0
7154.0			1.0
7154.9			1.0
7155.8			1.0
7156.700000000001			1.0
7157.6			1.0
7158.5			1.0
7159.4			1.0
7160.3			1.0
7161.200000000001			1.0
7162.1			1.0
7163.0			1.0
7163.9			1.0
7164.8			1.0
7165.700000000001			1.0
7166.6			1.0
7167.5			1.0
7168.4			1.0
7169.3			1.0
7170.200000000001			1.0
7171.1			1.0
7172.0			1.0
7172.9			1.0
7173.8			1.0
7174.700000000001			1.0
7175.6			1.0
7176.5			1.0
7177.4			1.0
7178.3			1.0
7179.200000000001			1.0
7180.1			1.0
7181.0			1.0
7181.9			1.0
7182.8			1.0
7183.700000000001			1.0
7184.6			1.0
7185.5			1.0
7186.4			1.0
7187.3			1.0
7188.200000000001			1.0
7189.1			1.0
7190.0			1.0
7190.9			1.0
7191.8			1.0
7192.700000000001			1.0
7193.6			1.0
7194.5			1.0
7195.4			1.0
7196.3			1.0
7197.200000000001			1.0
7198.1			1.0
7199.0			1.0
7199.9			1.0
7200.8			1.0
7201.700000000001			1.0
7202.6			1.0
7203.5			1.0
7204.4			1.0
7205.3			1.0
7206.200000000001			1.0
7207.1			1.0
7208.0			1.0
7208.9			1.0
7209.8			1.0
7210.700000000001			1.0
7211.6			1.0
7212.5			1.0
7213.4			1.0
7214.3			1.0
7215.200000000001			1.0
7216.1			1.0
7217.0			1.0
7217.9			1.0
7218.8			1.0
7219.700000000001			1.0
7220.6			1.0
7221.5			1.0
7222.4			1.0
7223.3			1.0
7224.200000000001			1.0
7225.1			1.0
7226.0			1.0
7226.9			1.0
7227.8			1.0
7228.700000000001			1.0
7229.6			1.0
7230.5			1.0
7231.4			1.0
7232.3			1.0
7233.200000000001			1.0
7234.1			1.0
7235.0			1.0
7235.9			1.0
7236.8			1.0
7237.700000000001			1.0
7238.6			1.0
7239.5			1.0
7240.4			1.0
7241.3			1.0
7242.200000000001			1.0
7243.1			1.0
7244.0			1.0
7244.9			1.0
7245.8			1.0
7246.700000000001			1.0
7247.6			1.0
7248.5			1.0
7249.4			1.0
7250.3			1.0
7251.200000000001			1.0
7252.1			1.0
7253.0			1.0
7253.9			1.0
7254.8			1.0
7255.700000000001			1.0
7256.6			1.0
7257.5			1.0
7258.4			1.0
7259.3			1.0
7260.200000000001			1.0
7261.1			1.0
7262.0			1.0
7262.9			1.0
7263.8			1.0
7264.700000000001			1.0
7265.6			1.0
7266.5			1.0
7267.4			1.0
7268.3			1.0
7269.200000000001			1.0
7270.1			1.0
7271.0			1.0
7271.9			1.0
7272.8			1.0
7273.700000000001			1.0
7274.6			1.0
7275.5			1.0
7276.4			1.0
7277.3			1.0
7278.200000000001			1.0
7279.1			1.0
7280.0			1.0
7280.9			1.0
7281.8			1.0
7282.700000000001			1.0
7283.6			1.0
7284.5			1.0
7285.4			1.0
7286.3			1.0
7287.200000000001			1.0
7288.1			1.0
7289.0			1.0
7289.9			1.0
7290.8			1.0
7291.700000000001			1.0
7292.6			1.0
7293.5			1.0
7294.4			1.0
7295.3			1.0
7296.200000000001			1.0
7297.1			1.0
7298.0			1.0
7298.9			1.0
7299.8			1.0
7300.700000000001			1.0
7301.6			1.0
7302.5			1.0
7303.4			1.0
7304.3			1.0
7305.200000000001			1.0
7306.1			1.0
7307.0			1.0
7307.9			1.0
7308.8			1.0
7309.700000000001			1.0
7310.6			1.0
7311.5			1.0
7312.4			1.0
7313.3			1.0
7314.200000000001			1.0
7315.1			1.0
7316.0			1.0
7316.9			1.0
7317.8			1.0
7318.700000000001			1.0
7319.6			1.0
7320.5			1.0
7321.4			1.0
7322.3			1.0
7323.200000000001			1.0
7324.1			1.0
7325.0			1.0
7325.9			1.0
7326.8			1.0
7327.700000000001			1.0
7328.6			1.0
7329.5			1.0
7330.4			1.0
7331.3			1.0
7332.200000000001			1.0
7333.1			1.0
7334.0			1.0
7334.9			1.0
7335.8			1.0
7336.700000000001			1.0
7337.6			1.0
7338.5			1.0
7339.4			1.0
7340.3			1.0
7341.200000000001			1.0
7342.1			1.0
7343.0			1.0
7343.9			1.0
7344.8			1.0
7345.700000000001			1.0
7346.6			1.0
7347.5			1.0
7348.4			1.0
7349.3			1.0
7350.200000000001			1.0
7351.1			1.0
7352.0			1.0
7352.9			1.0
7353.8			1.0
7354.700000000001			1.0
7355.6			1.0
7356.5			1.0
7357.4			1.0
7358.3			1.0
7359.200000000001			1.0
7360.1			1.0
7361.0			1.0
7361.9			1.0
7362.8			1.0
7363.700000000001			1.0
7364.6			1.0
7365.5			1.0
7366.4			1.0
7367.3			1.0
7368.200000000001			1.0
7369.1			1.0
7370.0			1.0
7370.9			1.0
7371.8			1.0
7372.700000000001			1.0
7373.6			1.0
7374.5			1.0
7375.4			1.0
7376.3			1.0
7377.200000000001			1.0
7378.1			1.0
7379.0			1.0
7379.9			1.0
7380.8			1.0
7381.700000000001			1.0
7382.6			1.0
7383.5			1.0
7384.4			1.0
7385.3			1.0
7386.200000000001			1.0
7387.1			1.0
7388.0			1.0
7388.9			1.0
7389.8			1.0
7390.700000000001			1.0
7391.6			1.0
7392.5			1.0
7393.4			1.0
7394.3			1.0
7395.200000000001			1.0
7396.1			1.0
7397.0			1.0
7397.9			1.0
7398.8			1.0
7399.700000000001			1.0
7400.6			1.0
7401.5			1.0
7402.4			1.0
7403.3			1.0
7404.200000000001			1.0
7405.1			1.0
7406.0			1.0
7406.9			1.0
7407.8			1.0
7408.700000000001			1.0
7409.6			1.0
7410.5			1.0
7411.4			1.0
7412.3			1.0
7413.200000000001			1.0
7414.1			1.0
7415.0			1.0
7415.9			1.0
7416.8			1.0
7417.700000000001			1.0
7418.6			1.0
7419.5			1.0
7420.4			1.0
7421.3			1.0
7422.200000000001			1.0
7423.1			1.0
7424.0			1.0
7424.9			1.0
7425.8			1.0
7426.700000000001			1.0
7427.6			1.0
7428.5			1.0
7429.4			1.0
