3500.0			1.0
3500.9			1.0
3501.8			1.0
3502.7			1.0
3503.6			1.0
3504.5			1.0
3505.4			1.0
3506.3			1.0
3507.2			1.0
3508.1			1.0
3509.0			1.0
3509.9			1.0
3510.8			1.0
3511.7			1.0
3512.6			1.0
3513.5			1.0
3514.4			1.0
3515.3			1.0
3516.2			1.0
3517.1			1.0
3518.0			1.0
3518.9			1.0
3519.8			1.0
3520.7			1.0
3521.6			1.0
3522.5			1.0
3523.4			1.0
3524.3			1.0
3525.2			1.0
3526.1			1.0
3527.0			1.0
3527.9			1.0
3528.8			1.0
3529.7			1.0
3530.6			1.0
3531.5			1.0
3532.4			1.0
3533.3			1.0
3534.2			1.0
3535.1			1.0
3536.0			1.0
3536.9			1.0
3537.8			1.0
3538.7			1.0
3539.6			1.0
3540.5			1.0
3541.4			1.0
3542.3			1.0
3543.2			1.0
3544.1			1.0
3545.0			1.0
3545.9			1.0
3546.8			1.0
3547.7			1.0
3548.6			1.0
3549.5			1.0
3550.4			1.0
3551.3			1.0
3552.2			1.0
3553.1			1.0
3554.0			1.0
3554.9			1.0
3555.8			1.0
3556.7			1.0
3557.6			1.0
3558.5			1.0
3559.4			1.0
3560.3			1.0
3561.2			1.0
3562.1			1.0
3563.0			1.0
3563.9			1.0
3564.8			1.0
3565.7			1.0
3566.6			1.0
3567.5			1.0
3568.4			1.0
3569.3			1.0
3570.2			1.0
3571.1			1.0
3572.0			1.0
3572.9			1.0
3573.8			1.0
3574.7			1.0
3575.6			1.0
3576.5			1.0
3577.4			1.0
3578.3			1.0
3579.2			1.0
3580.1			1.0
3581.0			1.0
3581.9			1.0
3582.8			1.0
3583.7			1.0
3584.6			1.0
3585.5			1.0
3586.4			1.0
3587.3			1.0
3588.2			1.0
3589.1			1.0
3590.0			1.0
3590.9			1.0
3591.8			1.0
3592.7			1.0
3593.6			1.0
3594.5			1.0
3595.4			1.0
3596.3			1.0
3597.2			1.0
3598.1			1.0
3599.0			1.0
3599.9			1.0
3600.8			1.0
3601.7			1.0
3602.6			1.0
3603.5			1.0
3604.4			1.0
3605.3			1.0
3606.2			1.0
3607.1			1.0
3608.0			1.0
3608.9			1.0
3609.8			1.0
3610.7			1.0
3611.6			1.0
3612.5			1.0
3613.4			1.0
3614.3			1.0
3615.2			1.0
3616.1			1.0
3617.0			1.0
3617.9			1.0
3618.8			1.0
3619.7			1.0
3620.6			1.0
3621.5			1.0
3622.4			1.0
3623.3			1.0
3624.2			1.0
3625.1			1.0
3626.0			1.0
3626.9			1.0
3627.8			1.0
3628.7			1.0
3629.6			1.0
3630.5			1.0
3631.4			1.0
3632.3			1.0
3633.2			1.0
3634.1			1.0
3635.0			1.0
3635.9			1.0
3636.8			1.0
3637.7			1.0
3638.6			1.0
3639.5			1.0
3640.4			1.0
3641.3			1.0
3642.2			1.0
3643.1			1.0
3644.0			1.0
3644.9			1.0
3645.8			1.0
3646.7			1.0
3647.6			1.0
3648.5			1.0
3649.4			1.0
3650.3			1.0
3651.2			1.0
3652.1			1.0
3653.0			1.0
3653.9			1.0
3654.8			1.0
3655.7			1.0
3656.6			1.0
3657.5			1.0
3658.4			1.0
3659.3			1.0
3660.2			1.0
3661.1			1.0
3662.0			1.0
3662.9			1.0
3663.8			1.0
3664.7			1.0
3665.6			1.0
3666.5			1.0
3667.4			1.0
3668.3			1.0
3669.2			1.0
3670.1			1.0
3671.0			1.0
3671.9			1.0
3672.8			1.0
3673.7			1.0
3674.6			1.0
3675.5			1.0
3676.4			1.0
3677.3			1.0
3678.2			1.0
3679.1			1.0
3680.0			1.0
3680.9			1.0
3681.8			1.0
3682.7			1.0
3683.6			1.0
3684.5			1.0
3685.4			1.0
3686.3			1.0
3687.2			1.0
3688.1			1.0
3689.0			1.0
3689.9			1.0
3690.8			1.0
3691.7			1.0
3692.6			1.0
3693.5			1.0
3694.4			1.0
3695.3			1.0
3696.2			1.0
3697.1			1.0
3698.0			1.0
3698.9			1.0
3699.8			1.0
3700.7			1.0
3701.6			1.0
3702.5			1.0
3703.4			1.0
3704.3			1.0
3705.2			1.0
3706.1			1.0
3707.0			1.0
3707.9			1.0
3708.8			1.0
3709.7			1.0
3710.6			1.0
3711.5			1.0
3712.4			1.0
3713.3			1.0
3714.2			1.0
3715.1			1.0
3716.0			1.0
3716.9			1.0
3717.8			1.0
3718.7			1.0
3719.6			1.0
3720.5			1.0
3721.4			1.0
3722.3			1.0
3723.2			1.0
3724.1			1.0
3725.0			1.0
3725.9			1.0
3726.8			1.0
3727.7			1.0
3728.6			1.0
3729.5			1.0
3730.4			1.0
3731.3			1.0
3732.2			1.0
3733.1			1.0
3734.0			1.0
3734.9			1.0
3735.8			1.0
3736.7			1.0
3737.6			1.0
3738.5			1.0
3739.4			1.0
3740.3			1.0
3741.2			1.0
3742.1			1.0
3743.0			1.0
3743.9			1.0
3744.8			1.0
3745.7			1.0
3746.6			1.0
3747.5			1.0
3748.4			1.0
3749.3			1.0
3750.2			1.0
3751.1			1.0
3752.0			1.0
3752.9			1.0
3753.8			1.0
3754.7			1.0
3755.6			1.0
3756.5			1.0
3757.4			1.0
3758.3			1.0
3759.2			1.0
3760.1			1.0
3761.0			1.0
3761.9			1.0
3762.8			1.0
3763.7			1.0
3764.6			1.0
3765.5			1.0
3766.4			1.0
3767.3			1.0
3768.2			1.0
3769.1			1.0
3770.0			1.0
3770.9			1.0
3771.8			1.0
3772.7			1.0
3773.6			1.0
3774.5			1.0
3775.4			1.0
3776.3			1.0
3777.2			1.0
3778.1			1.0
3779.0			1.0
3779.9			1.0
3780.8			1.0
3781.7			1.0
3782.6			1.0
3783.5			1.0
3784.4			1.0
3785.3			1.0
3786.2			1.0
3787.1			1.0
3788.0			1.0
3788.9			1.0
3789.8			1.0
3790.7			1.0
3791.6			1.0
3792.5			1.0
3793.4			1.0
3794.3			1.0
3795.2			1.0
3796.1			1.0
3797.0			1.0
3797.9			1.0
3798.8			1.0
3799.7			1.0
3800.6			1.0
3801.5			1.0
3802.4			1.0
3803.3			1.0
3804.2			1.0
3805.1			1.0
3806.0			1.0
3806.9			1.0
3807.8			1.0
3808.7			1.0
3809.6			1.0
3810.5			1.0
3811.4			1.0
3812.3			1.0
3813.2			1.0
3814.1			1.0
3815.0			1.0
3815.9			1.0
3816.8			1.0
3817.7			1.0
3818.6			1.0
3819.5			1.0
3820.4			1.0
3821.3			1.0
3822.2			1.0
3823.1			1.0
3824.0			1.0
3824.9			1.0
3825.8			1.0
3826.7			1.0
3827.6			1.0
3828.5			1.0
3829.4			1.0
3830.3			1.0
3831.2			1.0
3832.1			1.0
3833.0			1.0
3833.9			1.0
3834.8			1.0
3835.7			1.0
3836.6			1.0
3837.5			1.0
3838.4			1.0
3839.3			1.0
3840.2			1.0
3841.1			1.0
3842.0			1.0
3842.9			1.0
3843.8			1.0
3844.7			1.0
3845.6			1.0
3846.5			1.0
3847.4			1.0
3848.3			1.0
3849.2			1.0
3850.1			1.0
3851.0			1.0
3851.9			1.0
3852.8			1.0
3853.7			1.0
3854.6			1.0
3855.5			1.0
3856.4			1.0
3857.3			1.0
3858.2			1.0
3859.1			1.0
3860.0			1.0
3860.9			1.0
3861.8			1.0
3862.7			1.0
3863.6			1.0
3864.5			1.0
3865.4			1.0
3866.3			1.0
3867.2			1.0
3868.1			1.0
3869.0			1.0
3869.9			1.0
3870.8			1.0
3871.7			1.0
3872.6			1.0
3873.5			1.0
3874.4			1.0
3875.3			1.0
3876.2			1.0
3877.1			1.0
3878.0			1.0
3878.9			1.0
3879.8			1.0
3880.7			1.0
3881.6			1.0
3882.5			1.0
3883.4			1.0
3884.3			1.0
3885.2			1.0
3886.1			1.0
3887.0			1.0
3887.9			1.0
3888.8			1.0
3889.7			1.0
3890.6			1.0
3891.5			1.0
3892.4			1.0
3893.3			1.0
3894.2			1.0
3895.1			1.0
3896.0			1.0
3896.9			1.0
3897.8			1.0
3898.7			1.0
3899.6			1.0
3900.5			1.0
3901.4			1.0
3902.3			1.0
3903.2			1.0
3904.1			1.0
3905.0			1.0
3905.9			1.0
3906.8			1.0
3907.7			1.0
3908.6			1.0
3909.5			1.0
3910.4			1.0
3911.3			1.0
3912.2			1.0
3913.1			1.0
3914.0			1.0
3914.9			1.0
3915.8			1.0
3916.7			1.0
3917.6			1.0
3918.5			1.0
3919.4			1.0
3920.3			1.0
3921.2			1.0
3922.1			1.0
3923.0			1.0
3923.9			1.0
3924.8			1.0
3925.7			1.0
3926.6			1.0
3927.5			1.0
3928.4			1.0
3929.3			1.0
3930.2			1.0
3931.1			1.0
3932.0			1.0
3932.9			1.0
3933.8			1.0
3934.7			1.0
3935.6			1.0
3936.5			1.0
3937.4			1.0
3938.3			1.0
3939.2			1.0
3940.1			1.0
3941.0			1.0
3941.9			1.0
3942.8			1.0
3943.7			1.0
3944.6			1.0
3945.5			1.0
3946.4			1.0
3947.3			1.0
3948.2			1.0
3949.1			1.0
3950.0			1.0
3950.9			1.0
3951.8			1.0
3952.7			1.0
3953.6			1.0
3954.5			1.0
3955.4			1.0
3956.3			1.0
3957.2			1.0
3958.1			1.0
3959.0			1.0
3959.9			1.0
3960.8			1.0
3961.7			1.0
3962.6			1.0
3963.5			1.0
3964.4			1.0
3965.3			1.0
3966.2			1.0
3967.1			1.0
3968.0			1.0
3968.9			1.0
3969.8			1.0
3970.7			1.0
3971.6			1.0
3972.5			1.0
3973.4			1.0
3974.3			1.0
3975.2			1.0
3976.1			1.0
3977.0			1.0
3977.9			1.0
3978.8			1.0
3979.7			1.0
3980.6			1.0
3981.5			1.0
3982.4			1.0
3983.3			1.0
3984.2			1.0
3985.1			1.0
3986.0			1.0
3986.9			1.0
3987.8			1.0
3988.7			1.0
3989.6			1.0
3990.5			1.0
3991.4			1.0
3992.3			1.0
3993.2			1.0
3994.1			1.0
3995.0			1.0
3995.9			1.0
3996.8			1.0
3997.7			1.0
3998.6			1.0
3999.5			1.0
4000.4			1.0
4001.3			1.0
4002.2			1.0
4003.1			1.0476663263905222
4004.0			1.0007612797815502
4004.9			0.8577277463981908
4005.8			0.770251223926881
4006.7			0.8184444716279277
4007.6			0.9275625455386171
4008.5			1.0012285878768836
4009.4			1.0
4010.3			1.0
4011.2			1.0
4012.1			1.0
4013.0			1.0
4013.9			1.0
4014.8			1.0
4015.7			1.0
4016.6			1.0
4017.5			1.0
4018.4			1.0
4019.3			1.0
4020.2			1.0
4021.1			1.0
4022.0			1.0
4022.9			1.0
4023.8			1.0
4024.7			1.0
4025.6			1.0
4026.5			1.0474990581367658
4027.4			1.0978130840053424
4028.3			1.1184582253558384
4029.2			1.0757406171737645
4030.1			0.9678838404675976
4031.0			0.8641269116585242
4031.9			0.8172709949339636
4032.8			0.8101321732271164
4033.7			0.8156967274050002
4034.6			0.8315402522561389
4035.5			0.8680615918428738
4036.4			0.9319081115769359
4037.3			0.9987503181310288
4038.2			1.0
4039.1			1.0
4040.0			1.0
4040.9			1.0
4041.8			1.0
4042.7			1.0369599353488486
4043.6			0.9881601700354787
4044.5			0.8434884829538091
4045.4			0.7122916023440458
4046.3			0.738284208719445
4047.2			0.886878026989696
4048.1			0.9975124659805844
4049.0			1.0
4049.9			1.0
4050.8			1.0
4051.7			1.0
4052.6			1.0
4053.5			1.0
4054.4			1.0
4055.3			1.0
4056.2			1.0
4057.1			1.0
4058.0			1.0
4058.9			1.0
4059.8			1.0695504839382257
4060.7			1.142305280489164
4061.6			1.1248786878913846
4062.5			0.9824626627601145
4063.4			0.8273709592813637
4064.3			0.8078801658765505
4065.2			0.8769014935596608
4066.1			0.8892817381498509
4067.0			0.8708213053056344
4067.9			0.9149467964191857
4068.8			1.0008459735823934
4069.7			1.0
4070.6			1.0
4071.5			1.0
4072.4			1.0
4073.3			1.0
4074.2			1.0168591109791671
4075.1			0.9490334677677089
4076.0			0.8401632787519071
4076.9			0.7385097735401207
4077.8			0.7058475566501765
4078.7			0.766354345348537
4079.6			0.8624508796269029
4080.5			0.951807936660697
4081.4			0.998057166976389
4082.3			1.0
4083.2			1.0
4084.1			1.0
4085.0			1.0
4085.9			1.0
4086.8			1.0
4087.7			1.0
4088.6			1.0
4089.5			1.0
4090.4			1.0
4091.3			1.0
4092.2			1.0
4093.1			1.0
4094.0			1.0
4094.9			1.0
4095.8			1.0
4096.7			1.0
4097.6			1.0193287929031363
4098.5			1.0408838701922662
4099.4			1.013873967322147
4100.3			0.9154986984664785
4101.2			0.8001885490067919
4102.1			0.7771823761306308
4103.0			0.8448313977358083
4103.9			0.9059696069752955
4104.8			0.9405517045662062
4105.7			0.9801836672091304
4106.6			1.0063051901160185
4107.5			1.0
4108.4			1.0
4109.3			1.0
4110.2			1.0
4111.1			1.0
4112.0			1.0
4112.9			1.0
4113.8			1.0
4114.7			1.0
4115.6			1.0
4116.5			1.0
4117.4			1.0
4118.3			1.0
4119.2			1.0
4120.1			1.0
4121.0			1.0
4121.9			1.0
4122.8			1.0
4123.7			1.0
4124.6			1.0
4125.5			1.0
4126.4			0.9796596809967272
4127.3			0.9451434054081063
4128.2			0.916523578904712
4129.1			0.9023494240481956
4130.0			0.909737692002541
4130.9			0.9073903329253873
4131.8			0.8670338949085284
4132.7			0.8225273059999924
4133.6			0.8031672258354092
4134.5			0.8286768064316675
4135.4			0.9097711537519348
4136.3			0.9753309821488629
4137.2			0.98522598332615
4138.1			0.9966787079439562
4139.0			1.0202091943630747
4139.9			1.0
4140.8			0.9907625198969102
4141.7			0.9311889858601279
4142.6			0.8204687494009983
4143.5			0.758219897565993
4144.4			0.8185442374111772
4145.3			0.9305822575772094
4146.2			1.0043849561206448
4147.1			1.0
4148.0			1.0
4148.9			1.0
4149.8			1.0
4150.7			1.0
4151.6			1.0
4152.5			1.0
4153.4			1.0
4154.3			1.0
4155.2			1.0
4156.1			1.0
4157.0			1.0
4157.9			1.0
4158.8			1.0
4159.7			1.0
4160.6			1.0
4161.5			1.0
4162.4			1.0
4163.3			1.0
4164.2			1.0
4165.1			1.0
4166.0			1.0
4166.9			1.0
4167.8			1.0
4168.7			1.0
4169.6			1.0558584405115536
4170.5			1.063408625007643
4171.4			0.9846880976990411
4172.3			0.8696633272227833
4173.2			0.817286208525853
4174.1			0.8616999258558993
4175.0			0.9489932652401172
4175.9			1.009126007265988
4176.8			0.9993455993758773
4177.7			1.0
4178.6			1.0
4179.5			1.0
4180.4			1.0
4181.3			1.0
4182.2			1.0
4183.1			1.0
4184.0			1.0
4184.9			1.0
4185.8			1.0
4186.7			1.0
4187.6			1.0
4188.5			1.0
4189.4			1.0
4190.3			1.0
4191.2			0.9793003496527347
4192.1			1.0045146627019617
4193.0			1.0697795980018037
4193.9			1.0783818494099706
4194.8			0.9960611029303171
4195.7			0.9089170023835301
4196.6			0.8813630562685292
4197.5			0.8782976917631186
4198.4			0.8753422477579518
4199.3			0.8925792202249615
4200.2			0.9084402676981533
4201.1			0.8866358071978103
4202.0			0.8638199954906892
4202.9			0.8835121180102662
4203.8			0.9078513129452609
4204.7			0.9038812902745366
4205.6			0.912273950398033
4206.5			0.9528183608910014
4207.4			1.0017499867615076
4208.3			1.0278303551328614
4209.2			1.0118184952481974
4210.1			0.9805611514184529
4211.0			0.9768026500075822
4211.9			1.0
4212.8			1.008535506048298
4213.7			0.98103999720298
4214.6			0.9070243087679115
4215.5			0.8314349428521125
4216.4			0.8403726071517437
4217.3			0.9254047097368742
4218.2			0.9997607442749108
4219.1			1.0
4220.0			1.0
4220.9			1.0
4221.8			1.0
4222.7			0.9341194043296212
4223.6			0.8584128205064154
4224.5			0.7867045334135125
4225.4			0.6856615184990948
4226.3			0.5801614074558016
4227.2			0.5990199284840132
4228.1			0.7720381994040062
4229.0			0.9397143079600476
4229.9			1.004652277256537
4230.8			1.0
4231.7			1.0
4232.6			1.0
4233.5			0.9862118832669013
4234.4			1.0037814334077113
4235.3			0.9653480658889843
4236.2			0.8794508055352599
4237.1			0.8514816331584577
4238.0			0.889947379132109
4238.9			0.9246041962865782
4239.8			0.9522746183373763
4240.7			0.9992610000529571
4241.6			1.0
4242.5			1.0
4243.4			1.0
4244.3			1.0
4245.2			1.0
4246.1			0.9839098750226075
4247.0			0.9039598926108668
4247.9			0.8320899886917634
4248.8			0.8045096955525867
4249.7			0.8118942159119659
4250.6			0.8589222734166423
4251.5			0.9428456780011467
4252.4			1.0074237042206589
4253.3			1.0017137901074278
4254.2			1.0
4255.1			1.0
4256.0			1.0
4256.9			1.0840064509900706
4257.8			1.065465082583247
4258.7			0.9524701046123262
4259.6			0.8552564120440761
4260.5			0.8071368904480114
4261.4			0.8283650656960992
4262.3			0.91896141566379
4263.2			0.9883359368054129
4264.1			0.991623516819459
4265.0			1.0
4265.9			1.0
4266.8			0.9739992467150648
4267.7			0.9110620203012243
4268.6			0.8813144182038453
4269.5			0.8695032187226829
4270.4			0.809796941083136
4271.3			0.7292144128225504
4272.2			0.7241998669078872
4273.1			0.7701815135818115
4274.0			0.7666885433044986
4274.9			0.7595228051815676
4275.8			0.8292318852636378
4276.7			0.9286286325779091
4277.6			0.9970535982912825
4278.5			1.0
4279.4			1.0
4280.3			1.0
4281.2			1.0
4282.1			1.0
4283.0			1.0
4283.9			1.0
4284.8			1.0
4285.7			1.0
4286.6			1.0
4287.5			1.0356481006478584
4288.4			1.004870693712064
4289.3			0.9008498835065135
4290.2			0.8342392220808083
4291.1			1.0
4292.0			1.117460020228567
4292.9			1.2222440183136687
4293.8			1.223446990847263
4294.7			1.1551841336254518
4295.6			1.1034850106908725
4296.5			1.0505800326962993
4297.4			0.9723813866044622
4298.3			0.8762753618150992
4299.2			0.7605576294376948
4300.1			0.6930495604013878
4301.0			0.7281700787680075
4301.9			0.7751127177182158
4302.8			0.7681171258950978
4303.7			0.7606282321162301
4304.6			0.7790761201964095
4305.5			0.8081845074170626
4306.4			0.8266889849837216
4307.3			0.7816214880085416
4308.2			0.6901223726545116
4309.1			0.64399456392976
4310.0			0.6570903791571495
4310.9			0.6884624040251119
4311.8			0.7427027411956918
4312.7			0.8423688823966096
4313.6			0.960146925052222
4314.5			1.0931923376111936
4315.4			1.295102459250736
4316.3			1.5159134292228322
4317.2			1.6222875808234034
4318.1			1.6180941884203552
4319.0			1.589887028990812
4319.9			1.0
4320.8			0.9688710640760986
4321.7			0.9263475451361869
4322.6			0.8347797349637825
4323.5			0.704935618327382
4324.4			0.6124484928093428
4325.3			0.5994194850731902
4326.2			0.6783750423903893
4327.1			0.8336854230989537
4328.0			0.977449608919642
4328.9			1.028738557607688
4329.8			1.005278648628206
4330.7			1.0
4331.6			1.0
4332.5			1.0
4333.4			1.0
4334.3			1.0
4335.2			1.0
4336.1			0.9905167222470439
4337.0			0.8927777180927045
4337.9			0.7841064333406298
4338.8			0.7171865801861184
4339.7			0.6684320255678932
4340.6			0.6645684466580888
4341.5			0.7547897105995102
4342.4			0.8697176675576375
4343.3			0.9159517193048634
4344.2			0.9396316543566843
4345.1			1.0017662679094657
4346.0			1.0
4346.9			1.0
4347.8			1.0
4348.7			1.0703009145094189
4349.6			1.107747542151984
4350.5			1.0157502311287123
4351.4			0.8548393488645851
4352.3			0.7946222857064308
4353.2			0.8775931786709225
4354.1			0.9661109651528565
4355.0			0.9818859650258663
4355.9			1.000009992064881
4356.8			1.0
4357.7			1.0
4358.6			1.0
4359.5			1.0
4360.4			1.0
4361.3			1.0
4362.2			1.0
4363.1			1.0
4364.0			1.0
4364.9			1.0
4365.8			1.0
4366.7			1.0
4367.6			1.0
4368.5			1.0
4369.4			1.0
4370.3			1.0
4371.2			1.0
4372.1			0.9950996302979989
4373.0			0.9572642138008333
4373.9			0.8798072261674724
4374.8			0.8268546249195413
4375.7			0.8524063878539629
4376.6			0.9343517936965676
4377.5			1.0037847960095685
4378.4			1.0
4379.3			1.0
4380.2			1.0033385389860865
4381.1			1.0159475086544911
4382.0			0.9508712970128256
4382.9			0.7802348166307104
4383.8			0.6482919483045685
4384.7			0.6784453417184768
4385.6			0.8294428138639535
4386.5			0.9626542492808416
4387.4			1.0057313476186815
4388.3			1.0
4389.2			1.0
4390.1			1.0
4391.0			1.0
4391.9			1.0
4392.8			1.0
4393.7			1.0
4394.6			1.0
4395.5			1.0
4396.4			1.0
4397.3			1.0
4398.2			1.0
4399.1			1.0
4400.0			0.9200696021153036
4400.9			0.9091001725915776
4401.8			0.9858496796292273
4402.7			1.0380052375872388
4403.6			0.9620360607874922
4404.5			0.8485565795256081
4405.4			0.8414468761157633
4406.3			0.904370538590191
4407.2			0.9102633868269417
4408.1			0.8623020345947292
4409.0			0.8596938228094617
4409.9			0.9267494519186498
4410.8			1.0
4411.7			1.0462447541225577
4412.6			1.0666729512245696
4413.5			1.0324305978053916
4414.4			0.9346384445551311
4415.3			0.8558884502400912
4416.2			0.8551770877759889
4417.1			0.8935785741249443
4418.0			0.9402770058713567
4418.9			0.9980688610238457
4419.8			1.0
4420.7			1.0
4421.6			1.0
4422.5			1.0
4423.4			1.0
4424.3			1.0
4425.2			1.0
4426.1			1.0
4427.0			1.0
4427.9			1.0
4428.8			1.0
4429.7			1.0
4430.6			1.0
4431.5			1.0
4432.4			1.0170744336195854
4433.3			0.9712402802022824
4434.2			0.8880608117484565
4435.1			0.8328089558125704
4436.0			0.853235690024769
4436.9			0.9323253922529186
4437.8			1.0065576462992765
4438.7			1.0
4439.6			1.0
4440.5			1.0
4441.4			1.0
4442.3			1.0
4443.2			1.0
4444.1			1.0
4445.0			1.0
4445.9			1.0
4446.8			1.0
4447.7			1.0
4448.6			1.0
4449.5			1.0
4450.4			1.0
4451.3			1.0
4452.2			1.0238375662928456
4453.1			1.005276830592428
4454.0			0.9436449011868766
4454.9			0.8884198793360238
4455.8			0.8927536907206838
4456.7			0.9324163440297486
4457.6			0.9455023048184393
4458.5			0.931800162247475
4459.4			0.9286150542859002
4460.3			0.9261902164674074
4461.2			0.9059390593405374
4462.1			0.9121154877247705
4463.0			0.9751613124518411
4463.9			1.0309025288754163
4464.8			1.0393395685960396
4465.7			1.0346302959581402
4466.6			1.0425394720262964
4467.5			1.044854733526022
4468.4			1.0153192269014923
4469.3			0.9831018664007595
4470.2			0.997114360713932
4471.1			1.0
4472.0			1.0
4472.9			1.0
4473.8			1.0
4474.7			1.0
4475.6			1.0
4476.5			1.0
4477.4			1.0
4478.3			0.9869086286606022
4479.2			0.9337274723016539
4480.1			0.8745824164373273
4481.0			0.838813618213056
4481.9			0.8368775212660574
4482.8			0.8767871475892205
4483.7			0.9387069523079993
4484.6			0.9819048669624877
4485.5			1.0000441096473995
4486.4			1.0
4487.3			1.0
4488.2			1.0
4489.1			1.0
4490.0			1.0
4490.9			1.0
4491.8			1.0
4492.7			1.0130723172877223
4493.6			0.973014633251639
4494.5			0.9215040770432621
4495.4			0.8977369769258743
4496.3			0.9090180647313144
4497.2			0.9506969667407611
4498.1			1.000435396282549
4499.0			1.0
4499.9			1.0
4500.8			1.0
4501.7			1.0
4502.6			1.0
4503.5			1.0
4504.4			1.0
4505.3			1.0
4506.2			1.0
4507.1			1.0
4508.0			1.0
4508.9			1.0
4509.8			1.0
4510.7			1.0
4511.6			1.0
4512.5			1.0
4513.4			1.0
4514.3			1.0
4515.2			1.0
4516.1			1.0
4517.0			1.0
4517.9			1.0
4518.8			1.0
4519.7			1.0
4520.6			1.0
4521.5			0.9926559508919195
4522.4			0.9481966930908385
4523.3			0.921245381019748
4524.2			0.9312445224145067
4525.1			0.9305581902092104
4526.0			0.9050485092774357
4526.9			0.8785229280028642
4527.8			0.8602213032347902
4528.7			0.8517990571589175
4529.6			0.8612717942761879
4530.5			0.883917615298527
4531.4			0.920195883175072
4532.3			0.9507050195251042
4533.2			0.931249647353595
4534.1			0.8748926386532453
4535.0			0.8465963725499143
4535.9			0.8910331892728642
4536.8			0.9978213440666797
4537.7			1.0805189176795884
4538.6			1.0848919691117132
4539.5			1.0497505209751057
4540.4			1.0219116253754055
4541.3			1.0245118052725646
4542.2			1.0554096224368494
4543.1			1.0677383752929013
4544.0			1.0363168818578703
4544.9			1.0
4545.8			1.0052508604837564
4546.7			1.0291422541437572
4547.6			1.0246059294061862
4548.5			0.9783702404452304
4549.4			0.9378290344172067
4550.3			0.9578872760875692
4551.2			1.0091882546793625
4552.1			1.021769780449527
4553.0			1.00047347240679
4553.9			1.0
4554.8			1.0
4555.7			1.0
4556.6			1.0
4557.5			1.0
4558.4			1.0
4559.3			1.0
4560.2			1.0
4561.1			1.0
4562.0			0.9955323698554411
4562.9			0.9616031488880695
4563.8			0.9163441886050797
4564.7			0.8927024152474818
4565.6			0.908762070296737
4566.5			0.9567136754332624
4567.4			0.9998054168141572
4568.3			1.0
4569.2			1.0
4570.1			1.0
4571.0			1.0
4571.9			1.0
4572.8			1.0
4573.7			1.0467636461825238
4574.6			1.0440582028274004
4575.5			1.0303469350835412
4576.4			1.0264371494355857
4577.3			1.0216467316479245
4578.2			1.0034667013356662
4579.1			0.9660982357332578
4580.0			0.9189131455654046
4580.9			0.8971798279230675
4581.8			0.9132391148595075
4582.7			0.9323683281153007
4583.6			0.9342079856514627
4584.5			0.9340746024525169
4585.4			0.931746290561211
4586.3			0.935311909613234
4587.2			0.9638850264709715
4588.1			1.0005214705178922
4589.0			1.0
4589.9			1.0
4590.8			1.0
4591.7			1.0
4592.6			1.0
4593.5			1.0
4594.4			1.0
4595.3			1.0
4596.2			1.0
4597.1			1.0
4598.0			1.0
4598.9			1.0
4599.8			1.0
4600.7			1.0
4601.6			1.0
4602.5			1.0
4603.4			1.0
4604.3			1.0
4605.2			1.0
4606.1			1.0
4607.0			1.0
4607.9			1.0
4608.8			1.0
4609.7			1.0
4610.6			1.0
4611.5			1.0
4612.4			1.0
4613.3			1.0
4614.2			1.0
4615.1			1.0
4616.0			1.0
4616.9			1.0
4617.8			1.0
4618.7			1.0
4619.6			1.0
4620.5			1.0
4621.4			1.0
4622.3			1.0
4623.2			1.0
4624.1			1.0
4625.0			1.0
4625.9			1.0
4626.8			1.0
4627.7			1.0
4628.6			1.0
4629.5			1.0
4630.4			1.0
4631.3			1.0
4632.2			1.0
4633.1			1.0
4634.0			1.0
4634.9			1.0
4635.8			1.0
4636.7			1.0
4637.6			1.0
4638.5			1.0
4639.4			1.0
4640.3			1.0
4641.2			1.0
4642.1			1.0
4643.0			0.9937512516228745
4643.9			0.9823653902119989
4644.8			0.9685855497972433
4645.7			0.9311619474776172
4646.6			0.895688740124162
4647.5			0.8985779905938452
4648.4			0.9321262249765347
4649.3			0.9696747903230956
4650.2			0.9881918513264787
4651.1			0.9908976857376117
4652.0			1.0040967060492019
4652.9			1.0
4653.8			1.0
4654.7			1.0
4655.6			1.0
4656.5			1.0
4657.4			1.0
4658.3			1.0
4659.2			1.0
4660.1			1.0
4661.0			1.0
4661.9			1.0
4662.8			1.0
4663.7			0.9955204910853022
4664.6			1.0073729393139625
4665.5			0.9873422534199404
4666.4			0.916033569479905
4667.3			0.8500801005890107
4668.2			0.8516953662481304
4669.1			0.9046345305961093
4670.0			0.9591157858951355
4670.9			1.0012645381382423
4671.8			1.0
4672.7			1.0
4673.6			1.0
4674.5			1.0
4675.4			1.0
4676.3			1.0223368968110162
4677.2			1.0135889939325449
4678.1			0.9794960554571964
4679.0			0.9469397639959586
4679.9			0.9294043837115331
4680.8			0.920664942373583
4681.7			0.9220769389286194
4682.6			0.946620184911688
4683.5			0.9834183036051035
4684.4			1.0006528228209455
4685.3			0.9999841232477398
4686.2			1.0
4687.1			1.0
4688.0			1.0
4688.9			1.0
4689.8			1.0
4690.7			1.0
4691.6			1.0
4692.5			1.0
4693.4			1.0
4694.3			1.0
4695.2			1.0
4696.1			1.0
4697.0			1.0
4697.9			1.0
4698.8			1.0
4699.7			1.0
4700.6			1.0
4701.5			1.0
4702.4			1.0
4703.3			1.0
4704.2			1.0
4705.1			1.0208568345853775
4706.0			1.0084107686258317
4706.9			0.9693985915796105
4707.8			0.9344012410881684
4708.7			0.9194012648646374
4709.6			0.9293407900411359
4710.5			0.964453182345533
4711.4			1.002098144135124
4712.3			1.006918660143547
4713.2			1.0
4714.1			1.0
4715.0			1.0
4715.9			1.0
4716.8			1.0
4717.7			1.0
4718.6			1.0
4719.5			1.0
4720.4			1.0
4721.3			1.0
4722.2			0.9905206727650522
4723.1			0.9967044032221929
4724.0			1.0192987727868257
4724.9			1.0377078365500405
4725.8			1.0244330689918282
4726.7			0.9721615993205349
4727.6			0.9212949661399924
4728.5			0.9126188828169438
4729.4			0.9303285714868939
4730.3			0.9413984466269868
4731.2			0.9495786295227984
4732.1			0.9667363493576757
4733.0			0.9829533110915504
4733.9			0.9956655201123433
4734.8			1.000763368677096
4735.7			1.0
4736.6			1.0
4737.5			1.0
4738.4			1.0
4739.3			1.0
4740.2			1.0
4741.1			1.0
4742.0			1.0
4742.9			1.0
4743.8			1.0
4744.7			1.0
4745.6			1.0
4746.5			1.0
4747.4			1.0
4748.3			1.0
4749.2			1.0
4750.1			1.0
4751.0			1.0
4751.9			1.0
4752.8			1.0
4753.7			1.0
4754.6			1.0
4755.5			1.0
4756.4			0.9988640633674173
4757.3			1.0032946767793676
4758.2			1.0153142456967381
4759.1			1.0300763789424496
4760.0			1.032480069258858
4760.9			1.004335701527613
4761.8			0.9551898312452131
4762.7			0.9247031293246667
4763.6			0.9238500698439553
4764.5			0.9290040160736538
4765.4			0.925569440079404
4766.3			0.9301241080468081
4767.2			0.9502867415346932
4768.1			0.9737798046353102
4769.0			0.9977605584043711
4769.9			1.0
4770.8			1.0
4771.7			1.0
4772.6			1.0
4773.5			1.0
4774.4			1.0
4775.3			1.0
4776.2			1.0
4777.1			1.0
4778.0			1.0
4778.9			1.0
4779.8			1.0
4780.7			1.0
4781.6			1.0
4782.5			1.0
4783.4			1.0
4784.3			1.0
4785.2			1.0
4786.1			1.0
4787.0			1.0
4787.9			1.0
4788.8			1.0
4789.7			1.0
4790.6			1.0
4791.5			1.0
4792.4			1.0
4793.3			1.0
4794.2			1.0
4795.1			1.0
4796.0			1.0
4796.9			1.0
4797.8			1.0
4798.7			1.0
4799.6			1.0
4800.5			1.0
4801.4			1.0
4802.3			1.0
4803.2			1.0
4804.1			1.0
4805.0			1.0
4805.9			1.0
4806.8			1.0
4807.7			1.0
4808.6			1.0
4809.5			1.0
4810.4			1.0
4811.3			1.0
4812.2			1.0
4813.1			1.0
4814.0			1.0
4814.9			1.0
4815.8			1.0
4816.7			1.0
4817.6			1.0
4818.5			1.0
4819.4			1.0
4820.3			1.0
4821.2			1.0
4822.1			1.0
4823.0			1.0
4823.9			1.0
4824.8			1.0
4825.7			1.0
4826.6			1.0
4827.5			1.0
4828.4			1.0
4829.3			1.0
4830.2			1.0
4831.1			1.0
4832.0			1.0
4832.9			1.0
4833.8			1.0
4834.7			1.0
4835.6			1.0
4836.5			1.0
4837.4			1.0
4838.3			1.0
4839.2			1.0
4840.1			1.0
4841.0			1.0
4841.9			1.0
4842.8			1.0
4843.7			1.0
4844.6			1.0
4845.5			1.0
4846.4			1.0
4847.3			1.0
4848.2			1.0
4849.1			1.0
4850.0			1.0
4850.9			1.0
4851.8			1.0
4852.7			1.0
4853.6			1.0
4854.5			1.0
4855.4			1.0
4856.3			1.0
4857.2			1.046828393533962
4858.1			1.0437836735774952
4859.0			0.9715938681169706
4859.9			0.8464237413796276
4860.8			0.7368294188867207
4861.7			0.7512977776858847
4862.6			0.877785171743787
4863.5			0.9746201498006252
4864.4			1.0000717983189624
4865.3			1.0
4866.2			1.0
4867.1			1.0
4868.0			1.0
4868.9			1.0090723615064916
4869.8			0.9849665944771121
4870.7			0.9290468981787318
4871.6			0.9037596035305344
4872.5			0.9405162676095148
4873.4			0.989884242411545
4874.3			1.003231604257064
4875.2			1.0
4876.1			1.0
4877.0			1.0
4877.9			1.0
4878.8			1.0
4879.7			1.0
4880.6			1.0
4881.5			1.0
4882.4			1.0
4883.3			1.0176818869078366
4884.2			0.9999216343060573
4885.1			0.9598031677153668
4886.0			0.938893767485483
4886.9			0.944459345138773
4887.8			0.9543596583586015
4888.7			0.9489183982854232
4889.6			0.9220825611495216
4890.5			0.8837714882217508
4891.4			0.8809044046392766
4892.3			0.9371500965325786
4893.2			0.9992784087496261
4894.1			1.0250856429822728
4895.0			1.029621393338892
4895.9			1.025933113822745
4896.8			1.0171986718723922
4897.7			1.0033018364278052
4898.6			1.0
4899.5			1.0
4900.4			1.0
4901.3			1.0
4902.2			1.0
4903.1			1.0
4904.0			1.0
4904.9			1.0
4905.8			1.0
4906.7			1.0028802595526263
4907.6			0.9800767785032676
4908.5			0.9476936955272336
4909.4			0.9082891132865073
4910.3			0.8841221129211926
4911.2			0.90330089610332
4912.1			0.9477142858946771
4913.0			0.9791157707641657
4913.9			1.001136155948541
4914.8			1.0
4915.7			1.0214042744864866
4916.6			1.0056928170435075
4917.5			0.9551113345774206
4918.4			0.8960218358721298
4919.3			0.8597141602542707
4920.2			0.8609698787573895
4921.1			0.9025732665147777
4922.0			0.9636314390830808
4922.9			0.9951941236526683
4923.8			0.990844251278474
4924.7			1.0025635138952844
4925.6			1.0
4926.5			1.0
4927.4			1.0
4928.3			1.0
4929.2			1.0
4930.1			1.0
4931.0			1.0
4931.9			1.0
4932.8			1.0
4933.7			1.0
4934.6			1.0100179137025616
4935.5			1.0348157667596494
4936.4			1.009358621920004
4937.3			0.9469212454678092
4938.2			0.8945675563428028
4939.1			0.8877626576720982
4940.0			0.9310906478492982
4940.9			0.9782757825789976
4941.8			0.989624437767145
4942.7			1.0
4943.6			1.0
4944.5			1.0
4945.4			1.0
4946.3			1.0
4947.2			1.0
4948.1			1.0
4949.0			1.0
4949.9			1.0
4950.8			1.0
4951.7			1.0
4952.6			1.0
4953.5			1.0
4954.4			1.0
4955.3			0.9992879845389946
4956.2			0.9442510169518749
4957.1			0.8760772078784577
4958.0			0.8935337508394636
4958.9			0.9926161258454219
4959.8			1.0
4960.7			1.0
4961.6			1.0
4962.5			1.0
4963.4			1.0
4964.3			1.0
4965.2			1.0
4966.1			1.0
4967.0			1.0
4967.9			1.0
4968.8			1.0
4969.7			1.0
4970.6			1.0
4971.5			1.0
4972.4			1.0
4973.3			1.0
4974.2			1.0
4975.1			1.0
4976.0			1.0
4976.9			1.0
4977.8			1.0
4978.7			0.982709846282223
4979.6			0.9818553899793792
4980.5			0.9691630035320814
4981.4			0.9230235778604619
4982.3			0.8726972474382826
4983.2			0.857281959391697
4984.1			0.8764253969879148
4985.0			0.9046726788146238
4985.9			0.9398120523726542
4986.8			0.980047941790806
4987.7			0.9974593670632214
4988.6			1.0
4989.5			1.0
4990.4			1.0
4991.3			1.0
4992.2			1.0
4993.1			1.0
4994.0			1.0
4994.9			1.0
4995.8			1.0
4996.7			1.0
4997.6			1.0
4998.5			1.0
4999.4			1.0
5000.3			1.0
5001.2			1.0
5002.1			1.0
5003.0			1.0
5003.9			1.0
5004.8			1.0
5005.7			0.9600792447664314
5006.6			0.9696949567791158
5007.5			1.0272711664113972
5008.4			1.075690825035406
5009.3			1.0799259118127498
5010.2			1.055754932687948
5011.1			1.019482093708109
5012.0			0.9721055220493249
5012.9			0.9334618054795384
5013.8			0.9239859895455272
5014.7			0.9521504267570537
5015.6			0.9948276164432183
5016.5			1.0038842449523815
5017.4			0.980264692166953
5018.3			0.9759803094803329
5019.2			1.0077318160915765
5020.1			1.035336893757365
5021.0			1.0262760117260195
5021.9			1.0000320967907137
5022.8			1.0
5023.7			1.0
5024.6			1.0
5025.5			1.0
5026.4			1.0
5027.3			1.0
5028.2			1.0
5029.1			1.0
5030.0			1.0
5030.9			1.0
5031.8			1.0
5032.7			1.0
5033.6			1.0
5034.5			1.0
5035.4			1.0
5036.3			1.0
5037.2			1.019020378299306
5038.1			1.0125403085159528
5039.0			0.9541940858271966
5039.9			0.8730989710919782
5040.8			0.8179383197073318
5041.7			0.8431521678610047
5042.6			0.9259192683826436
5043.5			0.9828677314479436
5044.4			1.0029552006336728
5045.3			1.0
5046.2			1.0
5047.1			1.0
5048.0			1.0
5048.9			1.0
5049.8			1.0
5050.7			1.0
5051.6			1.0
5052.5			1.0
5053.4			1.0
5054.3			1.0
5055.2			1.0
5056.1			1.0
5057.0			1.0
5057.9			1.0
5058.8			1.0
5059.7			1.0
5060.6			1.0
5061.5			1.0
5062.4			1.0
5063.3			1.0
5064.2			1.0
5065.1			1.0
5066.0			1.0
5066.9			1.0
5067.8			1.0
5068.7			1.0
5069.6			1.0
5070.5			1.0
5071.4			1.0
5072.3			1.0
5073.2			1.0
5074.1			1.0
5075.0			1.0020331124527462
5075.9			1.0051960894286938
5076.8			1.0210871311159513
5077.7			1.008214913857328
5078.6			0.9391230973466673
5079.5			0.8750951354821969
5080.4			0.8878040879307888
5081.3			0.9483507296079285
5082.2			0.9827261583874212
5083.1			0.983506623459812
5084.0			0.997490513506955
5084.9			1.0
5085.8			1.0
5086.7			1.0
5087.6			1.0
5088.5			1.0
5089.4			1.0
5090.3			1.0
5091.2			1.0
5092.1			1.0
5093.0			1.0
5093.9			1.0
5094.8			0.993580579354336
5095.7			0.9735328549587103
5096.6			0.9388500286098806
5097.5			0.8970954790917993
5098.4			0.8627942184345762
5099.3			0.871957860873803
5100.2			0.9308131658778621
5101.1			0.9878902974825194
5102.0			1.0022409745463585
5102.9			1.0
5103.8			1.0
5104.7			1.0
5105.6			1.0
5106.5			1.0
5107.4			1.0
5108.3			1.0
5109.2			1.0
5110.1			1.0
5111.0			1.0
5111.9			1.0
5112.8			1.0
5113.7			1.0
5114.6			1.0
5115.5			1.0072699678449013
5116.4			1.031935714105205
5117.3			1.0547426572504999
5118.2			1.0540281798910085
5119.1			1.0357365701339116
5120.0			1.0165440387503664
5120.9			0.9995860111813015
5121.8			0.9824913576112779
5122.7			0.9542741905607396
5123.6			0.9252192095594378
5124.5			0.9208655083764632
5125.4			0.9370122736862093
5126.3			0.9467993072466212
5127.2			0.9394444231210514
5128.1			0.9301569429155908
5129.0			0.930844566720037
5129.9			0.9435446087769898
5130.8			0.962465793641992
5131.7			0.9742884584465917
5132.6			0.9851591999519089
5133.5			0.9997606465829422
5134.4			1.0
5135.3			1.0113059773804522
5136.2			0.9834384130025638
5137.1			0.9445265511421245
5138.0			0.9282808685098086
5138.9			0.9230920282325226
5139.8			0.9434072715147447
5140.7			0.968967316433708
5141.6			0.9376710606461136
5142.5			0.8948514303611663
5143.4			0.9214632664346795
5144.3			0.9704669067771957
5145.2			0.9711044883291587
5146.1			0.9496700901639153
5147.0			0.9394192883707372
5147.9			0.9516338254506909
5148.8			0.9859854628012881
5149.7			0.999348130903641
5150.6			1.0
5151.5			1.0
5152.4			1.0
5153.3			1.0
5154.2			1.0
5155.1			1.0
5156.0			1.0
5156.9			1.0
5157.8			1.0
5158.7			1.0
5159.6			1.0
5160.5			1.0
5161.4			1.0
5162.3			1.0
5163.2			1.0
5164.1			1.0
5165.0			1.0
5165.9			1.0
5166.8			1.0
5167.7			1.0
5168.6			1.0
5169.5			1.0919753235423812
5170.4			1.0912506070339072
5171.3			0.9398336253600326
5172.2			0.7682571514602783
5173.1			0.7629081676432106
5174.0			0.8999065055381333
5174.9			1.0069044065439732
5175.8			1.0
5176.7			1.0
5177.6			1.0
5178.5			1.0
5179.4			1.0
5180.3			1.0
5181.2			0.9623927300974945
5182.1			0.847842946837451
5183.0			0.6942819503063375
5183.9			0.6531133125925604
5184.8			0.7801734184776405
5185.7			0.9328404048266387
5186.6			0.9987403816878307
5187.5			1.0
5188.4			1.0
5189.3			1.0
5190.2			1.0
5191.1			1.0
5192.0			1.0
5192.9			1.0
5193.8			1.0
5194.7			1.0
5195.6			1.0
5196.5			1.0
5197.4			1.0
5198.3			1.0
5199.2			1.0183980120510276
5200.1			1.0332952243771278
5201.0			1.0264768944891016
5201.9			1.007064627853002
5202.8			0.9965429747312659
5203.7			0.9774683492328347
5204.6			0.932113352912352
5205.5			0.9054941148789323
5206.4			0.9250330096079977
5207.3			0.9358243737095715
5208.2			0.9130174288182816
5209.1			0.9108938784926863
5210.0			0.9422228055328332
5210.9			0.9715627171730421
5211.8			0.9995708277263314
5212.7			1.0
5213.6			1.0
5214.5			1.0
5215.4			1.0
5216.3			1.0
5217.2			1.0
5218.1			1.0
5219.0			1.0
5219.9			1.0
5220.8			1.0
5221.7			1.0
5222.6			0.989793851596841
5223.5			0.9633888079754214
5224.4			0.9213865327954036
5225.3			0.8690769690084629
5226.2			0.8228543065827018
5227.1			0.8263610421910147
5228.0			0.9013285667388627
5228.9			0.977273578274295
5229.8			1.001884873242792
5230.7			1.0
5231.6			1.0
5232.5			1.0
5233.4			1.0
5234.3			1.0
5235.2			1.0
5236.1			1.0
5237.0			1.0
5237.9			1.0
5238.8			1.0
5239.7			1.0
5240.6			1.0
5241.5			1.0019354834813206
5242.4			0.9887000320545714
5243.3			0.9853818202510805
5244.2			1.0058719634566922
5245.1			1.0166444353517825
5246.0			0.9802900082566004
5246.9			0.9220888832189551
5247.8			0.9096262645381422
5248.7			0.9325341134023307
5249.6			0.9244501068552682
5250.5			0.9040830074477878
5251.4			0.9184309809340063
5252.3			0.9448720683902244
5253.2			0.9475133985643422
5254.1			0.9294343354965929
5255.0			0.9174654108582434
5255.9			0.9426500801531053
5256.8			0.9907268345126855
5257.7			1.0185603764138713
5258.6			1.0174402466184456
5259.5			1.0
5260.4			0.9695413749188363
5261.3			0.9238553944384522
5262.2			0.8729112612859128
5263.1			0.8370151324712743
5264.0			0.8178648836541701
5264.9			0.801729414247727
5265.8			0.7984913989838767
5266.7			0.8412218257555253
5267.6			0.8896716176943306
5268.5			0.854737335551183
5269.4			0.7741426849972853
5270.3			0.77573221072621
5271.2			0.8631428303964056
5272.1			0.9195048367694215
5273.0			0.911566303725269
5273.9			0.8951509368320458
5274.8			0.883639116109167
5275.7			0.8821886155199159
5276.6			0.9237110451781176
5277.5			0.9819277863112075
5278.4			1.0
5279.3			0.9797336826903837
5280.2			0.9472355732351596
5281.1			0.9221937017806403
5282.0			0.9065092698537799
5282.9			0.8892372209397917
5283.8			0.885423364616783
5284.7			0.9238979718744034
5285.6			0.983283088778596
5286.5			1.0121512240190453
5287.4			1.0086164985384913
5288.3			1.0007923708412165
5289.2			1.0
5290.1			1.0
5291.0			1.0
5291.9			1.0
5292.8			1.0
5293.7			1.0
5294.6			1.0050104489998801
5295.5			0.987883475008065
5296.4			0.9457571589261357
5297.3			0.901356838534322
5298.2			0.8991104903069166
5299.1			0.9532513797667189
5300.0			1.0037342687267143
5300.9			1.005972053712837
5301.8			1.0023321541898893
5302.7			1.0
5303.6			1.0
5304.5			1.0
5305.4			1.0
5306.3			1.0
5307.2			1.0
5308.1			1.0
5309.0			1.0
5309.9			1.0
5310.8			1.0
5311.7			1.0
5312.6			1.0
5313.5			1.0
5314.4			1.0
5315.3			1.0
5316.2			1.0
5317.1			1.0
5318.0			1.0
5318.9			1.0
5319.8			1.0
5320.7			1.0
5321.6			1.0
5322.5			1.0
5323.4			1.0
5324.3			1.0
5325.2			1.0
5326.1			0.9998081846797118
5327.0			0.9342855186116021
5327.9			0.8401347575983157
5328.8			0.8280536447783821
5329.7			0.9131831057952687
5330.6			0.9915605472390676
5331.5			1.0024950981022114
5332.4			1.0
5333.3			1.0
5334.2			1.0
5335.1			1.0
5336.0			1.0
5336.9			1.0
5337.8			1.0
5338.7			1.0
5339.6			1.0
5340.5			1.0
5341.4			1.0
5342.3			1.0
5343.2			1.0
5344.1			1.0
5345.0			1.0
5345.9			1.0
5346.8			1.0
5347.7			1.0
5348.6			1.0
5349.5			1.0
5350.4			1.0
5351.3			1.0
5352.2			1.0
5353.1			1.0
5354.0			1.0
5354.9			1.0
5355.8			1.0
5356.7			1.0
5357.6			1.0
5358.5			1.0
5359.4			1.0
5360.3			1.0
5361.2			1.0
5362.1			1.0
5363.0			1.0
5363.9			1.0
5364.8			1.0
5365.7			1.0
5366.6			1.0
5367.5			0.99848085313668
5368.4			0.9836146716228358
5369.3			0.9501697472892523
5370.2			0.9037589190835387
5371.1			0.8800416609733718
5372.0			0.9060604890608398
5372.9			0.9576159159687526
5373.8			0.9902764189068896
5374.7			0.9967430729832695
5375.6			1.0
5376.5			1.0
5377.4			1.0
5378.3			1.0
5379.2			1.0
5380.1			1.0
5381.0			1.0
5381.9			1.0
5382.8			1.0
5383.7			1.0
5384.6			1.0
5385.5			1.0
5386.4			1.0
5387.3			1.0
5388.2			1.0
5389.1			1.0
5390.0			1.0
5390.9			1.0
5391.8			1.0
5392.7			1.0
5393.6			1.0
5394.5			1.0
5395.4			1.0
5396.3			1.0
5397.2			0.9697141933089348
5398.1			0.9911111374746749
5399.0			1.0369568703463314
5399.9			1.0502069226231907
5400.8			1.0428462388304156
5401.7			1.0452018650029198
5402.6			1.0336639421005733
5403.5			0.9852296943731285
5404.4			0.9308986552587445
5405.3			0.9077540766713671
5406.2			0.924217198142053
5407.1			0.9628953473503988
5408.0			0.9815220615422116
5408.9			0.95866001170003
5409.8			0.9294945000508348
5410.7			0.9403192771302866
5411.6			0.9790216980524148
5412.5			1.0045690055955194
5413.4			0.9980114042628614
5414.3			1.0
5415.2			1.0
5416.1			1.0
5417.0			1.0
5417.9			1.0
5418.8			1.0
5419.7			1.0
5420.6			1.0
5421.5			1.0
5422.4			1.0
5423.3			1.0
5424.2			1.0
5425.1			1.0
5426.0			1.0
5426.9			1.0332973894022683
5427.8			1.0198429332817143
5428.7			0.962069845784211
5429.6			0.9232136828444081
5430.5			0.9536597932565584
5431.4			0.9999831306649246
5432.3			1.0030894723973098
5433.2			1.0
5434.1			1.0
5435.0			1.0
5435.9			1.0
5436.8			1.0
5437.7			1.0
5438.6			1.0
5439.5			1.0
5440.4			1.0
5441.3			1.0
5442.2			1.0
5443.1			1.0
5444.0			0.9769129945634297
5444.9			0.9356995722618573
5445.8			0.8888414554889178
5446.7			0.8688749604789422
5447.6			0.9072238733156163
5448.5			0.9688127618145975
5449.4			1.0000112495435727
5450.3			1.0
5451.2			1.0
5452.1			1.0
5453.0			0.9838255993469893
5453.9			0.9469033158628978
5454.8			0.8976402689409311
5455.7			0.8849188558129013
5456.6			0.9297794408672022
5457.5			0.9815397982317143
5458.4			0.9992381364740011
5459.3			1.0
5460.2			1.0
5461.1			1.0
5462.0			1.0
5462.9			1.0
5463.8			1.0
5464.7			1.0
5465.6			1.0
5466.5			1.0
5467.4			1.0
5468.3			1.0
5469.2			1.0
5470.1			1.0
5471.0			1.0
5471.9			1.0
5472.8			0.9870151448992543
5473.7			0.9749393856235942
5474.6			0.9723117930766316
5475.5			0.9407701787498801
5476.4			0.8936834095065167
5477.3			0.9024161301822499
5478.2			0.9674001074805819
5479.1			1.0144475455431954
5480.0			1.0010506613981887
5480.9			1.0
5481.8			1.0
5482.7			1.0
5483.6			1.0
5484.5			1.0
5485.4			1.0
5486.3			1.0
5487.2			1.0
5488.1			1.0
5489.0			1.0
5489.9			1.0
5490.8			1.0
5491.7			1.0
5492.6			1.0
5493.5			1.0
5494.4			1.0
5495.3			1.0
5496.2			1.0
5497.1			1.0
5498.0			1.0
5498.9			1.0
5499.8			1.0
5500.7			1.0
5501.6			1.0
5502.5			1.0
5503.4			1.0
5504.3			1.0
5505.2			1.0
5506.1			1.0
5507.0			1.0
5507.9			1.0
5508.8			1.0
5509.7			1.0
5510.6			1.0
5511.5			1.0
5512.4			1.0
5513.3			1.0
5514.2			1.0
5515.1			1.0
5516.0			1.0
5516.9			1.0
5517.8			1.0
5518.7			1.0
5519.6			1.0
5520.5			1.0
5521.4			1.0
5522.3			1.0
5523.2			1.0
5524.1			0.999578469851388
5525.0			0.9875227213384346
5525.9			0.9634387506728995
5526.8			0.9338613947608857
5527.7			0.9117489666506587
5528.6			0.9208484926529106
5529.5			0.9611130853846547
5530.4			0.995054321248331
5531.3			1.0003981887976785
5532.2			1.0
5533.1			1.0
5534.0			1.0
5534.9			1.0
5535.8			1.0
5536.7			1.0
5537.6			1.0
5538.5			1.0
5539.4			1.0
5540.3			1.0
5541.2			1.0
5542.1			1.0
5543.0			1.0
5543.9			1.0
5544.8			1.0
5545.7			1.0
5546.6			1.0
5547.5			1.0
5548.4			1.0
5549.3			1.0
5550.200000000001			1.0
5551.1			1.0
5552.0			1.0
5552.9			1.0
5553.8			1.0
5554.700000000001			1.0
5555.6			1.0
5556.5			1.0
5557.4			1.0
5558.3			1.0
5559.200000000001			1.0
5560.1			1.0
5561.0			1.0
5561.9			1.0
5562.8			1.0
5563.700000000001			1.0
5564.6			1.0
5565.5			1.0
5566.4			1.0
5567.3			1.0
5568.200000000001			1.0
5569.1			1.0
5570.0			1.0
5570.9			1.0
5571.8			1.0
5572.700000000001			1.0
5573.6			1.0
5574.5			1.0
5575.4			1.0
5576.3			1.0
5577.200000000001			1.0
5578.1			1.0
5579.0			1.0
5579.9			1.0106955334038594
5580.8			1.006261074773666
5581.700000000001			0.9877841566459968
5582.6			0.990698517432256
5583.5			1.0065592230806772
5584.4			1.0055114667440708
5585.3			0.982909709531086
5586.200000000001			0.9418768354329173
5587.1			0.9055694589622422
5588.0			0.8923054350896646
5588.9			0.8914603106707129
5589.8			0.9072907325769037
5590.700000000001			0.9358436282171011
5591.6			0.9498666679720823
5592.5			0.9458284149199834
5593.4			0.9394387689065115
5594.3			0.9447224140054578
5595.200000000001			0.9714871361400161
5596.1			1.0
5597.0			0.9885192221799329
5597.9			0.9443017148963557
5598.8			0.9240461822512989
5599.700000000001			0.9368103357480734
5600.6			0.9332560969328828
5601.5			0.9055131743585546
5602.4			0.8905275881755159
5603.3			0.9174274171331566
5604.200000000001			0.9697994811332755
5605.1			0.994238052004076
5606.0			0.996979571471205
5606.9			1.0001457106671123
5607.8			0.9998405001200407
5608.700000000001			1.0
5609.6			1.0
5610.5			1.0
5611.4			1.0
5612.3			1.0
5613.200000000001			0.9894366544321642
5614.1			0.9489063135607088
5615.0			0.9101150457457345
5615.9			0.9255053059829115
5616.8			0.990854869007463
5617.700000000001			1.0
5618.6			1.0
5619.5			1.0
5620.4			1.0
5621.3			1.0
5622.200000000001			1.0
5623.1			1.0
5624.0			1.0
5624.9			1.0
5625.8			1.0
5626.700000000001			1.0
5627.6			1.0
5628.5			1.0
5629.4			1.0
5630.3			1.0
5631.200000000001			1.0
5632.1			1.0
5633.0			1.0
5633.9			1.0
5634.8			1.0
5635.700000000001			1.0
5636.6			1.0
5637.5			1.0
5638.4			1.0
5639.3			1.0
5640.200000000001			1.0
5641.1			1.0
5642.0			1.0
5642.9			1.0
5643.8			1.0
5644.700000000001			1.0
5645.6			1.0
5646.5			1.0
5647.4			1.0
5648.3			1.0
5649.200000000001			1.0
5650.1			1.0
5651.0			1.0
5651.9			1.0
5652.8			1.0
5653.700000000001			1.0
5654.6			1.0
5655.5			0.9983703355755581
5656.4			0.9882202020144333
5657.3			0.9416457361217434
5658.200000000001			0.9001442599974936
5659.1			0.9287970088646903
5660.0			0.9904578821344568
5660.9			1.0000437436652525
5661.8			1.0
5662.700000000001			1.0
5663.6			1.0
5664.5			1.0
5665.4			1.0
5666.3			1.0
5667.200000000001			1.0
5668.1			1.0
5669.0			1.0
5669.9			1.0
5670.8			1.0
5671.700000000001			1.0
5672.6			1.0
5673.5			1.0
5674.4			1.0
5675.3			1.0
5676.200000000001			1.0
5677.1			1.0
5678.0			1.0
5678.9			1.0
5679.8			1.0
5680.700000000001			1.0
5681.6			1.0
5682.5			1.0
5683.4			1.0
5684.3			1.0
5685.200000000001			1.0
5686.1			1.0
5687.0			1.0
5687.9			1.0
5688.8			1.0
5689.700000000001			1.0
5690.6			1.0
5691.5			1.0
5692.4			1.0
5693.3			1.0
5694.200000000001			1.0
5695.1			1.0
5696.0			1.0
5696.9			1.0
5697.8			1.0
5698.700000000001			1.0
5699.6			1.0
5700.5			1.0
5701.4			1.0
5702.3			1.0
5703.200000000001			1.0
5704.1			1.0001132483931399
5705.0			0.9931320065121019
5705.9			0.9901474095177545
5706.8			0.9796409180466058
5707.700000000001			0.9441238212185104
5708.6			0.9089968987691468
5709.5			0.9043500915700194
5710.4			0.9142055497130296
5711.3			0.9247315840450809
5712.200000000001			0.9597519353319959
5713.1			1.0009257370223608
5714.0			1.0076641349824478
5714.9			1.0005982572421286
5715.8			1.0
5716.700000000001			1.0
5717.6			1.0
5718.5			1.0
5719.4			1.0
5720.3			1.0
5721.200000000001			1.0
5722.1			1.0
5723.0			1.0
5723.9			1.0
5724.8			1.0
5725.700000000001			1.0
5726.6			1.0
5727.5			1.0
5728.4			1.0
5729.3			1.0
5730.200000000001			1.0
5731.1			1.0
5732.0			1.0
5732.9			1.0
5733.8			1.0
5734.700000000001			1.0
5735.6			1.0
5736.5			1.0
5737.4			1.0
5738.3			1.0
5739.200000000001			1.0
5740.1			1.0
5741.0			1.0
5741.9			1.0
5742.8			1.0
5743.700000000001			1.0
5744.6			1.0
5745.5			1.0
5746.4			1.0
5747.3			1.0
5748.200000000001			1.0
5749.1			1.0
5750.0			1.0160228350862772
5750.9			1.0131174816685595
5751.8			0.9865107428117568
5752.700000000001			0.9469662946783335
5753.6			0.9221211886940993
5754.5			0.9312718789596474
5755.4			0.9603152493625529
5756.3			0.9864767861835044
5757.200000000001			0.9988792294111428
5758.1			1.0
5759.0			1.0
5759.9			1.0
5760.8			1.0
5761.700000000001			1.0
5762.6			1.0
5763.5			1.0
5764.4			1.0
5765.3			1.0
5766.200000000001			1.0
5767.1			1.0
5768.0			1.0
5768.9			1.0
5769.8			1.0
5770.700000000001			1.0
5771.6			1.0
5772.5			1.0
5773.4			1.0
5774.3			1.0
5775.200000000001			1.0073914618132989
5776.1			1.0209832121987243
5777.0			1.0339417711666186
5777.9			1.034884539587193
5778.8			1.0171018186040812
5779.700000000001			0.9841290001123082
5780.6			0.9471061206201313
5781.5			0.9248739659606271
5782.4			0.9372278943835324
5783.3			0.9612762155983721
5784.200000000001			0.960511958555281
5785.1			0.9491075946553907
5786.0			0.9631278586045326
5786.9			0.9869447125338362
5787.8			1.000003540352285
5788.700000000001			1.0
5789.6			1.0
5790.5			1.0
5791.4			1.0
5792.3			1.0
5793.200000000001			1.0
5794.1			1.0
5795.0			1.0
5795.9			1.0
5796.8			1.0
5797.700000000001			1.0
5798.6			1.0
5799.5			1.0
5800.4			1.0
5801.3			1.0
5802.200000000001			1.0
5803.1			1.0
5804.0			1.0
5804.9			1.0
5805.8			1.0
5806.700000000001			1.0
5807.6			1.0
5808.5			1.0
5809.4			1.0
5810.3			1.0
5811.200000000001			1.0
5812.1			1.0
5813.0			1.0
5813.9			1.0
5814.8			1.0
5815.700000000001			1.0
5816.6			1.0
5817.5			1.0
5818.4			1.0
5819.3			1.0
5820.200000000001			1.0
5821.1			1.0
5822.0			1.0
5822.9			1.0
5823.8			1.0
5824.700000000001			1.0
5825.6			1.0
5826.5			1.0
5827.4			1.0
5828.3			1.0
5829.200000000001			1.0
5830.1			1.0
5831.0			1.0
5831.9			1.0
5832.8			1.0
5833.700000000001			1.0
5834.6			1.0
5835.5			1.0
5836.4			1.0
5837.3			1.0
5838.200000000001			1.0
5839.1			1.0
5840.0			1.0
5840.9			1.0
5841.8			1.0
5842.700000000001			1.0
5843.6			1.0
5844.5			1.0
5845.4			1.0
5846.3			1.0
5847.200000000001			1.0
5848.1			1.0
5849.0			1.0
5849.9			1.0
5850.8			1.0
5851.700000000001			1.0
5852.6			1.0
5853.5			1.0
5854.4			1.0
5855.3			1.0
5856.200000000001			1.0
5857.1			1.0
5858.0			1.0
5858.9			1.0
5859.8			1.0
5860.700000000001			1.0
5861.6			1.0
5862.5			1.0
5863.4			1.0
5864.3			1.0
5865.200000000001			1.0
5866.1			1.0
5867.0			1.0
5867.9			1.0
5868.8			1.0
5869.700000000001			1.0
5870.6			1.0
5871.5			1.0
5872.4			1.0
5873.3			1.0
5874.200000000001			1.0
5875.1			1.0
5876.0			1.0
5876.9			1.0
5877.8			1.0
5878.700000000001			1.0
5879.6			1.0
5880.5			1.0
5881.4			1.0
5882.3			1.0
5883.200000000001			1.0
5884.1			1.0
5885.0			1.0
5885.9			1.0
5886.8			1.0039943665748217
5887.700000000001			0.9849965520081105
5888.6			0.920512613623072
5889.5			0.8372843712716895
5890.4			0.8220430619187408
5891.3			0.8809915329138389
5892.200000000001			0.9466294116668102
5893.1			0.9932831144835605
5894.0			1.0049170609015141
5894.9			1.0
5895.8			1.0
5896.700000000001			1.0
5897.6			1.0
5898.5			1.0
5899.4			1.0
5900.3			1.0
5901.200000000001			1.0
5902.1			1.0
5903.0			1.0
5903.9			1.0
5904.8			1.0
5905.700000000001			1.0
5906.6			1.0
5907.5			1.0
5908.4			1.0
5909.3			1.0
5910.200000000001			1.0
5911.1			1.0
5912.0			1.0
5912.9			1.0
5913.8			1.0
5914.700000000001			1.0
5915.6			1.0
5916.5			1.0
5917.4			1.0
5918.3			1.0
5919.200000000001			1.0
5920.1			1.0
5921.0			1.0
5921.9			1.0
5922.8			1.0
5923.700000000001			1.0
5924.6			1.0
5925.5			1.0
5926.4			1.0
5927.3			1.0
5928.200000000001			1.0
5929.1			1.0
5930.0			1.0
5930.9			1.0
5931.8			1.0
5932.700000000001			1.0
5933.6			1.0
5934.5			1.0
5935.4			1.0
5936.3			1.0
5937.200000000001			1.0
5938.1			1.0
5939.0			1.0
5939.9			1.0
5940.8			1.0
5941.700000000001			1.0
5942.6			1.0
5943.5			1.0
5944.4			1.0
5945.3			1.0
5946.200000000001			1.0
5947.1			1.0
5948.0			1.0
5948.9			1.0
5949.8			1.0
5950.700000000001			1.0
5951.6			1.0
5952.5			1.0
5953.4			1.0
5954.3			1.0
5955.200000000001			1.0
5956.1			1.0
5957.0			1.0
5957.9			1.0
5958.8			1.0
5959.700000000001			1.0
5960.6			1.0
5961.5			1.0
5962.4			1.0
5963.3			1.0
5964.200000000001			1.0
5965.1			1.0
5966.0			1.0
5966.9			1.0
5967.8			1.0
5968.700000000001			1.0
5969.6			1.0
5970.5			1.0
5971.4			1.0
5972.3			1.0
5973.200000000001			1.0
5974.1			1.0
5975.0			1.0
5975.9			1.0
5976.8			1.0
5977.700000000001			1.0
5978.6			1.0
5979.5			1.0
5980.4			1.0
5981.3			1.0
5982.200000000001			1.0
5983.1			1.0
5984.0			1.0
5984.9			1.0
5985.8			1.0
5986.700000000001			1.0
5987.6			1.0
5988.5			1.0
5989.4			1.0
5990.3			1.0
5991.200000000001			1.0
5992.1			1.0
5993.0			1.0
5993.9			1.0
5994.8			1.0
5995.700000000001			1.0
5996.6			1.0
5997.5			1.0
5998.4			1.0
5999.3			1.0
6000.200000000001			1.0
6001.1			1.0
6002.0			1.0
6002.9			1.0
6003.8			1.0
6004.700000000001			1.0
6005.6			1.0
6006.5			1.0
6007.4			1.0
6008.3			1.0
6009.200000000001			1.0
6010.1			1.0
6011.0			1.0
6011.9			1.0
6012.8			1.0
6013.700000000001			1.0
6014.6			1.0
6015.5			1.0
6016.4			1.0
6017.3			1.0
6018.200000000001			1.0
6019.1			1.0
6020.0			1.0
6020.9			1.0
6021.8			1.0
6022.700000000001			1.0
6023.6			1.0
6024.5			1.0
6025.4			1.0
6026.3			1.0
6027.200000000001			1.0
6028.1			1.0
6029.0			1.0
6029.9			1.0
6030.8			1.0
6031.700000000001			1.0
6032.6			1.0
6033.5			1.0
6034.4			1.0
6035.3			1.0
6036.200000000001			1.0
6037.1			1.0
6038.0			1.0
6038.9			1.0
6039.8			1.0
6040.700000000001			1.0
6041.6			1.0
6042.5			1.0
6043.4			1.0
6044.3			1.0
6045.200000000001			1.0
6046.1			1.0
6047.0			1.0
6047.9			1.0
6048.8			1.0
6049.700000000001			1.0
6050.6			1.0
6051.5			1.0
6052.4			1.0
6053.3			1.0
6054.200000000001			1.0
6055.1			1.0
6056.0			1.0
6056.9			1.0
6057.8			1.0
6058.700000000001			1.0
6059.6			1.0
6060.5			1.0
6061.4			1.0
6062.3			1.0
6063.200000000001			1.0
6064.1			1.0
6065.0			1.0
6065.9			1.0
6066.8			1.0
6067.700000000001			1.0
6068.6			1.0
6069.5			1.0
6070.4			1.0
6071.3			1.0
6072.200000000001			1.0
6073.1			1.0
6074.0			1.0
6074.9			1.0
6075.8			1.0
6076.700000000001			1.0
6077.6			1.0
6078.5			1.0
6079.4			1.0
6080.3			1.0
6081.200000000001			1.0
6082.1			1.0
6083.0			1.0
6083.9			1.0
6084.8			1.0
6085.700000000001			1.0
6086.6			1.0
6087.5			1.0
6088.4			1.0
6089.3			1.0
6090.200000000001			1.0
6091.1			1.0
6092.0			1.0
6092.9			1.0
6093.8			1.0
6094.700000000001			1.0
6095.6			1.0
6096.5			1.0
6097.4			1.0
6098.3			1.0
6099.200000000001			1.0
6100.1			0.9943152630868138
6101.0			0.9666333657543907
6101.9			0.9169441434232678
6102.8			0.8944893053440861
6103.700000000001			0.9281067314386005
6104.6			0.9798062546759683
6105.5			1.0001443242024401
6106.4			1.0
6107.3			1.0
6108.200000000001			1.0
6109.1			1.0
6110.0			1.0
6110.9			1.0
6111.8			1.0
6112.700000000001			1.0
6113.6			1.0
6114.5			1.0
6115.4			1.0
6116.3			1.0
6117.200000000001			1.0
6118.1			1.0
6119.0			1.0
6119.9			1.0
6120.8			1.0
6121.700000000001			1.0
6122.6			1.0
6123.5			1.0
6124.4			1.0
6125.3			1.0
6126.200000000001			1.0
6127.1			1.0
6128.0			1.0
6128.9			1.0
6129.8			1.0
6130.700000000001			1.0
6131.6			1.0
6132.5			1.0
6133.4			1.0
6134.3			0.9992044099993623
6135.200000000001			0.9596758745321621
6136.1			0.8889564889712015
6137.0			0.855202108142684
6137.9			0.899263738519891
6138.8			0.9703264159515685
6139.700000000001			1.0001482355176194
6140.6			1.0
6141.5			1.0
6142.4			1.0
6143.3			1.0
6144.200000000001			1.0
6145.1			1.0
6146.0			1.0
6146.9			1.0
6147.8			1.0
6148.700000000001			1.0
6149.6			1.0
6150.5			1.0
6151.4			1.0
6152.3			1.0
6153.200000000001			1.0
6154.1			1.0
6155.0			1.0
6155.9			1.0
6156.8			1.0
6157.700000000001			1.0
6158.6			1.0067198962416548
6159.5			0.9991863379325132
6160.4			0.9592906073631581
6161.3			0.9096715053802265
6162.200000000001			0.8968584196706568
6163.1			0.9308774016999832
6164.0			0.9700450050436428
6164.9			0.9854842608743285
6165.8			0.9958828047745322
6166.700000000001			1.0
6167.6			1.0
6168.5			1.0
6169.4			1.0
6170.3			1.0
6171.200000000001			1.0
6172.1			1.0
6173.0			1.0
6173.9			1.0
6174.8			1.0
6175.700000000001			1.0
6176.6			1.0
6177.5			1.0
6178.4			1.0
6179.3			1.0
6180.200000000001			1.0
6181.1			1.0
6182.0			1.0
6182.9			1.0
6183.8			1.0
6184.700000000001			1.0
6185.6			1.0
6186.5			1.0
6187.4			1.0
6188.3			1.0050152424959555
6189.200000000001			0.9961036087008199
6190.1			0.9625979541386496
6191.0			0.9287042547960448
6191.9			0.9419964228671215
6192.8			0.9834455364325312
6193.700000000001			0.999991978100935
6194.6			1.0
6195.5			1.0
6196.4			1.0
6197.3			1.0
6198.200000000001			1.0
6199.1			1.0
6200.0			1.0
6200.9			1.0
6201.8			1.0
6202.700000000001			1.0
6203.6			1.0
6204.5			1.0
6205.4			1.0
6206.3			1.0
6207.200000000001			1.0
6208.1			1.0
6209.0			1.0
6209.9			1.0
6210.8			1.0
6211.700000000001			1.0
6212.6			1.0
6213.5			1.0
6214.4			1.0
6215.3			1.0
6216.200000000001			1.0
6217.1			1.0
6218.0			1.0
6218.9			1.0
6219.8			1.0
6220.700000000001			1.0
6221.6			1.0
6222.5			1.0
6223.4			1.0
6224.3			1.0
6225.200000000001			1.0
6226.1			1.0
6227.0			1.0048757602008556
6227.9			0.9998608634715401
6228.8			0.9794925197845995
6229.700000000001			0.9428134410620067
6230.6			0.9155121458506932
6231.5			0.9212799734372582
6232.4			0.9494149186305595
6233.3			0.9772281749664534
6234.200000000001			0.9999926001424368
6235.1			1.0
6236.0			1.0
6236.9			1.0
6237.8			1.0
6238.700000000001			1.0
6239.6			1.0
6240.5			1.0
6241.4			1.0
6242.3			1.0
6243.200000000001			1.0
6244.1			1.0
6245.0			1.0
6245.9			1.0
6246.8			1.0
6247.700000000001			1.0
6248.6			1.0
6249.5			1.0
6250.4			1.0
6251.3			1.0
6252.200000000001			1.0
6253.1			1.0
6254.0			1.0
6254.9			1.0
6255.8			1.0
6256.700000000001			1.0
6257.6			1.0
6258.5			1.0
6259.4			1.0
6260.3			1.0
6261.200000000001			1.0
6262.1			1.0
6263.0			1.0
6263.9			1.0
6264.8			1.0
6265.700000000001			1.0
6266.6			1.0
6267.5			1.0
6268.4			1.0
6269.3			1.0
6270.200000000001			1.0
6271.1			1.0
6272.0			1.0
6272.9			1.0
6273.8			1.0
6274.700000000001			1.0
6275.6			1.0
6276.5			1.0
6277.4			1.0
6278.3			1.0
6279.200000000001			1.0
6280.1			1.0
6281.0			1.0
6281.9			1.0
6282.8			1.0
6283.700000000001			1.0
6284.6			1.0
6285.5			1.0
6286.4			1.0
6287.3			1.0
6288.200000000001			1.0
6289.1			1.0
6290.0			1.0
6290.9			1.0
6291.8			1.0
6292.700000000001			1.0
6293.6			1.0
6294.5			1.0
6295.4			1.0
6296.3			1.0
6297.200000000001			1.0
6298.1			1.0
6299.0			1.0
6299.9			1.0
6300.8			1.0
6301.700000000001			1.0
6302.6			1.0
6303.5			1.0
6304.4			1.0
6305.3			1.0
6306.200000000001			1.0
6307.1			1.0
6308.0			1.0
6308.9			1.0
6309.8			1.0
6310.700000000001			1.0
6311.6			1.0
6312.5			1.0
6313.4			1.0
6314.3			1.0
6315.200000000001			1.0
6316.1			1.0
6317.0			1.0
6317.9			1.0
6318.8			1.0
6319.700000000001			1.0
6320.6			1.0
6321.5			1.0
6322.4			1.0
6323.3			1.0
6324.200000000001			1.0
6325.1			1.0
6326.0			1.0
6326.9			1.0
6327.8			1.0
6328.700000000001			1.0
6329.6			1.0
6330.5			1.0
6331.4			1.0
6332.3			1.0
6333.200000000001			1.0
6334.1			1.0
6335.0			1.0
6335.9			1.0
6336.8			1.0
6337.700000000001			1.0
6338.6			1.0
6339.5			1.0
6340.4			1.0
6341.3			1.0
6342.200000000001			1.0
6343.1			1.0
6344.0			1.0
6344.9			1.0
6345.8			1.0
6346.700000000001			1.0
6347.6			1.0
6348.5			1.0
6349.4			1.0
6350.3			1.0
6351.200000000001			1.0
6352.1			1.0
6353.0			1.0
6353.9			1.0
6354.8			1.0
6355.700000000001			1.0
6356.6			1.0
6357.5			1.0
6358.4			1.0
6359.3			1.0
6360.200000000001			1.0
6361.1			1.0
6362.0			1.0
6362.9			1.0
6363.8			1.0
6364.700000000001			1.0
6365.6			1.0
6366.5			1.0
6367.4			1.0
6368.3			1.0
6369.200000000001			1.0
6370.1			1.0
6371.0			1.0
6371.9			1.0
6372.8			1.0
6373.700000000001			1.0
6374.6			1.0
6375.5			1.0
6376.4			1.0
6377.3			1.0
6378.200000000001			1.0
6379.1			1.0
6380.0			1.0
6380.9			1.0
6381.8			1.0
6382.700000000001			1.0
6383.6			1.0
6384.5			1.0
6385.4			1.0
6386.3			1.0
6387.200000000001			1.0
6388.1			1.0
6389.0			1.0
6389.9			1.0
6390.8			1.0
6391.700000000001			1.0
6392.6			1.0
6393.5			1.0
6394.4			1.0
6395.3			1.0
6396.200000000001			1.0
6397.1			0.9961751386527837
6398.0			0.9814393153676253
6398.9			0.9441158096996939
6399.8			0.9060180503688497
6400.700000000001			0.9129598579345592
6401.6			0.9619753497623951
6402.5			0.9991145067548187
6403.4			1.0
6404.3			1.0
6405.200000000001			1.0
6406.1			1.0
6407.0			1.0
6407.9			1.0
6408.8			1.0
6409.700000000001			1.0
6410.6			1.0
6411.5			1.0
6412.4			1.0
6413.3			1.0
6414.200000000001			1.0
6415.1			1.0
6416.0			1.0
6416.9			1.0
6417.8			1.0
6418.700000000001			1.0
6419.6			1.0
6420.5			1.0
6421.4			1.0
6422.3			1.0
6423.200000000001			1.0
6424.1			1.0
6425.0			1.0
6425.9			1.0
6426.8			1.0
6427.700000000001			1.0
6428.6			1.0
6429.5			1.0
6430.4			1.0
6431.3			1.0
6432.200000000001			1.0
6433.1			1.0
6434.0			1.0
6434.9			1.0
6435.8			1.0
6436.700000000001			1.0
6437.6			1.0
6438.5			1.0
6439.4			1.0
6440.3			1.0
6441.200000000001			1.0
6442.1			1.0
6443.0			1.0
6443.9			1.0
6444.8			1.0
6445.700000000001			1.0
6446.6			1.0
6447.5			0.9880654898533892
6448.4			0.9560509483740649
6449.3			0.9086178127621132
6450.200000000001			0.8935912568060762
6451.1			0.9342480167464824
6452.0			0.9866452671990985
6452.9			1.0013311119974728
6453.8			1.0
6454.700000000001			1.0
6455.6			1.0
6456.5			1.0
6457.4			1.0
6458.3			1.0
6459.200000000001			1.0
6460.1			1.0
6461.0			1.0
6461.9			1.0
6462.8			1.0
6463.700000000001			1.0
6464.6			1.0
6465.5			1.0
6466.4			1.0
6467.3			1.0
6468.200000000001			1.0
6469.1			1.0
6470.0			1.0
6470.9			1.0
6471.8			1.0
6472.700000000001			1.0
6473.6			1.0
6474.5			1.0
6475.4			1.0
6476.3			1.0
6477.200000000001			1.0
6478.1			1.0
6479.0			1.0
6479.9			1.0
6480.8			1.0
6481.700000000001			1.0
6482.6			1.0
6483.5			1.0
6484.4			1.0
6485.3			1.0
6486.200000000001			1.0023815721501002
6487.1			1.013516782961303
6488.0			1.0263007452483888
6488.9			1.0226208012304743
6489.8			1.006079830512743
6490.700000000001			0.9914415665977324
6491.6			0.9754482380973211
6492.5			0.9447420067487549
6493.4			0.9071294626167415
6494.3			0.8859828209620992
6495.200000000001			0.8879798342420132
6496.1			0.901693554002661
6497.0			0.918427664782846
6497.9			0.9303752464050487
6498.8			0.9318844842732069
6499.700000000001			0.9378798592160792
6500.6			0.9603024187167967
6501.5			0.9858084880533828
6502.4			1.0
6503.3			1.002734930690733
6504.200000000001			1.0055667204651448
6505.1			1.0139372731195397
6506.0			1.0218234961224282
6506.9			1.0227225549445416
6507.8			1.0198717857973087
6508.700000000001			1.0129929054758986
6509.6			1.006676877410793
6510.5			1.0002323928710615
6511.4			1.0
6512.3			1.0
6513.200000000001			1.0
6514.1			1.0
6515.0			1.0
6515.9			1.0
6516.8			1.0
6517.700000000001			1.0
6518.6			1.0
6519.5			1.0
6520.4			1.0
6521.3			1.0
6522.200000000001			1.0
6523.1			1.0
6524.0			1.0
6524.9			1.0
6525.8			1.0
6526.700000000001			1.0
6527.6			1.0
6528.5			1.0
6529.4			1.0
6530.3			1.0
6531.200000000001			1.0
6532.1			1.0
6533.0			1.0
6533.9			1.0
6534.8			1.0
6535.700000000001			1.0
6536.6			1.0
6537.5			1.0
6538.4			1.0
6539.3			1.0
6540.200000000001			1.0
6541.1			1.0
6542.0			1.0
6542.9			1.0
6543.8			1.0
6544.700000000001			1.0
6545.6			1.0
6546.5			1.0
6547.4			1.0
6548.3			1.0
6549.200000000001			1.0
6550.1			1.0
6551.0			1.0
6551.9			1.0
6552.8			1.0
6553.700000000001			1.0
6554.6			1.0
6555.5			1.0
6556.4			1.0
6557.3			1.0
6558.200000000001			1.0
6559.1			1.0
6560.0			0.9635538417390431
6560.9			0.8557924896220943
6561.8			0.6826098940837778
6562.700000000001			0.599103380932491
6563.6			0.7121895113179774
6564.5			0.8972285199527822
6565.4			0.9999733298750726
6566.3			1.0
6567.200000000001			1.0
6568.1			1.0
6569.0			1.0
6569.9			1.0
6570.8			1.0
6571.700000000001			1.004941215578017
6572.6			0.992657438975029
6573.5			0.9749118298304634
6574.4			0.9737538595957163
6575.3			0.9966736984463708
6576.200000000001			1.0250718976584388
6577.1			1.0404672219599802
6578.0			1.0441638551016459
6578.9			1.0377486706920316
6579.8			1.0230276371163745
6580.700000000001			1.0100155428174962
6581.6			1.009870075378966
6582.5			1.0171190629355125
6583.4			1.0202424417301315
6584.3			1.0175279741255905
6585.200000000001			1.014520369162646
6586.1			1.0147211049297369
6587.0			1.017554574551859
6587.9			1.0194212176230808
6588.8			1.020099992014917
6589.700000000001			1.0242592308996454
6590.6			1.0240423319585459
6591.5			0.9996064864862048
6592.4			0.9587165765460961
6593.3			0.9424111593687533
6594.200000000001			0.9625616209393022
6595.1			0.9924359096495163
6596.0			1.0130745375506907
6596.9			1.0193210166404871
6597.8			1.0120728065646947
6598.700000000001			1.0057918227959977
6599.6			1.017850886912741
6600.5			1.04121777752407
6601.4			1.0470120936904377
6602.3			1.0287531334584719
6603.200000000001			1.0050627283713367
6604.1			0.992845844655094
6605.0			0.9975759582359094
6605.9			1.0115897401300529
6606.8			1.0181287210722547
6607.700000000001			1.0077657043827777
6608.6			0.988274363729678
6609.5			0.9830890790569029
6610.4			0.9965594271880049
6611.3			1.0103058969843095
6612.200000000001			1.0183462698724544
6613.1			1.0251906081251527
6614.0			1.0270779193759805
6614.9			1.022218173689432
6615.8			1.0169119885919211
6616.700000000001			1.0173669099024663
6617.6			1.0222530557650547
6618.5			1.0209089820617172
6619.4			1.0099810112823469
6620.3			1.0005888385514834
6621.200000000001			0.9999583698550827
6622.1			1.0055104369674093
6623.0			1.0069037661012148
6623.9			0.9952929655649626
6624.8			0.9812182607789635
6625.700000000001			0.9819813435256276
6626.6			0.9952076968830937
6627.5			1.0042666019887785
6628.4			1.0051039659747247
6629.3			1.0031066666483972
6630.200000000001			1.0033237236251362
6631.1			0.9996648726110495
6632.0			1.0
6632.9			1.0
6633.8			1.0
6634.700000000001			1.0
6635.6			1.0
6636.5			1.0
6637.4			1.0
6638.3			1.0
6639.200000000001			1.0
6640.1			1.0
6641.0			1.0
6641.9			1.0
6642.8			1.0
6643.700000000001			1.0
6644.6			1.0
6645.5			1.0
6646.4			1.0
6647.3			1.0
6648.200000000001			1.0
6649.1			1.0
6650.0			1.0
6650.9			1.0
6651.8			1.0
6652.700000000001			1.0
6653.6			1.0
6654.5			1.0
6655.4			1.0
6656.3			1.0
6657.200000000001			1.0
6658.1			1.0
6659.0			1.0
6659.9			1.0
6660.8			1.0
6661.700000000001			1.0
6662.6			1.0
6663.5			1.0
6664.4			1.0
6665.3			1.0
6666.200000000001			1.0
6667.1			1.0
6668.0			1.0
6668.9			1.0
6669.8			1.0
6670.700000000001			1.0
6671.6			1.0
6672.5			1.0
6673.4			1.0
6674.3			1.0
6675.200000000001			1.0
6676.1			1.0
6677.0			1.0
6677.9			1.0
6678.8			1.0
6679.700000000001			1.0
6680.6			1.0
6681.5			1.0
6682.4			1.0
6683.3			1.0
6684.200000000001			1.0
6685.1			1.0
6686.0			1.0
6686.9			1.0
6687.8			1.0
6688.700000000001			1.0
6689.6			1.0
6690.5			1.0
6691.4			1.0
6692.3			1.0
6693.200000000001			1.0
6694.1			1.0
6695.0			1.0
6695.9			1.0
6696.8			1.0
6697.700000000001			1.0
6698.6			1.0
6699.5			1.0
6700.4			1.0
6701.3			1.0
6702.200000000001			1.0
6703.1			1.0
6704.0			1.0
6704.9			1.0
6705.8			1.0
6706.700000000001			1.0
6707.6			1.0
6708.5			1.0
6709.4			1.0
6710.3			1.0
6711.200000000001			1.0
6712.1			1.0
6713.0			1.0
6713.9			1.0
6714.8			1.0
6715.700000000001			1.0
6716.6			1.0
6717.5			1.0
6718.4			1.0
6719.3			1.0
6720.200000000001			1.0
6721.1			1.0
6722.0			1.0
6722.9			1.0
6723.8			1.0
6724.700000000001			1.0
6725.6			1.0
6726.5			1.0
6727.4			1.0
6728.3			1.0
6729.200000000001			1.0
6730.1			1.0
6731.0			1.0
6731.9			1.0
6732.8			1.0
6733.700000000001			1.0
6734.6			1.0
6735.5			1.0
6736.4			1.0
6737.3			1.0
6738.200000000001			1.0
6739.1			1.0
6740.0			1.0
6740.9			1.0
6741.8			1.0
6742.700000000001			1.0
6743.6			1.0
6744.5			1.0
6745.4			1.0
6746.3			1.0
6747.200000000001			1.0
6748.1			1.0
6749.0			1.0
6749.9			1.0
6750.8			1.0
6751.700000000001			1.0
6752.6			1.0
6753.5			1.0
6754.4			1.0
6755.3			1.0
6756.200000000001			1.0
6757.1			1.0
6758.0			1.0
6758.9			1.0
6759.8			1.0
6760.700000000001			1.0
6761.6			1.0
6762.5			1.0
6763.4			1.0
6764.3			1.0
6765.200000000001			1.0
6766.1			1.0
6767.0			1.0
6767.9			1.0
6768.8			1.0
6769.700000000001			1.0
6770.6			1.0
6771.5			1.0
6772.4			1.0
6773.3			1.0
6774.200000000001			1.0
6775.1			1.0
6776.0			1.0
6776.9			1.0
6777.8			1.0
6778.700000000001			1.0
6779.6			1.0
6780.5			1.0
6781.4			1.0
6782.3			1.0
6783.200000000001			1.0
6784.1			1.0
6785.0			1.0
6785.9			1.0
6786.8			1.0
6787.700000000001			1.0
6788.6			1.0
6789.5			1.0
6790.4			1.0
6791.3			1.0
6792.200000000001			1.0
6793.1			1.0
6794.0			1.0
6794.9			1.0
6795.8			1.0
6796.700000000001			1.0
6797.6			1.0
6798.5			1.0
6799.4			1.0
6800.3			1.0
6801.200000000001			1.0
6802.1			1.0
6803.0			1.0
6803.9			1.0
6804.8			1.0
6805.700000000001			1.0
6806.6			1.0
6807.5			1.0
6808.4			1.0
6809.3			1.0
6810.200000000001			1.0
6811.1			1.0
6812.0			1.0
6812.9			1.0
6813.8			1.0
6814.700000000001			1.0
6815.6			1.0
6816.5			1.0
6817.4			1.0
6818.3			1.0
6819.200000000001			1.0
6820.1			1.0
6821.0			1.0
6821.9			1.0
6822.8			1.0
6823.700000000001			1.0
6824.6			1.0
6825.5			1.0
6826.4			1.0
6827.3			1.0
6828.200000000001			1.0
6829.1			1.0
6830.0			1.0
6830.9			1.0
6831.8			1.0
6832.700000000001			1.0
6833.6			1.0
6834.5			1.0
6835.4			1.0
6836.3			1.0
6837.200000000001			1.0
6838.1			1.0
6839.0			1.0
6839.9			1.0
6840.8			1.0
6841.700000000001			1.0
6842.6			1.0
6843.5			1.0
6844.4			1.0
6845.3			1.0
6846.200000000001			1.0
6847.1			1.0
6848.0			1.0
6848.9			1.0
6849.8			1.0
6850.700000000001			1.0
6851.6			1.0
6852.5			1.0
6853.4			1.0
6854.3			1.0
6855.200000000001			1.0
6856.1			1.0
6857.0			1.0
6857.9			1.0
6858.8			1.0
6859.700000000001			1.0
6860.6			1.0
6861.5			1.0
6862.4			1.0
6863.3			1.0
6864.200000000001			1.0
6865.1			1.0
6866.0			1.0
6866.9			1.0
6867.8			1.0
6868.700000000001			1.0
6869.6			1.0
6870.5			1.0
6871.4			1.0
6872.3			1.0
6873.200000000001			1.0
6874.1			1.0
6875.0			1.0
6875.9			1.0
6876.8			1.0
6877.700000000001			1.0
6878.6			1.0
6879.5			1.0
6880.4			1.0
6881.3			1.0
6882.200000000001			1.0
6883.1			1.0
6884.0			1.0
6884.9			1.0
6885.8			1.0
6886.700000000001			1.0
6887.6			1.0
6888.5			1.0
6889.4			1.0
6890.3			1.0
6891.200000000001			1.0
6892.1			1.0
6893.0			1.0
6893.9			1.0
6894.8			1.0
6895.700000000001			1.0
6896.6			1.0
6897.5			1.0
6898.4			1.0
6899.3			1.0
6900.200000000001			1.0
6901.1			1.0
6902.0			1.0
6902.9			1.0
6903.8			1.0
6904.700000000001			1.0
6905.6			1.0
6906.5			1.0
6907.4			1.0
6908.3			1.0
6909.200000000001			1.0
6910.1			1.0
6911.0			1.0
6911.9			1.0
6912.8			1.0
6913.700000000001			1.0
6914.6			1.0
6915.5			1.0
6916.4			1.0
6917.3			1.0
6918.200000000001			1.0
6919.1			1.0
6920.0			1.0
6920.9			1.0
6921.8			1.0
6922.700000000001			1.0
6923.6			1.0
6924.5			1.0
6925.4			1.0
6926.3			1.0
6927.200000000001			1.0
6928.1			1.0
6929.0			1.0
6929.9			1.0
6930.8			1.0
6931.700000000001			1.0
6932.6			1.0
6933.5			1.0
6934.4			1.0
6935.3			1.0
6936.200000000001			1.0
6937.1			1.0
6938.0			1.0
6938.9			1.0
6939.8			1.0
6940.700000000001			1.0
6941.6			1.0
6942.5			1.0
6943.4			1.0
6944.3			1.0
6945.200000000001			1.0
6946.1			1.0
6947.0			1.0
6947.9			1.0
6948.8			1.0
6949.700000000001			1.0
6950.6			1.0
6951.5			1.0
6952.4			1.0
6953.3			1.0
6954.200000000001			1.0
6955.1			1.0
6956.0			1.0
6956.9			1.0
6957.8			1.0
6958.700000000001			1.0
6959.6			1.0
6960.5			1.0
6961.4			1.0
6962.3			1.0
6963.200000000001			1.0
6964.1			1.0
6965.0			1.0
6965.9			1.0
6966.8			1.0
6967.700000000001			1.0
6968.6			1.0
6969.5			1.0
6970.4			1.0
6971.3			1.0
6972.200000000001			1.0
6973.1			1.0
6974.0			1.0
6974.9			1.0
6975.8			1.0
6976.700000000001			1.0
6977.6			1.0
6978.5			1.0
6979.4			1.0
6980.3			1.0
6981.200000000001			1.0
6982.1			1.0
6983.0			1.0
6983.9			1.0
6984.8			1.0
6985.700000000001			1.0
6986.6			1.0
6987.5			1.0
6988.4			1.0
6989.3			1.0
6990.200000000001			1.0
6991.1			1.0
6992.0			1.0
6992.9			1.0
6993.8			1.0
6994.700000000001			1.0
6995.6			1.0
6996.5			1.0
6997.4			1.0
6998.3			1.0
6999.200000000001			1.0
7000.1			1.0
7001.0			1.0
7001.9			1.0
7002.8			1.0
7003.700000000001			1.0
7004.6			1.0
7005.5			1.0
7006.4			1.0
7007.3			1.0
7008.200000000001			1.0
7009.1			1.0
7010.0			1.0
7010.9			1.0
7011.8			1.0
7012.700000000001			1.0
7013.6			1.0
7014.5			1.0
7015.4			1.0
7016.3			1.0
7017.200000000001			1.0
7018.1			1.0
7019.0			1.0
7019.9			1.0
7020.8			1.0
7021.700000000001			1.0
7022.6			1.0
7023.5			1.0
7024.4			1.0
7025.3			1.0
7026.200000000001			1.0
7027.1			1.0
7028.0			1.0
7028.9			1.0
7029.8			1.0
7030.700000000001			1.0
7031.6			1.0
7032.5			1.0
7033.4			1.0
7034.3			1.0
7035.200000000001			1.0
7036.1			1.0
7037.0			1.0
7037.9			1.0
7038.8			1.0
7039.700000000001			1.0
7040.6			1.0
7041.5			1.0
7042.4			1.0
7043.3			1.0
7044.200000000001			1.0
7045.1			1.0
7046.0			1.0
7046.9			1.0
7047.8			1.0
7048.700000000001			1.0
7049.6			1.0
7050.5			1.0
7051.4			1.0
7052.3			1.0
7053.200000000001			1.0
7054.1			1.0
7055.0			1.0
7055.9			1.0
7056.8			1.0
7057.700000000001			1.0
7058.6			1.0
7059.5			1.0
7060.4			1.0
7061.3			1.0
7062.200000000001			1.0
7063.1			1.0
7064.0			1.0
7064.9			1.0
7065.8			1.0
7066.700000000001			1.0
7067.6			1.0
7068.5			1.0
7069.4			1.0
7070.3			1.0
7071.200000000001			1.0
7072.1			1.0
7073.0			1.0
7073.9			1.0
7074.8			1.0
7075.700000000001			1.0
7076.6			1.0
7077.5			1.0
7078.4			1.0
7079.3			1.0
7080.200000000001			1.0
7081.1			1.0
7082.0			1.0
7082.9			1.0
7083.8			1.0
7084.700000000001			1.0
7085.6			1.0
7086.5			1.0
7087.4			1.0
7088.3			1.0
7089.200000000001			1.0
7090.1			1.0
7091.0			1.0
7091.9			1.0
7092.8			1.0
7093.700000000001			1.0
7094.6			1.0
7095.5			1.0
7096.4			1.0
7097.3			1.0
7098.200000000001			1.0
7099.1			1.0
7100.0			1.0
7100.9			1.0
7101.8			1.0
7102.700000000001			1.0
7103.6			1.0
7104.5			1.0
7105.4			1.0
7106.3			1.0
7107.200000000001			1.0
7108.1			1.0
7109.0			1.0
7109.9			1.0
7110.8			1.0
7111.700000000001			1.0
7112.6			1.0
7113.5			1.0
7114.4			1.0
7115.3			1.0
7116.200000000001			1.0
7117.1			1.0
7118.0			1.0
7118.9			1.0
7119.8			1.0
7120.700000000001			1.0
7121.6			1.0
7122.5			1.0
7123.4			1.0
7124.3			1.0
7125.200000000001			1.0
7126.1			1.0
7127.0			1.0
7127.9			1.0
7128.8			1.0
7129.700000000001			1.0
7130.6			1.0
7131.5			1.0
7132.4			1.0
7133.3			1.0
7134.200000000001			1.0
7135.1			1.0
7136.0			1.0
7136.9			1.0
7137.8			1.0
7138.700000000001			1.0
7139.6			1.0
7140.5			1.0
7141.4			1.0
7142.3			1.0
7143.200000000001			1.0
7144.1			1.0
7145.0			1.0
7145.9			1.0
7146.8			1.0
7147.700000000001			1.0
7148.6			1.0
7149.5			1.0
7150.4			1.0
7151.3			1.0
7152.200000000001			1.0
7153.1			1.0
7154.0			1.0
7154.9			1.0
7155.8			1.0
7156.700000000001			1.0
7157.6			1.0
7158.5			1.0
7159.4			1.0
7160.3			1.0
7161.200000000001			1.0
7162.1			1.0
7163.0			1.0
7163.9			1.0
7164.8			1.0
7165.700000000001			1.0
7166.6			1.0
7167.5			1.0
7168.4			1.0
7169.3			1.0
7170.200000000001			1.0
7171.1			1.0
7172.0			1.0
7172.9			1.0
7173.8			1.0
7174.700000000001			1.0
7175.6			1.0
7176.5			1.0
7177.4			1.0
7178.3			1.0
7179.200000000001			1.0
7180.1			1.0
7181.0			1.0
7181.9			1.0
7182.8			1.0
7183.700000000001			1.0
7184.6			1.0
7185.5			1.0
7186.4			1.0
7187.3			1.0
7188.200000000001			1.0
7189.1			1.0
7190.0			1.0
7190.9			1.0
7191.8			1.0
7192.700000000001			1.0
7193.6			1.0
7194.5			1.0
7195.4			1.0
7196.3			1.0
7197.200000000001			1.0
7198.1			1.0
7199.0			1.0
7199.9			1.0
7200.8			1.0
7201.700000000001			1.0
7202.6			1.0
7203.5			1.0
7204.4			1.0
7205.3			1.0
7206.200000000001			1.0
7207.1			1.0
7208.0			1.0
7208.9			1.0
7209.8			1.0
7210.700000000001			1.0
7211.6			1.0
7212.5			1.0
7213.4			1.0
7214.3			1.0
7215.200000000001			1.0
7216.1			1.0
7217.0			1.0
7217.9			1.0
7218.8			1.0
7219.700000000001			1.0
7220.6			1.0
7221.5			1.0
7222.4			1.0
7223.3			1.0
7224.200000000001			1.0
7225.1			1.0
7226.0			1.0
7226.9			1.0
7227.8			1.0
7228.700000000001			1.0
7229.6			1.0
7230.5			1.0
7231.4			1.0
7232.3			1.0
7233.200000000001			1.0
7234.1			1.0
7235.0			1.0
7235.9			1.0
7236.8			1.0
7237.700000000001			1.0
7238.6			1.0
7239.5			1.0
7240.4			1.0
7241.3			1.0
7242.200000000001			1.0
7243.1			1.0
7244.0			1.0
7244.9			1.0
7245.8			1.0
7246.700000000001			1.0
7247.6			1.0
7248.5			1.0
7249.4			1.0
7250.3			1.0
7251.200000000001			1.0
7252.1			1.0
7253.0			1.0
7253.9			1.0
7254.8			1.0
7255.700000000001			1.0
7256.6			1.0
7257.5			1.0
7258.4			1.0
7259.3			1.0
7260.200000000001			1.0
7261.1			1.0
7262.0			1.0
7262.9			1.0
7263.8			1.0
7264.700000000001			1.0
7265.6			1.0
7266.5			1.0
7267.4			1.0
7268.3			1.0
7269.200000000001			1.0
7270.1			1.0
7271.0			1.0
7271.9			1.0
7272.8			1.0
7273.700000000001			1.0
7274.6			1.0
7275.5			1.0
7276.4			1.0
7277.3			1.0
7278.200000000001			1.0
7279.1			1.0
7280.0			1.0
7280.9			1.0
7281.8			1.0
7282.700000000001			1.0
7283.6			1.0
7284.5			1.0
7285.4			1.0
7286.3			1.0
7287.200000000001			1.0
7288.1			1.0
7289.0			1.0
7289.9			1.0
7290.8			1.0
7291.700000000001			1.0
7292.6			1.0
7293.5			1.0
7294.4			1.0
7295.3			1.0
7296.200000000001			1.0
7297.1			1.0
7298.0			1.0
7298.9			1.0
7299.8			1.0
7300.700000000001			1.0
7301.6			1.0
7302.5			1.0
7303.4			1.0
7304.3			1.0
7305.200000000001			1.0
7306.1			1.0
7307.0			1.0
7307.9			1.0
7308.8			1.0
7309.700000000001			1.0
7310.6			1.0
7311.5			1.0
7312.4			1.0
7313.3			1.0
7314.200000000001			1.0
7315.1			1.0
7316.0			1.0
7316.9			1.0
7317.8			1.0
7318.700000000001			1.0
7319.6			1.0
7320.5			1.0
7321.4			1.0
7322.3			1.0
7323.200000000001			1.0
7324.1			1.0
7325.0			1.0
7325.9			1.0
7326.8			1.0
7327.700000000001			1.0
7328.6			1.0
7329.5			1.0
7330.4			1.0
7331.3			1.0
7332.200000000001			1.0
7333.1			1.0
7334.0			1.0
7334.9			1.0
7335.8			1.0
7336.700000000001			1.0
7337.6			1.0
7338.5			1.0
7339.4			1.0
7340.3			1.0
7341.200000000001			1.0
7342.1			1.0
7343.0			1.0
7343.9			1.0
7344.8			1.0
7345.700000000001			1.0
7346.6			1.0
7347.5			1.0
7348.4			1.0
7349.3			1.0
7350.200000000001			1.0
7351.1			1.0
7352.0			1.0
7352.9			1.0
7353.8			1.0
7354.700000000001			1.0
7355.6			1.0
7356.5			1.0
7357.4			1.0
7358.3			1.0
7359.200000000001			1.0
7360.1			1.0
7361.0			1.0
7361.9			1.0
7362.8			1.0
7363.700000000001			1.0
7364.6			1.0
7365.5			1.0
7366.4			1.0
7367.3			1.0
7368.200000000001			1.0
7369.1			1.0
7370.0			1.0
7370.9			1.0
7371.8			1.0
7372.700000000001			1.0
7373.6			1.0
7374.5			1.0
7375.4			1.0
7376.3			1.0
7377.200000000001			1.0
7378.1			1.0
7379.0			1.0
7379.9			1.0
7380.8			1.0
7381.700000000001			1.0
7382.6			1.0
7383.5			1.0
7384.4			1.0
7385.3			1.0
7386.200000000001			1.0
7387.1			1.0
7388.0			1.0
7388.9			1.0
7389.8			1.0
7390.700000000001			1.0
7391.6			1.0
7392.5			1.0
7393.4			1.0
7394.3			1.0
7395.200000000001			1.0
7396.1			1.0
7397.0			1.0
7397.9			1.0
7398.8			1.0
7399.700000000001			1.0
7400.6			1.0
7401.5			1.0
7402.4			1.0
7403.3			1.0
7404.200000000001			1.0
7405.1			1.0
7406.0			1.0
7406.9			1.0
7407.8			1.0
7408.700000000001			1.0
7409.6			1.0
7410.5			1.0
7411.4			1.0
7412.3			1.0
7413.200000000001			1.0
7414.1			1.0
7415.0			1.0
7415.9			1.0
7416.8			1.0
7417.700000000001			1.0
7418.6			1.0
7419.5			1.0
7420.4			1.0
7421.3			1.0
7422.200000000001			1.0
7423.1			1.0
7424.0			1.0
7424.9			1.0
7425.8			1.0
7426.700000000001			1.0
7427.6			1.0
7428.5			1.0
7429.4			1.0
