3500.0			1.0
3500.9			1.0
3501.8			1.0
3502.7			1.0
3503.6			1.0
3504.5			1.0
3505.4			1.0
3506.3			1.0
3507.2			1.0
3508.1			1.0
3509.0			1.0
3509.9			1.0
3510.8			1.0
3511.7			1.0
3512.6			1.0
3513.5			1.0
3514.4			1.0
3515.3			1.0
3516.2			1.0
3517.1			1.0
3518.0			1.0
3518.9			1.0
3519.8			1.0
3520.7			1.0
3521.6			1.0
3522.5			1.0
3523.4			1.0
3524.3			1.0
3525.2			1.0
3526.1			1.0
3527.0			1.0
3527.9			1.0
3528.8			1.0
3529.7			1.0
3530.6			1.0
3531.5			1.0
3532.4			1.0
3533.3			1.0
3534.2			1.0
3535.1			1.0
3536.0			1.0
3536.9			1.0
3537.8			1.0
3538.7			1.0
3539.6			1.0
3540.5			1.0
3541.4			1.0
3542.3			1.0
3543.2			1.0
3544.1			1.0
3545.0			1.0
3545.9			1.0
3546.8			1.0
3547.7			1.0
3548.6			1.0
3549.5			1.0
3550.4			1.0
3551.3			1.0
3552.2			1.0
3553.1			1.0
3554.0			1.0
3554.9			1.0
3555.8			1.0
3556.7			1.0
3557.6			1.0
3558.5			1.0
3559.4			1.0
3560.3			1.0
3561.2			1.0
3562.1			1.0
3563.0			1.0
3563.9			1.0
3564.8			1.0
3565.7			1.0
3566.6			1.0
3567.5			1.0
3568.4			1.0
3569.3			1.0
3570.2			1.0
3571.1			1.0
3572.0			1.0
3572.9			1.0
3573.8			1.0
3574.7			1.0
3575.6			1.0
3576.5			1.0
3577.4			1.0
3578.3			1.0
3579.2			1.0
3580.1			1.0
3581.0			1.0
3581.9			1.0
3582.8			1.0
3583.7			1.0
3584.6			1.0
3585.5			1.0
3586.4			1.0
3587.3			1.0
3588.2			1.0
3589.1			1.0
3590.0			1.0
3590.9			1.0
3591.8			1.0
3592.7			1.0
3593.6			1.0
3594.5			1.0
3595.4			1.0
3596.3			1.0
3597.2			1.0
3598.1			1.0
3599.0			1.0
3599.9			1.0
3600.8			1.0
3601.7			1.0
3602.6			1.0
3603.5			1.0
3604.4			1.0
3605.3			1.0
3606.2			1.0
3607.1			1.0
3608.0			1.0
3608.9			1.0
3609.8			1.0
3610.7			1.0
3611.6			1.0
3612.5			1.0
3613.4			1.0
3614.3			1.0
3615.2			1.0
3616.1			1.0
3617.0			1.0
3617.9			1.0
3618.8			1.0
3619.7			1.0
3620.6			1.0
3621.5			1.0
3622.4			1.0
3623.3			1.0
3624.2			1.0
3625.1			1.0
3626.0			1.0
3626.9			1.0
3627.8			1.0
3628.7			1.0
3629.6			1.0
3630.5			1.0
3631.4			1.0
3632.3			1.0
3633.2			1.0
3634.1			1.0
3635.0			1.0
3635.9			1.0
3636.8			1.0
3637.7			1.0
3638.6			1.0
3639.5			1.0
3640.4			1.0
3641.3			1.0
3642.2			1.0
3643.1			1.0
3644.0			1.0
3644.9			1.0
3645.8			1.0
3646.7			1.0
3647.6			1.0
3648.5			1.0
3649.4			1.0
3650.3			1.0
3651.2			1.0
3652.1			1.0
3653.0			1.0
3653.9			1.0
3654.8			1.0
3655.7			1.0
3656.6			1.0
3657.5			1.0
3658.4			1.0
3659.3			1.0
3660.2			1.0
3661.1			1.0
3662.0			1.0
3662.9			1.0
3663.8			1.0
3664.7			1.0
3665.6			1.0
3666.5			1.0
3667.4			1.0
3668.3			1.0
3669.2			1.0
3670.1			1.0
3671.0			1.0
3671.9			1.0
3672.8			1.0
3673.7			1.0
3674.6			1.0
3675.5			1.0
3676.4			1.0
3677.3			1.0
3678.2			1.0
3679.1			1.0
3680.0			1.0
3680.9			1.0
3681.8			1.0
3682.7			1.0
3683.6			1.0
3684.5			1.0
3685.4			1.0
3686.3			1.0
3687.2			1.0
3688.1			1.0
3689.0			1.0
3689.9			1.0
3690.8			1.0
3691.7			1.0
3692.6			1.0
3693.5			1.0
3694.4			1.0
3695.3			1.0
3696.2			1.0
3697.1			1.0
3698.0			1.0
3698.9			1.0
3699.8			1.0
3700.7			1.0
3701.6			1.0
3702.5			1.0
3703.4			1.0
3704.3			1.0
3705.2			1.0
3706.1			1.0
3707.0			1.0
3707.9			1.0
3708.8			1.0
3709.7			1.0
3710.6			1.0
3711.5			1.0
3712.4			1.0
3713.3			1.0
3714.2			1.0
3715.1			1.0
3716.0			1.0
3716.9			1.0
3717.8			1.0
3718.7			1.0
3719.6			1.0
3720.5			1.0
3721.4			1.0
3722.3			1.0
3723.2			1.0
3724.1			1.0
3725.0			1.0
3725.9			1.0
3726.8			1.0
3727.7			1.0
3728.6			1.0
3729.5			1.0
3730.4			1.0
3731.3			1.0
3732.2			1.0
3733.1			1.0
3734.0			1.0
3734.9			1.0
3735.8			1.0
3736.7			1.0
3737.6			1.0
3738.5			1.0
3739.4			1.0
3740.3			1.0
3741.2			1.0
3742.1			1.0
3743.0			1.0
3743.9			1.0
3744.8			1.0
3745.7			1.0
3746.6			1.0
3747.5			1.0
3748.4			1.0
3749.3			1.0
3750.2			1.0
3751.1			1.0
3752.0			1.0
3752.9			1.0
3753.8			1.0
3754.7			1.0
3755.6			1.0
3756.5			1.0
3757.4			1.0
3758.3			1.0
3759.2			1.0
3760.1			1.0
3761.0			1.0
3761.9			1.0
3762.8			1.0
3763.7			1.0
3764.6			1.0
3765.5			1.0
3766.4			1.0
3767.3			1.0
3768.2			1.0
3769.1			1.0
3770.0			1.0
3770.9			1.0
3771.8			1.0
3772.7			1.0
3773.6			1.0
3774.5			1.0
3775.4			1.0
3776.3			1.0
3777.2			1.0
3778.1			1.0
3779.0			1.0
3779.9			1.0
3780.8			1.0
3781.7			1.0
3782.6			1.0
3783.5			1.0
3784.4			1.0
3785.3			1.0
3786.2			1.0
3787.1			1.0
3788.0			1.0
3788.9			1.0
3789.8			1.0
3790.7			1.0
3791.6			1.0
3792.5			1.0
3793.4			1.0
3794.3			1.0
3795.2			1.0
3796.1			1.0
3797.0			1.0
3797.9			1.0
3798.8			1.0
3799.7			1.0
3800.6			1.0
3801.5			1.0
3802.4			1.0
3803.3			1.0
3804.2			1.0
3805.1			1.0
3806.0			1.0
3806.9			1.0
3807.8			1.0
3808.7			1.0
3809.6			1.0
3810.5			1.0
3811.4			1.0
3812.3			1.0
3813.2			1.0
3814.1			1.0
3815.0			1.0
3815.9			1.0
3816.8			1.0
3817.7			1.0
3818.6			1.0
3819.5			1.0
3820.4			1.0
3821.3			1.0
3822.2			1.0
3823.1			1.0
3824.0			1.0
3824.9			1.0
3825.8			1.0
3826.7			1.0
3827.6			1.0
3828.5			1.0
3829.4			1.0
3830.3			1.0
3831.2			1.0
3832.1			1.0
3833.0			1.0
3833.9			1.0
3834.8			1.0
3835.7			1.0
3836.6			1.0
3837.5			1.0
3838.4			1.0
3839.3			1.0
3840.2			1.0
3841.1			1.0
3842.0			1.0
3842.9			1.0
3843.8			1.0
3844.7			1.0
3845.6			1.0
3846.5			1.0
3847.4			1.0
3848.3			1.0
3849.2			1.0
3850.1			1.0
3851.0			1.0
3851.9			1.0
3852.8			1.0
3853.7			1.0
3854.6			1.0
3855.5			1.0
3856.4			1.0
3857.3			1.0
3858.2			1.0
3859.1			1.0
3860.0			1.0
3860.9			1.0
3861.8			1.0
3862.7			1.0
3863.6			1.0
3864.5			1.0
3865.4			1.0
3866.3			1.0
3867.2			1.0
3868.1			1.0
3869.0			1.0
3869.9			1.0
3870.8			1.0
3871.7			1.0
3872.6			1.0
3873.5			1.0
3874.4			1.0
3875.3			1.0
3876.2			1.0
3877.1			1.0
3878.0			1.0
3878.9			1.0
3879.8			1.0
3880.7			1.0
3881.6			1.0
3882.5			1.0
3883.4			1.0
3884.3			1.0
3885.2			1.0
3886.1			1.0
3887.0			1.0
3887.9			1.0
3888.8			1.0
3889.7			1.0
3890.6			1.0
3891.5			1.0
3892.4			1.0
3893.3			1.0
3894.2			1.0
3895.1			1.0
3896.0			1.0
3896.9			1.0
3897.8			1.0
3898.7			1.0
3899.6			1.0
3900.5			1.0
3901.4			1.0
3902.3			1.0
3903.2			1.0
3904.1			1.0
3905.0			1.0
3905.9			1.0
3906.8			1.0
3907.7			1.0
3908.6			1.0
3909.5			1.0
3910.4			1.0
3911.3			1.0
3912.2			1.0
3913.1			1.0
3914.0			1.0
3914.9			1.0
3915.8			1.0
3916.7			1.0
3917.6			1.0
3918.5			1.0
3919.4			1.0
3920.3			1.0
3921.2			1.0
3922.1			1.0
3923.0			1.0
3923.9			1.0
3924.8			1.0
3925.7			1.0
3926.6			1.0
3927.5			1.0
3928.4			1.0
3929.3			1.0
3930.2			1.0
3931.1			1.0
3932.0			1.0
3932.9			1.0
3933.8			1.0
3934.7			1.0
3935.6			1.0
3936.5			1.0
3937.4			1.0
3938.3			1.0
3939.2			1.0
3940.1			1.0
3941.0			1.0
3941.9			1.0
3942.8			1.0
3943.7			1.0
3944.6			1.0
3945.5			1.0
3946.4			1.0
3947.3			1.0
3948.2			1.0
3949.1			1.0
3950.0			1.0
3950.9			1.0
3951.8			1.0
3952.7			1.0
3953.6			1.0
3954.5			1.0
3955.4			1.0
3956.3			1.0
3957.2			1.0
3958.1			1.0
3959.0			1.0
3959.9			1.0
3960.8			1.0
3961.7			1.0
3962.6			1.0
3963.5			1.0
3964.4			1.0
3965.3			1.0
3966.2			1.0
3967.1			1.0
3968.0			1.0
3968.9			1.0
3969.8			1.0
3970.7			1.0
3971.6			1.0
3972.5			1.0
3973.4			1.0
3974.3			1.0
3975.2			1.0
3976.1			1.0
3977.0			1.0
3977.9			1.0
3978.8			1.0
3979.7			1.0
3980.6			1.0
3981.5			1.0
3982.4			1.0
3983.3			1.0
3984.2			1.0
3985.1			1.0
3986.0			1.0
3986.9			1.0
3987.8			1.0
3988.7			1.0
3989.6			1.0
3990.5			1.0
3991.4			1.0
3992.3			1.0
3993.2			1.0
3994.1			1.0
3995.0			1.0
3995.9			1.0
3996.8			1.0
3997.7			1.0
3998.6			1.0
3999.5			1.0
4000.4			1.0
4001.3			1.0
4002.2			1.0
4003.1			1.0
4004.0			1.0
4004.9			1.0
4005.8			1.0
4006.7			1.0
4007.6			1.0
4008.5			1.0
4009.4			1.0
4010.3			1.0
4011.2			1.0
4012.1			1.0
4013.0			1.0
4013.9			1.0
4014.8			1.0
4015.7			1.0
4016.6			1.0
4017.5			1.0
4018.4			1.0
4019.3			1.0
4020.2			1.0
4021.1			1.0
4022.0			1.0
4022.9			1.0
4023.8			1.0
4024.7			1.0
4025.6			1.0
4026.5			1.0
4027.4			1.0690761811014153
4028.3			1.0900062479961818
4029.2			0.9576488417150012
4030.1			0.7177061069108239
4031.0			0.5647598019390048
4031.9			0.5284899578228152
4032.8			0.504511304206849
4033.7			0.5091769658076417
4034.6			0.6056183978811873
4035.5			0.7720770320333599
4036.4			0.9290882450203859
4037.3			1.0051232533663337
4038.2			0.9948045700378195
4039.1			1.0
4040.0			1.0
4040.9			1.0
4041.8			0.9913511518082248
4042.7			0.9628642569819807
4043.6			0.8272622236553728
4044.5			0.6322076148825949
4045.4			0.513894882595812
4046.3			0.5641311102894543
4047.2			0.7371856308534372
4048.1			0.9024701825307865
4049.0			1.0008542501015918
4049.9			1.0
4050.8			1.0
4051.7			1.0
4052.6			1.0
4053.5			1.0
4054.4			1.0
4055.3			1.0
4056.2			1.0
4057.1			1.0
4058.0			1.0
4058.9			1.0
4059.8			1.0
4060.7			1.0394900133720877
4061.6			0.9632543393178584
4062.5			0.769052685011579
4063.4			0.6122811432719166
4064.3			0.6722962971087816
4065.2			0.8814989367311898
4066.1			0.9978757701867208
4067.0			1.0
4067.9			1.0
4068.8			1.0
4069.7			1.0
4070.6			1.0
4071.5			1.0
4072.4			1.0
4073.3			1.0
4074.2			1.0
4075.1			1.0
4076.0			1.0
4076.9			1.0
4077.8			1.0
4078.7			1.0
4079.6			1.0
4080.5			1.0
4081.4			1.0
4082.3			1.0
4083.2			1.0
4084.1			1.0
4085.0			1.0
4085.9			1.0
4086.8			1.0
4087.7			1.0
4088.6			1.0
4089.5			1.0
4090.4			1.0
4091.3			1.0
4092.2			1.0
4093.1			1.0260971638485779
4094.0			1.0519093481173403
4094.9			0.9609731117362663
4095.8			0.8179261870309642
4096.7			0.7780774130422266
4097.6			0.8287168791912815
4098.5			0.8485062688616956
4099.4			0.7821918258402233
4100.3			0.6662443838232218
4101.2			0.606217966116995
4102.1			0.6767711695766859
4103.0			0.8025414946110386
4103.9			0.8903192262991342
4104.8			0.9761100125757826
4105.7			1.090953738559955
4106.6			1.159201014026616
4107.5			1.141703747885284
4108.4			1.0822478508704954
4109.3			1.0037367563499298
4110.2			1.0
4111.1			1.0
4112.0			1.0
4112.9			1.0
4113.8			1.0
4114.7			1.0
4115.6			1.0
4116.5			1.0
4117.4			1.0
4118.3			1.0
4119.2			1.0
4120.1			1.0
4121.0			1.0
4121.9			1.0
4122.8			1.0
4123.7			1.0
4124.6			1.0
4125.5			1.0
4126.4			1.0
4127.3			1.0
4128.2			1.0
4129.1			1.0
4130.0			1.0
4130.9			1.0
4131.8			1.0
4132.7			1.0
4133.6			1.0
4134.5			1.0
4135.4			1.0
4136.3			1.0
4137.2			1.0
4138.1			1.0
4139.0			1.0
4139.9			0.9855483897756725
4140.8			0.9582847433545034
4141.7			0.8291610758220316
4142.6			0.6217391919145164
4143.5			0.5301100217543271
4144.4			0.6426969653274603
4145.3			0.8387923264966776
4146.2			0.9668622083707452
4147.1			0.9997446388894161
4148.0			1.0
4148.9			1.0
4149.8			1.0
4150.7			1.0
4151.6			1.0
4152.5			1.0
4153.4			1.0
4154.3			1.0
4155.2			1.0
4156.1			1.0
4157.0			1.0
4157.9			1.0
4158.8			1.0
4159.7			1.0
4160.6			1.0
4161.5			1.0
4162.4			1.0
4163.3			1.0
4164.2			1.0
4165.1			1.0
4166.0			1.0
4166.9			0.9894317085190657
4167.8			0.955845281347896
4168.7			0.9690164007944735
4169.6			1.0211871860248294
4170.5			1.0143805374730455
4171.4			0.8733981583766256
4172.3			0.6982956627844651
4173.2			0.6458442228984582
4174.1			0.7072676138448569
4175.0			0.793873907592723
4175.9			0.8522311616846501
4176.8			0.8576483568135107
4177.7			0.8604880424406489
4178.6			0.9275668981389287
4179.5			1.0023840890879308
4180.4			1.0
4181.3			1.0
4182.2			1.0
4183.1			1.0
4184.0			1.0
4184.9			1.0
4185.8			1.0
4186.7			1.0
4187.6			1.0
4188.5			1.0
4189.4			1.0
4190.3			1.0
4191.2			1.0
4192.1			1.0
4193.0			1.0
4193.9			1.0
4194.8			1.0
4195.7			1.0
4196.6			1.0
4197.5			1.0
4198.4			1.0
4199.3			1.0
4200.2			1.0
4201.1			1.0
4202.0			1.0
4202.9			1.0
4203.8			1.0
4204.7			1.0
4205.6			1.0
4206.5			1.0
4207.4			1.0
4208.3			1.0
4209.2			1.0
4210.1			1.0
4211.0			1.0
4211.9			1.0
4212.8			1.0
4213.7			1.0
4214.6			1.0
4215.5			1.0
4216.4			1.0
4217.3			1.0
4218.2			1.0
4219.1			1.0
4220.0			1.003874068648857
4220.9			0.9789062704821545
4221.8			0.8851988480012161
4222.7			0.7419895875630302
4223.6			0.6010944820267462
4224.5			0.46599591315466665
4225.4			0.3289595272094343
4226.3			0.23069568349240677
4227.2			0.23737947934201425
4228.1			0.3629367157542617
4229.0			0.5483513379528161
4229.9			0.7534108780308814
4230.8			0.9468707966217034
4231.7			1.0281175809835683
4232.6			0.9829746963314503
4233.5			1.0
4234.4			1.0
4235.3			1.0
4236.2			1.0
4237.1			1.0
4238.0			1.0
4238.9			1.0
4239.8			1.0
4240.7			1.0
4241.6			1.0
4242.5			1.0
4243.4			1.0
4244.3			1.0
4245.2			1.0
4246.1			1.0
4247.0			0.9180665202012731
4247.9			0.920068816773424
4248.8			0.9266836248256494
4249.7			0.8397516309334623
4250.6			0.720139739327053
4251.5			0.7076940062804067
4252.4			0.7458185282388288
4253.3			0.6856366592368759
4254.2			0.5864758074284588
4255.1			0.6359660283367946
4256.0			0.8401357255004168
4256.9			1.0276056683519095
4257.8			1.068477641222206
4258.7			0.995331445114225
4259.6			0.9136927437327617
4260.5			0.8958111372784922
4261.4			1.0011766571470035
4262.3			1.0
4263.2			1.0
4264.1			1.0
4265.0			1.0
4265.9			0.9943932520985894
4266.8			0.9401393604779875
4267.7			0.8684003195366924
4268.6			0.8065030457650306
4269.5			0.7350025700208886
4270.4			0.606100176126704
4271.3			0.46711152554678415
4272.2			0.4307037352022321
4273.1			0.4750725078632826
4274.0			0.4788688179528694
4274.9			0.47617158682862926
4275.8			0.5811769388594502
4276.7			0.7579422921311078
4277.6			0.9185373916788564
4278.5			1.0012330310266815
4279.4			1.0
4280.3			1.0
4281.2			1.0
4282.1			1.0
4283.0			1.0
4283.9			1.0
4284.8			1.0
4285.7			0.969841872919019
4286.6			0.944319601435566
4287.5			0.8833679319310932
4288.4			0.7461665102379631
4289.3			0.5766543945721991
4290.2			0.501361993130956
4291.1			0.601936845903764
4292.0			0.8178027032121673
4292.9			0.9915573151303766
4293.8			1.0089385160786757
4294.7			0.995544587953128
4295.6			1.0
4296.5			1.0
4297.4			1.0
4298.3			1.0
4299.2			1.0
4300.1			1.0
4301.0			1.0
4301.9			1.0
4302.8			1.0
4303.7			1.027820601590169
4304.6			0.9891532164980923
4305.5			0.8268116628706631
4306.4			0.6501160690679805
4307.3			0.5385106541153627
4308.2			0.5086832302713903
4309.1			0.5860568280545186
4310.0			0.750078167300419
4310.9			0.9220520277948722
4311.8			1.0094568515220275
4312.7			0.9706124133261754
4313.6			1.0
4314.5			1.0
4315.4			1.0
4316.3			1.0
4317.2			1.0
4318.1			1.0
4319.0			1.0
4319.9			1.0
4320.8			1.0
4321.7			1.0
4322.6			1.0059709841529034
4323.5			0.9156632179897023
4324.4			0.717720108011341
4325.3			0.5317300355784932
4326.2			0.5171787573871304
4327.1			0.7177484967645772
4328.0			0.9684496766844425
4328.9			1.0641244738990518
4329.8			0.9945818866181244
4330.7			1.0
4331.6			1.0
4332.5			1.0
4333.4			1.0
4334.3			1.0
4335.2			1.0439588220851526
4336.1			0.9683228324994905
4337.0			0.7792911174445805
4337.9			0.6445909378486254
4338.8			0.6157612281249409
4339.7			0.5864337692987793
4340.6			0.5896505253826292
4341.5			0.7261129053935352
4342.4			0.8948978861208114
4343.3			0.9535396616313561
4344.2			0.956403488178476
4345.1			0.9913692006192643
4346.0			1.0116087799414386
4346.9			1.0
4347.8			1.0
4348.7			1.0
4349.6			1.021243646032207
4350.5			0.8583000291545718
4351.4			0.6788634460323741
4352.3			0.6643025452471286
4353.2			0.780577518532625
4354.1			0.8960694204748638
4355.0			0.9822471105209428
4355.9			1.0
4356.8			1.0
4357.7			1.0
4358.6			1.0
4359.5			1.0
4360.4			1.0
4361.3			1.0
4362.2			1.0
4363.1			1.0
4364.0			1.0
4364.9			1.0
4365.8			1.0
4366.7			1.0
4367.6			1.0
4368.5			1.0
4369.4			1.0
4370.3			1.0
4371.2			1.0
4372.1			0.9782146511078932
4373.0			0.8920937187645114
4373.9			0.7662372514340899
4374.8			0.6810766702522602
4375.7			0.7177909496290564
4376.6			0.8680279403555184
4377.5			1.0010787193851864
4378.4			1.0
4379.3			0.9375447219618435
4380.2			0.8706407864258856
4381.1			0.8078056490229886
4382.0			0.6799583009874611
4382.9			0.4953477249136713
4383.8			0.39059065008646654
4384.7			0.4808529488584861
4385.6			0.7169031825474194
4386.5			0.9219289378974647
4387.4			0.9992775621521054
4388.3			1.008125012237128
4389.2			1.0
4390.1			1.0
4391.0			1.0
4391.9			1.0
4392.8			1.0
4393.7			1.0
4394.6			1.0
4395.5			1.0
4396.4			1.0
4397.3			1.0
4398.2			1.0
4399.1			1.0
4400.0			0.8754043743827474
4400.9			0.858441400994671
4401.8			0.957654674725409
4402.7			0.9550725705409597
4403.6			0.7356348344341432
4404.5			0.5087317446064937
4405.4			0.47282189081600573
4406.3			0.5626963651398571
4407.2			0.6068296981243779
4408.1			0.6066206236132086
4409.0			0.7000285481511712
4409.9			0.8817405105150973
4410.8			1.0024736489794879
4411.7			1.0
4412.6			0.9975284630738784
4413.5			0.9190275753648873
4414.4			0.7442330145494863
4415.3			0.6461462863407619
4416.2			0.7209119179688026
4417.1			0.8644579644860497
4418.0			1.0013380023016825
4418.9			1.0
4419.8			1.0
4420.7			1.0
4421.6			1.0
4422.5			1.0
4423.4			1.0
4424.3			1.0
4425.2			1.0
4426.1			1.0
4427.0			1.0
4427.9			1.0
4428.8			1.0
4429.7			1.0
4430.6			1.0
4431.5			1.0
4432.4			1.0470200268510137
4433.3			0.9380541907100132
4434.2			0.7627171094857532
4435.1			0.6595605310305963
4436.0			0.7053096040407236
4436.9			0.8540130878921897
4437.8			0.9960415491318803
4438.7			1.0
4439.6			1.0
4440.5			1.0
4441.4			1.0
4442.3			1.0
4443.2			1.0
4444.1			1.0
4445.0			1.0
4445.9			1.0
4446.8			1.0
4447.7			1.0
4448.6			1.0
4449.5			1.0
4450.4			1.0
4451.3			1.0
4452.2			1.018359989802143
4453.1			0.9403482273063944
4454.0			0.8338951597782084
4454.9			0.7593844761971739
4455.8			0.7558505513033497
4456.7			0.8073152823449816
4457.6			0.8332533448443641
4458.5			0.8087070017211007
4459.4			0.771088597963455
4460.3			0.7361351994892716
4461.2			0.7050391159071061
4462.1			0.7515977827341478
4463.0			0.915227318813945
4463.9			1.042896672426867
4464.8			1.0203928700758198
4465.7			0.9579147463105067
4466.6			0.9629208985913357
4467.5			0.9882777883658016
4468.4			0.9760696939829919
4469.3			0.9642414884746713
4470.2			0.9932492985125877
4471.1			1.0
4472.0			1.0
4472.9			1.0
4473.8			1.0
4474.7			1.0
4475.6			1.0
4476.5			1.0
4477.4			1.0
4478.3			0.9787488706315697
4479.2			0.8838999595903949
4480.1			0.7745863559494871
4481.0			0.7044418110728446
4481.9			0.6979768419047632
4482.8			0.7691516023218187
4483.7			0.8763976976471006
4484.6			0.9546931290138201
4485.5			0.9971558204277899
4486.4			1.0
4487.3			1.0
4488.2			1.0
4489.1			1.0
4490.0			1.0
4490.9			1.0
4491.8			1.0818144363969866
4492.7			1.0767671608464278
4493.6			0.9630746111091708
4494.5			0.8179247472597514
4495.4			0.7321996585043504
4496.3			0.7275053723648294
4497.2			0.8089618289004085
4498.1			0.9337250181221343
4499.0			1.017679048588165
4499.9			1.0
4500.8			1.0
4501.7			1.0
4502.6			1.0
4503.5			1.0
4504.4			1.0
4505.3			1.0
4506.2			1.0
4507.1			1.0
4508.0			1.0
4508.9			1.0
4509.8			1.0
4510.7			1.0
4511.6			1.0
4512.5			1.0
4513.4			1.0
4514.3			1.0
4515.2			1.0
4516.1			1.0
4517.0			1.0
4517.9			1.0
4518.8			1.0
4519.7			1.0
4520.6			1.0
4521.5			0.9975809339814863
4522.4			0.8918855926668421
4523.3			0.8225920775976008
4524.2			0.8365165454300125
4525.1			0.8289311823044142
4526.0			0.7586351987339532
4526.9			0.6726168875845874
4527.8			0.6216705547967837
4528.7			0.6293870238152584
4529.6			0.6786979949520001
4530.5			0.7261719138884791
4531.4			0.7829316422673437
4532.3			0.8320586095749959
4533.2			0.7924244282651906
4534.1			0.6904690952083483
4535.0			0.6353263145630884
4535.9			0.7334912807743768
4536.8			0.9435669421030949
4537.7			1.0700107449962752
4538.6			1.0476555929555884
4539.5			0.948492656762248
4540.4			0.8523546232753858
4541.3			0.8460328532490275
4542.2			0.9405530275049712
4543.1			1.0242756835601035
4544.0			0.9981900408815927
4544.9			0.9341478554067697
4545.8			0.9510420782948823
4546.7			1.0143865027455845
4547.6			1.0373334943145431
4548.5			1.0017515763065168
4549.4			1.0
4550.3			1.0403625246813881
4551.2			1.0439153098659528
4552.1			0.9360149518894209
4553.0			0.8117791644087071
4553.9			0.7336508930152479
4554.8			0.7172828353180251
4555.7			0.7908047440140692
4556.6			0.908791866239283
4557.5			0.9797190414450623
4558.4			1.0
4559.3			1.0
4560.2			1.0
4561.1			1.0
4562.0			0.9900382684590135
4562.9			0.9080798247243882
4563.8			0.8155418671819321
4564.7			0.7908815969210513
4565.6			0.8324078734428552
4566.5			0.9257943667274863
4567.4			1.0088493320115135
4568.3			1.0
4569.2			1.0
4570.1			1.0
4571.0			1.0
4571.9			1.0
4572.8			1.0
4573.7			1.0
4574.6			1.0
4575.5			1.0
4576.4			1.021725823117578
4577.3			1.0
4578.2			0.9369489858647572
4579.1			0.8409127108215634
4580.0			0.7890361684441488
4580.9			0.8342635532177435
4581.8			0.9343593127205186
4582.7			0.9843683041914141
4583.6			0.950520179278134
4584.5			0.8953388312005416
4585.4			0.8549829114087725
4586.3			0.8512465530458643
4587.2			0.9194533600298499
4588.1			1.0039848213627607
4589.0			1.0282939373494238
4589.9			0.9794523313371262
4590.8			0.8901690979603282
4591.7			0.8307487407418835
4592.6			0.820350762057938
4593.5			0.8013034374435531
4594.4			0.7728681577967799
4595.3			0.7894601529416861
4596.2			0.8326298420002383
4597.1			0.8480101409861664
4598.0			0.849487537721795
4598.9			0.8628705902868796
4599.8			0.8494104886284304
4600.7			0.8202086272476613
4601.6			0.829381350761651
4602.5			0.8377000924344042
4603.4			0.8249755268522732
4604.3			0.8096683357492008
4605.2			0.7775571611452237
4606.1			0.7662033466143777
4607.0			0.8438513992963951
4607.9			0.9915646858346449
4608.8			1.082399609767261
4609.7			1.0616579944036717
4610.6			0.9981658602378234
4611.5			1.0
4612.4			1.0
4613.3			1.0
4614.2			1.0
4615.1			1.0
4616.0			1.0
4616.9			1.0
4617.8			1.0
4618.7			1.0
4619.6			1.0
4620.5			1.0
4621.4			1.0
4622.3			1.0
4623.2			1.0
4624.1			1.0
4625.0			1.0
4625.9			1.0
4626.8			1.0
4627.7			1.0
4628.6			1.0
4629.5			1.0
4630.4			1.0
4631.3			1.0
4632.2			1.0
4633.1			1.0
4634.0			1.0
4634.9			1.0
4635.8			1.0
4636.7			1.0
4637.6			1.0
4638.5			1.0
4639.4			1.0
4640.3			0.9698298900035673
4641.2			1.0686296579050882
4642.1			1.156408780122015
4643.0			1.136570965096869
4643.9			1.0698370483511306
4644.8			0.9823053767629154
4645.7			0.8618128474296135
4646.6			0.7881410983406153
4647.5			0.8176483347013009
4648.4			0.8931272196628436
4649.3			0.9589473286173892
4650.2			0.9986689913721383
4651.1			1.0099571279479371
4652.0			1.0165733677495083
4652.9			1.0
4653.8			0.9524032497496989
4654.7			0.8792826179474711
4655.6			0.8529259685501364
4656.5			0.8946986194916302
4657.4			1.0010956028810332
4658.3			1.0
4659.2			1.0
4660.1			1.0
4661.0			1.0
4661.9			0.9305562078201868
4662.8			0.8715413725740137
4663.7			0.8641021996727473
4664.6			0.893017829679888
4665.5			0.8838163611266702
4666.4			0.7947899086777211
4667.3			0.7020115255844431
4668.2			0.7053886801982668
4669.1			0.7983721663094285
4670.0			0.9100439381422689
4670.9			0.9913573882257026
4671.8			1.0271184758726049
4672.7			1.0346996833674649
4673.6			1.0211275771621853
4674.5			1.0098793128405832
4675.4			1.0
4676.3			1.0
4677.2			1.0
4678.1			0.973804368876227
4679.0			0.9247412326011434
4679.9			0.8724002547992069
4680.8			0.833085499927343
4681.7			0.8381604419062206
4682.6			0.9029084377264083
4683.5			0.9718545199988645
4684.4			0.9968464842763636
4685.3			0.9994352417910407
4686.2			1.0
4687.1			1.0
4688.0			1.0
4688.9			1.0
4689.8			1.0
4690.7			1.0
4691.6			1.0
4692.5			1.0
4693.4			1.0
4694.3			1.0
4695.2			1.0
4696.1			1.0
4697.0			0.9739097473134739
4697.9			0.8930188953414344
4698.8			0.8511260313573831
4699.7			0.9085747796194096
4700.6			0.9888650090340442
4701.5			1.0
4702.4			1.0
4703.3			1.0124218493437072
4704.2			1.0547255928505468
4705.1			1.0710614256231161
4706.0			1.0311695386637894
4706.9			0.9740792918106697
4707.8			0.9461622156512367
4708.7			0.9429326666009805
4709.6			0.9716553270825192
4710.5			1.0643199555605622
4711.4			1.146122256553257
4712.3			1.1387451910898887
4713.2			1.0767632104158584
4714.1			1.0050326973140336
4715.0			1.0
4715.9			1.0
4716.8			1.0
4717.7			1.0
4718.6			1.0
4719.5			1.0
4720.4			1.0
4721.3			1.0
4722.2			1.0
4723.1			0.9924229188008462
4724.0			1.05682044775397
4724.9			1.113013300492041
4725.8			1.0875792877681068
4726.7			0.9638761751471422
4727.6			0.8230594128187361
4728.5			0.7708113019605568
4729.4			0.8071269415550534
4730.3			0.8598753631058261
4731.2			0.8970995974410176
4732.1			0.9380459971836431
4733.0			0.9668238507239041
4733.9			0.9976113301525701
4734.8			1.0
4735.7			1.0
4736.6			1.0
4737.5			1.0
4738.4			1.0
4739.3			1.0115522728516768
4740.2			0.966867293904247
4741.1			0.9148223791344522
4742.0			0.9006184698766959
4742.9			0.9482584301747933
4743.8			0.9969221320612183
4744.7			0.9991023679332018
4745.6			1.0
4746.5			1.0
4747.4			1.0
4748.3			1.0
4749.2			1.0
4750.1			1.0
4751.0			1.0
4751.9			1.0
4752.8			1.0
4753.7			1.0
4754.6			1.0
4755.5			1.0
4756.4			1.0
4757.3			1.0
4758.2			0.9582320776400939
4759.1			0.9604910784731444
4760.0			0.9890170484381922
4760.9			0.9655160550033753
4761.8			0.9012091806478433
4762.7			0.869077862719716
4763.6			0.8589804658389654
4764.5			0.8279349866163497
4765.4			0.7885418084077341
4766.3			0.7836731785670419
4767.2			0.833177849090491
4768.1			0.8906075722157846
4769.0			0.9333527303501887
4769.9			0.9517164414014321
4770.8			0.9220490937604856
4771.7			0.8781865349819032
4772.6			0.8796451215437127
4773.5			1.0
4774.4			1.0647362650014107
4775.3			1.0701422876718703
4776.2			1.0494254605153461
4777.1			1.04983734784554
4778.0			1.0368793118548822
4778.9			1.0081033946727234
4779.8			0.9878158908885468
4780.7			0.967572528511716
4781.6			0.9271338966729374
4782.5			0.8768364716321434
4783.4			0.8506099096690292
4784.3			0.883429906411795
4785.2			0.9191264654833947
4786.1			0.907140083762182
4787.0			0.9015317946442873
4787.9			0.9165971023828543
4788.8			0.8975960125662027
4789.7			0.8874233438984126
4790.6			0.9158396461999937
4791.5			0.9491656242680159
4792.4			1.0019501257309058
4793.3			1.0
4794.2			1.0
4795.1			1.0
4796.0			0.9558753124233584
4796.9			0.9081277938895491
4797.8			0.8672698408773432
4798.7			0.8242770965059576
4799.6			0.8146005835925335
4800.5			0.8610775833878452
4801.4			0.9432285772861932
4802.3			1.0053554984507211
4803.2			1.002693042846617
4804.1			0.933515285835988
4805.0			0.8513670926285679
4805.9			0.8108823572394962
4806.8			0.7911955040871707
4807.7			0.7786543877540663
4808.6			0.802496307549107
4809.5			0.8530579497336169
4810.4			0.8799175092206836
4811.3			0.8711993556879605
4812.2			0.868283115319735
4813.1			0.8783851214400676
4814.0			0.879825261073032
4814.9			0.8616290690499417
4815.8			0.8610457811351385
4816.7			0.9076166171267291
4817.6			0.962272211678832
4818.5			0.9936893759930421
4819.4			1.000749214498474
4820.3			1.0
4821.2			1.0
4822.1			1.0
4823.0			1.0
4823.9			1.0
4824.8			1.0
4825.7			1.0
4826.6			1.0
4827.5			1.0
4828.4			1.0
4829.3			1.0
4830.2			1.0108930719937577
4831.1			0.9318180915945673
4832.0			0.8519182055489825
4832.9			0.8982097577464507
4833.8			1.003606334763963
4834.7			1.0
4835.6			1.0
4836.5			1.0
4837.4			1.0
4838.3			1.0
4839.2			1.0
4840.1			1.0
4841.0			1.0
4841.9			1.0
4842.8			1.0
4843.7			1.0
4844.6			1.0
4845.5			1.0
4846.4			1.0
4847.3			1.0
4848.2			1.0
4849.1			1.0
4850.0			1.0
4850.9			1.0
4851.8			1.0
4852.7			1.0
4853.6			1.0
4854.5			1.0
4855.4			1.0
4856.3			1.0737706476713198
4857.2			1.150940762189196
4858.1			1.1355357539998168
4859.0			1.0460163791875656
4859.9			0.9143769704097392
4860.8			0.7963886429565259
4861.7			0.8053225795968088
4862.6			0.9264408513272646
4863.5			0.9866774786627867
4864.4			0.9813320896386547
4865.3			1.0021078639945808
4866.2			1.0
4867.1			1.0
4868.0			1.0
4868.9			1.0
4869.8			0.9886696363632597
4870.7			0.9005698050652703
4871.6			0.8551808542862157
4872.5			0.9215299677843802
4873.4			0.9995860841689642
4874.3			1.0
4875.2			1.0
4876.1			1.0
4877.0			1.0
4877.9			1.0
4878.8			1.0
4879.7			0.9878227970450928
4880.6			0.8887806733006928
4881.5			0.8452890784018745
4882.4			1.0
4883.3			1.0590062631272943
4884.2			1.018514179672336
4885.1			0.9180276772900876
4886.0			0.8607303156380833
4886.9			0.884063156185598
4887.8			0.9231200394683643
4888.7			0.9143252480578568
4889.6			0.851946002077874
4890.5			0.7759482694678881
4891.4			0.7722326271944862
4892.3			0.8570789406236335
4893.2			0.933202166450004
4894.1			0.9860077814146115
4895.0			1.035915333814624
4895.9			1.0507660005604904
4896.8			1.0357640959004581
4897.7			1.0107480369473276
4898.6			1.0
4899.5			1.0
4900.4			1.0
4901.3			1.0
4902.2			1.0
4903.1			1.0
4904.0			1.0004594131335103
4904.9			1.0671319953757115
4905.8			1.1302915665675037
4906.7			1.1124421703406069
4907.6			1.0291674848249848
4908.5			0.9450409462337482
4909.4			0.8978228162125573
4910.3			0.900075236983861
4911.2			0.9335510296484825
4912.1			0.9555437925125917
4913.0			0.9516426307711754
4913.9			0.9563354877215506
4914.8			0.9899836792866202
4915.7			1.0
4916.6			1.0005359428734708
4917.5			0.9359785065936382
4918.4			0.8266293327058835
4919.3			0.7305702827568459
4920.2			0.7098217471211478
4921.1			0.7943233196567353
4922.0			0.9329373367040338
4922.9			1.0188721455336271
4923.8			1.0043111055461338
4924.7			1.0
4925.6			1.0
4926.5			1.0
4927.4			1.0
4928.3			1.0
4929.2			1.0
4930.1			1.0
4931.0			1.0
4931.9			1.0
4932.8			1.0
4933.7			1.0
4934.6			1.05465261610793
4935.5			1.1255988271670236
4936.4			1.0795500201665127
4937.3			0.9419269012210788
4938.2			0.8321081736686766
4939.1			0.8374377385859691
4940.0			0.9251842451087573
4940.9			0.9912500110928806
4941.8			0.9972750369417513
4942.7			1.0
4943.6			1.0
4944.5			1.0
4945.4			1.0
4946.3			1.0
4947.2			1.0
4948.1			1.0
4949.0			1.0
4949.9			1.0
4950.8			1.0
4951.7			1.0
4952.6			1.0
4953.5			0.9495726900970837
4954.4			0.9011127119247194
4955.3			0.8487709749566118
4956.2			0.7671558301607028
4957.1			0.6791508533854186
4958.0			0.6976535433973526
4958.9			0.8349866701078644
4959.8			0.9706119234639462
4960.7			1.0266690170110264
4961.6			1.0
4962.5			0.9917666608485347
4963.4			0.9803941803792166
4964.3			0.9268848067651215
4965.2			0.8678871486477644
4966.1			0.8470147803501358
4967.0			0.8586627319097109
4967.9			0.8971171155402569
4968.8			0.9564850558353272
4969.7			1.0000847260002106
4970.6			1.0
4971.5			1.0
4972.4			1.0
4973.3			1.0
4974.2			1.0
4975.1			1.0
4976.0			1.0
4976.9			1.0
4977.8			1.0
4978.7			0.965059810959494
4979.6			0.9682623047366973
4980.5			0.9339978126461231
4981.4			0.8408563174967385
4982.3			0.7878017048856959
4983.2			0.84211529390638
4984.1			0.9361749685441402
4985.0			0.9815572299065594
4985.9			0.9994296064758371
4986.8			1.0
4987.7			1.0
4988.6			1.0
4989.5			1.0
4990.4			1.0
4991.3			1.0
4992.2			1.0
4993.1			1.0
4994.0			1.0
4994.9			1.0
4995.8			1.0
4996.7			1.0
4997.6			1.0
4998.5			1.0
4999.4			1.0
5000.3			1.0
5001.2			1.0521950523817931
5002.1			1.0756194328604463
5003.0			1.0624252789692221
5003.9			1.0354497822224755
5004.8			0.9912569597388908
5005.7			0.9350287766263813
5006.6			0.9317795745435742
5007.5			1.00903290200989
5008.4			1.0850344022967546
5009.3			1.098276088909909
5010.2			1.0822111963792274
5011.1			1.0227167952465126
5012.0			0.9192590641933747
5012.9			0.8366218849529627
5013.8			0.7914037962030885
5014.7			0.8248603744128481
5015.6			0.9243913355618733
5016.5			0.9890970043136994
5017.4			0.9945745429746364
5018.3			0.9906184755949621
5019.2			0.9934817560078999
5020.1			0.9832546476085023
5021.0			0.9464021863599004
5021.9			0.8928311172582672
5022.8			0.9062243400391938
5023.7			0.9808874590874161
5024.6			1.0221427712352982
5025.5			1.0293068151117495
5026.4			1.0033504904175146
5027.3			1.0
5028.2			1.0
5029.1			1.0
5030.0			1.0
5030.9			1.0
5031.8			1.0
5032.7			1.0
5033.6			1.0
5034.5			1.0
5035.4			0.8703826486508647
5036.3			0.8336435704149989
5037.2			0.8717766299868949
5038.1			0.8447680828961813
5039.0			0.7423058211400076
5039.9			0.6363161736340066
5040.8			0.5957270593173998
5041.7			0.6767842144098989
5042.6			0.8056035921446598
5043.5			1.0
5044.4			1.0722961381334988
5045.3			1.128383222432741
5046.2			1.1340814455260224
5047.1			1.066740097773913
5048.0			0.9546543921371055
5048.9			0.8665400350717601
5049.8			0.8389030362744738
5050.7			0.8476652212892515
5051.6			0.858413315121729
5052.5			0.8859968939853982
5053.4			0.9294893037513084
5054.3			0.9758458161810075
5055.2			1.002910581807148
5056.1			1.0
5057.0			1.0
5057.9			1.0
5058.8			1.0
5059.7			1.0
5060.6			1.0
5061.5			1.0
5062.4			0.9877018108182223
5063.3			0.9032306754840351
5064.2			0.800054285703892
5065.1			0.8163585012048987
5066.0			0.9402603504947515
5066.9			1.0152418312584555
5067.8			1.0213810077944907
5068.7			1.0
5069.6			1.0
5070.5			1.0
5071.4			1.0
5072.3			0.9844262525441716
5073.2			1.0483274641887066
5074.1			1.0907696905677853
5075.0			1.0397836176175128
5075.9			0.9821843970961133
5076.8			1.0062116592648704
5077.7			1.0188496587516347
5078.6			0.907634653468917
5079.5			0.790243579166511
5080.4			0.7943200897455961
5081.3			0.8463747178261566
5082.2			0.8646819970564544
5083.1			0.8715807858429238
5084.0			0.9110218563840925
5084.9			0.960523058122503
5085.8			0.9903200219634184
5086.7			0.9998319060028634
5087.6			1.0
5088.5			1.0
5089.4			1.0
5090.3			1.0
5091.2			1.0
5092.1			1.0
5093.0			1.0467460094252958
5093.9			1.0312058129325066
5094.8			0.9641050826403057
5095.7			0.9275147650454487
5096.6			0.9518648665947288
5097.5			0.9569604329132805
5098.4			0.8894294690382201
5099.3			0.8588222018386665
5100.2			0.9218633598003744
5101.1			0.9896409382331153
5102.0			1.0170823247899368
5102.9			1.0
5103.8			0.9776339697938926
5104.7			0.9602768306561289
5105.6			0.9488297629722725
5106.5			0.9151256354350829
5107.4			0.8793055919019843
5108.3			0.882993464666242
5109.2			0.8691781494589254
5110.1			0.8405507641760626
5111.0			0.8538695126173048
5111.9			0.8702564728508556
5112.8			0.8623856415438985
5113.7			1.0
5114.6			1.0772447285264104
5115.5			1.1037875157762553
5116.4			1.121931324169776
5117.3			1.1504771494051342
5118.2			1.126346462611052
5119.1			1.0747280369678174
5120.0			1.032518029760135
5120.9			0.9960183158225496
5121.8			0.9503640190314095
5122.7			0.8582050418153375
5123.6			0.7920658798481623
5124.5			0.8359147995581758
5125.4			0.8957907899491125
5126.3			0.8909338126671045
5127.2			0.855901814955245
5128.1			0.8498741342476116
5129.0			0.849569003709625
5129.9			0.8654732959453639
5130.8			0.9378491744611953
5131.7			0.9973778037684519
5132.6			0.9995663812352917
5133.5			1.0
5134.4			1.0
5135.3			1.0
5136.2			1.0
5137.1			1.0
5138.0			1.0
5138.9			1.0
5139.8			1.0
5140.7			1.0
5141.6			1.0
5142.5			0.9063406272908634
5143.4			0.9237128824326967
5144.3			0.9571334435436757
5145.2			0.9183639720363982
5146.1			0.8771946847831321
5147.0			0.8696956171135763
5147.9			0.8988355296002213
5148.8			0.931016764481392
5149.7			0.9111428691414677
5150.6			0.8581673300819115
5151.5			1.0
5152.4			0.9749642171343313
5153.3			0.9958712197858707
5154.2			1.0595278940149147
5155.1			1.1813643874154722
5156.0			1.300669986566488
5156.9			1.388168604883494
5157.8			1.41863496598131
5158.7			1.3649575582597193
5159.6			1.340282135033811
5160.5			1.3996429642458903
5161.4			1.415125645896241
5162.3			1.3573281119420864
5163.2			1.3425440494021899
5164.1			1.2939134165036412
5165.0			1.0940088042572973
5165.9			0.8461144658664852
5166.8			0.6801591636226346
5167.7			0.6467407520642797
5168.6			0.7164715938938682
5169.5			0.8224289014413321
5170.4			0.8593135302321809
5171.3			0.7562065364535461
5172.2			0.6416717973437759
5173.1			0.6674948997650979
5174.0			0.8294695260916694
5174.9			0.9772220047336535
5175.8			1.0398951883573273
5176.7			1.0716520080241827
5177.6			1.0813410896430764
5178.5			1.0662638116625953
5179.4			1.0
5180.3			0.9444955252378047
5181.2			0.8653382747672969
5182.1			0.747540279417826
5183.0			0.6401907393359663
5183.9			0.6699696886327027
5184.8			0.8439803838766287
5185.7			0.9950944076593051
5186.6			1.3001806177084931
5187.5			1.0
5188.4			1.010552834585385
5189.3			1.0516432158760236
5190.2			1.0411179357949034
5191.1			0.9059530480243971
5192.0			0.7728131552489276
5192.9			0.7792873566749515
5193.8			0.8687749695105185
5194.7			0.9305827621964254
5195.6			1.0022343569651901
5196.5			1.0
5197.4			1.0
5198.3			1.0
5199.2			1.0
5200.1			1.0
5201.0			1.0
5201.9			0.9608341241192043
5202.8			0.9119149079903316
5203.7			0.8067915139726785
5204.6			0.6632492396565977
5205.5			0.5957685033639593
5206.4			0.6110125476457337
5207.3			0.6167155199374261
5208.2			0.5798553464450973
5209.1			0.598702791600594
5210.0			0.6811926490091552
5210.9			0.8081672157052
5211.8			0.9449920675328332
5212.7			1.0145156940421836
5213.6			1.031985958970392
5214.5			1.0051381291177923
5215.4			1.0
5216.3			1.0
5217.2			1.0
5218.1			1.0
5219.0			1.0
5219.9			1.0
5220.8			1.0
5221.7			1.0
5222.6			0.9332196487174962
5223.5			0.822875159150262
5224.4			0.7212524345200708
5225.3			0.6687856370325105
5226.2			0.6487721197343546
5227.1			0.7014133210223115
5228.0			0.8523264672430827
5228.9			0.9750952063479662
5229.8			1.0018455687553725
5230.7			1.0
5231.6			1.0
5232.5			1.0
5233.4			1.0
5234.3			1.0
5235.2			1.0
5236.1			1.0
5237.0			1.0
5237.9			1.0
5238.8			1.0
5239.7			1.0
5240.6			1.0004860531022814
5241.5			1.0367798401933623
5242.4			1.063051724563467
5243.3			1.0902746898030031
5244.2			1.1244692066088369
5245.1			1.0662846629683982
5246.0			0.8798101869337227
5246.9			0.7439374143008058
5247.8			0.8037768020557022
5248.7			0.9079339049077159
5249.6			0.8690225197745205
5250.5			0.7957740292961477
5251.4			0.8366464319758876
5252.3			0.9400985091968803
5253.2			0.9998165743423303
5254.1			1.0
5255.0			1.0
5255.9			1.0
5256.8			1.0
5257.7			1.0
5258.6			1.0
5259.5			1.0
5260.4			1.0
5261.3			1.0
5262.2			1.0
5263.1			1.0
5264.0			1.0
5264.9			1.0
5265.8			0.9606940794742379
5266.7			1.0350418638155905
5267.6			1.0545101501237186
5268.5			0.8566278492184247
5269.4			0.6455517019701659
5270.3			0.6727380351453696
5271.2			0.8537961911518349
5272.1			0.9656155590138054
5273.0			0.9729276274792683
5273.9			1.0
5274.8			1.0
5275.7			1.0
5276.6			1.0
5277.5			1.0
5278.4			1.0
5279.3			0.9685511283006546
5280.2			0.9160206420121112
5281.1			0.8655791630899455
5282.0			0.8197767001677334
5282.9			0.7931385892832864
5283.8			0.8119586648943473
5284.7			0.8931771028470407
5285.6			0.9785124906544885
5286.5			0.9966530954828393
5287.4			1.0
5288.3			1.0
5289.2			1.0
5290.1			1.0
5291.0			1.020070587720309
5291.9			1.007983062026304
5292.8			0.9813592301247893
5293.7			0.9809637927283409
5294.6			0.972997657074775
5295.5			0.8970869703165858
5296.4			0.7729808289113953
5297.3			0.6946503082913421
5298.2			0.7283583579694319
5299.1			0.8224702201986239
5300.0			0.8606920868059149
5300.9			0.8402558461111258
5301.8			0.8561258668487206
5302.7			0.9206952002100719
5303.6			0.9981529619951581
5304.5			1.0
5305.4			1.0
5306.3			1.0
5307.2			1.0
5308.1			1.0
5309.0			1.0
5309.9			1.0
5310.8			1.0
5311.7			1.0
5312.6			1.0
5313.5			1.0
5314.4			1.0
5315.3			1.0
5316.2			1.0
5317.1			1.0
5318.0			1.0
5318.9			1.0
5319.8			1.0
5320.7			1.0
5321.6			1.0
5322.5			1.0
5323.4			1.0
5324.3			0.9962917260856657
5325.2			1.0341782443173166
5326.1			0.9873807073562401
5327.0			0.8112517026852298
5327.9			0.6424185739882554
5328.8			0.6646171456352284
5329.7			0.8294572971540881
5330.6			0.9532169543320459
5331.5			0.9993584275380715
5332.4			1.0
5333.3			1.0
5334.2			1.0
5335.1			1.0
5336.0			1.0
5336.9			1.0
5337.8			1.0033980749708067
5338.7			0.9728233819521677
5339.6			0.887784363488589
5340.5			0.8287567237044453
5341.4			0.8892699978430478
5342.3			0.980366389243373
5343.2			1.0012364155378246
5344.1			1.0
5345.0			1.0
5345.9			1.0
5346.8			1.0
5347.7			1.0
5348.6			1.0
5349.5			1.0
5350.4			1.0
5351.3			1.0
5352.2			1.0
5353.1			1.0
5354.0			1.0
5354.9			1.0
5355.8			1.0
5356.7			1.0
5357.6			1.0
5358.5			1.0
5359.4			1.0
5360.3			1.0
5361.2			1.0
5362.1			1.0
5363.0			1.0
5363.9			1.0
5364.8			1.0
5365.7			1.0
5366.6			1.0
5367.5			0.9887135574720943
5368.4			0.9542401150713411
5369.3			0.864062760997525
5370.2			0.7531227902446711
5371.1			0.7001428762268359
5372.0			0.7663763347684172
5372.9			0.902856040030333
5373.8			0.9838511274163735
5374.7			0.9939362794880563
5375.6			1.0
5376.5			1.0
5377.4			1.0
5378.3			1.0
5379.2			1.0
5380.1			1.0
5381.0			1.0
5381.9			1.0
5382.8			1.0
5383.7			1.0
5384.6			1.0
5385.5			1.0
5386.4			1.0
5387.3			1.0
5388.2			1.0
5389.1			1.0
5390.0			1.0
5390.9			1.0
5391.8			1.0
5392.7			1.0
5393.6			1.0
5394.5			1.0
5395.4			1.0
5396.3			1.0
5397.2			1.0
5398.1			1.1334471421088874
5399.0			1.2446445086227444
5399.9			1.2245033125294122
5400.8			1.173574368574155
5401.7			1.1643794328833128
5402.6			1.1490104467084856
5403.5			1.0591796456340496
5404.4			0.9165048486680943
5405.3			0.8118954374526273
5406.2			0.8208893070638059
5407.1			0.8972896157376409
5408.0			0.9089439968926442
5408.9			0.8400406104594651
5409.8			0.8013779483536847
5410.7			0.8719860416504296
5411.6			0.9631865900637787
5412.5			0.9959488159700045
5413.4			1.0
5414.3			1.0
5415.2			1.0
5416.1			1.0
5417.0			1.0
5417.9			1.0
5418.8			1.0
5419.7			1.0
5420.6			0.9957932586123017
5421.5			1.0323781599773811
5422.4			1.0565459741763312
5423.3			1.021976497854331
5424.2			0.9819119565998543
5425.1			1.0006455483421552
5426.0			1.0489754394423776
5426.9			1.0840357971045516
5427.8			1.0417440952623287
5428.7			0.898839788389484
5429.6			0.8084350739480166
5430.5			0.8665535975228206
5431.4			0.9283402529956968
5432.3			0.8971528701229147
5433.2			0.8476594608810066
5434.1			1.0
5435.0			1.000336088229635
5435.9			1.0437079032301932
5436.8			1.0885619048022017
5437.7			1.1567858356703318
5438.6			1.2390126784080047
5439.5			1.3110309454645939
5440.4			1.3525544762007238
5441.3			1.364000289529653
5442.2			1.3726693751098047
5443.1			1.3823035231529535
5444.0			1.3481558373082314
5444.9			1.2291806678797368
5445.8			1.0525680856463684
5446.7			0.9246843327655415
5447.6			0.9399039523079687
5448.5			1.0207448725945132
5449.4			1.0755178656098787
5450.3			1.1005482782577962
5451.2			1.0902089358536688
5452.1			1.0749179058481968
5453.0			1.0469725059418855
5453.9			0.9856697519193647
5454.8			0.9077140415830314
5455.7			0.8845504030273358
5456.6			0.9679221394440612
5457.5			1.076618963777178
5458.4			1.131710403376402
5459.3			1.1177589643260337
5460.2			1.073266100852897
5461.1			1.0729015110286826
5462.0			1.0921118473930276
5462.9			1.083015989610178
5463.8			1.0941843242426552
5464.7			1.132177997782826
5465.6			1.1439026346114012
5466.5			1.1485101255782764
5467.4			1.1756833211802258
5468.3			1.1812236065146702
5469.2			1.143426084980965
5470.1			1.0986956183192726
5471.0			1.0
5471.9			1.0198251550470465
5472.8			0.9907847497205889
5473.7			0.9610640009211624
5474.6			0.9770603448991436
5475.5			0.9708250710595672
5476.4			0.9211210764483222
5477.3			0.9480997836090813
5478.2			1.0638846828791437
5479.1			1.135816069839785
5480.0			1.094244154975214
5480.9			0.9980012815348231
5481.8			1.0
5482.7			1.0
5483.6			1.0
5484.5			1.0
5485.4			1.0
5486.3			1.0
5487.2			1.0
5488.1			1.0
5489.0			1.0
5489.9			1.0
5490.8			1.0
5491.7			1.0
5492.6			1.0
5493.5			1.0
5494.4			1.0
5495.3			1.0049137063425446
5496.2			0.9636132791684574
5497.1			0.9130486213553348
5498.0			0.9346401744922326
5498.9			1.0002753997817058
5499.8			1.0
5500.7			1.0
5501.6			1.0
5502.5			1.0
5503.4			1.0
5504.3			1.0
5505.2			1.0
5506.1			1.0
5507.0			1.0
5507.9			1.0
5508.8			1.0342736756719884
5509.7			1.011814646706517
5510.6			0.9596537507548032
5511.5			0.8875156774026834
5512.4			0.8364300040221292
5513.3			0.8223250390272229
5514.2			0.8071044599746651
5515.1			0.812493086265345
5516.0			0.8519744885627124
5516.9			0.899948458067014
5517.8			0.9651055533288744
5518.7			1.007794000771329
5519.6			0.9943603939291553
5520.5			1.0
5521.4			1.0
5522.3			1.0
5523.2			1.0
5524.1			1.0
5525.0			0.9891258372326946
5525.9			0.9611163329894076
5526.8			0.918029170559869
5527.7			0.881108723280391
5528.6			0.898704441811082
5529.5			0.9619248942797624
5530.4			0.999976411514392
5531.3			1.0
5532.2			1.0
5533.1			1.0
5534.0			1.0
5534.9			1.0
5535.8			1.0
5536.7			1.0
5537.6			1.0
5538.5			1.0
5539.4			1.0
5540.3			1.0
5541.2			1.0
5542.1			1.0
5543.0			1.0
5543.9			1.0
5544.8			1.0
5545.7			1.0
5546.6			1.0
5547.5			1.0
5548.4			1.0
5549.3			1.0
5550.200000000001			1.0
5551.1			1.0
5552.0			1.0
5552.9			1.0
5553.8			1.0
5554.700000000001			1.0
5555.6			1.0
5556.5			1.0
5557.4			1.0
5558.3			1.0
5559.200000000001			1.0
5560.1			1.0
5561.0			0.9905309634395453
5561.9			0.9895459584545176
5562.8			0.9969909096412904
5563.700000000001			1.0032264157137243
5564.6			0.9870984860104852
5565.5			0.958539641078516
5566.4			0.9494589904459071
5567.3			0.961023564423824
5568.200000000001			0.9688330637741184
5569.1			0.9722223083861077
5570.0			0.9959694169044395
5570.9			1.0175359579144052
5571.8			0.9998980544578515
5572.700000000001			1.0
5573.6			1.0
5574.5			1.0
5575.4			1.0
5576.3			1.0
5577.200000000001			1.0
5578.1			1.0
5579.0			0.9980344853085138
5579.9			1.01613339783815
5580.8			1.016443101960514
5581.700000000001			0.9955622004831157
5582.6			0.9877214232870545
5583.5			0.9826903993240216
5584.4			0.9637266231578572
5585.3			0.9378225974183996
5586.200000000001			0.9035400645505328
5587.1			0.8665195636869869
5588.0			0.8482775081942735
5588.9			0.8572213906011746
5589.8			0.8931247563275242
5590.700000000001			1.0
5591.6			1.0005226177344915
5592.5			0.9910960597929481
5593.4			0.9995608756071892
5594.3			1.027540959385426
5595.200000000001			1.0750794790497564
5596.1			1.088273439071054
5597.0			1.015431199837125
5597.9			0.920045538910695
5598.8			0.8903174049370842
5599.700000000001			0.9009274387774215
5600.6			0.9015409611276468
5601.5			0.899317002993919
5602.4			0.8963754293030468
5603.3			0.9016327930620388
5604.200000000001			0.927326917780374
5605.1			0.9645983029009418
5606.0			0.9964095875677557
5606.9			1.0
5607.8			1.0
5608.700000000001			1.0
5609.6			1.0
5610.5			1.0
5611.4			1.0
5612.3			1.0
5613.200000000001			0.9977462678989141
5614.1			0.9415796647522465
5615.0			0.8878025318345876
5615.9			0.9025253210148487
5616.8			1.0
5617.700000000001			1.0103727357115835
5618.6			0.9931808504046369
5619.5			0.9841666748305825
5620.4			1.0070755672510194
5621.3			1.0406963991940235
5622.200000000001			1.040136784637467
5623.1			0.98414276398952
5624.0			0.9133335068108354
5624.9			0.8963138018854209
5625.8			0.9366554103843434
5626.700000000001			0.9773746138837596
5627.6			1.0
5628.5			0.9883732191549245
5629.4			0.9793181537011042
5630.3			0.9856865540278164
5631.200000000001			1.0031815789585417
5632.1			1.0188388479403876
5633.0			1.0245452767090495
5633.9			1.0135510545540178
5634.8			0.9859223522209337
5635.700000000001			0.9518146838799977
5636.6			0.927165945144136
5637.5			0.9199080093173508
5638.4			0.9203941819848898
5639.3			0.9175035396184507
5640.200000000001			0.907977085552827
5641.1			0.8984301499859968
5642.0			0.9009336063861947
5642.9			0.9075991408179335
5643.8			0.9102765225736683
5644.700000000001			0.9166667048112589
5645.6			0.9243085290775627
5646.5			0.9243157651194469
5647.4			0.92024045832598
5648.3			0.9211519258643709
5649.200000000001			0.9328936094738384
5650.1			1.0
5651.0			1.0344869749099264
5651.9			1.0625310503622456
5652.8			1.072113358443227
5653.700000000001			1.0581374454745764
5654.6			1.0384095024665652
5655.5			1.0299075817321313
5656.4			0.9993983518132667
5657.3			0.9229145939424014
5658.200000000001			0.8710378711001212
5659.1			0.909118798103478
5660.0			0.9724752651947736
5660.9			0.9705895802148222
5661.8			0.930218281556699
5662.700000000001			0.925053946013232
5663.6			0.9535849018862502
5664.5			0.9818990867075894
5665.4			1.0000708279538808
5666.3			1.0
5667.200000000001			1.0
5668.1			1.0
5669.0			1.0
5669.9			1.0
5670.8			1.0
5671.700000000001			1.0
5672.6			1.0
5673.5			1.0
5674.4			1.0
5675.3			1.0
5676.200000000001			1.0
5677.1			1.0
5678.0			1.0
5678.9			1.0
5679.8			1.0
5680.700000000001			1.0
5681.6			1.0
5682.5			1.0
5683.4			1.0
5684.3			1.0
5685.200000000001			0.9929725172974116
5686.1			0.9498830042013326
5687.0			0.9105998122886146
5687.9			0.9055714725372007
5688.8			0.9322588699346407
5689.700000000001			0.9695065637271558
5690.6			1.000069496248914
5691.5			1.0
5692.4			1.0
5693.3			1.0
5694.200000000001			1.0
5695.1			1.0
5696.0			1.0
5696.9			1.0
5697.8			1.0
5698.700000000001			1.0
5699.6			1.0
5700.5			1.0
5701.4			0.9647107751627993
5702.3			0.9527829481192415
5703.200000000001			0.9812489525629526
5704.1			1.0189653483785914
5705.0			1.0190152711959655
5705.9			0.976803543278141
5706.8			0.9239738840429915
5707.700000000001			0.8784318684206038
5708.6			0.8605691077198379
5709.5			0.8870946626151123
5710.4			0.9120001398755716
5711.3			0.9033049311530612
5712.200000000001			0.9113467966203614
5713.1			0.9564007716320048
5714.0			0.9962191910526663
5714.9			1.0075899704694171
5715.8			0.9971498939959292
5716.700000000001			1.0
5717.6			1.0
5718.5			1.0
5719.4			1.0
5720.3			1.0
5721.200000000001			1.0
5722.1			1.0
5723.0			1.0
5723.9			0.9866883183725693
5724.8			0.9689941495533951
5725.700000000001			0.9403259317243642
5726.6			0.909040866494248
5727.5			0.9178219146188925
5728.4			0.9773488446358416
5729.3			1.0257390504198214
5730.200000000001			1.0186496736203503
5731.1			1.000356909636039
5732.0			1.0
5732.9			1.0
5733.8			1.0
5734.700000000001			1.0
5735.6			1.0
5736.5			1.0
5737.4			1.0
5738.3			1.0
5739.200000000001			1.0
5740.1			1.0
5741.0			1.0
5741.9			1.0
5742.8			1.0
5743.700000000001			1.0
5744.6			1.0
5745.5			1.0
5746.4			0.9858573995938378
5747.3			0.9359097291541568
5748.200000000001			0.9102577131161864
5749.1			0.9439155286926865
5750.0			0.9989453404859496
5750.9			1.0
5751.8			1.0
5752.700000000001			1.0
5753.6			1.0
5754.5			1.0
5755.4			1.0
5756.3			1.0
5757.200000000001			1.0
5758.1			0.9911365462593897
5759.0			0.9519728904752734
5759.9			0.897743227779347
5760.8			0.85148316213758
5761.700000000001			0.8366207877512578
5762.6			0.8656180579541307
5763.5			0.929017278791848
5764.4			0.9842541379413158
5765.3			1.0045093099060811
5766.200000000001			1.0
5767.1			1.0
5768.0			1.0
5768.9			1.0
5769.8			1.0
5770.700000000001			1.0
5771.6			1.0
5772.5			1.0
5773.4			1.0
5774.3			1.0
5775.200000000001			1.0
5776.1			1.0
5777.0			0.9983541874960884
5777.9			1.0047361560116432
5778.8			0.9943750318672189
5779.700000000001			0.943288495269505
5780.6			0.87195641384948
5781.5			0.8343927450657526
5782.4			0.8402452043003983
5783.3			0.8459063235201704
5784.200000000001			0.8265740502017483
5785.1			0.8180141202927297
5786.0			0.8497501114497785
5786.9			0.8936845597591541
5787.8			0.9225432192236136
5788.700000000001			0.9361729862085739
5789.6			0.9194889380921204
5790.5			0.8884817978087067
5791.4			0.9010487041730131
5792.3			0.9530513071409877
5793.200000000001			0.997587686661666
5794.1			1.0
5795.0			1.0
5795.9			0.969344065448048
5796.8			0.9098715013260059
5797.700000000001			0.881364078952627
5798.6			0.9274041738999088
5799.5			0.9999418318551763
5800.4			1.0
5801.3			1.0
5802.200000000001			1.0
5803.1			1.0
5804.0			1.0
5804.9			1.0
5805.8			1.0
5806.700000000001			1.0
5807.6			1.0
5808.5			1.0
5809.4			1.0
5810.3			1.0017913170690047
5811.200000000001			0.9890322043614651
5812.1			0.9746629464563749
5813.0			0.9667582710503564
5813.9			0.9481399126360107
5814.8			0.9206685458645636
5815.700000000001			0.9075810135397429
5816.6			0.9254513831446668
5817.5			0.9594877463373148
5818.4			0.9832223463726509
5819.3			0.9970677387581685
5820.200000000001			1.006519775456236
5821.1			1.000041065555592
5822.0			1.0
5822.9			1.0
5823.8			1.0
5824.700000000001			1.0
5825.6			1.0
5826.5			1.0
5827.4			1.0
5828.3			1.0
5829.200000000001			1.0
5830.1			1.0
5831.0			1.0
5831.9			1.0
5832.8			1.0
5833.700000000001			1.0
5834.6			1.0
5835.5			1.0
5836.4			1.0
5837.3			1.0
5838.200000000001			1.0
5839.1			1.0
5840.0			1.0
5840.9			1.0
5841.8			1.0
5842.700000000001			1.0
5843.6			1.0
5844.5			1.0
5845.4			1.0
5846.3			1.0
5847.200000000001			1.0
5848.1			1.0
5849.0			1.0
5849.9			1.0
5850.8			1.0
5851.700000000001			1.0
5852.6			1.0
5853.5			1.0
5854.4			1.0258462042680718
5855.3			1.0203559848887895
5856.200000000001			0.9798670111348831
5857.1			0.9420806025032911
5858.0			0.9441746266166935
5858.9			0.9766749124795522
5859.8			1.003481063662462
5860.700000000001			1.0
5861.6			1.0
5862.5			1.0
5863.4			1.0
5864.3			1.0
5865.200000000001			1.0
5866.1			1.0
5867.0			1.0
5867.9			1.0
5868.8			1.0
5869.700000000001			1.0
5870.6			1.0
5871.5			1.0
5872.4			1.0
5873.3			1.0
5874.200000000001			1.0
5875.1			1.0
5876.0			1.0
5876.9			1.0
5877.8			0.9843342922866786
5878.700000000001			0.9561967447743962
5879.6			0.9257592934073153
5880.5			0.9355424543643864
5881.4			0.982914900508725
5882.3			1.0098954027117144
5883.200000000001			1.0034059397014186
5884.1			0.995577585421776
5885.0			0.9971816325079816
5885.9			0.989490740623907
5886.8			0.937583439264351
5887.700000000001			0.8121312496214217
5888.6			0.6388629195566703
5889.5			0.5212373190470351
5890.4			0.5510547494286907
5891.3			0.6820084206564109
5892.200000000001			0.7951412556913974
5893.1			0.8311220080190996
5894.0			0.7771828041379304
5894.9			0.6631188342375037
5895.8			0.6094662807631501
5896.700000000001			0.6960597778173111
5897.6			0.8281846659411567
5898.5			0.8993365652836032
5899.4			0.9273464808756217
5900.3			0.9606753439436686
5901.200000000001			0.99765553172505
5902.1			1.0
5903.0			1.0
5903.9			1.0
5904.8			1.0
5905.700000000001			1.0
5906.6			1.0
5907.5			1.0
5908.4			1.0
5909.3			1.0
5910.200000000001			1.0167071184141092
5911.1			1.022437493005557
5912.0			1.001988213436938
5912.9			0.9620596342455043
5913.8			0.9307348334901225
5914.700000000001			0.9263035005146714
5915.6			0.9375292647904792
5916.5			0.955063220000825
5917.4			0.9723472012889981
5918.3			0.9831137235097243
5919.200000000001			0.9994171480272626
5920.1			1.0
5921.0			1.0
5921.9			1.0
5922.8			1.0
5923.700000000001			1.0
5924.6			1.0
5925.5			1.0
5926.4			1.0
5927.3			1.0
5928.200000000001			1.0
5929.1			1.0
5930.0			1.0
5930.9			1.0
5931.8			1.0
5932.700000000001			1.0
5933.6			1.0
5934.5			1.0
5935.4			1.0
5936.3			1.0
5937.200000000001			1.0
5938.1			1.0
5939.0			1.0
5939.9			1.0
5940.8			1.0
5941.700000000001			1.0
5942.6			1.0
5943.5			1.0
5944.4			1.0
5945.3			1.031438863515735
5946.200000000001			1.0427623351563358
5947.1			1.013613442766371
5948.0			0.9632910806997063
5948.9			0.9323369316939907
5949.8			0.9383100517089706
5950.700000000001			0.9585079588297994
5951.6			0.9571299053430015
5952.5			0.9420292274700028
5953.4			0.9422304311075732
5954.3			0.9428169166904242
5955.200000000001			0.9200319000501367
5956.1			0.8975022175209119
5957.0			0.903065376696637
5957.9			0.9266893520087286
5958.8			0.9538461016147206
5959.700000000001			0.9835887599020577
5960.6			1.0088825772322991
5961.5			1.0202195768782643
5962.4			1.0169115053853466
5963.3			1.0034890884037415
5964.200000000001			0.9884618809404592
5965.1			0.9766308748162422
5966.0			0.9800989037163647
5966.9			1.0000689413638906
5967.8			1.0
5968.700000000001			1.0
5969.6			1.0
5970.5			1.0
5971.4			1.0
5972.3			1.0
5973.200000000001			1.0
5974.1			1.0
5975.0			1.0
5975.9			1.0
5976.8			1.0
5977.700000000001			1.0
5978.6			1.0
5979.5			1.0
5980.4			1.0149898379721145
5981.3			1.006929106747383
5982.200000000001			0.9762252794270463
5983.1			0.934107406935917
5984.0			0.9134891197653803
5984.9			0.943143188434594
5985.8			0.9898773052533367
5986.700000000001			1.0053481282643506
5987.6			0.9958132646618673
5988.5			1.0
5989.4			1.0
5990.3			1.0
5991.200000000001			1.0
5992.1			1.0
5993.0			1.0
5993.9			1.0
5994.8			1.0
5995.700000000001			1.0
5996.6			1.0
5997.5			1.0
5998.4			1.0
5999.3			1.0
6000.200000000001			1.0
6001.1			1.0
6002.0			1.0
6002.9			1.0
6003.8			1.020095724221918
6004.700000000001			1.0231682083628366
6005.6			1.0012072544770296
6006.5			0.9674774223552302
6007.4			0.9383837581972765
6008.3			0.9367844633868418
6009.200000000001			0.9713536516127088
6010.1			1.006489196531486
6011.0			1.0050263756160012
6011.9			1.0
6012.8			1.0
6013.700000000001			1.0
6014.6			1.0
6015.5			1.0
6016.4			1.0
6017.3			1.0
6018.200000000001			1.0
6019.1			1.0
6020.0			1.0
6020.9			1.0
6021.8			1.0
6022.700000000001			1.0
6023.6			1.0
6024.5			1.0
6025.4			1.0
6026.3			1.0
6027.200000000001			1.0
6028.1			1.0
6029.0			1.0
6029.9			1.0
6030.8			1.0
6031.700000000001			1.0
6032.6			1.0
6033.5			1.0
6034.4			1.0
6035.3			1.0
6036.200000000001			1.0
6037.1			1.0
6038.0			1.0
6038.9			1.0
6039.8			1.0
6040.700000000001			1.0
6041.6			1.0
6042.5			1.0
6043.4			1.0
6044.3			1.0
6045.200000000001			1.0
6046.1			1.0
6047.0			1.0
6047.9			1.0
6048.8			1.0
6049.700000000001			1.0
6050.6			1.0
6051.5			1.0
6052.4			1.0
6053.3			1.0
6054.200000000001			1.0
6055.1			1.0
6056.0			1.0
6056.9			1.0
6057.8			1.0
6058.700000000001			1.0
6059.6			1.0
6060.5			1.0
6061.4			0.9795774998084646
6062.3			0.9457121989276965
6063.200000000001			0.9142736384843854
6064.1			0.8857573940816127
6065.0			0.8759526866931875
6065.9			0.9127767813080105
6066.8			0.9672959109873328
6067.700000000001			0.9969231742352216
6068.6			1.0025554542603126
6069.5			1.0
6070.4			1.0
6071.3			1.0
6072.200000000001			1.0
6073.1			1.0
6074.0			1.0
6074.9			1.0
6075.8			1.0
6076.700000000001			1.0
6077.6			1.0
6078.5			1.0
6079.4			1.0
6080.3			1.0
6081.200000000001			1.0
6082.1			1.0
6083.0			1.0
6083.9			1.0
6084.8			1.0
6085.700000000001			0.9930284950603602
6086.6			0.9974898320282916
6087.5			1.0067575728911171
6088.4			0.9961138086092133
6089.3			0.953897694424625
6090.200000000001			0.9196129788177662
6091.1			0.9214291364956836
6092.0			0.9311344092093082
6092.9			0.9388088930052882
6093.8			0.966463748800679
6094.700000000001			1.0020253434168842
6095.6			1.0
6096.5			1.0
6097.4			1.0
6098.3			1.0
6099.200000000001			1.0
6100.1			1.012581211251456
6101.0			0.9735347139373238
6101.9			0.9029924220562721
6102.8			0.8761509893944929
6103.700000000001			0.9176619603667002
6104.6			0.9727446800944164
6105.5			0.9999109699492397
6106.4			1.0
6107.3			1.0
6108.200000000001			1.0
6109.1			1.0
6110.0			1.0
6110.9			1.0
6111.8			1.0
6112.700000000001			1.0
6113.6			1.0
6114.5			1.0
6115.4			1.0
6116.3			1.0
6117.200000000001			1.0
6118.1			0.9975022845043751
6119.0			0.9569564499724125
6119.9			0.9046992164665254
6120.8			0.8673537744010588
6121.700000000001			0.8645024497014714
6122.6			0.9218718868747335
6123.5			0.9993425140694755
6124.4			1.0252669095863596
6125.3			1.001149632413458
6126.200000000001			1.0
6127.1			1.0
6128.0			1.0
6128.9			1.0
6129.8			1.0
6130.700000000001			1.0
6131.6			1.0
6132.5			1.0
6133.4			0.9669502821834035
6134.3			0.9022773508482214
6135.200000000001			0.8272165046963857
6136.1			0.7665935426483592
6137.0			0.7632029303143097
6137.9			0.846134152085177
6138.8			0.9582191353129889
6139.700000000001			1.0146632924495018
6140.6			1.0009100746959707
6141.5			1.0
6142.4			1.0
6143.3			1.0
6144.200000000001			1.0
6145.1			1.0
6146.0			1.0
6146.9			1.0
6147.8			0.9750202656545212
6148.700000000001			0.9266071556515342
6149.6			0.9011028170629637
6150.5			0.9319804974746295
6151.4			0.9919345765794221
6152.3			1.0
6153.200000000001			1.0
6154.1			1.0
6155.0			1.0
6155.9			0.9957997659075268
6156.8			0.9787510516261554
6157.700000000001			0.9424650266751657
6158.6			0.897112913464244
6159.5			0.8458645337232444
6160.4			0.7802520209084798
6161.3			0.7203070783702671
6162.200000000001			0.7058809378343273
6163.1			0.7392332954130887
6164.0			0.7880004669509997
6164.9			0.8202212881901007
6165.8			0.8373056296221754
6166.700000000001			0.8598705341111804
6167.6			0.8657780529410101
6168.5			0.8278419385114936
6169.4			0.7906165567099929
6170.3			0.8087991148483041
6171.200000000001			0.8576015629714002
6172.1			0.877280554597701
6173.0			0.8605517981976046
6173.9			0.8463585205992856
6174.8			0.8518424040066248
6175.700000000001			0.8651121584964832
6176.6			0.8763037902131864
6177.5			0.8929042369893455
6178.4			0.911726940066271
6179.3			0.9154745353837966
6180.200000000001			0.9174122451472867
6181.1			0.9289130993126978
6182.0			0.9321533848393934
6182.9			0.9218740515986767
6183.8			0.9083924121564522
6184.700000000001			0.8843322949389634
6185.6			0.8380242005813587
6186.5			0.795106741494078
6187.4			0.779242785836683
6188.3			0.7755808128970098
6189.200000000001			0.7634062437915955
6190.1			0.7325772187793982
6191.0			0.7031617542526389
6191.9			0.7169803509754793
6192.8			0.7674202071972548
6193.700000000001			0.8139622276884275
6194.6			0.8445334815362522
6195.5			0.8635834339070293
6196.4			0.8738639442233348
6197.3			0.8693900282468888
6198.200000000001			0.8362270517350754
6199.1			0.7958367921701431
6200.0			0.7935466371921301
6200.9			0.8286019215797019
6201.8			0.8675243707633261
6202.700000000001			0.8898070500999536
6203.6			0.8915007427165017
6204.5			0.8832202447925697
6205.4			0.8859168398904547
6206.3			0.9016499637407285
6207.200000000001			0.9141569501137602
6208.1			0.9142552507359286
6209.0			0.8981376537953086
6209.9			0.8708729597461122
6210.8			0.8493529733162236
6211.700000000001			0.8296144117181229
6212.6			0.7907878848906882
6213.5			0.743941188571914
6214.4			0.7130208638465353
6215.3			0.702351116859625
6216.200000000001			0.7205518843427813
6217.1			0.7584852758910415
6218.0			0.7767564357092125
6218.9			0.7698356935210681
6219.8			0.7616483126192153
6220.700000000001			0.7572616511278004
6221.6			0.747760908239791
6222.5			0.7314420963824205
6223.4			0.7181818245387804
6224.3			0.7233490670743483
6225.200000000001			0.7464934430890781
6226.1			0.7679289271745348
6227.0			0.7785925124516534
6227.9			0.7727707039385157
6228.8			0.7365141180714537
6229.700000000001			0.6864065091254964
6230.6			0.6696522208097637
6231.5			0.6964056069103672
6232.4			1.0
6233.3			1.0509013570346128
6234.200000000001			1.1010361704528417
6235.1			1.1191805639523078
6236.0			1.105792504964617
6236.9			1.079489101708351
6237.8			1.0318444431754503
6238.700000000001			0.9610732035279758
6239.6			0.9164580884168653
6240.5			0.935275262871834
6241.4			0.9562469148796651
6242.3			0.9277218305045096
6243.200000000001			0.9070803129516392
6244.1			0.9331842851458827
6245.0			0.9691191130623672
6245.9			1.0024229423315456
6246.8			0.8470001113063625
6247.700000000001			0.8686532198297198
6248.6			0.870817853113841
6249.5			0.8638914296922583
6250.4			0.8487061807432895
6251.3			0.8195266862086572
6252.200000000001			0.7995456396655267
6253.1			0.8092568507091527
6254.0			1.0
6254.9			0.9983247883080371
6255.8			0.9558715601222114
6256.700000000001			0.8836437944043813
6257.6			0.8269373769555083
6258.5			0.8470118487155215
6259.4			0.9350288043304031
6260.3			0.9999995310052793
6261.200000000001			0.8567277249624673
6262.1			0.8938643558852357
6263.0			1.0
6263.9			0.99212029534371
6264.8			0.9550907571444811
6265.700000000001			0.941952429022098
6266.6			0.9533199517513024
6267.5			0.9466712401649663
6268.4			0.9283075925176794
6269.3			0.9442163421224881
6270.200000000001			0.9842961562854964
6271.1			1.011971435882449
6272.0			1.0151290266326738
6272.9			0.9982687275427843
6273.8			0.8967945010043918
6274.700000000001			0.8922731189080629
6275.6			0.9012858841150474
6276.5			0.9197320757927905
6277.4			0.9487658127774399
6278.3			0.965806676337624
6279.200000000001			0.943875270176548
6280.1			0.9089383304627512
6281.0			0.9034073444606543
6281.9			0.928062462516524
6282.8			0.9616391880243089
6283.700000000001			0.9805346936806191
6284.6			0.9765476195567064
6285.5			0.9871847072491962
6286.4			1.0263264978948237
6287.3			1.064253721731616
6288.200000000001			1.083509740333731
6289.1			1.0810601353558384
6290.0			1.061557832179378
6290.9			1.0
6291.8			0.975104611094251
6292.700000000001			0.9658559051742183
6293.6			0.9715333524440454
6294.5			0.9584872361243031
6295.4			0.9165789656788199
6296.3			0.8851674783725542
6297.200000000001			0.9056393409356088
6298.1			0.9654949276919519
6299.0			1.0106548697179163
6299.9			1.015587497220702
6300.8			1.0018678244294128
6301.700000000001			1.0058887065679905
6302.6			1.007971371472134
6303.5			1.014465817155281
6304.4			1.006976038545061
6305.3			0.9992337951623089
6306.200000000001			1.0
6307.1			1.0
6308.0			1.0
6308.9			1.0026922813175039
6309.8			0.9811644614443548
6310.700000000001			0.9465817572501782
6311.6			0.9267362628389201
6312.5			0.9365562353349975
6313.4			0.9512040899400181
6314.3			0.9466642549209353
6315.200000000001			0.9451284572867412
6316.1			0.9535374530434307
6317.0			0.9430402288434961
6317.9			0.924350596927305
6318.8			0.9347722620698429
6319.700000000001			0.9619312558618887
6320.6			0.9760369284754435
6321.5			0.9778984022864666
6322.4			0.9881470377554082
6323.3			1.0002429530855816
6324.200000000001			0.9947980440654369
6325.1			0.9852185647574312
6326.0			0.9876571109861447
6326.9			0.9999340724366256
6327.8			1.0
6328.700000000001			1.0
6329.6			1.0
6330.5			1.0
6331.4			1.0
6332.3			1.0
6333.200000000001			1.0
6334.1			1.0
6335.0			1.0
6335.9			1.0
6336.8			1.0
6337.700000000001			1.0
6338.6			1.0
6339.5			1.0
6340.4			1.0
6341.3			0.9996977429636391
6342.200000000001			0.9733552379113626
6343.1			0.9288108861659119
6344.0			0.8939394681224071
6344.9			0.9030145760911442
6345.8			0.9487057924739593
6346.700000000001			1.0
6347.6			1.0221392602576131
6348.5			1.0286234739074533
6349.4			1.0278680424359814
6350.3			1.025138593665344
6351.200000000001			1.0165768393401196
6352.1			0.9969703728690676
6353.0			0.9661060043607091
6353.9			0.9340329083381766
6354.8			0.9217203084141
6355.700000000001			0.9311272040445863
6356.6			0.9249376165262249
6357.5			0.8840814759151018
6358.4			0.8412349697611866
6359.3			0.8277099550617957
6360.200000000001			0.8327820604141497
6361.1			0.8328060390721176
6362.0			0.8295968533920703
6362.9			0.835952351507275
6363.8			0.8535720142213213
6364.700000000001			0.8810572166648762
6365.6			0.9138617871764686
6366.5			0.9505264786782458
6367.4			0.9858410248466268
6368.3			1.0035130861537682
6369.200000000001			0.9998244062987023
6370.1			0.9918488251266355
6371.0			0.9984482798115081
6371.9			1.0
6372.8			1.0
6373.700000000001			1.0
6374.6			1.0
6375.5			1.0
6376.4			1.0036393893820879
6377.3			0.9765430772713762
6378.200000000001			0.9334965955686958
6379.1			0.9205844464377357
6380.0			0.942772111505403
6380.9			0.97252388050754
6381.8			1.001129077985924
6382.700000000001			1.0
6383.6			1.0
6384.5			1.0
6385.4			1.0
6386.3			1.0
6387.200000000001			1.0
6388.1			1.0
6389.0			1.0
6389.9			1.0
6390.8			0.9908971114325498
6391.700000000001			0.9547517837121434
6392.6			0.9026390338136326
6393.5			0.8821294217988446
6394.4			0.9105831193237166
6395.3			0.9602708002747655
6396.200000000001			1.0015619345076217
6397.1			1.0
6398.0			1.0
6398.9			1.0
6399.8			1.0
6400.700000000001			1.0
6401.6			1.0
6402.5			1.0
6403.4			1.0
6404.3			1.0
6405.200000000001			1.0
6406.1			1.0
6407.0			1.0
6407.9			1.0
6408.8			1.0
6409.700000000001			1.0
6410.6			1.0
6411.5			1.0
6412.4			1.0
6413.3			1.0
6414.200000000001			1.0
6415.1			1.0
6416.0			1.0
6416.9			0.9877546532893438
6417.8			0.9605241765448723
6418.700000000001			0.9297022220531695
6419.6			0.9008774012524339
6420.5			0.8877874984238469
6421.4			0.9120251097217796
6422.3			0.9632914762736443
6423.200000000001			0.9992937701844334
6424.1			0.9999812707758513
6425.0			1.0
6425.9			1.0
6426.8			1.0
6427.700000000001			1.0040042707315913
6428.6			0.9755858787356502
6429.5			0.9183640943513917
6430.4			0.8747700774953608
6431.3			0.8935228695342364
6432.200000000001			0.9534026804944463
6433.1			0.997251156033966
6434.0			1.0
6434.9			1.0
6435.8			1.0
6436.700000000001			1.0
6437.6			1.0
6438.5			1.0
6439.4			1.0
6440.3			1.0
6441.200000000001			1.0
6442.1			1.0
6443.0			1.0
6443.9			1.0
6444.8			1.0
6445.700000000001			1.0
6446.6			0.9908707598468274
6447.5			0.9461388715282532
6448.4			0.8694594900253518
6449.3			0.8025186154374405
6450.200000000001			0.7998479951129545
6451.1			0.8560437429406826
6452.0			0.9246406748064813
6452.9			0.9786825805284348
6453.8			0.9996132049034994
6454.700000000001			1.0
6455.6			1.0
6456.5			1.0
6457.4			1.0
6458.3			1.0
6459.200000000001			1.0
6460.1			1.000070547009234
6461.0			0.9647804502969265
6461.9			0.9114797702219312
6462.8			0.894087707485254
6463.700000000001			0.9300982058651766
6464.6			0.9790377096981874
6465.5			1.0078007039268497
6466.4			1.0
6467.3			1.0
6468.200000000001			1.0
6469.1			1.0
6470.0			1.0
6470.9			1.0
6471.8			1.0
6472.700000000001			1.0
6473.6			1.0
6474.5			1.0
6475.4			1.0
6476.3			1.0
6477.200000000001			1.0
6478.1			1.0
6479.0			1.0
6479.9			0.9878462689550015
6480.8			0.9479264130843793
6481.700000000001			0.9047361761089155
6482.6			0.8969429752470621
6483.5			0.9264654214219438
6484.4			0.9674093142749639
6485.3			0.9994478943521167
6486.200000000001			1.0
6487.1			1.0107242472266307
6488.0			1.0092578103779168
6488.9			0.9898565669531637
6489.8			0.9686395872010944
6490.700000000001			0.968068286415781
6491.6			0.9729156446009453
6492.5			0.9434478204790205
6493.4			0.8715845555409918
6494.3			0.8026521595880369
6495.200000000001			0.7797067602463672
6496.1			0.7916874279870963
6497.0			0.8141015189399168
6497.9			0.8366827854585062
6498.8			0.8616226453943981
6499.700000000001			0.9008110176882023
6500.6			0.9428567596110657
6501.5			0.9719572554282807
6502.4			0.9895169321312602
6503.3			1.0004221452624447
6504.200000000001			1.0
6505.1			1.0
6506.0			1.0
6506.9			1.0
6507.8			1.0
6508.700000000001			1.0
6509.6			1.0
6510.5			1.0
6511.4			1.0
6512.3			1.0
6513.200000000001			1.0
6514.1			1.0
6515.0			1.0
6515.9			1.0
6516.8			1.0
6517.700000000001			1.0
6518.6			1.0
6519.5			1.0
6520.4			1.0
6521.3			1.0
6522.200000000001			1.0
6523.1			1.0
6524.0			1.0
6524.9			1.0
6525.8			1.0
6526.700000000001			1.0
6527.6			1.0
6528.5			1.0
6529.4			1.0
6530.3			1.0
6531.200000000001			1.0
6532.1			1.0
6533.0			1.0
6533.9			1.0
6534.8			1.0
6535.700000000001			1.0
6536.6			1.0
6537.5			1.0
6538.4			1.0
6539.3			1.0
6540.200000000001			1.0
6541.1			1.0
6542.0			1.0
6542.9			1.0
6543.8			1.0
6544.700000000001			1.0
6545.6			1.0
6546.5			1.0
6547.4			1.0
6548.3			1.0
6549.200000000001			1.0
6550.1			1.0
6551.0			1.0
6551.9			1.0
6552.8			1.0
6553.700000000001			1.0
6554.6			1.0
6555.5			1.0
6556.4			1.0
6557.3			1.0
6558.200000000001			1.0
6559.1			1.0217826261736698
6560.0			1.0025194223201574
6560.9			0.8978177322177875
6561.8			0.7281423452718836
6562.700000000001			0.6380542453526142
6563.6			0.7192733489951781
6564.5			0.866074714253812
6565.4			0.9575122879997277
6566.3			0.9977780580690081
6567.200000000001			1.0
6568.1			1.0
6569.0			1.0
6569.9			0.9977400767151733
6570.8			0.995600898478149
6571.700000000001			0.9634243780032202
6572.6			0.919664222017645
6573.5			0.8982533421198091
6574.4			0.9067136567640846
6575.3			0.9394081091868974
6576.200000000001			0.978839514642094
6577.1			0.9989802152161914
6578.0			1.0
6578.9			1.0
6579.8			1.0
6580.700000000001			1.0
6581.6			1.0
6582.5			1.0
6583.4			1.0
6584.3			1.0
6585.200000000001			1.0
6586.1			1.0
6587.0			1.0
6587.9			1.0
6588.8			1.0
6589.700000000001			1.0
6590.6			0.9743179312271035
6591.5			0.9272477399309761
6592.4			0.8809371897906341
6593.3			0.8720566039228989
6594.200000000001			0.9118617280403201
6595.1			0.966202828062582
6596.0			0.995304544218345
6596.9			1.0
6597.8			1.0
6598.700000000001			1.0
6599.6			1.0
6600.5			1.0
6601.4			1.0
6602.3			1.0
6603.200000000001			0.9883802988558054
6604.1			0.9631192564801331
6605.0			0.9362452736912111
6605.9			0.9209987241467907
6606.8			0.9142704433186988
6607.700000000001			0.9032174359921553
6608.6			0.8951652716736753
6609.5			0.9185821538307376
6610.4			0.9727551912296475
6611.3			1.016199198788884
6612.200000000001			1.0203428246609243
6613.1			1.002104413951417
6614.0			1.0019930022616292
6614.9			1.0
6615.8			1.0
6616.700000000001			1.0
6617.6			1.0
6618.5			1.0
6619.4			1.0
6620.3			1.0
6621.200000000001			1.0
6622.1			0.983070106800898
6623.0			0.9484442350379098
6623.9			0.9126061200042445
6624.8			0.9064304577087009
6625.700000000001			0.941822726234875
6626.6			0.9847584983849029
6627.5			1.0050438221725264
6628.4			1.0
6629.3			1.0
6630.200000000001			1.0
6631.1			1.0
6632.0			1.0
6632.9			1.0
6633.8			1.0
6634.700000000001			1.0
6635.6			1.0
6636.5			1.0
6637.4			1.0
6638.3			1.0
6639.200000000001			1.0
6640.1			1.0
6641.0			1.0
6641.9			1.0
6642.8			1.0
6643.700000000001			1.0
6644.6			1.0
6645.5			1.0
6646.4			1.0
6647.3			1.0
6648.200000000001			1.0
6649.1			1.0
6650.0			1.0
6650.9			0.9657735959659015
6651.8			0.9541084989659956
6652.700000000001			0.9657759959234536
6653.6			0.9826865319833945
6654.5			0.9949925123976162
6655.4			0.9937895739147384
6656.3			0.9826813750740382
6657.200000000001			0.9813607006597349
6658.1			0.9891710236502439
6659.0			0.9898241203312397
6659.9			0.9840424978408943
6660.8			0.9787376156886822
6661.700000000001			0.967865214350679
6662.6			0.9486162474683888
6663.5			0.9424549535964152
6664.4			0.9566036640551585
6665.3			0.9629239589877828
6666.200000000001			0.9553584440432384
6667.1			0.9545522866428602
6668.0			0.9745213699724914
6668.9			1.0086957636579967
6669.8			1.035980792967693
6670.700000000001			1.0
6671.6			1.0
6672.5			0.9986356264899092
6673.4			0.9957284457845119
6674.3			0.9908901985844648
6675.200000000001			0.9822954950384107
6676.1			0.9538860110004271
6677.0			0.900745234703618
6677.9			0.8664924741985276
6678.8			0.8827790964443751
6679.700000000001			0.9096451644701309
6680.6			0.9069698346067961
6681.5			0.8974852850630544
6682.4			0.9078813668231105
6683.3			0.9268035113707723
6684.200000000001			0.9389356310577474
6685.1			0.9411430182662587
6686.0			0.9341298200338961
6686.9			0.9207818716014446
6687.8			0.9144775282666345
6688.700000000001			0.9249975183024881
6689.6			0.9377590340890531
6690.5			0.9417254713574408
6691.4			0.943733054088496
6692.3			0.9462134025724538
6693.200000000001			0.9496560804183882
6694.1			0.9494406148390693
6695.0			0.9351353913326569
6695.9			0.9183260662806234
6696.8			0.92005455618389
6697.700000000001			0.9379394900155452
6698.6			0.958242426909056
6699.5			0.9770966482070005
6700.4			0.9873241766537092
6701.3			0.9864149162893042
6702.200000000001			0.9779427115999647
6703.1			0.9657681149812624
6704.0			0.9582225435788335
6704.9			0.9608602435028604
6705.8			0.968784046562184
6706.700000000001			0.978891535403666
6707.6			0.9900358015333831
6708.5			0.9875936045969402
6709.4			0.967297804605373
6710.3			0.9561354856789269
6711.200000000001			0.9657987335061795
6712.1			0.9689097848374639
6713.0			0.9475072128258153
6713.9			0.9116387313405494
6714.8			0.880664826288396
6715.700000000001			0.8612027413638188
6716.6			0.8446849558273218
6717.5			0.8407884978031368
6718.4			0.86483705188289
6719.3			0.8961139502196691
6720.200000000001			0.9109929349198942
6721.1			0.9119514940195701
6722.0			0.9144261706178316
6722.9			0.9220344139503297
6723.8			0.9230785974160356
6724.700000000001			0.9167744574357855
6725.6			0.9125532755350939
6726.5			0.9176222985431237
6727.4			0.9304363776391749
6728.3			0.9413765364942862
6729.200000000001			0.9503932623808442
6730.1			0.9604714578265013
6731.0			0.9641398906698805
6731.9			0.9604717492920701
6732.8			0.954921166777166
6733.700000000001			0.9539910606006823
6734.6			0.9596948678476686
6735.5			0.9665200313549528
6736.4			0.964252249935994
6737.3			0.9508286983435447
6738.200000000001			0.9336907099950976
6739.1			0.9243438220696195
6740.0			0.9361712806569756
6740.9			0.9526862855009539
6741.8			0.9443870511346908
6742.700000000001			0.9290214154767792
6743.6			0.9400026449618676
6744.5			1.0
6745.4			0.9940196530070862
6746.3			0.9678331629489307
6747.200000000001			0.9424519752202348
6748.1			0.9291283050391815
6749.0			0.9266501903319887
6749.9			0.9331707057000901
6750.8			0.9381635121543046
6751.700000000001			0.9172468809644754
6752.6			0.8888889384398491
6753.5			0.900342045100215
6754.4			0.9393059174116893
6755.3			0.9676621386093752
6756.200000000001			0.9832788552638074
6757.1			0.9960421816723545
6758.0			1.0034828737540418
6758.9			1.0031448672357848
6759.8			0.9997181849771422
6760.700000000001			1.0109893430644041
6761.6			1.0001610824161962
6762.5			1.0005564694622022
6763.4			1.0
6764.3			1.0
6765.200000000001			1.0
6766.1			1.0
6767.0			1.0
6767.9			1.0
6768.8			1.0
6769.700000000001			1.0
6770.6			0.9970784825395
6771.5			1.0095439150493088
6772.4			1.0335520144054768
6773.3			1.0511132120225464
6774.200000000001			1.0619514477952656
6775.1			1.069813016949672
6776.0			1.0722462483975683
6776.9			1.0718012887625095
6777.8			1.0774855908159457
6778.700000000001			1.0866955888776488
6779.6			1.0824472016343585
6780.5			1.0526210482045089
6781.4			1.0036482082535634
6782.3			0.9527964498086268
6783.200000000001			0.9149528530031803
6784.1			0.8999161410464795
6785.0			0.9068621824087941
6785.9			0.9283616100019207
6786.8			0.9556800146414482
6787.700000000001			0.9746483651468802
6788.6			0.9730103269039767
6789.5			0.9607974194175496
6790.4			0.9574083574627679
6791.3			0.9641737784867169
6792.200000000001			0.9653439625100037
6793.1			0.9578971891474564
6794.0			0.9615353562008594
6794.9			0.976132646500316
6795.8			0.989060219805753
6796.700000000001			0.9983507870114864
6797.6			1.0001111171638588
6798.5			1.0
6799.4			1.0
6800.3			1.0
6801.200000000001			1.0
6802.1			1.0
6803.0			1.0
6803.9			1.0
6804.8			1.0
6805.700000000001			1.0
6806.6			1.0
6807.5			1.0
6808.4			1.0
6809.3			1.0
6810.200000000001			1.0
6811.1			1.0
6812.0			1.0
6812.9			1.0
6813.8			1.0
6814.700000000001			1.0
6815.6			1.0
6816.5			1.0
6817.4			1.0
6818.3			1.0
6819.200000000001			1.0
6820.1			1.0
6821.0			1.0
6821.9			1.0
6822.8			1.0
6823.700000000001			1.0
6824.6			1.0
6825.5			1.0
6826.4			1.0
6827.3			1.0
6828.200000000001			1.0
6829.1			1.0
6830.0			1.0
6830.9			1.0
6831.8			1.0
6832.700000000001			1.0
6833.6			1.0
6834.5			1.0
6835.4			1.0
6836.3			1.0
6837.200000000001			0.9943329043531687
6838.1			0.9854927564799179
6839.0			0.9703334202732331
6839.9			0.95021198567649
6840.8			0.9335599506195202
6841.700000000001			0.9357510428293008
6842.6			0.958461917142731
6843.5			0.9845284556218091
6844.4			1.0008570390571274
6845.3			1.0
6846.200000000001			1.0
6847.1			1.0
6848.0			1.0
6848.9			1.0
6849.8			1.0
6850.700000000001			1.0
6851.6			1.0
6852.5			1.0
6853.4			1.0
6854.3			1.0
6855.200000000001			1.0
6856.1			1.0
6857.0			1.0
6857.9			1.0
6858.8			0.9906338994429269
6859.700000000001			0.9623851932606292
6860.6			0.9290700582395275
6861.5			0.9216886521082928
6862.4			0.9504483942812638
6863.3			0.9881757336493998
6864.200000000001			1.0034630629559478
6865.1			1.0
6866.0			1.0
6866.9			1.0
6867.8			1.0
6868.700000000001			1.0
6869.6			1.0
6870.5			1.0
6871.4			1.0
6872.3			1.0
6873.200000000001			1.0
6874.1			1.0
6875.0			1.0
6875.9			1.0
6876.8			1.0
6877.700000000001			1.0
6878.6			1.0
6879.5			1.001232314980025
6880.4			0.9890874314008302
6881.3			0.9608396300483552
6882.200000000001			0.9405524967994969
6883.1			0.9496990972819171
6884.0			0.9777939201176479
6884.9			1.0004927495269564
6885.8			1.0
6886.700000000001			1.0
6887.6			1.0
6888.5			1.0
6889.4			1.0
6890.3			1.0
6891.200000000001			1.0
6892.1			1.0
6893.0			1.0
6893.9			1.0
6894.8			1.0
6895.700000000001			1.0
6896.6			1.0
6897.5			1.0
6898.4			1.0
6899.3			1.0
6900.200000000001			1.0
6901.1			1.0
6902.0			1.0
6902.9			1.0
6903.8			1.0
6904.700000000001			1.0
6905.6			1.0
6906.5			1.0
6907.4			1.0
6908.3			1.0
6909.200000000001			1.0
6910.1			1.0
6911.0			1.0
6911.9			1.0
6912.8			1.0
6913.700000000001			1.0
6914.6			1.0
6915.5			1.0
6916.4			1.0
6917.3			1.0
6918.200000000001			1.0
6919.1			1.0
6920.0			1.0
6920.9			1.0
6921.8			0.9984454732092564
6922.700000000001			0.9881349784947486
6923.6			0.9654438110307209
6924.5			0.9378974646282368
6925.4			0.9242719913495238
6926.3			0.9359713892491405
6927.200000000001			0.9627694539400989
6928.1			0.986632132273266
6929.0			0.9999674106649229
6929.9			1.0
6930.8			1.0
6931.700000000001			1.0
6932.6			1.0
6933.5			1.0
6934.4			1.0
6935.3			1.0
6936.200000000001			1.0
6937.1			1.0
6938.0			1.0
6938.9			1.0
6939.8			1.0
6940.700000000001			1.0092821629783535
6941.6			0.9975408630844911
6942.5			0.9739362046324571
6943.4			0.9494633858833417
6944.3			0.9302285067145443
6945.200000000001			0.9316487629108731
6946.1			0.95698993417331
6947.0			0.9852872354287636
6947.9			1.0000231169464113
6948.8			1.0
6949.700000000001			0.9919988709734514
6950.6			0.9728047927377605
6951.5			0.9529721837512802
6952.4			0.9396718220783024
6953.3			0.9317656668484201
6954.200000000001			0.935383347019872
6955.1			0.9571228175357629
6956.0			0.9860303926391522
6956.9			0.9997532398133621
6957.8			1.0
6958.700000000001			1.0
6959.6			1.0
6960.5			1.0
6961.4			1.0
6962.3			1.0
6963.200000000001			1.0
6964.1			1.0
6965.0			1.0
6965.9			1.0
6966.8			1.0
6967.700000000001			1.0
6968.6			1.0
6969.5			1.0
6970.4			1.0
6971.3			1.0
6972.200000000001			1.0
6973.1			1.0
6974.0			1.0
6974.9			0.9814646735581177
6975.8			0.9626482437185684
6976.700000000001			0.9305859190288175
6977.6			0.882200746010432
6978.5			0.8566796561671768
6979.4			0.8842173014552237
6980.3			0.936350402448645
6981.200000000001			0.9761937689697464
6982.1			0.9999405133747097
6983.0			1.0
6983.9			1.0
6984.8			1.0
6985.700000000001			1.0
6986.6			0.9957052437461275
6987.5			0.9781143293561673
6988.4			0.955559871401428
6989.3			0.9407101821816296
6990.200000000001			0.9442907290874538
6991.1			0.9689780688735605
6992.0			0.998032797118782
6992.9			1.0
6993.8			1.0
6994.700000000001			1.0
6995.6			1.0
6996.5			1.0
6997.4			1.0
6998.3			1.0
6999.200000000001			1.0
7000.1			1.0
7001.0			1.0
7001.9			1.0
7002.8			1.0
7003.700000000001			1.0
7004.6			1.0
7005.5			1.0
7006.4			1.0
7007.3			1.0
7008.200000000001			1.0
7009.1			1.0
7010.0			1.0
7010.9			1.0
7011.8			1.0
7012.700000000001			1.0081329144700677
7013.6			0.9910101336287138
7014.5			0.9468921538201075
7015.4			0.9057016287247385
7016.3			0.906772770240734
7017.200000000001			0.9536934326428163
7018.1			1.0000008979224038
7019.0			1.0
7019.9			1.0
7020.8			0.9984590263956926
7021.700000000001			0.9866769222415983
7022.6			0.9623182588917425
7023.5			0.943294081651002
7024.4			0.9450234576487704
7025.3			0.9632332263109914
7026.200000000001			0.9811795898226605
7027.1			1.0
7028.0			1.007199392206041
7028.9			1.0200983340248069
7029.8			1.033751389574968
7030.700000000001			1.0385704637716509
7031.6			1.0305705888145105
7032.5			1.0200105002034792
7033.4			1.020496913199555
7034.3			1.0321653848739527
7035.200000000001			1.0424814458849956
7036.1			1.0305960307581707
7037.0			0.988208324579166
7037.9			0.9487672132836082
7038.8			0.9610331125249585
7039.700000000001			1.0225676493970954
7040.6			1.0781553913236044
7041.5			1.0972431672009786
7042.4			1.0917859502365692
7043.3			1.0718954774391973
7044.200000000001			1.047926989447521
7045.1			1.0393348309015422
7046.0			1.05083939632776
7046.9			1.0735602425368391
7047.8			1.0935722180541574
7048.700000000001			1.0960663199224263
7049.6			1.0784315955776975
7050.5			1.0492018120194466
7051.4			1.0066617719433482
7052.3			0.9443863006384131
7053.200000000001			0.8716198832119791
7054.1			0.8155449859557403
7055.0			0.812681296912315
7055.9			0.8586613453878563
7056.8			0.9043088477168297
7057.700000000001			0.9165742856666248
7058.6			0.898498588478321
7059.5			0.8729079029946131
7060.4			0.8602204037789801
7061.3			0.8603311523479951
7062.200000000001			0.8651532838639162
7063.1			0.8763484486780883
7064.0			0.8823240523601865
7064.9			0.8672015704480058
7065.8			0.8452678070685102
7066.700000000001			0.8349381594720067
7067.6			0.8331331955401896
7068.5			0.8441507022887471
7069.4			0.8769574129793908
7070.3			0.9176475094546829
7071.200000000001			0.9446153952569997
7072.1			0.9529097941716456
7073.0			0.9515797376765506
7073.9			0.9489909268949639
7074.8			0.949926332179774
7075.700000000001			0.9526938125084863
7076.6			0.9571978945795965
7077.5			0.9646473847161021
7078.4			0.9737919522968134
7079.3			0.9835476113780588
7080.200000000001			0.9889181562478359
7081.1			0.9812569537581793
7082.0			0.9557740271622677
7082.9			0.9147559369647289
7083.8			0.8741000432644641
7084.700000000001			0.857952735385267
7085.6			0.8511916563008574
7086.5			0.8112517324152354
7087.4			0.7537918903432969
7088.3			0.7314745455951907
7089.200000000001			0.7513801130090637
7090.1			0.7891766338493057
7091.0			0.8201371454138242
7091.9			0.8227720633621977
7092.8			0.8043920566177484
7093.700000000001			0.791208009357495
7094.6			0.787432855872281
7095.5			0.7871554000535117
7096.4			0.789637111368525
7097.3			0.7970080772994818
7098.200000000001			0.813863397694967
7099.1			0.8305138770618503
7100.0			0.8312926042398162
7100.9			0.8145507931898699
7101.8			0.7909458062674793
7102.700000000001			0.7821223494695644
7103.6			0.8040629082406363
7104.5			0.8405134488704536
7105.4			0.8590639203427517
7106.3			0.8561589528181722
7107.200000000001			0.8543968896406069
7108.1			0.8565451641370594
7109.0			0.8448500872660603
7109.9			0.8178123718323707
7110.8			0.8006264964754921
7111.700000000001			0.8111237055359622
7112.6			0.8371700795421116
7113.5			0.8555355388118994
7114.4			0.8619780388635137
7115.3			0.8719135065268158
7116.200000000001			0.8872580783529849
7117.1			0.8946055605439797
7118.0			0.8932154083959688
7118.9			0.8910912396147536
7119.8			0.8895073582320155
7120.700000000001			0.8854038355673487
7121.6			0.8805917004863759
7122.5			0.8772039348501317
7123.4			0.853965248792944
7124.3			0.7880374931642153
7125.200000000001			0.7090551763836112
7126.1			0.6747845674134819
7127.0			0.6942185649960793
7127.9			0.723529852198334
7128.8			0.7268645271680976
7129.700000000001			0.7076610617793243
7130.6			0.6925333999685225
7131.5			0.6977373683463234
7132.4			0.7181764926496037
7133.3			0.7396234364998333
7134.200000000001			0.7529698384285244
7135.1			0.758354356214654
7136.0			0.7603263927464702
7136.9			0.7541742356202141
7137.8			0.7381353218627471
7138.700000000001			0.7316432905411645
7139.6			0.7480445528286954
7140.5			0.7725683849168649
7141.4			0.7850989910853701
7142.3			0.7871261145316364
7143.200000000001			0.7901796794378778
7144.1			0.797403497366526
7145.0			0.8065489099633146
7145.9			0.8080033645028977
7146.8			0.7935098380445965
7147.700000000001			0.7774277453309176
7148.6			0.7774004748032627
7149.5			0.7886993866355931
7150.4			0.8011527624298834
7151.3			0.8165057818248564
7152.200000000001			0.8325574052783803
7153.1			0.8370486329314513
7154.0			0.8306151762134689
7154.9			0.8327444823510333
7155.8			1.0
7156.700000000001			1.0104448830570378
7157.6			0.9880497425021214
7158.5			0.9514538401798623
7159.4			0.936290434667105
7160.3			0.9545813741109637
7161.200000000001			0.9864619348486212
7162.1			0.9999438717353921
7163.0			0.8379625222471269
7163.9			0.8138592039767889
7164.8			0.8099376326333834
7165.700000000001			0.8306155606337472
7166.6			0.8534267862302504
7167.5			0.8583801226645683
7168.4			0.8502025985036735
7169.3			0.8531514411905542
7170.200000000001			0.8771383438194275
7171.1			0.9043426842411952
7172.0			0.916359044614826
7172.9			0.9120519164128811
7173.8			0.9005718067443905
7174.700000000001			0.8905387307589216
7175.6			0.888951868485881
7176.5			0.9019326780171011
7177.4			0.9185994753371081
7178.3			0.9173723330677382
7179.200000000001			0.8954188380798371
7180.1			1.0
7181.0			1.0132222131924697
7181.9			1.056214903143312
7182.8			1.0952184602001709
7183.700000000001			1.1093545758827867
7184.6			1.0979516357392105
7185.5			1.0632151810355086
7186.4			1.0127181531319875
7187.3			0.9712616523037368
7188.200000000001			0.9666694041349195
7189.1			1.0017523619314528
7190.0			1.0523032942437571
7190.9			1.0835125667567815
7191.8			1.0896753429239532
7192.700000000001			1.094184154351041
7193.6			1.1085395528255964
7194.5			1.1170595084133792
7195.4			1.1003291959949058
7196.3			1.065752548931698
7197.200000000001			1.0492621531574637
7198.1			1.062439404760214
7199.0			1.0803415906331824
7199.9			1.0807838276758763
7200.8			1.0695350236431653
7201.700000000001			1.07371192224457
7202.6			1.1061197802293627
7203.5			1.1420995631585498
7204.4			1.1449447540232185
7205.3			1.1054423358211969
7206.200000000001			1.053571674395366
7207.1			1.0278867291163278
7208.0			1.0376858774985713
7208.9			1.0732020195514664
7209.8			1.122934417669089
7210.700000000001			1.1591258142744862
7211.6			1.1577276432818875
7212.5			1.135887322398482
7213.4			1.124990035389185
7214.3			1.1268896324832696
7215.200000000001			1.1317061631298624
7216.1			1.1499720232237118
7217.0			1.1860221081004825
7217.9			1.2116799462980645
7218.8			1.2100300216306357
7219.700000000001			1.1998608121704315
7220.6			1.1972209364239903
7221.5			1.1973110378197476
7222.4			1.1964221047309842
7223.3			1.2089711549197797
7224.200000000001			1.2405687369754477
7225.1			1.2727805616478391
7226.0			1.2847075039254865
7226.9			1.2710889108372943
7227.8			1.2472561006705805
7228.700000000001			1.243063604125714
7229.6			1.2608474837508719
7230.5			1.2755493709439245
7231.4			1.2757882218638612
7232.3			1.2781669654284145
7233.200000000001			1.297521236491664
7234.1			1.3140562964322697
7235.0			1.3015815641673711
7235.9			1.2800990254147486
7236.8			1.289354476567177
7237.700000000001			1.3209594496683674
7238.6			1.3347172070449662
7239.5			1.328749417494764
7240.4			1.3339685285067893
7241.3			1.3525687419355623
7242.200000000001			1.352885027608526
7243.1			1.3241749662625664
7244.0			1.3051017066867137
7244.9			1.3328804490046269
7245.8			1.395763501989149
7246.700000000001			1.4511607175661436
7247.6			1.4769791358232331
7248.5			1.4709140765966227
7249.4			1.4332389781681738
7250.3			1.37621302210586
7251.200000000001			1.3329579783621814
7252.1			1.326500533096316
7253.0			1.3448948484012468
7253.9			1.3712080461813478
7254.8			1.4062781014834331
7255.700000000001			1.442981629503383
7256.6			1.4600916135975688
7257.5			1.453309117641902
7258.4			1.4327670336557683
7259.3			1.395887063499348
7260.200000000001			1.3492347026176617
7261.1			1.3406707579225214
7262.0			1.3861634809131922
7262.9			1.4356673752875067
7263.8			1.4498845570971686
7264.700000000001			1.4448633727074907
7265.6			1.4520106666274182
7266.5			1.4788584181951618
7267.4			1.5035359653223404
7268.3			1.5054946633013173
7269.200000000001			1.4862492534416816
7270.1			1.4613789901747982
7271.0			1.4520783593513051
7271.9			1.468115201190515
7272.8			1.5026566943521555
7273.700000000001			1.55180206165093
7274.6			1.6042912495105206
7275.5			1.6312064798080668
7276.4			1.6203885717987048
7277.3			1.5962040628209164
7278.200000000001			1.5828124622538267
7279.1			1.57125878350599
7280.0			1.5460986896007092
7280.9			1.5180853377722914
7281.8			1.5109548986904973
7282.700000000001			1.527494320568076
7283.6			1.5584496859093415
7284.5			1.6039048185015283
7285.4			1.6536124465112019
7286.3			1.6674813073528545
7287.200000000001			1.639284277624487
7288.1			1.6082314700264664
7289.0			1.584546093490191
7289.9			1.5450222269073357
7290.8			1.5097023919317623
7291.700000000001			1.5227586909694801
7292.6			1.5797122567815092
7293.5			1.6472993626790784
7294.4			1.7061923575960325
7295.3			1.7492066500633519
7296.200000000001			1.7556107981578006
7297.1			1.7213325132401194
7298.0			1.6737880730846515
7298.9			1.6493589644947435
7299.8			1.6651803065013575
7300.700000000001			1.6945101571925416
7301.6			1.70081099941843
7302.5			1.696531043495148
7303.4			1.7051079040781827
7304.3			1.712748494209008
7305.200000000001			1.701976048045371
7306.1			1.6861258431242205
7307.0			1.6914494189304934
7307.9			1.720619268635766
7308.8			1.7425378155847586
7309.700000000001			1.7312468647529304
7310.6			1.713509890419231
7311.5			1.7284264183300804
7312.4			1.7612424807408507
7313.3			1.7768770667319977
7314.200000000001			1.7566041291772945
7315.1			1.717587177863737
7316.0			1.6948733248652117
7316.9			1.7015496129227399
7317.8			1.7309187537278783
7318.700000000001			1.7702004378076874
7319.6			1.803774362563136
7320.5			1.8199944202318898
7321.4			1.8097019209788747
7322.3			1.770905677582392
7323.200000000001			1.7343995456884258
7324.1			1.720669391977133
7325.0			1.7324247996570987
7325.9			1.7838606494401152
7326.8			1.8588784492465154
7327.700000000001			1.901033551978777
7328.6			1.897524786934216
7329.5			1.8763895969037108
7330.4			1.860987344126349
7331.3			1.8586227140286309
7332.200000000001			1.8731228212987598
7333.1			1.902308750072308
7334.0			1.937114280227758
7334.9			1.963750876926046
7335.8			1.9783947586674393
7336.700000000001			1.980552103110408
7337.6			1.9839658738114971
7338.5			2.0059268976787874
7339.4			2.0454953399462164
7340.3			2.0833147033854016
7341.200000000001			2.0802936606329014
7342.1			2.0135489437143304
7343.0			1.9244961154309095
7343.9			1.9018942355784372
7344.8			1.964463934169879
7345.700000000001			2.043460209730947
7346.6			2.0937464577880727
7347.5			2.1098533530358075
7348.4			2.089525922715661
7349.3			2.0447957298631265
7350.200000000001			2.0146146111992924
7351.1			2.017357570272768
7352.0			2.0271711631908245
7352.9			2.0066769064179093
7353.8			1.9416003868352703
7354.700000000001			1.8679252123620367
7355.6			1.8517683832460232
7356.5			1.93216996399878
7357.4			2.0648702784206905
7358.3			2.1593231138317823
7359.200000000001			2.1565218402107083
7360.1			2.0847691613931767
7361.0			2.0152011961770824
7361.9			2.0007148581851997
7362.8			2.05097781752338
7363.700000000001			2.133425524445214
7364.6			2.2017861005846475
7365.5			2.2468787936902492
7366.4			2.2945165894600206
7367.3			2.3328963085403736
7368.200000000001			2.350121132433592
7369.1			2.3791248350859715
7370.0			2.431472782159212
7370.9			2.465566441908829
7371.8			2.4724695783760335
7372.700000000001			2.471882979804659
7373.6			2.471537010480192
7374.5			2.4712739321811155
7375.4			2.4787875751640382
7376.3			2.506074312197147
7377.200000000001			2.535205689176091
7378.1			2.5444278076116476
7379.0			2.5226356554542946
7379.9			2.4730725281266626
7380.8			2.4249551859529257
7381.700000000001			2.4157382729558976
7382.6			2.4226290412359464
7383.5			2.3989084067206266
7384.4			2.3565461671056633
7385.3			2.3415272627534014
7386.200000000001			2.3469179558099094
7387.1			2.3204801570357496
7388.0			2.277416170812818
7388.9			2.2801381812304258
7389.8			2.3321674572033277
7390.700000000001			2.38352454533807
7391.6			2.401362405338579
7392.5			2.4207326562511557
7393.4			2.47692800764311
7394.3			2.5313805367198845
7395.200000000001			2.551895237077636
7396.1			2.55232050294744
7397.0			2.536138545742627
7397.9			2.4939077768400115
7398.8			2.435040112582003
7399.700000000001			2.4125635857572933
7400.6			2.4674457628804074
7401.5			2.5747745571443574
7402.4			2.6775658945999634
7403.3			2.7338477631944236
7404.200000000001			2.743428982331478
7405.1			2.7387416030543688
7406.0			2.7467818124327397
7406.9			2.7433815995039166
7407.8			2.708792731219487
7408.700000000001			2.681277775015281
7409.6			2.692102066362114
7410.5			2.7019212772311785
7411.4			2.232549801181816
7412.3			0.9864048729873676
7413.200000000001			0.15653180985374526
7414.1			1.441313240881462e-05
7415.0			1.4474784313129651e-05
7415.9			1.4536965912942574e-05
7416.8			1.4599684064193456e-05
7417.700000000001			1.4662945741651862e-05
7418.6			1.4726758041502545e-05
7419.5			1.479112818399895e-05
7420.4			1.4856063516186634e-05
7421.3			1.4921571514698703e-05
7422.200000000001			1.498765978862557e-05
7423.1			1.5054336082461294e-05
7424.0			1.5121608279128925e-05
7424.9			1.518948440308731e-05
7425.8			1.5257972623521988e-05
7426.700000000001			1.532708125762276e-05
7427.6			1.5396818773950745e-05
7428.5			1.5467193795897803e-05
7429.4			1.0
