3500.0			1.0
3500.9			1.0
3501.8			1.0
3502.7			1.0
3503.6			1.0
3504.5			1.0
3505.4			1.0
3506.3			1.0
3507.2			1.0
3508.1			1.0
3509.0			1.0
3509.9			1.0
3510.8			1.0
3511.7			1.0
3512.6			1.0
3513.5			1.0
3514.4			1.0
3515.3			1.0
3516.2			1.0
3517.1			1.0
3518.0			1.0
3518.9			1.0
3519.8			1.0
3520.7			1.0
3521.6			1.0
3522.5			1.0
3523.4			1.0
3524.3			1.0
3525.2			1.0
3526.1			1.0
3527.0			1.0
3527.9			1.0
3528.8			1.0
3529.7			1.0
3530.6			1.0
3531.5			1.0
3532.4			1.0
3533.3			1.0
3534.2			1.0
3535.1			1.0
3536.0			1.0
3536.9			1.0
3537.8			1.0
3538.7			1.0
3539.6			1.0
3540.5			1.0
3541.4			1.0
3542.3			1.0
3543.2			1.0
3544.1			1.0
3545.0			1.0
3545.9			1.0
3546.8			1.0
3547.7			1.0
3548.6			1.0
3549.5			1.0
3550.4			1.0
3551.3			1.0
3552.2			1.0
3553.1			1.0
3554.0			1.0
3554.9			1.0
3555.8			1.0
3556.7			1.0
3557.6			1.0
3558.5			1.0
3559.4			1.0
3560.3			1.0
3561.2			1.0
3562.1			1.0
3563.0			1.0
3563.9			1.0
3564.8			1.0
3565.7			1.0
3566.6			1.0
3567.5			1.0
3568.4			1.0
3569.3			1.0
3570.2			1.0
3571.1			1.0
3572.0			1.0
3572.9			1.0
3573.8			1.0
3574.7			1.0
3575.6			1.0
3576.5			1.0
3577.4			1.0
3578.3			1.0
3579.2			1.0
3580.1			1.0
3581.0			1.0
3581.9			1.0
3582.8			1.0
3583.7			1.0
3584.6			1.0
3585.5			1.0
3586.4			1.0
3587.3			1.0
3588.2			1.0
3589.1			1.0
3590.0			1.0
3590.9			1.0
3591.8			1.0
3592.7			1.0
3593.6			1.0
3594.5			1.0
3595.4			1.0
3596.3			1.0
3597.2			1.0
3598.1			1.0
3599.0			1.0
3599.9			1.0
3600.8			1.0
3601.7			1.0
3602.6			1.0
3603.5			1.0
3604.4			1.0
3605.3			1.0
3606.2			1.0
3607.1			1.0
3608.0			1.0
3608.9			1.0
3609.8			1.0
3610.7			1.0
3611.6			1.0
3612.5			1.0
3613.4			1.0
3614.3			1.0
3615.2			1.0
3616.1			1.0
3617.0			1.0
3617.9			1.0
3618.8			1.0
3619.7			1.0
3620.6			1.0
3621.5			1.0
3622.4			1.0
3623.3			1.0
3624.2			1.0
3625.1			1.0
3626.0			1.0
3626.9			1.0
3627.8			1.0
3628.7			1.0
3629.6			1.0
3630.5			1.0
3631.4			1.0
3632.3			1.0
3633.2			1.0
3634.1			1.0
3635.0			1.0
3635.9			1.0
3636.8			1.0
3637.7			1.0
3638.6			1.0
3639.5			1.0
3640.4			1.0
3641.3			1.0
3642.2			1.0
3643.1			1.0
3644.0			1.0
3644.9			1.0
3645.8			1.0
3646.7			1.0
3647.6			1.0
3648.5			1.0
3649.4			1.0
3650.3			1.0
3651.2			1.0
3652.1			1.0
3653.0			1.0
3653.9			1.0
3654.8			1.0
3655.7			1.0
3656.6			1.0
3657.5			1.0
3658.4			1.0
3659.3			1.0
3660.2			1.0
3661.1			1.0
3662.0			1.0
3662.9			1.0
3663.8			1.0
3664.7			1.0
3665.6			1.0
3666.5			1.0
3667.4			1.0
3668.3			1.0
3669.2			1.0
3670.1			1.0
3671.0			1.0
3671.9			1.0
3672.8			1.0
3673.7			1.0
3674.6			1.0
3675.5			1.0
3676.4			1.0
3677.3			1.0
3678.2			1.0
3679.1			1.0
3680.0			1.0
3680.9			1.0
3681.8			1.0
3682.7			1.0
3683.6			1.0
3684.5			1.0
3685.4			1.0
3686.3			1.0
3687.2			1.0
3688.1			1.0
3689.0			1.0
3689.9			1.0
3690.8			1.0
3691.7			1.0
3692.6			1.0
3693.5			1.0
3694.4			1.0
3695.3			1.0
3696.2			1.0
3697.1			1.0
3698.0			1.0
3698.9			1.0
3699.8			1.0
3700.7			1.0
3701.6			1.0
3702.5			1.0
3703.4			1.0
3704.3			1.0
3705.2			1.0
3706.1			1.0
3707.0			1.0
3707.9			1.0
3708.8			1.0
3709.7			1.0
3710.6			1.0
3711.5			1.0
3712.4			1.0
3713.3			1.0
3714.2			1.0
3715.1			1.0
3716.0			1.0
3716.9			1.0
3717.8			1.0
3718.7			1.0
3719.6			1.0
3720.5			1.0
3721.4			1.0
3722.3			1.0
3723.2			1.0
3724.1			1.0
3725.0			1.0
3725.9			1.0
3726.8			1.0
3727.7			1.0
3728.6			1.0
3729.5			1.0
3730.4			1.0
3731.3			1.0
3732.2			1.0
3733.1			1.0
3734.0			1.0
3734.9			1.0
3735.8			1.0
3736.7			1.0
3737.6			1.0
3738.5			1.0
3739.4			1.0
3740.3			1.0
3741.2			1.0
3742.1			1.0
3743.0			1.0
3743.9			1.0
3744.8			1.0
3745.7			1.0
3746.6			1.0
3747.5			1.0
3748.4			1.0
3749.3			1.0
3750.2			1.0
3751.1			1.0
3752.0			1.0
3752.9			1.0
3753.8			1.0
3754.7			1.0
3755.6			1.0
3756.5			1.0
3757.4			1.0
3758.3			1.0
3759.2			1.0
3760.1			1.0
3761.0			1.0
3761.9			1.0
3762.8			1.0
3763.7			1.0
3764.6			1.0
3765.5			1.0
3766.4			1.0
3767.3			1.0
3768.2			1.0
3769.1			1.0
3770.0			1.0
3770.9			1.0
3771.8			1.0
3772.7			1.0
3773.6			1.0
3774.5			1.0
3775.4			1.0
3776.3			1.0
3777.2			1.0
3778.1			1.0
3779.0			1.0
3779.9			1.0
3780.8			1.0
3781.7			1.0
3782.6			1.0
3783.5			1.0
3784.4			1.0
3785.3			1.0
3786.2			1.0
3787.1			1.0
3788.0			1.0
3788.9			1.0
3789.8			1.0
3790.7			1.0
3791.6			1.0
3792.5			1.0
3793.4			1.0
3794.3			1.0
3795.2			1.0
3796.1			1.0
3797.0			1.0
3797.9			1.0
3798.8			1.0
3799.7			1.0
3800.6			1.0
3801.5			1.0
3802.4			1.0
3803.3			1.0
3804.2			1.0
3805.1			1.0
3806.0			1.0
3806.9			1.0
3807.8			1.0
3808.7			1.0
3809.6			1.0
3810.5			1.0
3811.4			1.0
3812.3			1.0
3813.2			1.0
3814.1			1.0
3815.0			1.0
3815.9			1.0
3816.8			1.0
3817.7			1.0
3818.6			1.0
3819.5			1.0
3820.4			1.0
3821.3			1.0
3822.2			1.0
3823.1			1.0
3824.0			1.0
3824.9			1.0
3825.8			1.0
3826.7			1.0
3827.6			1.0
3828.5			1.0
3829.4			1.0
3830.3			1.0
3831.2			1.0
3832.1			1.0
3833.0			1.0
3833.9			1.0
3834.8			1.0
3835.7			1.0
3836.6			1.0
3837.5			1.0
3838.4			1.0
3839.3			1.0
3840.2			1.0
3841.1			1.0
3842.0			1.0
3842.9			1.0
3843.8			1.0
3844.7			1.0
3845.6			1.0
3846.5			1.0
3847.4			1.0
3848.3			1.0
3849.2			1.0
3850.1			1.0
3851.0			1.0
3851.9			1.0
3852.8			1.0
3853.7			1.0
3854.6			1.0
3855.5			1.0
3856.4			1.0
3857.3			1.0
3858.2			1.0
3859.1			1.0
3860.0			1.0
3860.9			1.0
3861.8			1.0
3862.7			1.0
3863.6			1.0
3864.5			1.0
3865.4			1.0
3866.3			1.0
3867.2			1.0
3868.1			1.0
3869.0			1.0
3869.9			1.0
3870.8			1.0
3871.7			1.0
3872.6			1.0
3873.5			1.0
3874.4			1.0
3875.3			1.0
3876.2			1.0
3877.1			1.0
3878.0			1.0
3878.9			1.0
3879.8			1.0
3880.7			1.0
3881.6			1.0
3882.5			1.0
3883.4			1.0
3884.3			1.0
3885.2			1.0
3886.1			1.0
3887.0			1.0
3887.9			1.0
3888.8			1.0
3889.7			1.0
3890.6			1.0
3891.5			1.0
3892.4			1.0
3893.3			1.0
3894.2			1.0
3895.1			1.0
3896.0			1.0
3896.9			1.0
3897.8			1.0
3898.7			1.0
3899.6			1.0
3900.5			1.0
3901.4			1.0
3902.3			1.0
3903.2			1.0
3904.1			1.0
3905.0			1.0
3905.9			1.0
3906.8			1.0
3907.7			1.0
3908.6			1.0
3909.5			1.0
3910.4			1.0
3911.3			1.0
3912.2			1.0
3913.1			1.0
3914.0			1.0
3914.9			1.0
3915.8			1.0
3916.7			1.0
3917.6			1.0
3918.5			1.0
3919.4			1.0
3920.3			1.0
3921.2			1.0
3922.1			1.0
3923.0			1.0
3923.9			1.0
3924.8			1.0
3925.7			1.0
3926.6			1.0
3927.5			1.0
3928.4			1.0
3929.3			1.0
3930.2			1.0
3931.1			1.0
3932.0			1.0
3932.9			1.0
3933.8			1.0
3934.7			1.0
3935.6			1.0
3936.5			1.0
3937.4			1.0
3938.3			1.0
3939.2			1.0
3940.1			1.0
3941.0			1.0
3941.9			1.0
3942.8			1.0
3943.7			1.0
3944.6			1.0
3945.5			1.0
3946.4			1.0
3947.3			1.0
3948.2			1.0
3949.1			1.0
3950.0			1.0
3950.9			1.0
3951.8			1.0
3952.7			1.0
3953.6			1.0
3954.5			1.0
3955.4			1.0
3956.3			1.0
3957.2			1.0
3958.1			1.0
3959.0			1.0
3959.9			1.0
3960.8			1.0
3961.7			1.0
3962.6			1.0
3963.5			1.0
3964.4			1.0
3965.3			1.0
3966.2			1.0
3967.1			1.0
3968.0			1.0
3968.9			1.0
3969.8			1.0
3970.7			1.0
3971.6			1.0
3972.5			1.0
3973.4			1.0
3974.3			1.0
3975.2			1.0
3976.1			1.0
3977.0			1.0
3977.9			1.0
3978.8			1.0
3979.7			1.0
3980.6			1.0
3981.5			1.0
3982.4			1.0
3983.3			1.0
3984.2			1.0
3985.1			1.0
3986.0			1.0
3986.9			1.0
3987.8			1.0
3988.7			1.0
3989.6			1.0
3990.5			1.0
3991.4			1.0
3992.3			1.0
3993.2			1.0
3994.1			1.0
3995.0			1.0
3995.9			1.0
3996.8			1.0
3997.7			1.0
3998.6			1.0
3999.5			1.0
4000.4			1.0
4001.3			1.0
4002.2			1.0
4003.1			1.070930463488218
4004.0			1.0370473392000954
4004.9			0.8769027083869171
4005.8			0.7600851121635276
4006.7			0.7979782587790926
4007.6			0.8977027330268469
4008.5			0.9882728190680603
4009.4			1.0
4010.3			1.0
4011.2			1.0
4012.1			1.0
4013.0			1.0
4013.9			1.0
4014.8			1.0
4015.7			1.0
4016.6			1.0
4017.5			1.0
4018.4			1.0
4019.3			1.0
4020.2			1.0
4021.1			1.0
4022.0			1.0
4022.9			1.0
4023.8			1.0
4024.7			1.0
4025.6			1.0
4026.5			1.0
4027.4			1.0
4028.3			1.0261051867892657
4029.2			0.9893227646895337
4030.1			0.8589598888856673
4031.0			0.7262392892911631
4031.9			0.6721867595778369
4032.8			0.6617965289216502
4033.7			0.6438973751188539
4034.6			0.6479522904166046
4035.5			0.7283135208181241
4036.4			0.8787696597182766
4037.3			1.0047544522924254
4038.2			1.0399844647738712
4039.1			0.9996477827638406
4040.0			1.0
4040.9			1.0
4041.8			1.0150745804884567
4042.7			1.015870424361842
4043.6			0.8866421245590461
4044.5			0.6890987857232217
4045.4			0.5648688396837873
4046.3			0.5848987482927591
4047.2			0.7478719789489132
4048.1			0.9214051955490709
4049.0			0.9997414887676029
4049.9			1.0
4050.8			1.0
4051.7			1.0
4052.6			1.0
4053.5			1.0
4054.4			1.0
4055.3			1.0
4056.2			1.0
4057.1			1.0
4058.0			1.0
4058.9			1.0
4059.8			1.0
4060.7			1.1191930795350011
4061.6			1.0908013703672546
4062.5			0.8947338417219428
4063.4			0.688236007709125
4064.3			0.695461630761844
4065.2			0.8832168494192079
4066.1			0.9976979419002961
4067.0			1.0
4067.9			1.0
4068.8			1.0
4069.7			1.0
4070.6			1.0
4071.5			1.0
4072.4			1.0
4073.3			1.0
4074.2			1.0
4075.1			0.9218533006377071
4076.0			0.7635524520403675
4076.9			0.6270001917278482
4077.8			0.5985048419219643
4078.7			0.7066649879107109
4079.6			0.8708215095181493
4080.5			1.0001937479138394
4081.4			1.0
4082.3			1.0
4083.2			1.0
4084.1			1.0
4085.0			1.0
4085.9			1.0
4086.8			1.0
4087.7			1.0
4088.6			1.0
4089.5			1.0
4090.4			1.0
4091.3			1.0
4092.2			1.0
4093.1			1.0
4094.0			1.0
4094.9			1.0
4095.8			1.0
4096.7			1.0
4097.6			1.0226241199576676
4098.5			1.0546366475851636
4099.4			1.0216572877403787
4100.3			0.9111746220464453
4101.2			0.8086148064566478
4102.1			0.8329124578541477
4103.0			0.9381578491754928
4103.9			0.9918436853568301
4104.8			0.99776819309785
4105.7			1.0
4106.6			1.0
4107.5			1.0
4108.4			1.0
4109.3			1.0
4110.2			1.0
4111.1			1.0
4112.0			1.0
4112.9			1.0
4113.8			1.0
4114.7			1.0
4115.6			1.0
4116.5			1.0
4117.4			1.0
4118.3			1.0
4119.2			1.0
4120.1			1.0
4121.0			1.0
4121.9			1.0
4122.8			1.0
4123.7			1.0
4124.6			1.0
4125.5			1.0
4126.4			1.0
4127.3			1.0
4128.2			1.0
4129.1			0.9704849018805476
4130.0			0.9461885211390955
4130.9			0.900188022871242
4131.8			0.8134376074244337
4132.7			0.7271966630841098
4133.6			0.7347502874477068
4134.5			0.8159572096024136
4135.4			0.9240577247221287
4136.3			1.0070529496200689
4137.2			1.0
4138.1			1.0
4139.0			1.0144545100100912
4139.9			1.0246677387136007
4140.8			0.9976993322131156
4141.7			0.8799922069512913
4142.6			0.6979313689763479
4143.5			0.6044951812713953
4144.4			0.6788189955740036
4145.3			0.837809860032283
4146.2			0.9621994957961589
4147.1			1.0165774831523735
4148.0			1.0048786953677389
4148.9			1.0
4149.8			1.0
4150.7			1.0
4151.6			1.0
4152.5			1.0
4153.4			1.0
4154.3			1.0
4155.2			1.0
4156.1			1.0
4157.0			1.0
4157.9			1.0
4158.8			1.0
4159.7			1.0
4160.6			1.0
4161.5			1.0
4162.4			1.0579474015361188
4163.3			1.0472427613305693
4164.2			0.9745051372461702
4165.1			0.9311931525338099
4166.0			0.9222079539985969
4166.9			0.9016735714472699
4167.8			0.888365532746224
4168.7			0.9079051878652442
4169.6			0.9402274232806735
4170.5			0.9512944434537403
4171.4			0.8823867079574192
4172.3			0.7529627605814686
4173.2			0.6916257612172806
4174.1			0.7271636454508027
4175.0			0.7810408879773998
4175.9			0.8219711634665795
4176.8			0.8353369624430017
4177.7			0.8132218696340024
4178.6			0.8064355427724765
4179.5			0.8331695327799522
4180.4			0.8416409875452538
4181.3			0.8171990949360823
4182.2			1.0
4183.1			1.084583530664042
4184.0			1.1787894315809306
4184.9			1.2283449838422595
4185.8			1.181548995450651
4186.7			1.0387310091051754
4187.6			0.9390972069132952
4188.5			0.9551143354595902
4189.4			1.0079365517649939
4190.3			1.0131320702139606
4191.2			0.9826940587950092
4192.1			1.0
4193.0			1.078255956326134
4193.9			1.0849462664858105
4194.8			0.9791260952839577
4195.7			0.8527614933070217
4196.6			0.8023662746927225
4197.5			0.796710998805682
4198.4			0.7970230113994333
4199.3			0.8388804486232961
4200.2			0.8736409066262608
4201.1			0.821637776284692
4202.0			0.7650809561936294
4202.9			0.8088533326882681
4203.8			0.90698121149981
4204.7			0.9570596841873579
4205.6			0.9897564169444041
4206.5			1.050571287306727
4207.4			1.104871653751533
4208.3			1.1149008164970537
4209.2			1.067429272040336
4210.1			1.0020690582306533
4211.0			0.9989499871464967
4211.9			1.0
4212.8			0.9791023363790333
4213.7			0.8672402093885054
4214.6			0.7342471604202744
4215.5			0.6579980711020327
4216.4			0.724234836446472
4217.3			0.8843277407558899
4218.2			0.9879132776158792
4219.1			1.0
4220.0			1.0
4220.9			1.0
4221.8			1.0
4222.7			1.0
4223.6			0.8875377844404377
4224.5			0.7718370450008815
4225.4			0.5968486587594082
4226.3			0.41183686499510475
4227.2			0.40320812493761576
4228.1			0.6170204429150885
4229.0			0.8433444164005605
4229.9			0.9493118134700536
4230.8			1.003184983260515
4231.7			1.0
4232.6			0.9580902817288744
4233.5			0.9176820179863706
4234.4			0.9038555184030718
4235.3			0.8629294666883475
4236.2			0.7958087572159441
4237.1			0.7861914146891661
4238.0			0.8311283907626887
4238.9			0.8673138866449883
4239.8			0.9000815371668413
4240.7			0.9577211427211659
4241.6			0.9995837842399632
4242.5			1.0
4243.4			1.0
4244.3			1.0
4245.2			1.0
4246.1			1.0
4247.0			0.9341752690851524
4247.9			0.8826601611371202
4248.8			0.8648295498980899
4249.7			0.8361380135215681
4250.6			0.8299429991121977
4251.5			0.9266385160032432
4252.4			1.0556344845696017
4253.3			1.0768854533204701
4254.2			1.0171489133364273
4255.1			1.0
4256.0			1.0
4256.9			1.0903800727652355
4257.8			1.0696413639777014
4258.7			0.9347533985116752
4259.6			0.7904044684817066
4260.5			0.7109636967650603
4261.4			0.7429436458955399
4262.3			0.8677349474602775
4263.2			0.9706043450919254
4264.1			0.9848618841504269
4265.0			1.0
4265.9			1.0
4266.8			0.9771592095087035
4267.7			0.8998968008405905
4268.6			0.8379837217493191
4269.5			0.7880868453397426
4270.4			0.6858543123817629
4271.3			0.5647069650697594
4272.2			0.5377238060813143
4273.1			0.6073767359953216
4274.0			0.6533693769656412
4274.9			0.6663664187465006
4275.8			0.7453657347507178
4276.7			0.8862133290438969
4277.6			0.9975982226271033
4278.5			1.0
4279.4			1.0
4280.3			1.0
4281.2			1.0
4282.1			1.0
4283.0			1.0
4283.9			1.0
4284.8			1.0
4285.7			1.0
4286.6			1.0
4287.5			1.0
4288.4			0.9852599246029583
4289.3			0.8730098957237873
4290.2			0.7995191535876165
4291.1			0.8608694828514715
4292.0			1.0
4292.9			1.0785308240185434
4293.8			1.0656844964001195
4294.7			1.0268787700729403
4295.6			1.0244653442052467
4296.5			1.0069894120816023
4297.4			0.9387020612075664
4298.3			0.8282950783360942
4299.2			0.6956719947465252
4300.1			0.6342463350053746
4301.0			0.6927362513810229
4301.9			0.7667756000382874
4302.8			0.7707564180871562
4303.7			0.7596962103153475
4304.6			0.7626986386876051
4305.5			0.742859147888609
4306.4			0.6924871080287965
4307.3			0.6122370358086313
4308.2			0.5504183558135725
4309.1			0.569242595797524
4310.0			0.6339644386261407
4310.9			0.6986001908283929
4311.8			0.7741767026990675
4312.7			0.8732861991869816
4313.6			0.9620478335576944
4314.5			1.0450017549522614
4315.4			1.2263771334101832
4316.3			1.4617395398741335
4317.2			1.5607831078827998
4318.1			1.5313941140066603
4319.0			1.495239413395384
4319.9			1.0
4320.8			0.9532450070966787
4321.7			0.9149592088841154
4322.6			0.8428997034775744
4323.5			0.7011734537253907
4324.4			0.5753151041624988
4325.3			0.5019188165630596
4326.2			0.540298904653903
4327.1			0.7310827380673294
4328.0			0.9395619710435891
4328.9			1.0293199353411087
4329.8			1.0043343867275265
4330.7			1.0
4331.6			1.0
4332.5			1.0
4333.4			1.0
4334.3			1.0
4335.2			1.0
4336.1			0.9907760116622072
4337.0			0.8624014178398788
4337.9			0.728105812357036
4338.8			0.6771720986479081
4339.7			0.6529749686006443
4340.6			0.646648333987315
4341.5			0.7326893322057749
4342.4			0.8645766939306916
4343.3			0.9196600929943811
4344.2			0.9383316990594424
4345.1			0.9975603227324693
4346.0			1.0
4346.9			1.0
4347.8			1.0
4348.7			1.0847410489274616
4349.6			1.1096429422664031
4350.5			0.9812762915461629
4351.4			0.8015401406484218
4352.3			0.7601218010415023
4353.2			0.8605765984520464
4354.1			0.93888089332665
4355.0			0.9561846877559117
4355.9			0.9979431738548238
4356.8			1.0
4357.7			1.0
4358.6			1.0
4359.5			1.0
4360.4			1.0
4361.3			1.0
4362.2			1.0
4363.1			1.0
4364.0			1.0
4364.9			1.0
4365.8			1.0
4366.7			1.0
4367.6			1.0
4368.5			1.0
4369.4			1.0
4370.3			1.0
4371.2			1.0
4372.1			0.9928002527391291
4373.0			0.9419516426079269
4373.9			0.8480982817728479
4374.8			0.772670325874977
4375.7			0.7902591112620551
4376.6			0.8982224372229961
4377.5			1.0014510638279297
4378.4			1.0
4379.3			1.0
4380.2			0.9734541656761551
4381.1			0.9440076382740552
4382.0			0.8415421558400519
4382.9			0.631156129331122
4383.8			0.47298489188195686
4384.7			0.5342689255021476
4385.6			0.755959071496272
4386.5			0.9423450865048992
4387.4			0.9997302738210493
4388.3			1.0
4389.2			1.0
4390.1			1.0
4391.0			1.0
4391.9			1.0
4392.8			1.0
4393.7			1.0
4394.6			1.0
4395.5			1.0
4396.4			1.0
4397.3			1.0
4398.2			1.0
4399.1			1.0
4400.0			0.9004801097811401
4400.9			0.888662076560009
4401.8			0.9795609098380745
4402.7			1.010829896815607
4403.6			0.8550086202330122
4404.5			0.6624698295870206
4405.4			0.6432111523421665
4406.3			0.751090758515187
4407.2			0.8041769241240958
4408.1			0.7843746921991918
4409.0			0.8091061562269104
4409.9			0.9066808064450422
4410.8			0.9977455145731221
4411.7			1.0
4412.6			1.0300281621231906
4413.5			0.9858164638879279
4414.4			0.8558939183257366
4415.3			0.7617924928660187
4416.2			0.7955731325759091
4417.1			0.8974153952926059
4418.0			0.9951329265208906
4418.9			1.0
4419.8			1.0
4420.7			1.0
4421.6			1.0
4422.5			1.0
4423.4			1.0
4424.3			1.0
4425.2			1.0
4426.1			1.0
4427.0			1.0
4427.9			1.0
4428.8			1.0
4429.7			1.0
4430.6			1.0
4431.5			1.0
4432.4			1.0494616986524643
4433.3			0.991717268852534
4434.2			0.8826440315877867
4435.1			0.8079303601448422
4436.0			0.8245356135458544
4436.9			0.9156450021222818
4437.8			1.004501025294611
4438.7			1.0
4439.6			1.0
4440.5			1.0
4441.4			1.0
4442.3			1.0
4443.2			1.0
4444.1			1.0
4445.0			1.0
4445.9			1.0
4446.8			1.0
4447.7			1.0
4448.6			1.0
4449.5			1.0
4450.4			1.0
4451.3			1.0
4452.2			1.0264699700638733
4453.1			0.9987165737326776
4454.0			0.9173656809817601
4454.9			0.8415845487856753
4455.8			0.8493756824028716
4456.7			0.9078045115989617
4457.6			0.9188469059924215
4458.5			0.8871137088619868
4459.4			0.864676635557519
4460.3			0.8467609855442122
4461.2			0.8114362731978816
4462.1			0.8174424676315183
4463.0			0.9169720085978708
4463.9			1.0151744321013065
4464.8			1.0354153022956971
4465.7			1.0294151565866634
4466.6			1.041102922865662
4467.5			1.0480006806099775
4468.4			1.0209916436596087
4469.3			0.9843287798381081
4470.2			0.9984460259386424
4471.1			1.0
4472.0			1.0
4472.9			1.0
4473.8			1.0
4474.7			1.0
4475.6			1.0
4476.5			1.0
4477.4			1.0
4478.3			0.9810013494086375
4479.2			0.9061284321438241
4480.1			0.8230808495948203
4481.0			0.7750658138389596
4481.9			0.7703137151496803
4482.8			0.8210883879899266
4483.7			0.9135353237512883
4484.6			0.9797304760292911
4485.5			1.0006324025340327
4486.4			1.0
4487.3			1.0
4488.2			1.0
4489.1			1.0
4490.0			1.0
4490.9			1.0
4491.8			1.0647328351443133
4492.7			1.061741317299557
4493.6			0.9762913483448161
4494.5			0.8713301237186623
4495.4			0.8307280881574821
4496.3			0.8610871838204536
4497.2			0.9266681505419567
4498.1			0.9830027833581199
4499.0			0.9998955001827435
4499.9			1.0
4500.8			1.0
4501.7			1.0
4502.6			1.0
4503.5			1.0
4504.4			1.0
4505.3			1.0
4506.2			1.0
4507.1			1.0
4508.0			1.0
4508.9			1.0
4509.8			1.0
4510.7			1.0135529410568922
4511.6			0.9929999735860331
4512.5			0.9501297223206343
4513.4			0.9267298576444927
4514.3			1.0
4515.2			1.0105599954146625
4516.1			1.0255366629319842
4517.0			1.013097747364784
4517.9			0.9846263546383034
4518.8			1.0000693654076593
4519.7			1.0651985275333884
4520.6			1.1250742514896988
4521.5			1.1209492353022485
4522.4			1.04427524085397
4523.3			0.9844932432596839
4524.2			0.9827918387348984
4525.1			0.9677137876555307
4526.0			0.9174019772044584
4526.9			0.8614465998362603
4527.8			0.8125016415646615
4528.7			0.7918177239198023
4529.6			0.8157555002515414
4530.5			0.8575533487991837
4531.4			0.9061360274407332
4532.3			0.9517415432970946
4533.2			0.9393924320608011
4534.1			0.8769879754276687
4535.0			0.8295007750483111
4535.9			0.8647966224415475
4536.8			0.9951754132333296
4537.7			1.0982564247702795
4538.6			1.0844020868283717
4539.5			1.0093058650117026
4540.4			0.9540641727282498
4541.3			0.9550506760000105
4542.2			0.9997692117991602
4543.1			1.0
4544.0			1.0
4544.9			1.0
4545.8			1.0
4546.7			1.0
4547.6			1.0
4548.5			1.0
4549.4			1.0
4550.3			1.010543947067361
4551.2			1.032780708042396
4552.1			0.9945396551858434
4553.0			0.9331887100559131
4553.9			0.8895966436262174
4554.8			0.8706098414976764
4555.7			0.8957196584214744
4556.6			0.960822458975958
4557.5			1.0157486846104826
4558.4			1.0244364095332628
4559.3			0.9968652263863278
4560.2			1.0
4561.1			1.0
4562.0			0.9986455597900858
4562.9			0.9497341137219383
4563.8			0.8780900354372184
4564.7			0.8367762491955528
4565.6			0.8554264920535762
4566.5			0.9321624472213419
4567.4			1.0005532440192795
4568.3			1.0
4569.2			1.0
4570.1			1.0
4571.0			1.0
4571.9			1.0
4572.8			1.07398572834156
4573.7			1.1297897406705253
4574.6			1.1041999987852367
4575.5			1.0705794716443118
4576.4			1.0639270856307166
4577.3			1.0572062241365108
4578.2			1.0181371559442856
4579.1			0.9409491485758763
4580.0			1.0
4580.9			0.9836318147662022
4581.8			1.0178243268766352
4582.7			1.047236685922497
4583.6			1.0463030389854424
4584.5			1.0311175103831753
4585.4			1.0038717190910504
4586.3			0.9973075961289825
4587.2			1.049099807340436
4588.1			1.1156861709366466
4589.0			1.1426712105050794
4589.9			1.1195172921904444
4590.8			1.0595828563616196
4591.7			0.9958831180484289
4592.6			0.9565187543680088
4593.5			0.9371487424265239
4594.4			0.9143484206139048
4595.3			0.8931436219474808
4596.2			0.8911415577653377
4597.1			0.8962107189730883
4598.0			0.9106582861948741
4598.9			0.9334682962557763
4599.8			0.9123231736003209
4600.7			0.8762234169291384
4601.6			0.8886697901485476
4602.5			0.9059215700946183
4603.4			0.8984603593486714
4604.3			0.8828044962694032
4605.2			0.8675932752735345
4606.1			0.877479849712382
4607.0			0.9235052256926263
4607.9			0.9883493186920921
4608.8			1.0261935524807735
4609.7			1.0057543417621848
4610.6			1.0
4611.5			1.0
4612.4			1.0
4613.3			1.0
4614.2			1.0
4615.1			1.0
4616.0			1.0
4616.9			1.0
4617.8			1.0
4618.7			1.0
4619.6			1.0
4620.5			1.0
4621.4			1.0
4622.3			1.0
4623.2			1.0
4624.1			1.0
4625.0			1.0
4625.9			1.0
4626.8			1.0
4627.7			1.0
4628.6			1.0
4629.5			1.0
4630.4			1.0
4631.3			1.0
4632.2			1.0
4633.1			1.0
4634.0			1.0
4634.9			1.0
4635.8			1.0
4636.7			1.0
4637.6			1.0
4638.5			1.0
4639.4			1.0
4640.3			1.0
4641.2			1.0
4642.1			1.0363300465449343
4643.0			1.0186580444970408
4643.9			0.9887044009902911
4644.8			0.953082141209774
4645.7			0.8927971936522829
4646.6			0.8380599207679927
4647.5			0.835485553459387
4648.4			0.874464425433905
4649.3			0.9227727680027166
4650.2			0.9638994974703176
4651.1			0.9902247333975996
4652.0			1.004315635575791
4652.9			1.0007662226180736
4653.8			1.0
4654.7			1.0
4655.6			1.0
4656.5			1.0
4657.4			1.0
4658.3			1.0
4659.2			1.0
4660.1			1.0
4661.0			1.0
4661.9			1.0
4662.8			0.95255792062918
4663.7			0.9461116042978832
4664.6			0.9608903786253117
4665.5			0.9322350815261925
4666.4			0.8385472609882407
4667.3			0.7592477682593235
4668.2			0.7721385149982147
4669.1			0.8474823028336408
4670.0			0.9186307001822079
4670.9			0.973964603676104
4671.8			1.0001527403421933
4672.7			1.0
4673.6			1.0
4674.5			1.0
4675.4			1.0
4676.3			1.046520706460875
4677.2			1.043888720346171
4678.1			0.999032152050126
4679.0			0.9533930660032099
4679.9			0.9218149974157883
4680.8			0.899971806829474
4681.7			0.9011068319969328
4682.6			0.9414878078198791
4683.5			0.9893073209100787
4684.4			1.0033450250928115
4685.3			0.9992052358225332
4686.2			1.0
4687.1			1.0
4688.0			1.0
4688.9			1.0
4689.8			1.0
4690.7			1.0
4691.6			1.0
4692.5			1.0
4693.4			1.0
4694.3			1.0
4695.2			1.0
4696.1			1.0188829760734264
4697.0			0.9830066530548521
4697.9			0.9100884476388779
4698.8			0.8580742646608426
4699.7			0.8638556863345912
4700.6			0.8862478981377954
4701.5			0.8852574084984243
4702.4			0.8707536668868274
4703.3			0.866525392507377
4704.2			0.895357256412839
4705.1			0.924949933115815
4706.0			0.9160008757891648
4706.9			0.8832924038267813
4707.8			0.8555674252296867
4708.7			0.8455902274978303
4709.6			0.8569755292127761
4710.5			0.9017539013120114
4711.4			0.9495614660461468
4712.3			0.9508636230903477
4713.2			0.912763103652912
4714.1			0.873599254093324
4715.0			0.8748099054367335
4715.9			0.9291024276526029
4716.8			0.977430328509211
4717.7			0.9920859235297239
4718.6			1.0071421831771905
4719.5			1.0262877289021752
4720.4			1.0250369659853102
4721.3			1.0005704164133156
4722.2			1.0
4723.1			1.0053633296355184
4724.0			1.0401759803336768
4724.9			1.0672501493344502
4725.8			1.0425680406650104
4726.7			0.957498832451891
4727.6			0.8696598871149037
4728.5			0.8472264848271814
4729.4			0.8757085950234625
4730.3			0.9093545338722862
4731.2			0.9422411884689961
4732.1			0.9740799932054794
4733.0			0.9896841294804989
4733.9			1.0020225927652406
4734.8			1.0
4735.7			1.0
4736.6			1.0
4737.5			1.0
4738.4			1.0
4739.3			1.0
4740.2			1.0
4741.1			1.0
4742.0			1.0
4742.9			1.0
4743.8			1.0
4744.7			1.0
4745.6			1.0
4746.5			1.0
4747.4			1.0
4748.3			1.0
4749.2			1.0
4750.1			1.0
4751.0			1.0
4751.9			1.0
4752.8			1.0
4753.7			1.0
4754.6			1.0
4755.5			1.0
4756.4			1.0
4757.3			1.0
4758.2			1.0
4759.1			1.0224204047845755
4760.0			1.041450044324295
4760.9			1.0222756650434208
4761.8			0.9759699432704071
4762.7			0.9475784008852878
4763.6			0.94014088716545
4764.5			0.924735646070783
4765.4			0.9045273736892717
4766.3			0.907116882207272
4767.2			0.9414601845584954
4768.1			0.9887892534298508
4769.0			1.0395729624128365
4769.9			1.0696304396991818
4770.8			1.0449413621011536
4771.7			1.0009401435574048
4772.6			1.0
4773.5			1.0
4774.4			1.0
4775.3			1.0
4776.2			1.0
4777.1			1.0101344752254624
4778.0			1.016771046784644
4778.9			1.0012782519638743
4779.8			0.9858585360762623
4780.7			0.9814250690387842
4781.6			0.9696970726376513
4782.5			0.9448490606845452
4783.4			0.9348891012287618
4784.3			0.9539546369798995
4785.2			0.95561028207787
4786.1			0.9197123075501985
4787.0			0.9090739265054691
4787.9			0.9305270491807214
4788.8			0.9279843915181224
4789.7			0.9144071247052289
4790.6			0.9213251412188043
4791.5			0.941152120405002
4792.4			0.9704978660557291
4793.3			1.0173191041308516
4794.2			1.0617468076188192
4795.1			1.0
4796.0			0.9754249845010378
4796.9			0.9401491549976632
4797.8			0.9014686379858876
4798.7			0.8699293188448979
4799.6			0.8654127588393388
4800.5			0.8984626899004403
4801.4			0.9564746441318748
4802.3			0.9980398103095084
4803.2			0.9999339640677222
4804.1			1.0
4805.0			1.0
4805.9			1.0
4806.8			1.0
4807.7			1.0
4808.6			1.0
4809.5			1.0
4810.4			1.0
4811.3			1.0
4812.2			1.0
4813.1			1.0
4814.0			1.0
4814.9			1.0
4815.8			1.0
4816.7			1.0
4817.6			1.0
4818.5			1.0
4819.4			1.0
4820.3			1.0
4821.2			1.0
4822.1			1.0
4823.0			1.0
4823.9			1.0
4824.8			1.0
4825.7			1.0
4826.6			1.0
4827.5			1.0
4828.4			1.0
4829.3			1.0
4830.2			1.0
4831.1			1.0
4832.0			1.0
4832.9			1.0
4833.8			1.0
4834.7			1.0186207549916648
4835.6			1.0034351215846036
4836.5			0.9938851289228492
4837.4			0.9916548756858072
4838.3			0.9642800506716369
4839.2			0.9226313071842955
4840.1			0.904137678912557
4841.0			0.9211122890335008
4841.9			0.9381210442844328
4842.8			0.9265561235681001
4843.7			0.9250600569559547
4844.6			0.9629981899784593
4845.5			1.0013411647256787
4846.4			1.0
4847.3			1.0
4848.2			1.0
4849.1			1.0
4850.0			1.0
4850.9			1.0
4851.8			1.0
4852.7			1.0
4853.6			1.0
4854.5			1.0
4855.4			1.0
4856.3			1.0422382711866314
4857.2			1.1069995820029637
4858.1			1.0994266786316993
4859.0			1.0191986036671106
4859.9			0.8968429316319987
4860.8			0.7824718794567833
4861.7			0.7832984280023984
4862.6			0.8936427733336565
4863.5			0.9630675171280927
4864.4			0.9735708616945039
4865.3			0.9968474715452116
4866.2			1.0
4867.1			1.0
4868.0			1.0
4868.9			1.0
4869.8			0.9842008098352514
4870.7			0.9078352306063021
4871.6			0.8616570218707787
4872.5			0.9133197061956244
4873.4			0.9940761140176737
4874.3			1.0
4875.2			1.0
4876.1			1.0
4877.0			1.0
4877.9			1.0
4878.8			1.0
4879.7			1.0
4880.6			1.0
4881.5			1.0
4882.4			1.0
4883.3			1.0
4884.2			0.9758844868076569
4885.1			0.91674380741844
4886.0			0.8846538123753687
4886.9			0.8937122857178729
4887.8			0.9123185805536751
4888.7			0.9145568559884429
4889.6			0.887342902370624
4890.5			0.8239964835351411
4891.4			0.8081607496012406
4892.3			0.8997657393199288
4893.2			0.9969668438941629
4894.1			1.0452644212433733
4895.0			1.0637815057952258
4895.9			1.0527721037619375
4896.8			1.0347377463055507
4897.7			1.0280394875428898
4898.6			1.0010733982848226
4899.5			1.0
4900.4			1.0
4901.3			1.0
4902.2			1.0
4903.1			1.0
4904.0			1.0
4904.9			1.0
4905.8			1.0
4906.7			1.0010770411390495
4907.6			0.960969347945871
4908.5			0.9151339534476165
4909.4			0.8758645097478508
4910.3			0.857718519217203
4911.2			0.8853856619848297
4912.1			0.936494325221853
4913.0			0.9701093955826682
4913.9			0.9932774306785138
4914.8			1.0
4915.7			1.0
4916.6			0.9874172839344484
4917.5			0.924334502455523
4918.4			0.8384307788387647
4919.3			0.7706814001272263
4920.2			0.7562880001738193
4921.1			0.8218328487383197
4922.0			0.9309612175655907
4922.9			0.9936460231251776
4923.8			0.9888357654801537
4924.7			1.0
4925.6			1.0
4926.5			1.0
4927.4			1.0
4928.3			1.0
4929.2			1.0
4930.1			1.0
4931.0			1.0
4931.9			1.0
4932.8			1.0
4933.7			1.0
4934.6			1.022879334148164
4935.5			1.0593035369823596
4936.4			1.019311173796816
4937.3			0.9340547843938224
4938.2			0.8633357956111002
4939.1			0.8558175803485585
4940.0			0.91613803711555
4940.9			0.9777175780951798
4941.8			0.9883007842072636
4942.7			1.0
4943.6			1.0
4944.5			1.0
4945.4			1.0
4946.3			1.0
4947.2			1.0
4948.1			1.0
4949.0			1.0
4949.9			1.0
4950.8			1.0
4951.7			1.0
4952.6			1.0
4953.5			1.0
4954.4			1.0
4955.3			1.0
4956.2			0.9205110312905954
4957.1			0.7993212408099912
4958.0			0.7840634305674373
4958.9			0.898597367238877
4959.8			1.0000256585500908
4960.7			1.0
4961.6			1.0
4962.5			1.0
4963.4			1.0
4964.3			1.0
4965.2			1.0
4966.1			1.0
4967.0			1.0
4967.9			1.0
4968.8			1.0
4969.7			1.0
4970.6			1.0
4971.5			1.0
4972.4			1.0
4973.3			1.0
4974.2			1.0
4975.1			1.0
4976.0			1.0
4976.9			1.0
4977.8			1.0
4978.7			0.9756631411277893
4979.6			0.9824289747200221
4980.5			0.9766060083710348
4981.4			0.9301311774111543
4982.3			0.8710656990321475
4983.2			0.8503940547994264
4984.1			0.8726522776087655
4985.0			0.8999553869059259
4985.9			0.929129196648744
4986.8			0.9725258140523926
4987.7			0.9966118665385543
4988.6			1.0
4989.5			1.0
4990.4			1.0
4991.3			1.0
4992.2			1.0
4993.1			1.0
4994.0			1.0
4994.9			1.0
4995.8			1.0
4996.7			1.0
4997.6			1.0
4998.5			1.0
4999.4			1.0
5000.3			1.0
5001.2			1.0107727788322325
5002.1			1.022402953088763
5003.0			1.0241278738669604
5003.9			1.0067862023812397
5004.8			0.9640959960742828
5005.7			0.921694360227497
5006.6			0.9326732510944976
5007.5			1.0046157113804508
5008.4			1.0709615761078555
5009.3			1.0774651097068835
5010.2			1.0473556725394784
5011.1			1.003766336070678
5012.0			0.9455350553533339
5012.9			0.8987923598377586
5013.8			0.8835672487916459
5014.7			0.9113797866079463
5015.6			0.9661865781129898
5016.5			0.9871820050643112
5017.4			0.9672433573395846
5018.3			0.9575649784558402
5019.2			0.978611658181585
5020.1			0.9956974800781153
5021.0			0.9804757167986938
5021.9			0.9548573220501063
5022.8			0.9650975430922795
5023.7			1.0082334481335586
5024.6			1.032060408859844
5025.5			1.0264958887593096
5026.4			1.0001685684583772
5027.3			1.0
5028.2			1.0
5029.1			1.0
5030.0			1.0
5030.9			1.0
5031.8			1.0
5032.7			1.0
5033.6			1.0
5034.5			1.0
5035.4			1.0
5036.3			1.0
5037.2			1.0161232893244763
5038.1			1.0083281790622187
5039.0			0.9358522042588073
5039.9			0.834072650365639
5040.8			0.7572743806513798
5041.7			0.7819550196840981
5042.6			0.8911489559562294
5043.5			0.9738228492609391
5044.4			1.0061407284381487
5045.3			1.0
5046.2			1.0
5047.1			1.0
5048.0			1.0
5048.9			1.0
5049.8			1.0
5050.7			1.0
5051.6			1.0
5052.5			1.0
5053.4			1.0
5054.3			1.0
5055.2			1.0
5056.1			1.0
5057.0			1.0
5057.9			1.0
5058.8			1.0
5059.7			1.0
5060.6			1.0
5061.5			1.0
5062.4			1.0
5063.3			0.9655063840869439
5064.2			0.9038868615040585
5065.1			0.8846428279025574
5066.0			0.9347294508175494
5066.9			0.9815058030498099
5067.8			1.0
5068.7			1.0
5069.6			1.0
5070.5			1.0
5071.4			1.0
5072.3			1.0
5073.2			1.0
5074.1			1.0
5075.0			0.9954888040126778
5075.9			0.9839964462185651
5076.8			0.9988328548601334
5077.7			0.9947617719810783
5078.6			0.916545661415161
5079.5			0.8247314238736707
5080.4			0.8193209354802176
5081.3			0.8794238070650974
5082.2			0.9213150938814347
5083.1			0.9310638095891163
5084.0			0.9495258006220889
5084.9			0.9821721178956836
5085.8			1.0002944371169198
5086.7			1.0
5087.6			1.0
5088.5			1.0
5089.4			1.0
5090.3			1.0
5091.2			1.0
5092.1			1.0
5093.0			1.0
5093.9			1.0
5094.8			1.0
5095.7			0.9723089438753453
5096.6			0.9386650761739687
5097.5			0.8938450503783764
5098.4			0.8504427352851974
5099.3			0.8517959859178057
5100.2			0.9170713155292449
5101.1			0.9893678567654662
5102.0			1.0152640348162782
5102.9			1.0003251970914258
5103.8			1.0
5104.7			1.0
5105.6			1.0
5106.5			1.0
5107.4			1.0
5108.3			1.0
5109.2			1.0
5110.1			1.0
5111.0			1.0
5111.9			1.0
5112.8			1.0
5113.7			1.0
5114.6			1.0140544345961553
5115.5			1.0255878528251396
5116.4			1.0447859068505418
5117.3			1.0674528082500965
5118.2			1.072073523900987
5119.1			1.053945671841082
5120.0			1.022560302578213
5120.9			0.9916080831413012
5121.8			0.9578306298629236
5122.7			0.9074756847644082
5123.6			0.8692837214865108
5124.5			0.8811114622594146
5125.4			0.916711428136967
5126.3			0.9335810164857626
5127.2			1.0
5128.1			0.9858753857413045
5129.0			0.9767427998775726
5129.9			0.9850956326285242
5130.8			1.0144546891777062
5131.7			1.0423041683706091
5132.6			1.0537813465691794
5133.5			1.0598084674815378
5134.4			1.0769067928490568
5135.3			1.0835877391711135
5136.2			1.0521922753125488
5137.1			1.0067606656545238
5138.0			0.9666872895659578
5138.9			0.9367619217258625
5139.8			0.9549441700259155
5140.7			0.9912223648690462
5141.6			0.9592436000213218
5142.5			0.9058617123722424
5143.4			0.9205326994406497
5144.3			0.9581793033147635
5145.2			0.9517345624362605
5146.1			0.9257476253499441
5147.0			0.9133199454930127
5147.9			0.9212462806068693
5148.8			0.9424127794218744
5149.7			0.9466058839253908
5150.6			0.9204347269541088
5151.5			0.8943455887442859
5152.4			0.8891800023614463
5153.3			0.8928504751582879
5154.2			0.903423928716486
5155.1			0.9302701755155292
5156.0			0.9665300108664365
5156.9			0.9983061914395855
5157.8			1.0
5158.7			1.0
5159.6			1.0
5160.5			1.0
5161.4			1.0
5162.3			1.0
5163.2			1.0
5164.1			1.0
5165.0			1.0
5165.9			1.0
5166.8			1.0
5167.7			1.0
5168.6			1.0
5169.5			1.1239906815886127
5170.4			1.1193568801096396
5171.3			0.9324079944242555
5172.2			0.7356386836635664
5173.1			0.7276441242711169
5174.0			0.885229222576348
5174.9			1.0196480773033372
5175.8			1.0
5176.7			1.0
5177.6			1.0
5178.5			1.0
5179.4			1.0
5180.3			0.9673567405230901
5181.2			0.8998704508310232
5182.1			0.7638933960576051
5183.0			0.610830413755572
5183.9			0.5878634537877805
5184.8			0.7346669565233404
5185.7			0.9094477064160567
5186.6			0.9960171891611016
5187.5			0.9997375352399557
5188.4			1.0
5189.3			1.0
5190.2			1.0
5191.1			1.0
5192.0			1.0
5192.9			1.0
5193.8			1.0
5194.7			1.0
5195.6			1.0
5196.5			1.0
5197.4			1.0
5198.3			1.0
5199.2			1.0
5200.1			1.0
5201.0			1.0
5201.9			0.9893052543064903
5202.8			0.9797445141552128
5203.7			0.9429617495672932
5204.6			0.8728512832976144
5205.5			0.8253013005169877
5206.4			0.8285485862512425
5207.3			0.8278870127128595
5208.2			0.8019010510282258
5209.1			0.8109656297815852
5210.0			0.8644406133135195
5210.9			0.9249608535230867
5211.8			0.9813443932022156
5212.7			1.0238530991638661
5213.6			1.0328298600760581
5214.5			1.0002951719357538
5215.4			1.0
5216.3			1.0
5217.2			1.0
5218.1			1.0
5219.0			1.0
5219.9			1.0
5220.8			1.0
5221.7			1.0
5222.6			0.9721911268538104
5223.5			0.9276352680969765
5224.4			0.8745285361886204
5225.3			0.8169811075102866
5226.2			0.7682930412187189
5227.1			0.7792103632458224
5228.0			0.8687300792252604
5228.9			0.9601301682945123
5229.8			0.9998815344954795
5230.7			1.0
5231.6			1.0
5232.5			1.0
5233.4			1.0
5234.3			1.0
5235.2			1.0
5236.1			1.0
5237.0			1.0
5237.9			1.0
5238.8			1.0
5239.7			1.0
5240.6			1.0117013186326327
5241.5			1.0165547867830302
5242.4			1.0067246281292013
5243.3			1.0087632338690937
5244.2			1.0311057200325355
5245.1			1.0280037489886238
5246.0			0.9647542494843405
5246.9			0.8920631283788609
5247.8			0.8824446872956746
5248.7			0.9062775553931552
5249.6			0.8927199291248091
5250.5			0.8693688076210078
5251.4			0.8896502977965132
5252.3			0.9334792571410857
5253.2			0.9504148905324252
5254.1			0.9207200951881651
5255.0			0.8879047463919533
5255.9			0.9196134503881743
5256.8			0.9945554266419827
5257.7			1.0455030452719212
5258.6			1.058105436085874
5259.5			1.0
5260.4			0.9590589756566981
5261.3			0.8987449954146095
5262.2			0.8338207913737011
5263.1			0.7825463164213603
5264.0			0.7467002389614291
5264.9			0.7169986707098832
5265.8			0.7132053583525164
5266.7			0.7665316132106063
5267.6			0.8102565894923824
5268.5			0.7464061693229475
5269.4			0.643083301012425
5270.3			0.6568890629171323
5271.2			0.7777543901453514
5272.1			0.8652797801714149
5273.0			0.8749116288868171
5273.9			0.8579188562398735
5274.8			0.8387251778397753
5275.7			0.8450840090302854
5276.6			0.905974513368147
5277.5			0.9766431673697216
5278.4			1.0
5279.3			0.9753020819466502
5280.2			0.9296041760094795
5281.1			0.8937075112261149
5282.0			0.8748044133839687
5282.9			0.8569470738270433
5283.8			0.8549571186945555
5284.7			0.9049716716437267
5285.6			0.982052162573259
5286.5			1.0239215358210054
5287.4			1.0174351203144112
5288.3			1.00052330778457
5289.2			1.0
5290.1			1.0
5291.0			1.0
5291.9			1.0
5292.8			0.9731958531279944
5293.7			0.9616432625977187
5294.6			0.9609199575401707
5295.5			0.9348414367962657
5296.4			0.8692824881875048
5297.3			0.8039389829127556
5298.2			0.8018620799934733
5299.1			0.8653565663159969
5300.0			0.9155340311227306
5300.9			0.9168318728617216
5301.8			0.9169325870342052
5302.7			0.9493315395927534
5303.6			0.9989001090532691
5304.5			1.0
5305.4			1.0
5306.3			1.0
5307.2			1.0
5308.1			1.0
5309.0			1.0
5309.9			1.0
5310.8			1.0
5311.7			1.0
5312.6			1.0
5313.5			1.0
5314.4			1.0
5315.3			1.0
5316.2			1.0
5317.1			1.0
5318.0			1.0
5318.9			1.0
5319.8			1.0
5320.7			1.0
5321.6			1.0
5322.5			1.0
5323.4			1.0
5324.3			0.9729199079367569
5325.2			0.9845734565594048
5326.1			0.971623959601017
5327.0			0.8697286706035803
5327.9			0.7476570750920245
5328.8			0.7477112567444105
5329.7			0.8647498452826788
5330.6			0.9704427457641345
5331.5			0.9976150318815729
5332.4			1.0
5333.3			1.0
5334.2			1.0
5335.1			1.0
5336.0			1.0
5336.9			1.0
5337.8			0.9972205846885386
5338.7			0.9745039313633737
5339.6			0.9143779410236399
5340.5			0.8698688690619265
5341.4			0.8977058258281475
5342.3			0.9619853235209314
5343.2			1.0004959426294646
5344.1			1.0
5345.0			1.0
5345.9			1.0
5346.8			1.0
5347.7			1.0
5348.6			1.0
5349.5			1.0
5350.4			1.0
5351.3			1.0
5352.2			1.0
5353.1			1.0
5354.0			1.0
5354.9			1.0
5355.8			1.0
5356.7			1.0
5357.6			1.0
5358.5			1.0
5359.4			1.0
5360.3			1.0
5361.2			1.0
5362.1			1.0
5363.0			1.0
5363.9			1.0
5364.8			1.0
5365.7			1.0
5366.6			1.0
5367.5			0.9937410138959646
5368.4			0.97293612144199
5369.3			0.92066836368644
5370.2			0.8487489386155643
5371.1			0.8075673882088374
5372.0			0.843520827046102
5372.9			0.9225357157906646
5373.8			0.9761263439201436
5374.7			0.9931361255029124
5375.6			1.0
5376.5			1.0
5377.4			1.0
5378.3			1.0
5379.2			1.0
5380.1			1.0
5381.0			1.0
5381.9			1.0
5382.8			1.0
5383.7			1.0
5384.6			1.0
5385.5			1.0
5386.4			1.0
5387.3			1.0
5388.2			1.0
5389.1			1.0
5390.0			1.0
5390.9			1.0
5391.8			1.0
5392.7			1.0
5393.6			1.0
5394.5			1.0
5395.4			1.0
5396.3			1.0
5397.2			1.0
5398.1			1.046757815163564
5399.0			1.097271816580946
5399.9			1.0960017454860036
5400.8			1.086310028108456
5401.7			1.0941850072860106
5402.6			1.076006358016715
5403.5			1.0036003682579349
5404.4			0.9156282183605721
5405.3			0.8639802845926791
5406.2			0.8753574958723539
5407.1			0.9242570335126743
5408.0			0.9505289005500633
5408.9			0.9285527760787096
5409.8			0.9060731332355386
5410.7			0.9299867352266217
5411.6			0.9778235490524264
5412.5			1.0023828342072196
5413.4			1.0
5414.3			1.0
5415.2			1.0
5416.1			1.0
5417.0			1.0
5417.9			1.0
5418.8			1.0
5419.7			1.0
5420.6			1.0
5421.5			1.0225759570382673
5422.4			1.0336363952251313
5423.3			1.0022143207780518
5424.2			0.974518920012
5425.1			0.9972671496180291
5426.0			1.0448864646286393
5426.9			1.0702290768362241
5427.8			1.0331443833048275
5428.7			0.938153143582401
5429.6			0.8843311110241314
5430.5			0.9250705476557424
5431.4			0.9693148029191602
5432.3			0.9546528505168524
5433.2			0.9210276810329081
5434.1			0.8984423872677176
5435.0			0.893921280386703
5435.9			0.9080305623708114
5436.8			0.9444792535860437
5437.7			1.0006857357223387
5438.6			1.0
5439.5			1.0
5440.4			1.0
5441.3			1.0
5442.2			1.0
5443.1			1.0
5444.0			0.9739273629622025
5444.9			0.9211965168286896
5445.8			0.8549475927034228
5446.7			0.8257563330772005
5447.6			0.8750798752634824
5448.5			0.9537168233152565
5449.4			1.0000960492157567
5450.3			1.0
5451.2			1.0
5452.1			1.0
5453.0			0.9734581428901152
5453.9			0.9201120751373788
5454.8			0.8586193187218272
5455.7			0.8487748463309331
5456.6			0.9071957083649936
5457.5			0.973093849279045
5458.4			0.999871907955862
5459.3			1.0
5460.2			1.0
5461.1			1.0
5462.0			1.0
5462.9			1.0
5463.8			1.0
5464.7			1.0
5465.6			1.0
5466.5			1.0
5467.4			1.0
5468.3			1.0
5469.2			1.0
5470.1			1.0
5471.0			1.0048187441429117
5471.9			1.0181105351837727
5472.8			1.0087135470059574
5473.7			1.0025469813581382
5474.6			1.0078031944280135
5475.5			0.9751360296641336
5476.4			0.9275912266511744
5477.3			0.9550073778762648
5478.2			1.043578545508802
5479.1			1.0948293878781306
5480.0			1.0630535809552766
5480.9			1.006130059810699
5481.8			1.0010357037527164
5482.7			1.0
5483.6			1.0
5484.5			1.0
5485.4			1.0
5486.3			1.0
5487.2			1.0
5488.1			1.0
5489.0			1.0
5489.9			1.0
5490.8			1.0
5491.7			1.0
5492.6			1.0
5493.5			1.0
5494.4			1.0
5495.3			1.0
5496.2			1.0
5497.1			1.0
5498.0			1.0
5498.9			1.0
5499.8			1.0
5500.7			1.0
5501.6			1.0
5502.5			1.0
5503.4			1.0
5504.3			1.0
5505.2			1.0
5506.1			1.0
5507.0			1.0
5507.9			1.0416525436525643
5508.8			1.054427044920284
5509.7			1.039118341851572
5510.6			1.0122225747312943
5511.5			0.9696976599415811
5512.4			0.935262582692956
5513.3			0.934694298594724
5514.2			0.9541770611305381
5515.1			0.9765114516930652
5516.0			0.9891355033136439
5516.9			1.0019295009182096
5517.8			1.0
5518.7			1.0
5519.6			1.0
5520.5			1.0
5521.4			1.0
5522.3			1.0
5523.2			1.0
5524.1			1.001459567217669
5525.0			0.9925052883436346
5525.9			0.975549385784096
5526.8			0.948392473849226
5527.7			0.9201869087973624
5528.6			0.9251369046032281
5529.5			0.9655910276340379
5530.4			0.9977721708180515
5531.3			1.0005196328554025
5532.2			1.0
5533.1			1.0
5534.0			1.0
5534.9			1.0
5535.8			1.0
5536.7			1.0
5537.6			1.0
5538.5			1.0
5539.4			1.0
5540.3			1.0
5541.2			1.0
5542.1			1.0
5543.0			1.0
5543.9			1.0
5544.8			1.0
5545.7			1.0
5546.6			1.0
5547.5			1.0
5548.4			1.0
5549.3			1.0
5550.200000000001			1.0
5551.1			1.0
5552.0			1.0
5552.9			1.0
5553.8			1.0
5554.700000000001			1.0
5555.6			1.0
5556.5			1.0
5557.4			1.0
5558.3			1.0
5559.200000000001			1.0
5560.1			1.0
5561.0			1.0
5561.9			1.0
5562.8			1.0
5563.700000000001			1.0
5564.6			1.0
5565.5			1.0
5566.4			1.0
5567.3			1.0
5568.200000000001			1.0
5569.1			1.0
5570.0			1.0
5570.9			1.0
5571.8			1.0
5572.700000000001			1.0
5573.6			1.0
5574.5			1.0
5575.4			1.0
5576.3			1.0
5577.200000000001			1.0
5578.1			1.0
5579.0			1.0026662307349048
5579.9			1.0138086068262744
5580.8			1.0087796708470342
5581.700000000001			0.9984526059534655
5582.6			1.0001614046168166
5583.5			0.9992412524924205
5584.4			0.9818469238754808
5585.3			0.9467241102226669
5586.200000000001			0.9000759559967615
5587.1			0.86791738606729
5588.0			0.866880422222032
5588.9			0.8862151592613179
5589.8			0.9123257774564936
5590.700000000001			0.9319518699816807
5591.6			0.9373500383729908
5592.5			0.936662257878985
5593.4			0.9351416065234783
5594.3			0.9463491591627105
5595.200000000001			1.0
5596.1			1.0263504072890135
5597.0			1.0040239334962469
5597.9			0.9609845224037818
5598.8			0.9413944602420278
5599.700000000001			0.9326689736748497
5600.6			0.9096538741546941
5601.5			0.8851528851937016
5602.4			0.8812802826061158
5603.3			0.9160787660935991
5604.200000000001			0.9692948284174407
5605.1			1.0019705861174848
5606.0			1.0074485480839905
5606.9			0.9969238338832646
5607.8			1.0
5608.700000000001			1.0
5609.6			1.0
5610.5			1.0
5611.4			1.0
5612.3			1.0059478385769351
5613.200000000001			0.9822842562873726
5614.1			0.9186502923213185
5615.0			0.8690529377867359
5615.9			0.8993689441628752
5616.8			0.9691093568292809
5617.700000000001			1.0024806142610283
5618.6			1.0
5619.5			1.0
5620.4			1.0
5621.3			1.0
5622.200000000001			1.0034566371263924
5623.1			0.9609657735600665
5624.0			0.9105633674857195
5624.9			0.9104669791829398
5625.8			0.9513783922708167
5626.700000000001			0.9822923852213192
5627.6			1.000211016793469
5628.5			1.0
5629.4			1.0
5630.3			1.0
5631.200000000001			1.0
5632.1			1.0
5633.0			1.0
5633.9			1.0
5634.8			1.0
5635.700000000001			1.0
5636.6			1.0
5637.5			1.0
5638.4			1.0
5639.3			1.0
5640.200000000001			1.0
5641.1			1.0
5642.0			1.0
5642.9			1.0
5643.8			1.0
5644.700000000001			1.0
5645.6			1.0
5646.5			1.0
5647.4			1.0
5648.3			1.0
5649.200000000001			1.0
5650.1			1.0
5651.0			1.0
5651.9			1.017637941075709
5652.8			1.0118043437483675
5653.700000000001			0.9839055803443406
5654.6			0.9652632180920033
5655.5			0.9712543522916224
5656.4			0.9574660127917515
5657.3			0.8948307150614548
5658.200000000001			0.8498645813142132
5659.1			0.8826200076227022
5660.0			0.9395515662604768
5660.9			0.9484826958243391
5661.8			0.9263398629200356
5662.700000000001			0.9291490886247288
5663.6			0.965973965543097
5664.5			0.9998854380729267
5665.4			1.0
5666.3			1.0
5667.200000000001			1.0
5668.1			1.0
5669.0			1.0
5669.9			1.0
5670.8			1.0
5671.700000000001			1.0
5672.6			1.0
5673.5			1.0
5674.4			1.0
5675.3			1.0
5676.200000000001			1.0
5677.1			1.0
5678.0			1.0
5678.9			1.0
5679.8			1.0
5680.700000000001			1.0
5681.6			1.0
5682.5			1.0
5683.4			1.0
5684.3			1.0
5685.200000000001			1.0
5686.1			1.0
5687.0			1.0
5687.9			1.0
5688.8			1.0
5689.700000000001			1.0
5690.6			1.0
5691.5			1.0
5692.4			1.0
5693.3			1.0
5694.200000000001			1.0
5695.1			1.0
5696.0			1.0
5696.9			1.0
5697.8			1.0
5698.700000000001			1.0
5699.6			1.0
5700.5			0.9811952454644358
5701.4			0.9675007191557532
5702.3			0.9799917570315827
5703.200000000001			1.0055520386846524
5704.1			1.0152468971101867
5705.0			0.9941705006180708
5705.9			0.958588762939957
5706.8			0.9319581629902172
5707.700000000001			0.9112884120076501
5708.6			0.8945207797571418
5709.5			0.8951495421748479
5710.4			0.9022371672180765
5711.3			0.9054548658018136
5712.200000000001			0.9311904124009608
5713.1			0.9737602342754739
5714.0			0.9941926143216667
5714.9			0.9941824805982776
5715.8			0.9953561768709009
5716.700000000001			0.997268454644555
5717.6			1.0
5718.5			1.0
5719.4			1.0
5720.3			1.0
5721.200000000001			1.0
5722.1			1.0
5723.0			1.0
5723.9			1.0
5724.8			1.0
5725.700000000001			1.0
5726.6			1.0
5727.5			1.0
5728.4			1.0
5729.3			1.0
5730.200000000001			1.0
5731.1			1.0
5732.0			1.0
5732.9			1.0
5733.8			1.0
5734.700000000001			1.0
5735.6			1.0
5736.5			1.0
5737.4			1.0
5738.3			1.0
5739.200000000001			1.0
5740.1			1.0
5741.0			1.0
5741.9			1.0
5742.8			1.0
5743.700000000001			1.0
5744.6			1.0
5745.5			1.0
5746.4			1.0
5747.3			1.0
5748.200000000001			1.0
5749.1			1.0
5750.0			1.0
5750.9			0.9948693514348905
5751.8			0.9609945957085763
5752.700000000001			0.91713391945493
5753.6			0.8965436087846451
5754.5			0.9190911251614445
5755.4			0.9651389685630147
5756.3			0.999555245642382
5757.200000000001			1.0
5758.1			1.0
5759.0			1.0
5759.9			1.0
5760.8			1.0
5761.700000000001			1.0
5762.6			1.0
5763.5			1.0
5764.4			1.0
5765.3			1.0
5766.200000000001			1.0
5767.1			1.0
5768.0			1.0
5768.9			1.0
5769.8			1.0
5770.700000000001			1.0
5771.6			1.0
5772.5			1.0
5773.4			1.0
5774.3			0.9981030987760824
5775.200000000001			1.0050737888585999
5776.1			1.0182237287740141
5777.0			1.024454613024467
5777.9			1.017900980962413
5778.8			0.9932561129882906
5779.700000000001			0.9461353420767369
5780.6			0.8982795150235616
5781.5			0.8851969764885481
5782.4			0.9061742834103095
5783.3			0.9182071685451288
5784.200000000001			0.9013343037199127
5785.1			0.89185980444777
5786.0			0.9233247529264035
5786.9			0.9689479699862298
5787.8			0.9944900111043736
5788.700000000001			1.0000721363911256
5789.6			1.0
5790.5			1.0
5791.4			1.0
5792.3			1.0
5793.200000000001			1.0
5794.1			1.0
5795.0			1.0
5795.9			1.0
5796.8			1.0
5797.700000000001			1.0
5798.6			1.0
5799.5			1.0
5800.4			1.0
5801.3			1.0
5802.200000000001			1.0
5803.1			1.0
5804.0			1.0
5804.9			1.0
5805.8			1.0
5806.700000000001			1.0
5807.6			1.0
5808.5			1.0
5809.4			1.0
5810.3			1.0
5811.200000000001			1.0
5812.1			1.0
5813.0			1.0
5813.9			1.0
5814.8			1.0
5815.700000000001			1.0
5816.6			1.0
5817.5			1.0
5818.4			1.0
5819.3			1.0
5820.200000000001			1.0
5821.1			1.0
5822.0			1.0
5822.9			1.0
5823.8			1.0
5824.700000000001			1.0
5825.6			1.0
5826.5			1.0
5827.4			1.0
5828.3			1.0
5829.200000000001			1.0
5830.1			1.0
5831.0			1.0
5831.9			1.0
5832.8			1.0
5833.700000000001			1.0
5834.6			1.0
5835.5			1.0
5836.4			1.0
5837.3			1.0
5838.200000000001			1.0
5839.1			1.0
5840.0			1.0
5840.9			1.0
5841.8			1.0
5842.700000000001			1.0
5843.6			1.0
5844.5			1.0
5845.4			1.0
5846.3			1.0
5847.200000000001			1.0
5848.1			1.0
5849.0			1.0
5849.9			1.0
5850.8			1.0
5851.700000000001			1.0
5852.6			0.9708932045804491
5853.5			0.9659840301194023
5854.4			0.9838366012724152
5855.3			0.9896399574785408
5856.200000000001			0.9640661717101089
5857.1			0.9339258537031898
5858.0			0.9343280429455287
5858.9			0.9592439663571848
5859.8			0.9840031947862485
5860.700000000001			0.9973908591866868
5861.6			0.9994128207798257
5862.5			1.0
5863.4			1.0
5864.3			1.0
5865.200000000001			1.0
5866.1			1.0
5867.0			1.0
5867.9			1.0
5868.8			1.0
5869.700000000001			1.0
5870.6			1.0
5871.5			1.0
5872.4			1.0
5873.3			1.0
5874.200000000001			1.0
5875.1			1.0
5876.0			1.0
5876.9			1.0
5877.8			1.0
5878.700000000001			1.0
5879.6			1.0
5880.5			1.0
5881.4			1.0
5882.3			1.0
5883.200000000001			1.0
5884.1			1.0
5885.0			1.0
5885.9			1.0166527438770006
5886.8			1.0073821776258263
5887.700000000001			0.9455230198476883
5888.6			0.8225022247176885
5889.5			0.7254546969895501
5890.4			0.7620052751014954
5891.3			0.8819469450977842
5892.200000000001			0.9693144118356266
5893.1			1.005416291488121
5894.0			1.0
5894.9			1.0
5895.8			1.0
5896.700000000001			1.0
5897.6			1.0
5898.5			1.0
5899.4			1.0
5900.3			1.0
5901.200000000001			1.0
5902.1			1.0
5903.0			1.0
5903.9			1.0
5904.8			1.0
5905.700000000001			1.0
5906.6			1.0
5907.5			1.0
5908.4			1.0
5909.3			1.0
5910.200000000001			1.0
5911.1			1.0
5912.0			1.0
5912.9			1.0
5913.8			1.0
5914.700000000001			1.0
5915.6			1.0
5916.5			1.0
5917.4			1.0
5918.3			1.0
5919.200000000001			1.0
5920.1			1.0
5921.0			1.0
5921.9			1.0
5922.8			1.0
5923.700000000001			1.0
5924.6			1.0
5925.5			1.0
5926.4			1.0
5927.3			1.0
5928.200000000001			1.0
5929.1			1.0
5930.0			1.0
5930.9			1.0
5931.8			1.0
5932.700000000001			1.0
5933.6			1.0
5934.5			1.0
5935.4			1.0
5936.3			1.0
5937.200000000001			1.0
5938.1			1.0
5939.0			1.0
5939.9			1.0
5940.8			1.0
5941.700000000001			1.0
5942.6			1.0
5943.5			1.0
5944.4			1.0
5945.3			1.0
5946.200000000001			1.0
5947.1			1.0
5948.0			1.0
5948.9			1.0
5949.8			1.0
5950.700000000001			1.0
5951.6			1.0
5952.5			1.0
5953.4			1.0
5954.3			1.0
5955.200000000001			1.0
5956.1			1.0
5957.0			1.0
5957.9			1.0
5958.8			1.0
5959.700000000001			1.0
5960.6			1.0
5961.5			1.0
5962.4			1.0
5963.3			1.0
5964.200000000001			1.0
5965.1			1.0
5966.0			1.0
5966.9			1.0
5967.8			1.0
5968.700000000001			1.0
5969.6			1.0
5970.5			1.0
5971.4			1.0
5972.3			1.0
5973.200000000001			1.0
5974.1			1.0
5975.0			1.0
5975.9			1.0
5976.8			1.0
5977.700000000001			1.0
5978.6			1.0
5979.5			1.0
5980.4			1.0
5981.3			1.0
5982.200000000001			1.0
5983.1			1.0
5984.0			1.0
5984.9			1.0
5985.8			1.0
5986.700000000001			1.0
5987.6			1.0
5988.5			1.0
5989.4			1.0
5990.3			1.0
5991.200000000001			1.0
5992.1			1.0
5993.0			1.0
5993.9			1.0
5994.8			1.0
5995.700000000001			1.0
5996.6			1.0
5997.5			1.0
5998.4			1.0
5999.3			1.0
6000.200000000001			1.0
6001.1			1.0
6002.0			1.0
6002.9			1.0
6003.8			1.0050883041241225
6004.700000000001			1.008999473880253
6005.6			0.9956530879944173
6006.5			0.967859022562225
6007.4			0.9409519464248028
6008.3			0.9447625971767943
6009.200000000001			0.9799190267515986
6010.1			1.0065442311454802
6011.0			0.9969640030497436
6011.9			1.0
6012.8			1.0
6013.700000000001			1.0
6014.6			1.0
6015.5			1.0
6016.4			1.0
6017.3			1.0
6018.200000000001			1.0
6019.1			1.0
6020.0			1.0
6020.9			1.0
6021.8			1.0
6022.700000000001			1.0
6023.6			1.0
6024.5			1.0
6025.4			1.0
6026.3			1.0
6027.200000000001			1.0
6028.1			1.0
6029.0			1.0
6029.9			1.0
6030.8			1.0
6031.700000000001			1.0
6032.6			1.0
6033.5			1.0
6034.4			1.0
6035.3			1.0
6036.200000000001			1.0
6037.1			1.0
6038.0			1.0
6038.9			1.0
6039.8			1.0
6040.700000000001			1.0
6041.6			1.0
6042.5			1.0
6043.4			1.0
6044.3			1.0
6045.200000000001			1.0
6046.1			1.0
6047.0			1.0
6047.9			1.0
6048.8			1.0
6049.700000000001			1.0
6050.6			1.0
6051.5			1.0
6052.4			1.0
6053.3			1.0
6054.200000000001			1.0
6055.1			1.0
6056.0			1.0
6056.9			1.0
6057.8			1.0
6058.700000000001			1.0
6059.6			1.0
6060.5			1.0
6061.4			0.9899153536205401
6062.3			0.971318908314707
6063.200000000001			0.9544135662773161
6064.1			0.9337622907929187
6065.0			0.9169972071289191
6065.9			0.9333506627692948
6066.8			0.9712711596414937
6067.700000000001			0.9965510937950948
6068.6			0.9999296227309511
6069.5			1.0
6070.4			1.0
6071.3			1.0
6072.200000000001			1.0
6073.1			1.0
6074.0			1.0
6074.9			1.0
6075.8			1.0
6076.700000000001			1.0
6077.6			1.0
6078.5			1.0
6079.4			1.0
6080.3			1.0
6081.200000000001			1.0
6082.1			1.0
6083.0			1.0
6083.9			1.0
6084.8			1.0
6085.700000000001			1.0
6086.6			1.0
6087.5			1.0
6088.4			1.0
6089.3			1.0
6090.200000000001			1.0
6091.1			1.0
6092.0			1.0
6092.9			1.0
6093.8			1.0
6094.700000000001			1.0
6095.6			1.0
6096.5			1.0
6097.4			1.0
6098.3			1.0
6099.200000000001			1.0
6100.1			0.9974278711427934
6101.0			0.9583963011847938
6101.9			0.9019207581042904
6102.8			0.8861101856054774
6103.700000000001			0.9309596479573367
6104.6			0.9825046453486781
6105.5			1.0006528675670627
6106.4			1.0
6107.3			1.0
6108.200000000001			1.0
6109.1			1.0
6110.0			1.0
6110.9			1.0
6111.8			1.0
6112.700000000001			1.0
6113.6			1.0
6114.5			1.0
6115.4			1.0
6116.3			1.0
6117.200000000001			1.0
6118.1			1.0
6119.0			1.0
6119.9			1.0
6120.8			1.0
6121.700000000001			1.0
6122.6			1.0
6123.5			1.0
6124.4			1.0
6125.3			1.0
6126.200000000001			1.0
6127.1			1.0
6128.0			1.0
6128.9			1.0
6129.8			1.0
6130.700000000001			1.0
6131.6			1.0
6132.5			1.0
6133.4			1.0
6134.3			0.9718252320169267
6135.200000000001			0.9136405222240058
6136.1			0.8467119131470076
6137.0			0.8259067741391465
6137.9			0.880676192057014
6138.8			0.9611072755312055
6139.700000000001			0.9989491141688897
6140.6			1.0
6141.5			1.0
6142.4			1.0
6143.3			1.0
6144.200000000001			1.0
6145.1			1.0
6146.0			1.0
6146.9			1.0
6147.8			1.0
6148.700000000001			1.0
6149.6			1.0
6150.5			1.0
6151.4			1.0
6152.3			1.0
6153.200000000001			1.0
6154.1			1.0
6155.0			1.0
6155.9			1.0
6156.8			1.0
6157.700000000001			1.0
6158.6			1.0101971629808784
6159.5			0.9939946049727686
6160.4			0.937404948462374
6161.3			0.8775829337693426
6162.200000000001			0.8607654065091002
6163.1			0.8911074885440496
6164.0			0.9419575423870675
6164.9			0.9814959869211702
6165.8			1.0021988226026877
6166.700000000001			1.0
6167.6			1.0
6168.5			1.0
6169.4			1.0
6170.3			1.0
6171.200000000001			1.0
6172.1			1.0
6173.0			1.0
6173.9			1.0
6174.8			1.0
6175.700000000001			1.0
6176.6			1.0
6177.5			1.0
6178.4			1.0
6179.3			1.0
6180.200000000001			1.0
6181.1			1.0
6182.0			1.0
6182.9			1.0
6183.8			1.0
6184.700000000001			1.0
6185.6			1.0
6186.5			1.0
6187.4			1.0
6188.3			0.9944410679279144
6189.200000000001			0.9901465981862064
6190.1			0.9569591623389503
6191.0			0.9140346597622427
6191.9			0.9231443083733697
6192.8			0.9728291633831597
6193.700000000001			1.0041194551066974
6194.6			1.0
6195.5			1.0
6196.4			1.0
6197.3			1.0
6198.200000000001			1.0
6199.1			1.0
6200.0			1.0
6200.9			1.0
6201.8			1.0
6202.700000000001			1.0
6203.6			1.0
6204.5			1.0
6205.4			1.0
6206.3			1.0
6207.200000000001			1.0
6208.1			1.0
6209.0			1.0
6209.9			1.0
6210.8			1.0
6211.700000000001			1.0
6212.6			1.0
6213.5			1.0
6214.4			1.0
6215.3			1.0
6216.200000000001			1.0
6217.1			1.0
6218.0			1.0
6218.9			1.0
6219.8			1.0
6220.700000000001			1.0
6221.6			1.0
6222.5			1.0
6223.4			1.0
6224.3			1.0
6225.200000000001			1.0
6226.1			1.0
6227.0			0.9999243932055809
6227.9			0.991258802640962
6228.8			0.9590169280635792
6229.700000000001			0.9096185654433068
6230.6			0.882962155568119
6231.5			0.8993739879804522
6232.4			0.9313152525281965
6233.3			0.9652092376465714
6234.200000000001			1.0000017080261596
6235.1			1.0
6236.0			1.0001515876134766
6236.9			0.9846792779647714
6237.8			0.9665055077270545
6238.700000000001			0.9482698141353184
6239.6			0.9306781693123017
6240.5			0.9275295737860205
6241.4			0.9291888792053482
6242.3			0.9123788641591234
6243.200000000001			0.9015977472278477
6244.1			0.9170962389171281
6245.0			0.9341307327712056
6245.9			0.9438704536240848
6246.8			0.966174343714851
6247.700000000001			1.0
6248.6			1.0155683775559854
6249.5			1.0147419623954006
6250.4			0.9975906632345162
6251.3			0.9593410657823584
6252.200000000001			0.9237686295733074
6253.1			0.9170555671040894
6254.0			0.9286351675300227
6254.9			0.9343483356737066
6255.8			0.92166437472461
6256.700000000001			0.8993789271213974
6257.6			0.8833284434641838
6258.5			0.8920917940895686
6259.4			0.9294114969357337
6260.3			0.9612731738024567
6261.200000000001			0.978606793975084
6262.1			1.0022453046367774
6263.0			1.0221394858879598
6263.9			1.0093832938291116
6264.8			0.9796060313127003
6265.700000000001			0.9770918585175333
6266.6			0.9998980184345672
6267.5			1.0
6268.4			1.0
6269.3			1.0
6270.200000000001			1.0
6271.1			1.0
6272.0			1.0
6272.9			1.0
6273.8			1.0
6274.700000000001			1.0
6275.6			1.0
6276.5			1.0
6277.4			1.0
6278.3			1.0
6279.200000000001			1.0
6280.1			1.0
6281.0			1.0
6281.9			1.0
6282.8			1.0
6283.700000000001			1.0
6284.6			1.0
6285.5			1.0
6286.4			1.0
6287.3			1.0
6288.200000000001			1.0
6289.1			1.0
6290.0			1.0
6290.9			1.0
6291.8			1.0
6292.700000000001			1.0
6293.6			1.0116801599247527
6294.5			1.02045972396389
6295.4			1.0010067254883825
6296.3			0.967899043676887
6297.200000000001			0.9586214777999258
6298.1			0.973811906675485
6299.0			0.9862820949871282
6299.9			0.9797658983115377
6300.8			0.9578812136071974
6301.700000000001			0.9416288804258599
6302.6			0.9508376569843777
6303.5			0.9772157254401358
6304.4			0.9930519866678688
6305.3			0.9930781054058492
6306.200000000001			0.9993373612184991
6307.1			1.0169810379875173
6308.0			1.0277364140683503
6308.9			1.0207419891361114
6309.8			0.9996469490667972
6310.700000000001			1.0
6311.6			0.9925390749528084
6312.5			0.9972975999824114
6313.4			0.9897064854681235
6314.3			0.9598150610441276
6315.200000000001			0.9437155626592147
6316.1			0.9554631419659574
6317.0			0.9565109521255183
6317.9			0.937198462522551
6318.8			0.9350023840392608
6319.700000000001			0.9584591999406759
6320.6			0.9803315369496696
6321.5			0.9822842126229099
6322.4			0.9818619804204443
6323.3			0.9916410730340148
6324.200000000001			1.003181928972921
6325.1			1.005786601972267
6326.0			0.9993966633296948
6326.9			1.0
6327.8			1.0
6328.700000000001			1.0
6329.6			1.0
6330.5			1.0
6331.4			1.0
6332.3			1.0169100127223603
6333.200000000001			1.0137186204011943
6334.1			0.9826779370275687
6335.0			0.9423082157878813
6335.9			0.9263820891107681
6336.8			0.9447142840102757
6337.700000000001			0.9703209126898051
6338.6			0.9847398340685781
6339.5			0.9995242819575455
6340.4			1.0
6341.3			1.0
6342.200000000001			1.0
6343.1			1.0
6344.0			1.0
6344.9			1.0
6345.8			1.0
6346.700000000001			1.0
6347.6			1.0
6348.5			1.0
6349.4			1.0
6350.3			1.0
6351.200000000001			1.0
6352.1			1.0
6353.0			1.0
6353.9			0.975736124571154
6354.8			0.9619070104836979
6355.700000000001			0.9709895509932457
6356.6			0.9804417264834201
6357.5			0.9651511019627137
6358.4			0.9432139058789025
6359.3			0.9411692415708444
6360.200000000001			0.9479907655894699
6361.1			0.9397537639605764
6362.0			0.9259390055258333
6362.9			0.9275703281201712
6363.8			0.9433751158598364
6364.700000000001			0.9592609149377386
6365.6			0.9700403660549963
6366.5			0.9833165942560461
6367.4			1.0011389085352254
6368.3			1.0112869567552933
6369.200000000001			1.0066032060319168
6370.1			0.9997728403725148
6371.0			1.0
6371.9			1.0
6372.8			1.0
6373.700000000001			1.0
6374.6			1.0
6375.5			1.0
6376.4			1.0
6377.3			1.0
6378.200000000001			1.0
6379.1			1.0
6380.0			1.0
6380.9			1.0
6381.8			1.0
6382.700000000001			1.0
6383.6			1.0
6384.5			1.0
6385.4			1.0
6386.3			1.0
6387.200000000001			1.0
6388.1			1.0
6389.0			1.0
6389.9			1.0
6390.8			1.0
6391.700000000001			1.0
6392.6			1.0
6393.5			1.0
6394.4			1.0
6395.3			1.0
6396.200000000001			1.0
6397.1			1.0054354786191857
6398.0			0.9883277880552865
6398.9			0.9423329833789726
6399.8			0.9030768237676204
6400.700000000001			0.917336207896687
6401.6			0.9668527842731163
6402.5			0.9997384071512555
6403.4			1.0
6404.3			1.0
6405.200000000001			1.0
6406.1			1.0
6407.0			1.0
6407.9			1.0
6408.8			1.0
6409.700000000001			1.0
6410.6			1.0
6411.5			1.0
6412.4			1.0
6413.3			1.0
6414.200000000001			1.0
6415.1			1.0
6416.0			1.0
6416.9			0.995841719930969
6417.8			0.9835026573374804
6418.700000000001			0.9632641870847827
6419.6			0.9373218419354127
6420.5			0.9196361748619721
6421.4			0.93001407492437
6422.3			0.9648894859315463
6423.200000000001			0.994285913488868
6424.1			0.998777772510383
6425.0			1.0
6425.9			1.0
6426.8			1.0
6427.700000000001			1.0
6428.6			0.9859640473357094
6429.5			0.9531986714380292
6430.4			0.9205782828267853
6431.3			0.9174196281348223
6432.200000000001			0.9458866150765108
6433.1			0.9782222475312956
6434.0			0.9984670213209417
6434.9			1.0
6435.8			1.0
6436.700000000001			1.0
6437.6			1.0
6438.5			1.0
6439.4			1.0
6440.3			1.0
6441.200000000001			1.0
6442.1			1.0
6443.0			1.0
6443.9			1.0
6444.8			1.0
6445.700000000001			1.0
6446.6			1.0
6447.5			0.9862735093199761
6448.4			0.9349837739205039
6449.3			0.8718802714947347
6450.200000000001			0.8589501737406566
6451.1			0.9100290852307462
6452.0			0.9705586767555964
6452.9			1.0014334977263155
6453.8			1.0
6454.700000000001			1.0
6455.6			1.0
6456.5			1.0
6457.4			1.0
6458.3			1.0
6459.200000000001			1.0
6460.1			0.995447691382876
6461.0			0.9663565009711743
6461.9			0.9217361061914664
6462.8			0.9046340076213477
6463.700000000001			0.9342993381082418
6464.6			0.9756295920619229
6465.5			1.001818545390923
6466.4			1.0
6467.3			1.0
6468.200000000001			1.0
6469.1			1.0
6470.0			1.0
6470.9			1.0
6471.8			1.0
6472.700000000001			1.0
6473.6			1.0
6474.5			1.0
6475.4			1.0
6476.3			1.0
6477.200000000001			1.0
6478.1			1.0
6479.0			1.0
6479.9			1.0
6480.8			1.0
6481.700000000001			1.0
6482.6			1.0
6483.5			1.0
6484.4			1.0
6485.3			1.0
6486.200000000001			1.0
6487.1			1.0
6488.0			1.0
6488.9			0.9957400220306108
6489.8			0.9838602129270151
6490.700000000001			0.9700598071229993
6491.6			0.9584120179558016
6492.5			0.9364658626984593
6493.4			0.8884266264913577
6494.3			0.8391068676063134
6495.200000000001			0.8269767012175903
6496.1			0.8486593430317559
6497.0			0.8799267589184993
6497.9			0.9046246411403579
6498.8			0.9191994105157668
6499.700000000001			0.9416599454555143
6500.6			0.9763118291916466
6501.5			1.0017308075259477
6502.4			1.0
6503.3			1.0
6504.200000000001			1.0
6505.1			1.0
6506.0			1.0
6506.9			1.0
6507.8			1.0
6508.700000000001			1.0
6509.6			1.0
6510.5			1.0
6511.4			1.0
6512.3			1.0
6513.200000000001			1.0
6514.1			1.0
6515.0			1.0
6515.9			1.0
6516.8			1.0
6517.700000000001			1.0
6518.6			1.0
6519.5			1.0
6520.4			1.0
6521.3			1.0
6522.200000000001			1.0
6523.1			1.0
6524.0			1.0
6524.9			1.0
6525.8			1.0
6526.700000000001			1.0
6527.6			1.0
6528.5			1.0
6529.4			1.0
6530.3			1.0
6531.200000000001			1.0
6532.1			1.0
6533.0			1.0
6533.9			1.0
6534.8			1.0
6535.700000000001			1.0
6536.6			1.0
6537.5			1.0
6538.4			1.0
6539.3			1.0
6540.200000000001			1.0
6541.1			1.0
6542.0			1.0
6542.9			1.0
6543.8			1.0
6544.700000000001			1.0
6545.6			1.0
6546.5			1.0
6547.4			1.0
6548.3			1.0
6549.200000000001			1.0
6550.1			1.0
6551.0			1.0
6551.9			1.0
6552.8			1.0
6553.700000000001			1.0
6554.6			1.0
6555.5			1.0
6556.4			1.0
6557.3			1.0
6558.200000000001			1.0
6559.1			1.0
6560.0			0.971887222712534
6560.9			0.8872682059642493
6561.8			0.7387803642669166
6562.700000000001			0.6458368189207849
6563.6			0.7231481216267958
6564.5			0.8877318673370764
6565.4			0.9997600987324357
6566.3			1.0
6567.200000000001			1.0
6568.1			1.0
6569.0			1.0
6569.9			1.0
6570.8			1.0028487544415516
6571.700000000001			0.9905590442590778
6572.6			0.9575510462888219
6573.5			0.9273884650014478
6574.4			0.9161840180048445
6575.3			0.9302485213528157
6576.200000000001			0.9624612390739403
6577.1			0.9894221286932418
6578.0			0.9981148600862906
6578.9			1.0
6579.8			1.0
6580.700000000001			1.0
6581.6			1.0
6582.5			1.0
6583.4			1.0
6584.3			1.0
6585.200000000001			1.0
6586.1			1.0
6587.0			1.0
6587.9			1.0
6588.8			1.0
6589.700000000001			1.0
6590.6			0.9886244811656683
6591.5			0.955848548650878
6592.4			0.9136137658455776
6593.3			0.9022878271135419
6594.200000000001			0.9373475743622369
6595.1			0.9807766401247807
6596.0			1.000201025513302
6596.9			1.0
6597.8			1.0
6598.700000000001			1.0
6599.6			1.0
6600.5			1.0
6601.4			1.0
6602.3			1.0
6603.200000000001			1.0
6604.1			1.0
6605.0			1.0
6605.9			1.0
6606.8			1.0
6607.700000000001			1.0
6608.6			1.0
6609.5			1.0
6610.4			1.0
6611.3			1.0
6612.200000000001			1.0
6613.1			1.0
6614.0			1.0
6614.9			1.0
6615.8			1.0
6616.700000000001			1.0
6617.6			0.9994963699170962
6618.5			1.0090259350635673
6619.4			1.0234579987985588
6620.3			1.0337612972824057
6621.200000000001			1.0395795146452413
6622.1			1.0389181967154233
6623.0			1.0261217948401198
6623.9			1.005690032264315
6624.8			0.9980184439140377
6625.700000000001			1.0
6626.6			1.0
6627.5			1.0
6628.4			1.0
6629.3			1.0
6630.200000000001			1.0
6631.1			1.0
6632.0			1.0
6632.9			1.0
6633.8			1.0
6634.700000000001			1.0
6635.6			1.0
6636.5			1.0
6637.4			1.0
6638.3			1.0
6639.200000000001			1.0
6640.1			1.0
6641.0			1.0
6641.9			1.0
6642.8			1.0
6643.700000000001			1.0
6644.6			1.0
6645.5			1.0
6646.4			1.0
6647.3			1.0
6648.200000000001			1.0
6649.1			1.0
6650.0			1.0
6650.9			1.0
6651.8			1.0
6652.700000000001			1.0
6653.6			1.0
6654.5			1.0
6655.4			1.0
6656.3			1.0
6657.200000000001			1.0
6658.1			1.0
6659.0			1.0
6659.9			1.0
6660.8			1.0
6661.700000000001			1.0
6662.6			1.0
6663.5			1.0
6664.4			1.0
6665.3			1.0
6666.200000000001			1.0
6667.1			1.0
6668.0			1.0
6668.9			1.0
6669.8			1.0
6670.700000000001			1.0
6671.6			1.0
6672.5			1.0
6673.4			1.0
6674.3			1.0
6675.200000000001			1.0
6676.1			1.0
6677.0			1.0
6677.9			1.0
6678.8			1.0
6679.700000000001			1.0
6680.6			1.0
6681.5			1.0
6682.4			1.0
6683.3			1.0
6684.200000000001			1.0
6685.1			1.0
6686.0			1.0
6686.9			1.0
6687.8			1.0
6688.700000000001			1.0
6689.6			1.0
6690.5			1.0
6691.4			1.0
6692.3			1.0
6693.200000000001			1.0
6694.1			1.0
6695.0			1.0
6695.9			1.0
6696.8			1.0
6697.700000000001			1.0
6698.6			1.0
6699.5			1.0
6700.4			1.0
6701.3			1.0
6702.200000000001			1.0
6703.1			1.0
6704.0			1.0
6704.9			1.0
6705.8			1.0
6706.700000000001			1.0
6707.6			1.0
6708.5			1.0
6709.4			1.0
6710.3			1.0
6711.200000000001			1.0
6712.1			1.0
6713.0			1.0
6713.9			1.0
6714.8			1.0
6715.700000000001			1.0
6716.6			1.0
6717.5			1.0
6718.4			1.0
6719.3			1.0
6720.200000000001			1.0
6721.1			1.0
6722.0			1.0
6722.9			1.0
6723.8			1.0
6724.700000000001			1.0
6725.6			1.0
6726.5			1.0
6727.4			1.0
6728.3			1.0
6729.200000000001			1.0
6730.1			1.0
6731.0			1.0
6731.9			1.0
6732.8			1.0
6733.700000000001			1.0
6734.6			1.0
6735.5			1.0
6736.4			1.0
6737.3			1.0
6738.200000000001			1.0
6739.1			1.0
6740.0			1.0
6740.9			1.0
6741.8			1.0
6742.700000000001			1.0
6743.6			1.0
6744.5			1.0
6745.4			1.0
6746.3			1.0
6747.200000000001			1.0
6748.1			1.0
6749.0			1.0
6749.9			1.0
6750.8			1.0
6751.700000000001			1.0
6752.6			1.0
6753.5			1.0
6754.4			1.0
6755.3			1.0
6756.200000000001			1.0
6757.1			1.0
6758.0			1.0
6758.9			1.0
6759.8			1.0
6760.700000000001			1.0
6761.6			1.0
6762.5			1.0
6763.4			1.0
6764.3			1.0
6765.200000000001			1.0
6766.1			1.0
6767.0			1.0
6767.9			1.0
6768.8			1.0
6769.700000000001			1.0
6770.6			1.0
6771.5			1.0
6772.4			1.0
6773.3			1.0
6774.200000000001			1.0
6775.1			1.0
6776.0			1.0
6776.9			1.0
6777.8			1.0
6778.700000000001			1.0
6779.6			1.0
6780.5			1.0
6781.4			1.0
6782.3			1.0
6783.200000000001			1.0
6784.1			1.0
6785.0			1.0
6785.9			1.0
6786.8			1.0
6787.700000000001			1.0
6788.6			1.0
6789.5			1.0
6790.4			1.0
6791.3			1.0
6792.200000000001			1.0
6793.1			1.0
6794.0			1.0
6794.9			1.0
6795.8			1.0
6796.700000000001			1.0
6797.6			1.0
6798.5			1.0
6799.4			1.0
6800.3			1.0
6801.200000000001			1.0
6802.1			1.0
6803.0			1.0
6803.9			1.0
6804.8			1.0
6805.700000000001			1.0
6806.6			1.0
6807.5			1.0
6808.4			1.0
6809.3			1.0
6810.200000000001			1.0
6811.1			1.0
6812.0			1.0
6812.9			1.0
6813.8			1.0
6814.700000000001			1.0
6815.6			1.0
6816.5			1.0
6817.4			1.0
6818.3			1.0
6819.200000000001			1.0
6820.1			1.0
6821.0			1.0
6821.9			1.0
6822.8			1.0
6823.700000000001			1.0
6824.6			1.0
6825.5			1.0
6826.4			1.0
6827.3			1.0
6828.200000000001			1.0
6829.1			1.0
6830.0			1.0
6830.9			1.0
6831.8			1.0
6832.700000000001			1.0
6833.6			1.0
6834.5			1.0
6835.4			1.0
6836.3			1.0
6837.200000000001			1.0
6838.1			1.0
6839.0			1.0
6839.9			1.0
6840.8			1.0
6841.700000000001			1.0
6842.6			1.0
6843.5			1.0
6844.4			1.0
6845.3			1.0
6846.200000000001			1.0
6847.1			1.0
6848.0			1.0
6848.9			1.0
6849.8			1.0
6850.700000000001			1.0
6851.6			1.0
6852.5			1.0
6853.4			1.0
6854.3			1.0
6855.200000000001			1.0
6856.1			1.0
6857.0			1.0
6857.9			1.0
6858.8			1.0
6859.700000000001			1.0
6860.6			1.0
6861.5			1.0
6862.4			1.0
6863.3			1.0
6864.200000000001			1.0
6865.1			1.0
6866.0			0.9993659808377571
6866.9			0.981788796529128
6867.8			0.9428947034118189
6868.700000000001			0.9136727086826003
6869.6			0.9376551457211181
6870.5			0.993420068117307
6871.4			1.0015238505829405
6872.3			1.0
6873.200000000001			1.0
6874.1			1.0
6875.0			1.0
6875.9			1.0
6876.8			1.0
6877.700000000001			1.0154570695398815
6878.6			1.0245413013203366
6879.5			1.0264848848816293
6880.4			1.0144398488436295
6881.3			1.0009130098896983
6882.200000000001			0.9965740053708351
6883.1			1.0002725536513133
6884.0			1.0090080735057465
6884.9			1.0126857416393218
6885.8			1.0053166845943406
6886.700000000001			0.9963213588179073
6887.6			1.009757806547503
6888.5			1.0355640762955842
6889.4			1.0319331229906064
6890.3			1.0203819747044034
6891.200000000001			1.0390099491858429
6892.1			1.0490844965402333
6893.0			1.0206051950650412
6893.9			1.0030682505219164
6894.8			1.0193564895962564
6895.700000000001			1.0253266054281016
6896.6			1.0054008335169262
6897.5			1.0035901243027832
6898.4			1.0315028569889453
6899.3			1.0353155710829898
6900.200000000001			1.0045946724858985
6901.1			0.99245229615489
6902.0			1.024205870372915
6902.9			1.0571976134400183
6903.8			1.0466772577449586
6904.700000000001			1.017810473764506
6905.6			1.0137286286673413
6906.5			1.0437996597530093
6907.4			1.061824170370638
6908.3			1.0436477783736984
6909.200000000001			1.0175176701625246
6910.1			1.0097354646240388
6911.0			1.0200911751850725
6911.9			1.0254596281223882
6912.8			1.0104763330563202
6913.700000000001			0.9823487826012496
6914.6			0.9711670787142465
6915.5			0.9904779727103927
6916.4			1.0056615629116967
6917.3			1.0020301036160078
6918.200000000001			0.9996224716427846
6919.1			1.0072268319466076
6920.0			1.0240047957821217
6920.9			1.037275450179919
6921.8			1.0334425570664685
6922.700000000001			1.014335091108048
6923.6			0.983930078505313
6924.5			0.9581651753274105
6925.4			0.9583817186479903
6926.3			0.9803569413835084
6927.200000000001			0.9991098890744854
6928.1			1.0029937118567396
6929.0			0.996954597162647
6929.9			0.9899187832145204
6930.8			0.9889831625649815
6931.700000000001			0.9876279615966972
6932.6			0.9750811778909404
6933.5			0.9656934140819502
6934.4			0.9727341814352912
6935.3			0.9867410531173926
6936.200000000001			0.9971942984755319
6937.1			0.9997094641394894
6938.0			1.0
6938.9			1.0
6939.8			1.0
6940.700000000001			0.994758107717187
6941.6			0.9886655087855521
6942.5			0.9857015035516805
6943.4			0.9758305855734075
6944.3			0.9561080268359711
6945.200000000001			0.9499743327237976
6946.1			0.9706906459584328
6947.0			0.9926575421948772
6947.9			0.9960850450272977
6948.8			0.9929502983383509
6949.700000000001			0.9894457787694598
6950.6			0.9776814798207987
6951.5			0.9695964221941564
6952.4			0.9764716370146894
6953.3			0.9876764460980725
6954.200000000001			0.9910547441989349
6955.1			0.9917904069237959
6956.0			0.9939435049096685
6956.9			0.9915055628680037
6957.8			0.991803316243964
6958.700000000001			1.0004713116352544
6959.6			1.0039928117856924
6960.5			0.9996306651025538
6961.4			0.9963661892281694
6962.3			0.9978231412640028
6963.200000000001			1.0059827069152634
6964.1			1.012884706311855
6965.0			1.0086097032828405
6965.9			1.0043373156569437
6966.8			1.0120578457576426
6967.700000000001			1.0261786882033628
6968.6			1.0349895603562331
6969.5			1.0338725686514922
6970.4			1.0222150089920023
6971.3			1.0092802790335382
6972.200000000001			1.0103918880232527
6973.1			1.02108057664031
6974.0			1.0229486758625683
6974.9			1.0110131809523317
6975.8			0.9935078238495931
6976.700000000001			0.9714486906846921
6977.6			0.9370350533889521
6978.5			0.9055734224113615
6979.4			0.9121249776792154
6980.3			0.954329945493594
6981.200000000001			0.9947677640455779
6982.1			1.015206431641534
6983.0			1.0269691765979123
6983.9			1.0364771667181987
6984.8			1.0355834279351575
6985.700000000001			1.0258594699120904
6986.6			1.0149262958284895
6987.5			1.0
6988.4			0.9935938634685882
6989.3			0.9915672930981073
6990.200000000001			0.996854340496313
6991.1			1.0095834426260726
6992.0			1.0234882299676435
6992.9			1.029807239878292
6993.8			1.0220863290673208
6994.700000000001			1.0092000898794684
6995.6			1.007023402511941
6996.5			1.015005811245859
6997.4			1.0183019331296579
6998.3			1.0032165718701422
6999.200000000001			0.9723390745230359
7000.1			0.9498520318602149
7001.0			0.9599368891715233
7001.9			0.9902292053585576
7002.8			1.0092614471189556
7003.700000000001			1.0041219491878264
7004.6			0.9839434554381676
7005.5			0.9650926413653449
7006.4			0.9600548952807448
7007.3			0.97252103510172
7008.200000000001			0.9932035505106079
7009.1			1.0063115682420407
7010.0			1.0016204070594144
7010.9			0.985537059764284
7011.8			0.9777363053376789
7012.700000000001			0.9879993838485406
7013.6			1.0003702745217082
7014.5			0.9886108238232025
7015.4			0.943999057358044
7016.3			0.8979344475098926
7017.200000000001			0.9001445781125984
7018.1			0.9491743826903147
7019.0			0.9984948287430226
7019.9			1.0239071686057832
7020.8			1.0309208782105233
7021.700000000001			1.0219447319832216
7022.6			0.996124910748047
7023.5			0.9662692363933288
7024.4			0.9528423157441075
7025.3			0.9662762350834903
7026.200000000001			0.9901795256102673
7027.1			0.9976117854411517
7028.0			0.9871640544496447
7028.9			0.979366138054748
7029.8			0.9878156900869314
7030.700000000001			1.0047326549899005
7031.6			1.015142341700833
7032.5			1.0152519287264983
7033.4			1.0067940429322007
7034.3			0.9958288530081261
7035.200000000001			0.9966802601428854
7036.1			1.0059661181234776
7037.0			0.9967503835953638
7037.9			0.9647486421059976
7038.8			0.9468279550963649
7039.700000000001			0.9671924509482172
7040.6			1.002609428667401
7041.5			1.0276884149987109
7042.4			1.040539064174245
7043.3			1.0420248754875403
7044.200000000001			1.0327520752372845
7045.1			1.0199167075067277
7046.0			1.0202863333506784
7046.9			1.0357397995991406
7047.8			1.053130451989965
7048.700000000001			1.0651444662575422
7049.6			1.0677174276476822
7050.5			1.0581816084943685
7051.4			1.0331939837596706
7052.3			0.9973835582660019
7053.200000000001			0.9764649721659238
7054.1			0.9879863385186831
7055.0			1.0190778439447683
7055.9			1.0462703323796612
7056.8			1.0587607877563319
7057.700000000001			1.056164177850423
7058.6			1.0393605368544498
7059.5			1.016131489103219
7060.4			1.004024102903314
7061.3			1.0091352885735778
7062.200000000001			1.016028599756185
7063.1			1.016949774601239
7064.0			1.0241731979297988
7064.9			1.0344093735935334
7065.8			1.0317299702122513
7066.700000000001			1.01397428461437
7067.6			0.9890226683463801
7068.5			0.9716690549992757
7069.4			0.9790853116337481
7070.3			1.0056066492664768
7071.200000000001			1.0270134344993633
7072.1			1.0333648388340753
7073.0			1.032749980044607
7073.9			1.0321348597247808
7074.8			1.0319201513821954
7075.700000000001			1.0312892895816146
7076.6			1.031589319336444
7077.5			1.0381062443291535
7078.4			1.0450396239792454
7079.3			1.0479448007573233
7080.200000000001			1.0525978645956935
7081.1			1.0556904533943139
7082.0			1.0474200774567866
7082.9			1.0
7083.8			0.9671223215611351
7084.700000000001			0.9393704451133423
7085.6			0.9421933574675452
7086.5			0.9687427704529754
7087.4			0.9918448195907931
7088.3			1.0013957603096229
7089.200000000001			0.9937357986813697
7090.1			0.973987957290703
7091.0			0.965064646468651
7091.9			0.9712571174945552
7092.8			0.9752284126049356
7093.700000000001			0.9781751089072699
7094.6			0.9823251792003811
7095.5			0.983333996196122
7096.4			0.9851446655816889
7097.3			0.9900225175368703
7098.200000000001			0.994916140476522
7099.1			0.9971831429165116
7100.0			0.9947134775011137
7100.9			0.9884274372886368
7101.8			0.979784774699144
7102.700000000001			0.9718582804866028
7103.6			0.9721063368266453
7104.5			0.9831516987711456
7105.4			0.9915654861167655
7106.3			0.9817347382959319
7107.200000000001			0.961464449253189
7108.1			0.9568829943048874
7109.0			0.9705432555384242
7109.9			0.9755171031854193
7110.8			0.9604085041533258
7111.700000000001			0.9470642686334166
7112.6			0.952017396464578
7113.5			0.9688068135263399
7114.4			0.9816738890168574
7115.3			0.9862128990826999
7116.200000000001			0.9863005441883835
7117.1			0.9820552028353773
7118.0			0.9767652777646897
7118.9			0.9713198553552904
7119.8			0.9636132442713647
7120.700000000001			0.956977142104839
7121.6			0.9477771620015085
7122.5			0.9420770683412901
7123.4			0.9560343347898566
7124.3			0.9769569516110648
7125.200000000001			0.9824512610554047
7126.1			0.9739946769961316
7127.0			0.9674381469016246
7127.9			0.9718635769701526
7128.8			0.9860005164659295
7129.700000000001			0.9711843914415635
7130.6			0.9478546783656957
7131.5			0.9439705321604098
7132.4			0.9634067423184597
7133.3			0.9885769009509253
7134.200000000001			1.0051215238826778
7135.1			1.0076487396892813
7136.0			1.0038866877284163
7136.9			1.0
7137.8			1.0020968981231404
7138.700000000001			0.992312748118153
7139.6			0.9826744033863282
7140.5			0.9914917621351724
7141.4			1.0044295044911091
7142.3			1.001301813180342
7143.200000000001			0.994716194121525
7144.1			0.9963297320675594
7145.0			0.9985214198050832
7145.9			1.0022958304882101
7146.8			0.9967682721586516
7147.700000000001			0.9700471431680504
7148.6			0.9496633639661848
7149.5			0.9596318261053761
7150.4			0.9763688960222703
7151.3			0.9868437333280861
7152.200000000001			1.0045488466639323
7153.1			1.0206828810015218
7154.0			1.0188599994500713
7154.9			1.0027412757912202
7155.8			0.994689830780471
7156.700000000001			1.011305343264276
7157.6			1.032014209443371
7158.5			1.0330412165216638
7159.4			1.0163245699883865
7160.3			1.0020515296614463
7161.200000000001			1.0035594513313981
7162.1			1.0122809858560078
7163.0			1.0069382166109462
7163.9			0.9757749698738399
7164.8			0.9436121527438297
7165.700000000001			0.9439772130358803
7166.6			0.9718254370222844
7167.5			0.9999280559384544
7168.4			1.0131599681516232
7169.3			1.011283922884823
7170.200000000001			1.002327319013749
7171.1			0.9973072065209367
7172.0			1.0040318892246753
7172.9			1.0113448487227974
7173.8			1.006876522945183
7174.700000000001			0.9909677431606388
7175.6			0.9693576516055558
7176.5			0.9556920023878835
7177.4			0.9617913255668401
7178.3			0.9751376302336479
7179.200000000001			0.9713803337081856
7180.1			0.9449841861188918
7181.0			0.9194763990910215
7181.9			0.9206230714774183
7182.8			0.9546518851554469
7183.700000000001			0.9918860004104517
7184.6			1.0067793075034075
7185.5			1.0103112579598517
7186.4			0.9975430793627771
7187.3			0.9642135369882627
7188.200000000001			0.9401998871921221
7189.1			0.9334044485480756
7190.0			0.9398027925011135
7190.9			0.9564575572529326
7191.8			0.9687211469906769
7192.700000000001			0.9661177341034912
7193.6			0.9529772671795775
7194.5			0.953856084945227
7195.4			0.9674190811817476
7196.3			0.9628138058176894
7197.200000000001			0.9499846385648781
7198.1			0.9534860129931384
7199.0			0.9689196483535717
7199.9			0.9794682026250813
7200.8			1.0
7201.700000000001			1.0032371805177447
7202.6			1.0108438163139455
7203.5			1.0274706601429189
7204.4			1.046271740828389
7205.3			1.0525718131481734
7206.200000000001			1.0242304802572602
7207.1			0.9793778497837169
7208.0			0.9688473131034273
7208.9			0.9933268508047264
7209.8			1.0230765615627624
7210.700000000001			1.0522851987573354
7211.6			1.0690396608987403
7212.5			1.0663054727475003
7213.4			1.0561297561170497
7214.3			1.0467312889508211
7215.200000000001			1.0419649887795481
7216.1			1.045931392727036
7217.0			1.0616386886665672
7217.9			1.0827723578868458
7218.8			1.0908481030358255
7219.700000000001			1.0873547688220728
7220.6			1.0849263108710243
7221.5			1.0868280517716915
7222.4			1.0868240070047095
7223.3			1.0820915764449754
7224.200000000001			1.089169068738689
7225.1			1.114816820302974
7226.0			1.140823687070429
7226.9			1.1541876619385287
7227.8			1.1528973763100043
7228.700000000001			1.1413337480893695
7229.6			1.1357593256462253
7230.5			1.1508140406754663
7231.4			1.1749338257161481
7232.3			1.1861774998219532
7233.200000000001			1.1868755858926268
7234.1			1.1886345367909306
7235.0			1.1849986463270465
7235.9			1.1744044076905031
7236.8			1.1635165934598448
7237.700000000001			1.1595214791513617
7238.6			1.1589027939564374
7239.5			1.156792446571137
7240.4			1.1614111471415614
7241.3			1.1793930294246016
7242.200000000001			1.2021244858090694
7243.1			1.2103248174388475
7244.0			1.20457876421923
7244.9			1.19146919523582
7245.8			1.182736806811153
7246.700000000001			1.1935842198017685
7247.6			1.2129569740631025
7248.5			1.223108289252968
7249.4			1.2241587413684754
7250.3			1.2153960602677323
7251.200000000001			1.2012165537411321
7252.1			1.1986214887893123
7253.0			1.217947189055191
7253.9			1.2403083743070076
7254.8			1.2467901054436645
7255.700000000001			1.2605229368222184
7256.6			1.293166574482572
7257.5			1.320505236980477
7258.4			1.324407027531948
7259.3			1.308938027090199
7260.200000000001			1.2833096601024334
7261.1			1.2461978655325385
7262.0			1.2236949918814026
7262.9			1.249581043555007
7263.8			1.301770502272639
7264.700000000001			1.3413530740932809
7265.6			1.3665769233490015
7266.5			1.388497284055167
7267.4			1.397693953607419
7268.3			1.3909675476378518
7269.200000000001			1.3857431856252809
7270.1			1.3840923272328312
7271.0			1.3781602992762498
7271.9			1.3753741265511135
7272.8			1.3827440403560325
7273.700000000001			1.39745718887014
7274.6			1.4056436081176649
7275.5			1.4099536235715455
7276.4			1.4233183543086727
7277.3			1.4257951379524745
7278.200000000001			1.4063360987147462
7279.1			1.3932473853927978
7280.0			1.4061630579272417
7280.9			1.4261087134954302
7281.8			1.4267982012734426
7282.700000000001			1.4111530470757132
7283.6			1.4002505672413363
7284.5			1.4009588694841701
7285.4			1.415982364360154
7286.3			1.44454593484733
7287.200000000001			1.468111400072627
7288.1			1.464473261468255
7289.0			1.4385168065038647
7289.9			1.4258373867039604
7290.8			1.4292259467785098
7291.700000000001			1.415955835419854
7292.6			1.3907926539121191
7293.5			1.4007439303122862
7294.4			1.4502971926817596
7295.3			1.503031940058385
7296.200000000001			1.541334284435881
7297.1			1.5615364431051708
7298.0			1.5648585832151745
7298.9			1.5656068768223554
7299.8			1.5716919814814165
7300.700000000001			1.5776962375023373
7301.6			1.583534985155426
7302.5			1.6011601581059076
7303.4			1.6303601648201271
7304.3			1.6521159919521102
7305.200000000001			1.6528177530005057
7306.1			1.6362914891453266
7307.0			1.6171082842490434
7307.9			1.6088160924719053
7308.8			1.626084508682836
7309.700000000001			1.655972182882195
7310.6			1.6588116469167473
7311.5			1.639305921009642
7312.4			1.6420047980617174
7313.3			1.68081707308085
7314.200000000001			1.726567388400366
7315.1			1.7440580932638705
7316.0			1.7366016829754656
7316.9			1.7278218636794678
7317.8			1.721394926051293
7318.700000000001			1.7194777745774215
7319.6			1.724748063694236
7320.5			1.7432134761069782
7321.4			1.774737771201704
7322.3			1.802894790198789
7323.200000000001			1.804413304928833
7324.1			1.7819596245598401
7325.0			1.7625742068795267
7325.9			1.7548778715135127
7326.8			1.7727083254757012
7327.700000000001			1.8214525772151968
7328.6			1.8636528821652136
7329.5			1.8747176286212417
7330.4			1.8769611958315213
7331.3			1.8921413148010864
7332.200000000001			1.9126660400325473
7333.1			1.9228904650973426
7334.0			1.9303817363732259
7334.9			1.9538523414393132
7335.8			1.9866087565253476
7336.700000000001			2.0162175641356965
7337.6			2.0403216968981748
7338.5			2.058350012697834
7339.4			2.0673437782278623
7340.3			2.076563860296302
7341.200000000001			2.0976626080880036
7342.1			2.122140448690819
7343.0			2.12139772465136
7343.9			2.086518313553056
7344.8			2.0515249413616066
7345.700000000001			2.067270207855042
7346.6			2.1189124725462047
7347.5			2.1658459671631265
7348.4			2.2011348113807894
7349.3			2.213135663554343
7350.200000000001			2.190890105150738
7351.1			2.1611226454172705
7352.0			2.1688793928708874
7352.9			2.210810349511262
7353.8			2.244043026347805
7354.700000000001			2.233167009867499
7355.6			2.188820835286846
7356.5			2.1669315254042503
7357.4			2.1959851654219915
7358.3			2.2584294481625493
7359.200000000001			2.32845834944306
7360.1			2.3743765992740564
7361.0			2.377537223564721
7361.9			2.3519868319467263
7362.8			2.3251478113848933
7363.700000000001			2.3175435262063853
7364.6			2.32914866667552
7365.5			2.3591684721839554
7366.4			2.3965635886886973
7367.3			2.4377790386352634
7368.200000000001			2.477361895431802
7369.1			2.4881284924391003
7370.0			2.4884740924787936
7370.9			2.5206899708486166
7371.8			2.5749437376252526
7372.700000000001			2.6163104099610806
7373.6			2.637628642200026
7374.5			2.6431961083306126
7375.4			2.644814419735918
7376.3			2.6591976810459514
7377.200000000001			2.690984055417558
7378.1			2.746349260891555
7379.0			2.7977095197582305
7379.9			2.8214281634652014
7380.8			2.809651652981039
7381.700000000001			2.7784897307615477
7382.6			2.756461125755322
7383.5			2.757160791701386
7384.4			2.763035908381062
7385.3			2.75197412330933
7386.200000000001			2.758504970472842
7387.1			2.804679114737455
7388.0			2.8500409078852647
7388.9			2.8496041775166625
7389.8			2.849609171512762
7390.700000000001			2.912660338089698
7391.6			2.9959657635153962
7392.5			3.0317605399803464
7393.4			3.0379696164151584
7394.3			3.088622728840612
7395.200000000001			3.191777827635367
7396.1			3.2627520743475102
7397.0			3.262466686967107
7397.9			3.2511243747163094
7398.8			3.2454714116179177
7399.700000000001			3.253136669667986
7400.6			3.306960432072631
7401.5			3.408649456789635
7402.4			3.524867631232463
7403.3			3.598974660380251
7404.200000000001			3.6160506899891653
7405.1			3.6169752254378364
7406.0			3.6468310166677265
7406.9			3.680661645370135
7407.8			3.6706233852510683
7408.700000000001			3.6460102689157914
7409.6			3.6596780868996315
7410.5			3.7279146051517267
7411.4			3.787151779017252
7412.3			3.1610334717314834
7413.200000000001			1.4119929674477087
7414.1			0.22863280213343543
7415.0			3.927012354185391e-05
7415.9			3.979762334818986e-05
7416.8			4.033948749121008e-05
7417.700000000001			4.0896310802282907e-05
7418.6			4.146872141531971e-05
7419.5			4.2057383130476076e-05
7420.4			4.266299798207267e-05
7421.3			4.3286309031621885e-05
7422.200000000001			4.3928103409323066e-05
7423.1			4.458921563020254e-05
7424.0			4.527053121427369e-05
7424.9			4.597299064373989e-05
7425.8			4.669759369442572e-05
7426.700000000001			4.7445404183386925e-05
7427.6			4.82175551801107e-05
7428.5			4.9015254734992944e-05
7429.4			1.0
