3500.0			1.0
3500.9			1.0
3501.8			1.0
3502.7			1.0
3503.6			1.0
3504.5			1.0
3505.4			1.0
3506.3			1.0
3507.2			1.0
3508.1			1.0
3509.0			1.0
3509.9			1.0
3510.8			1.0
3511.7			1.0
3512.6			1.0
3513.5			1.0
3514.4			1.0
3515.3			1.0
3516.2			1.0
3517.1			1.0
3518.0			1.0
3518.9			1.0
3519.8			1.0
3520.7			1.0
3521.6			1.0
3522.5			1.0
3523.4			1.0
3524.3			1.0
3525.2			1.0
3526.1			1.0
3527.0			1.0
3527.9			1.0
3528.8			1.0
3529.7			1.0
3530.6			1.0
3531.5			1.0
3532.4			1.0
3533.3			1.0
3534.2			1.0
3535.1			1.0
3536.0			1.0
3536.9			1.0
3537.8			1.0
3538.7			1.0
3539.6			1.0
3540.5			1.0
3541.4			1.0
3542.3			1.0
3543.2			1.0
3544.1			1.0
3545.0			1.0
3545.9			1.0
3546.8			1.0
3547.7			1.0
3548.6			1.0
3549.5			1.0
3550.4			1.0
3551.3			1.0
3552.2			1.0
3553.1			1.0
3554.0			1.0
3554.9			1.0
3555.8			1.0
3556.7			1.0
3557.6			1.0
3558.5			1.0
3559.4			1.0
3560.3			1.0
3561.2			1.0
3562.1			1.0
3563.0			1.0
3563.9			1.0
3564.8			1.0
3565.7			1.0
3566.6			1.0
3567.5			1.0
3568.4			1.0
3569.3			1.0
3570.2			1.0
3571.1			1.0
3572.0			1.0
3572.9			1.0
3573.8			1.0
3574.7			1.0
3575.6			1.0
3576.5			1.0
3577.4			1.0
3578.3			1.0
3579.2			1.0
3580.1			1.0
3581.0			1.0
3581.9			1.0
3582.8			1.0
3583.7			1.0
3584.6			1.0
3585.5			1.0
3586.4			1.0
3587.3			1.0
3588.2			1.0
3589.1			1.0
3590.0			1.0
3590.9			1.0
3591.8			1.0
3592.7			1.0
3593.6			1.0
3594.5			1.0
3595.4			1.0
3596.3			1.0
3597.2			1.0
3598.1			1.0
3599.0			1.0
3599.9			1.0
3600.8			1.0
3601.7			1.0
3602.6			1.0
3603.5			1.0
3604.4			1.0
3605.3			1.0
3606.2			1.0
3607.1			1.0
3608.0			1.0
3608.9			1.0
3609.8			1.0
3610.7			1.0
3611.6			1.0
3612.5			1.0
3613.4			1.0
3614.3			1.0
3615.2			1.0
3616.1			1.0
3617.0			1.0
3617.9			1.0
3618.8			1.0
3619.7			1.0
3620.6			1.0
3621.5			1.0
3622.4			1.0
3623.3			1.0
3624.2			1.0
3625.1			1.0
3626.0			1.0
3626.9			1.0
3627.8			1.0
3628.7			1.0
3629.6			1.0
3630.5			1.0
3631.4			1.0
3632.3			1.0
3633.2			1.0
3634.1			1.0
3635.0			1.0
3635.9			1.0
3636.8			1.0
3637.7			1.0
3638.6			1.0
3639.5			1.0
3640.4			1.0
3641.3			1.0
3642.2			1.0
3643.1			1.0
3644.0			1.0
3644.9			1.0
3645.8			1.0
3646.7			1.0
3647.6			1.0
3648.5			1.0
3649.4			1.0
3650.3			1.0
3651.2			1.0
3652.1			1.0
3653.0			1.0
3653.9			1.0
3654.8			1.0
3655.7			1.0
3656.6			1.0
3657.5			1.0
3658.4			1.0
3659.3			1.0
3660.2			1.0
3661.1			1.0
3662.0			1.0
3662.9			1.0
3663.8			1.0
3664.7			1.0
3665.6			1.0
3666.5			1.0
3667.4			1.0
3668.3			1.0
3669.2			1.0
3670.1			1.0
3671.0			1.0
3671.9			1.0
3672.8			1.0
3673.7			1.0
3674.6			1.0
3675.5			1.0
3676.4			1.0
3677.3			1.0
3678.2			1.0
3679.1			1.0
3680.0			1.0
3680.9			1.0
3681.8			1.0
3682.7			1.0
3683.6			1.0
3684.5			1.0
3685.4			1.0
3686.3			1.0
3687.2			1.0
3688.1			1.0
3689.0			1.0
3689.9			1.0
3690.8			1.0
3691.7			1.0
3692.6			1.0
3693.5			1.0
3694.4			1.0
3695.3			1.0
3696.2			1.0
3697.1			1.0
3698.0			1.0
3698.9			1.0
3699.8			1.0
3700.7			1.0
3701.6			1.0
3702.5			1.0
3703.4			1.0
3704.3			1.0
3705.2			1.0
3706.1			1.0
3707.0			1.0
3707.9			1.0
3708.8			1.0
3709.7			1.0
3710.6			1.0
3711.5			1.0
3712.4			1.0
3713.3			1.0
3714.2			1.0
3715.1			1.0
3716.0			1.0
3716.9			1.0
3717.8			1.0
3718.7			1.0
3719.6			1.0
3720.5			1.0
3721.4			1.0
3722.3			1.0
3723.2			1.0
3724.1			1.0
3725.0			1.0
3725.9			1.0
3726.8			1.0
3727.7			1.0
3728.6			1.0
3729.5			1.0
3730.4			1.0
3731.3			1.0
3732.2			1.0
3733.1			1.0
3734.0			1.0
3734.9			1.0
3735.8			1.0
3736.7			1.0
3737.6			1.0
3738.5			1.0
3739.4			1.0
3740.3			1.0
3741.2			1.0
3742.1			1.0
3743.0			1.0
3743.9			1.0
3744.8			1.0
3745.7			1.0
3746.6			1.0
3747.5			1.0
3748.4			1.0
3749.3			1.0
3750.2			1.0
3751.1			1.0
3752.0			1.0
3752.9			1.0
3753.8			1.0
3754.7			1.0
3755.6			1.0
3756.5			1.0
3757.4			1.0
3758.3			1.0
3759.2			1.0
3760.1			1.0
3761.0			1.0
3761.9			1.0
3762.8			1.0
3763.7			1.0
3764.6			1.0
3765.5			1.0
3766.4			1.0
3767.3			1.0
3768.2			1.0
3769.1			1.0
3770.0			1.0
3770.9			1.0
3771.8			1.0
3772.7			1.0
3773.6			1.0
3774.5			1.0
3775.4			1.0
3776.3			1.0
3777.2			1.0
3778.1			1.0
3779.0			1.0
3779.9			1.0
3780.8			1.0
3781.7			1.0
3782.6			1.0
3783.5			1.0
3784.4			1.0
3785.3			1.0
3786.2			1.0
3787.1			1.0
3788.0			1.0
3788.9			1.0
3789.8			1.0
3790.7			1.0
3791.6			1.0
3792.5			1.0
3793.4			1.0
3794.3			1.0
3795.2			1.0
3796.1			1.0
3797.0			1.0
3797.9			1.0
3798.8			1.0
3799.7			1.0
3800.6			1.0
3801.5			1.0
3802.4			1.0
3803.3			1.0
3804.2			1.0
3805.1			1.0
3806.0			1.0
3806.9			1.0
3807.8			1.0
3808.7			1.0
3809.6			1.0
3810.5			1.0
3811.4			1.0
3812.3			1.0
3813.2			1.0
3814.1			1.0
3815.0			1.0
3815.9			1.0
3816.8			1.0
3817.7			1.0
3818.6			1.0
3819.5			1.0
3820.4			1.0
3821.3			1.0
3822.2			1.0
3823.1			1.0
3824.0			1.0
3824.9			1.0
3825.8			1.0
3826.7			1.0
3827.6			1.0
3828.5			1.0
3829.4			1.0
3830.3			1.0
3831.2			1.0
3832.1			1.0
3833.0			1.0
3833.9			1.0
3834.8			1.0
3835.7			1.0
3836.6			1.0
3837.5			1.0
3838.4			1.0
3839.3			1.0
3840.2			1.0
3841.1			1.0
3842.0			1.0
3842.9			1.0
3843.8			1.0
3844.7			1.0
3845.6			1.0
3846.5			1.0
3847.4			1.0
3848.3			1.0
3849.2			1.0
3850.1			1.0
3851.0			1.0
3851.9			1.0
3852.8			1.0
3853.7			1.0
3854.6			1.0
3855.5			1.0
3856.4			1.0
3857.3			1.0
3858.2			1.0
3859.1			1.0
3860.0			1.0
3860.9			1.0
3861.8			1.0
3862.7			1.0
3863.6			1.0
3864.5			1.0
3865.4			1.0
3866.3			1.0
3867.2			1.0
3868.1			1.0
3869.0			1.0
3869.9			1.0
3870.8			1.0
3871.7			1.0
3872.6			1.0
3873.5			1.0
3874.4			1.0
3875.3			1.0
3876.2			1.0
3877.1			1.0
3878.0			1.0
3878.9			1.0
3879.8			1.0
3880.7			1.0
3881.6			1.0
3882.5			1.0
3883.4			1.0
3884.3			1.0
3885.2			1.0
3886.1			1.0
3887.0			1.0
3887.9			1.0
3888.8			1.0
3889.7			1.0
3890.6			1.0
3891.5			1.0
3892.4			1.0
3893.3			1.0
3894.2			1.0
3895.1			1.0
3896.0			1.0
3896.9			1.0
3897.8			1.0
3898.7			1.0
3899.6			1.0
3900.5			1.0
3901.4			1.0
3902.3			1.0
3903.2			1.0
3904.1			1.0
3905.0			1.0
3905.9			1.0
3906.8			1.0
3907.7			1.0
3908.6			1.0
3909.5			1.0
3910.4			1.0
3911.3			1.0
3912.2			1.0
3913.1			1.0
3914.0			1.0
3914.9			1.0
3915.8			1.0
3916.7			1.0
3917.6			1.0
3918.5			1.0
3919.4			1.0
3920.3			1.0
3921.2			1.0
3922.1			1.0
3923.0			1.0
3923.9			1.0
3924.8			1.0
3925.7			1.0
3926.6			1.0
3927.5			1.0
3928.4			1.0
3929.3			1.0
3930.2			1.0
3931.1			1.0
3932.0			1.0
3932.9			1.0
3933.8			1.0
3934.7			1.0
3935.6			1.0
3936.5			1.0
3937.4			1.0
3938.3			1.0
3939.2			1.0
3940.1			1.0
3941.0			1.0
3941.9			1.0
3942.8			1.0
3943.7			1.0
3944.6			1.0
3945.5			1.0
3946.4			1.0
3947.3			1.0
3948.2			1.0
3949.1			1.0
3950.0			1.0
3950.9			1.0
3951.8			1.0
3952.7			1.0
3953.6			1.0
3954.5			1.0
3955.4			1.0
3956.3			1.0
3957.2			1.0
3958.1			1.0
3959.0			1.0
3959.9			1.0
3960.8			1.0
3961.7			1.0
3962.6			1.0
3963.5			1.0
3964.4			1.0
3965.3			1.0
3966.2			1.0
3967.1			1.0
3968.0			1.0
3968.9			1.0
3969.8			1.0
3970.7			1.0
3971.6			1.0
3972.5			1.0
3973.4			1.0
3974.3			1.0
3975.2			1.0
3976.1			1.0
3977.0			1.0
3977.9			1.0
3978.8			1.0
3979.7			1.0
3980.6			1.0
3981.5			1.0
3982.4			1.0
3983.3			1.0
3984.2			1.0
3985.1			1.0
3986.0			1.0
3986.9			1.0
3987.8			1.0
3988.7			1.0
3989.6			1.0
3990.5			1.0
3991.4			1.0
3992.3			1.0
3993.2			1.0
3994.1			1.0
3995.0			1.0
3995.9			1.0
3996.8			1.0
3997.7			1.0
3998.6			1.0
3999.5			1.0
4000.4			1.0
4001.3			1.0
4002.2			1.0
4003.1			1.0176715327632382
4004.0			0.9322516521305282
4004.9			0.7713540472354957
4005.8			0.6874617755312565
4006.7			0.7606154041811466
4007.6			0.9081080259814924
4008.5			1.0031454145166387
4009.4			1.0
4010.3			1.0
4011.2			1.0
4012.1			1.0
4013.0			1.0
4013.9			1.0
4014.8			1.0
4015.7			1.0
4016.6			1.0
4017.5			1.0
4018.4			1.0
4019.3			1.0
4020.2			1.0
4021.1			1.0
4022.0			1.0
4022.9			1.0
4023.8			1.0
4024.7			1.0
4025.6			1.0
4026.5			1.0
4027.4			1.0
4028.3			1.01178567093892
4029.2			0.9213511032701996
4030.1			0.7412202068519789
4031.0			0.5909775522288103
4031.9			0.5300333325466041
4032.8			0.5055822315355384
4033.7			0.4988833800845649
4034.6			0.5537866501057067
4035.5			0.6881485790228239
4036.4			0.8575761970936778
4037.3			0.9878321257875907
4038.2			1.0341800784814663
4039.1			0.9990376482690557
4040.0			1.0
4040.9			1.0
4041.8			1.0
4042.7			0.9832264737217145
4043.6			0.8514208261610015
4044.5			0.6225288530731437
4045.4			0.4346098273268262
4046.3			0.4151735180989422
4047.2			0.5586092031139481
4048.1			0.7506584639940369
4049.0			0.9020084346914882
4049.9			1.0036616319097789
4050.8			1.0
4051.7			1.0
4052.6			1.0
4053.5			1.0
4054.4			1.0
4055.3			1.0
4056.2			1.0
4057.1			1.0
4058.0			1.0
4058.9			1.0
4059.8			1.093989714753073
4060.7			1.141793371076507
4061.6			1.0318328995355315
4062.5			0.7933633648141584
4063.4			0.6060463367968295
4064.3			0.6305835026343439
4065.2			0.8049573721505172
4066.1			0.9419994810320856
4067.0			0.9996886059439253
4067.9			1.0
4068.8			1.0
4069.7			1.0
4070.6			1.0
4071.5			1.0
4072.4			1.0
4073.3			1.0
4074.2			1.0
4075.1			1.0059536760721626
4076.0			0.9103158888940078
4076.9			0.7999754947740764
4077.8			0.7523415766418965
4078.7			0.7868705736911957
4079.6			0.880114360561349
4080.5			0.9875470271499514
4081.4			1.0
4082.3			1.0
4083.2			1.0
4084.1			1.0
4085.0			1.0
4085.9			1.0
4086.8			1.0
4087.7			1.0
4088.6			1.0
4089.5			1.0
4090.4			1.0
4091.3			1.0
4092.2			0.9886215270256382
4093.1			1.027826595348565
4094.0			1.0503305445944011
4094.9			0.9791559750771337
4095.8			0.867358403899924
4096.7			0.8143542580728805
4097.6			0.829547547945558
4098.5			0.8639354761814766
4099.4			0.8617552250192351
4100.3			0.7976964635052939
4101.2			0.7380350194934572
4102.1			0.7597925677015847
4103.0			0.8364310437636685
4103.9			0.9009934786604532
4104.8			0.9522240401486676
4105.7			1.0060972636221734
4106.6			1.0380231913904858
4107.5			1.0394604414005966
4108.4			1.0312528840318367
4109.3			1.023291348778529
4110.2			1.0082815216286474
4111.1			1.0
4112.0			1.0
4112.9			1.0
4113.8			1.0
4114.7			1.0
4115.6			1.0
4116.5			1.0
4117.4			1.0
4118.3			1.0
4119.2			1.0
4120.1			1.0
4121.0			1.0
4121.9			1.0
4122.8			1.0
4123.7			1.0
4124.6			1.0
4125.5			1.0
4126.4			1.0
4127.3			1.0
4128.2			1.0
4129.1			1.002214639209132
4130.0			0.9744067770750617
4130.9			0.8718640697501631
4131.8			0.7412650924638728
4132.7			0.6733504954270089
4133.6			0.6955230198065993
4134.5			0.7847376511837735
4135.4			0.9087371523722604
4136.3			1.0009587967230276
4137.2			1.0
4138.1			1.0
4139.0			1.0
4139.9			1.0215033870523873
4140.8			0.9978932407423948
4141.7			0.8673591005978226
4142.6			0.660058596110349
4143.5			0.5312171414314019
4144.4			0.5851735115132968
4145.3			0.7579366564308402
4146.2			0.9155185467334357
4147.1			0.9979175754606174
4148.0			1.0
4148.9			1.0
4149.8			1.0
4150.7			1.0
4151.6			1.0
4152.5			1.0
4153.4			1.0
4154.3			1.0
4155.2			1.0
4156.1			1.0
4157.0			1.0
4157.9			1.0
4158.8			1.0
4159.7			1.0
4160.6			1.0
4161.5			1.0
4162.4			1.0
4163.3			1.0
4164.2			1.0
4165.1			1.0
4166.0			1.0
4166.9			0.9481223773269349
4167.8			0.9266459280147419
4168.7			0.9592108436747558
4169.6			1.003872580801035
4170.5			0.9841952653506656
4171.4			0.8784342106458906
4172.3			0.7695410184444528
4173.2			0.753486668498887
4174.1			0.7969029560323955
4175.0			0.8246921678334842
4175.9			0.8383516064182944
4176.8			0.8507474403435357
4177.7			0.8750049000476153
4178.6			0.9347603556273985
4179.5			0.9949084159538827
4180.4			1.0
4181.3			1.0
4182.2			1.0
4183.1			1.0
4184.0			1.0
4184.9			1.0352452260247205
4185.8			0.9708493316573538
4186.7			0.8210915177020084
4187.6			0.7430498192781102
4188.5			0.8321570717631734
4189.4			0.9709127828652881
4190.3			1.0000701642558592
4191.2			1.0
4192.1			1.0238700022742184
4193.0			1.1261069092656972
4193.9			1.1576364620291582
4194.8			1.0698092712066105
4195.7			0.9640155206335763
4196.6			0.8891405392084181
4197.5			0.8005587111514473
4198.4			0.715522250657497
4199.3			0.7076955438197235
4200.2			0.7399962174259745
4201.1			0.7214097930867475
4202.0			0.6949429912654725
4202.9			0.7472380295086061
4203.8			0.8507245792819403
4204.7			0.9331356676378252
4205.6			0.9817188924578082
4206.5			1.0072566450768508
4207.4			1.0
4208.3			1.0
4209.2			1.0
4210.1			1.0
4211.0			1.0
4211.9			1.0
4212.8			1.0
4213.7			0.9703726656589738
4214.6			0.89058454833034
4215.5			0.8042417700548208
4216.4			0.7922522922056972
4217.3			0.864297358355569
4218.2			0.9480758149253641
4219.1			1.0026514543004672
4220.0			1.0
4220.9			0.9964111627925996
4221.8			0.9316885493921232
4222.7			0.8294757185788062
4223.6			0.7162629264719163
4224.5			0.5820242124536437
4225.4			0.42228013634868006
4226.3			0.2977148474967027
4227.2			0.2964843661785606
4228.1			0.43531132463643046
4229.0			0.6400782100422896
4229.9			0.838647366351977
4230.8			0.9923483192468179
4231.7			1.0
4232.6			0.9715850145582159
4233.5			0.9274655382650315
4234.4			0.8971905197157671
4235.3			0.8551819504012091
4236.2			0.8367272352455836
4237.1			0.8885600576988208
4238.0			0.9587569734513459
4238.9			0.9831620071523636
4239.8			1.0012415829950823
4240.7			1.0
4241.6			1.0
4242.5			1.0
4243.4			1.0
4244.3			1.0
4245.2			1.0
4246.1			1.0
4247.0			0.9233214413793225
4247.9			0.8663065541951563
4248.8			0.8100633879772883
4249.7			0.7155848238627137
4250.6			0.6705107262447833
4251.5			0.7649086907294701
4252.4			0.871358858143068
4253.3			0.8155847002098167
4254.2			0.69313598536833
4255.1			0.7413639794045126
4256.0			0.9871950310529929
4256.9			1.2222443866167603
4257.8			1.272604094725464
4258.7			1.145776792827647
4259.6			0.9602000798198147
4260.5			0.8729488453632371
4261.4			0.9955846285580451
4262.3			1.0
4263.2			1.0
4264.1			1.0
4265.0			1.0
4265.9			1.0007349546225348
4266.8			0.960392694520922
4267.7			0.9052787209400448
4268.6			0.862317173867168
4269.5			0.7849740488928313
4270.4			0.6322705327037416
4271.3			0.4854582201916124
4272.2			0.45861406849911235
4273.1			0.5051828318150925
4274.0			0.5112566176687171
4274.9			0.5224086657306506
4275.8			0.6408888794148548
4276.7			0.8235747126854029
4277.6			0.9630934677562006
4278.5			1.0007071970231205
4279.4			1.0
4280.3			1.0
4281.2			1.0
4282.1			1.0
4283.0			1.0
4283.9			1.0
4284.8			1.0
4285.7			1.0
4286.6			1.0
4287.5			0.989741363507938
4288.4			0.884519472361217
4289.3			0.7154418887405934
4290.2			0.6508503309131171
4291.1			0.762079228609732
4292.0			0.9320328152936163
4292.9			1.0
4293.8			0.9454526934121741
4294.7			0.9157260619408844
4295.6			0.9662551448667269
4296.5			0.9920326562340275
4297.4			0.9167724544062531
4298.3			0.770122053149792
4299.2			0.6374270398155577
4300.1			0.605976530492068
4301.0			0.6571335204719853
4301.9			0.6974717840917762
4302.8			0.7113954734764149
4303.7			0.7360078202938695
4304.6			0.7510582250419616
4305.5			0.7101217053864072
4306.4			0.6132723396797914
4307.3			0.5084262757040215
4308.2			0.46179888260330637
4309.1			0.5039228475289279
4310.0			0.5936655679591202
4310.9			0.6743753361371834
4311.8			0.7413797367301093
4312.7			0.8093524200531365
4313.6			0.8642409582430521
4314.5			0.9262881350622939
4315.4			1.0537758826665924
4316.3			1.209702780471531
4317.2			1.2685370682414734
4318.1			1.227083282766486
4319.0			1.1889598456412163
4319.9			1.1829390336441687
4320.8			1.0
4321.7			0.9621522875397484
4322.6			0.867634402969444
4323.5			0.719362396295384
4324.4			0.5610476364930586
4325.3			0.4585905798953811
4326.2			0.4886327939929937
4327.1			0.6616745826193261
4328.0			0.8697908690959991
4328.9			0.9971774016198649
4329.8			1.0
4330.7			1.0
4331.6			1.0
4332.5			1.0
4333.4			1.0
4334.3			1.0
4335.2			1.0166490492431832
4336.1			0.963150903204332
4337.0			0.8496015959560755
4337.9			0.7650332356695556
4338.8			0.7364758720604819
4339.7			0.7266549977543435
4340.6			0.7625618949531063
4341.5			0.8677683337113855
4342.4			0.9623156323302037
4343.3			0.9842526404389326
4344.2			0.993243028635055
4345.1			1.0
4346.0			1.0
4346.9			1.0
4347.8			1.0
4348.7			1.0
4349.6			1.0252778706036547
4350.5			0.9283000534879423
4351.4			0.7711330293029975
4352.3			0.7144664851244723
4353.2			0.8044377110682849
4354.1			0.9208980465087407
4355.0			0.9797610537098649
4355.9			1.0
4356.8			1.0
4357.7			1.0
4358.6			1.0
4359.5			1.0
4360.4			1.0
4361.3			1.0
4362.2			1.0
4363.1			1.0
4364.0			1.0
4364.9			1.0
4365.8			1.0
4366.7			1.0
4367.6			1.0
4368.5			1.0
4369.4			1.0
4370.3			1.0
4371.2			1.0
4372.1			1.0
4373.0			1.0
4373.9			1.0
4374.8			1.0
4375.7			1.0
4376.6			1.0
4377.5			1.0
4378.4			1.0
4379.3			0.987390967939708
4380.2			0.9438645140219118
4381.1			0.8592663369393907
4382.0			0.698243711562785
4382.9			0.5041461312667144
4383.8			0.4118831800027238
4384.7			0.5130303754790181
4385.6			0.7414801505883163
4386.5			0.9333673199491503
4387.4			1.0054092131241508
4388.3			1.0077016441101154
4389.2			1.0
4390.1			1.0
4391.0			1.0
4391.9			1.0
4392.8			1.0
4393.7			1.0
4394.6			1.0
4395.5			1.0
4396.4			1.0
4397.3			1.0
4398.2			1.0
4399.1			1.0
4400.0			0.9277932190342774
4400.9			0.9025077391058538
4401.8			0.9239612519005919
4402.7			0.8868337575068541
4403.6			0.7274985838196053
4404.5			0.5727644567477495
4405.4			0.5879308176625007
4406.3			0.7313524609541969
4407.2			0.8433794313032082
4408.1			0.9033157529820274
4409.0			1.0030020611273351
4409.9			1.0
4410.8			1.0
4411.7			1.0
4412.6			0.9870924707382782
4413.5			0.8952904539355484
4414.4			0.7449268863161598
4415.3			0.6659029386138964
4416.2			0.7336022118113665
4417.1			0.8748396611367847
4418.0			0.9994779732969615
4418.9			1.0
4419.8			1.0
4420.7			1.0
4421.6			1.0
4422.5			0.937568190436392
4423.4			0.9395149177008131
4424.3			0.9529721485252215
4425.2			0.9222365418925459
4426.1			0.8763053629602641
4427.0			0.8862024551594033
4427.9			0.9594431957229179
4428.8			1.0149693332395984
4429.7			1.0032456720168172
4430.6			1.0
4431.5			1.0
4432.4			1.0151417568687504
4433.3			0.9338071135986278
4434.2			0.7947730225236089
4435.1			0.7134433478933175
4436.0			0.7600992516954087
4436.9			0.8890525131770739
4437.8			1.004336441620399
4438.7			1.0
4439.6			1.0
4440.5			1.0
4441.4			1.0
4442.3			1.0
4443.2			1.0
4444.1			1.0
4445.0			1.0
4445.9			1.0260911160064554
4446.8			0.9812304909070522
4447.7			0.951782457631679
4448.6			0.9747098057568151
4449.5			0.9994156897968154
4450.4			0.9940942632695619
4451.3			0.9863702195189462
4452.2			0.970324260455491
4453.1			0.8974647705374241
4454.0			0.7681351112505581
4454.9			0.6758962127803734
4455.8			0.6934391820167751
4456.7			0.7685814068548162
4457.6			0.8077263741821696
4458.5			0.8019389696884478
4459.4			0.7975852117805543
4460.3			0.7891313636434806
4461.2			0.7711699200598343
4462.1			0.8050115938079861
4463.0			0.9104532443880528
4463.9			0.9996792060056721
4464.8			1.0
4465.7			1.0
4466.6			1.0
4467.5			1.0
4468.4			1.0
4469.3			1.0
4470.2			1.0
4471.1			1.0
4472.0			1.0
4472.9			1.0
4473.8			1.0
4474.7			1.0
4475.6			1.0
4476.5			1.0
4477.4			1.0
4478.3			1.0144084963048559
4479.2			0.9598735600996045
4480.1			0.8785418208463199
4481.0			0.810166303847164
4481.9			0.7828855181172125
4482.8			0.8228234090152146
4483.7			0.9069472267117076
4484.6			0.9713234166959847
4485.5			1.0001017119634792
4486.4			1.0
4487.3			1.0
4488.2			1.0
4489.1			1.0
4490.0			1.0
4490.9			1.0
4491.8			1.0556567337638014
4492.7			1.048242367794683
4493.6			0.964161528764687
4494.5			0.876887711753009
4495.4			0.8541678559226932
4496.3			0.8855183187806632
4497.2			0.9322337391585815
4498.1			0.9721194776060395
4499.0			0.9916576533898664
4499.9			1.0
4500.8			1.0
4501.7			1.0
4502.6			1.0
4503.5			1.0
4504.4			1.0
4505.3			1.0
4506.2			1.0
4507.1			1.0
4508.0			1.0
4508.9			1.0
4509.8			1.0
4510.7			1.0
4511.6			1.0
4512.5			1.0
4513.4			1.0
4514.3			1.0
4515.2			1.0
4516.1			1.0
4517.0			1.0
4517.9			1.0
4518.8			1.0
4519.7			1.0
4520.6			1.0
4521.5			1.0
4522.4			1.0
4523.3			1.0
4524.2			0.9884589529844626
4525.1			0.9531082310297228
4526.0			0.8871474050202648
4526.9			0.8146898227572071
4527.8			0.7685545180454093
4528.7			0.7701702878026829
4529.6			0.8075529236639364
4530.5			0.8471434708524589
4531.4			0.8799571082341244
4532.3			0.8980117398826978
4533.2			0.8739849288758338
4534.1			0.8120241982009578
4535.0			0.773541318023345
4535.9			0.8339130306399285
4536.8			0.9772156603304119
4537.7			1.0906765479550182
4538.6			1.1074671588443186
4539.5			1.0655019269425572
4540.4			1.0246112833887364
4541.3			1.0246073185561795
4542.2			1.0620335151926252
4543.1			1.0839673501124014
4544.0			1.0560642832621723
4544.9			1.0112594790580594
4545.8			0.9996462472137339
4546.7			1.0
4547.6			1.0
4548.5			1.0
4549.4			1.0
4550.3			1.0
4551.2			1.0206367508110723
4552.1			0.9972974876110431
4553.0			0.9470341994754584
4553.9			0.9037795010699347
4554.8			0.8841328407416212
4555.7			0.9016580416397735
4556.6			0.9497284785565041
4557.5			0.9950871923070342
4558.4			1.0078044532944306
4559.3			1.0
4560.2			1.0
4561.1			1.0
4562.0			0.999123376199866
4562.9			0.9718123484651394
4563.8			0.9279095011829629
4564.7			0.8978321152624344
4565.6			0.9079608010181688
4566.5			0.9539306760708706
4567.4			1.0000238042557696
4568.3			1.0
4569.2			1.0
4570.1			1.0
4571.0			1.0
4571.9			1.0
4572.8			1.0
4573.7			1.0
4574.6			1.0
4575.5			1.0
4576.4			1.0
4577.3			0.9988556448800949
4578.2			0.9789852220970202
4579.1			0.9377340654925359
4580.0			0.8955411465588242
4580.9			0.8945389125057946
4581.8			0.9531081525877386
4582.7			1.024136489014487
4583.6			1.044446375255465
4584.5			1.0
4585.4			0.945875431844012
4586.3			0.9519890819666419
4587.2			1.0191026035272077
4588.1			1.0880634478365152
4589.0			1.111913915311603
4589.9			1.0885253468517722
4590.8			1.0368012807372398
4591.7			0.991379741994271
4592.6			0.977435819914437
4593.5			0.9868061732777677
4594.4			0.9954258773012769
4595.3			0.996691044202065
4596.2			0.996421700161278
4597.1			0.9950788112356047
4598.0			0.999684614184193
4598.9			0.9979220647460133
4599.8			0.9737418061823595
4600.7			0.9485498419605439
4601.6			0.9448697207810326
4602.5			0.9541067597173931
4603.4			0.9638914234279098
4604.3			0.9713132094023763
4605.2			0.9741753960198772
4606.1			0.9761242611298163
4607.0			0.989573419345122
4607.9			1.0291790125276181
4608.8			1.0710892386767232
4609.7			1.0730638867728326
4610.6			1.0417739414512035
4611.5			1.0111009156770243
4612.4			0.991435260006725
4613.3			0.9868786475063196
4614.2			1.0039894729349816
4615.1			1.0141151556293078
4616.0			1.005667240235243
4616.9			1.0029028786813965
4617.8			0.9996505721762753
4618.7			1.0
4619.6			1.0
4620.5			1.0
4621.4			1.0
4622.3			1.0
4623.2			1.0
4624.1			1.0
4625.0			1.0
4625.9			1.0
4626.8			1.0
4627.7			1.0
4628.6			1.0
4629.5			1.0
4630.4			1.0
4631.3			1.0
4632.2			1.0
4633.1			1.0
4634.0			1.0
4634.9			1.0
4635.8			1.0
4636.7			1.0
4637.6			1.0
4638.5			1.0
4639.4			1.0
4640.3			1.0
4641.2			1.0
4642.1			1.0
4643.0			1.0001127128170844
4643.9			0.9843640176312987
4644.8			0.9478756290911273
4645.7			0.8876479221995116
4646.6			0.8525772450863558
4647.5			0.8736803797630801
4648.4			0.9241638105893697
4649.3			0.9702192663937215
4650.2			0.9947082217527041
4651.1			1.0
4652.0			1.0
4652.9			1.0
4653.8			1.0
4654.7			1.0
4655.6			1.0
4656.5			1.0
4657.4			1.0
4658.3			1.0
4659.2			1.0
4660.1			1.0
4661.0			1.0
4661.9			1.0
4662.8			1.0
4663.7			0.9788167195810281
4664.6			0.9669756169159314
4665.5			0.931268141019954
4666.4			0.8510400549866205
4667.3			0.7770825727104531
4668.2			0.7849530383124907
4669.1			0.8702663155130512
4670.0			0.9591494927882206
4670.9			0.9992004714642233
4671.8			1.0
4672.7			1.0
4673.6			1.0
4674.5			1.0
4675.4			1.0331208590037637
4676.3			1.0635712590168604
4677.2			1.0517650827801595
4678.1			1.0009416528472137
4679.0			0.9608117237177112
4679.9			0.950446189461219
4680.8			0.9473037719013698
4681.7			0.9468599607776376
4682.6			0.9661956919162179
4683.5			0.9944393169468773
4684.4			1.007241421490686
4685.3			1.0051784919981601
4686.2			1.0000832970271694
4687.1			1.0
4688.0			1.0
4688.9			1.0
4689.8			1.0
4690.7			1.0
4691.6			1.0
4692.5			1.0
4693.4			1.0
4694.3			1.0
4695.2			1.0
4696.1			1.0
4697.0			0.9786371026203526
4697.9			0.9333129423771622
4698.8			0.9114923587476039
4699.7			0.9252241425438984
4700.6			0.934549351435713
4701.5			0.8993941572036493
4702.4			0.847691747069684
4703.3			0.8550442679055217
4704.2			0.9326870239221692
4705.1			1.0040036723260846
4706.0			1.011015224292127
4706.9			0.9802868239206379
4707.8			0.9649117966630101
4708.7			0.9770002108300638
4709.6			1.0088777098448225
4710.5			1.0
4711.4			1.0
4712.3			1.0
4713.2			1.0
4714.1			1.0
4715.0			1.0
4715.9			1.0
4716.8			1.0
4717.7			1.0
4718.6			1.0
4719.5			1.0
4720.4			1.0
4721.3			1.0
4722.2			1.0
4723.1			1.0
4724.0			1.0241785093037912
4724.9			1.0462321294754457
4725.8			1.024270971841849
4726.7			0.9646652324846339
4727.6			0.9184001127139041
4728.5			0.9095100719071957
4729.4			0.9216897528453051
4730.3			0.9397360064896365
4731.2			0.9647380029963019
4732.1			0.9866397410849173
4733.0			0.9985991463360486
4733.9			1.0
4734.8			1.0
4735.7			1.0
4736.6			1.0
4737.5			1.0
4738.4			1.0
4739.3			1.0
4740.2			1.0
4741.1			1.0
4742.0			1.0
4742.9			1.0
4743.8			1.0
4744.7			1.0
4745.6			1.0
4746.5			1.0
4747.4			1.0
4748.3			1.0
4749.2			1.0
4750.1			1.0
4751.0			1.0
4751.9			1.0
4752.8			1.0
4753.7			1.0
4754.6			1.0
4755.5			1.0
4756.4			1.0
4757.3			1.0
4758.2			1.0
4759.1			1.0203702916198596
4760.0			1.0279957884862738
4760.9			1.004916362500106
4761.8			0.9700994550617903
4762.7			0.959345827205455
4763.6			0.967033820400611
4764.5			0.9564248301130439
4765.4			0.9256365207767552
4766.3			0.9100455163404012
4767.2			0.9287396163865791
4768.1			0.9654611725714859
4769.0			1.0007020729829856
4769.9			1.0110661376796803
4770.8			0.9878518043704523
4771.7			0.961349746869092
4772.6			0.9661226511498353
4773.5			0.9998006137575581
4774.4			1.0
4775.3			1.0
4776.2			1.0
4777.1			1.0
4778.0			1.0
4778.9			1.0
4779.8			0.9953416544684206
4780.7			0.9947710104780824
4781.6			0.9778077754478625
4782.5			0.9461726917957737
4783.4			0.9462125677864156
4784.3			0.9889370867566339
4785.2			1.0164805321812491
4786.1			1.0063819280354078
4787.0			1.0015611701005476
4787.9			1.0
4788.8			1.0
4789.7			1.0
4790.6			1.0
4791.5			1.0
4792.4			1.0
4793.3			1.0
4794.2			1.0
4795.1			1.0
4796.0			1.0
4796.9			1.0
4797.8			1.0
4798.7			1.0
4799.6			1.0
4800.5			1.0
4801.4			1.0
4802.3			1.0
4803.2			1.0
4804.1			1.0
4805.0			1.0
4805.9			1.0
4806.8			1.0
4807.7			1.0
4808.6			1.0
4809.5			1.0
4810.4			1.0
4811.3			1.0
4812.2			1.0
4813.1			1.0
4814.0			1.0
4814.9			1.0
4815.8			1.0
4816.7			1.0
4817.6			1.0
4818.5			1.0
4819.4			1.0
4820.3			1.0
4821.2			0.9880506654343831
4822.1			0.94601351526485
4823.0			0.8887564743392777
4823.9			0.8807942129649238
4824.8			0.9334273828539134
4825.7			0.987039339962038
4826.6			1.0007806417913125
4827.5			1.0
4828.4			1.0
4829.3			1.0
4830.2			1.0
4831.1			1.0
4832.0			1.0
4832.9			1.0
4833.8			1.0
4834.7			1.0
4835.6			1.0
4836.5			1.0
4837.4			1.0
4838.3			1.0
4839.2			1.0
4840.1			1.0
4841.0			1.0
4841.9			1.0
4842.8			1.0
4843.7			1.0
4844.6			1.0
4845.5			1.0
4846.4			1.0
4847.3			1.0
4848.2			1.0
4849.1			1.0
4850.0			1.0
4850.9			1.0
4851.8			1.0
4852.7			1.0
4853.6			1.0
4854.5			1.0
4855.4			1.0
4856.3			1.0
4857.2			1.0
4858.1			0.9933547193481915
4859.0			0.9185385148123618
4859.9			0.8169926695309376
4860.8			0.7595616447928576
4861.7			0.8012717887796101
4862.6			0.9074089724588277
4863.5			0.9937304968080605
4864.4			1.0
4865.3			1.0
4866.2			1.0
4867.1			1.0
4868.0			1.0
4868.9			0.9904102451789538
4869.8			0.9178836928562837
4870.7			0.7951270291495706
4871.6			0.7382637136838204
4872.5			0.8132908444741146
4873.4			0.9363600538170567
4874.3			1.0011361254065094
4875.2			1.0
4876.1			1.0
4877.0			1.0
4877.9			1.0
4878.8			1.0
4879.7			1.0
4880.6			1.0
4881.5			1.0
4882.4			1.0
4883.3			1.0
4884.2			1.0
4885.1			1.0
4886.0			1.0
4886.9			1.0
4887.8			0.9927033498187134
4888.7			0.9523646388159795
4889.6			0.8527776003988411
4890.5			0.7344239976694034
4891.4			0.710065418704535
4892.3			0.8132206887103601
4893.2			0.9380113609265732
4894.1			0.9997041668407988
4895.0			1.006305508453276
4895.9			1.0
4896.8			1.0
4897.7			1.0
4898.6			1.0
4899.5			1.0
4900.4			1.0
4901.3			1.0
4902.2			1.0
4903.1			1.0
4904.0			1.0
4904.9			1.0
4905.8			1.0
4906.7			1.0
4907.6			0.9834307978320059
4908.5			0.9494986296769304
4909.4			0.9118258474159142
4910.3			0.9020696522528708
4911.2			0.9348063340991968
4912.1			0.9749824311715732
4913.0			0.9936614874646962
4913.9			1.0
4914.8			1.0
4915.7			1.0
4916.6			0.9778370106943955
4917.5			0.8860928696519537
4918.4			0.748320413571279
4919.3			0.6371395299357253
4920.2			0.6285356655158494
4921.1			0.7349250315187312
4922.0			0.8860721447596851
4922.9			0.9834611100596885
4923.8			1.0011905121794922
4924.7			1.0
4925.6			1.0
4926.5			1.0
4927.4			1.0
4928.3			1.0
4929.2			1.0
4930.1			1.0
4931.0			1.0
4931.9			1.0
4932.8			1.0
4933.7			1.0
4934.6			1.0
4935.5			1.030558307590509
4936.4			1.0140953978824745
4937.3			0.9365937653330932
4938.2			0.8489552222305082
4939.1			0.8305556025045343
4940.0			0.8927296376134154
4940.9			0.958855256900467
4941.8			0.9828353932389673
4942.7			0.9911140545114978
4943.6			1.0
4944.5			1.0
4945.4			1.0
4946.3			1.0
4947.2			1.0
4948.1			1.0
4949.0			1.0
4949.9			1.0
4950.8			1.0
4951.7			1.0
4952.6			1.0
4953.5			1.0
4954.4			0.9894245696574386
4955.3			0.9332077403854382
4956.2			0.7991417408429962
4957.1			0.6725231816242041
4958.0			0.6958355293740697
4958.9			0.8548845567355934
4959.8			1.0
4960.7			1.0438135928317616
4961.6			1.0342890234314215
4962.5			1.0253869192217528
4963.4			1.0181710430364936
4964.3			0.9895680243350172
4965.2			0.9470914146781906
4966.1			0.9243852142682893
4967.0			0.9227764225670567
4967.9			0.9253407473617282
4968.8			0.9284913059391972
4969.7			0.939291584558798
4970.6			0.9661776365710814
4971.5			1.0005316552798402
4972.4			1.0
4973.3			1.0
4974.2			1.0
4975.1			1.0
4976.0			1.0
4976.9			1.0
4977.8			1.0
4978.7			0.9779274529166093
4979.6			0.9796549846196593
4980.5			0.9470309647595407
4981.4			0.8545000140892479
4982.3			0.7745092613301744
4983.2			0.7704659400845314
4984.1			0.8150893517381598
4985.0			0.8622386920616968
4985.9			0.9162712448637099
4986.8			0.974570892272763
4987.7			0.9987411389656926
4988.6			1.0
4989.5			1.0
4990.4			1.0
4991.3			1.0
4992.2			1.0
4993.1			1.0
4994.0			1.0
4994.9			1.0
4995.8			1.0
4996.7			1.0
4997.6			1.0
4998.5			1.0
4999.4			1.0
5000.3			1.0
5001.2			1.0
5002.1			1.0
5003.0			1.0
5003.9			1.0081735829537428
5004.8			0.9401333253655765
5005.7			0.845208143095337
5006.6			0.823923010541021
5007.5			0.8867376186962496
5008.4			0.962786558414441
5009.3			1.0040174716608308
5010.2			1.0
5011.1			1.0
5012.0			1.0
5012.9			1.0
5013.8			1.0
5014.7			1.0
5015.6			1.0
5016.5			1.0
5017.4			1.0
5018.3			1.0
5019.2			1.0
5020.1			1.0
5021.0			1.0
5021.9			1.0
5022.8			1.0
5023.7			1.0
5024.6			1.0
5025.5			1.0
5026.4			1.0
5027.3			1.0
5028.2			1.0
5029.1			1.0
5030.0			1.0
5030.9			1.0
5031.8			1.0
5032.7			1.0
5033.6			1.0
5034.5			1.0
5035.4			1.0
5036.3			1.0
5037.2			1.0359175902942372
5038.1			1.0323893048253772
5039.0			0.9575745607916277
5039.9			0.8539740757110988
5040.8			0.787155526667451
5041.7			0.8088454904388108
5042.6			0.8910547177739745
5043.5			0.9620097060105085
5044.4			1.0077745081993585
5045.3			1.0
5046.2			1.0
5047.1			0.9899498924157252
5048.0			0.9288661644858164
5048.9			0.8557066625788213
5049.8			0.8254746424501971
5050.7			0.8595113718298185
5051.6			0.9264255483190966
5052.5			0.9871156527025831
5053.4			1.0
5054.3			1.0
5055.2			1.0
5056.1			1.0
5057.0			1.0
5057.9			1.0
5058.8			1.0
5059.7			1.0
5060.6			1.0
5061.5			1.0
5062.4			1.0
5063.3			1.0
5064.2			1.0
5065.1			1.0
5066.0			1.0
5066.9			1.0
5067.8			1.0
5068.7			1.0
5069.6			1.0
5070.5			1.0
5071.4			1.0
5072.3			1.0
5073.2			1.0
5074.1			1.0287136140929014
5075.0			1.009486999976964
5075.9			0.9745120768634933
5076.8			0.9806104457817095
5077.7			0.9940492904384686
5078.6			0.9436790311160954
5079.5			0.869391060770534
5080.4			0.8517188835135616
5081.3			0.8718341341776318
5082.2			0.8765263989884862
5083.1			0.8794511809391218
5084.0			0.9096862859522575
5084.9			0.9576993342280715
5085.8			0.9953817987605713
5086.7			1.0007678874885104
5087.6			1.0
5088.5			1.0
5089.4			1.0
5090.3			1.0
5091.2			1.0
5092.1			1.0
5093.0			1.0
5093.9			0.9926727923253942
5094.8			0.9380106684315934
5095.7			0.8975384965689667
5096.6			0.9082446174841289
5097.5			0.9210616734779159
5098.4			0.8902159633441359
5099.3			0.8684850283056884
5100.2			0.8994429976820205
5101.1			0.955400828557111
5102.0			0.9995786994693402
5102.9			1.0174104339260748
5103.8			1.009892707984939
5104.7			1.0005078208504083
5105.6			1.0
5106.5			1.0
5107.4			1.0
5108.3			1.0
5109.2			1.0
5110.1			1.0
5111.0			1.0
5111.9			1.0
5112.8			1.0
5113.7			1.0
5114.6			1.0
5115.5			1.0
5116.4			1.0
5117.3			1.0
5118.2			1.0
5119.1			1.0
5120.0			1.0
5120.9			0.9848477864759932
5121.8			0.9923429884653897
5122.7			0.9711686931590724
5123.6			0.9126249530746715
5124.5			0.8840482548383494
5125.4			0.9120368026596812
5126.3			0.9576930967824827
5127.2			0.9917388497422238
5128.1			0.9999979610134231
5129.0			1.0
5129.9			1.0
5130.8			1.0
5131.7			1.0
5132.6			1.0085364388742344
5133.5			0.9760729911219094
5134.4			0.977200370612287
5135.3			1.0111190473041933
5136.2			1.0172397667407473
5137.1			0.9822205876857584
5138.0			0.9172325490181427
5138.9			0.8649141841107151
5139.8			0.9002713156164265
5140.7			0.9778030032555244
5141.6			0.986016844173774
5142.5			0.9529950547582289
5143.4			0.9705660104005612
5144.3			1.008271030640151
5145.2			0.9988016815749063
5146.1			1.0
5147.0			1.0
5147.9			1.0
5148.8			1.0
5149.7			1.0
5150.6			1.0
5151.5			1.0
5152.4			1.0
5153.3			1.0
5154.2			1.0
5155.1			1.0
5156.0			1.0
5156.9			1.0
5157.8			1.0
5158.7			1.0
5159.6			1.0
5160.5			1.0
5161.4			1.0
5162.3			1.0
5163.2			1.0
5164.1			1.0
5165.0			1.0
5165.9			1.0
5166.8			1.0
5167.7			1.0
5168.6			1.1015733528449052
5169.5			1.2097459870363652
5170.4			1.1227114729940992
5171.3			0.8638921257373992
5172.2			0.6369886246163491
5173.1			0.6061723434214563
5174.0			0.7437880362903262
5174.9			0.9019608315623663
5175.8			0.9830863916449045
5176.7			1.0
5177.6			0.99465813868293
5178.5			0.9719036517261597
5179.4			0.9260059955695598
5180.3			0.8406751243629026
5181.2			0.7155775216800557
5182.1			0.5729703086234555
5183.0			0.45976946342528346
5183.9			0.4525475782772674
5184.8			0.581627620283968
5185.7			0.7728258218649545
5186.6			0.9175796269828783
5187.5			0.9767089962417075
5188.4			0.9959577907073761
5189.3			1.0199808528158523
5190.2			1.0037524130850812
5191.1			1.0
5192.0			1.0
5192.9			1.0
5193.8			1.0
5194.7			1.0
5195.6			1.0
5196.5			1.0
5197.4			1.0
5198.3			1.0
5199.2			1.0
5200.1			1.0
5201.0			1.0
5201.9			0.9539109992806898
5202.8			0.9017663925157543
5203.7			0.8196873653231814
5204.6			0.7135134194633016
5205.5			0.6496142739363947
5206.4			0.6464378499842904
5207.3			0.6399030221487622
5208.2			0.6074552805883514
5209.1			0.6141902744585813
5210.0			0.7026007410001498
5210.9			0.8454591386330832
5211.8			0.9856946255636927
5212.7			1.066293295049942
5213.6			1.0639894459730432
5214.5			1.0009065867847324
5215.4			1.0
5216.3			1.0
5217.2			1.0
5218.1			1.0
5219.0			1.0
5219.9			1.0
5220.8			1.0
5221.7			1.0
5222.6			1.0
5223.5			0.9554318881231075
5224.4			0.8980541882193096
5225.3			0.828704324123868
5226.2			0.7505733950869871
5227.1			0.7248430561598306
5228.0			0.8045375977031213
5228.9			0.9200681136915593
5229.8			0.9880476065226967
5230.7			0.9996555585549282
5231.6			1.0
5232.5			1.0
5233.4			1.0
5234.3			1.0
5235.2			1.0
5236.1			1.0
5237.0			1.0
5237.9			1.0
5238.8			1.0
5239.7			1.0
5240.6			1.0033481951869194
5241.5			0.9965888950167714
5242.4			0.9815101938588291
5243.3			0.982721993350034
5244.2			1.0081698233934415
5245.1			1.0197315271253649
5246.0			0.9827105177123355
5246.9			0.9309392197595467
5247.8			0.9237754180535674
5248.7			0.9455639885877398
5249.6			0.9398331247640004
5250.5			0.9182103059579171
5251.4			0.9235884607333062
5252.3			0.9481756258441234
5253.2			0.9568946007764728
5254.1			0.9430053768935802
5255.0			0.9344460202701634
5255.9			0.9654133294706196
5256.8			1.0181045211600441
5257.7			1.0521673969636396
5258.6			1.060839313073752
5259.5			1.0
5260.4			0.9547949039774307
5261.3			0.8829019107778495
5262.2			0.806502706397344
5263.1			0.7497878611450246
5264.0			0.7153084388887627
5264.9			0.6826493287392636
5265.8			0.6639583029298952
5266.7			0.6921222964942927
5267.6			0.7157765434427282
5268.5			0.641156603083438
5269.4			0.5262810819033111
5270.3			0.5342042761766296
5271.2			0.672133488362373
5272.1			0.7967677090012465
5273.0			0.8415788450733048
5273.9			0.8489505716953756
5274.8			0.8488848525778201
5275.7			0.8596320744142496
5276.6			0.9075650978983988
5277.5			0.9696805646363147
5278.4			1.0
5279.3			0.9849310945624198
5280.2			0.9372908373846672
5281.1			0.8757357844674192
5282.0			0.8189730264453422
5282.9			0.7850299858672616
5283.8			0.7970600291500632
5284.7			0.8668085941784375
5285.6			0.9524259804244133
5286.5			1.0000356733128497
5287.4			1.0
5288.3			1.0
5289.2			1.0
5290.1			1.0
5291.0			1.0
5291.9			1.0
5292.8			1.0
5293.7			1.0
5294.6			1.0041649883029526
5295.5			0.9713238637186419
5296.4			0.8958549218669248
5297.3			0.8244629754490268
5298.2			0.8280049948502274
5299.1			0.9130034897311825
5300.0			0.9971839623401293
5300.9			1.0160576571042106
5301.8			1.0075587912198611
5302.7			1.0
5303.6			1.0
5304.5			1.0
5305.4			1.0
5306.3			1.0
5307.2			1.0
5308.1			1.0
5309.0			1.0
5309.9			1.0
5310.8			1.0
5311.7			1.0
5312.6			1.0
5313.5			1.0
5314.4			1.0
5315.3			1.0
5316.2			1.0
5317.1			1.0
5318.0			1.0
5318.9			1.0
5319.8			1.0
5320.7			1.0
5321.6			1.0
5322.5			1.0
5323.4			1.0
5324.3			1.0
5325.2			1.0211926410202554
5326.1			1.0098398687640053
5327.0			0.8635614818411446
5327.9			0.6920055216838639
5328.8			0.6777853715136483
5329.7			0.8182275087844284
5330.6			0.9619096287694293
5331.5			1.0095771688790145
5332.4			0.9903976796488908
5333.3			1.0
5334.2			1.0
5335.1			1.0
5336.0			1.0
5336.9			1.0
5337.8			0.9935679467329928
5338.7			0.9533104735080405
5339.6			0.8720225795237624
5340.5			0.8222825146326167
5341.4			0.8601143089132404
5342.3			0.9435797600059845
5343.2			1.0002440782334332
5344.1			1.0
5345.0			1.0
5345.9			1.0
5346.8			1.0
5347.7			1.0
5348.6			1.0
5349.5			1.0
5350.4			1.0
5351.3			1.0
5352.2			1.0
5353.1			1.0
5354.0			1.0
5354.9			1.0
5355.8			1.0
5356.7			1.0
5357.6			1.0
5358.5			1.0
5359.4			1.0
5360.3			1.0
5361.2			1.0
5362.1			1.0
5363.0			1.0
5363.9			1.0
5364.8			1.0
5365.7			1.0
5366.6			1.0
5367.5			0.9960009118576444
5368.4			0.9719771625178001
5369.3			0.8958104245377315
5370.2			0.7763067570311405
5371.1			0.6986619144312137
5372.0			0.7384915848099828
5372.9			0.8561983507734773
5373.8			0.9523343176483137
5374.7			0.9943282280443005
5375.6			1.0
5376.5			1.0
5377.4			1.0
5378.3			1.0
5379.2			1.0
5380.1			1.0
5381.0			0.9906437088916639
5381.9			0.9560966720179441
5382.8			0.9117090152052312
5383.7			0.9073331546612978
5384.6			0.949853451071939
5385.5			0.9892051671319281
5386.4			1.0002810827481554
5387.3			1.0
5388.2			1.0
5389.1			1.0
5390.0			1.0
5390.9			1.0
5391.8			1.0
5392.7			1.0
5393.6			1.0
5394.5			1.0
5395.4			1.0
5396.3			1.0
5397.2			1.0
5398.1			1.0
5399.0			1.0
5399.9			1.0
5400.8			1.0
5401.7			1.0289993148144072
5402.6			1.02622729224724
5403.5			0.9550275641508159
5404.4			0.8499381636469279
5405.3			0.7861767120000164
5406.2			0.8263484963466498
5407.1			0.9441809364424829
5408.0			1.023198323755292
5408.9			1.0018606595260215
5409.8			1.0
5410.7			1.0
5411.6			1.0
5412.5			1.0
5413.4			1.0
5414.3			1.0
5415.2			1.0
5416.1			1.0
5417.0			1.0
5417.9			1.0
5418.8			1.0
5419.7			1.0
5420.6			1.0
5421.5			1.0
5422.4			1.0
5423.3			1.0
5424.2			1.0
5425.1			1.0
5426.0			1.0
5426.9			1.0402141152550546
5427.8			1.0029093053848488
5428.7			0.8908893438923615
5429.6			0.8184908030191536
5430.5			0.8745861692502189
5431.4			0.9760799605637683
5432.3			1.0043309517330221
5433.2			1.0
5434.1			1.0
5435.0			1.0
5435.9			1.0
5436.8			1.0
5437.7			1.0
5438.6			1.0
5439.5			1.0
5440.4			1.0
5441.3			1.0
5442.2			1.0
5443.1			1.0
5444.0			0.9632950668017931
5444.9			0.887486414472241
5445.8			0.7920607932368224
5446.7			0.7455531430616374
5447.6			0.8082812015091653
5448.5			0.9237669369932124
5449.4			0.999732280836118
5450.3			1.0
5451.2			1.0
5452.1			1.0
5453.0			0.9805451414037514
5453.9			0.9157586299889423
5454.8			0.8200642279681546
5455.7			0.7869917290907468
5456.6			0.8575689652467227
5457.5			0.9518821418675941
5458.4			0.9988858221998463
5459.3			1.0
5460.2			1.0
5461.1			1.0
5462.0			1.0
5462.9			1.0
5463.8			1.0
5464.7			1.0
5465.6			1.0
5466.5			1.0
5467.4			1.0
5468.3			1.0
5469.2			1.0
5470.1			1.0
5471.0			1.0
5471.9			1.0
5472.8			0.9904621665179179
5473.7			0.9742219894388922
5474.6			0.9608014885143566
5475.5			0.9143178980348308
5476.4			0.8576146436101192
5477.3			0.8730339727617014
5478.2			0.9551492347262515
5479.1			1.0146467248864084
5480.0			1.0027265726309518
5480.9			1.0
5481.8			1.0
5482.7			1.0
5483.6			1.0
5484.5			1.0
5485.4			1.0
5486.3			1.0
5487.2			1.0
5488.1			1.0
5489.0			1.0
5489.9			1.0
5490.8			1.0
5491.7			1.0
5492.6			1.0
5493.5			1.0
5494.4			1.0
5495.3			1.0
5496.2			1.0
5497.1			1.0
5498.0			1.0
5498.9			1.0
5499.8			1.0
5500.7			1.0
5501.6			1.0
5502.5			1.0
5503.4			1.0
5504.3			1.0
5505.2			1.0
5506.1			1.0
5507.0			1.0
5507.9			1.0505617432780336
5508.8			1.079839003329519
5509.7			1.0684069159782619
5510.6			1.0299064078184677
5511.5			0.9718649533674563
5512.4			0.9244304992435782
5513.3			0.9195162506280621
5514.2			0.9433530827731859
5515.1			0.9681652718357221
5516.0			0.9822164945189582
5516.9			0.9938942753082589
5517.8			1.0
5518.7			1.0
5519.6			1.0
5520.5			1.0
5521.4			1.0
5522.3			1.0
5523.2			1.0
5524.1			1.0
5525.0			1.0
5525.9			0.9731290162999341
5526.8			0.9147810468620837
5527.7			0.8436711949619164
5528.6			0.8409195514021913
5529.5			0.9206030265112334
5530.4			0.9897948591868626
5531.3			0.9998806804328424
5532.2			1.0
5533.1			1.0
5534.0			1.0
5534.9			1.0
5535.8			1.0
5536.7			1.0
5537.6			1.0
5538.5			1.0
5539.4			1.0
5540.3			1.0
5541.2			1.0
5542.1			1.0
5543.0			1.0
5543.9			1.0
5544.8			1.0
5545.7			1.0
5546.6			1.0
5547.5			1.0
5548.4			1.0
5549.3			1.0
5550.200000000001			1.0
5551.1			1.0
5552.0			1.0
5552.9			1.0
5553.8			1.0
5554.700000000001			1.0
5555.6			1.0
5556.5			1.0
5557.4			1.0
5558.3			1.0
5559.200000000001			1.0
5560.1			1.0
5561.0			1.0
5561.9			1.0
5562.8			1.0
5563.700000000001			1.0
5564.6			1.0
5565.5			1.0
5566.4			0.9964015659457309
5567.3			0.9962421319294241
5568.200000000001			0.9742880345719662
5569.1			0.9443526233630922
5570.0			0.9524970790028878
5570.9			0.9653935923568175
5571.8			0.9251905128572102
5572.700000000001			0.8909135689644949
5573.6			0.9239412963504061
5574.5			0.9668712197891708
5575.4			0.9652534212562194
5576.3			0.9588130415696774
5577.200000000001			0.9769032643628964
5578.1			0.9935029354793419
5579.0			0.9966307313486928
5579.9			1.0
5580.8			1.0
5581.700000000001			1.0
5582.6			1.010500028455715
5583.5			1.0285169585786018
5584.4			1.0124662961083877
5585.3			0.9415583912758833
5586.200000000001			0.8504848618902017
5587.1			0.8049317976649789
5588.0			0.8118169764300649
5588.9			0.8459420571286438
5589.8			0.9054124665432528
5590.700000000001			0.9688223798820277
5591.6			0.9999856415748825
5592.5			1.0
5593.4			1.0
5594.3			1.0
5595.200000000001			1.0
5596.1			1.0
5597.0			1.0
5597.9			1.0
5598.8			1.0
5599.700000000001			0.9981490754791689
5600.6			0.96741221086143
5601.5			0.9148584259563708
5602.4			0.884647097007092
5603.3			0.9102955766923809
5604.200000000001			0.96873176795515
5605.1			1.0080527916149182
5606.0			1.0
5606.9			1.0
5607.8			1.0
5608.700000000001			1.0
5609.6			1.0
5610.5			1.0
5611.4			1.0
5612.3			1.0
5613.200000000001			0.9779470561753406
5614.1			0.8864341600993664
5615.0			0.7808030847087952
5615.9			0.7818967355874786
5616.8			0.8819577900652742
5617.700000000001			0.9670436928831957
5618.6			0.9992073083648093
5619.5			1.0
5620.4			1.0
5621.3			1.0
5622.200000000001			1.0
5623.1			0.9628840965893013
5624.0			0.9006353398617988
5624.9			0.8998111623188746
5625.8			0.9566349931395681
5626.700000000001			0.9978781241661961
5627.6			1.0
5628.5			1.0
5629.4			1.0
5630.3			1.0
5631.200000000001			1.0
5632.1			1.0
5633.0			1.0
5633.9			1.0
5634.8			1.0
5635.700000000001			1.0
5636.6			1.0
5637.5			1.0
5638.4			1.0
5639.3			1.0
5640.200000000001			1.0
5641.1			1.0
5642.0			1.0
5642.9			1.0
5643.8			1.0
5644.700000000001			1.0
5645.6			1.0
5646.5			1.0
5647.4			1.0
5648.3			1.0
5649.200000000001			1.0
5650.1			1.0
5651.0			1.0
5651.9			1.0
5652.8			1.0
5653.700000000001			1.0
5654.6			1.0
5655.5			1.0014914751370136
5656.4			1.0053609080270536
5657.3			0.9597947059606791
5658.200000000001			0.8979172594560577
5659.1			0.9084732537377275
5660.0			0.973997797401235
5660.9			0.9995884825756464
5661.8			1.0
5662.700000000001			1.0
5663.6			1.0
5664.5			1.0
5665.4			1.0
5666.3			1.0
5667.200000000001			1.0
5668.1			1.0
5669.0			1.0
5669.9			1.0
5670.8			1.0
5671.700000000001			1.0
5672.6			1.0
5673.5			1.0
5674.4			1.0
5675.3			1.0
5676.200000000001			1.0
5677.1			1.0
5678.0			1.0
5678.9			1.0
5679.8			1.0
5680.700000000001			1.0
5681.6			1.0
5682.5			1.0
5683.4			1.0
5684.3			1.0
5685.200000000001			1.0
5686.1			1.0
5687.0			1.0
5687.9			1.0
5688.8			1.0
5689.700000000001			1.0
5690.6			1.0
5691.5			1.0
5692.4			1.0
5693.3			1.0
5694.200000000001			1.0
5695.1			1.0
5696.0			1.0
5696.9			1.0
5697.8			1.0
5698.700000000001			1.0
5699.6			1.0
5700.5			1.0
5701.4			1.0
5702.3			1.0
5703.200000000001			1.0219270268016427
5704.1			1.0305322114136684
5705.0			1.0150185623027768
5705.9			0.9852450854610203
5706.8			0.9670923579438052
5707.700000000001			0.9479643469786998
5708.6			0.9174818256632534
5709.5			0.8978792812767032
5710.4			0.8956611147491392
5711.3			0.900295390541653
5712.200000000001			0.9272608917965842
5713.1			0.9734749513450233
5714.0			0.9970088671170142
5714.9			0.9989957712287951
5715.8			1.0021148386285301
5716.700000000001			1.0
5717.6			1.0
5718.5			1.0
5719.4			1.0
5720.3			1.0
5721.200000000001			1.0
5722.1			1.0
5723.0			1.0
5723.9			1.0
5724.8			1.0
5725.700000000001			1.0
5726.6			1.0
5727.5			1.0
5728.4			1.0
5729.3			1.0
5730.200000000001			1.0
5731.1			1.0
5732.0			1.0
5732.9			1.0
5733.8			1.0
5734.700000000001			1.0
5735.6			1.0
5736.5			1.0
5737.4			1.0
5738.3			1.0
5739.200000000001			1.0
5740.1			1.0
5741.0			1.0
5741.9			1.0
5742.8			1.0
5743.700000000001			1.0
5744.6			1.0
5745.5			1.0
5746.4			1.0
5747.3			1.0
5748.200000000001			1.0
5749.1			1.0
5750.0			1.0
5750.9			1.0
5751.8			1.0
5752.700000000001			1.0
5753.6			1.0
5754.5			1.0
5755.4			1.0
5756.3			1.0
5757.200000000001			1.0
5758.1			1.0
5759.0			1.0
5759.9			1.0
5760.8			1.0
5761.700000000001			1.0
5762.6			1.0
5763.5			1.0
5764.4			1.0
5765.3			1.0
5766.200000000001			1.0
5767.1			1.0
5768.0			1.0
5768.9			1.0
5769.8			1.0
5770.700000000001			1.0
5771.6			1.0
5772.5			1.0
5773.4			1.0
5774.3			1.0
5775.200000000001			1.0
5776.1			1.0
5777.0			1.0
5777.9			0.9998717794275424
5778.8			0.9894575618118736
5779.700000000001			0.9606061617473727
5780.6			0.9256671293264156
5781.5			0.910436282381929
5782.4			0.9173082597959591
5783.3			0.9234439936250205
5784.200000000001			0.9149748190193695
5785.1			0.9122226051130413
5786.0			0.935595029222441
5786.9			0.9679943176245952
5787.8			0.9851714816855823
5788.700000000001			0.9931807360440518
5789.6			0.9866258886258802
5790.5			0.9676204747589785
5791.4			0.9717783078578867
5792.3			0.9990658077729867
5793.200000000001			1.0
5794.1			1.0
5795.0			1.0
5795.9			1.0
5796.8			1.0
5797.700000000001			1.0
5798.6			1.0
5799.5			1.0
5800.4			1.0
5801.3			1.0
5802.200000000001			1.0
5803.1			1.0
5804.0			1.0
5804.9			1.0
5805.8			1.0
5806.700000000001			1.0
5807.6			1.0
5808.5			1.0
5809.4			1.0
5810.3			1.0
5811.200000000001			1.0
5812.1			1.0
5813.0			1.0
5813.9			1.0
5814.8			1.0
5815.700000000001			1.0
5816.6			1.0
5817.5			1.0
5818.4			1.0
5819.3			1.0
5820.200000000001			1.0
5821.1			1.0
5822.0			1.0
5822.9			1.0
5823.8			1.0
5824.700000000001			1.0
5825.6			1.0
5826.5			1.0
5827.4			1.0
5828.3			1.0
5829.200000000001			1.0
5830.1			1.0
5831.0			1.0
5831.9			1.0
5832.8			1.0
5833.700000000001			1.0
5834.6			1.0
5835.5			1.0
5836.4			1.0
5837.3			1.0
5838.200000000001			1.0
5839.1			1.0
5840.0			1.0
5840.9			1.0
5841.8			1.0
5842.700000000001			1.0
5843.6			1.0
5844.5			1.0
5845.4			1.0
5846.3			1.0
5847.200000000001			1.0
5848.1			1.0
5849.0			1.0
5849.9			1.0
5850.8			1.0
5851.700000000001			1.0
5852.6			1.0
5853.5			1.0
5854.4			1.0120542108313366
5855.3			1.0134772484742998
5856.200000000001			0.9716016309562391
5857.1			0.9141906921255225
5858.0			0.9154625702709092
5858.9			0.9599760922164288
5859.8			0.9996145551615178
5860.700000000001			1.0
5861.6			1.0
5862.5			1.0
5863.4			1.0
5864.3			1.0
5865.200000000001			1.0
5866.1			1.0
5867.0			1.0
5867.9			1.0
5868.8			1.0
5869.700000000001			1.0
5870.6			1.0
5871.5			1.0
5872.4			1.0
5873.3			1.0
5874.200000000001			1.0
5875.1			1.0
5876.0			1.0
5876.9			1.0
5877.8			1.0
5878.700000000001			1.0
5879.6			1.0
5880.5			1.0
5881.4			1.0
5882.3			1.0
5883.200000000001			1.0
5884.1			1.0
5885.0			1.0
5885.9			1.0
5886.8			0.9856829541340396
5887.700000000001			0.8987467896089836
5888.6			0.7142984812681885
5889.5			0.5250446370587939
5890.4			0.5152650816973581
5891.3			0.6994148761080496
5892.200000000001			0.9040364905969945
5893.1			1.0179983446144236
5894.0			0.9982166129542863
5894.9			1.0
5895.8			1.0
5896.700000000001			1.0
5897.6			1.0
5898.5			1.0
5899.4			1.0
5900.3			1.0
5901.200000000001			1.0
5902.1			1.0
5903.0			1.0
5903.9			1.0
5904.8			1.0
5905.700000000001			1.0
5906.6			1.0
5907.5			1.0
5908.4			1.0
5909.3			1.0
5910.200000000001			1.0
5911.1			1.0
5912.0			1.0
5912.9			1.0
5913.8			1.0
5914.700000000001			1.0
5915.6			1.0
5916.5			1.0
5917.4			1.0
5918.3			1.0
5919.200000000001			1.0
5920.1			1.0
5921.0			1.0
5921.9			1.0
5922.8			1.0
5923.700000000001			1.0
5924.6			1.0
5925.5			1.0
5926.4			1.0
5927.3			1.0
5928.200000000001			1.0
5929.1			1.0
5930.0			1.0
5930.9			1.0
5931.8			1.0
5932.700000000001			1.0
5933.6			1.0
5934.5			1.0
5935.4			1.0
5936.3			1.0
5937.200000000001			1.0
5938.1			1.0
5939.0			1.0
5939.9			1.0
5940.8			1.0
5941.700000000001			1.0
5942.6			1.0
5943.5			1.0
5944.4			1.0
5945.3			1.0
5946.200000000001			1.0
5947.1			1.0
5948.0			1.0
5948.9			1.0
5949.8			1.0
5950.700000000001			1.0
5951.6			1.0
5952.5			1.0
5953.4			1.0
5954.3			1.0
5955.200000000001			1.0
5956.1			1.0
5957.0			1.0
5957.9			1.0
5958.8			1.0
5959.700000000001			1.0
5960.6			1.0
5961.5			1.0
5962.4			1.0
5963.3			1.0
5964.200000000001			1.0
5965.1			1.0
5966.0			1.0
5966.9			1.0
5967.8			1.0
5968.700000000001			1.0
5969.6			1.0
5970.5			1.0
5971.4			1.0
5972.3			1.0
5973.200000000001			1.0
5974.1			1.0
5975.0			1.0
5975.9			1.0
5976.8			1.0
5977.700000000001			1.0
5978.6			1.0
5979.5			1.0
5980.4			1.0
5981.3			1.0
5982.200000000001			1.0
5983.1			1.0
5984.0			1.0
5984.9			1.0
5985.8			1.0
5986.700000000001			1.0
5987.6			1.0
5988.5			1.0
5989.4			1.0
5990.3			1.0
5991.200000000001			1.0
5992.1			1.0
5993.0			1.0
5993.9			1.0
5994.8			1.0
5995.700000000001			1.0
5996.6			1.0
5997.5			1.0
5998.4			1.0
5999.3			1.0
6000.200000000001			1.0
6001.1			1.0
6002.0			1.0
6002.9			1.0
6003.8			1.0
6004.700000000001			1.0
6005.6			1.0
6006.5			1.0
6007.4			1.0
6008.3			1.0
6009.200000000001			1.0
6010.1			1.0
6011.0			1.0
6011.9			1.0
6012.8			1.0
6013.700000000001			1.0
6014.6			1.0
6015.5			1.003613981464058
6016.4			0.9785714771997357
6017.3			0.979025030538667
6018.200000000001			0.9999563857696552
6019.1			0.994845439293088
6020.0			0.9590971341846954
6020.9			0.9383008057255384
6021.8			0.9448942008165114
6022.700000000001			0.9608274776698085
6023.6			0.9615309729548165
6024.5			0.965685082813896
6025.4			0.9879182302714745
6026.3			0.9997396701223352
6027.200000000001			1.0
6028.1			1.0
6029.0			1.0
6029.9			1.0
6030.8			1.0
6031.700000000001			1.0
6032.6			1.0
6033.5			1.0
6034.4			1.0
6035.3			1.0
6036.200000000001			1.0
6037.1			1.0
6038.0			1.0
6038.9			1.0
6039.8			1.0
6040.700000000001			1.0
6041.6			1.0
6042.5			1.0
6043.4			1.0
6044.3			1.0
6045.200000000001			1.0
6046.1			1.0
6047.0			1.0
6047.9			1.0
6048.8			1.0
6049.700000000001			1.0
6050.6			1.0
6051.5			1.0
6052.4			1.0
6053.3			1.0
6054.200000000001			1.0
6055.1			1.0
6056.0			1.0
6056.9			1.0
6057.8			1.0
6058.700000000001			1.0
6059.6			1.0
6060.5			1.0
6061.4			1.0
6062.3			0.9926482655131033
6063.200000000001			0.984621732311426
6064.1			0.9572276062075219
6065.0			0.920795127305156
6065.9			0.9266556498349077
6066.8			0.9697893491680196
6067.700000000001			0.9999712053465644
6068.6			1.0
6069.5			1.0
6070.4			1.0
6071.3			1.0
6072.200000000001			1.0
6073.1			1.0
6074.0			1.0
6074.9			1.0
6075.8			1.0
6076.700000000001			1.0
6077.6			1.0
6078.5			1.0
6079.4			1.0
6080.3			1.0
6081.200000000001			1.0
6082.1			1.0
6083.0			1.0
6083.9			1.0
6084.8			1.0
6085.700000000001			1.0
6086.6			1.0
6087.5			1.0
6088.4			1.0
6089.3			1.0
6090.200000000001			1.0
6091.1			1.0
6092.0			1.0
6092.9			1.0
6093.8			1.0
6094.700000000001			1.0
6095.6			1.0
6096.5			1.0
6097.4			1.0
6098.3			1.0
6099.200000000001			1.0
6100.1			1.0
6101.0			0.9677735100389703
6101.9			0.884627061564606
6102.8			0.8398293457671946
6103.700000000001			0.9025045515600701
6104.6			0.9929530582075013
6105.5			1.0
6106.4			1.0
6107.3			1.0
6108.200000000001			1.0
6109.1			1.0
6110.0			1.0
6110.9			1.0
6111.8			1.0
6112.700000000001			1.0
6113.6			1.0
6114.5			1.0
6115.4			1.0
6116.3			1.0
6117.200000000001			1.0
6118.1			1.0
6119.0			1.0
6119.9			0.9853445705635301
6120.8			0.9257604287850897
6121.700000000001			0.8296193789717702
6122.6			0.8053131886719243
6123.5			0.8897516128189447
6124.4			0.9739155075560021
6125.3			1.0010373162416133
6126.200000000001			1.0
6127.1			1.0
6128.0			1.0
6128.9			1.0
6129.8			1.0
6130.700000000001			1.0
6131.6			1.0
6132.5			1.0
6133.4			1.0
6134.3			0.9919998153921781
6135.200000000001			0.9493505734241984
6136.1			0.8669085840050773
6137.0			0.805743461409032
6137.9			0.841905355489475
6138.8			0.9379648430884416
6139.700000000001			1.002245171088677
6140.6			1.0
6141.5			1.0
6142.4			1.0
6143.3			1.0
6144.200000000001			1.0
6145.1			1.0
6146.0			1.0
6146.9			1.0
6147.8			1.0
6148.700000000001			1.0
6149.6			1.0
6150.5			1.0
6151.4			1.0
6152.3			1.0
6153.200000000001			1.0
6154.1			1.0
6155.0			1.0
6155.9			1.0
6156.8			1.0
6157.700000000001			1.0
6158.6			1.0
6159.5			0.9957218556726533
6160.4			0.9189819039843331
6161.3			0.7867248642798632
6162.200000000001			0.7173344932442761
6163.1			0.7775878562774
6164.0			0.9008189796502701
6164.9			0.9934639899793346
6165.8			1.0
6166.700000000001			1.0
6167.6			1.0
6168.5			1.0
6169.4			1.0
6170.3			1.0
6171.200000000001			1.0
6172.1			1.0
6173.0			1.0
6173.9			1.0
6174.8			1.0
6175.700000000001			1.0
6176.6			1.0
6177.5			1.0
6178.4			1.0
6179.3			1.0
6180.200000000001			1.0
6181.1			1.0
6182.0			1.0
6182.9			1.0
6183.8			1.0
6184.700000000001			1.0
6185.6			1.0
6186.5			1.0
6187.4			1.0
6188.3			1.0
6189.200000000001			1.0
6190.1			0.9673680681053204
6191.0			0.9022629253651772
6191.9			0.8921377206507975
6192.8			0.9506120810162695
6193.700000000001			0.9998814924073396
6194.6			1.0
6195.5			1.0
6196.4			1.0
6197.3			1.0
6198.200000000001			1.0
6199.1			1.0
6200.0			1.0
6200.9			1.0
6201.8			1.0
6202.700000000001			1.0
6203.6			1.0
6204.5			1.0
6205.4			1.0
6206.3			1.0
6207.200000000001			1.0
6208.1			1.0
6209.0			1.0
6209.9			1.0
6210.8			1.0
6211.700000000001			1.0
6212.6			1.0
6213.5			1.0
6214.4			1.0
6215.3			1.0
6216.200000000001			1.0
6217.1			1.0
6218.0			1.0
6218.9			1.0
6219.8			1.0
6220.700000000001			1.0
6221.6			1.0
6222.5			1.0
6223.4			1.0
6224.3			1.0
6225.200000000001			1.0
6226.1			1.0
6227.0			0.9999953025194149
6227.9			0.9973153429720704
6228.8			0.9763357296328453
6229.700000000001			0.9228637631557111
6230.6			0.8765118889512635
6231.5			0.8817088853792472
6232.4			0.9176755549330505
6233.3			0.959673659927869
6234.200000000001			1.0004848115355867
6235.1			1.0
6236.0			1.0
6236.9			1.0
6237.8			1.0
6238.700000000001			1.0
6239.6			1.0
6240.5			1.0
6241.4			1.0
6242.3			1.0
6243.200000000001			1.0
6244.1			1.0
6245.0			1.0
6245.9			1.0
6246.8			1.0
6247.700000000001			1.0
6248.6			1.0
6249.5			1.0032866925615367
6250.4			0.9925340302076006
6251.3			0.9511042032788042
6252.200000000001			0.9034873806957133
6253.1			0.8897164320391787
6254.0			0.9093262953417462
6254.9			0.9325289558330156
6255.8			0.931988167274366
6256.700000000001			0.9143515848910754
6257.6			0.8902733585670247
6258.5			0.880460178827668
6259.4			0.906778290865142
6260.3			0.9368856627869264
6261.200000000001			0.9536784442081203
6262.1			0.9778575489127634
6263.0			0.9952650485370402
6263.9			0.9839809287188382
6264.8			0.9630349244568035
6265.700000000001			0.9615879693972443
6266.6			0.9822585823608354
6267.5			0.9998992347254887
6268.4			1.0
6269.3			1.0
6270.200000000001			1.0
6271.1			1.0
6272.0			1.0
6272.9			1.0
6273.8			1.0
6274.700000000001			1.0
6275.6			1.0
6276.5			1.0
6277.4			1.0
6278.3			1.0
6279.200000000001			1.0
6280.1			1.0
6281.0			1.0
6281.9			1.0
6282.8			1.0
6283.700000000001			1.0
6284.6			1.0
6285.5			1.0
6286.4			1.0
6287.3			1.0
6288.200000000001			1.0
6289.1			1.0
6290.0			1.0
6290.9			1.0
6291.8			1.0
6292.700000000001			1.0
6293.6			1.0
6294.5			1.0
6295.4			1.0
6296.3			1.0
6297.200000000001			1.0
6298.1			1.0
6299.0			1.0258588310242598
6299.9			1.0192992854738279
6300.8			0.9616001848223202
6301.700000000001			0.9073199525439118
6302.6			0.9225314135962112
6303.5			0.9759095240515896
6304.4			0.9957947414361789
6305.3			1.0
6306.200000000001			1.0
6307.1			1.0
6308.0			1.0
6308.9			1.0
6309.8			1.0
6310.700000000001			1.0
6311.6			1.0
6312.5			1.0
6313.4			1.0004264620216776
6314.3			0.971146617645088
6315.200000000001			0.9478506975026134
6316.1			0.9595010808598331
6317.0			0.956950758955392
6317.9			0.924775268305489
6318.8			0.921411017932438
6319.700000000001			0.9593322774962699
6320.6			0.9948333292781877
6321.5			0.992689157067429
6322.4			0.9729432993904884
6323.3			0.9771940080748039
6324.200000000001			0.9999208129404507
6325.1			1.0
6326.0			1.0
6326.9			1.0
6327.8			1.0
6328.700000000001			1.0
6329.6			1.0
6330.5			1.0
6331.4			1.0
6332.3			1.0
6333.200000000001			1.0061965340972625
6334.1			0.9879621820669074
6335.0			0.9451956027600931
6335.9			0.90740589445669
6336.8			0.9186612258804987
6337.700000000001			0.962252934394858
6338.6			0.9947742486439303
6339.5			1.0
6340.4			1.0
6341.3			1.0
6342.200000000001			1.0
6343.1			1.0
6344.0			1.0
6344.9			1.0
6345.8			1.0
6346.700000000001			1.0
6347.6			1.0
6348.5			1.0
6349.4			1.0
6350.3			1.0
6351.200000000001			1.0
6352.1			1.0
6353.0			1.0
6353.9			1.0
6354.8			1.0
6355.700000000001			1.0
6356.6			1.0
6357.5			1.0
6358.4			1.0
6359.3			1.0
6360.200000000001			1.0
6361.1			1.0
6362.0			1.0
6362.9			1.0
6363.8			1.0
6364.700000000001			1.0
6365.6			1.0
6366.5			1.0
6367.4			1.0
6368.3			1.0
6369.200000000001			1.0
6370.1			1.0
6371.0			1.0
6371.9			1.0
6372.8			1.0
6373.700000000001			1.0
6374.6			1.0
6375.5			1.0
6376.4			1.0
6377.3			1.0
6378.200000000001			1.0
6379.1			1.0
6380.0			1.0
6380.9			1.0
6381.8			1.0
6382.700000000001			1.0
6383.6			1.0
6384.5			1.0
6385.4			1.0
6386.3			1.0
6387.200000000001			1.0
6388.1			1.0
6389.0			1.0
6389.9			1.0
6390.8			1.0
6391.700000000001			1.0
6392.6			1.0
6393.5			1.0
6394.4			1.0
6395.3			1.0
6396.200000000001			1.0
6397.1			1.009014923204967
6398.0			0.9979201148306214
6398.9			0.9323980110071355
6399.8			0.8576986651247746
6400.700000000001			0.8757875540562357
6401.6			0.9548914150658327
6402.5			0.9980200266777863
6403.4			1.0
6404.3			1.0
6405.200000000001			1.0
6406.1			1.0
6407.0			1.0
6407.9			1.0
6408.8			1.0
6409.700000000001			1.016155933384611
6410.6			0.9754998676429388
6411.5			0.9347889804027342
6412.4			0.9581610735989682
6413.3			1.0016823428756816
6414.200000000001			1.0
6415.1			1.0
6416.0			1.0
6416.9			1.0
6417.8			1.0
6418.700000000001			1.0
6419.6			1.0
6420.5			1.0
6421.4			1.0
6422.3			1.0
6423.200000000001			1.0
6424.1			1.0
6425.0			1.0
6425.9			1.0
6426.8			1.0
6427.700000000001			1.0
6428.6			1.0
6429.5			1.0
6430.4			1.0
6431.3			1.0
6432.200000000001			1.0
6433.1			1.0
6434.0			1.0
6434.9			1.0
6435.8			1.0
6436.700000000001			0.9873781467913119
6437.6			0.9438778983873418
6438.5			0.8737007572745428
6439.4			0.8602315390125789
6440.3			0.9186653890984469
6441.200000000001			0.9755629356714319
6442.1			1.0003604902840115
6443.0			1.0
6443.9			1.0
6444.8			1.0
6445.700000000001			1.0
6446.6			1.0
6447.5			1.0
6448.4			0.9679217240641224
6449.3			0.9130336488357406
6450.200000000001			0.8989678290397787
6451.1			0.9467519496379652
6452.0			0.9979089917417738
6452.9			1.0
6453.8			1.0
6454.700000000001			1.0
6455.6			1.0
6456.5			1.0
6457.4			1.0
6458.3			1.0
6459.200000000001			1.0
6460.1			0.997834749259541
6461.0			0.9535705305553355
6461.9			0.8738298733907612
6462.8			0.8463964996467219
6463.700000000001			0.9048602489262141
6464.6			0.9702568980953065
6465.5			1.0020040313484966
6466.4			1.0
6467.3			1.0
6468.200000000001			1.0
6469.1			1.0
6470.0			1.0
6470.9			1.0
6471.8			1.0
6472.700000000001			1.0
6473.6			1.0
6474.5			1.0
6475.4			1.0
6476.3			1.0
6477.200000000001			1.0
6478.1			1.0
6479.0			1.0
6479.9			1.0
6480.8			1.0
6481.700000000001			1.0
6482.6			1.0
6483.5			1.0
6484.4			1.0
6485.3			1.0
6486.200000000001			1.0
6487.1			1.0
6488.0			1.0
6488.9			1.0
6489.8			1.0
6490.700000000001			1.0
6491.6			0.9973632159025876
6492.5			0.9629512939768903
6493.4			0.8913101153025084
6494.3			0.8281885787159736
6495.200000000001			0.8320782087917362
6496.1			0.8917670914468497
6497.0			0.9574389069521583
6497.9			0.9965996109893801
6498.8			0.9998330614938935
6499.700000000001			1.0
6500.6			1.0
6501.5			1.0
6502.4			1.0
6503.3			1.0
6504.200000000001			1.0
6505.1			1.0
6506.0			1.0
6506.9			1.0
6507.8			1.0
6508.700000000001			1.0
6509.6			1.0
6510.5			1.0
6511.4			1.0
6512.3			1.0
6513.200000000001			1.0
6514.1			1.0
6515.0			1.0
6515.9			1.0
6516.8			1.0
6517.700000000001			1.0
6518.6			1.0
6519.5			1.0
6520.4			1.0
6521.3			1.0
6522.200000000001			1.0
6523.1			1.0
6524.0			1.0
6524.9			1.0
6525.8			1.0
6526.700000000001			1.0
6527.6			1.0
6528.5			1.0
6529.4			1.0
6530.3			1.0
6531.200000000001			1.0
6532.1			1.0
6533.0			1.0
6533.9			1.0
6534.8			1.0
6535.700000000001			1.0
6536.6			1.0
6537.5			1.0
6538.4			1.0
6539.3			1.0
6540.200000000001			1.0
6541.1			1.0
6542.0			1.0
6542.9			1.0
6543.8			1.0
6544.700000000001			1.0
6545.6			1.0
6546.5			1.0
6547.4			1.0
6548.3			1.0
6549.200000000001			1.0
6550.1			1.0
6551.0			1.0
6551.9			1.0
6552.8			1.0
6553.700000000001			1.0
6554.6			1.0
6555.5			1.0
6556.4			1.0
6557.3			1.0
6558.200000000001			1.0
6559.1			1.0
6560.0			0.9874826201805436
6560.9			0.9221763059952607
6561.8			0.7753938266994854
6562.700000000001			0.6609436797317131
6563.6			0.7386778672420027
6564.5			0.9046989629801437
6565.4			1.0021921930772828
6566.3			1.0
6567.200000000001			1.0
6568.1			1.0
6569.0			1.0
6569.9			1.0
6570.8			1.0
6571.700000000001			1.0
6572.6			1.0
6573.5			1.0
6574.4			1.0
6575.3			1.0
6576.200000000001			1.0
6577.1			1.0
6578.0			1.0
6578.9			1.0
6579.8			1.0
6580.700000000001			1.0
6581.6			1.0
6582.5			1.0
6583.4			1.0
6584.3			1.0
6585.200000000001			1.0022586798710942
6586.1			1.0014949724195017
6587.0			1.022269628080479
6587.9			1.0494533146119327
6588.8			1.0
6589.700000000001			0.9980215113624158
6590.6			0.9904065670115699
6591.5			0.952748850472811
6592.4			0.89058926368416
6593.3			0.8622293637349663
6594.200000000001			0.9039337441822297
6595.1			0.9612908967127836
6596.0			0.9819016578094708
6596.9			0.973714037242814
6597.8			0.9607445493272613
6598.700000000001			0.9568640336760051
6599.6			0.9738864454672292
6600.5			0.9927405439952482
6601.4			0.9982059106650006
6602.3			1.0017166343055626
6603.200000000001			1.0017764324088443
6604.1			0.9920371832570548
6605.0			0.9865979837015619
6605.9			0.9876359614829762
6606.8			0.9866070133159972
6607.700000000001			0.9724589042017927
6608.6			0.9496396051578205
6609.5			0.9505324778901684
6610.4			0.9806358243152379
6611.3			0.9980367222736211
6612.200000000001			0.994873684029745
6613.1			0.9923775325704042
6614.0			1.0002242900366793
6614.9			1.0067593460117763
6615.8			1.0067573537996533
6616.700000000001			1.0042988498148309
6617.6			1.005995543202024
6618.5			1.0090157565952613
6619.4			1.0073126295481438
6620.3			1.0063426908580635
6621.200000000001			1.007008313246757
6622.1			1.0065007015916585
6623.0			1.0023912074140402
6623.9			0.9884018102287397
6624.8			0.9783249591922231
6625.700000000001			0.9897530946278094
6626.6			1.003784768678723
6627.5			1.0010681189685973
6628.4			0.99271963975134
6629.3			0.9872915635328776
6630.200000000001			0.9888602450813949
6631.1			0.9878734113846341
6632.0			0.9733569815440462
6632.9			0.9540467236654744
6633.8			0.9465415104944703
6634.700000000001			0.9621442856974193
6635.6			0.9784585332040691
6636.5			0.991571196685853
6637.4			1.0040827162872352
6638.3			1.0058757970435552
6639.200000000001			0.9982922611804775
6640.1			0.9991610130544902
6641.0			1.0002459543387159
6641.9			0.9929581004838625
6642.8			0.9655364380960383
6643.700000000001			0.9524224278528659
6644.6			0.9693540598045493
6645.5			0.9898039692071396
6646.4			1.0010057991570558
6647.3			0.9999647713667745
6648.200000000001			1.0
6649.1			1.0
6650.0			1.0
6650.9			1.0
6651.8			1.0
6652.700000000001			1.0
6653.6			1.0
6654.5			1.0
6655.4			1.0
6656.3			1.0
6657.200000000001			1.0
6658.1			1.0
6659.0			1.0
6659.9			1.0
6660.8			1.0
6661.700000000001			1.0
6662.6			1.0
6663.5			1.0
6664.4			1.0
6665.3			1.0
6666.200000000001			1.0
6667.1			1.0
6668.0			1.0
6668.9			1.0
6669.8			1.0
6670.700000000001			1.0
6671.6			1.0
6672.5			1.0
6673.4			1.0
6674.3			1.0
6675.200000000001			1.0
6676.1			0.9884354157277819
6677.0			0.9406176563085377
6677.9			0.9034860211797331
6678.8			0.9391161210651154
6679.700000000001			0.9974839603782173
6680.6			1.0
6681.5			1.0
6682.4			1.0
6683.3			1.0
6684.200000000001			1.0
6685.1			1.0
6686.0			1.0
6686.9			1.0
6687.8			1.0
6688.700000000001			1.0
6689.6			1.0
6690.5			1.0
6691.4			1.0
6692.3			1.0
6693.200000000001			1.0
6694.1			1.0
6695.0			1.0
6695.9			1.0
6696.8			1.0
6697.700000000001			1.0
6698.6			1.0
6699.5			1.0
6700.4			1.0
6701.3			1.0
6702.200000000001			1.0
6703.1			1.0
6704.0			1.0
6704.9			1.0
6705.8			1.0
6706.700000000001			1.0
6707.6			1.0
6708.5			1.0
6709.4			1.0
6710.3			1.0
6711.200000000001			1.0
6712.1			1.0
6713.0			1.0
6713.9			1.0
6714.8			0.9985839652280009
6715.700000000001			0.9940874679191299
6716.6			0.9649163724181791
6717.5			0.935233483443529
6718.4			0.9638943124824725
6719.3			1.012008867384556
6720.200000000001			1.024416808012394
6721.1			1.01436964827165
6722.0			1.0125920503010537
6722.9			1.0159769925097974
6723.8			1.0163054794361672
6724.700000000001			1.0116780780186618
6725.6			1.0046164307391245
6726.5			0.9986753870847048
6727.4			1.0085961759385582
6728.3			1.0240731906741414
6729.200000000001			1.0265310206888107
6730.1			1.0206201870110878
6731.0			1.0181994303630977
6731.9			1.015963663043954
6732.8			1.0116032101225867
6733.700000000001			1.0118170162317626
6734.6			1.0199146498527838
6735.5			1.0266908708636882
6736.4			1.0192268610337751
6737.3			1.0130897903097351
6738.200000000001			1.0121006029936812
6739.1			1.0080294458622612
6740.0			1.0125122380114833
6740.9			1.0188636438802574
6741.8			1.0078427871362954
6742.700000000001			0.9861836201780637
6743.6			0.986621967363664
6744.5			0.998911282574252
6745.4			1.0084777896044443
6746.3			1.0115372205238182
6747.200000000001			1.0083949933516798
6748.1			1.009304615275957
6749.0			0.9956164824345135
6749.9			0.9755816283041651
6750.8			0.9822314104377388
6751.700000000001			0.9955834392210773
6752.6			0.9898303096375367
6753.5			0.9899785531654378
6754.4			0.9995941838925351
6755.3			1.0034303992127656
6756.200000000001			1.0079330393197263
6757.1			1.022262193407282
6758.0			1.030307734399408
6758.9			1.0236001156070613
6759.8			1.0099139234108765
6760.700000000001			1.006324281716181
6761.6			1.0132320441795735
6762.5			1.018939814166351
6763.4			1.0144105026150194
6764.3			1.0079455625217806
6765.200000000001			1.00692100180426
6766.1			1.0001511341551812
6767.0			0.9851694200509915
6767.9			0.9825627299047412
6768.8			0.9972424432638884
6769.700000000001			1.0072415518776192
6770.6			1.0000429288477357
6771.5			0.9883634083984912
6772.4			0.9894255881352654
6773.3			1.0015527325101166
6774.200000000001			1.0143281073298105
6775.1			1.0194952865142433
6776.0			1.0125345953357385
6776.9			1.0042209473239905
6777.8			1.0079382745258438
6778.700000000001			1.0063729033783477
6779.6			1.0021739813491017
6780.5			1.0095010575784396
6781.4			1.0078626224778182
6782.3			0.9911880216840433
6783.200000000001			0.981550196685265
6784.1			0.9863833748168946
6785.0			0.9894215184496119
6785.9			0.9852616897677798
6786.8			0.9834609827527176
6787.700000000001			0.9884163580081067
6788.6			0.9893238355786084
6789.5			0.9897621837789286
6790.4			0.9948155308908568
6791.3			0.9985320165951211
6792.200000000001			0.996344578302301
6793.1			0.9957458937618149
6794.0			1.000070838793763
6794.9			1.0141543784195524
6795.8			1.0250302240569447
6796.700000000001			1.013646939170536
6797.6			0.9963948276849837
6798.5			0.9920826314764266
6799.4			0.9977260639512601
6800.3			0.9968665159919433
6801.200000000001			0.9999529209599984
6802.1			1.0
6803.0			1.0
6803.9			1.0
6804.8			1.0
6805.700000000001			1.0
6806.6			1.0
6807.5			1.0
6808.4			1.0
6809.3			1.0
6810.200000000001			1.0
6811.1			1.0
6812.0			1.0
6812.9			1.0
6813.8			1.0
6814.700000000001			1.0
6815.6			1.0
6816.5			1.0
6817.4			1.0
6818.3			1.0
6819.200000000001			1.0
6820.1			1.0
6821.0			1.0
6821.9			1.0
6822.8			1.0
6823.700000000001			1.0
6824.6			1.0
6825.5			1.0
6826.4			1.0
6827.3			1.0
6828.200000000001			1.0
6829.1			1.0
6830.0			1.0
6830.9			1.0
6831.8			1.0
6832.700000000001			1.0
6833.6			1.0
6834.5			1.0
6835.4			1.0
6836.3			1.0
6837.200000000001			1.0
6838.1			1.0
6839.0			1.0
6839.9			1.0
6840.8			1.0
6841.700000000001			1.0
6842.6			1.0
6843.5			1.0
6844.4			1.0
6845.3			1.0
6846.200000000001			1.0
6847.1			1.0
6848.0			1.0
6848.9			1.0
6849.8			1.0
6850.700000000001			1.0
6851.6			1.0
6852.5			1.0
6853.4			1.0
6854.3			1.0
6855.200000000001			1.0
6856.1			1.0
6857.0			1.0
6857.9			1.0
6858.8			1.0
6859.700000000001			1.0
6860.6			1.0
6861.5			1.0
6862.4			1.0
6863.3			1.0
6864.200000000001			1.0
6865.1			1.0
6866.0			1.0
6866.9			1.0
6867.8			1.0
6868.700000000001			1.0
6869.6			1.0
6870.5			1.0
6871.4			1.0
6872.3			1.0
6873.200000000001			1.0
6874.1			1.0
6875.0			1.0
6875.9			1.0
6876.8			1.0
6877.700000000001			1.0
6878.6			1.0
6879.5			1.0
6880.4			1.0
6881.3			1.0
6882.200000000001			1.0
6883.1			1.0
6884.0			1.0
6884.9			1.0
6885.8			1.0
6886.700000000001			1.0
6887.6			1.0
6888.5			1.0
6889.4			1.0
6890.3			1.0
6891.200000000001			1.0
6892.1			1.0
6893.0			1.0
6893.9			1.0
6894.8			1.0
6895.700000000001			1.0
6896.6			1.0
6897.5			1.0
6898.4			1.0
6899.3			1.0
6900.200000000001			1.0
6901.1			1.0
6902.0			1.0
6902.9			1.0
6903.8			1.0
6904.700000000001			1.0
6905.6			1.0
6906.5			1.0
6907.4			1.0
6908.3			1.0
6909.200000000001			1.0
6910.1			1.0
6911.0			1.0
6911.9			1.0
6912.8			1.0
6913.700000000001			1.0
6914.6			1.0
6915.5			1.0
6916.4			1.0
6917.3			1.0
6918.200000000001			1.0
6919.1			1.0
6920.0			1.0
6920.9			1.0
6921.8			1.0
6922.700000000001			1.0
6923.6			1.0
6924.5			1.0
6925.4			1.0
6926.3			1.0
6927.200000000001			1.0
6928.1			1.0
6929.0			1.0
6929.9			1.0
6930.8			1.0
6931.700000000001			1.0
6932.6			1.0
6933.5			1.0
6934.4			1.0
6935.3			1.0
6936.200000000001			1.0
6937.1			1.0
6938.0			1.0
6938.9			1.0
6939.8			1.0
6940.700000000001			1.0
6941.6			1.0
6942.5			1.0
6943.4			1.0
6944.3			1.0
6945.200000000001			1.0
6946.1			1.0
6947.0			1.0
6947.9			1.0
6948.8			1.0
6949.700000000001			1.0
6950.6			1.0
6951.5			1.0
6952.4			1.0
6953.3			1.0
6954.200000000001			1.0
6955.1			1.0
6956.0			1.0
6956.9			1.0
6957.8			1.0
6958.700000000001			1.0
6959.6			1.0
6960.5			1.0
6961.4			1.0
6962.3			1.0
6963.200000000001			1.0
6964.1			1.0
6965.0			1.0
6965.9			1.0
6966.8			1.0
6967.700000000001			1.0
6968.6			1.0
6969.5			1.0
6970.4			1.0
6971.3			1.0
6972.200000000001			1.0
6973.1			1.0
6974.0			1.0
6974.9			0.9968310978557727
6975.8			0.9865101117778283
6976.700000000001			0.9637183356890217
6977.6			0.9301813822840407
6978.5			0.9058998906589325
6979.4			0.9274379881314149
6980.3			0.9698499372557168
6981.200000000001			0.9946046590942651
6982.1			1.000004807378173
6983.0			1.0
6983.9			1.0
6984.8			1.0
6985.700000000001			1.0
6986.6			1.0
6987.5			1.0
6988.4			1.0
6989.3			1.0
6990.200000000001			1.0
6991.1			1.0
6992.0			1.0
6992.9			1.0
6993.8			1.0
6994.700000000001			1.0
6995.6			1.0
6996.5			1.0
6997.4			1.0
6998.3			1.0
6999.200000000001			1.0
7000.1			1.0
7001.0			1.0
7001.9			1.0
7002.8			1.0
7003.700000000001			0.9890269721577211
7004.6			0.9810678532354162
7005.5			0.9783627663391785
7006.4			0.9804408475550423
7007.3			0.9785350953286551
7008.200000000001			0.981512363168304
7009.1			0.9911486229050448
7010.0			0.9919089266423515
7010.9			0.9879641798736062
7011.8			0.992735653933675
7012.700000000001			0.995287102843678
7013.6			0.9893792900180516
7014.5			0.9780964115380045
7015.4			0.9460113792470602
7016.3			0.9226158379237543
7017.200000000001			0.9509655066895761
7018.1			0.9878405485587651
7019.0			1.0073045465280461
7019.9			1.0083380590747324
7020.8			0.99752685307086
7021.700000000001			0.980786827413942
7022.6			0.9553421436581848
7023.5			0.9438545887032226
7024.4			0.9468563534824834
7025.3			0.9600589397864857
7026.200000000001			0.9703275133050782
7027.1			0.9777340223470853
7028.0			0.9807409871410464
7028.9			0.9788914374403029
7029.8			0.980622298232517
7030.700000000001			0.9763320653179136
7031.6			0.9683966570755395
7032.5			0.9709638537317377
7033.4			0.9738308392732593
7034.3			0.9667975444342162
7035.200000000001			0.968430909693904
7036.1			0.9769999851488803
7037.0			0.9703075146937743
7037.9			0.9476064169616405
7038.8			0.9476584018336291
7039.700000000001			0.977195509041144
7040.6			1.0005267187269373
7041.5			1.0115263545999436
7042.4			1.013637743825342
7043.3			1.0055062752559958
7044.200000000001			0.9990324937720072
7045.1			0.9975763252726929
7046.0			0.9945779970456919
7046.9			0.9965855620651716
7047.8			0.9964087872087797
7048.700000000001			0.9977144631256883
7049.6			1.0047959850986141
7050.5			1.002011517756477
7051.4			0.9871401303516308
7052.3			0.9721249082827272
7053.200000000001			0.9705553443205391
7054.1			0.9753820199081744
7055.0			0.9760226069798582
7055.9			0.982318685887572
7056.8			0.9876056314280406
7057.700000000001			0.9855536881189241
7058.6			0.9773569565959757
7059.5			0.9709147386527526
7060.4			0.9738146513333527
7061.3			0.984699971005561
7062.200000000001			0.9962822624980713
7063.1			1.0056155869833967
7064.0			1.0162045109331446
7064.9			1.0228025190446957
7065.8			1.018730009608332
7066.700000000001			0.9986717537802141
7067.6			0.9686486162202418
7068.5			0.9590845962843374
7069.4			0.9749305012287196
7070.3			0.990372145186655
7071.200000000001			0.9913535637393551
7072.1			0.9879192810333853
7073.0			0.988844398101645
7073.9			0.9919147954807258
7074.8			0.9921236590921364
7075.700000000001			0.9886461709818938
7076.6			0.9891824583682525
7077.5			0.9868900971482933
7078.4			0.9827227778299346
7079.3			0.9840077922785484
7080.200000000001			0.9833685963727598
7081.1			1.0
7082.0			0.9920820022344715
7082.9			0.9759387042601643
7083.8			0.9539934828313852
7084.700000000001			0.9414996693222928
7085.6			0.9514653654016434
7086.5			0.965680682305762
7087.4			0.9735351841704314
7088.3			0.9824265010660337
7089.200000000001			0.9762336300305311
7090.1			0.9601897877576386
7091.0			0.9652295558883741
7091.9			0.975773265642171
7092.8			0.9773999522629958
7093.700000000001			0.9763815149803976
7094.6			0.9753156152625422
7095.5			0.9749797001210697
7096.4			0.9784644660119147
7097.3			0.9862695502040626
7098.200000000001			0.982770279290798
7099.1			0.9755274168921633
7100.0			0.9857747943977466
7100.9			0.9952332605157075
7101.8			0.989898260006885
7102.700000000001			0.9873035154236225
7103.6			0.9939710855319461
7104.5			0.9942723769980193
7105.4			0.9871988608768029
7106.3			0.9824630649348274
7107.200000000001			0.9820104105399824
7108.1			0.9884356554721843
7109.0			0.9923411497583631
7109.9			0.9838092469530123
7110.8			0.976695995198815
7111.700000000001			0.9767659174919711
7112.6			0.9836651067475439
7113.5			0.9966624179599852
7114.4			1.00481105575914
7115.3			1.0034503119710994
7116.200000000001			0.9967432864014311
7117.1			0.9947361281893221
7118.0			0.9974836813256401
7118.9			0.9999861610698864
7119.8			1.003417140902292
7120.700000000001			0.9904725603607146
7121.6			0.9604686122642202
7122.5			0.9591512953316225
7123.4			0.9942747932206651
7124.3			1.0153168316750045
7125.200000000001			1.0089981183372674
7126.1			1.0055761171218558
7127.0			1.0082164579596768
7127.9			1.006505834162402
7128.8			0.9976554936295987
7129.700000000001			0.9718865933322905
7130.6			0.9524785797683185
7131.5			0.9649207373173228
7132.4			0.9863167136540404
7133.3			0.9977240176158599
7134.200000000001			1.0077033737578245
7135.1			1.0126304690755388
7136.0			1.010487166179882
7136.9			1.0112565321611289
7137.8			1.0081997257813944
7138.700000000001			0.9979574517246301
7139.6			1.0
7140.5			1.0075774773802437
7141.4			1.005843106196625
7142.3			0.9972786243733485
7143.200000000001			0.9945522612585058
7144.1			0.9917895009681021
7145.0			0.9905988536343535
7145.9			0.9886633576973288
7146.8			0.9471784580229606
7147.700000000001			0.8893728686039886
7148.6			0.8984987380608055
7149.5			0.9522347983734253
7150.4			0.9772493863821816
7151.3			0.9792930990584036
7152.200000000001			0.9802238429417045
7153.1			0.9838590924778206
7154.0			0.9901833004049403
7154.9			0.9954597792978863
7155.8			1.0067728133765468
7156.700000000001			1.0183849341254645
7157.6			1.0219625886153476
7158.5			1.0193630278800596
7159.4			1.0091606513583562
7160.3			0.999390309603331
7161.200000000001			1.0007436876993927
7162.1			1.0012478168612724
7163.0			0.9764204226561177
7163.9			0.9371044872211827
7164.8			0.9313804026996728
7165.700000000001			0.9636963630951594
7166.6			0.9995932184525935
7167.5			1.0188585552577334
7168.4			1.0210448504862295
7169.3			1.0195344324753945
7170.200000000001			1.0180032819257965
7171.1			1.0083273299496431
7172.0			1.0045766286723437
7172.9			1.0175208526947324
7173.8			1.019640975897807
7174.700000000001			0.9954030952093519
7175.6			0.9701334870931277
7176.5			0.971528982694901
7177.4			0.9956670489943558
7178.3			1.0040034589880809
7179.200000000001			0.9764178665930512
7180.1			0.9392233087121445
7181.0			0.9324646846348292
7181.9			0.9504299097307208
7182.8			0.9706398400479904
7183.700000000001			0.9967812415383265
7184.6			1.01298924105228
7185.5			0.9882189893119294
7186.4			0.9397786792747824
7187.3			0.9161263159513146
7188.200000000001			0.923685898732458
7189.1			0.929819320781534
7190.0			0.9454062124448444
7190.9			0.9815391157807354
7191.8			0.9964391321262163
7192.700000000001			0.9861746078172624
7193.6			0.9837752814857451
7194.5			0.9878410100553925
7195.4			0.9851882883102733
7196.3			0.9816733738370188
7197.200000000001			0.993068211067867
7198.1			1.0073586694636023
7199.0			1.001384194871779
7199.9			0.9957304916302915
7200.8			0.9892443489718155
7201.700000000001			0.9563713223527053
7202.6			0.9426981317170473
7203.5			0.9770419964568652
7204.4			1.004847884470223
7205.3			0.9941004765198679
7206.200000000001			0.9513217100334931
7207.1			0.9082071911193256
7208.0			0.905667565103358
7208.9			0.9322311262074497
7209.8			0.9645700309682479
7210.700000000001			0.9918391602017307
7211.6			1.0024597938279953
7212.5			1.0000618340264984
7213.4			0.9989302172850621
7214.3			0.9936605099051624
7215.200000000001			0.9783576560168562
7216.1			0.9746665417704966
7217.0			0.9959277683024834
7217.9			1.0112160907126326
7218.8			1.0025246176547757
7219.700000000001			0.9856093048580878
7220.6			0.973948058698204
7221.5			0.9684462238799262
7222.4			0.9639413852421851
7223.3			0.9689278408667127
7224.200000000001			0.98718453592548
7225.1			0.9970512181332503
7226.0			0.9960742462832923
7226.9			1.0001624693187328
7227.8			0.9992214073941126
7228.700000000001			0.9874233023129664
7229.6			0.9880023939928215
7230.5			0.9965539996293343
7231.4			1.003893764893188
7232.3			1.0164707500706434
7233.200000000001			1.0248725486615275
7234.1			1.0261208711692429
7235.0			1.0289981792427474
7235.9			1.024574507564587
7236.8			1.0128581620571901
7237.700000000001			0.9992798967688596
7238.6			0.9779730774793994
7239.5			0.973986621599833
7240.4			1.0021528816364889
7241.3			1.0122429365422143
7242.200000000001			0.994287952969227
7243.1			0.984841869729802
7244.0			0.9743085271892322
7244.9			0.9647313601835771
7245.8			0.9758824452487123
7246.700000000001			0.9903798724044531
7247.6			1.0012729552019057
7248.5			1.0082168895863652
7249.4			1.0061196312463458
7250.3			0.991561227733843
7251.200000000001			0.9757122933269518
7252.1			0.989351248559319
7253.0			1.0165143332454494
7253.9			1.0177537300240056
7254.8			1.0012416386551264
7255.700000000001			0.9920605896846785
7256.6			1.0020245192547854
7257.5			1.0186369928381278
7258.4			1.019522276018654
7259.3			1.004569589462593
7260.200000000001			0.9793935006867919
7261.1			0.9543148479022914
7262.0			0.9578669003645643
7262.9			0.9807111012806575
7263.8			0.9936151175303042
7264.700000000001			0.9995244434497594
7265.6			1.0035514121230842
7266.5			1.0023979740526043
7267.4			0.9959982390281005
7268.3			0.9919286513304078
7269.200000000001			0.9923849352177455
7270.1			0.9901812498994453
7271.0			0.9764261291642801
7271.9			0.9758521083684104
7272.8			0.9944861050137772
7273.700000000001			0.9952943852247532
7274.6			0.9872552769474574
7275.5			0.9867835654268369
7276.4			0.9970995766959087
7277.3			1.0138921076799963
7278.200000000001			1.0160840330826109
7279.1			1.009453395490031
7280.0			1.0110770627019423
7280.9			1.0
7281.8			0.9913927930226005
7282.700000000001			0.9781240594032515
7283.6			0.9719267125759905
7284.5			0.9731127417399944
7285.4			0.9793373415750103
7286.3			1.000468485860806
7287.200000000001			1.013884556752427
7288.1			0.9865360164960586
7289.0			0.9681860099866078
7289.9			0.995959817492014
7290.8			1.0146786210426049
7291.700000000001			1.0005310740208417
7292.6			0.9885161543717128
7293.5			0.9996789444985421
7294.4			1.026311040203274
7295.3			1.0469644803073925
7296.200000000001			1.054477074744708
7297.1			1.055030229642224
7298.0			1.0457885141123815
7298.9			1.0385820388324596
7299.8			1.0409381006553702
7300.700000000001			1.043210226652149
7301.6			1.0429038925396785
7302.5			1.0500424603541598
7303.4			1.0624720898966973
7304.3			1.0692628179297763
7305.200000000001			1.05769679491807
7306.1			1.0312719805563855
7307.0			1.013693652264646
7307.9			1.027251148033187
7308.8			1.0579708003469503
7309.700000000001			1.061618591154183
7310.6			1.0472835864178973
7311.5			1.0536607853222204
7312.4			1.0798561554831059
7313.3			1.094775507539917
7314.200000000001			1.098007093013733
7315.1			1.104043223743317
7316.0			1.105511246771161
7316.9			1.111248722676244
7317.8			1.1262546178029678
7318.700000000001			1.1328613346668257
7319.6			1.1310248214142615
7320.5			1.1441892423478035
7321.4			1.172319365923424
7322.3			1.1940002612448033
7323.200000000001			1.1963713984788904
7324.1			1.1669064028188756
7325.0			1.1093670780001765
7325.9			1.0894175282816831
7326.8			1.1359810699080377
7327.700000000001			1.1905940667991364
7328.6			1.213149411575214
7329.5			1.2152315590197793
7330.4			1.2170059059542053
7331.3			1.22224175856904
7332.200000000001			1.230605969290617
7333.1			1.2402133865265625
7334.0			1.242684332801867
7334.9			1.2421676273735165
7335.8			1.2461061358030256
7336.700000000001			1.245248607979507
7337.6			1.2468930185146976
7338.5			1.2552522220950402
7339.4			1.2603857293569065
7340.3			1.268533886261509
7341.200000000001			1.2778833525823174
7342.1			1.278593760685131
7343.0			1.259122368079283
7343.9			1.2335653031849094
7344.8			1.2432488324510507
7345.700000000001			1.2766956298142944
7346.6			1.3029144035464677
7347.5			1.3171331289943211
7348.4			1.3260598509882233
7349.3			1.322448558955116
7350.200000000001			1.3095678050663964
7351.1			1.3076721012466102
7352.0			1.3230101408244208
7352.9			1.345308847263233
7353.8			1.3465525829596334
7354.700000000001			1.3098751945472316
7355.6			1.2846908824629595
7356.5			1.296512297168372
7357.4			1.3296144761339894
7358.3			1.3712071734442117
7359.200000000001			1.396764616365719
7360.1			1.3924360600591001
7361.0			1.3670445878769608
7361.9			1.3508421159238178
7362.8			1.3558245085357052
7363.700000000001			1.366556888775979
7364.6			1.387030162791221
7365.5			1.3998638797578178
7366.4			1.4047887984699048
7367.3			1.4216971107313032
7368.200000000001			1.4401616751920092
7369.1			1.442422282551348
7370.0			1.442658144191247
7370.9			1.4522246090316402
7371.8			1.4480051073890583
7372.700000000001			1.4417189493468465
7373.6			1.4453656299109556
7374.5			1.4475975346284953
7375.4			1.4461802317646824
7376.3			1.459269377540531
7377.200000000001			1.48030008649749
7378.1			1.4980060798872652
7379.0			1.506531886811559
7379.9			1.4983590267360072
7380.8			1.4846318382473889
7381.700000000001			1.4825738041609926
7382.6			1.4966340624787522
7383.5			1.5014933347960726
7384.4			1.4845041650263813
7385.3			1.4559876318793554
7386.200000000001			1.4407921821443543
7387.1			1.4388118538417343
7388.0			1.4201985253301666
7388.9			1.4339542707396074
7389.8			1.5095392295579604
7390.700000000001			1.5733712009666823
7391.6			1.5836123255495569
7392.5			1.5639753292043042
7393.4			1.5618351061489435
7394.3			1.6002848268263885
7395.200000000001			1.6296950562840646
7396.1			1.647195323257563
7397.0			1.6605998102509778
7397.9			1.6544765675413744
7398.8			1.621613492067044
7399.700000000001			1.6147846953763665
7400.6			1.66909197500111
7401.5			1.7385791193939724
7402.4			1.7694087719751124
7403.3			1.7716360640199962
7404.200000000001			1.7720815083299426
7405.1			1.7765501289134857
7406.0			1.807637041526258
7406.9			1.8393278120645928
7407.8			1.8256888915180876
7408.700000000001			1.7978752756043834
7409.6			1.7923066389356657
7410.5			1.8119378137650255
7411.4			1.9869854176509933
7412.3			0.6737622991779191
7413.200000000001			2.0290991174616904e-05
7414.1			2.04340305913827e-05
7415.0			2.057910101110051e-05
7415.9			2.0726246000091375e-05
7416.8			2.0875510379684068e-05
7417.700000000001			2.102694027173394e-05
7418.6			2.1180583146137353e-05
7419.5			2.133648787044455e-05
7420.4			2.1494704761679935e-05
7421.3			2.16552856404851e-05
7422.200000000001			2.181828388770712e-05
7423.1			2.198375450356178e-05
7424.0			2.215175416950962e-05
7424.9			2.232234131299089e-05
7425.8			2.2495576175174866e-05
7426.700000000001			2.267152088188847e-05
7427.6			2.285023951789963e-05
7428.5			2.3031798204742036e-05
7429.4			1.0
