3500.0			1.0
3500.9			1.0
3501.8			1.0
3502.7			1.0
3503.6			1.0
3504.5			1.0
3505.4			1.0
3506.3			1.0
3507.2			1.0
3508.1			1.0
3509.0			1.0
3509.9			1.0
3510.8			1.0
3511.7			1.0
3512.6			1.0
3513.5			1.0
3514.4			1.0
3515.3			1.0
3516.2			1.0
3517.1			1.0
3518.0			1.0
3518.9			1.0
3519.8			1.0
3520.7			1.0
3521.6			1.0
3522.5			1.0
3523.4			1.0
3524.3			1.0
3525.2			1.0
3526.1			1.0
3527.0			1.0
3527.9			1.0
3528.8			1.0
3529.7			1.0
3530.6			1.0
3531.5			1.0
3532.4			1.0
3533.3			1.0
3534.2			1.0
3535.1			1.0
3536.0			1.0
3536.9			1.0
3537.8			1.0
3538.7			1.0
3539.6			1.0
3540.5			1.0
3541.4			1.0
3542.3			1.0
3543.2			1.0
3544.1			1.0
3545.0			1.0
3545.9			1.0
3546.8			1.0
3547.7			1.0
3548.6			1.0
3549.5			1.0
3550.4			1.0
3551.3			1.0
3552.2			1.0
3553.1			1.0
3554.0			1.0
3554.9			1.0
3555.8			1.0
3556.7			1.0
3557.6			1.0
3558.5			1.0
3559.4			1.0
3560.3			1.0
3561.2			1.0
3562.1			1.0
3563.0			1.0
3563.9			1.0
3564.8			1.0
3565.7			1.0
3566.6			1.0
3567.5			1.0
3568.4			1.0
3569.3			1.0
3570.2			1.0
3571.1			1.0
3572.0			1.0
3572.9			1.0
3573.8			1.0
3574.7			1.0
3575.6			1.0
3576.5			1.0
3577.4			1.0
3578.3			1.0
3579.2			1.0
3580.1			1.0
3581.0			1.0
3581.9			1.0
3582.8			1.0
3583.7			1.0
3584.6			1.0
3585.5			1.0
3586.4			1.0
3587.3			1.0
3588.2			1.0
3589.1			1.0
3590.0			1.0
3590.9			1.0
3591.8			1.0
3592.7			1.0
3593.6			1.0
3594.5			1.0
3595.4			1.0
3596.3			1.0
3597.2			1.0
3598.1			1.0
3599.0			1.0
3599.9			1.0
3600.8			1.0
3601.7			1.0
3602.6			1.0
3603.5			1.0
3604.4			1.0
3605.3			1.0
3606.2			1.0
3607.1			1.0
3608.0			1.0
3608.9			1.0
3609.8			1.0
3610.7			1.0
3611.6			1.0
3612.5			1.0
3613.4			1.0
3614.3			1.0
3615.2			1.0
3616.1			1.0
3617.0			1.0
3617.9			1.0
3618.8			1.0
3619.7			1.0
3620.6			1.0
3621.5			1.0
3622.4			1.0
3623.3			1.0
3624.2			1.0
3625.1			1.0
3626.0			1.0
3626.9			1.0
3627.8			1.0
3628.7			1.0
3629.6			1.0
3630.5			1.0
3631.4			1.0
3632.3			1.0
3633.2			1.0
3634.1			1.0
3635.0			1.0
3635.9			1.0
3636.8			1.0
3637.7			1.0
3638.6			1.0
3639.5			1.0
3640.4			1.0
3641.3			1.0
3642.2			1.0
3643.1			1.0
3644.0			1.0
3644.9			1.0
3645.8			1.0
3646.7			1.0
3647.6			1.0
3648.5			1.0
3649.4			1.0
3650.3			1.0
3651.2			1.0
3652.1			1.0
3653.0			1.0
3653.9			1.0
3654.8			1.0
3655.7			1.0
3656.6			1.0
3657.5			1.0
3658.4			1.0
3659.3			1.0
3660.2			1.0
3661.1			1.0
3662.0			1.0
3662.9			1.0
3663.8			1.0
3664.7			1.0
3665.6			1.0
3666.5			1.0
3667.4			1.0
3668.3			1.0
3669.2			1.0
3670.1			1.0
3671.0			1.0
3671.9			1.0
3672.8			1.0
3673.7			1.0
3674.6			1.0
3675.5			1.0
3676.4			1.0
3677.3			1.0
3678.2			1.0
3679.1			1.0
3680.0			1.0
3680.9			1.0
3681.8			1.0
3682.7			1.0
3683.6			1.0
3684.5			1.0
3685.4			1.0
3686.3			1.0
3687.2			1.0
3688.1			1.0
3689.0			1.0
3689.9			1.0
3690.8			1.0
3691.7			1.0
3692.6			1.0
3693.5			1.0
3694.4			1.0
3695.3			1.0
3696.2			1.0
3697.1			1.0
3698.0			1.0
3698.9			1.0
3699.8			1.0
3700.7			1.0
3701.6			1.0
3702.5			1.0
3703.4			1.0
3704.3			1.0
3705.2			1.0
3706.1			1.0
3707.0			1.0
3707.9			1.0
3708.8			1.0
3709.7			1.0
3710.6			1.0
3711.5			1.0
3712.4			1.0
3713.3			1.0
3714.2			1.0
3715.1			1.0
3716.0			1.0
3716.9			1.0
3717.8			1.0
3718.7			1.0
3719.6			1.0
3720.5			1.0
3721.4			1.0
3722.3			1.0
3723.2			1.0
3724.1			1.0
3725.0			1.0
3725.9			1.0
3726.8			1.0
3727.7			1.0
3728.6			1.0
3729.5			1.0
3730.4			1.0
3731.3			1.0
3732.2			1.0
3733.1			1.0
3734.0			1.0
3734.9			1.0
3735.8			1.0
3736.7			1.0
3737.6			1.0
3738.5			1.0
3739.4			1.0
3740.3			1.0
3741.2			1.0
3742.1			1.0
3743.0			1.0
3743.9			1.0
3744.8			1.0
3745.7			1.0
3746.6			1.0
3747.5			1.0
3748.4			1.0
3749.3			1.0
3750.2			1.0
3751.1			1.0
3752.0			1.0
3752.9			1.0
3753.8			1.0
3754.7			1.0
3755.6			1.0
3756.5			1.0
3757.4			1.0
3758.3			1.0
3759.2			1.0
3760.1			1.0
3761.0			1.0
3761.9			1.0
3762.8			1.0
3763.7			1.0
3764.6			1.0
3765.5			1.0
3766.4			1.0
3767.3			1.0
3768.2			1.0
3769.1			1.0
3770.0			1.0
3770.9			1.0
3771.8			1.0
3772.7			1.0
3773.6			1.0
3774.5			1.0
3775.4			1.0
3776.3			1.0
3777.2			1.0
3778.1			1.0
3779.0			1.0
3779.9			1.0
3780.8			1.0
3781.7			1.0
3782.6			1.0
3783.5			1.0
3784.4			1.0
3785.3			1.0
3786.2			1.0
3787.1			1.0
3788.0			1.0
3788.9			1.0
3789.8			1.0
3790.7			1.0
3791.6			1.0
3792.5			1.0
3793.4			1.0
3794.3			1.0
3795.2			1.0
3796.1			1.0
3797.0			1.0
3797.9			1.0
3798.8			1.0
3799.7			1.0
3800.6			1.0
3801.5			1.0
3802.4			1.0
3803.3			1.0
3804.2			1.0
3805.1			1.0
3806.0			1.0
3806.9			1.0
3807.8			1.0
3808.7			1.0
3809.6			1.0
3810.5			1.0
3811.4			1.0
3812.3			1.0
3813.2			1.0
3814.1			1.0
3815.0			1.0
3815.9			1.0
3816.8			1.0
3817.7			1.0
3818.6			1.0
3819.5			1.0
3820.4			1.0
3821.3			1.0
3822.2			1.0
3823.1			1.0
3824.0			1.0
3824.9			1.0
3825.8			1.0
3826.7			1.0
3827.6			1.0
3828.5			1.0
3829.4			1.0
3830.3			1.0
3831.2			1.0
3832.1			1.0
3833.0			1.0
3833.9			1.0
3834.8			1.0
3835.7			1.0
3836.6			1.0
3837.5			1.0
3838.4			1.0
3839.3			1.0
3840.2			1.0
3841.1			1.0
3842.0			1.0
3842.9			1.0
3843.8			1.0
3844.7			1.0
3845.6			1.0
3846.5			1.0
3847.4			1.0
3848.3			1.0
3849.2			1.0
3850.1			1.0
3851.0			1.0
3851.9			1.0
3852.8			1.0
3853.7			1.0
3854.6			1.0
3855.5			1.0
3856.4			1.0
3857.3			1.0
3858.2			1.0
3859.1			1.0
3860.0			1.0
3860.9			1.0
3861.8			1.0
3862.7			1.0
3863.6			1.0
3864.5			1.0
3865.4			1.0
3866.3			1.0
3867.2			1.0
3868.1			1.0
3869.0			1.0
3869.9			1.0
3870.8			1.0
3871.7			1.0
3872.6			1.0
3873.5			1.0
3874.4			1.0
3875.3			1.0
3876.2			1.0
3877.1			1.0
3878.0			1.0
3878.9			1.0
3879.8			1.0
3880.7			1.0
3881.6			1.0
3882.5			1.0
3883.4			1.0
3884.3			1.0
3885.2			1.0
3886.1			1.0
3887.0			1.0
3887.9			1.0
3888.8			1.0
3889.7			1.0
3890.6			1.0
3891.5			1.0
3892.4			1.0
3893.3			1.0
3894.2			1.0
3895.1			1.0
3896.0			1.0
3896.9			1.0
3897.8			1.0
3898.7			1.0
3899.6			1.0
3900.5			1.0
3901.4			1.0
3902.3			1.0
3903.2			1.0
3904.1			1.0
3905.0			1.0
3905.9			1.0
3906.8			1.0
3907.7			1.0
3908.6			1.0
3909.5			1.0
3910.4			1.0
3911.3			1.0
3912.2			1.0
3913.1			1.0
3914.0			1.0
3914.9			1.0
3915.8			1.0
3916.7			1.0
3917.6			1.0
3918.5			1.0
3919.4			1.0
3920.3			1.0
3921.2			1.0
3922.1			1.0
3923.0			1.0
3923.9			1.0
3924.8			1.0
3925.7			1.0
3926.6			1.0
3927.5			1.0
3928.4			1.0
3929.3			1.0
3930.2			1.0
3931.1			1.0
3932.0			1.0
3932.9			1.0
3933.8			1.0
3934.7			1.0
3935.6			1.0
3936.5			1.0
3937.4			1.0
3938.3			1.0
3939.2			1.0
3940.1			1.0
3941.0			1.0
3941.9			1.0
3942.8			1.0
3943.7			1.0
3944.6			1.0
3945.5			1.0
3946.4			1.0
3947.3			1.0
3948.2			1.0
3949.1			1.0
3950.0			1.0
3950.9			1.0
3951.8			1.0
3952.7			1.0
3953.6			1.0
3954.5			1.0
3955.4			1.0
3956.3			1.0
3957.2			1.0
3958.1			1.0
3959.0			1.0
3959.9			1.0
3960.8			1.0
3961.7			1.0
3962.6			1.0
3963.5			1.0
3964.4			1.0
3965.3			1.0
3966.2			1.0
3967.1			1.0
3968.0			1.0
3968.9			1.0
3969.8			1.0
3970.7			1.0
3971.6			1.0
3972.5			1.0
3973.4			1.0
3974.3			1.0
3975.2			1.0
3976.1			1.0
3977.0			1.0
3977.9			1.0
3978.8			1.0
3979.7			1.0
3980.6			1.0
3981.5			1.0
3982.4			1.0
3983.3			1.0
3984.2			1.0
3985.1			1.0
3986.0			1.0
3986.9			1.0
3987.8			1.0
3988.7			1.0
3989.6			1.0
3990.5			1.0
3991.4			1.0
3992.3			1.0
3993.2			1.0
3994.1			1.0
3995.0			1.0
3995.9			1.0
3996.8			1.0
3997.7			1.0
3998.6			1.0
3999.5			1.0
4000.4			1.0
4001.3			1.0
4002.2			1.0
4003.1			1.051756798567835
4004.0			0.9964541589583099
4004.9			0.8279852349560907
4005.8			0.7436846182187103
4006.7			0.8286453662333261
4007.6			0.9383604844612695
4008.5			1.0019733707638092
4009.4			1.0
4010.3			1.0
4011.2			1.0
4012.1			1.0
4013.0			1.0
4013.9			1.0
4014.8			1.0
4015.7			1.0
4016.6			1.0
4017.5			1.0
4018.4			1.0
4019.3			1.0
4020.2			1.0
4021.1			1.0
4022.0			1.0
4022.9			1.0
4023.8			1.0
4024.7			1.0
4025.6			1.0
4026.5			1.0
4027.4			1.0376706158420752
4028.3			1.0535496452451356
4029.2			0.9990094611544795
4030.1			0.8676249422160625
4031.0			0.7686246975450683
4031.9			0.7550013227214041
4032.8			0.7464641337611128
4033.7			0.7450181204558145
4034.6			0.7751523527504943
4035.5			0.8297775234888103
4036.4			0.9157527737349639
4037.3			0.9874031335288973
4038.2			1.002378369420701
4039.1			1.0
4040.0			1.0
4040.9			1.0
4041.8			1.0
4042.7			1.040644672439715
4043.6			0.9429172262506446
4044.5			0.739747878274128
4045.4			0.5825207233044665
4046.3			0.6305476831872316
4047.2			0.8469651775464154
4048.1			1.001835118521549
4049.0			1.0
4049.9			1.0
4050.8			1.0
4051.7			1.0
4052.6			1.0
4053.5			1.0
4054.4			1.0
4055.3			1.0
4056.2			1.0
4057.1			1.0
4058.0			1.0
4058.9			1.0
4059.8			1.0
4060.7			1.0748868091343462
4061.6			1.0270133846331018
4062.5			0.8726199678722257
4063.4			0.7341260162214135
4064.3			0.7856642762441526
4065.2			0.9573089716829888
4066.1			0.9949421494536609
4067.0			1.0
4067.9			1.0
4068.8			1.0
4069.7			1.0
4070.6			1.0
4071.5			1.0
4072.4			1.0
4073.3			1.0
4074.2			1.0427174774752852
4075.1			0.9809840130616568
4076.0			0.8803535508771565
4076.9			0.7866531260354758
4077.8			0.7956718132976979
4078.7			0.8888178380231849
4079.6			0.9965665030955233
4080.5			1.0
4081.4			1.0
4082.3			1.0
4083.2			1.0
4084.1			1.0
4085.0			1.0
4085.9			1.0
4086.8			1.0
4087.7			1.0
4088.6			1.0
4089.5			1.0
4090.4			1.0
4091.3			1.0
4092.2			1.0
4093.1			1.0146158615995515
4094.0			1.0572142205062953
4094.9			0.9926654154438674
4095.8			0.9040983496197905
4096.7			0.8809943762473302
4097.6			0.9015808776955466
4098.5			0.9220840963141514
4099.4			0.9015704811280539
4100.3			0.8147208498052576
4101.2			0.7065799320953781
4102.1			0.7039329061497595
4103.0			0.8077238930256602
4103.9			0.8934180019053236
4104.8			0.9489224427505596
4105.7			1.0164030301269948
4106.6			1.0607054353269896
4107.5			1.0594182278573159
4108.4			1.0457488632606111
4109.3			1.0229739100013717
4110.2			1.0021358804509204
4111.1			1.002415796316143
4112.0			1.0
4112.9			1.0
4113.8			1.0
4114.7			1.0
4115.6			1.0
4116.5			1.0
4117.4			1.0
4118.3			1.0
4119.2			1.0
4120.1			1.0
4121.0			1.0
4121.9			1.0
4122.8			1.0
4123.7			1.0
4124.6			1.0
4125.5			1.0
4126.4			1.0
4127.3			1.0
4128.2			1.0
4129.1			0.9997156529282875
4130.0			0.9979012890976559
4130.9			0.9548728117616178
4131.8			0.8603225607027856
4132.7			0.8070120430391978
4133.6			0.8257460808539666
4134.5			0.8616596370219087
4135.4			0.9479348368395764
4136.3			1.0069918699994325
4137.2			1.0
4138.1			1.0
4139.0			1.0
4139.9			1.0
4140.8			1.0012819192837683
4141.7			0.9431041618729432
4142.6			0.816060246799374
4143.5			0.7294047892619184
4144.4			0.7910464819945876
4145.3			0.9270932490921192
4146.2			1.0005924908302417
4147.1			1.0
4148.0			1.0
4148.9			1.0
4149.8			1.0
4150.7			1.0
4151.6			1.007961330034474
4152.5			0.9939370829950473
4153.4			0.9632580945325239
4154.3			0.9040368980086467
4155.2			0.897580798047794
4156.1			0.8841037236683936
4157.0			0.8537971742888042
4157.9			0.8929585287998214
4158.8			0.9485063095554682
4159.7			0.9688786837437151
4160.6			0.9452352541184854
4161.5			0.9439514352125813
4162.4			0.9881309747264487
4163.3			1.0
4164.2			1.0
4165.1			0.9799322428035694
4166.0			0.9606849798975482
4166.9			0.8998649712865615
4167.8			0.8765779852938916
4168.7			0.9685138708790724
4169.6			1.0322936136624092
4170.5			1.0223918751965226
4171.4			0.9400009115042279
4172.3			0.8334241782464029
4173.2			0.8079936340072407
4174.1			0.8714819120477295
4175.0			0.9312442923975194
4175.9			0.9560170427944128
4176.8			0.948572192913253
4177.7			0.9183822197647574
4178.6			0.9423297546810578
4179.5			1.0045643149899608
4180.4			1.0329832308419684
4181.3			0.996450975956293
4182.2			1.0
4183.1			1.0
4184.0			1.0
4184.9			1.0
4185.8			1.0143673234161932
4186.7			0.9141214543682057
4187.6			0.8375263073319912
4188.5			0.9024435883506089
4189.4			1.0
4190.3			1.0207623962691919
4191.2			0.9759571174290776
4192.1			0.981382340220132
4193.0			1.0599122045416576
4193.9			1.0575865817141294
4194.8			0.9521576429692487
4195.7			0.8477303991080491
4196.6			0.8151388808234483
4197.5			0.8053802908900726
4198.4			0.7912497100853569
4199.3			0.8175424441635257
4200.2			0.8707426802062137
4201.1			0.8435809650029051
4202.0			0.8023459077939866
4202.9			0.8367321816660087
4203.8			0.9170205146438655
4204.7			0.9464870745964908
4205.6			0.9706148822121681
4206.5			0.9995618764646674
4207.4			1.0
4208.3			1.0
4209.2			1.0
4210.1			1.0
4211.0			1.0
4211.9			1.0
4212.8			1.0121394909783
4213.7			0.9694548495854034
4214.6			0.87429124429659
4215.5			0.7799185206006117
4216.4			0.8051987146215915
4217.3			0.9311530694518155
4218.2			0.9996574255183526
4219.1			1.0
4220.0			1.0
4220.9			1.0
4221.8			1.0
4222.7			1.0
4223.6			0.9181973501923559
4224.5			0.8306064772916973
4225.4			0.7038829204377186
4226.3			0.5551583817938124
4227.2			0.5413978721487664
4228.1			1.0
4229.0			1.2466205506012318
4229.9			1.3007131863768508
4230.8			1.3098691073943147
4231.7			1.2923422995350429
4232.6			1.183570911079135
4233.5			1.0977456168329465
4234.4			1.1016604994498738
4235.3			1.0471113863685995
4236.2			0.9438259552156539
4237.1			0.9478135730686771
4238.0			0.9866071752493867
4238.9			0.9678148896792365
4239.8			0.9573379450334636
4240.7			1.0146258175931324
4241.6			1.0611693311529262
4242.5			1.0145257894177184
4243.4			0.9897298391484218
4244.3			1.0
4245.2			1.0
4246.1			1.0
4247.0			0.9337889901802457
4247.9			0.8828285911709483
4248.8			0.8646161826406944
4249.7			0.8409399112435706
4250.6			0.8492136990000946
4251.5			0.9756180487082136
4252.4			1.0967241892954898
4253.3			1.0841728939578368
4254.2			0.9962630796766839
4255.1			1.0
4256.0			1.0
4256.9			1.0
4257.8			0.9883727448746705
4258.7			0.8729092364934375
4259.6			0.7629122299538177
4260.5			0.6893337050919882
4261.4			0.7440944054872118
4262.3			0.8944017966239366
4263.2			1.0007406468256392
4264.1			1.0
4265.0			1.0
4265.9			1.0
4266.8			0.9764393288789368
4267.7			0.9066088020870121
4268.6			0.8682759942877972
4269.5			0.8329258511472215
4270.4			0.7476536437211688
4271.3			0.6335216619112861
4272.2			0.6216180200481248
4273.1			0.7221284678007338
4274.0			0.7506094602936649
4274.9			0.7439823939194986
4275.8			0.8195527675490754
4276.7			0.9374209472475218
4277.6			0.999638233612162
4278.5			1.0
4279.4			1.0
4280.3			1.0
4281.2			1.0
4282.1			1.0
4283.0			1.0
4283.9			1.0
4284.8			1.0
4285.7			1.0
4286.6			1.0
4287.5			1.0407875460583718
4288.4			0.9948273251857952
4289.3			0.8610735533541048
4290.2			0.7867144093708935
4291.1			1.0
4292.0			1.1233218809800463
4292.9			1.2322393016693467
4293.8			1.2084173485145135
4294.7			1.1225234724928757
4295.6			1.1340245485819684
4296.5			1.1042086344605915
4297.4			1.0043836600367944
4298.3			0.9190407664189318
4299.2			0.7794042027295701
4300.1			0.7082469860870801
4301.0			0.788689026421682
4301.9			0.8600540530794337
4302.8			0.8354686103660078
4303.7			0.8534633774424079
4304.6			0.888325308915817
4305.5			0.8794149104610811
4306.4			0.8672162381122654
4307.3			0.8086052228143185
4308.2			0.7013079117023423
4309.1			0.7072877937165902
4310.0			0.7743415020760164
4310.9			0.8414062627331742
4311.8			0.9145645440634639
4312.7			1.022348284975507
4313.6			1.1561609877467938
4314.5			1.269156468259666
4315.4			1.441388021910792
4316.3			1.6723385229686727
4317.2			1.7481545249128232
4318.1			1.7248755453296085
4319.0			1.693787966908408
4319.9			1.6717861173887405
4320.8			1.0
4321.7			0.9705791080585899
4322.6			0.9044833483176635
4323.5			0.7429625882054888
4324.4			0.604001096545511
4325.3			0.55181211381061
4326.2			0.5994966560258571
4327.1			0.7703268133284782
4328.0			0.9308482067040398
4328.9			1.0000873129171894
4329.8			1.0
4330.7			1.0
4331.6			1.0
4332.5			1.0
4333.4			1.0
4334.3			1.0
4335.2			1.0
4336.1			0.9785074867720838
4337.0			0.8668933069884354
4337.9			0.7454133522509302
4338.8			0.6909495115522306
4339.7			0.635684297371245
4340.6			0.6099652448508626
4341.5			0.7083099138168981
4342.4			0.8513049774017399
4343.3			0.9030013580506867
4344.2			0.9196452051580323
4345.1			0.9981293902024874
4346.0			1.0
4346.9			1.0
4347.8			1.0
4348.7			1.0
4349.6			1.048677031802662
4350.5			0.971826971737016
4351.4			0.8166375935458009
4352.3			0.7577255159182029
4353.2			0.8478509354919656
4354.1			0.9546585201386548
4355.0			0.9864621158375144
4355.9			1.0
4356.8			1.0
4357.7			1.0
4358.6			1.0
4359.5			1.0
4360.4			1.0
4361.3			1.0
4362.2			1.0
4363.1			1.0
4364.0			1.0
4364.9			1.0
4365.8			1.0
4366.7			1.0
4367.6			1.0
4368.5			1.0
4369.4			1.0
4370.3			1.0
4371.2			1.0
4372.1			1.0108913527103465
4373.0			0.9719293406091967
4373.9			0.8863708670409448
4374.8			0.8243384590441932
4375.7			0.841335078518396
4376.6			0.9280263200439904
4377.5			1.0006514767600394
4378.4			1.0
4379.3			1.0
4380.2			0.979272102177555
4381.1			0.9676774230847509
4382.0			0.9018006779442602
4382.9			0.70214054584099
4383.8			0.5490981470533343
4384.7			0.6118533912947782
4385.6			0.8111306208095412
4386.5			0.9749254614604725
4387.4			1.003824435019573
4388.3			1.0
4389.2			1.0
4390.1			1.0
4391.0			1.0
4391.9			1.0
4392.8			1.0
4393.7			1.0
4394.6			1.0
4395.5			1.0
4396.4			1.0
4397.3			1.0
4398.2			1.0
4399.1			1.0
4400.0			1.0
4400.9			1.0
4401.8			1.0
4402.7			1.0816591328196736
4403.6			0.979394413094378
4404.5			0.8104823532123803
4405.4			0.8140742631876967
4406.3			0.9665555204651878
4407.2			1.0287834853286484
4408.1			0.998871476205059
4409.0			1.0
4409.9			1.0
4410.8			1.0
4411.7			1.0
4412.6			1.0319697074924026
4413.5			1.011819870783113
4414.4			0.8929866758228889
4415.3			0.798015457147714
4416.2			0.8546353422158459
4417.1			0.9440559268310034
4418.0			1.0018060175175776
4418.9			1.0
4419.8			1.0
4420.7			1.0
4421.6			1.0
4422.5			1.0
4423.4			1.0
4424.3			1.0
4425.2			1.0
4426.1			1.0
4427.0			1.0
4427.9			1.0
4428.8			1.0
4429.7			1.0
4430.6			1.0
4431.5			1.0108989401809465
4432.4			1.0346148656471656
4433.3			0.9887249556221158
4434.2			0.9060006570744985
4435.1			0.8413700290584986
4436.0			0.847832628790716
4436.9			0.9204366291050249
4437.8			0.9817727043055878
4438.7			1.0010203671996059
4439.6			1.0
4440.5			1.0
4441.4			1.0
4442.3			1.0
4443.2			1.0
4444.1			1.0
4445.0			1.0
4445.9			1.0
4446.8			0.9770525470279534
4447.7			0.949754268661245
4448.6			0.9843975846800668
4449.5			0.9972775055155073
4450.4			0.9655026703949245
4451.3			0.9605194858555786
4452.2			0.982325741239029
4453.1			0.9620237969722288
4454.0			0.8909685029749773
4454.9			0.8122289021338939
4455.8			0.8024199444553749
4456.7			0.847087937742257
4457.6			0.8645817585913776
4458.5			0.8526420743467439
4459.4			0.8486429127295992
4460.3			0.8588666871029287
4461.2			0.8402929741590827
4462.1			0.8283493339950652
4463.0			0.9086407428626072
4463.9			0.9927247307557148
4464.8			0.9966069657848889
4465.7			1.0
4466.6			1.0
4467.5			1.0
4468.4			1.0
4469.3			1.0
4470.2			1.0
4471.1			1.0
4472.0			1.0
4472.9			1.0
4473.8			1.0
4474.7			1.0
4475.6			1.0
4476.5			1.0
4477.4			1.0
4478.3			1.001314408506115
4479.2			0.9373357338150718
4480.1			0.8444920614580601
4481.0			0.785128860798108
4481.9			0.7858818570754909
4482.8			0.8437480931222313
4483.7			0.9279019386980848
4484.6			0.9814772182702816
4485.5			1.0006628419095829
4486.4			1.0
4487.3			1.0
4488.2			1.0
4489.1			1.0
4490.0			1.0
4490.9			1.0
4491.8			1.0
4492.7			1.0268306047224849
4493.6			0.9838791471762325
4494.5			0.9102469478659151
4495.4			0.8935723670317921
4496.3			0.9266099777625395
4497.2			0.9668791384263384
4498.1			1.0043071841973639
4499.0			1.0
4499.9			1.0
4500.8			1.0
4501.7			1.0
4502.6			1.0
4503.5			1.0
4504.4			1.0
4505.3			1.0
4506.2			1.0
4507.1			1.0
4508.0			1.0
4508.9			1.0
4509.8			1.0
4510.7			1.0
4511.6			1.0
4512.5			1.0
4513.4			1.0
4514.3			1.0
4515.2			1.0
4516.1			1.0
4517.0			1.0
4517.9			0.9731611856010585
4518.8			0.9870035458448474
4519.7			1.0235884906238935
4520.6			1.0466986263012885
4521.5			1.0509478201484004
4522.4			1.010110350572538
4523.3			0.9813536234675996
4524.2			0.9876872580444079
4525.1			0.9580762161283645
4526.0			0.9045806633353071
4526.9			0.8613633093049656
4527.8			0.8362150918035511
4528.7			0.8160264613985024
4529.6			0.82939775177195
4530.5			0.8578466252782543
4531.4			0.8852403756184637
4532.3			0.9311156236081743
4533.2			0.9187890421206101
4534.1			0.8701470008070199
4535.0			0.8427699077591911
4535.9			0.8628407086815875
4536.8			0.9652181549360729
4537.7			1.0485205004578848
4538.6			1.0442483413964774
4539.5			1.000149862040599
4540.4			1.0
4541.3			1.0
4542.2			1.0291151595289711
4543.1			1.0624178748295854
4544.0			1.0485295038437037
4544.9			1.002370635784777
4545.8			0.994390517835396
4546.7			1.0071302725366293
4547.6			1.0093565873055304
4548.5			0.9816473182700082
4549.4			0.9237284928269093
4550.3			0.9364850883176975
4551.2			0.997004479062502
4552.1			1.0089704186440758
4553.0			0.9965078240296641
4553.9			0.9849810004610425
4554.8			0.9630589108350293
4555.7			0.9589809317489201
4556.6			0.9993677080424007
4557.5			1.0
4558.4			1.0
4559.3			1.0
4560.2			1.0
4561.1			1.0
4562.0			1.0
4562.9			0.9808286218223952
4563.8			0.9146237158793243
4564.7			0.8586260858324506
4565.6			0.8525683041079722
4566.5			0.9102119039321305
4567.4			0.9805066006738052
4568.3			1.0005083164437223
4569.2			1.0
4570.1			1.0
4571.0			1.0
4571.9			1.0
4572.8			1.0509444839621331
4573.7			1.1086039407605524
4574.6			1.0914395834130592
4575.5			1.0703492211648593
4576.4			1.0675841114735052
4577.3			1.0646692607328823
4578.2			1.0409436700242485
4579.1			0.9843372764472846
4580.0			0.9209491883864054
4580.9			0.8803012014450052
4581.8			0.8910259506532648
4582.7			0.9287037864048135
4583.6			0.9247949340972896
4584.5			1.0
4585.4			0.9836351860682677
4586.3			0.9745429492135719
4587.2			1.0203961322854853
4588.1			1.0743325457094952
4589.0			1.1066911987871124
4589.9			1.0987999011321485
4590.8			1.0541362768873659
4591.7			1.0023812949949518
4592.6			0.9803347267804504
4593.5			0.9991900165713579
4594.4			0.9999242000419792
4595.3			0.9690450429306924
4596.2			0.9486973735064451
4597.1			0.9593657653302368
4598.0			0.9648577897929861
4598.9			0.9929363687827047
4599.8			0.9811552683871402
4600.7			0.9361319519267957
4601.6			0.9569834970638711
4602.5			0.9912327572723179
4603.4			0.989817090347634
4604.3			0.9748080044191988
4605.2			0.947729382707859
4606.1			0.9586642533956007
4607.0			0.9995111351387548
4607.9			1.0
4608.8			1.0
4609.7			1.0
4610.6			1.0
4611.5			1.0
4612.4			1.0
4613.3			1.0
4614.2			1.0
4615.1			1.0
4616.0			1.0
4616.9			1.0
4617.8			1.0
4618.7			1.0
4619.6			1.0
4620.5			1.0
4621.4			1.0
4622.3			1.0
4623.2			1.0
4624.1			1.0
4625.0			1.0
4625.9			1.0
4626.8			1.0
4627.7			1.0
4628.6			1.0
4629.5			1.0
4630.4			1.0
4631.3			1.0
4632.2			1.0
4633.1			1.0
4634.0			1.0
4634.9			1.0
4635.8			1.0
4636.7			1.0
4637.6			1.0
4638.5			1.0
4639.4			1.0
4640.3			1.0
4641.2			1.0
4642.1			1.0260863348476152
4643.0			1.0114852628349817
4643.9			0.9737115527871526
4644.8			0.9500506272583236
4645.7			0.9121591134108112
4646.6			0.8596172408255267
4647.5			0.8403622032352761
4648.4			0.8604820414686066
4649.3			0.9015431066504204
4650.2			0.9460140345797626
4651.1			0.9737441018991752
4652.0			0.9897823318715211
4652.9			1.0031522792626528
4653.8			1.0
4654.7			1.0
4655.6			1.0
4656.5			1.0
4657.4			1.0
4658.3			1.0
4659.2			1.0
4660.1			1.0
4661.0			1.0
4661.9			1.0
4662.8			0.959666703770181
4663.7			0.9370764809643741
4664.6			0.9437097000994515
4665.5			0.9213192400074914
4666.4			0.832510087327133
4667.3			0.7551419174906165
4668.2			0.773682053411371
4669.1			0.8659244697835804
4670.0			0.9529583072092381
4670.9			0.9997673928014155
4671.8			0.999179996492698
4672.7			1.0
4673.6			1.0
4674.5			1.0
4675.4			1.0307714100847563
4676.3			1.0590528397387784
4677.2			1.0441062947790964
4678.1			0.9867545539486842
4679.0			0.9421933036690848
4679.9			0.9328676001182148
4680.8			0.9348132170102147
4681.7			0.9429144279244516
4682.6			0.9652613404541471
4683.5			0.9962722451717566
4684.4			0.9993818761634101
4685.3			1.0
4686.2			1.0
4687.1			1.0
4688.0			1.0
4688.9			1.0
4689.8			1.0
4690.7			1.0
4691.6			1.0
4692.5			1.0
4693.4			1.0
4694.3			1.0
4695.2			1.0
4696.1			1.0
4697.0			0.9860557946367131
4697.9			0.9425571180890616
4698.8			0.9128396356450659
4699.7			0.9269423262185732
4700.6			0.9475811171175479
4701.5			0.9342974914773157
4702.4			0.9071563244127371
4703.3			0.8985649148000835
4704.2			0.9424458331140227
4705.1			1.0013663973010019
4706.0			1.0194487022496836
4706.9			0.9983143817035066
4707.8			0.9697886766771423
4708.7			0.9709439806563479
4709.6			0.9971984836619547
4710.5			1.0
4711.4			1.0
4712.3			0.9905198004191307
4713.2			0.953509405058807
4714.1			0.913546860899384
4715.0			0.9212275569332747
4715.9			0.9979933051256029
4716.8			1.0
4717.7			1.0
4718.6			1.0
4719.5			1.0
4720.4			1.0
4721.3			1.0
4722.2			1.0
4723.1			1.0
4724.0			1.0236314941117386
4724.9			1.0448585699405306
4725.8			1.038030475613427
4726.7			0.9868801293515753
4727.6			0.9176730068648639
4728.5			0.8846902084727357
4729.4			0.8843147280090591
4730.3			0.8919451548974645
4731.2			0.9155444382831888
4732.1			0.9607848677487881
4733.0			0.9964073593047603
4733.9			1.0001040557491176
4734.8			1.000698453650252
4735.7			1.0
4736.6			1.0
4737.5			1.0
4738.4			1.0
4739.3			1.0
4740.2			1.0
4741.1			1.0
4742.0			1.0
4742.9			1.0
4743.8			1.0
4744.7			1.0
4745.6			1.0
4746.5			1.0
4747.4			1.0
4748.3			1.0
4749.2			1.0
4750.1			1.0027615726471746
4751.0			0.9957825302610407
4751.9			0.9727984335710349
4752.8			0.9569703429482934
4753.7			0.9462406910587112
4754.6			0.9296800061106713
4755.5			0.9262250358841405
4756.4			0.9350807522158131
4757.3			0.9613933745751416
4758.2			0.992130541326531
4759.1			1.0
4760.0			1.0147848860063184
4760.9			0.990468807624907
4761.8			0.9370377837123139
4762.7			0.911816784802974
4763.6			0.9211213233210066
4764.5			0.9117842343398617
4765.4			0.8839043963364098
4766.3			0.8813705227345746
4767.2			0.9217127729282829
4768.1			0.9684768380692189
4769.0			1.0148190049910955
4769.9			1.0496455208536524
4770.8			1.0337926788048957
4771.7			0.9963549780685498
4772.6			1.0025504629343711
4773.5			1.0
4774.4			1.0
4775.3			1.0
4776.2			1.0
4777.1			1.014122280481958
4778.0			1.0398075557876734
4778.9			1.0324332972508585
4779.8			1.0105064189138058
4780.7			1.0101457565568768
4781.6			1.0071731031093911
4782.5			0.9717871622301475
4783.4			0.9340686223996584
4784.3			0.951477503519501
4785.2			0.9662845720995688
4786.1			0.9236816283979713
4787.0			0.9036362012835201
4787.9			0.9341753957074481
4788.8			0.938766858247533
4789.7			0.9235909700741384
4790.6			0.9298661180798907
4791.5			0.9365664749713061
4792.4			0.9420910948800307
4793.3			0.9760788509938342
4794.2			1.0193779805716394
4795.1			1.0369038360254001
4796.0			1.0244666355867034
4796.9			0.9996099191697992
4797.8			1.0
4798.7			1.0
4799.6			1.0
4800.5			1.0
4801.4			1.0
4802.3			1.0
4803.2			1.0048669110268185
4804.1			0.988027314510483
4805.0			0.9591701660727864
4805.9			0.9616419243432558
4806.8			0.9623512231488416
4807.7			0.9365767948300298
4808.6			0.9337162628233926
4809.5			0.9631379059658384
4810.4			0.9893944183938975
4811.3			1.0009227242461947
4812.2			1.000325474203696
4813.1			0.9927475089637295
4814.0			0.9996399164873767
4814.9			1.0
4815.8			1.0
4816.7			1.0
4817.6			1.0
4818.5			1.0
4819.4			1.0
4820.3			1.0
4821.2			1.0
4822.1			0.981348812999596
4823.0			0.932185108526455
4823.9			0.904312915404953
4824.8			0.9453181702587207
4825.7			0.9985598249476029
4826.6			1.0
4827.5			1.0
4828.4			1.0
4829.3			1.0
4830.2			1.0
4831.1			1.0
4832.0			1.0
4832.9			1.0
4833.8			1.0
4834.7			1.0146080380610016
4835.6			1.0121033356443536
4836.5			1.0041901107520537
4837.4			1.0074383774518139
4838.3			0.9806495610615908
4839.2			0.9394047085890733
4840.1			0.915310593467111
4841.0			0.9292263745619398
4841.9			0.9493652877743856
4842.8			0.9360616930388749
4843.7			0.9299617477253727
4844.6			0.9660417393647341
4845.5			0.9995156470508139
4846.4			1.0
4847.3			1.0
4848.2			1.0
4849.1			1.0
4850.0			1.0
4850.9			1.0
4851.8			1.0
4852.7			1.0
4853.6			1.0
4854.5			1.0
4855.4			1.0
4856.3			1.0
4857.2			1.043933424637835
4858.1			1.0371129229930391
4859.0			0.9629289225256286
4859.9			0.8394483480574173
4860.8			0.708936232841651
4861.7			0.6664263706139132
4862.6			0.7817445405353087
4863.5			0.8924747371219623
4864.4			0.9346008128270898
4865.3			0.9747610741554271
4866.2			1.0055638688282185
4867.1			1.0
4868.0			1.0
4868.9			1.0
4869.8			0.9950456308714248
4870.7			0.9168707757761316
4871.6			0.8464434163181116
4872.5			0.8937794456961224
4873.4			0.9963397989960695
4874.3			1.0
4875.2			1.0
4876.1			1.0
4877.0			1.0
4877.9			1.0
4878.8			1.0
4879.7			1.0
4880.6			1.0
4881.5			1.0
4882.4			1.0
4883.3			1.0
4884.2			1.0
4885.1			1.0
4886.0			1.0
4886.9			1.0
4887.8			1.0004731698776426
4888.7			0.985416012509231
4889.6			0.9435501194526354
4890.5			0.8607950185004659
4891.4			0.7875910298172405
4892.3			0.8553331697868821
4893.2			0.9506267979309134
4894.1			0.9836973252961693
4895.0			0.9843916186050653
4895.9			1.0
4896.8			1.0
4897.7			1.0
4898.6			1.0
4899.5			1.0
4900.4			1.0
4901.3			1.0
4902.2			1.0
4903.1			1.0
4904.0			1.0
4904.9			1.0
4905.8			1.0
4906.7			1.01342060950005
4907.6			0.9864418643372291
4908.5			0.953162767214373
4909.4			0.9146678803663802
4910.3			0.8706744322322629
4911.2			0.8759444962619419
4912.1			0.9245091329677051
4913.0			0.9733535361204751
4913.9			1.0017180207977425
4914.8			1.0
4915.7			1.0292600539554153
4916.6			1.0139678490451427
4917.5			0.9534361558190635
4918.4			0.8648796975198998
4919.3			0.7929498542076209
4920.2			0.7839992880921444
4921.1			0.8367574655470936
4922.0			0.9483270938574587
4922.9			1.0086989322662037
4923.8			1.0073664699111313
4924.7			1.0097071120785224
4925.6			1.0
4926.5			1.0
4927.4			1.0
4928.3			1.0
4929.2			1.0
4930.1			1.0
4931.0			1.0
4931.9			1.0
4932.8			1.0
4933.7			1.0
4934.6			1.0
4935.5			1.0
4936.4			0.9737968633394009
4937.3			0.9084145756011981
4938.2			0.8476241112594591
4939.1			0.8323961479589781
4940.0			0.8879517729520636
4940.9			0.9711122961367324
4941.8			1.0043096732736758
4942.7			1.0
4943.6			1.0
4944.5			1.0
4945.4			1.0
4946.3			1.0
4947.2			1.0
4948.1			1.0
4949.0			1.0
4949.9			1.0
4950.8			1.0
4951.7			1.0
4952.6			1.0
4953.5			1.0
4954.4			1.0
4955.3			1.0
4956.2			0.9416862285518554
4957.1			0.8090824919039563
4958.0			0.7635433497285998
4958.9			0.8892207091760818
4959.8			1.0026635320979087
4960.7			1.0
4961.6			1.0
4962.5			1.0
4963.4			1.0
4964.3			1.0
4965.2			1.0
4966.1			1.0
4967.0			1.0
4967.9			1.0
4968.8			1.0
4969.7			1.0
4970.6			1.0
4971.5			1.0
4972.4			1.0
4973.3			1.0
4974.2			1.0
4975.1			1.0
4976.0			1.0
4976.9			1.0
4977.8			1.0
4978.7			1.0
4979.6			0.9891869995358396
4980.5			0.9948336679502139
4981.4			0.9672984134523192
4982.3			0.8879646603246079
4983.2			0.8300733721139063
4984.1			0.8489636699377424
4985.0			0.9024710414310059
4985.9			0.9461881071264518
4986.8			1.003279447369927
4987.7			1.0
4988.6			1.0
4989.5			1.0
4990.4			1.0
4991.3			1.0
4992.2			1.0
4993.1			1.0
4994.0			1.0
4994.9			1.0
4995.8			1.0
4996.7			1.0
4997.6			1.0
4998.5			1.0
4999.4			0.9694528740750308
5000.3			0.9438608859709121
5001.2			0.9415665846916103
5002.1			0.9468133631944049
5003.0			0.9656383062167081
5003.9			0.9823414650342891
5004.8			0.9566241176667929
5005.7			0.8999446244457072
5006.6			0.894173367681213
5007.5			0.983215606927387
5008.4			1.0856838092922527
5009.3			1.1247733534467872
5010.2			1.1119444901396056
5011.1			1.092022708452261
5012.0			1.045480575096557
5012.9			1.0021719578153545
5013.8			0.9994217094177553
5014.7			1.0
5015.6			1.0
5016.5			1.0
5017.4			1.0
5018.3			1.0
5019.2			1.0
5020.1			1.0
5021.0			1.0
5021.9			1.0
5022.8			1.0
5023.7			1.0
5024.6			1.0
5025.5			1.0
5026.4			1.0
5027.3			1.0
5028.2			1.0
5029.1			1.0
5030.0			1.0
5030.9			1.0
5031.8			1.0
5032.7			1.0
5033.6			1.0
5034.5			1.0
5035.4			1.0
5036.3			1.0
5037.2			1.0
5038.1			1.0014917770584215
5039.0			0.9454819814246352
5039.9			0.8727781119023867
5040.8			0.7945599125318554
5041.7			0.7813761001428856
5042.6			0.8798777981415598
5043.5			0.9707022669375694
5044.4			0.9922269332653133
5045.3			1.0028744102708522
5046.2			1.0
5047.1			1.0
5048.0			1.0
5048.9			1.0
5049.8			1.0
5050.7			1.0
5051.6			1.0
5052.5			1.0
5053.4			1.0
5054.3			1.0
5055.2			1.0
5056.1			1.0
5057.0			1.0
5057.9			1.0
5058.8			1.0
5059.7			1.0
5060.6			1.0
5061.5			1.0
5062.4			1.0
5063.3			1.0
5064.2			1.0
5065.1			1.0
5066.0			1.0
5066.9			1.0
5067.8			1.0
5068.7			1.0
5069.6			1.0
5070.5			1.0
5071.4			1.0
5072.3			1.0
5073.2			1.0
5074.1			1.0
5075.0			0.9909755139202431
5075.9			0.9891072833302083
5076.8			1.016742816872128
5077.7			1.0200351971583088
5078.6			0.9508936206621905
5079.5			0.8570387708905054
5080.4			0.8372339966675832
5081.3			0.8910935845836371
5082.2			0.9371879707216891
5083.1			0.9355277897085861
5084.0			0.9353737493130576
5084.9			0.969769416941538
5085.8			0.9984663238681106
5086.7			1.0
5087.6			1.0
5088.5			1.0
5089.4			1.0
5090.3			1.0
5091.2			1.0
5092.1			1.0
5093.0			1.0
5093.9			1.0
5094.8			1.0
5095.7			0.9820340493843075
5096.6			0.9400861575320411
5097.5			0.8781230668596252
5098.4			0.8261122853201218
5099.3			0.8209950726987949
5100.2			0.8895693571685295
5101.1			0.976636101527913
5102.0			1.016027217734214
5102.9			1.0
5103.8			0.9686277768920538
5104.7			0.9580270098324429
5105.6			0.9597158052146791
5106.5			0.9458311410453852
5107.4			0.9156513314018045
5108.3			0.9075049167123526
5109.2			0.9129206395174606
5110.1			0.9064134907797741
5111.0			0.9311130377609439
5111.9			0.9794697999822721
5112.8			1.0017085634474252
5113.7			0.999759301637742
5114.6			0.9919123455865365
5115.5			0.9862455797139104
5116.4			1.0
5117.3			1.0285790675056758
5118.2			1.0421455584216122
5119.1			1.0375450454541872
5120.0			1.0162457260906168
5120.9			0.9863574253491298
5121.8			0.9641449556400474
5122.7			0.9438449718376776
5123.6			0.9166843864488098
5124.5			0.9027142418233539
5125.4			0.9074316433844819
5126.3			0.9217988214818129
5127.2			0.9338486235403206
5128.1			0.9302433474409735
5129.0			0.9295934763736412
5129.9			0.9530563694212251
5130.8			0.9844604434165201
5131.7			0.9969011164582364
5132.6			1.0
5133.5			1.0
5134.4			1.0
5135.3			1.0
5136.2			1.0
5137.1			1.0
5138.0			1.0
5138.9			1.0
5139.8			0.9957487714354418
5140.7			1.0348403707404652
5141.6			1.0165307579214653
5142.5			0.957781978270501
5143.4			0.9674938776241523
5144.3			1.010140757395737
5145.2			1.0001095490184482
5146.1			1.0
5147.0			1.0
5147.9			1.0
5148.8			1.0
5149.7			1.0
5150.6			1.0
5151.5			1.0
5152.4			1.0
5153.3			1.0
5154.2			1.0
5155.1			1.0
5156.0			1.0
5156.9			1.0
5157.8			1.0
5158.7			1.0
5159.6			1.0
5160.5			1.0
5161.4			1.0
5162.3			1.0
5163.2			1.0
5164.1			1.0
5165.0			1.0
5165.9			1.0
5166.8			1.0
5167.7			1.0
5168.6			1.0
5169.5			1.0
5170.4			1.0351500418508273
5171.3			0.8954624564486218
5172.2			0.7027793222543495
5173.1			0.6730776127813268
5174.0			0.8245919826588547
5174.9			0.9745680838886295
5175.8			1.0120982081229473
5176.7			1.0
5177.6			1.0
5178.5			1.0
5179.4			1.0
5180.3			0.9801369978634165
5181.2			0.926700158894093
5182.1			0.8018952334806441
5183.0			0.6333934485312596
5183.9			0.5727286956839998
5184.8			0.7034992243374462
5185.7			0.8869572495693198
5186.6			0.9892235544664068
5187.5			1.0046390128836342
5188.4			1.0
5189.3			1.0
5190.2			1.0
5191.1			1.0
5192.0			1.0
5192.9			1.0
5193.8			1.0
5194.7			1.0
5195.6			1.0
5196.5			1.0
5197.4			1.0
5198.3			1.0
5199.2			1.0
5200.1			1.0
5201.0			1.0
5201.9			1.0
5202.8			0.9958153045617677
5203.7			0.9833774221618364
5204.6			0.9275944841249136
5205.5			0.8829852497292772
5206.4			0.8902741311191521
5207.3			0.8992877712701633
5208.2			0.8741840911996137
5209.1			0.8872586935941885
5210.0			0.9423249416561164
5210.9			0.9807829975430545
5211.8			1.0014205465867705
5212.7			1.0121418033492227
5213.6			0.9995223295481147
5214.5			1.0
5215.4			1.0
5216.3			1.0
5217.2			1.0
5218.1			1.0
5219.0			1.0
5219.9			1.0
5220.8			1.0
5221.7			1.0
5222.6			1.0
5223.5			0.9735862196850392
5224.4			0.9315707027278495
5225.3			0.8730290438552134
5226.2			0.8022034495615635
5227.1			0.7770516415355049
5228.0			0.856890010169092
5228.9			0.9517514480523488
5229.8			0.9862083217721777
5230.7			1.0018894023468579
5231.6			1.0
5232.5			1.0
5233.4			1.0
5234.3			1.0
5235.2			1.0
5236.1			1.0
5237.0			1.0
5237.9			1.0
5238.8			1.0
5239.7			1.0
5240.6			1.0
5241.5			1.0
5242.4			1.0
5243.3			1.0
5244.2			1.0
5245.1			1.0
5246.0			1.0
5246.9			1.0
5247.8			1.0
5248.7			1.0
5249.6			1.0
5250.5			1.0
5251.4			1.0
5252.3			1.0141222699948935
5253.2			0.9989142787537121
5254.1			0.9552828423466445
5255.0			0.915571340905595
5255.9			0.932791538072712
5256.8			0.9777521448320039
5257.7			0.9951493833562024
5258.6			1.0
5259.5			1.0
5260.4			0.9669724498199374
5261.3			0.9137655513886312
5262.2			0.8515943204553355
5263.1			0.8053151797490011
5264.0			0.775646810222292
5264.9			0.7487611813333056
5265.8			0.7277242954287758
5266.7			0.7660340086635933
5267.6			0.8272864333225025
5268.5			0.793868590974931
5269.4			0.6996604007853886
5270.3			0.7002614908818903
5271.2			0.8077380326599629
5272.1			0.8838722529214751
5273.0			0.8868621215244139
5273.9			0.872215419201938
5274.8			0.847832329656172
5275.7			0.8440292158750664
5276.6			0.9078833092576507
5277.5			0.9802862207073579
5278.4			1.0
5279.3			0.976382659576955
5280.2			0.9350889017099866
5281.1			0.9040979309336326
5282.0			0.8872982473556508
5282.9			0.8703049849326392
5283.8			0.8555398241075322
5284.7			0.8959551161801941
5285.6			0.9745487436429282
5286.5			1.0194656889832918
5287.4			1.0154602749148014
5288.3			0.9997113406692294
5289.2			1.0
5290.1			1.0
5291.0			1.0
5291.9			1.0
5292.8			1.0
5293.7			1.0
5294.6			1.0
5295.5			0.9911219496682339
5296.4			0.9480310195170157
5297.3			0.8827156164417583
5298.2			0.8641005514950141
5299.1			0.9267859686694211
5300.0			0.9891121127898513
5300.9			0.9943361891073671
5301.8			1.0
5302.7			1.0
5303.6			1.0
5304.5			1.0
5305.4			1.0
5306.3			1.0
5307.2			1.0
5308.1			1.0
5309.0			1.0
5309.9			1.0
5310.8			1.0
5311.7			1.0
5312.6			1.0
5313.5			1.0
5314.4			1.0
5315.3			1.0
5316.2			1.0
5317.1			1.0
5318.0			1.0
5318.9			1.0
5319.8			1.0
5320.7			1.0
5321.6			1.0
5322.5			1.0
5323.4			1.0
5324.3			1.0
5325.2			1.016182895058566
5326.1			1.0310675002441192
5327.0			0.9536304626009158
5327.9			0.8266280222769912
5328.8			0.8114039387175366
5329.7			0.9188558482408806
5330.6			1.0125749222929847
5331.5			1.0255193746713307
5332.4			0.991007447197937
5333.3			1.0
5334.2			1.0
5335.1			1.0
5336.0			1.0
5336.9			1.0
5337.8			0.9966493811855284
5338.7			0.9759888211778862
5339.6			0.9182347018086232
5340.5			0.877944218552259
5341.4			0.9102943282091843
5342.3			0.9723993066352
5343.2			1.0004646813113478
5344.1			1.0
5345.0			1.0
5345.9			1.0
5346.8			1.0
5347.7			1.0
5348.6			1.0
5349.5			1.0
5350.4			1.0
5351.3			1.0
5352.2			1.0
5353.1			1.0
5354.0			1.0
5354.9			1.0
5355.8			1.0
5356.7			1.0
5357.6			1.0
5358.5			1.0
5359.4			1.0
5360.3			1.0
5361.2			1.0
5362.1			1.0
5363.0			1.0
5363.9			1.0
5364.8			1.0
5365.7			1.0
5366.6			1.0
5367.5			0.9836542023532417
5368.4			0.9689063392817859
5369.3			0.9239698631772763
5370.2			0.8604269374283398
5371.1			0.8395620325649648
5372.0			0.8842838942230612
5372.9			0.9537834179779567
5373.8			0.9852661034547716
5374.7			0.9968646784382301
5375.6			1.0
5376.5			1.0
5377.4			1.0
5378.3			1.0
5379.2			1.0
5380.1			1.0
5381.0			1.0
5381.9			1.0
5382.8			1.0
5383.7			1.0
5384.6			1.0
5385.5			1.0
5386.4			1.0
5387.3			1.0
5388.2			1.0
5389.1			1.0
5390.0			1.0
5390.9			1.0
5391.8			1.0
5392.7			1.0
5393.6			1.0
5394.5			1.0
5395.4			1.0
5396.3			1.0
5397.2			1.0
5398.1			1.0
5399.0			1.0
5399.9			1.0
5400.8			1.0065476700158345
5401.7			1.0400992134234825
5402.6			1.0449702874945546
5403.5			0.9833674447929338
5404.4			0.9110009474134753
5405.3			0.8926123941838473
5406.2			0.9277703107227048
5407.1			0.9971533497297667
5408.0			1.046397375590422
5408.9			1.0388283482766354
5409.8			1.004057075016905
5410.7			1.0
5411.6			1.0
5412.5			1.0
5413.4			1.0
5414.3			1.0
5415.2			1.0
5416.1			1.0
5417.0			1.0
5417.9			1.0
5418.8			1.0
5419.7			1.0
5420.6			1.0
5421.5			1.0
5422.4			1.0
5423.3			1.0
5424.2			1.0
5425.1			1.0
5426.0			1.0
5426.9			1.0372326417526716
5427.8			1.0183032995591055
5428.7			0.9447604738881824
5429.6			0.8952574523687372
5430.5			0.946421751610785
5431.4			1.0112473555973511
5432.3			1.0077168360151727
5433.2			1.0
5434.1			1.0
5435.0			1.0
5435.9			1.0
5436.8			1.0
5437.7			1.0
5438.6			1.0
5439.5			1.0
5440.4			1.0
5441.3			1.0
5442.2			1.0
5443.1			1.0
5444.0			0.9721371876856639
5444.9			0.9265306137289936
5445.8			0.8755185349219207
5446.7			0.8469805137198787
5447.6			0.891310254308789
5448.5			0.9633714104019082
5449.4			1.0000636038875526
5450.3			1.0
5451.2			1.0
5452.1			1.0
5453.0			0.9833580503069224
5453.9			0.9483402075194791
5454.8			0.884157240035396
5455.7			0.8584160819606915
5456.6			0.9138431195267709
5457.5			0.975085979169267
5458.4			0.9960343581218373
5459.3			1.0
5460.2			1.0
5461.1			1.0
5462.0			1.0
5462.9			1.0
5463.8			1.0
5464.7			1.0
5465.6			1.0
5466.5			1.0
5467.4			1.0
5468.3			1.0
5469.2			1.0
5470.1			1.0
5471.0			1.0
5471.9			1.0
5472.8			1.0
5473.7			0.9888083256144213
5474.6			0.9911454025845149
5475.5			0.9430329828046077
5476.4			0.8697060350583056
5477.3			0.8777911197724111
5478.2			0.9533239394303917
5479.1			1.0004953631643672
5480.0			1.0
5480.9			1.0
5481.8			1.0
5482.7			1.0
5483.6			1.0
5484.5			1.0
5485.4			1.0
5486.3			1.0
5487.2			1.0
5488.1			1.0
5489.0			1.0
5489.9			1.0
5490.8			1.0
5491.7			1.0
5492.6			1.0
5493.5			1.0
5494.4			1.0
5495.3			1.0
5496.2			1.0
5497.1			1.0
5498.0			1.0
5498.9			1.0
5499.8			1.0
5500.7			1.0
5501.6			1.0
5502.5			1.0
5503.4			1.0
5504.3			1.0
5505.2			1.0
5506.1			1.0
5507.0			1.0
5507.9			1.0
5508.8			1.0
5509.7			1.0
5510.6			1.0
5511.5			1.0
5512.4			1.0
5513.3			1.0
5514.2			1.0
5515.1			1.0
5516.0			1.0
5516.9			1.0
5517.8			1.0
5518.7			1.0
5519.6			1.0
5520.5			1.0
5521.4			1.0
5522.3			1.0
5523.2			1.0
5524.1			1.0
5525.0			1.0
5525.9			0.9772646518993688
5526.8			0.944456267997532
5527.7			0.8982134588005526
5528.6			0.892934300682192
5529.5			0.9512012663266264
5530.4			0.997473651798691
5531.3			1.0013066113941955
5532.2			1.0
5533.1			1.0
5534.0			1.0
5534.9			1.0
5535.8			1.0
5536.7			1.0
5537.6			1.0
5538.5			1.0
5539.4			1.0
5540.3			1.0
5541.2			1.0
5542.1			1.0
5543.0			1.0
5543.9			1.0
5544.8			1.0
5545.7			1.0
5546.6			1.0
5547.5			1.0
5548.4			1.0
5549.3			1.0
5550.200000000001			1.0
5551.1			1.0
5552.0			1.0
5552.9			1.0
5553.8			1.0
5554.700000000001			1.0
5555.6			1.0
5556.5			1.0
5557.4			1.0
5558.3			1.0
5559.200000000001			1.0
5560.1			1.0
5561.0			1.0
5561.9			1.0
5562.8			1.0
5563.700000000001			1.0
5564.6			1.0
5565.5			1.0
5566.4			1.0
5567.3			1.0
5568.200000000001			1.0
5569.1			1.0
5570.0			1.0
5570.9			1.0
5571.8			1.0
5572.700000000001			1.0
5573.6			1.0
5574.5			1.0
5575.4			1.0
5576.3			1.0
5577.200000000001			1.0
5578.1			1.0
5579.0			0.997683265368108
5579.9			0.9991956046146864
5580.8			0.9947763764274947
5581.700000000001			0.9855177798665243
5582.6			0.9871114970979901
5583.5			0.9897288719081017
5584.4			0.9771681664176821
5585.3			0.945314243704678
5586.200000000001			0.8985463169473188
5587.1			0.8621718888842798
5588.0			0.8600652697915562
5588.9			0.8823788250222893
5589.8			0.9143385091674847
5590.700000000001			0.9421575593167151
5591.6			0.9522831695357239
5592.5			0.9456994204395321
5593.4			0.9313639559880035
5594.3			0.9306026307358576
5595.200000000001			0.9658022492289063
5596.1			1.0043811593761343
5597.0			1.0
5597.9			0.9597249097258699
5598.8			0.9358715411444593
5599.700000000001			0.9291306466291732
5600.6			0.9123349917738237
5601.5			0.8870946306441384
5602.4			0.8730339833557105
5603.3			0.9003118797679807
5604.200000000001			0.9596618589703202
5605.1			0.999803031591393
5606.0			1.0080167603034145
5606.9			1.0011670650931597
5607.8			1.0
5608.700000000001			1.0
5609.6			1.0
5610.5			1.0
5611.4			1.0
5612.3			1.0
5613.200000000001			0.9900384515162515
5614.1			0.9298695226157923
5615.0			0.8582469011058153
5615.9			0.8599944177665951
5616.8			0.9295341545552631
5617.700000000001			0.9864337733754139
5618.6			0.998401188287074
5619.5			1.0
5620.4			1.0
5621.3			1.0
5622.200000000001			1.0
5623.1			1.0
5624.0			1.0
5624.9			1.0
5625.8			1.0
5626.700000000001			1.0
5627.6			1.0
5628.5			1.0
5629.4			1.0
5630.3			1.0
5631.200000000001			1.0
5632.1			1.0
5633.0			1.0
5633.9			1.0
5634.8			1.0
5635.700000000001			1.0
5636.6			1.0
5637.5			1.0
5638.4			1.0
5639.3			1.0
5640.200000000001			1.0
5641.1			1.0
5642.0			1.0
5642.9			1.0
5643.8			1.0
5644.700000000001			1.0
5645.6			1.0
5646.5			1.0
5647.4			1.0
5648.3			1.0
5649.200000000001			1.0
5650.1			1.0
5651.0			1.0
5651.9			1.0
5652.8			0.9940513589308383
5653.700000000001			0.96485568117558
5654.6			0.9391879503558073
5655.5			0.9539817918876369
5656.4			0.9802139915322968
5657.3			0.9529614964763031
5658.200000000001			0.8972137120107528
5659.1			0.8945287653630909
5660.0			0.9385501720562976
5660.9			0.959165755941109
5661.8			0.9458139781989776
5662.700000000001			0.9428796395297196
5663.6			0.9666252662091489
5664.5			0.9940474542084324
5665.4			1.0000550134076491
5666.3			1.0
5667.200000000001			1.0
5668.1			1.0
5669.0			1.0
5669.9			1.0
5670.8			1.0
5671.700000000001			1.0
5672.6			1.0
5673.5			1.0
5674.4			1.0
5675.3			1.0
5676.200000000001			1.0
5677.1			1.0
5678.0			1.0
5678.9			1.0
5679.8			1.0
5680.700000000001			1.0
5681.6			1.0
5682.5			1.0
5683.4			1.0
5684.3			1.0
5685.200000000001			1.0
5686.1			1.0
5687.0			1.0
5687.9			1.0
5688.8			1.0
5689.700000000001			1.0
5690.6			1.0
5691.5			1.0
5692.4			1.0
5693.3			1.0
5694.200000000001			1.0
5695.1			1.0
5696.0			1.0
5696.9			1.0
5697.8			1.0
5698.700000000001			1.0
5699.6			1.0
5700.5			1.0
5701.4			0.9854598378222708
5702.3			0.9914762170191626
5703.200000000001			1.0055082853676591
5704.1			1.0049198596745592
5705.0			0.9828909796687811
5705.9			0.9566786308914528
5706.8			0.9434625263178558
5707.700000000001			0.9289540627404663
5708.6			0.9054947556344508
5709.5			0.8980621443199236
5710.4			0.9080351050903245
5711.3			0.9178727397951436
5712.200000000001			0.9366615008595043
5713.1			0.9662077075086504
5714.0			0.9838175570975515
5714.9			0.9869495519656115
5715.8			0.9942776066212634
5716.700000000001			1.0013780223340176
5717.6			1.0000057018953976
5718.5			1.0
5719.4			1.0
5720.3			1.0
5721.200000000001			1.0
5722.1			1.0
5723.0			1.0
5723.9			1.0
5724.8			1.0
5725.700000000001			1.0
5726.6			1.0
5727.5			1.0
5728.4			1.0
5729.3			1.0
5730.200000000001			1.0
5731.1			1.0
5732.0			1.0
5732.9			1.0
5733.8			1.0
5734.700000000001			1.0
5735.6			1.0
5736.5			1.0
5737.4			1.0
5738.3			1.0
5739.200000000001			1.0
5740.1			1.0
5741.0			1.0
5741.9			1.0
5742.8			1.0
5743.700000000001			1.0
5744.6			1.0
5745.5			1.0
5746.4			1.0
5747.3			1.0
5748.200000000001			1.0
5749.1			1.0
5750.0			1.0
5750.9			1.003378516052954
5751.8			0.9743905000040218
5752.700000000001			0.9321424923477889
5753.6			0.9076233650954423
5754.5			0.9227377109893558
5755.4			0.9640691374014495
5756.3			0.998825757644182
5757.200000000001			1.0
5758.1			1.0
5759.0			1.0
5759.9			1.0
5760.8			1.0
5761.700000000001			1.0
5762.6			1.0
5763.5			1.0
5764.4			1.0
5765.3			1.0
5766.200000000001			1.0
5767.1			1.0
5768.0			1.0
5768.9			1.0
5769.8			1.0
5770.700000000001			1.0
5771.6			1.0
5772.5			1.0
5773.4			1.0
5774.3			0.995568281943038
5775.200000000001			1.0011265827066738
5776.1			1.0164051736040045
5777.0			1.0245577436316775
5777.9			1.020031557214805
5778.8			1.004175816538563
5779.700000000001			0.969705683228496
5780.6			0.928645962647105
5781.5			0.9104076669663603
5782.4			0.9194972659017193
5783.3			0.9309592133119596
5784.200000000001			0.92481238481776
5785.1			0.9143293492215351
5786.0			0.9308166474281502
5786.9			0.9649789509168102
5787.8			0.9887563969830261
5788.700000000001			0.9999670663661374
5789.6			1.0
5790.5			1.0
5791.4			1.0
5792.3			1.0
5793.200000000001			1.0
5794.1			1.0
5795.0			1.0
5795.9			1.0
5796.8			1.0
5797.700000000001			1.0
5798.6			1.0
5799.5			1.0
5800.4			1.0
5801.3			1.0
5802.200000000001			1.0
5803.1			1.0
5804.0			1.0
5804.9			1.0
5805.8			1.0
5806.700000000001			1.0
5807.6			1.0
5808.5			1.0
5809.4			1.0
5810.3			1.0
5811.200000000001			1.0
5812.1			1.0
5813.0			1.0
5813.9			1.0
5814.8			1.0
5815.700000000001			1.0
5816.6			1.0
5817.5			1.0
5818.4			1.0
5819.3			1.0
5820.200000000001			1.0
5821.1			1.0
5822.0			1.0
5822.9			1.0
5823.8			1.0
5824.700000000001			1.0
5825.6			1.0
5826.5			1.0
5827.4			1.0
5828.3			1.0
5829.200000000001			1.0
5830.1			1.0
5831.0			1.0
5831.9			1.0
5832.8			1.0
5833.700000000001			1.0
5834.6			1.0
5835.5			1.0
5836.4			1.0
5837.3			1.0
5838.200000000001			1.0
5839.1			1.0
5840.0			1.0
5840.9			1.0
5841.8			1.0
5842.700000000001			1.0
5843.6			1.0
5844.5			1.0
5845.4			1.0
5846.3			1.0
5847.200000000001			1.0
5848.1			1.0
5849.0			1.0
5849.9			1.0
5850.8			1.0
5851.700000000001			1.0
5852.6			1.0
5853.5			1.0
5854.4			1.0
5855.3			1.0
5856.200000000001			1.0
5857.1			1.0
5858.0			1.0
5858.9			1.0
5859.8			1.0
5860.700000000001			1.0
5861.6			1.0
5862.5			1.0
5863.4			1.0
5864.3			1.0
5865.200000000001			1.0
5866.1			1.0
5867.0			1.0
5867.9			1.0
5868.8			1.0
5869.700000000001			1.0
5870.6			1.0
5871.5			1.0
5872.4			1.0
5873.3			1.0
5874.200000000001			1.0
5875.1			1.0
5876.0			1.0
5876.9			1.0
5877.8			1.0
5878.700000000001			1.0
5879.6			1.0
5880.5			1.0
5881.4			1.0
5882.3			1.0
5883.200000000001			1.0
5884.1			1.0
5885.0			1.0
5885.9			1.0
5886.8			1.0
5887.700000000001			0.963315242248319
5888.6			0.8591679954974185
5889.5			0.7491014194513316
5890.4			0.7466337838831746
5891.3			0.8468571706030339
5892.200000000001			0.943139294842567
5893.1			0.9899155225784539
5894.0			1.0
5894.9			1.0
5895.8			1.0
5896.700000000001			1.0
5897.6			1.0
5898.5			1.0
5899.4			1.0
5900.3			1.0
5901.200000000001			1.0
5902.1			1.0
5903.0			1.0
5903.9			1.0
5904.8			1.0
5905.700000000001			1.0
5906.6			1.0
5907.5			1.0
5908.4			1.0
5909.3			1.0
5910.200000000001			1.0
5911.1			1.0
5912.0			1.0
5912.9			1.0
5913.8			1.0
5914.700000000001			1.0
5915.6			1.0
5916.5			1.0
5917.4			1.0
5918.3			1.0
5919.200000000001			1.0
5920.1			1.0
5921.0			1.0
5921.9			1.0
5922.8			1.0
5923.700000000001			1.0
5924.6			1.0
5925.5			1.0
5926.4			1.0
5927.3			1.0
5928.200000000001			1.0
5929.1			1.0
5930.0			1.0
5930.9			1.0
5931.8			1.0
5932.700000000001			1.0
5933.6			1.0
5934.5			1.0
5935.4			1.0
5936.3			1.0
5937.200000000001			1.0
5938.1			1.0
5939.0			1.0
5939.9			1.0
5940.8			1.0
5941.700000000001			1.0
5942.6			1.0
5943.5			1.0
5944.4			1.0
5945.3			1.0
5946.200000000001			1.0
5947.1			1.0
5948.0			1.0
5948.9			1.0
5949.8			1.0
5950.700000000001			1.0
5951.6			1.0
5952.5			1.0
5953.4			1.0
5954.3			1.0
5955.200000000001			1.0
5956.1			1.0
5957.0			1.0
5957.9			1.0
5958.8			1.0
5959.700000000001			1.0
5960.6			1.0
5961.5			1.0
5962.4			1.0
5963.3			1.0
5964.200000000001			1.0
5965.1			1.0
5966.0			1.0
5966.9			1.0
5967.8			1.0
5968.700000000001			1.0
5969.6			1.0
5970.5			1.0
5971.4			1.0
5972.3			1.0
5973.200000000001			1.0
5974.1			1.0
5975.0			1.0
5975.9			1.0
5976.8			1.0
5977.700000000001			1.0
5978.6			1.0
5979.5			1.0
5980.4			1.0
5981.3			1.0
5982.200000000001			1.0
5983.1			1.0
5984.0			1.0
5984.9			1.0
5985.8			1.0
5986.700000000001			1.0
5987.6			1.0
5988.5			1.0
5989.4			1.0
5990.3			1.0
5991.200000000001			1.0
5992.1			1.0
5993.0			1.0
5993.9			1.0
5994.8			1.0
5995.700000000001			1.0
5996.6			1.0
5997.5			1.0
5998.4			1.0
5999.3			1.0
6000.200000000001			1.0
6001.1			1.0
6002.0			1.0
6002.9			1.0
6003.8			1.0
6004.700000000001			1.0
6005.6			1.0
6006.5			1.0
6007.4			1.0
6008.3			1.0
6009.200000000001			1.0
6010.1			1.0
6011.0			1.0
6011.9			1.0
6012.8			1.0
6013.700000000001			1.0
6014.6			1.0
6015.5			1.0
6016.4			1.0
6017.3			1.0
6018.200000000001			1.0
6019.1			1.0
6020.0			1.0
6020.9			1.0
6021.8			1.0
6022.700000000001			1.0
6023.6			1.0
6024.5			1.0
6025.4			1.0
6026.3			1.0
6027.200000000001			1.0
6028.1			1.0
6029.0			1.0
6029.9			1.0
6030.8			1.0
6031.700000000001			1.0
6032.6			1.0
6033.5			1.0
6034.4			1.0
6035.3			1.0
6036.200000000001			1.0
6037.1			1.0
6038.0			1.0
6038.9			1.0
6039.8			1.0
6040.700000000001			1.0
6041.6			1.0
6042.5			1.0
6043.4			1.0
6044.3			1.0
6045.200000000001			1.0
6046.1			1.0
6047.0			1.0
6047.9			1.0
6048.8			1.0
6049.700000000001			1.0
6050.6			1.0
6051.5			1.0
6052.4			1.0
6053.3			1.0
6054.200000000001			1.0
6055.1			1.0
6056.0			1.0
6056.9			1.0
6057.8			1.0
6058.700000000001			1.0
6059.6			1.0
6060.5			1.0
6061.4			1.0
6062.3			1.0
6063.200000000001			1.0
6064.1			1.0
6065.0			1.0
6065.9			1.0
6066.8			1.0
6067.700000000001			1.0
6068.6			1.0
6069.5			1.0
6070.4			1.0
6071.3			1.0
6072.200000000001			1.0
6073.1			1.0
6074.0			1.0
6074.9			1.0
6075.8			1.0
6076.700000000001			1.0
6077.6			1.0
6078.5			1.0
6079.4			1.0
6080.3			1.0
6081.200000000001			1.0
6082.1			1.0
6083.0			1.0
6083.9			1.0
6084.8			1.0
6085.700000000001			1.0
6086.6			1.0
6087.5			1.0
6088.4			1.0
6089.3			1.0
6090.200000000001			1.0
6091.1			1.0
6092.0			1.0
6092.9			1.0
6093.8			1.0
6094.700000000001			1.0
6095.6			1.0
6096.5			1.0
6097.4			1.0
6098.3			1.0
6099.200000000001			1.0
6100.1			1.0034471999376622
6101.0			0.9757607647141814
6101.9			0.9200694822764877
6102.8			0.8869908504199867
6103.700000000001			0.9179795050008339
6104.6			0.9734579672801698
6105.5			1.0006716757616965
6106.4			1.0
6107.3			1.0
6108.200000000001			1.0
6109.1			1.0
6110.0			1.0
6110.9			1.0
6111.8			1.0
6112.700000000001			1.0
6113.6			1.0
6114.5			1.0
6115.4			1.0
6116.3			1.0
6117.200000000001			1.0
6118.1			1.0
6119.0			1.0
6119.9			1.0
6120.8			1.0
6121.700000000001			1.0
6122.6			1.0
6123.5			1.0
6124.4			1.0
6125.3			1.0
6126.200000000001			1.0
6127.1			1.0
6128.0			1.0
6128.9			1.0
6129.8			1.0
6130.700000000001			1.0
6131.6			1.0
6132.5			1.0
6133.4			1.0
6134.3			0.9971332576563484
6135.200000000001			0.9636552901924709
6136.1			0.904876425962461
6137.0			0.8625613882052645
6137.9			0.88360367553905
6138.8			0.9517414655095388
6139.700000000001			1.0016665561176228
6140.6			1.0
6141.5			1.0
6142.4			1.0
6143.3			1.0
6144.200000000001			1.0
6145.1			1.0
6146.0			1.0
6146.9			1.0
6147.8			1.0
6148.700000000001			1.0
6149.6			1.0
6150.5			1.0
6151.4			1.0
6152.3			1.0
6153.200000000001			1.0
6154.1			1.0
6155.0			1.0
6155.9			1.0
6156.8			1.0
6157.700000000001			1.0
6158.6			1.0165275055765965
6159.5			1.011354115466035
6160.4			0.9636464369703351
6161.3			0.8965676101469501
6162.200000000001			0.8629694437754667
6163.1			0.8856832505224893
6164.0			0.9364436450734732
6164.9			0.9782555538888598
6165.8			1.000418636536145
6166.700000000001			1.0
6167.6			1.0
6168.5			1.0
6169.4			1.0
6170.3			1.0
6171.200000000001			1.0
6172.1			1.0
6173.0			1.0
6173.9			1.0
6174.8			1.0
6175.700000000001			1.0
6176.6			1.0
6177.5			1.0
6178.4			1.0
6179.3			1.0
6180.200000000001			1.0
6181.1			1.0
6182.0			1.0
6182.9			1.0
6183.8			1.0
6184.700000000001			1.0
6185.6			1.0
6186.5			1.0
6187.4			1.0
6188.3			1.0
6189.200000000001			1.0
6190.1			1.0
6191.0			1.0
6191.9			1.0
6192.8			1.0
6193.700000000001			1.0
6194.6			1.0
6195.5			1.0
6196.4			1.0
6197.3			1.0
6198.200000000001			1.0
6199.1			1.0
6200.0			1.0
6200.9			1.0
6201.8			1.0
6202.700000000001			1.0
6203.6			1.0
6204.5			1.0
6205.4			1.0
6206.3			1.0
6207.200000000001			1.0
6208.1			1.0
6209.0			1.0
6209.9			1.0
6210.8			1.0
6211.700000000001			1.0
6212.6			1.0
6213.5			1.0
6214.4			1.0
6215.3			1.0
6216.200000000001			1.0
6217.1			1.0
6218.0			1.0
6218.9			1.0
6219.8			1.0
6220.700000000001			1.0
6221.6			1.0
6222.5			1.0
6223.4			1.0
6224.3			1.0
6225.200000000001			1.0
6226.1			1.0
6227.0			1.0
6227.9			1.0
6228.8			1.0
6229.700000000001			1.0
6230.6			1.0
6231.5			1.0
6232.4			1.0
6233.3			1.0
6234.200000000001			1.0
6235.1			1.0
6236.0			1.0
6236.9			1.0
6237.8			1.0
6238.700000000001			1.0
6239.6			1.0
6240.5			1.0
6241.4			1.0
6242.3			1.0
6243.200000000001			1.0
6244.1			1.0
6245.0			1.0
6245.9			1.0
6246.8			1.0
6247.700000000001			1.0
6248.6			1.0
6249.5			1.0
6250.4			1.0
6251.3			1.0
6252.200000000001			1.0
6253.1			1.0
6254.0			1.0
6254.9			1.0
6255.8			1.0
6256.700000000001			1.0
6257.6			1.0
6258.5			1.0
6259.4			1.0
6260.3			1.0
6261.200000000001			1.0
6262.1			1.0
6263.0			1.0
6263.9			1.0
6264.8			1.0
6265.700000000001			1.0
6266.6			1.0
6267.5			1.0
6268.4			1.0
6269.3			1.0
6270.200000000001			1.0
6271.1			1.0
6272.0			1.0
6272.9			1.0
6273.8			1.0
6274.700000000001			1.0
6275.6			1.0
6276.5			1.0
6277.4			1.0
6278.3			1.0
6279.200000000001			1.0
6280.1			1.0
6281.0			1.0
6281.9			1.0
6282.8			1.0
6283.700000000001			1.0
6284.6			1.0
6285.5			1.0
6286.4			1.0
6287.3			1.0
6288.200000000001			1.0
6289.1			1.0
6290.0			1.0
6290.9			1.0
6291.8			1.0
6292.700000000001			1.0
6293.6			1.0
6294.5			1.0
6295.4			1.0
6296.3			1.0
6297.200000000001			1.0
6298.1			1.0
6299.0			1.0
6299.9			1.0
6300.8			1.0
6301.700000000001			1.0
6302.6			1.0
6303.5			1.0
6304.4			1.0
6305.3			1.0
6306.200000000001			1.0
6307.1			1.0
6308.0			1.0
6308.9			1.0
6309.8			1.0
6310.700000000001			1.0
6311.6			1.0
6312.5			1.0
6313.4			1.0
6314.3			1.0
6315.200000000001			1.0
6316.1			1.0
6317.0			1.0
6317.9			1.0
6318.8			1.0
6319.700000000001			1.0
6320.6			1.0
6321.5			1.0
6322.4			1.0
6323.3			1.0
6324.200000000001			1.0
6325.1			1.0
6326.0			1.0
6326.9			1.0
6327.8			1.0
6328.700000000001			1.0
6329.6			1.0
6330.5			1.0
6331.4			1.0
6332.3			1.0
6333.200000000001			1.0
6334.1			1.0
6335.0			1.0
6335.9			1.0
6336.8			1.0
6337.700000000001			1.0
6338.6			1.0
6339.5			1.0
6340.4			1.0
6341.3			1.0
6342.200000000001			1.0
6343.1			1.0
6344.0			1.0
6344.9			1.0
6345.8			1.0
6346.700000000001			1.0
6347.6			1.0
6348.5			1.0
6349.4			1.0
6350.3			1.0
6351.200000000001			1.0
6352.1			1.0
6353.0			1.0
6353.9			1.0
6354.8			1.0
6355.700000000001			1.0
6356.6			1.0
6357.5			1.0
6358.4			1.0
6359.3			1.0
6360.200000000001			1.0
6361.1			1.0
6362.0			1.0
6362.9			1.0
6363.8			1.0
6364.700000000001			1.0
6365.6			1.0
6366.5			1.0
6367.4			1.0
6368.3			1.0
6369.200000000001			1.0
6370.1			1.0
6371.0			1.0
6371.9			1.0
6372.8			1.0
6373.700000000001			1.0
6374.6			1.0
6375.5			1.0
6376.4			1.0
6377.3			1.0
6378.200000000001			1.0
6379.1			1.0
6380.0			1.0
6380.9			1.0
6381.8			1.0
6382.700000000001			1.0
6383.6			1.0
6384.5			1.0
6385.4			1.0
6386.3			1.0
6387.200000000001			1.0
6388.1			1.0
6389.0			1.0
6389.9			1.0
6390.8			1.0
6391.700000000001			1.0
6392.6			1.0
6393.5			1.0
6394.4			1.0
6395.3			1.0
6396.200000000001			1.0
6397.1			1.0
6398.0			1.0
6398.9			1.0
6399.8			1.0
6400.700000000001			1.0
6401.6			1.0
6402.5			1.0
6403.4			1.0
6404.3			1.0
6405.200000000001			1.0
6406.1			1.0
6407.0			1.0
6407.9			1.0
6408.8			1.0
6409.700000000001			1.0
6410.6			1.0
6411.5			1.0
6412.4			1.0
6413.3			1.0
6414.200000000001			1.0
6415.1			1.0
6416.0			1.0
6416.9			1.0
6417.8			1.0
6418.700000000001			1.0
6419.6			1.0
6420.5			1.0
6421.4			1.0
6422.3			1.0
6423.200000000001			1.0
6424.1			1.0
6425.0			1.0
6425.9			1.0
6426.8			1.0
6427.700000000001			1.0
6428.6			1.0
6429.5			1.0
6430.4			1.0
6431.3			1.0
6432.200000000001			1.0
6433.1			1.0
6434.0			1.0
6434.9			1.0
6435.8			1.0
6436.700000000001			1.0
6437.6			1.0
6438.5			1.0
6439.4			1.0
6440.3			1.0
6441.200000000001			1.0
6442.1			1.0
6443.0			1.0
6443.9			1.0
6444.8			1.0
6445.700000000001			1.0
6446.6			1.0
6447.5			0.9918144734968904
6448.4			0.961214383699515
6449.3			0.9158567400089946
6450.200000000001			0.9018878828510006
6451.1			0.935065793002697
6452.0			0.9782313091887888
6452.9			0.9993108749656752
6453.8			1.0
6454.700000000001			1.0
6455.6			0.9784236719518477
6456.5			0.9834195780463241
6457.4			1.0185544720106148
6458.3			1.0580009332598213
6459.200000000001			1.0828403008782275
6460.1			1.0862271064756603
6461.0			1.0649799344987445
6461.9			1.0232661121994755
6462.8			0.9991853285991745
6463.700000000001			1.0
6464.6			1.0
6465.5			1.0
6466.4			1.0
6467.3			1.0
6468.200000000001			1.0
6469.1			1.0
6470.0			1.0
6470.9			1.0
6471.8			1.0
6472.700000000001			1.0
6473.6			1.0
6474.5			1.0
6475.4			1.0
6476.3			1.0
6477.200000000001			1.0
6478.1			1.0
6479.0			1.0
6479.9			1.0
6480.8			1.0
6481.700000000001			1.0
6482.6			1.0
6483.5			1.0
6484.4			1.0
6485.3			1.012651652694791
6486.200000000001			1.0203419428787055
6487.1			1.0217672777868336
6488.0			1.0215893568419399
6488.9			1.0205879635052286
6489.8			1.0087226701222944
6490.700000000001			0.9898160884437202
6491.6			0.97753701247251
6492.5			0.9672871635885769
6493.4			0.9317223828551067
6494.3			0.8787170090290936
6495.200000000001			0.8520942027685982
6496.1			0.8614903997785832
6497.0			0.8950275760878135
6497.9			0.9308961669982257
6498.8			0.9425719289718041
6499.700000000001			0.9443581187992016
6500.6			0.9588573419629052
6501.5			0.9759078230047936
6502.4			0.9864249908221032
6503.3			0.9934263908141086
6504.200000000001			1.0002898958615802
6505.1			1.0049006871288997
6506.0			1.0053107578518607
6506.9			1.0032999975933101
6507.8			1.0001888479538128
6508.700000000001			0.99936080385167
6509.6			1.0025025910232959
6510.5			1.0069526043848696
6511.4			1.0085019902862802
6512.3			1.0084591810370636
6513.200000000001			1.012554854272449
6514.1			1.013428859041526
6515.0			1.0048200663911446
6515.9			0.9932244732680373
6516.8			0.9839993527916517
6517.700000000001			0.9740411234825889
6518.6			0.9676556236636494
6519.5			0.9819327386411019
6520.4			1.0030598291903938
6521.3			1.0102279945027142
6522.200000000001			1.0065441574971408
6523.1			1.004575905731327
6524.0			1.00899463477548
6524.9			1.010136866441682
6525.8			0.9939690251345032
6526.700000000001			0.9706552386704475
6527.6			0.967126301815395
6528.5			0.9851834300684398
6529.4			1.0052017745522455
6530.3			1.0135791359635382
6531.200000000001			1.0050135073792907
6532.1			0.9877403651918443
6533.0			0.973322599699481
6533.9			0.972567283782482
6534.8			0.9850498623548755
6535.700000000001			0.9987532445094485
6536.6			1.0026577621683372
6537.5			1.0030296643261323
6538.4			1.004676176783393
6539.3			1.0055432992515045
6540.200000000001			1.005428371493174
6541.1			1.0055629562139528
6542.0			1.004458578518075
6542.9			0.9999243950214854
6543.8			1.0
6544.700000000001			1.0
6545.6			1.0
6546.5			1.0
6547.4			1.0
6548.3			1.0
6549.200000000001			1.0
6550.1			1.0
6551.0			1.0
6551.9			1.0
6552.8			1.0
6553.700000000001			1.0
6554.6			1.0
6555.5			1.0
6556.4			1.0
6557.3			1.0
6558.200000000001			1.0
6559.1			0.9872009301486566
6560.0			0.949335309671659
6560.9			0.8631418720159412
6561.8			0.7252399335782996
6562.700000000001			0.6227794100994654
6563.6			0.6623113479810385
6564.5			0.8052414383638469
6565.4			0.9324027101181213
6566.3			0.9998489775172527
6567.200000000001			1.0
6568.1			1.0
6569.0			1.0
6569.9			1.0
6570.8			1.0
6571.700000000001			1.0
6572.6			1.0
6573.5			1.0
6574.4			1.0
6575.3			1.0
6576.200000000001			1.0
6577.1			1.0
6578.0			1.01008625375901
6578.9			1.0091307697666507
6579.8			1.0002713106658598
6580.700000000001			0.9889813336043881
6581.6			0.9867173031976965
6582.5			0.9943556649146562
6583.4			0.9999245966673129
6584.3			0.9989412579746282
6585.200000000001			0.9941811719495013
6586.1			0.9887143761051903
6587.0			0.9900327446333641
6587.9			0.9970209257997307
6588.8			1.0057779327008916
6589.700000000001			1.0141472896165138
6590.6			1.010707145398112
6591.5			0.9848232246434843
6592.4			0.9460811523684362
6593.3			0.9259968271478454
6594.200000000001			0.9446490208312713
6595.1			0.9793425068326541
6596.0			0.9971445554962365
6596.9			0.9945837728921364
6597.8			0.988849784242519
6598.700000000001			0.9930380693390751
6599.6			1.006821129456733
6600.5			1.0233056994467846
6601.4			1.033960169159284
6602.3			1.035662633754127
6603.200000000001			1.0306357442610434
6604.1			1.0209274839348246
6605.0			1.0119982487388883
6605.9			1.0077947122151139
6606.8			1.0033908650898153
6607.700000000001			0.9915550726341951
6608.6			0.9771584307645736
6609.5			0.9797288900457872
6610.4			1.001892315382068
6611.3			1.0215987146171654
6612.200000000001			1.0265486132135462
6613.1			1.0244450052767209
6614.0			1.0253171186082475
6614.9			1.0293758149628904
6615.8			1.0309035569472973
6616.700000000001			1.0302636132840324
6617.6			1.0318983512345434
6618.5			1.0369230594317813
6619.4			1.0445577404195618
6620.3			1.0530567140113096
6621.200000000001			1.0562750721505338
6622.1			1.0505496297300045
6623.0			1.043141193521639
6623.9			1.037501850586633
6624.8			1.0322878064522985
6625.700000000001			1.0294673212756809
6626.6			1.0285556786617311
6627.5			1.03039993990412
6628.4			1.0363176186572467
6629.3			1.0405524116183344
6630.200000000001			1.0392337311837931
6631.1			1.0331282539153224
6632.0			1.016473801623702
6632.9			0.9841451571197459
6633.8			0.956723238022658
6634.700000000001			0.9615127561343438
6635.6			0.9906059712886526
6636.5			1.0210751785743777
6637.4			1.0424202439824193
6638.3			1.0459325059224693
6639.200000000001			1.0378915901238428
6640.1			1.038541288299358
6641.0			1.0483147472517733
6641.9			1.0451828483331758
6642.8			1.0220311533329027
6643.700000000001			1.0028183236399237
6644.6			1.0093861158764919
6645.5			1.0299551120929358
6646.4			1.0388962024425008
6647.3			1.0381928179025173
6648.200000000001			1.0462339820945907
6649.1			1.060360346998144
6650.0			1.0672901639881307
6650.9			1.0653500863209489
6651.8			1.0598962121715734
6652.700000000001			1.053962708078833
6653.6			1.050609195567103
6654.5			1.0520276137633158
6655.4			1.0551788600504928
6656.3			1.0575962656140017
6657.200000000001			1.0600019915828198
6658.1			1.061152480960426
6659.0			1.0599782979557224
6659.9			1.0530025374647631
6660.8			1.0416914507492212
6661.700000000001			1.0283881673277528
6662.6			1.0089351558909003
6663.5			0.9931052256921564
6664.4			0.9998994947359241
6665.3			1.0
6666.200000000001			1.0
6667.1			1.0
6668.0			1.0
6668.9			1.0
6669.8			1.0
6670.700000000001			1.0
6671.6			1.0
6672.5			1.0
6673.4			1.0
6674.3			1.0
6675.200000000001			1.0
6676.1			1.0
6677.0			1.0
6677.9			1.0
6678.8			1.0
6679.700000000001			1.0
6680.6			1.0
6681.5			1.0
6682.4			1.0
6683.3			1.0
6684.200000000001			1.0
6685.1			1.0
6686.0			1.0
6686.9			1.0
6687.8			1.0
6688.700000000001			1.0
6689.6			1.0
6690.5			1.0
6691.4			1.0
6692.3			1.0
6693.200000000001			1.0
6694.1			1.0
6695.0			1.0
6695.9			1.0
6696.8			1.0
6697.700000000001			1.0
6698.6			1.0
6699.5			1.0
6700.4			1.0
6701.3			1.0
6702.200000000001			1.0
6703.1			1.0
6704.0			1.0
6704.9			1.0
6705.8			1.0
6706.700000000001			1.0
6707.6			1.0
6708.5			1.0
6709.4			1.0
6710.3			1.0
6711.200000000001			1.0
6712.1			1.0
6713.0			1.0
6713.9			1.0
6714.8			1.0
6715.700000000001			1.0
6716.6			1.0
6717.5			1.0
6718.4			1.0
6719.3			1.0
6720.200000000001			1.0
6721.1			1.0
6722.0			1.0
6722.9			1.0
6723.8			1.0
6724.700000000001			1.0
6725.6			1.0
6726.5			1.0
6727.4			1.0
6728.3			1.0
6729.200000000001			1.0
6730.1			1.0
6731.0			1.0
6731.9			1.0
6732.8			1.0
6733.700000000001			1.0
6734.6			1.0
6735.5			1.0
6736.4			1.0
6737.3			1.0
6738.200000000001			1.0
6739.1			1.0
6740.0			1.0
6740.9			1.0
6741.8			1.0
6742.700000000001			1.0
6743.6			1.0
6744.5			1.0
6745.4			1.0
6746.3			1.0
6747.200000000001			1.0
6748.1			1.0
6749.0			1.0
6749.9			1.0
6750.8			1.0
6751.700000000001			1.0
6752.6			1.0
6753.5			1.0
6754.4			1.0
6755.3			1.0
6756.200000000001			1.0
6757.1			1.0
6758.0			1.0
6758.9			1.0
6759.8			1.0
6760.700000000001			1.0
6761.6			1.0
6762.5			1.0
6763.4			1.0
6764.3			1.0
6765.200000000001			1.0
6766.1			1.0
6767.0			1.0
6767.9			1.0
6768.8			1.0
6769.700000000001			1.0
6770.6			1.0
6771.5			1.0
6772.4			1.0
6773.3			1.0
6774.200000000001			1.0
6775.1			1.0
6776.0			1.0
6776.9			1.0
6777.8			1.0
6778.700000000001			1.0
6779.6			1.0
6780.5			1.0
6781.4			1.0
6782.3			1.0
6783.200000000001			1.0
6784.1			1.0
6785.0			1.0
6785.9			1.0
6786.8			1.0
6787.700000000001			1.0
6788.6			1.0
6789.5			1.0
6790.4			1.0
6791.3			1.0
6792.200000000001			1.0
6793.1			1.0
6794.0			1.0
6794.9			1.0
6795.8			1.0
6796.700000000001			1.0
6797.6			1.0
6798.5			1.0
6799.4			1.0
6800.3			1.0
6801.200000000001			1.0
6802.1			1.0
6803.0			1.0
6803.9			1.0
6804.8			1.0
6805.700000000001			1.0
6806.6			1.0
6807.5			1.0
6808.4			1.0
6809.3			1.0
6810.200000000001			1.0
6811.1			1.0
6812.0			1.0
6812.9			1.0
6813.8			1.0
6814.700000000001			1.0
6815.6			1.0
6816.5			1.0
6817.4			1.0
6818.3			1.0
6819.200000000001			1.0
6820.1			1.0
6821.0			1.0
6821.9			1.0
6822.8			1.0
6823.700000000001			1.0
6824.6			1.0
6825.5			1.0
6826.4			1.0
6827.3			1.0
6828.200000000001			1.0
6829.1			1.0
6830.0			1.0
6830.9			1.0
6831.8			1.0
6832.700000000001			1.0
6833.6			1.0
6834.5			1.0
6835.4			1.0
6836.3			1.0
6837.200000000001			1.0
6838.1			1.0
6839.0			1.0
6839.9			1.0
6840.8			1.0
6841.700000000001			1.0
6842.6			1.0
6843.5			1.0
6844.4			1.0
6845.3			1.0
6846.200000000001			1.0
6847.1			1.0
6848.0			1.0
6848.9			1.0
6849.8			1.0
6850.700000000001			1.0
6851.6			1.0
6852.5			1.0
6853.4			1.0
6854.3			1.0
6855.200000000001			1.0
6856.1			1.0
6857.0			1.0
6857.9			1.0
6858.8			1.0
6859.700000000001			1.0
6860.6			1.0
6861.5			1.0
6862.4			1.0
6863.3			1.0
6864.200000000001			1.0
6865.1			1.0
6866.0			1.0
6866.9			1.0
6867.8			1.0
6868.700000000001			1.0
6869.6			1.0
6870.5			1.0
6871.4			1.0
6872.3			1.0
6873.200000000001			1.0
6874.1			1.0
6875.0			1.0
6875.9			1.0
6876.8			1.0
6877.700000000001			1.0
6878.6			1.0
6879.5			1.0
6880.4			1.0
6881.3			1.0
6882.200000000001			1.0
6883.1			1.0
6884.0			1.0
6884.9			1.0
6885.8			1.0
6886.700000000001			1.0
6887.6			1.0
6888.5			1.0
6889.4			1.0
6890.3			1.0
6891.200000000001			1.0
6892.1			1.0
6893.0			1.0
6893.9			1.0
6894.8			1.0
6895.700000000001			1.0
6896.6			1.0
6897.5			1.0
6898.4			1.0
6899.3			1.0
6900.200000000001			1.0
6901.1			1.0
6902.0			1.0
6902.9			1.0
6903.8			1.0
6904.700000000001			1.0
6905.6			1.0
6906.5			1.0
6907.4			1.0
6908.3			1.0
6909.200000000001			1.0
6910.1			1.0
6911.0			1.0
6911.9			1.0
6912.8			1.0
6913.700000000001			1.0
6914.6			1.0
6915.5			1.0
6916.4			1.0
6917.3			1.0
6918.200000000001			1.0
6919.1			1.0
6920.0			1.0
6920.9			1.0
6921.8			1.0
6922.700000000001			1.0
6923.6			1.0
6924.5			1.0
6925.4			1.0
6926.3			1.0
6927.200000000001			1.0
6928.1			1.0
6929.0			1.0
6929.9			1.0
6930.8			1.0
6931.700000000001			1.0
6932.6			1.0
6933.5			1.0
6934.4			1.0
6935.3			1.0
6936.200000000001			1.0
6937.1			1.0
6938.0			1.0
6938.9			1.0
6939.8			1.0
6940.700000000001			1.0
6941.6			1.0
6942.5			1.0
6943.4			1.0
6944.3			1.0
6945.200000000001			1.0
6946.1			1.0
6947.0			1.0
6947.9			1.0
6948.8			1.0
6949.700000000001			1.0
6950.6			1.0
6951.5			1.0
6952.4			1.0
6953.3			1.0
6954.200000000001			1.0
6955.1			1.0
6956.0			1.0
6956.9			1.0
6957.8			1.0
6958.700000000001			1.0
6959.6			1.0
6960.5			1.0
6961.4			1.0
6962.3			1.0
6963.200000000001			1.0
6964.1			1.0
6965.0			1.0
6965.9			1.0
6966.8			1.0
6967.700000000001			1.0
6968.6			1.0
6969.5			1.0
6970.4			1.0
6971.3			1.0
6972.200000000001			1.0
6973.1			1.0
6974.0			1.0
6974.9			1.0
6975.8			1.0
6976.700000000001			1.0
6977.6			1.0
6978.5			1.0
6979.4			1.0
6980.3			1.0
6981.200000000001			1.0
6982.1			1.0
6983.0			1.0
6983.9			1.0
6984.8			1.0
6985.700000000001			1.0
6986.6			1.0
6987.5			1.0
6988.4			1.0
6989.3			1.0
6990.200000000001			1.0
6991.1			1.0
6992.0			1.0
6992.9			1.0
6993.8			1.0
6994.700000000001			1.0
6995.6			1.0
6996.5			1.0
6997.4			1.0
6998.3			1.0
6999.200000000001			1.0
7000.1			1.0
7001.0			1.0
7001.9			1.0
7002.8			1.0
7003.700000000001			1.0
7004.6			1.0
7005.5			1.0
7006.4			1.0
7007.3			1.0
7008.200000000001			1.0
7009.1			1.0
7010.0			1.0
7010.9			1.0
7011.8			1.0
7012.700000000001			1.0
7013.6			1.0
7014.5			1.0
7015.4			1.0
7016.3			1.0
7017.200000000001			1.0
7018.1			1.0
7019.0			1.0
7019.9			1.0
7020.8			1.0
7021.700000000001			1.0
7022.6			1.0
7023.5			1.0
7024.4			1.0
7025.3			1.0
7026.200000000001			1.0
7027.1			1.0
7028.0			1.0
7028.9			1.0
7029.8			1.0
7030.700000000001			1.0
7031.6			1.0
7032.5			1.0
7033.4			1.0
7034.3			1.0
7035.200000000001			1.0
7036.1			1.0
7037.0			1.0
7037.9			1.0
7038.8			1.0
7039.700000000001			1.0
7040.6			1.0
7041.5			1.0
7042.4			1.0
7043.3			1.0
7044.200000000001			1.0
7045.1			1.0
7046.0			1.0
7046.9			1.0
7047.8			1.0
7048.700000000001			1.0
7049.6			1.0
7050.5			1.0
7051.4			1.0
7052.3			1.0
7053.200000000001			1.0
7054.1			1.0
7055.0			1.0
7055.9			1.0
7056.8			1.0
7057.700000000001			1.0
7058.6			1.0
7059.5			1.0
7060.4			1.0
7061.3			1.0
7062.200000000001			1.0
7063.1			1.0
7064.0			1.0
7064.9			1.0
7065.8			1.0
7066.700000000001			1.0
7067.6			1.0
7068.5			1.0
7069.4			1.0
7070.3			1.0
7071.200000000001			1.0
7072.1			1.0
7073.0			1.0
7073.9			1.0
7074.8			1.0
7075.700000000001			1.0
7076.6			1.0
7077.5			1.0
7078.4			1.0
7079.3			1.0
7080.200000000001			1.0
7081.1			1.0
7082.0			1.0
7082.9			1.0
7083.8			1.0
7084.700000000001			1.0
7085.6			1.0
7086.5			1.0
7087.4			1.0
7088.3			1.0
7089.200000000001			1.0
7090.1			1.0
7091.0			1.0
7091.9			1.0
7092.8			1.0
7093.700000000001			1.0
7094.6			1.0
7095.5			1.0
7096.4			1.0
7097.3			1.0
7098.200000000001			1.0
7099.1			1.0
7100.0			1.0
7100.9			1.0
7101.8			1.0
7102.700000000001			1.0
7103.6			1.0
7104.5			1.0
7105.4			1.0
7106.3			1.0
7107.200000000001			1.0
7108.1			1.0
7109.0			1.0
7109.9			1.0
7110.8			1.0
7111.700000000001			1.0
7112.6			1.0
7113.5			1.0
7114.4			1.0
7115.3			1.0
7116.200000000001			1.0
7117.1			1.0
7118.0			1.0
7118.9			1.0
7119.8			1.0
7120.700000000001			1.0
7121.6			1.0
7122.5			1.0
7123.4			1.0
7124.3			1.0
7125.200000000001			1.0
7126.1			1.0
7127.0			1.0
7127.9			1.0
7128.8			1.0
7129.700000000001			1.0
7130.6			1.0
7131.5			1.0
7132.4			1.0
7133.3			1.0
7134.200000000001			1.0
7135.1			1.0
7136.0			1.0
7136.9			1.0
7137.8			1.0
7138.700000000001			1.0
7139.6			1.0
7140.5			1.0
7141.4			1.0
7142.3			1.0
7143.200000000001			1.0
7144.1			1.0
7145.0			1.0
7145.9			1.0
7146.8			1.0
7147.700000000001			1.0
7148.6			1.0
7149.5			1.0
7150.4			1.0
7151.3			1.0
7152.200000000001			1.0
7153.1			1.0
7154.0			1.0
7154.9			1.0
7155.8			1.0
7156.700000000001			1.0
7157.6			1.0
7158.5			1.0
7159.4			1.0
7160.3			1.0
7161.200000000001			1.0
7162.1			1.0
7163.0			1.0
7163.9			1.0
7164.8			1.0
7165.700000000001			1.0
7166.6			1.0
7167.5			1.0
7168.4			1.0
7169.3			1.0
7170.200000000001			1.0
7171.1			1.0
7172.0			1.0
7172.9			1.0
7173.8			1.0
7174.700000000001			1.0
7175.6			1.0
7176.5			1.0
7177.4			1.0
7178.3			1.0
7179.200000000001			1.0
7180.1			1.0
7181.0			1.0
7181.9			1.0
7182.8			1.0
7183.700000000001			1.0
7184.6			1.0
7185.5			1.0
7186.4			1.0
7187.3			1.0
7188.200000000001			1.0
7189.1			1.0
7190.0			1.0
7190.9			1.0
7191.8			1.0
7192.700000000001			1.0
7193.6			1.0
7194.5			1.0
7195.4			1.0
7196.3			1.0
7197.200000000001			1.0
7198.1			1.0
7199.0			1.0
7199.9			1.0
7200.8			1.0
7201.700000000001			1.0
7202.6			1.0
7203.5			1.0
7204.4			1.0
7205.3			1.0
7206.200000000001			1.0
7207.1			1.0
7208.0			1.0
7208.9			1.0
7209.8			1.0
7210.700000000001			1.0
7211.6			1.0
7212.5			1.0
7213.4			1.0
7214.3			1.0
7215.200000000001			1.0
7216.1			1.0
7217.0			1.0
7217.9			1.0
7218.8			1.0
7219.700000000001			1.0
7220.6			1.0
7221.5			1.0
7222.4			1.0
7223.3			1.0
7224.200000000001			1.0
7225.1			1.0
7226.0			1.0
7226.9			1.0
7227.8			1.0
7228.700000000001			1.0
7229.6			1.0
7230.5			1.0
7231.4			1.0
7232.3			1.0
7233.200000000001			1.0
7234.1			1.0
7235.0			1.0
7235.9			1.0
7236.8			1.0
7237.700000000001			1.0
7238.6			1.0
7239.5			1.0
7240.4			1.0
7241.3			1.0
7242.200000000001			1.0
7243.1			1.0
7244.0			1.0
7244.9			1.0
7245.8			1.0
7246.700000000001			1.0
7247.6			1.0
7248.5			1.0
7249.4			1.0
7250.3			1.0
7251.200000000001			1.0
7252.1			1.0
7253.0			1.0
7253.9			1.0
7254.8			1.0
7255.700000000001			1.0
7256.6			1.0
7257.5			1.0
7258.4			1.0
7259.3			1.0
7260.200000000001			1.0
7261.1			1.0
7262.0			1.0
7262.9			1.0
7263.8			1.0
7264.700000000001			1.0
7265.6			1.0
7266.5			1.0
7267.4			1.0
7268.3			1.0
7269.200000000001			1.0
7270.1			1.0
7271.0			1.0
7271.9			1.0
7272.8			1.0
7273.700000000001			1.0
7274.6			1.0
7275.5			1.0
7276.4			1.0
7277.3			1.0
7278.200000000001			1.0
7279.1			1.0
7280.0			1.0
7280.9			1.0
7281.8			1.0
7282.700000000001			1.0
7283.6			1.0
7284.5			1.0
7285.4			1.0
7286.3			1.0
7287.200000000001			1.0
7288.1			1.0
7289.0			1.0
7289.9			1.0
7290.8			1.0
7291.700000000001			1.0
7292.6			1.0
7293.5			1.0
7294.4			1.0
7295.3			1.0
7296.200000000001			1.0
7297.1			1.0
7298.0			1.0
7298.9			1.0
7299.8			1.0
7300.700000000001			1.0
7301.6			1.0
7302.5			1.0
7303.4			1.0
7304.3			1.0
7305.200000000001			1.0
7306.1			1.0
7307.0			1.0
7307.9			1.0
7308.8			1.0
7309.700000000001			1.0
7310.6			1.0
7311.5			1.0
7312.4			1.0
7313.3			1.0
7314.200000000001			1.0
7315.1			1.0
7316.0			1.0
7316.9			1.0
7317.8			1.0
7318.700000000001			1.0
7319.6			1.0
7320.5			1.0
7321.4			1.0
7322.3			1.0
7323.200000000001			1.0
7324.1			1.0
7325.0			1.0
7325.9			1.0
7326.8			1.0
7327.700000000001			1.0
7328.6			1.0
7329.5			1.0
7330.4			1.0
7331.3			1.0
7332.200000000001			1.0
7333.1			1.0
7334.0			1.0
7334.9			1.0
7335.8			1.0
7336.700000000001			1.0
7337.6			1.0
7338.5			1.0
7339.4			1.0
7340.3			1.0
7341.200000000001			1.0
7342.1			1.0
7343.0			1.0
7343.9			1.0
7344.8			1.0
7345.700000000001			1.0
7346.6			1.0
7347.5			1.0
7348.4			1.0
7349.3			1.0
7350.200000000001			1.0
7351.1			1.0
7352.0			1.0
7352.9			1.0
7353.8			1.0
7354.700000000001			1.0
7355.6			1.0
7356.5			1.0
7357.4			1.0
7358.3			1.0
7359.200000000001			1.0
7360.1			1.0
7361.0			1.0
7361.9			1.0
7362.8			1.0
7363.700000000001			1.0
7364.6			1.0
7365.5			1.0
7366.4			1.0
7367.3			1.0
7368.200000000001			1.0
7369.1			1.0
7370.0			1.0
7370.9			1.0
7371.8			1.0
7372.700000000001			1.0
7373.6			1.0
7374.5			1.0
7375.4			1.0
7376.3			1.0
7377.200000000001			1.0
7378.1			1.0
7379.0			1.0
7379.9			1.0
7380.8			1.0
7381.700000000001			1.0
7382.6			1.0
7383.5			1.0
7384.4			1.0
7385.3			1.0
7386.200000000001			1.0
7387.1			1.0
7388.0			1.0
7388.9			1.0
7389.8			1.0
7390.700000000001			1.0
7391.6			1.0
7392.5			1.0
7393.4			1.0
7394.3			1.0
7395.200000000001			1.0
7396.1			1.0
7397.0			1.0
7397.9			1.0
7398.8			1.0
7399.700000000001			1.0
7400.6			1.0
7401.5			1.0
7402.4			1.0
7403.3			1.0
7404.200000000001			1.0
7405.1			1.0
7406.0			1.0
7406.9			1.0
7407.8			1.0
7408.700000000001			1.0
7409.6			1.0
7410.5			1.0
7411.4			1.0
7412.3			1.0
7413.200000000001			1.0
7414.1			1.0
7415.0			1.0
7415.9			1.0
7416.8			1.0
7417.700000000001			1.0
7418.6			1.0
7419.5			1.0
7420.4			1.0
7421.3			1.0
7422.200000000001			1.0
7423.1			1.0
7424.0			1.0
7424.9			1.0
7425.8			1.0
7426.700000000001			1.0
7427.6			1.0
7428.5			1.0
7429.4			1.0
