3500.0			1.0
3500.9			1.0
3501.8			1.0
3502.7			1.0
3503.6			1.0
3504.5			1.0
3505.4			1.0
3506.3			1.0
3507.2			1.0
3508.1			1.0
3509.0			1.0
3509.9			1.0
3510.8			1.0
3511.7			1.0
3512.6			1.0
3513.5			1.0
3514.4			1.0
3515.3			1.0
3516.2			1.0
3517.1			1.0
3518.0			1.0
3518.9			1.0
3519.8			1.0
3520.7			1.0
3521.6			1.0
3522.5			1.0
3523.4			1.0
3524.3			1.0
3525.2			1.0
3526.1			1.0
3527.0			1.0
3527.9			1.0
3528.8			1.0
3529.7			1.0
3530.6			1.0
3531.5			1.0
3532.4			1.0
3533.3			1.0
3534.2			1.0
3535.1			1.0
3536.0			1.0
3536.9			1.0
3537.8			1.0
3538.7			1.0
3539.6			1.0
3540.5			1.0
3541.4			1.0
3542.3			1.0
3543.2			1.0
3544.1			1.0
3545.0			1.0
3545.9			1.0
3546.8			1.0
3547.7			1.0
3548.6			1.0
3549.5			1.0
3550.4			1.0
3551.3			1.0
3552.2			1.0
3553.1			1.0
3554.0			1.0
3554.9			1.0
3555.8			1.0
3556.7			1.0
3557.6			1.0
3558.5			1.0
3559.4			1.0
3560.3			1.0
3561.2			1.0
3562.1			1.0
3563.0			1.0
3563.9			1.0
3564.8			1.0
3565.7			1.0
3566.6			1.0
3567.5			1.0
3568.4			1.0
3569.3			1.0
3570.2			1.0
3571.1			1.0
3572.0			1.0
3572.9			1.0
3573.8			1.0
3574.7			1.0
3575.6			1.0
3576.5			1.0
3577.4			1.0
3578.3			1.0
3579.2			1.0
3580.1			1.0
3581.0			1.0
3581.9			1.0
3582.8			1.0
3583.7			1.0
3584.6			1.0
3585.5			1.0
3586.4			1.0
3587.3			1.0
3588.2			1.0
3589.1			1.0
3590.0			1.0
3590.9			1.0
3591.8			1.0
3592.7			1.0
3593.6			1.0
3594.5			1.0
3595.4			1.0
3596.3			1.0
3597.2			1.0
3598.1			1.0
3599.0			1.0
3599.9			1.0
3600.8			1.0
3601.7			1.0
3602.6			1.0
3603.5			1.0
3604.4			1.0
3605.3			1.0
3606.2			1.0
3607.1			1.0
3608.0			1.0
3608.9			1.0
3609.8			1.0
3610.7			1.0
3611.6			1.0
3612.5			1.0
3613.4			1.0
3614.3			1.0
3615.2			1.0
3616.1			1.0
3617.0			1.0
3617.9			1.0
3618.8			1.0
3619.7			1.0
3620.6			1.0
3621.5			1.0
3622.4			1.0
3623.3			1.0
3624.2			1.0
3625.1			1.0
3626.0			1.0
3626.9			1.0
3627.8			1.0
3628.7			1.0
3629.6			1.0
3630.5			1.0
3631.4			1.0
3632.3			1.0
3633.2			1.0
3634.1			1.0
3635.0			1.0
3635.9			1.0
3636.8			1.0
3637.7			1.0
3638.6			1.0
3639.5			1.0
3640.4			1.0
3641.3			1.0
3642.2			1.0
3643.1			1.0
3644.0			1.0
3644.9			1.0
3645.8			1.0
3646.7			1.0
3647.6			1.0
3648.5			1.0
3649.4			1.0
3650.3			1.0
3651.2			1.0
3652.1			1.0
3653.0			1.0
3653.9			1.0
3654.8			1.0
3655.7			1.0
3656.6			1.0
3657.5			1.0
3658.4			1.0
3659.3			1.0
3660.2			1.0
3661.1			1.0
3662.0			1.0
3662.9			1.0
3663.8			1.0
3664.7			1.0
3665.6			1.0
3666.5			1.0
3667.4			1.0
3668.3			1.0
3669.2			1.0
3670.1			1.0
3671.0			1.0
3671.9			1.0
3672.8			1.0
3673.7			1.0
3674.6			1.0
3675.5			1.0
3676.4			1.0
3677.3			1.0
3678.2			1.0
3679.1			1.0
3680.0			1.0
3680.9			1.0
3681.8			1.0
3682.7			1.0
3683.6			1.0
3684.5			1.0
3685.4			1.0
3686.3			1.0
3687.2			1.0
3688.1			1.0
3689.0			1.0
3689.9			1.0
3690.8			1.0
3691.7			1.0
3692.6			1.0
3693.5			1.0
3694.4			1.0
3695.3			1.0
3696.2			1.0
3697.1			1.0
3698.0			1.0
3698.9			1.0
3699.8			1.0
3700.7			1.0
3701.6			1.0
3702.5			1.0
3703.4			1.0
3704.3			1.0
3705.2			1.0
3706.1			1.0
3707.0			1.0
3707.9			1.0
3708.8			1.0
3709.7			1.0
3710.6			1.0
3711.5			1.0
3712.4			1.0
3713.3			1.0
3714.2			1.0
3715.1			1.0
3716.0			1.0
3716.9			1.0
3717.8			1.0
3718.7			1.0
3719.6			1.0
3720.5			1.0
3721.4			1.0
3722.3			1.0
3723.2			1.0
3724.1			1.0
3725.0			1.0
3725.9			1.0
3726.8			1.0
3727.7			1.0
3728.6			1.0
3729.5			1.0
3730.4			1.0
3731.3			1.0
3732.2			1.0
3733.1			1.0
3734.0			1.0
3734.9			1.0
3735.8			1.0
3736.7			1.0
3737.6			1.0
3738.5			1.0
3739.4			1.0
3740.3			1.0
3741.2			1.0
3742.1			1.0
3743.0			1.0
3743.9			1.0
3744.8			1.0
3745.7			1.0
3746.6			1.0
3747.5			1.0
3748.4			1.0
3749.3			1.0
3750.2			1.0
3751.1			1.0
3752.0			1.0
3752.9			1.0
3753.8			1.0
3754.7			1.0
3755.6			1.0
3756.5			1.0
3757.4			1.0
3758.3			1.0
3759.2			1.0
3760.1			1.0
3761.0			1.0
3761.9			1.0
3762.8			1.0
3763.7			1.0
3764.6			1.0
3765.5			1.0
3766.4			1.0
3767.3			1.0
3768.2			1.0
3769.1			1.0
3770.0			1.0
3770.9			1.0
3771.8			1.0
3772.7			1.0
3773.6			1.0
3774.5			1.0
3775.4			1.0
3776.3			1.0
3777.2			1.0
3778.1			1.0
3779.0			1.0
3779.9			1.0
3780.8			1.0
3781.7			1.0
3782.6			1.0
3783.5			1.0
3784.4			1.0
3785.3			1.0
3786.2			1.0
3787.1			1.0
3788.0			1.0
3788.9			1.0
3789.8			1.0
3790.7			1.0
3791.6			1.0
3792.5			1.0
3793.4			1.0
3794.3			1.0
3795.2			1.0
3796.1			1.0
3797.0			1.0
3797.9			1.0
3798.8			1.0
3799.7			1.0
3800.6			1.0
3801.5			1.0
3802.4			1.0
3803.3			1.0
3804.2			1.0
3805.1			1.0
3806.0			1.0
3806.9			1.0
3807.8			1.0
3808.7			1.0
3809.6			1.0
3810.5			1.0
3811.4			1.0
3812.3			1.0
3813.2			1.0
3814.1			1.0
3815.0			1.0
3815.9			1.0
3816.8			1.0
3817.7			1.0
3818.6			1.0
3819.5			1.0
3820.4			1.0
3821.3			1.0
3822.2			1.0
3823.1			1.0
3824.0			1.0
3824.9			1.0
3825.8			1.0
3826.7			1.0
3827.6			1.0
3828.5			1.0
3829.4			1.0
3830.3			1.0
3831.2			1.0
3832.1			1.0
3833.0			1.0
3833.9			1.0
3834.8			1.0
3835.7			1.0
3836.6			1.0
3837.5			1.0
3838.4			1.0
3839.3			1.0
3840.2			1.0
3841.1			1.0
3842.0			1.0
3842.9			1.0
3843.8			1.0
3844.7			1.0
3845.6			1.0
3846.5			1.0
3847.4			1.0
3848.3			1.0
3849.2			1.0
3850.1			1.0
3851.0			1.0
3851.9			1.0
3852.8			1.0
3853.7			1.0
3854.6			1.0
3855.5			1.0
3856.4			1.0
3857.3			1.0
3858.2			1.0
3859.1			1.0
3860.0			1.0
3860.9			1.0
3861.8			1.0
3862.7			1.0
3863.6			1.0
3864.5			1.0
3865.4			1.0
3866.3			1.0
3867.2			1.0
3868.1			1.0
3869.0			1.0
3869.9			1.0
3870.8			1.0
3871.7			1.0
3872.6			1.0
3873.5			1.0
3874.4			1.0
3875.3			1.0
3876.2			1.0
3877.1			1.0
3878.0			1.0
3878.9			1.0
3879.8			1.0
3880.7			1.0
3881.6			1.0
3882.5			1.0
3883.4			1.0
3884.3			1.0
3885.2			1.0
3886.1			1.0
3887.0			1.0
3887.9			1.0
3888.8			1.0
3889.7			1.0
3890.6			1.0
3891.5			1.0
3892.4			1.0
3893.3			1.0
3894.2			1.0
3895.1			1.0
3896.0			1.0
3896.9			1.0
3897.8			1.0
3898.7			1.0
3899.6			1.0
3900.5			1.0
3901.4			1.0
3902.3			1.0
3903.2			1.0
3904.1			1.0
3905.0			1.0
3905.9			1.0
3906.8			1.0
3907.7			1.0
3908.6			1.0
3909.5			1.0
3910.4			1.0
3911.3			1.0
3912.2			1.0
3913.1			1.0
3914.0			1.0
3914.9			1.0
3915.8			1.0
3916.7			1.0
3917.6			1.0
3918.5			1.0
3919.4			1.0
3920.3			1.0
3921.2			1.0
3922.1			1.0
3923.0			1.0
3923.9			1.0
3924.8			1.0
3925.7			1.0
3926.6			1.0
3927.5			1.0
3928.4			1.0
3929.3			1.0
3930.2			1.0
3931.1			1.0
3932.0			1.0
3932.9			1.0
3933.8			1.0
3934.7			1.0
3935.6			1.0
3936.5			1.0
3937.4			1.0
3938.3			1.0
3939.2			1.0
3940.1			1.0
3941.0			1.0
3941.9			1.0
3942.8			1.0
3943.7			1.0
3944.6			1.0
3945.5			1.0
3946.4			1.0
3947.3			1.0
3948.2			1.0
3949.1			1.0
3950.0			1.0
3950.9			1.0
3951.8			1.0
3952.7			1.0
3953.6			1.0
3954.5			1.0
3955.4			1.0
3956.3			1.0
3957.2			1.0
3958.1			1.0
3959.0			1.0
3959.9			1.0
3960.8			1.0
3961.7			1.0
3962.6			1.0
3963.5			1.0
3964.4			1.0
3965.3			1.0
3966.2			1.0
3967.1			1.0
3968.0			1.0
3968.9			1.0
3969.8			1.0
3970.7			1.0
3971.6			1.0
3972.5			1.0
3973.4			1.0
3974.3			1.0
3975.2			1.0
3976.1			1.0
3977.0			1.0
3977.9			1.0
3978.8			1.0
3979.7			1.0
3980.6			1.0
3981.5			1.0
3982.4			1.0
3983.3			1.0
3984.2			1.0
3985.1			1.0
3986.0			1.0
3986.9			1.0
3987.8			1.0
3988.7			1.0
3989.6			1.0
3990.5			1.0
3991.4			1.0
3992.3			1.0
3993.2			1.0
3994.1			1.0
3995.0			1.0
3995.9			1.0
3996.8			1.0
3997.7			1.0
3998.6			1.0
3999.5			1.0
4000.4			1.0
4001.3			1.0
4002.2			1.0
4003.1			1.0271156667928696
4004.0			0.9279472638968507
4004.9			0.7696727033052344
4005.8			0.7189923779073566
4006.7			0.810123080251941
4007.6			0.9372722123026407
4008.5			1.0024403255749945
4009.4			1.0
4010.3			1.0
4011.2			1.0
4012.1			1.0
4013.0			1.0
4013.9			1.0
4014.8			1.0
4015.7			1.0
4016.6			1.0
4017.5			1.0
4018.4			1.0
4019.3			1.0
4020.2			1.0
4021.1			1.0
4022.0			1.0
4022.9			1.0
4023.8			1.0
4024.7			1.0
4025.6			1.0
4026.5			1.0
4027.4			1.0387391210075114
4028.3			1.043391584234624
4029.2			0.9614635652566103
4030.1			0.8081118140207478
4031.0			0.6986814935127195
4031.9			0.6685812533704714
4032.8			0.6524747638981191
4033.7			0.6554793657426313
4034.6			0.7094381945823679
4035.5			0.8074146288861744
4036.4			0.9175357159916911
4037.3			0.9896672198162235
4038.2			0.9978325605508003
4039.1			1.0
4040.0			1.0
4040.9			1.0
4041.8			1.0390131702286818
4042.7			1.0456526745962358
4043.6			0.8965122418739501
4044.5			0.6557200772207783
4045.4			0.4942546853027919
4046.3			0.5413625794038148
4047.2			0.7491912168208031
4048.1			0.9238687183301877
4049.0			1.0002152646358984
4049.9			1.0
4050.8			1.0
4051.7			1.0
4052.6			1.0
4053.5			1.0
4054.4			1.0
4055.3			1.0
4056.2			1.0
4057.1			1.0
4058.0			1.0
4058.9			1.0
4059.8			1.1188429180460948
4060.7			1.1587772548241229
4061.6			1.0489173054444212
4062.5			0.8328562651772992
4063.4			0.6856909588449402
4064.3			0.7582957211526594
4065.2			0.9274404284389139
4066.1			0.9892119365664223
4067.0			0.9997458631773475
4067.9			1.0
4068.8			1.0
4069.7			1.0
4070.6			1.0
4071.5			1.0
4072.4			1.0
4073.3			1.0
4074.2			1.0784711780343161
4075.1			1.0195251667393437
4076.0			0.9026663211060518
4076.9			0.8065481973199062
4077.8			0.8035982457980319
4078.7			0.8873460315908238
4079.6			1.0008348870882955
4080.5			1.0
4081.4			1.0
4082.3			1.0
4083.2			1.0
4084.1			1.0
4085.0			1.0
4085.9			1.0
4086.8			1.0
4087.7			1.0
4088.6			1.0
4089.5			1.0
4090.4			1.0
4091.3			1.0
4092.2			1.0
4093.1			1.0
4094.0			1.0
4094.9			1.0
4095.8			1.0
4096.7			0.9656987306657604
4097.6			0.977647588021921
4098.5			0.9914605423082292
4099.4			0.9599974417707159
4100.3			0.8572225460077214
4101.2			0.7633794495134014
4102.1			0.7800294018855435
4103.0			0.8670150272711148
4103.9			0.9269991276112229
4104.8			0.964523247341673
4105.7			1.0057663836789155
4106.6			1.0
4107.5			1.0
4108.4			1.0
4109.3			1.0
4110.2			1.0
4111.1			1.0
4112.0			1.0
4112.9			1.0
4113.8			1.0
4114.7			1.0
4115.6			1.0
4116.5			1.0
4117.4			1.0
4118.3			1.0
4119.2			1.0
4120.1			1.0
4121.0			1.0
4121.9			1.0
4122.8			1.0
4123.7			1.0
4124.6			1.0
4125.5			1.0
4126.4			1.0
4127.3			1.0
4128.2			1.0
4129.1			1.0128809297930788
4130.0			1.001583879175602
4130.9			0.9188233285945345
4131.8			0.7918781848867195
4132.7			0.7425143601315004
4133.6			0.7771872405633665
4134.5			0.8418168927757855
4135.4			0.9428030662154886
4136.3			1.0033803587369068
4137.2			1.0
4138.1			1.0
4139.0			1.0
4139.9			1.0
4140.8			0.9775322708826244
4141.7			0.885171153190443
4142.6			0.731459123466166
4143.5			0.6520148682381958
4144.4			0.7385229458355622
4145.3			0.894844717489517
4146.2			0.9914616554112622
4147.1			1.0
4148.0			1.0
4148.9			1.0
4149.8			0.9760948984085739
4150.7			0.9893344117663871
4151.6			0.9965182671117989
4152.5			0.9682663496136709
4153.4			0.9170767785553334
4154.3			0.87453463466201
4155.2			0.8850343793418415
4156.1			0.8973051156804317
4157.0			0.9011311108981
4157.9			0.9457708204026513
4158.8			1.000013130136195
4159.7			1.0
4160.6			1.0
4161.5			1.0
4162.4			1.0
4163.3			1.0
4164.2			1.0
4165.1			1.0
4166.0			1.0
4166.9			0.9372105294593577
4167.8			0.9299087012056099
4168.7			0.9922103886392848
4169.6			1.0332320901757548
4170.5			1.0025957947341024
4171.4			0.9147373468860693
4172.3			0.8283482538811684
4173.2			0.8206295909186779
4174.1			0.8744554099863021
4175.0			0.9107874342435908
4175.9			0.9133180235802768
4176.8			0.9060465831986523
4177.7			0.9129145086520206
4178.6			0.9568835959825799
4179.5			1.0007165509281368
4180.4			1.0
4181.3			1.0
4182.2			1.0
4183.1			1.0
4184.0			1.0
4184.9			1.0322886394569717
4185.8			0.9766839484610016
4186.7			0.8432768403141825
4187.6			0.7798171836268354
4188.5			0.8662635670414197
4189.4			1.0
4190.3			1.0112457940711732
4191.2			0.9661161897881149
4192.1			1.0022899013097546
4193.0			1.0859989361006404
4193.9			1.0703447250522222
4194.8			0.9559332535261076
4195.7			0.8605592643993311
4196.6			0.8228380256206775
4197.5			0.7805890764429065
4198.4			0.7385894680867136
4199.3			0.7654222077771904
4200.2			0.8022445352020646
4201.1			0.7705705261255462
4202.0			0.7515119679367231
4202.9			0.8191379786413381
4203.8			0.908374839780073
4204.7			0.9607410482010038
4205.6			0.9844418840667579
4206.5			0.9984272837852491
4207.4			1.0
4208.3			1.0
4209.2			1.0
4210.1			1.0
4211.0			1.0
4211.9			1.0
4212.8			1.0196647690951144
4213.7			0.9732336928445827
4214.6			0.8767428412217557
4215.5			0.7982205325508237
4216.4			0.8355912368281554
4217.3			0.9393559603243334
4218.2			1.002694843716852
4219.1			1.0
4220.0			1.0
4220.9			1.0
4221.8			0.9510039191279818
4222.7			0.871537064260568
4223.6			0.7927072604613737
4224.5			0.686508319724605
4225.4			0.5367682779489275
4226.3			0.4112120668592392
4227.2			0.4512304766460258
4228.1			0.6548558880787628
4229.0			1.0
4229.9			1.10559460854569
4230.8			1.1546811625047158
4231.7			1.1355121087404536
4232.6			1.0438497378268903
4233.5			0.9830994207020037
4234.4			0.9676564868899163
4235.3			0.8967082773473449
4236.2			0.8351824195419978
4237.1			0.8724941997871539
4238.0			0.9095695845859934
4238.9			0.9002014489647099
4239.8			0.9268995315697283
4240.7			0.9990708066109191
4241.6			1.0313931865943315
4242.5			0.9942290856342371
4243.4			1.0
4244.3			1.0
4245.2			1.0
4246.1			1.0
4247.0			0.9376698972599715
4247.9			0.88882188861668
4248.8			0.8466432509717117
4249.7			0.7872858172866188
4250.6			0.8100941864672746
4251.5			0.9808274943712035
4252.4			1.1315886592554905
4253.3			1.093723561523096
4254.2			0.9891602204091732
4255.1			1.0
4256.0			1.0
4256.9			1.0
4257.8			0.9705637876205586
4258.7			0.8365135123959252
4259.6			0.7048532547607443
4260.5			0.6530206552253447
4261.4			0.7435338237380272
4262.3			0.9058189648657645
4263.2			1.0002396536108389
4264.1			1.0
4265.0			1.0
4265.9			1.0189752540789725
4266.8			0.9924783712968401
4267.7			0.9377365383462999
4268.6			0.900551604521506
4269.5			0.83269851473241
4270.4			0.6974544334137758
4271.3			0.5815774258689685
4272.2			0.5980789159766833
4273.1			0.6885097022466536
4274.0			0.7088392913415094
4274.9			0.7199099235109754
4275.8			0.8407333940176686
4276.7			0.9971942553575506
4277.6			1.0
4278.5			1.0
4279.4			1.0
4280.3			1.0
4281.2			1.0
4282.1			1.0
4283.0			1.0
4283.9			1.0
4284.8			1.0
4285.7			1.0
4286.6			1.0
4287.5			1.0156058996483133
4288.4			0.9328186620541975
4289.3			0.7903789141841009
4290.2			0.7498198970480573
4291.1			0.8453935659920132
4292.0			1.0
4292.9			1.0445710747374901
4293.8			0.9900322270887546
4294.7			0.960301848463705
4295.6			0.9898013577565977
4296.5			0.9716021053016773
4297.4			0.8857304400362581
4298.3			0.769926546811418
4299.2			0.6552072659820534
4300.1			0.6295790532383291
4301.0			0.6931020429438219
4301.9			0.7349579270027615
4302.8			0.7432845707448141
4303.7			0.7631593469919576
4304.6			0.7747562198311986
4305.5			0.757639305790191
4306.4			0.7057644538857949
4307.3			0.6169027011650806
4308.2			0.5599233560977477
4309.1			0.5941699987035647
4310.0			0.6694479558521578
4310.9			0.7316337857974994
4311.8			0.8051745431864196
4312.7			0.9119483005244889
4313.6			1.0140091833912566
4314.5			1.1159840648466806
4315.4			1.2858239324229388
4316.3			1.4674096126257279
4317.2			1.5285878018566639
4318.1			1.490605070747891
4319.0			1.4586926337154031
4319.9			1.4412055749346315
4320.8			1.0
4321.7			0.9651186529144441
4322.6			0.8638948844876603
4323.5			0.7029795525270217
4324.4			0.5661638891155978
4325.3			0.5025092047174006
4326.2			0.5702950958531724
4327.1			0.7526673262257224
4328.0			0.92404398751847
4328.9			0.9997097358306183
4329.8			1.0
4330.7			1.0
4331.6			1.0
4332.5			1.0
4333.4			1.0
4334.3			1.0
4335.2			1.0218218256949845
4336.1			0.9682288083799683
4337.0			0.8453205420201165
4337.9			0.7594436811009836
4338.8			0.7214747195911723
4339.7			0.6788701925221527
4340.6			0.6947400004388975
4341.5			0.8192332012964807
4342.4			0.9345057297495439
4343.3			0.9608738743910352
4344.2			0.9913532717817861
4345.1			1.0
4346.0			1.0
4346.9			1.0
4347.8			1.0
4348.7			1.0
4349.6			1.0217985136632979
4350.5			0.9193580079070031
4351.4			0.7744738425852988
4352.3			0.7491516073532215
4353.2			0.8609128458554284
4354.1			0.9617678366255875
4355.0			0.9918798010107696
4355.9			1.0
4356.8			1.0
4357.7			1.0
4358.6			1.0
4359.5			1.0
4360.4			1.0
4361.3			1.0
4362.2			1.0
4363.1			1.0
4364.0			1.0
4364.9			1.0
4365.8			1.0
4366.7			1.0
4367.6			1.0
4368.5			1.0
4369.4			1.0
4370.3			1.0
4371.2			1.0
4372.1			1.0005008648104519
4373.0			0.9623126532780854
4373.9			0.8921506432575282
4374.8			0.8389456283033694
4375.7			0.8502621404578568
4376.6			0.9265723156018313
4377.5			1.0000426758543495
4378.4			1.0
4379.3			1.0
4380.2			0.9661417665631616
4381.1			0.9129981349695244
4382.0			0.7806123302381703
4382.9			0.5809238073904905
4383.8			0.4895425343001932
4384.7			0.6034599401640489
4385.6			0.8182280621827052
4386.5			0.9642558158092481
4387.4			0.9952638228066365
4388.3			1.0
4389.2			1.0
4390.1			1.0
4391.0			1.0
4391.9			1.0
4392.8			1.0
4393.7			1.0
4394.6			1.0
4395.5			1.0
4396.4			1.0
4397.3			1.0
4398.2			1.0
4399.1			1.0
4400.0			1.0
4400.9			0.9679949019214611
4401.8			1.0153856853910683
4402.7			1.0139471390376253
4403.6			0.8618791700915557
4404.5			0.7158237796783025
4405.4			0.7628088439898384
4406.3			0.9154406608136529
4407.2			0.9867419190037663
4408.1			1.000612040665357
4409.0			1.0
4409.9			1.0
4410.8			1.0
4411.7			1.0
4412.6			1.0014962219885626
4413.5			0.9256690128168716
4414.4			0.7950555329947703
4415.3			0.7373294782495922
4416.2			0.8065459510767433
4417.1			0.9119863941632013
4418.0			0.9993397785129473
4418.9			1.0
4419.8			1.0
4420.7			1.0
4421.6			1.0
4422.5			1.0
4423.4			1.0
4424.3			1.0
4425.2			1.0
4426.1			1.0
4427.0			1.0
4427.9			1.0
4428.8			1.0
4429.7			1.0
4430.6			1.0
4431.5			1.0126098778448362
4432.4			1.013714536130693
4433.3			0.9427801388872524
4434.2			0.8404460153642588
4435.1			0.7828238821594177
4436.0			0.8166783932703223
4436.9			0.9048164659770368
4437.8			0.971776696169356
4438.7			0.9864335194447094
4439.6			1.0
4440.5			1.0
4441.4			1.0
4442.3			1.0
4443.2			1.0
4444.1			1.0
4445.0			1.0
4445.9			1.020247062514536
4446.8			0.9778341893078876
4447.7			0.9601864045725204
4448.6			0.9916567567843422
4449.5			1.002090813637284
4450.4			0.9853397588263246
4451.3			0.9842894075714986
4452.2			0.9787440881536258
4453.1			0.9244093056051265
4454.0			0.8248977457738496
4454.9			0.7542638463817839
4455.8			0.7699556491451297
4456.7			0.8216311645019375
4457.6			0.8390131042774454
4458.5			0.8271970728968113
4459.4			0.8300175489684933
4460.3			0.836721758403653
4461.2			0.8199921515129853
4462.1			0.8409502047586015
4463.0			0.9311705000895092
4463.9			0.9992395693758604
4464.8			1.0
4465.7			1.0
4466.6			1.0
4467.5			1.0
4468.4			1.0
4469.3			1.0
4470.2			1.0
4471.1			1.0
4472.0			1.0
4472.9			1.0
4473.8			1.0
4474.7			1.0
4475.6			1.0
4476.5			1.0
4477.4			1.0
4478.3			0.9992874062606757
4479.2			0.9306193288338462
4480.1			0.8486560745100798
4481.0			0.800085580485589
4481.9			0.7988059415350155
4482.8			0.8551783141544717
4483.7			0.9293882070558444
4484.6			0.9752459539270334
4485.5			1.0005184708209973
4486.4			1.0
4487.3			1.0
4488.2			1.0
4489.1			1.0
4490.0			1.0
4490.9			1.0
4491.8			1.051760387287896
4492.7			1.0561838190292756
4493.6			0.9845291776520073
4494.5			0.9113674902898361
4495.4			0.9097819079486404
4496.3			0.9545439089540918
4497.2			1.0046212514657198
4498.1			1.0
4499.0			1.0
4499.9			1.0
4500.8			1.0
4501.7			1.0
4502.6			1.0
4503.5			1.0
4504.4			1.0
4505.3			1.0
4506.2			1.0
4507.1			1.0
4508.0			1.0
4508.9			1.0
4509.8			1.0
4510.7			1.0
4511.6			1.0
4512.5			1.0
4513.4			1.0
4514.3			1.0
4515.2			1.0
4516.1			1.0
4517.0			1.0
4517.9			0.9790400369124166
4518.8			1.0039106759622187
4519.7			1.0448757671106543
4520.6			1.0643256753288828
4521.5			1.0502736463173399
4522.4			1.0050860898405538
4523.3			0.9873881613385336
4524.2			0.9847541088181652
4525.1			0.9415463975719913
4526.0			0.877912980654651
4526.9			0.8246088509665239
4527.8			0.7901906650415649
4528.7			0.7828536853081144
4529.6			0.8111137910369808
4530.5			0.8430247523958786
4531.4			0.8764446406021883
4532.3			0.9050187665010544
4533.2			0.884254501998796
4534.1			0.8425188791956257
4535.0			0.8207760549905861
4535.9			0.8636580504987013
4536.8			1.0
4537.7			1.0757990646812705
4538.6			1.064239947549664
4539.5			1.018033109488377
4540.4			0.986244125214117
4541.3			0.9831621866678671
4542.2			1.0074241728114672
4543.1			1.023130907527671
4544.0			0.997282178881296
4544.9			0.9604760083577467
4545.8			0.952457337883764
4546.7			0.9585208890689583
4547.6			0.948146060973861
4548.5			0.9155168557249389
4549.4			0.8909186608232352
4550.3			0.9120743297528202
4551.2			0.94789151734849
4552.1			0.9491140620108786
4553.0			0.9290554549986607
4553.9			0.9061444604032877
4554.8			0.8887152103138402
4555.7			0.8968833452897721
4556.6			0.9388558557094736
4557.5			0.9842104259235002
4558.4			1.0022842805060963
4559.3			1.0021403610436646
4560.2			0.9975879340027888
4561.1			1.0
4562.0			1.001223367311645
4562.9			0.9697259674313508
4563.8			0.9183068054231572
4564.7			0.8795342785893935
4565.6			0.8877658793789158
4566.5			0.9455948676444482
4567.4			1.0002059975419677
4568.3			1.0
4569.2			1.0
4570.1			1.0
4571.0			1.0
4571.9			1.0
4572.8			1.057573936779715
4573.7			1.0942130557387733
4574.6			1.0807470893490774
4575.5			1.0657803819945302
4576.4			1.0622250177908354
4577.3			1.0503109488939346
4578.2			1.0178064440131418
4579.1			0.965337748511162
4580.0			0.9068771148897008
4580.9			0.8835788771365594
4581.8			0.9122014322266623
4582.7			0.9456189444801252
4583.6			0.9417677974829516
4584.5			1.0
4585.4			0.9691134087401435
4586.3			0.9757026468542007
4587.2			1.032097150277469
4588.1			1.0903087618797862
4589.0			1.1079954619896657
4589.9			1.0870704637255695
4590.8			1.042051563350818
4591.7			0.9979538989234799
4592.6			0.985636443252445
4593.5			0.9955161101720105
4594.4			0.989291869762369
4595.3			0.9738339969646241
4596.2			0.9716597100272631
4597.1			0.9705763214099973
4598.0			0.9742033323082264
4598.9			0.9831191366348901
4599.8			0.9674489924458407
4600.7			0.9491584692781374
4601.6			0.9608791647169506
4602.5			0.9743397158189897
4603.4			0.9722553776842322
4604.3			0.9638881814673255
4605.2			0.9616620114421276
4606.1			0.9771911020284672
4607.0			1.0038677878383697
4607.9			1.0389539944406379
4608.8			1.0725339642799767
4609.7			1.0674248111089584
4610.6			1.0212707613351735
4611.5			0.9838117923972751
4612.4			0.9700344712256108
4613.3			0.9673266409022521
4614.2			0.9856924667864553
4615.1			1.0045909916933236
4616.0			0.9997805627978544
4616.9			1.0
4617.8			1.0
4618.7			1.0
4619.6			1.0
4620.5			1.0
4621.4			1.0
4622.3			1.0
4623.2			1.0
4624.1			1.0
4625.0			1.0
4625.9			1.0
4626.8			1.0
4627.7			1.0
4628.6			1.0
4629.5			1.0
4630.4			1.0
4631.3			1.0
4632.2			1.0
4633.1			1.0
4634.0			1.0
4634.9			1.0
4635.8			1.0
4636.7			1.0
4637.6			1.0
4638.5			1.0
4639.4			1.0
4640.3			1.0
4641.2			1.0
4642.1			1.0225915849156921
4643.0			1.006862699748453
4643.9			0.9830263829807762
4644.8			0.9574614827022181
4645.7			0.90758839263194
4646.6			0.8602715859343996
4647.5			0.8547320188108302
4648.4			0.8848106574475626
4649.3			0.9287210529922213
4650.2			0.9657907126819817
4651.1			0.9827089443796233
4652.0			0.9961572930014309
4652.9			0.9995153882437293
4653.8			1.0
4654.7			1.0
4655.6			1.0
4656.5			1.0
4657.4			1.0
4658.3			1.0
4659.2			1.0
4660.1			1.0
4661.0			1.0
4661.9			1.0
4662.8			1.0
4663.7			0.9801342228768793
4664.6			0.9713927720060058
4665.5			0.9289575006241259
4666.4			0.8394602827740716
4667.3			0.7712779551574447
4668.2			0.7936574729579651
4669.1			0.8827967326433425
4670.0			0.9663702295523523
4670.9			0.9999049595509711
4671.8			1.0
4672.7			1.0
4673.6			1.0
4674.5			1.0
4675.4			1.0314011735614377
4676.3			1.0533461306791772
4677.2			1.0308873436424983
4678.1			0.9750650018575832
4679.0			0.9361465651824832
4679.9			0.9283646782499575
4680.8			0.9307863779330268
4681.7			0.9429317818032164
4682.6			0.9736091080794796
4683.5			0.9984834525329028
4684.4			0.9998058586798846
4685.3			1.0
4686.2			1.0
4687.1			1.0
4688.0			1.0
4688.9			1.0
4689.8			1.0
4690.7			1.0
4691.6			1.0
4692.5			1.0
4693.4			1.0
4694.3			1.0
4695.2			1.0
4696.1			1.0
4697.0			0.9813212947086705
4697.9			0.9398811995404007
4698.8			0.9157305546809376
4699.7			0.9289301357839022
4700.6			0.93656084818907
4701.5			0.9119015293735477
4702.4			0.866884299122098
4703.3			0.8700568759340217
4704.2			0.9400564348369811
4705.1			1.0027355042983614
4706.0			1.0114235766079733
4706.9			0.9789123673513588
4707.8			0.9606100574341722
4708.7			0.9744042580741654
4709.6			1.0027646936522052
4710.5			1.0
4711.4			1.0
4712.3			1.0
4713.2			1.0
4714.1			1.0
4715.0			1.0
4715.9			1.0
4716.8			1.0
4717.7			1.0
4718.6			1.0
4719.5			1.0
4720.4			1.0
4721.3			1.0
4722.2			1.0
4723.1			1.0
4724.0			1.0
4724.9			1.0201159884535067
4725.8			1.0067600063614899
4726.7			0.951504572506822
4727.6			0.900605827167353
4728.5			0.8852950642891609
4729.4			0.8855952385045326
4730.3			0.896873543069848
4731.2			0.9256392396847594
4732.1			0.9655491864541268
4733.0			0.9878251576387895
4733.9			0.9978916596482936
4734.8			1.0
4735.7			1.0
4736.6			1.0
4737.5			1.0
4738.4			1.0
4739.3			1.0
4740.2			1.0
4741.1			1.0
4742.0			1.0
4742.9			1.0
4743.8			1.0
4744.7			1.0
4745.6			1.0
4746.5			1.0
4747.4			1.0
4748.3			1.0
4749.2			1.0
4750.1			1.0
4751.0			1.0
4751.9			1.0
4752.8			1.0
4753.7			1.0
4754.6			1.0
4755.5			1.0
4756.4			1.0
4757.3			1.0
4758.2			1.0
4759.1			1.019868045855564
4760.0			1.026080727692114
4760.9			0.9990071878957298
4761.8			0.951472387840694
4762.7			0.9360398800263543
4763.6			0.9396094060190319
4764.5			0.9208857644363839
4765.4			0.8917206988983167
4766.3			0.8889082186557545
4767.2			0.9212984770981256
4768.1			0.9575815046883807
4769.0			0.9919361761099164
4769.9			1.012629287815157
4770.8			0.9893514074168438
4771.7			0.9559530608738399
4772.6			0.9618702180957566
4773.5			0.9998319671028256
4774.4			1.0
4775.3			1.0
4776.2			1.0
4777.1			1.0
4778.0			1.0115084233654326
4778.9			0.9966207159778501
4779.8			0.9804811940361708
4780.7			0.982104159032849
4781.6			0.9741825354031133
4782.5			0.93491702226959
4783.4			0.9049460835473734
4784.3			0.9242614178874654
4785.2			0.9356420676302096
4786.1			0.9029627652760943
4787.0			0.8903789206959372
4787.9			0.9089988373923373
4788.8			0.9098059059067745
4789.7			0.9062792840949685
4790.6			0.9217575994183688
4791.5			0.9389593717747955
4792.4			0.9530908080156242
4793.3			0.9772158272707547
4794.2			1.0047138504916038
4795.1			1.0
4796.0			0.992622437774516
4796.9			0.9771715885659468
4797.8			0.9537959343910599
4798.7			0.9276255058591664
4799.6			0.9126101064764077
4800.5			0.9259447858690603
4801.4			0.9622771847482184
4802.3			0.9931294725946642
4803.2			1.0024861030766339
4804.1			1.0
4805.0			1.0
4805.9			1.0
4806.8			1.0
4807.7			1.0
4808.6			1.0
4809.5			1.0
4810.4			1.0
4811.3			1.0
4812.2			1.0
4813.1			1.0
4814.0			1.0
4814.9			1.0
4815.8			1.0
4816.7			1.0
4817.6			1.0
4818.5			1.0
4819.4			1.0
4820.3			1.0
4821.2			1.0
4822.1			0.9719806548851514
4823.0			0.9196863333675181
4823.9			0.9015308389516832
4824.8			0.947141767854062
4825.7			0.9985459360412305
4826.6			1.0
4827.5			1.0
4828.4			1.0
4829.3			1.0
4830.2			1.0
4831.1			1.0
4832.0			1.0
4832.9			1.0
4833.8			1.0
4834.7			1.0091778087367396
4835.6			1.0020510384245511
4836.5			0.9993782988035304
4837.4			0.9933401423549645
4838.3			0.9653602968375017
4839.2			0.9293957799383216
4840.1			0.9181305591190994
4841.0			0.9345525446219577
4841.9			0.9426046775565627
4842.8			0.9322152537634434
4843.7			0.9384633207374651
4844.6			0.9737211446686546
4845.5			1.0005645312046036
4846.4			1.0
4847.3			1.0
4848.2			1.0
4849.1			1.0
4850.0			1.0
4850.9			1.0
4851.8			1.0
4852.7			1.0
4853.6			1.0
4854.5			1.0
4855.4			1.0
4856.3			1.0064347751562208
4857.2			1.039584519628909
4858.1			1.0217495480404513
4859.0			0.9387595265116764
4859.9			0.8199236727564453
4860.8			0.7193954345417467
4861.7			0.7243324523835194
4862.6			0.8287123783089385
4863.5			0.9201328494853033
4864.4			0.9641261415525356
4865.3			0.9995405551669984
4866.2			1.0
4867.1			1.0
4868.0			1.0
4868.9			0.9988897678818575
4869.8			0.9529084696464659
4870.7			0.8442820910204784
4871.6			0.7753222904203012
4872.5			0.832528358749232
4873.4			0.9431209379099629
4874.3			1.0024327941367623
4875.2			1.0
4876.1			1.0
4877.0			1.0
4877.9			1.0
4878.8			1.0
4879.7			1.0
4880.6			1.0
4881.5			1.0
4882.4			1.0
4883.3			1.0
4884.2			1.0
4885.1			1.0
4886.0			1.0
4886.9			1.0
4887.8			1.0
4888.7			0.9792242411400196
4889.6			0.9093022828965359
4890.5			0.7963314777433405
4891.4			0.7503856744039604
4892.3			0.8382581165881676
4893.2			0.9575575938549753
4894.1			1.0127487111615827
4895.0			1.0
4895.9			1.0
4896.8			1.0
4897.7			1.0
4898.6			1.0
4899.5			1.0
4900.4			1.0
4901.3			1.0
4902.2			1.0
4903.1			1.0
4904.0			1.0
4904.9			1.0
4905.8			1.0
4906.7			1.0
4907.6			0.9779921197097574
4908.5			0.9427251515098439
4909.4			0.8990997730789295
4910.3			0.8737952909984612
4911.2			0.8977054409612668
4912.1			0.9520834499690638
4913.0			0.992552036031735
4913.9			1.0
4914.8			1.0
4915.7			1.0
4916.6			0.974939153374699
4917.5			0.8992895270341137
4918.4			0.7922405067310792
4919.3			0.7023906520083932
4920.2			0.6864026376181389
4921.1			0.7675670437393871
4922.0			0.8947101878515127
4922.9			0.9779454363931612
4923.8			0.9941924971734493
4924.7			1.0
4925.6			1.0
4926.5			1.0
4927.4			1.0
4928.3			1.0
4929.2			1.0
4930.1			1.0
4931.0			1.0
4931.9			1.0
4932.8			1.0
4933.7			1.0
4934.6			1.0
4935.5			1.0
4936.4			0.9799759905356781
4937.3			0.9148011586184742
4938.2			0.8418420703321742
4939.1			0.826855909746304
4940.0			0.8948686490659546
4940.9			0.9744495073655515
4941.8			1.005133622241351
4942.7			1.0
4943.6			1.0
4944.5			1.0
4945.4			1.0
4946.3			1.0
4947.2			1.0
4948.1			1.0
4949.0			1.0
4949.9			1.0
4950.8			1.0
4951.7			1.0
4952.6			1.0
4953.5			1.0
4954.4			1.0
4955.3			0.9661023765735941
4956.2			0.8577429656171451
4957.1			0.7202233568305515
4958.0			0.7103823308933088
4958.9			0.8393642273154698
4959.8			0.9606143675737278
4960.7			0.9976465039487915
4961.6			1.0
4962.5			1.0
4963.4			1.0
4964.3			1.0
4965.2			1.0
4966.1			1.0
4967.0			1.0
4967.9			1.0
4968.8			1.0
4969.7			1.0
4970.6			1.0
4971.5			1.0
4972.4			1.0
4973.3			1.0
4974.2			1.0
4975.1			1.0
4976.0			1.0
4976.9			1.0
4977.8			1.0
4978.7			1.0
4979.6			0.9920040482456947
4980.5			0.9850332902429342
4981.4			0.9333283971047448
4982.3			0.847743215413598
4983.2			0.8052156154503469
4984.1			0.8375502852672897
4985.0			0.8897953683711107
4985.9			0.9410388427385069
4986.8			1.0021470482884645
4987.7			1.0
4988.6			1.0
4989.5			1.0
4990.4			1.0
4991.3			1.0
4992.2			1.0
4993.1			1.0
4994.0			1.0
4994.9			1.0
4995.8			1.0
4996.7			1.0
4997.6			1.0
4998.5			1.0
4999.4			1.0
5000.3			1.0
5001.2			1.0
5002.1			1.0
5003.0			1.009549552422396
5003.9			1.0104137200969783
5004.8			0.950306399985488
5005.7			0.8590751417652058
5006.6			0.840538024357525
5007.5			0.9125421978475398
5008.4			0.9930201488548428
5009.3			1.0144171131935174
5010.2			0.9913336157168349
5011.1			1.0
5012.0			1.0
5012.9			1.0
5013.8			1.0
5014.7			1.0
5015.6			1.0
5016.5			1.0
5017.4			1.0
5018.3			1.0
5019.2			1.0
5020.1			1.0
5021.0			1.0
5021.9			1.0
5022.8			1.0
5023.7			1.0
5024.6			1.0
5025.5			1.0
5026.4			1.0
5027.3			1.0
5028.2			1.0
5029.1			1.0
5030.0			1.0
5030.9			1.0
5031.8			1.0
5032.7			1.0
5033.6			1.0
5034.5			1.0
5035.4			1.0
5036.3			1.0
5037.2			1.0165094737552869
5038.1			1.01250502350352
5039.0			0.9639210196609711
5039.9			0.8829140107785095
5040.8			0.7991148963909801
5041.7			0.8018236501974029
5042.6			0.8935470359556573
5043.5			1.0
5044.4			1.0400275155142373
5045.3			1.0650613378330644
5046.2			1.074814955894305
5047.1			1.042208623849732
5048.0			0.9667724600909692
5048.9			0.9026644651694786
5049.8			0.8893789956363599
5050.7			0.8987376241416111
5051.6			0.9083094797759487
5052.5			0.9287014571501631
5053.4			0.9586775626201344
5054.3			0.9862970600463302
5055.2			0.9965985783698937
5056.1			1.0
5057.0			1.0
5057.9			1.0
5058.8			1.0
5059.7			1.0
5060.6			1.0
5061.5			1.0
5062.4			1.0
5063.3			1.0
5064.2			1.0
5065.1			1.0
5066.0			1.0
5066.9			1.0
5067.8			1.0
5068.7			1.0
5069.6			1.0
5070.5			1.0
5071.4			1.0
5072.3			1.0
5073.2			1.0
5074.1			1.0
5075.0			0.9889484805822943
5075.9			0.990634244613322
5076.8			1.013770444367246
5077.7			1.0085104105119074
5078.6			0.9307650861773198
5079.5			0.8443327036486522
5080.4			0.8350282825944346
5081.3			0.8854649088483441
5082.2			0.9200004030604417
5083.1			0.9176005961768461
5084.0			0.9293945711337552
5084.9			0.9711135853621851
5085.8			0.9999588944129307
5086.7			1.0
5087.6			1.0
5088.5			1.0
5089.4			1.0
5090.3			1.0
5091.2			1.0
5092.1			1.0
5093.0			1.0
5093.9			1.0
5094.8			1.0
5095.7			0.9711601745812993
5096.6			0.93557262101436
5097.5			0.8928308107452424
5098.4			0.847003684710403
5099.3			0.8426162938687541
5100.2			0.8991018977783021
5101.1			0.9688624232528069
5102.0			1.0044893098707885
5102.9			1.0005651124021424
5103.8			1.0
5104.7			1.0
5105.6			1.0
5106.5			1.0
5107.4			1.0
5108.3			1.0
5109.2			1.0
5110.1			1.0
5111.0			1.0
5111.9			1.0
5112.8			1.0
5113.7			1.0
5114.6			1.0
5115.5			1.0
5116.4			1.0
5117.3			1.0253492534808206
5118.2			1.0342101373440054
5119.1			1.0288806524173562
5120.0			1.0061153033097818
5120.9			0.9777129253370898
5121.8			0.9643288707392801
5122.7			0.9465019692034283
5123.6			0.9090627297390445
5124.5			0.8861526278061768
5125.4			0.8981947772060614
5126.3			0.9257741575856542
5127.2			0.945297060705464
5128.1			0.9524780855356475
5129.0			0.9464268774101098
5129.9			0.9548180988228449
5130.8			0.980781574571129
5131.7			1.0
5132.6			0.9971004076068578
5133.5			0.978936544176265
5134.4			0.9988629881173569
5135.3			1.0369321723483016
5136.2			1.0206110366643968
5137.1			0.9700222774789421
5138.0			0.9218706534128897
5138.9			0.8746144403535074
5139.8			0.8917361254328531
5140.7			0.9585747719289461
5141.6			0.9566032356685867
5142.5			0.9228071717075331
5143.4			0.9549812536354164
5144.3			1.003033606901608
5145.2			1.0011029146568389
5146.1			1.0
5147.0			1.0
5147.9			1.0
5148.8			1.0
5149.7			1.0
5150.6			1.0
5151.5			1.0
5152.4			1.0
5153.3			1.0
5154.2			1.0
5155.1			1.0
5156.0			1.0
5156.9			1.0
5157.8			1.0
5158.7			1.0
5159.6			1.0
5160.5			1.0
5161.4			1.0
5162.3			1.0
5163.2			1.0
5164.1			1.0
5165.0			1.0
5165.9			1.0
5166.8			1.0
5167.7			1.0
5168.6			1.0
5169.5			1.1179466247890488
5170.4			1.089762391887864
5171.3			0.8839758359353752
5172.2			0.6684008735174741
5173.1			0.6357472272266678
5174.0			0.7806814788976147
5174.9			0.9323815277536572
5175.8			0.9881840843793728
5176.7			0.974034494303167
5177.6			1.0
5178.5			1.0
5179.4			0.98409715900912
5180.3			0.9350587950238203
5181.2			0.8446487595112374
5182.1			0.7015251976668834
5183.0			0.547785077472217
5183.9			0.5096064580028474
5184.8			0.6356077447432978
5185.7			0.8205082219915121
5186.6			0.9523666254968987
5187.5			0.9957232951813729
5188.4			0.9996363322003163
5189.3			1.0
5190.2			1.0
5191.1			1.0
5192.0			1.0
5192.9			1.0
5193.8			1.0
5194.7			1.0
5195.6			1.0
5196.5			1.0
5197.4			1.0
5198.3			1.0
5199.2			1.0
5200.1			1.0
5201.0			1.0
5201.9			1.0
5202.8			0.9759606629846962
5203.7			0.9339034385395463
5204.6			0.8560537620287594
5205.5			0.7992910397246655
5206.4			0.8060304615419299
5207.3			0.808195494255941
5208.2			0.7738706186079691
5209.1			0.7914957451528971
5210.0			0.864011334525135
5210.9			0.9383412818828166
5211.8			0.9975430108244082
5212.7			1.0222125928233772
5213.6			1.0043283630976447
5214.5			1.0
5215.4			1.0
5216.3			1.0
5217.2			1.0
5218.1			1.0
5219.0			1.0
5219.9			1.0
5220.8			1.0
5221.7			1.0
5222.6			1.0
5223.5			0.9729713702531382
5224.4			0.9264216310306517
5225.3			0.8649557238010852
5226.2			0.7858635429152279
5227.1			0.755239144357606
5228.0			0.8351281899566086
5228.9			0.9361350297330955
5229.8			0.9815026101434837
5230.7			1.0026742660426442
5231.6			1.0
5232.5			1.0
5233.4			1.0
5234.3			1.0
5235.2			1.0
5236.1			1.0
5237.0			1.0
5237.9			1.0
5238.8			1.0
5239.7			1.0
5240.6			1.0
5241.5			1.0
5242.4			1.0
5243.3			1.0
5244.2			1.0
5245.1			1.0
5246.0			0.989529370724086
5246.9			0.9556525591676721
5247.8			0.9539941799438252
5248.7			0.9789711375113336
5249.6			0.9724484487197267
5250.5			0.9626078367410037
5251.4			0.992692374277533
5252.3			1.0322363035196742
5253.2			1.0476256501878003
5254.1			1.033904652101716
5255.0			1.025722100072715
5255.9			1.073496187501071
5256.8			1.1487403983681748
5257.7			1.201156591391665
5258.6			1.2281024396675226
5259.5			1.0
5260.4			0.9616698677657773
5261.3			0.8972355020267826
5262.2			0.8279758390001809
5263.1			0.7779735746082588
5264.0			0.7515082526930897
5264.9			0.7251489164648602
5265.8			0.6986182622433894
5266.7			0.7261917446753854
5267.6			0.7744618008824924
5268.5			0.7283026697806618
5269.4			0.6196259600662797
5270.3			0.6204815794255976
5271.2			0.7471797829782371
5272.1			0.8462578679833807
5273.0			0.8646917965578179
5273.9			0.8633847540727876
5274.8			0.8518049091837676
5275.7			0.8488677230413388
5276.6			0.9054110990392883
5277.5			0.9756001567979634
5278.4			0.9999992585953533
5279.3			1.0
5280.2			0.957995646849547
5281.1			0.9054937172186951
5282.0			0.8655905657994615
5282.9			0.8383059156262882
5283.8			0.8348728350828695
5284.7			0.8899794566534087
5285.6			0.9668114545935761
5286.5			1.0067036754776306
5287.4			1.0012582238094534
5288.3			1.0
5289.2			1.0
5290.1			1.0
5291.0			1.0
5291.9			1.0
5292.8			1.0
5293.7			1.0
5294.6			1.0032085037933904
5295.5			0.9885820919808775
5296.4			0.9389669292653716
5297.3			0.874694755157239
5298.2			0.8613596006296215
5299.1			0.9299964967921984
5300.0			0.9992332664906385
5300.9			1.011021867988091
5301.8			1.0045306598169825
5302.7			1.0
5303.6			1.0
5304.5			1.0
5305.4			1.0
5306.3			1.0
5307.2			1.0
5308.1			1.0
5309.0			1.0
5309.9			1.0
5310.8			1.0
5311.7			1.0
5312.6			1.0
5313.5			1.0
5314.4			1.0
5315.3			1.0
5316.2			1.0
5317.1			1.0
5318.0			1.0
5318.9			1.0
5319.8			1.0
5320.7			1.0
5321.6			1.0
5322.5			1.0
5323.4			1.0
5324.3			1.0
5325.2			1.0185163539067366
5326.1			1.0250462207323559
5327.0			0.9205270064164558
5327.9			0.7744844775483257
5328.8			0.7571725323181762
5329.7			0.8749320334734646
5330.6			0.9876145179961199
5331.5			1.018796399527143
5332.4			0.9909370120908895
5333.3			1.0
5334.2			1.0
5335.1			1.0
5336.0			1.0
5336.9			1.0
5337.8			0.9941763351171702
5338.7			0.9629252644741964
5339.6			0.8907516912755761
5340.5			0.8419049992453489
5341.4			0.8795961248009303
5342.3			0.9567427733636499
5343.2			1.000941931249937
5344.1			1.0
5345.0			1.0
5345.9			1.0
5346.8			1.0
5347.7			1.0
5348.6			1.0
5349.5			1.0
5350.4			1.0
5351.3			1.0
5352.2			1.0
5353.1			1.0
5354.0			1.0
5354.9			1.0
5355.8			1.0
5356.7			1.0
5357.6			1.0
5358.5			1.0
5359.4			1.0
5360.3			1.0
5361.2			1.0
5362.1			1.0
5363.0			1.0
5363.9			1.0
5364.8			1.0
5365.7			1.0
5366.6			1.0
5367.5			0.9879899665621406
5368.4			0.9720608239645745
5369.3			0.9186409955177524
5370.2			0.8324635140047231
5371.1			0.78168034276181
5372.0			0.8178167435328236
5372.9			0.9048466223586066
5373.8			0.9685654303275159
5374.7			0.9949087348142679
5375.6			1.0
5376.5			1.0
5377.4			1.0
5378.3			1.0
5379.2			1.0
5380.1			1.0
5381.0			1.0
5381.9			1.0
5382.8			1.0
5383.7			1.0
5384.6			1.0
5385.5			1.0
5386.4			1.0
5387.3			1.0
5388.2			1.0
5389.1			1.0
5390.0			1.0
5390.9			1.0
5391.8			1.0
5392.7			1.0
5393.6			1.0
5394.5			1.0
5395.4			1.0
5396.3			1.0
5397.2			1.0
5398.1			1.0
5399.0			1.0
5399.9			1.0
5400.8			1.0
5401.7			1.0276782022413693
5402.6			1.0287414034125764
5403.5			0.9583449117960089
5404.4			0.8685061812192996
5405.3			0.8254625790077509
5406.2			0.8565558400871841
5407.1			0.9406340155320768
5408.0			1.0047081533646403
5408.9			0.9976399903312213
5409.8			1.0
5410.7			1.0
5411.6			1.0
5412.5			1.0
5413.4			1.0
5414.3			1.0
5415.2			1.0
5416.1			1.0
5417.0			1.0
5417.9			1.0
5418.8			1.0
5419.7			1.0
5420.6			1.0
5421.5			1.0
5422.4			1.0
5423.3			1.0
5424.2			1.0
5425.1			1.0
5426.0			1.0
5426.9			1.0443760302309277
5427.8			1.0235270615360887
5428.7			0.9403217218550254
5429.6			0.8770613618915164
5430.5			0.9162941832519161
5431.4			0.9888059537211829
5432.3			1.0040387584640134
5433.2			1.0
5434.1			1.0
5435.0			1.0
5435.9			1.0
5436.8			1.0
5437.7			1.0
5438.6			1.0
5439.5			1.0
5440.4			1.0
5441.3			1.0
5442.2			1.0
5443.1			1.0
5444.0			0.969313319001159
5444.9			0.9132832244486218
5445.8			0.8487589766110829
5446.7			0.8114745562751738
5447.6			0.8530474185366523
5448.5			0.9402712016154013
5449.4			0.9996593918499266
5450.3			1.0
5451.2			1.0
5452.1			1.0
5453.0			0.9839087037969309
5453.9			0.9427981761104959
5454.8			0.8696031889145575
5455.7			0.83121880043382
5456.6			0.8820494574797303
5457.5			0.9589281625595653
5458.4			0.9977353582335885
5459.3			1.0
5460.2			1.0
5461.1			1.0
5462.0			1.0
5462.9			1.0
5463.8			1.0
5464.7			1.0
5465.6			1.0
5466.5			1.0
5467.4			1.0
5468.3			1.0
5469.2			1.0
5470.1			1.0
5471.0			1.0
5471.9			1.0
5472.8			1.0
5473.7			1.0
5474.6			0.9952774103403073
5475.5			0.9502714677359624
5476.4			0.8779935683668638
5477.3			0.8766872100014139
5478.2			0.9528610287339938
5479.1			1.012228025815863
5480.0			1.0008693160364108
5480.9			1.0
5481.8			1.0
5482.7			1.0
5483.6			1.0
5484.5			1.0
5485.4			1.0
5486.3			1.0
5487.2			1.0
5488.1			1.0
5489.0			1.0
5489.9			1.0
5490.8			1.0
5491.7			1.0
5492.6			1.0
5493.5			1.0
5494.4			1.0
5495.3			1.0
5496.2			1.0
5497.1			1.0
5498.0			1.0
5498.9			1.0
5499.8			1.0
5500.7			1.0
5501.6			1.0
5502.5			1.0
5503.4			1.0
5504.3			1.0
5505.2			1.0
5506.1			1.0
5507.0			1.0
5507.9			1.0
5508.8			1.0
5509.7			0.9984599672085518
5510.6			0.9888275837042355
5511.5			0.9610131538920109
5512.4			0.926368412849995
5513.3			0.9207467312575518
5514.2			0.9427644879543684
5515.1			0.9698174324416294
5516.0			0.9868253359467343
5516.9			0.9989989384004958
5517.8			1.0
5518.7			1.0
5519.6			1.0
5520.5			1.0
5521.4			1.0
5522.3			1.0
5523.2			1.0
5524.1			1.0
5525.0			1.0
5525.9			0.9797551722655564
5526.8			0.9398206718804966
5527.7			0.8802010600949653
5528.6			0.8625268297018549
5529.5			0.9173022692195507
5530.4			0.980502219923375
5531.3			1.000253764563925
5532.2			1.0
5533.1			1.0
5534.0			1.0
5534.9			1.0
5535.8			1.0
5536.7			1.0
5537.6			1.0
5538.5			1.0
5539.4			1.0
5540.3			1.0
5541.2			1.0
5542.1			1.0
5543.0			1.0
5543.9			1.0
5544.8			1.0
5545.7			1.0
5546.6			1.0
5547.5			1.0
5548.4			1.0
5549.3			1.0
5550.200000000001			1.0
5551.1			1.0
5552.0			1.0
5552.9			1.0
5553.8			1.0
5554.700000000001			1.0
5555.6			1.0
5556.5			1.0
5557.4			1.0
5558.3			1.0
5559.200000000001			1.0
5560.1			1.0
5561.0			1.0
5561.9			1.0
5562.8			1.0
5563.700000000001			1.0
5564.6			1.0
5565.5			1.0
5566.4			1.0
5567.3			1.0117757473652287
5568.200000000001			1.0031357570399617
5569.1			0.9669075045748345
5570.0			0.9624946042681453
5570.9			0.9852015995226556
5571.8			0.9583150902970509
5572.700000000001			0.9172827251981486
5573.6			0.9412117484833024
5574.5			0.9834620386524123
5575.4			0.9832104483208877
5576.3			0.9766314715856051
5577.200000000001			0.9938488417163445
5578.1			1.0009743004795078
5579.0			1.0
5579.9			1.0
5580.8			1.0
5581.700000000001			0.9799968078927173
5582.6			0.9813845045051235
5583.5			0.9953683274780067
5584.4			0.9939326715918528
5585.3			0.9553154874756564
5586.200000000001			0.8843901297207722
5587.1			0.8386018768861849
5588.0			0.8414564064460919
5588.9			0.8672318961195392
5589.8			0.9058856274381188
5590.700000000001			0.9489997102409011
5591.6			0.9845165655145836
5592.5			1.0001820205470258
5593.4			1.0
5594.3			1.0
5595.200000000001			1.0
5596.1			1.0
5597.0			0.9908762883963387
5597.9			0.9407250754908649
5598.8			0.9215082499535723
5599.700000000001			0.9259930357983406
5600.6			0.9127904915578958
5601.5			0.8833254665667716
5602.4			0.8623746969505417
5603.3			0.8849564671543524
5604.200000000001			0.9464662904578776
5605.1			0.9958969638426067
5606.0			1.0098768124532775
5606.9			1.0068305510220728
5607.8			0.9985040569182575
5608.700000000001			1.0
5609.6			1.0
5610.5			1.0
5611.4			1.0
5612.3			1.0
5613.200000000001			0.974590162645336
5614.1			0.9001695132340944
5615.0			0.8078836394571052
5615.9			0.7981085981000832
5616.8			0.8792613172647987
5617.700000000001			0.9632087279456074
5618.6			0.9986612087269949
5619.5			1.0
5620.4			1.0
5621.3			1.0
5622.200000000001			1.0065619951107596
5623.1			0.9748653265506514
5624.0			0.9195505168979798
5624.9			0.901697719590801
5625.8			0.9427382593443812
5626.700000000001			0.9845644393207168
5627.6			1.002400429743901
5628.5			1.0
5629.4			1.0
5630.3			1.0
5631.200000000001			1.0
5632.1			1.0
5633.0			1.0
5633.9			1.0
5634.8			1.0
5635.700000000001			1.0
5636.6			1.0
5637.5			1.0
5638.4			1.0
5639.3			1.0
5640.200000000001			1.0
5641.1			1.0
5642.0			1.0
5642.9			1.0
5643.8			1.0
5644.700000000001			1.0
5645.6			1.0
5646.5			1.0
5647.4			1.0
5648.3			1.0
5649.200000000001			1.0
5650.1			1.0
5651.0			1.0
5651.9			1.0
5652.8			1.0
5653.700000000001			1.0
5654.6			1.0
5655.5			1.0
5656.4			1.0264204831543737
5657.3			0.9924203943441758
5658.200000000001			0.9256252632222494
5659.1			0.9267427690194779
5660.0			0.9837154982989597
5660.9			1.014899498606956
5661.8			0.9982261754415929
5662.700000000001			1.0
5663.6			1.0
5664.5			1.0
5665.4			1.0
5666.3			1.0
5667.200000000001			1.0
5668.1			1.0
5669.0			1.0
5669.9			1.0
5670.8			1.0
5671.700000000001			1.0
5672.6			1.0
5673.5			1.0
5674.4			1.0
5675.3			1.0
5676.200000000001			1.0
5677.1			1.0
5678.0			1.0
5678.9			1.0
5679.8			1.0
5680.700000000001			1.0
5681.6			1.0
5682.5			1.0
5683.4			1.0
5684.3			1.0
5685.200000000001			1.0
5686.1			1.0
5687.0			1.0
5687.9			1.0
5688.8			1.0
5689.700000000001			1.0
5690.6			1.0
5691.5			1.0
5692.4			1.0
5693.3			1.0
5694.200000000001			1.0
5695.1			1.0
5696.0			1.0
5696.9			1.0
5697.8			1.0
5698.700000000001			1.0
5699.6			1.0
5700.5			1.0
5701.4			1.0
5702.3			1.0002575985735926
5703.200000000001			1.016227827578805
5704.1			1.020059044890272
5705.0			0.9960094697994004
5705.9			0.966523877019661
5706.8			0.9530637577389581
5707.700000000001			0.9357865547937779
5708.6			0.9115145241772414
5709.5			0.9035231413023734
5710.4			0.9085906809355089
5711.3			0.9036682924039381
5712.200000000001			0.920676564500071
5713.1			0.9654384208073555
5714.0			0.9866474673025653
5714.9			0.9807161194251958
5715.8			0.9880612280167891
5716.700000000001			1.0019274187938143
5717.6			1.0
5718.5			1.0
5719.4			1.0
5720.3			1.0
5721.200000000001			1.0
5722.1			1.0
5723.0			1.0
5723.9			1.0
5724.8			1.0
5725.700000000001			1.0
5726.6			1.0
5727.5			1.0
5728.4			1.0
5729.3			1.0
5730.200000000001			1.0
5731.1			1.0
5732.0			1.0
5732.9			1.0
5733.8			1.0
5734.700000000001			1.0
5735.6			1.0
5736.5			1.0
5737.4			1.0
5738.3			1.0
5739.200000000001			1.0
5740.1			1.0
5741.0			1.0
5741.9			1.0
5742.8			1.0
5743.700000000001			1.0
5744.6			1.0
5745.5			1.0
5746.4			1.0
5747.3			1.0
5748.200000000001			1.0
5749.1			1.0
5750.0			1.0
5750.9			1.0002248025439173
5751.8			0.9740376775453927
5752.700000000001			0.9348935366463372
5753.6			0.9171285841374797
5754.5			0.9352851077067723
5755.4			0.9704307407599219
5756.3			0.9993285344457332
5757.200000000001			1.0
5758.1			1.0
5759.0			1.0
5759.9			1.0
5760.8			1.0
5761.700000000001			1.0
5762.6			1.0
5763.5			1.0
5764.4			1.0
5765.3			1.0
5766.200000000001			1.0
5767.1			1.0
5768.0			1.0
5768.9			1.0
5769.8			1.0
5770.700000000001			1.0
5771.6			1.0
5772.5			1.0
5773.4			1.0
5774.3			1.0
5775.200000000001			1.0
5776.1			1.0
5777.0			1.0
5777.9			1.002286810119717
5778.8			0.9887178359869538
5779.700000000001			0.9577068204685404
5780.6			0.9217169162125322
5781.5			0.9100800146799294
5782.4			0.9228126392450552
5783.3			0.9250318362859371
5784.200000000001			0.9120955945570899
5785.1			0.9047102870971139
5786.0			0.9236128962499445
5786.9			0.963804136110923
5787.8			0.991903488757936
5788.700000000001			1.004592499486816
5789.6			1.0029064584684901
5790.5			0.9886245563879936
5791.4			0.9866015619264876
5792.3			0.9998150831352607
5793.200000000001			1.0
5794.1			1.0
5795.0			1.0
5795.9			1.0
5796.8			1.0
5797.700000000001			1.0
5798.6			1.0
5799.5			1.0
5800.4			1.0
5801.3			1.0
5802.200000000001			1.0
5803.1			1.0
5804.0			1.0
5804.9			1.0
5805.8			1.0
5806.700000000001			1.0
5807.6			1.0
5808.5			1.0
5809.4			1.0
5810.3			1.0
5811.200000000001			1.0
5812.1			1.0
5813.0			1.0
5813.9			1.0
5814.8			1.0
5815.700000000001			1.0
5816.6			1.0
5817.5			1.0
5818.4			1.0
5819.3			1.0
5820.200000000001			1.0
5821.1			1.0
5822.0			1.0
5822.9			1.0
5823.8			1.0
5824.700000000001			1.0
5825.6			1.0
5826.5			1.0
5827.4			1.0
5828.3			1.0
5829.200000000001			1.0
5830.1			1.0
5831.0			1.0
5831.9			1.0
5832.8			1.0
5833.700000000001			1.0
5834.6			1.0
5835.5			1.0
5836.4			1.0
5837.3			1.0
5838.200000000001			1.0
5839.1			1.0
5840.0			1.0
5840.9			1.0
5841.8			1.0
5842.700000000001			1.0
5843.6			1.0
5844.5			1.0
5845.4			1.0
5846.3			1.0
5847.200000000001			1.0
5848.1			1.0
5849.0			1.0
5849.9			1.0
5850.8			1.0
5851.700000000001			1.0
5852.6			1.0
5853.5			1.0
5854.4			1.0052095917278556
5855.3			1.003796330428483
5856.200000000001			0.9751786871674553
5857.1			0.9358952375285662
5858.0			0.9277451867721104
5858.9			0.9527480383205964
5859.8			0.9816383758723943
5860.700000000001			1.0009840035883484
5861.6			0.9996590569630717
5862.5			1.0
5863.4			1.0
5864.3			1.0
5865.200000000001			1.0
5866.1			1.0
5867.0			1.0
5867.9			1.0
5868.8			1.0
5869.700000000001			1.0
5870.6			1.0
5871.5			1.0
5872.4			1.0
5873.3			1.0
5874.200000000001			1.0
5875.1			1.0
5876.0			1.0
5876.9			1.0
5877.8			1.0
5878.700000000001			1.0
5879.6			1.0
5880.5			1.0
5881.4			1.0
5882.3			1.0
5883.200000000001			1.0
5884.1			1.0
5885.0			1.0
5885.9			1.0
5886.8			1.0039108411364532
5887.700000000001			0.9557842653772312
5888.6			0.8237322600240066
5889.5			0.6828988755863823
5890.4			0.6814599026459864
5891.3			0.8147795542391141
5892.200000000001			0.943885520667824
5893.1			1.0102622237238885
5894.0			1.0015459540194447
5894.9			1.0
5895.8			1.0
5896.700000000001			1.0
5897.6			1.0
5898.5			1.0
5899.4			1.0
5900.3			1.0
5901.200000000001			1.0
5902.1			1.0
5903.0			1.0
5903.9			1.0
5904.8			1.0
5905.700000000001			1.0
5906.6			1.0
5907.5			1.0
5908.4			1.0
5909.3			1.0
5910.200000000001			1.0
5911.1			1.0
5912.0			1.0
5912.9			1.0
5913.8			1.0
5914.700000000001			1.0
5915.6			1.0
5916.5			1.0
5917.4			1.0
5918.3			1.0
5919.200000000001			1.0
5920.1			1.0
5921.0			1.0
5921.9			1.0
5922.8			1.0
5923.700000000001			1.0
5924.6			1.0
5925.5			1.0
5926.4			1.0
5927.3			1.0
5928.200000000001			1.0
5929.1			1.0
5930.0			1.0
5930.9			1.0
5931.8			1.0
5932.700000000001			1.0
5933.6			1.0
5934.5			1.0
5935.4			1.0
5936.3			1.0
5937.200000000001			1.0
5938.1			1.0
5939.0			1.0
5939.9			1.0
5940.8			1.0
5941.700000000001			1.0
5942.6			1.0
5943.5			1.0
5944.4			1.0
5945.3			1.0
5946.200000000001			1.0
5947.1			1.0
5948.0			1.0
5948.9			1.0
5949.8			1.0
5950.700000000001			1.0
5951.6			1.0
5952.5			1.0
5953.4			1.0
5954.3			1.0
5955.200000000001			1.0
5956.1			1.0
5957.0			1.0
5957.9			1.0
5958.8			1.0
5959.700000000001			1.0
5960.6			1.0
5961.5			1.0
5962.4			1.0
5963.3			1.0
5964.200000000001			1.0
5965.1			1.0
5966.0			1.0
5966.9			1.0
5967.8			1.0
5968.700000000001			1.0
5969.6			1.0
5970.5			1.0
5971.4			1.0
5972.3			1.0
5973.200000000001			1.0
5974.1			1.0
5975.0			1.0
5975.9			1.0
5976.8			1.0
5977.700000000001			1.0
5978.6			1.0
5979.5			1.0
5980.4			1.0
5981.3			1.0
5982.200000000001			1.0
5983.1			1.0
5984.0			1.0
5984.9			1.0
5985.8			1.0
5986.700000000001			1.0
5987.6			1.0
5988.5			1.0
5989.4			1.0
5990.3			1.0
5991.200000000001			1.0
5992.1			1.0
5993.0			1.0
5993.9			1.0
5994.8			1.0
5995.700000000001			1.0
5996.6			1.0
5997.5			1.0
5998.4			1.0
5999.3			1.0
6000.200000000001			1.0
6001.1			1.0
6002.0			1.0
6002.9			1.0
6003.8			1.0
6004.700000000001			1.0
6005.6			1.0
6006.5			1.0
6007.4			1.0
6008.3			1.0
6009.200000000001			1.0
6010.1			1.0
6011.0			1.0
6011.9			1.0
6012.8			1.0
6013.700000000001			1.0
6014.6			1.0
6015.5			1.0001539224426035
6016.4			0.98781779863246
6017.3			0.9922365599377555
6018.200000000001			1.005265575409497
6019.1			0.9879935055093482
6020.0			0.9514964644163613
6020.9			0.9389173232121732
6021.8			0.9551220401480477
6022.700000000001			0.9732668136258065
6023.6			0.9723722056907403
6024.5			0.9775857544644834
6025.4			0.9962895912009061
6026.3			1.001094611006828
6027.200000000001			1.0
6028.1			1.0
6029.0			1.0
6029.9			1.0
6030.8			1.0
6031.700000000001			1.0
6032.6			1.0
6033.5			1.0
6034.4			1.0
6035.3			1.0
6036.200000000001			1.0
6037.1			1.0
6038.0			1.0
6038.9			1.0
6039.8			1.0
6040.700000000001			1.0
6041.6			1.0
6042.5			1.0
6043.4			1.0
6044.3			1.0
6045.200000000001			1.0
6046.1			1.0
6047.0			1.0
6047.9			1.0
6048.8			1.0
6049.700000000001			1.0
6050.6			1.0
6051.5			1.0
6052.4			1.0
6053.3			1.0
6054.200000000001			1.0
6055.1			1.0
6056.0			1.0
6056.9			1.0
6057.8			1.0
6058.700000000001			1.0
6059.6			1.0
6060.5			1.0
6061.4			1.0
6062.3			1.0
6063.200000000001			1.0
6064.1			1.0
6065.0			1.0
6065.9			1.0
6066.8			1.0
6067.700000000001			1.0
6068.6			1.0
6069.5			1.0
6070.4			1.0
6071.3			1.0
6072.200000000001			1.0
6073.1			1.0
6074.0			1.0
6074.9			1.0
6075.8			1.0
6076.700000000001			1.0
6077.6			1.0
6078.5			1.0
6079.4			1.0
6080.3			1.0
6081.200000000001			1.0
6082.1			1.0
6083.0			1.0
6083.9			1.0
6084.8			1.0
6085.700000000001			1.0
6086.6			1.0
6087.5			1.0
6088.4			1.0
6089.3			1.0
6090.200000000001			1.0
6091.1			1.0
6092.0			1.0
6092.9			1.0
6093.8			1.0
6094.700000000001			1.0
6095.6			1.0
6096.5			1.0
6097.4			1.0
6098.3			1.0
6099.200000000001			1.0
6100.1			1.0
6101.0			0.97049921540532
6101.9			0.8980179568294749
6102.8			0.8596529403827559
6103.700000000001			0.9153489956048577
6104.6			0.9953407286904158
6105.5			1.0
6106.4			1.0
6107.3			1.0
6108.200000000001			1.0
6109.1			1.0
6110.0			1.0
6110.9			1.0
6111.8			1.0
6112.700000000001			1.0
6113.6			1.0
6114.5			1.0
6115.4			1.0
6116.3			1.0
6117.200000000001			1.0
6118.1			1.0
6119.0			1.0
6119.9			0.9819835438647688
6120.8			0.9521805113257918
6121.700000000001			0.9039749733032706
6122.6			0.8951302406394543
6123.5			0.9486357260647686
6124.4			0.9930234137238243
6125.3			1.0005361868245035
6126.200000000001			1.0
6127.1			1.0
6128.0			1.0
6128.9			1.0
6129.8			1.0
6130.700000000001			1.0
6131.6			1.0
6132.5			1.0
6133.4			1.0
6134.3			0.9873142297670587
6135.200000000001			0.9535829592722628
6136.1			0.88918529767268
6137.0			0.8332511790303149
6137.9			0.8573255635390312
6138.8			0.9418328548134202
6139.700000000001			1.0005389661006545
6140.6			1.0
6141.5			1.0
6142.4			1.0
6143.3			1.0
6144.200000000001			1.0
6145.1			1.0
6146.0			1.0
6146.9			1.0
6147.8			1.0
6148.700000000001			1.0
6149.6			1.0
6150.5			1.0
6151.4			1.0
6152.3			1.0
6153.200000000001			1.0
6154.1			1.0
6155.0			1.0
6155.9			1.0
6156.8			1.0
6157.700000000001			1.0
6158.6			1.0
6159.5			0.988023420762792
6160.4			0.9341285308106225
6161.3			0.8503629694633044
6162.200000000001			0.8086384803597593
6163.1			0.8508603685005499
6164.0			0.9343128441147447
6164.9			0.9951238952127303
6165.8			1.0
6166.700000000001			1.0
6167.6			1.0
6168.5			1.0
6169.4			1.0
6170.3			1.0
6171.200000000001			1.0
6172.1			1.0
6173.0			1.0
6173.9			1.0
6174.8			1.0
6175.700000000001			1.0
6176.6			1.0
6177.5			1.0
6178.4			1.0
6179.3			1.0
6180.200000000001			1.0
6181.1			1.0
6182.0			1.0
6182.9			1.0
6183.8			1.0
6184.700000000001			1.0
6185.6			1.0
6186.5			1.0
6187.4			1.0
6188.3			1.0
6189.200000000001			0.9982741284927404
6190.1			0.9734933800720904
6191.0			0.9279231296314829
6191.9			0.921151060337624
6192.8			0.962939672918713
6193.700000000001			0.9951262124508377
6194.6			0.9997134287035379
6195.5			1.0
6196.4			1.0
6197.3			1.0
6198.200000000001			1.0
6199.1			1.0
6200.0			1.0
6200.9			1.0
6201.8			1.0
6202.700000000001			1.0
6203.6			1.0
6204.5			1.0
6205.4			1.0
6206.3			1.0
6207.200000000001			1.0
6208.1			1.0
6209.0			1.0
6209.9			1.0
6210.8			1.0
6211.700000000001			1.0
6212.6			1.0
6213.5			1.0
6214.4			1.0
6215.3			1.0
6216.200000000001			1.0
6217.1			1.0
6218.0			1.0
6218.9			1.0
6219.8			1.0
6220.700000000001			1.0
6221.6			1.0
6222.5			1.0
6223.4			1.0
6224.3			1.0
6225.200000000001			1.0
6226.1			1.0
6227.0			1.0080945152953824
6227.9			1.009901161998614
6228.8			0.9858610047245576
6229.700000000001			0.940871729103278
6230.6			0.9090009428766547
6231.5			0.9143429734434908
6232.4			0.9399108318220831
6233.3			0.9696467759848456
6234.200000000001			1.000085358710938
6235.1			1.0
6236.0			1.0
6236.9			1.0
6237.8			1.0
6238.700000000001			1.0
6239.6			1.0
6240.5			1.0
6241.4			1.0
6242.3			1.0
6243.200000000001			1.0
6244.1			1.0
6245.0			1.0
6245.9			1.0
6246.8			1.0
6247.700000000001			1.0
6248.6			1.0
6249.5			1.0
6250.4			1.0
6251.3			1.0
6252.200000000001			1.0
6253.1			1.0
6254.0			1.0
6254.9			1.0
6255.8			1.0
6256.700000000001			1.0
6257.6			1.0
6258.5			1.0
6259.4			1.0
6260.3			1.0
6261.200000000001			1.0
6262.1			1.0
6263.0			1.0
6263.9			1.0
6264.8			1.0
6265.700000000001			1.0
6266.6			1.0
6267.5			1.0
6268.4			1.0
6269.3			1.0
6270.200000000001			1.0
6271.1			1.0
6272.0			1.0
6272.9			1.0
6273.8			1.0
6274.700000000001			1.0
6275.6			1.0
6276.5			1.0
6277.4			1.0
6278.3			1.0
6279.200000000001			1.0
6280.1			1.0
6281.0			1.0
6281.9			1.0
6282.8			1.0
6283.700000000001			1.0
6284.6			1.0
6285.5			1.0
6286.4			1.0
6287.3			1.0
6288.200000000001			1.0
6289.1			1.0
6290.0			1.0
6290.9			1.0
6291.8			1.0
6292.700000000001			1.0
6293.6			1.0
6294.5			1.0
6295.4			1.0
6296.3			1.0
6297.200000000001			1.0
6298.1			1.0
6299.0			1.006556451477291
6299.9			1.002775813800206
6300.8			0.9643774642267329
6301.700000000001			0.9236610925614941
6302.6			0.9297829166780681
6303.5			0.9748013286005963
6304.4			1.0038389815758701
6305.3			1.0
6306.200000000001			1.0
6307.1			1.0
6308.0			1.0
6308.9			1.0
6309.8			1.0
6310.700000000001			1.0
6311.6			1.0
6312.5			1.0
6313.4			1.0
6314.3			1.0
6315.200000000001			1.0
6316.1			1.0
6317.0			1.0
6317.9			1.0
6318.8			1.0
6319.700000000001			1.0
6320.6			1.0
6321.5			1.0
6322.4			1.0
6323.3			1.0
6324.200000000001			1.0
6325.1			1.0
6326.0			1.0
6326.9			1.0
6327.8			1.0
6328.700000000001			1.0
6329.6			1.0
6330.5			1.0
6331.4			1.0
6332.3			1.0165405092742372
6333.200000000001			1.0191976861462182
6334.1			0.9976988952852549
6335.0			0.9550266890382964
6335.9			0.9194176006782201
6336.8			0.9150805627290416
6337.700000000001			0.9315353950954471
6338.6			0.9510050966974516
6339.5			0.9712714165632432
6340.4			0.9926031726788213
6341.3			1.0001356486134316
6342.200000000001			1.0
6343.1			1.0
6344.0			1.0
6344.9			1.0
6345.8			1.0
6346.700000000001			1.0
6347.6			1.0
6348.5			1.0
6349.4			1.0
6350.3			1.0
6351.200000000001			1.0
6352.1			1.0
6353.0			1.0
6353.9			1.0
6354.8			1.0
6355.700000000001			1.0
6356.6			1.0
6357.5			1.0
6358.4			1.0
6359.3			1.0
6360.200000000001			1.0
6361.1			1.0
6362.0			1.0
6362.9			1.0
6363.8			1.0
6364.700000000001			1.0
6365.6			1.0
6366.5			1.0
6367.4			1.0
6368.3			1.0
6369.200000000001			1.0
6370.1			1.0
6371.0			1.0
6371.9			1.0
6372.8			1.0
6373.700000000001			1.0
6374.6			1.0
6375.5			1.0
6376.4			1.0
6377.3			1.0
6378.200000000001			1.0
6379.1			1.0
6380.0			1.0
6380.9			1.0
6381.8			1.0
6382.700000000001			1.0
6383.6			1.0
6384.5			1.0
6385.4			1.0
6386.3			1.0
6387.200000000001			1.0
6388.1			1.0
6389.0			1.0
6389.9			1.0
6390.8			1.0
6391.700000000001			1.0
6392.6			1.0
6393.5			1.0
6394.4			1.0
6395.3			1.0
6396.200000000001			1.0
6397.1			1.0105886935235975
6398.0			0.9953587981462105
6398.9			0.9412939900365337
6399.8			0.8843531037606718
6400.700000000001			0.8945862089604362
6401.6			0.955378907782848
6402.5			1.0004906355604501
6403.4			1.0
6404.3			1.0
6405.200000000001			1.0
6406.1			1.0
6407.0			1.0
6407.9			1.0
6408.8			1.0
6409.700000000001			1.0
6410.6			1.0
6411.5			1.0
6412.4			1.0
6413.3			1.0
6414.200000000001			1.0
6415.1			1.0
6416.0			1.0
6416.9			1.0
6417.8			1.0
6418.700000000001			1.0
6419.6			1.0
6420.5			1.0
6421.4			1.0
6422.3			1.0
6423.200000000001			1.0
6424.1			1.0
6425.0			1.0
6425.9			1.0
6426.8			1.0
6427.700000000001			1.0
6428.6			1.0
6429.5			1.0
6430.4			1.0
6431.3			1.0
6432.200000000001			1.0
6433.1			1.0
6434.0			1.0
6434.9			1.0
6435.8			1.0
6436.700000000001			1.0
6437.6			0.9685204242514344
6438.5			0.9167229011527319
6439.4			0.9051466316009613
6440.3			0.9490406699654773
6441.200000000001			0.9976894693547917
6442.1			1.0
6443.0			1.0
6443.9			1.0
6444.8			1.0
6445.700000000001			1.0
6446.6			1.0
6447.5			0.988600500665594
6448.4			0.9556693297119594
6449.3			0.9120212340004445
6450.200000000001			0.9012315775256229
6451.1			0.9381645154087849
6452.0			0.9805733684232192
6452.9			1.0005460703492637
6453.8			1.0
6454.700000000001			1.0
6455.6			1.0
6456.5			1.0
6457.4			1.0
6458.3			1.0
6459.200000000001			1.0
6460.1			0.9948464416124081
6461.0			0.9679316034722173
6461.9			0.9096283472987933
6462.8			0.8764833967395588
6463.700000000001			0.9149801218716288
6464.6			0.971786151604024
6465.5			0.9998533059926958
6466.4			1.0
6467.3			1.0
6468.200000000001			1.0
6469.1			1.0
6470.0			1.0
6470.9			1.0
6471.8			1.0
6472.700000000001			1.0
6473.6			1.0
6474.5			1.0
6475.4			0.9916842814003112
6476.3			0.9966084569866673
6477.200000000001			1.01504757051525
6478.1			1.0318277728284762
6479.0			1.0406411345177264
6479.9			1.0393326205526328
6480.8			1.0249208172839501
6481.700000000001			1.0
6482.6			0.9902890535497233
6483.5			0.9998664608352736
6484.4			1.0187193621364559
6485.3			1.030772895132432
6486.200000000001			1.0310914668507567
6487.1			1.027520580408895
6488.0			1.0248530830297145
6488.9			1.0237066925019231
6489.8			1.0228493495482105
6490.700000000001			1.0181424972183652
6491.6			1.011136479474054
6492.5			0.9882624035335505
6493.4			0.9295899312263844
6494.3			0.8631986456280496
6495.200000000001			0.8446886478723393
6496.1			0.8733171846814745
6497.0			0.9171283727756234
6497.9			0.9482509951940195
6498.8			0.9492651458904717
6499.700000000001			0.9487146322010802
6500.6			0.9741875956831313
6501.5			1.0018536852158606
6502.4			1.009343218530512
6503.3			1.010550070652358
6504.200000000001			1.0197653378722946
6505.1			1.0276585843729311
6506.0			1.028033345412215
6506.9			1.028106757244675
6507.8			1.0273629262708013
6508.700000000001			1.024184122144951
6509.6			1.026304333933134
6510.5			1.0312048622211376
6511.4			1.0331246738807311
6512.3			1.0319476975945387
6513.200000000001			1.0310671903256807
6514.1			1.0244649266136265
6515.0			1.0124538624104644
6515.9			1.0053916382490427
6516.8			1.001219890928264
6517.700000000001			0.9935338205483781
6518.6			0.9877977080212001
6519.5			0.9981806327460705
6520.4			1.0180246877191528
6521.3			1.0274671057603577
6522.200000000001			1.0239256640080385
6523.1			1.0175803457376382
6524.0			1.0118374819865625
6524.9			1.00391569495988
6525.8			0.9912192856714552
6526.700000000001			0.9784166567913164
6527.6			0.979745397020983
6528.5			0.9929493618888136
6529.4			1.0030253417393393
6530.3			1.0068667513381262
6531.200000000001			1.0020336358607602
6532.1			0.9875028778198728
6533.0			0.9738436291703201
6533.9			1.0
6534.8			1.0127482449733614
6535.700000000001			1.0239473270013653
6536.6			1.0239320738401403
6537.5			1.0201918571089097
6538.4			1.019471234702839
6539.3			1.0209091975228397
6540.200000000001			1.0241387011846008
6541.1			1.030084371886838
6542.0			1.0343475961692434
6542.9			1.0298226217889481
6543.8			1.0205802859277173
6544.700000000001			1.0038831059369762
6545.6			0.9759034744631686
6546.5			0.9649001578379133
6547.4			0.9858937920032221
6548.3			1.009598412548233
6549.200000000001			1.0176762601373899
6550.1			1.0185907360555464
6551.0			1.016436919037815
6551.9			1.0109758880294653
6552.8			1.0002756799626982
6553.700000000001			0.9844633970093285
6554.6			0.9695612126615681
6555.5			0.9685321948059663
6556.4			0.9792160317489649
6557.3			0.9824873270027769
6558.200000000001			0.9770724056871058
6559.1			0.9660231229026506
6560.0			0.933747874112446
6560.9			0.8527730471791604
6561.8			0.7237858344546722
6562.700000000001			0.629847962430425
6563.6			0.6710840589825561
6564.5			0.8091464256710686
6565.4			0.9219243206251774
6566.3			0.9705115996568443
6567.200000000001			1.0
6568.1			0.9903347905894078
6569.0			0.9798719186473959
6569.9			0.982560102422929
6570.8			0.9943406956420889
6571.700000000001			1.0030405833685703
6572.6			0.9982439211303122
6573.5			0.9854088398111228
6574.4			0.980408070496731
6575.3			0.9950763147308588
6576.200000000001			1.0222497774021062
6577.1			1.037645129554102
6578.0			1.0381151500770034
6578.9			1.0348060557236756
6579.8			1.0288810159055857
6580.700000000001			1.0211764048368839
6581.6			1.0200666363761801
6582.5			1.0293643524992113
6583.4			1.0325627397097439
6584.3			1.023142477691653
6585.200000000001			1.0171891798456527
6586.1			1.0176664907608612
6587.0			1.017959050869328
6587.9			1.0169445836097335
6588.8			1.018309525854866
6589.700000000001			1.0222648925283409
6590.6			1.0155938011473724
6591.5			0.9848375366063111
6592.4			0.9400289204328383
6593.3			0.9157581958189162
6594.200000000001			0.9386199412505026
6595.1			0.9815357912708665
6596.0			1.0038464490166858
6596.9			0.9995913758789811
6597.8			0.987473903161858
6598.700000000001			0.9883547289981554
6599.6			1.0051907248325143
6600.5			1.0220813151847796
6601.4			1.0271789437153676
6602.3			1.0236472958530924
6603.200000000001			1.0163332323795324
6604.1			1.0092856416525982
6605.0			1.009858079164544
6605.9			1.0152549091195433
6606.8			1.009144758344583
6607.700000000001			0.9846774522872713
6608.6			0.9613983810693628
6609.5			0.9647862205152492
6610.4			0.9889631675885178
6611.3			1.0036744656738277
6612.200000000001			1.0019298373978176
6613.1			0.9974707867971131
6614.0			1.0028127698335247
6614.9			1.013699860144227
6615.8			1.016273414289351
6616.700000000001			1.0132118236702312
6617.6			1.0141593454223026
6618.5			1.0204940343225513
6619.4			1.0251092316730204
6620.3			1.0253318358120695
6621.200000000001			1.0265171977143535
6622.1			1.0286235908309544
6623.0			1.0252005410587237
6623.9			1.0152391307552067
6624.8			1.0091098715822042
6625.700000000001			1.013119428744917
6626.6			1.019325414148217
6627.5			1.0227517008865494
6628.4			1.0277752851506166
6629.3			1.0319299670843012
6630.200000000001			1.0295058787801128
6631.1			1.0200658328258105
6632.0			1.00258774577419
6632.9			0.9751922166617487
6633.8			0.9568992628722212
6634.700000000001			0.9687277657049799
6635.6			0.992644386477941
6636.5			1.0082143671946218
6637.4			1.016244415540445
6638.3			1.012964646263999
6639.200000000001			1.0029222344455693
6640.1			1.0025420504360432
6641.0			1.0108518221472278
6641.9			1.0039367912081958
6642.8			0.9786207162625465
6643.700000000001			0.968736311311224
6644.6			0.9883966357072357
6645.5			1.0071575821097103
6646.4			1.0090178181318399
6647.3			1.0057912620865168
6648.200000000001			1.0056024805349222
6649.1			1.0093426166156108
6650.0			1.0120309011339232
6650.9			1.0095108524975613
6651.8			1.0071405397306494
6652.700000000001			1.010696871582818
6653.6			1.0144494917898774
6654.5			1.0097514498591302
6655.4			1.0018115775232952
6656.3			0.995927753605839
6657.200000000001			0.9913342462119681
6658.1			0.9922244532960105
6659.0			0.9992684300002836
6659.9			0.9992298787812128
6660.8			0.9892784681303842
6661.700000000001			0.9762310438058707
6662.6			0.9572886110428498
6663.5			0.9459161502700268
6664.4			0.962239165483542
6665.3			0.9830513291204583
6666.200000000001			0.9864838600327723
6667.1			0.981506412863199
6668.0			0.9767166511287276
6668.9			0.9767653321835529
6669.8			0.9854977987878392
6670.700000000001			0.9907118944029568
6671.6			0.9891021295673645
6672.5			0.9948496060315395
6673.4			1.0030835478175644
6674.3			1.0000021914318853
6675.200000000001			0.9901928412958879
6676.1			0.9749764827517117
6677.0			0.941095978860814
6677.9			0.9118683516087607
6678.8			0.9325472058312959
6679.700000000001			0.9768707497506214
6680.6			0.9944720769576663
6681.5			0.9947457654573624
6682.4			0.9971754408518654
6683.3			1.0008242366647948
6684.200000000001			1.0035381513596986
6685.1			1.0026618793915247
6686.0			1.0034665682311732
6686.9			1.008317275097784
6687.8			1.0058095656896984
6688.700000000001			1.0006477197995802
6689.6			0.9989901979906266
6690.5			0.9999450367515761
6691.4			1.0
6692.3			1.0
6693.200000000001			1.0
6694.1			1.0
6695.0			1.0
6695.9			1.0
6696.8			1.0
6697.700000000001			1.0
6698.6			1.0
6699.5			1.0
6700.4			1.0
6701.3			1.0
6702.200000000001			1.0
6703.1			1.0
6704.0			1.0
6704.9			1.0
6705.8			1.0
6706.700000000001			1.0
6707.6			1.0
6708.5			1.0
6709.4			1.0
6710.3			1.0
6711.200000000001			1.0
6712.1			1.0
6713.0			1.0
6713.9			1.0
6714.8			1.0
6715.700000000001			1.0
6716.6			1.0
6717.5			1.0
6718.4			1.0
6719.3			1.0
6720.200000000001			1.0
6721.1			1.0
6722.0			1.0
6722.9			1.0
6723.8			1.0
6724.700000000001			1.0
6725.6			1.0
6726.5			1.0
6727.4			1.0
6728.3			1.0
6729.200000000001			1.0
6730.1			1.0
6731.0			1.0
6731.9			1.0
6732.8			1.0
6733.700000000001			1.0
6734.6			1.0
6735.5			1.0
6736.4			1.0
6737.3			1.0
6738.200000000001			1.0
6739.1			1.0
6740.0			1.0
6740.9			1.0
6741.8			1.0
6742.700000000001			1.0
6743.6			1.0
6744.5			1.0
6745.4			1.0
6746.3			1.0
6747.200000000001			1.0
6748.1			1.0
6749.0			1.0
6749.9			1.0
6750.8			1.0
6751.700000000001			1.0
6752.6			1.0
6753.5			1.0
6754.4			1.0
6755.3			1.0
6756.200000000001			1.0
6757.1			1.0
6758.0			1.0
6758.9			1.0
6759.8			1.0
6760.700000000001			1.0
6761.6			1.0
6762.5			1.0
6763.4			1.0
6764.3			1.0
6765.200000000001			1.0
6766.1			1.0
6767.0			1.0
6767.9			1.0
6768.8			1.0
6769.700000000001			1.0
6770.6			1.0
6771.5			1.0
6772.4			1.0
6773.3			1.0
6774.200000000001			1.0
6775.1			1.0
6776.0			1.0
6776.9			1.0
6777.8			1.0
6778.700000000001			1.0
6779.6			1.0
6780.5			1.0
6781.4			1.0
6782.3			1.0
6783.200000000001			1.0
6784.1			1.0
6785.0			1.0
6785.9			1.0
6786.8			1.0
6787.700000000001			1.0
6788.6			1.0
6789.5			1.0
6790.4			1.0
6791.3			1.0
6792.200000000001			1.0
6793.1			1.0
6794.0			1.0
6794.9			1.0
6795.8			1.0
6796.700000000001			1.0
6797.6			1.0
6798.5			1.0
6799.4			1.0
6800.3			1.0
6801.200000000001			1.0
6802.1			1.0
6803.0			1.0
6803.9			1.0
6804.8			1.0
6805.700000000001			1.0
6806.6			1.0
6807.5			1.0
6808.4			1.0
6809.3			1.0
6810.200000000001			1.0
6811.1			1.0
6812.0			1.0
6812.9			1.0
6813.8			1.0
6814.700000000001			1.0
6815.6			1.0
6816.5			1.0
6817.4			1.0
6818.3			1.0
6819.200000000001			1.0
6820.1			1.0
6821.0			1.0
6821.9			1.0
6822.8			1.0
6823.700000000001			1.0
6824.6			1.0
6825.5			1.0
6826.4			1.0
6827.3			1.0
6828.200000000001			1.0
6829.1			1.0
6830.0			1.0
6830.9			1.0
6831.8			1.0
6832.700000000001			1.0
6833.6			1.0
6834.5			1.0
6835.4			1.0
6836.3			1.0
6837.200000000001			1.0
6838.1			1.0
6839.0			1.0
6839.9			1.0
6840.8			1.0
6841.700000000001			1.0
6842.6			1.0
6843.5			1.0
6844.4			1.0
6845.3			1.0
6846.200000000001			1.0
6847.1			1.0
6848.0			1.0
6848.9			1.0
6849.8			1.0
6850.700000000001			1.0
6851.6			1.0
6852.5			1.0
6853.4			1.0
6854.3			1.0
6855.200000000001			1.0
6856.1			1.0
6857.0			1.0
6857.9			1.0
6858.8			1.0
6859.700000000001			1.0
6860.6			1.0
6861.5			1.0
6862.4			1.0
6863.3			1.0
6864.200000000001			1.0
6865.1			1.0
6866.0			1.0
6866.9			1.0
6867.8			1.0
6868.700000000001			1.0
6869.6			1.0
6870.5			1.0
6871.4			1.0
6872.3			1.0
6873.200000000001			1.0
6874.1			1.0
6875.0			1.0
6875.9			1.0
6876.8			1.0
6877.700000000001			1.0
6878.6			1.0
6879.5			1.0
6880.4			1.0
6881.3			1.0
6882.200000000001			1.0
6883.1			1.0
6884.0			1.0
6884.9			1.0
6885.8			1.0
6886.700000000001			1.0
6887.6			1.0
6888.5			1.0
6889.4			1.0
6890.3			1.0
6891.200000000001			1.0
6892.1			1.0
6893.0			1.0
6893.9			1.0
6894.8			1.0
6895.700000000001			1.0
6896.6			1.0
6897.5			1.0
6898.4			1.0
6899.3			1.0
6900.200000000001			1.0
6901.1			1.0
6902.0			1.0
6902.9			1.0
6903.8			1.0
6904.700000000001			1.0
6905.6			1.0
6906.5			1.0
6907.4			1.0
6908.3			1.0
6909.200000000001			1.0
6910.1			1.0
6911.0			1.0
6911.9			1.0
6912.8			1.0
6913.700000000001			1.0
6914.6			1.0
6915.5			1.0
6916.4			1.0
6917.3			1.0
6918.200000000001			1.0
6919.1			1.0
6920.0			1.0
6920.9			1.0
6921.8			1.0
6922.700000000001			1.0
6923.6			1.0
6924.5			1.0
6925.4			1.0
6926.3			1.0
6927.200000000001			1.0
6928.1			1.0
6929.0			1.0
6929.9			1.0
6930.8			1.0
6931.700000000001			1.0
6932.6			1.0
6933.5			1.0
6934.4			1.0
6935.3			1.0
6936.200000000001			1.0
6937.1			1.0
6938.0			1.0
6938.9			1.0
6939.8			1.0
6940.700000000001			1.0
6941.6			1.0
6942.5			1.0
6943.4			1.0
6944.3			1.0
6945.200000000001			1.0
6946.1			1.0
6947.0			1.0
6947.9			1.0
6948.8			1.0
6949.700000000001			1.0
6950.6			1.0
6951.5			1.0
6952.4			1.0
6953.3			1.0
6954.200000000001			1.0
6955.1			1.0
6956.0			1.0
6956.9			1.0
6957.8			1.0
6958.700000000001			1.0
6959.6			1.0
6960.5			1.0
6961.4			1.0
6962.3			1.0
6963.200000000001			1.0
6964.1			1.0
6965.0			1.0
6965.9			1.0
6966.8			1.0
6967.700000000001			1.0
6968.6			1.0
6969.5			1.0
6970.4			1.0
6971.3			1.0
6972.200000000001			1.0
6973.1			1.001427405912547
6974.0			0.9926591859608098
6974.9			0.9709213679262314
6975.8			0.9496423173636289
6976.700000000001			0.9397535179356037
6977.6			0.9233423567547377
6978.5			0.9060717823419528
6979.4			0.9177725351161686
6980.3			0.953315225513345
6981.200000000001			0.9842167189490311
6982.1			0.9973954200371106
6983.0			0.9994322069884866
6983.9			0.999575124173303
6984.8			1.0
6985.700000000001			1.0
6986.6			1.0
6987.5			1.0
6988.4			1.0
6989.3			1.0
6990.200000000001			1.0060886929263788
6991.1			1.0169206943776417
6992.0			1.0211151619997347
6992.9			1.016346177540044
6993.8			1.0100418299995186
6994.700000000001			1.0056552470346312
6995.6			1.0036116998805005
6996.5			1.0043981436685157
6997.4			1.0055525777074616
6998.3			1.0007914604319794
6999.200000000001			0.9903200452507074
7000.1			0.9861666705474749
7001.0			0.9940029388203057
7001.9			0.9999988042535383
7002.8			0.9936341847032327
7003.700000000001			0.9805211524044376
7004.6			0.9667122018918554
7005.5			0.9559115715328343
7006.4			0.9552763412987177
7007.3			0.9647353353314272
7008.200000000001			0.978626108842975
7009.1			0.9889204802136619
7010.0			0.9900080125662646
7010.9			0.9839719563109398
7011.8			0.9786782937290283
7012.700000000001			0.9805659191693212
7013.6			0.985830060906403
7014.5			0.9748537397996029
7015.4			0.9400394319861151
7016.3			0.9181332235983528
7017.200000000001			0.9415670876152943
7018.1			0.9825349571917853
7019.0			1.0048443891159402
7019.9			1.0101750402976062
7020.8			1.0050653880190596
7021.700000000001			0.9905285219707316
7022.6			0.9743563087717508
7023.5			0.9630059729113207
7024.4			0.9644657141031162
7025.3			0.9864498270789649
7026.200000000001			1.0153325986550839
7027.1			1.023812512413458
7028.0			1.0135962392606526
7028.9			1.0067358999074314
7029.8			1.0057218406341084
7030.700000000001			1.0023667068163926
7031.6			0.9993717477552382
7032.5			0.997673274493892
7033.4			0.9891532931613756
7034.3			0.9772001043794463
7035.200000000001			0.9803728114763571
7036.1			0.9939524313448517
7037.0			0.9920057599540733
7037.9			0.9746117196955081
7038.8			0.9732614579517074
7039.700000000001			0.998562512174687
7040.6			1.024962560248364
7041.5			1.033841689456551
7042.4			1.0312013979673276
7043.3			1.024430656968521
7044.200000000001			1.0144546019008567
7045.1			1.0078567174463942
7046.0			1.0075146010267089
7046.9			1.0105246725783288
7047.8			1.0154852013409106
7048.700000000001			1.018867809910107
7049.6			1.0182858892913396
7050.5			1.017811380380053
7051.4			1.0135931938094427
7052.3			0.9990576417230602
7053.200000000001			0.9895891275362246
7054.1			0.9981847168634861
7055.0			1.0141311713011456
7055.9			1.0235521168005985
7056.8			1.0256389648943471
7057.700000000001			1.027969370229829
7058.6			1.0257395642110914
7059.5			1.012049155677244
7060.4			1.002371413610254
7061.3			1.0112126271366402
7062.200000000001			1.0273054657720477
7063.1			1.0375318066368868
7064.0			1.0444519666589605
7064.9			1.0467393433752308
7065.8			1.0353754966679924
7066.700000000001			1.0082544326281626
7067.6			0.9775329723080206
7068.5			0.96772252850059
7069.4			0.9829805352566378
7070.3			0.9991248078056209
7071.200000000001			1.0002134880118558
7072.1			0.9971424686421263
7073.0			0.9984581203612222
7073.9			1.0001811281675106
7074.8			1.0021369125172013
7075.700000000001			1.0047851198353466
7076.6			0.998043086402941
7077.5			0.9843915647697733
7078.4			0.980487620686791
7079.3			0.9833085144139603
7080.200000000001			0.9840030959784851
7081.1			0.9811826116400835
7082.0			0.96962539726217
7082.9			0.9436570339218266
7083.8			0.9117543625643931
7084.700000000001			0.8975087991930837
7085.6			0.9061890202588607
7086.5			0.91949016467479
7087.4			0.9279990823886047
7088.3			0.9329108721433438
7089.200000000001			0.9283548496918601
7090.1			0.9156115889848182
7091.0			0.9111206917597509
7091.9			0.918001887280263
7092.8			0.9233277077546546
7093.700000000001			0.9216634928368219
7094.6			0.9109019117230699
7095.5			0.8975489356672014
7096.4			0.8918179642262372
7097.3			0.9025207788982964
7098.200000000001			0.9512576188765924
7099.1			1.0010553394267567
7100.0			1.01097898128833
7100.9			1.0109942293733678
7101.8			1.0071577299566945
7102.700000000001			1.0022783876657393
7103.6			0.9999062783219635
7104.5			1.0021540218041045
7105.4			1.0040503195405608
7106.3			1.0021065250392274
7107.200000000001			1.0015429218589647
7108.1			1.0032065127751815
7109.0			1.0014672836755985
7109.9			0.9912281383667629
7110.8			0.9788093378935773
7111.700000000001			0.9748845787360609
7112.6			0.9818116067967267
7113.5			0.9905759100495554
7114.4			0.9939103175177321
7115.3			0.992662816364695
7116.200000000001			0.9898908469679625
7117.1			0.9880974304559217
7118.0			0.9876053678747292
7118.9			0.9863779699425504
7119.8			0.9832794355959595
7120.700000000001			0.974874448858826
7121.6			0.9633240231340967
7122.5			0.966014508465722
7123.4			0.9824449569990432
7124.3			0.9922866003259067
7125.200000000001			0.9909723467750621
7126.1			0.9863723115013817
7127.0			0.9845262557542351
7127.9			0.9846192559531436
7128.8			0.9779834648625431
7129.700000000001			0.9591689262494562
7130.6			0.9442714698808804
7131.5			0.9504555577235148
7132.4			0.9679652380890508
7133.3			0.9823065931468683
7134.200000000001			0.9912890276507776
7135.1			0.9966940219362158
7136.0			0.9998685463035333
7136.9			1.0004355891575396
7137.8			0.9988872513436676
7138.700000000001			0.997972350930403
7139.6			1.0000062498874414
7140.5			1.0
7141.4			1.0
7142.3			1.0
7143.200000000001			1.0
7144.1			1.0
7145.0			1.0
7145.9			1.0
7146.8			1.0
7147.700000000001			1.0
7148.6			1.0
7149.5			1.0
7150.4			1.0
7151.3			1.0
7152.200000000001			1.0
7153.1			1.0
7154.0			1.0
7154.9			1.0
7155.8			1.0
7156.700000000001			1.0
7157.6			1.0
7158.5			1.0
7159.4			1.0
7160.3			0.9963467885041736
7161.200000000001			0.9991074631803925
7162.1			0.9935796571615959
7163.0			0.9683752910233191
7163.9			0.9381586489887668
7164.8			0.9320488357844504
7165.700000000001			0.9569882017583509
7166.6			0.990254524044228
7167.5			1.0122779352103406
7168.4			1.0181127787031463
7169.3			1.0151135910115954
7170.200000000001			1.0121040087093862
7171.1			1.0114951001369723
7172.0			1.013847796307337
7172.9			1.0193093997970255
7173.8			1.0217028479210506
7174.700000000001			1.0108429997143973
7175.6			0.9965668420396772
7176.5			0.9969475079301188
7177.4			1.0085363611725158
7178.3			1.0152327162924066
7179.200000000001			1.003123475461294
7180.1			0.976459766054606
7181.0			0.9594114517607861
7181.9			0.9681159950058261
7182.8			0.9888583994360949
7183.700000000001			1.0013185815203138
7184.6			1.0036260295720572
7185.5			0.9925814769870525
7186.4			0.9689742143179836
7187.3			0.9575474533027319
7188.200000000001			0.9639684955302673
7189.1			0.9721488712374924
7190.0			0.979753842504242
7190.9			0.9866495707612157
7191.8			0.9847861019372519
7192.700000000001			0.9764718065837734
7193.6			0.9758459565818498
7194.5			0.9861454783465547
7195.4			0.9930882252148029
7196.3			0.9906671495255084
7197.200000000001			0.9954388389165658
7198.1			1.0106849309483137
7199.0			1.0209956550594388
7199.9			1.0195613967404589
7200.8			1.008489340151463
7201.700000000001			0.9936253802443397
7202.6			0.9898881598341024
7203.5			1.0031450965450504
7204.4			1.014551392288557
7205.3			1.0008041118450413
7206.200000000001			0.9615327382682705
7207.1			0.9370053765403916
7208.0			0.9495494633213268
7208.9			0.9758091142144585
7209.8			0.9996256218576854
7210.700000000001			1.0204961155349197
7211.6			1.0304016093316033
7212.5			1.0259382870982272
7213.4			1.020504753675254
7214.3			1.0163428678346538
7215.200000000001			1.0107461141470446
7216.1			1.0108736751583807
7217.0			1.0190273231144196
7217.9			1.0243038761300651
7218.8			1.0193367975748218
7219.700000000001			1.010566080770047
7220.6			1.005595824664251
7221.5			1.005914539639968
7222.4			1.0046279544382257
7223.3			1.0073306978344845
7224.200000000001			1.0182378782561066
7225.1			1.0253222722015238
7226.0			1.0280638949203105
7226.9			1.033182150203263
7227.8			1.0328129864162772
7228.700000000001			1.0266385041311157
7229.6			1.0254538821311971
7230.5			1.0340241969650845
7231.4			1.0447142129350437
7232.3			1.052437707547348
7233.200000000001			1.0528197174574536
7234.1			1.042821228147829
7235.0			1.0331111006301823
7235.9			1.0324338327678593
7236.8			1.0377858226654733
7237.700000000001			1.036629687800939
7238.6			1.0246954029331192
7239.5			1.0170144941293107
7240.4			1.0264400962707936
7241.3			1.0398710348742803
7242.200000000001			1.0442488110852612
7243.1			1.0393149091206544
7244.0			1.030226640724534
7244.9			1.0247858236803744
7245.8			1.0301229604629967
7246.700000000001			1.039733686142993
7247.6			1.043736942085451
7248.5			1.0397017810642761
7249.4			1.0292159553836915
7250.3			1.0177409588473707
7251.200000000001			1.0184266971768563
7252.1			1.0319340870270464
7253.0			1.044700311301948
7253.9			1.0457498049071976
7254.8			1.0416415197252273
7255.700000000001			1.0447769948877577
7256.6			1.0564160416186967
7257.5			1.0661576608338306
7258.4			1.0669768325721563
7259.3			1.0562847448876627
7260.200000000001			1.0319586573836168
7261.1			1.0112798392285944
7262.0			1.016152796413019
7262.9			1.0354556528779049
7263.8			1.0496329986734922
7264.700000000001			1.0578629006629923
7265.6			1.0614934979059896
7266.5			1.063856937893682
7267.4			1.061927440000005
7268.3			1.056175264207949
7269.200000000001			1.0528049183623842
7270.1			1.0515285116839432
7271.0			1.0504012957100872
7271.9			1.051705341962372
7272.8			1.0571803527606907
7273.700000000001			1.056714909400637
7274.6			1.0481324169404944
7275.5			1.0434851778261713
7276.4			1.0495296404442167
7277.3			1.0594397407861464
7278.200000000001			1.0633307780040482
7279.1			1.0592198263971107
7280.0			1.0536655119643672
7280.9			1.0418833090387096
7281.8			1.0216050226429625
7282.700000000001			1.0041239203354184
7283.6			0.9970649080396424
7284.5			0.9999658598353139
7285.4			1.0125236152337735
7286.3			1.023133596734583
7287.200000000001			1.0176268533200603
7288.1			0.9971769124028851
7289.0			0.9854564156914962
7289.9			0.990229212820817
7290.8			0.9937200263883796
7291.700000000001			0.9867487999761243
7292.6			0.9840352444088434
7293.5			0.9982935610626986
7294.4			1.0212099921423627
7295.3			1.040279211071655
7296.200000000001			1.0504012629528447
7297.1			1.0487997605529564
7298.0			1.0429114285471786
7298.9			1.0398588840371972
7299.8			1.0366490510518516
7300.700000000001			1.0362292824310482
7301.6			1.0391784313107761
7302.5			1.0447815737098867
7303.4			1.0532250826144987
7304.3			1.0566498270505174
7305.200000000001			1.0460503008129192
7306.1			1.0296976704102856
7307.0			1.0201807361564044
7307.9			1.023878686211605
7308.8			1.0324732438549673
7309.700000000001			1.0289235952695528
7310.6			1.0157858671422146
7311.5			1.0180210026291405
7312.4			1.0377042784676829
7313.3			1.0532711348389456
7314.200000000001			1.0575246445365043
7315.1			1.0544221813703218
7316.0			1.0498081747850194
7316.9			1.0475992595463655
7317.8			1.0515851299747725
7318.700000000001			1.054753731224571
7319.6			1.044486961518679
7320.5			1.0335151582748077
7321.4			1.0351718160660561
7322.3			1.040361214634558
7323.200000000001			1.038549259737882
7324.1			1.028055654293911
7325.0			1.0046178933198608
7325.9			0.9846486903357154
7326.8			0.993453133094368
7327.700000000001			1.0207010333352386
7328.6			1.036424910987024
7329.5			1.0330117992848733
7330.4			1.0231790194487422
7331.3			1.021907208775758
7332.200000000001			1.0269155654907425
7333.1			1.0281829486110443
7334.0			1.031815789633704
7334.9			1.0380834617457586
7335.8			1.0427085184748175
7336.700000000001			1.0467257784063684
7337.6			1.0512899621094989
7338.5			1.0569554807123134
7339.4			1.0591343657133447
7340.3			1.0589075564271346
7341.200000000001			1.055601233280158
7342.1			1.0470565356358743
7343.0			1.0333349034801316
7343.9			1.0226481947575141
7344.8			1.0239522252982087
7345.700000000001			1.0308926058347945
7346.6			1.0376532203164563
7347.5			1.0423541041749198
7348.4			1.0432898553587144
7349.3			1.0362156558839286
7350.200000000001			1.0236789183285813
7351.1			1.018808922314297
7352.0			1.025294430832623
7352.9			1.0291227985854823
7353.8			1.0214107604175087
7354.700000000001			1.0066182219029602
7355.6			0.9952400458759869
7356.5			1.0000979756995065
7357.4			1.0
7358.3			1.0
7359.200000000001			1.0
7360.1			1.0
7361.0			1.0
7361.9			1.0
7362.8			1.0
7363.700000000001			1.0
7364.6			1.0
7365.5			1.0
7366.4			1.0
7367.3			1.0
7368.200000000001			1.0
7369.1			1.0
7370.0			1.0
7370.9			1.0
7371.8			1.0
7372.700000000001			1.0
7373.6			1.0
7374.5			1.0
7375.4			1.0
7376.3			1.0
7377.200000000001			1.0
7378.1			1.0
7379.0			1.0
7379.9			1.0
7380.8			1.0
7381.700000000001			1.0
7382.6			1.0
7383.5			1.0
7384.4			1.0
7385.3			1.0
7386.200000000001			1.0
7387.1			1.0
7388.0			1.0
7388.9			1.0
7389.8			1.0
7390.700000000001			1.0
7391.6			1.0
7392.5			1.0
7393.4			1.0
7394.3			1.0
7395.200000000001			1.0
7396.1			1.0
7397.0			1.0
7397.9			1.0
7398.8			1.0
7399.700000000001			1.0
7400.6			1.0
7401.5			1.0
7402.4			1.0
7403.3			1.0
7404.200000000001			1.0
7405.1			1.0
7406.0			1.0
7406.9			1.0
7407.8			1.0
7408.700000000001			1.0
7409.6			1.0
7410.5			1.0
7411.4			1.0
7412.3			1.0
7413.200000000001			1.0
7414.1			1.0
7415.0			1.0
7415.9			1.0
7416.8			1.0
7417.700000000001			1.0
7418.6			1.0
7419.5			1.0
7420.4			1.0
7421.3			1.0
7422.200000000001			1.0
7423.1			1.0
7424.0			1.0
7424.9			1.0
7425.8			1.0
7426.700000000001			1.0
7427.6			1.0
7428.5			1.0
7429.4			1.0
