3500.0			1.0
3500.9			1.0
3501.8			1.0
3502.7			1.0
3503.6			1.0
3504.5			1.0
3505.4			1.0
3506.3			1.0
3507.2			1.0
3508.1			1.0
3509.0			1.0
3509.9			1.0
3510.8			1.0
3511.7			1.0
3512.6			1.0
3513.5			1.0
3514.4			1.0
3515.3			1.0
3516.2			1.0
3517.1			1.0
3518.0			1.0
3518.9			1.0
3519.8			1.0
3520.7			1.0
3521.6			1.0
3522.5			1.0
3523.4			1.0
3524.3			1.0
3525.2			1.0
3526.1			1.0
3527.0			1.0
3527.9			1.0
3528.8			1.0
3529.7			1.0
3530.6			1.0
3531.5			1.0
3532.4			1.0
3533.3			1.0
3534.2			1.0
3535.1			1.0
3536.0			1.0
3536.9			1.0
3537.8			1.0
3538.7			1.0
3539.6			1.0
3540.5			1.0
3541.4			1.0
3542.3			1.0
3543.2			1.0
3544.1			1.0
3545.0			1.0
3545.9			1.0
3546.8			1.0
3547.7			1.0
3548.6			1.0
3549.5			1.0
3550.4			1.0
3551.3			1.0
3552.2			1.0
3553.1			1.0
3554.0			1.0
3554.9			1.0
3555.8			1.0
3556.7			1.0
3557.6			1.0
3558.5			1.0
3559.4			1.0
3560.3			1.0
3561.2			1.0
3562.1			1.0
3563.0			1.0
3563.9			1.0
3564.8			1.0
3565.7			1.0
3566.6			1.0
3567.5			1.0
3568.4			1.0
3569.3			1.0
3570.2			1.0
3571.1			1.0
3572.0			1.0
3572.9			1.0
3573.8			1.0
3574.7			1.0
3575.6			1.0
3576.5			1.0
3577.4			1.0
3578.3			1.0
3579.2			1.0
3580.1			1.0
3581.0			1.0
3581.9			1.0
3582.8			1.0
3583.7			1.0
3584.6			1.0
3585.5			1.0
3586.4			1.0
3587.3			1.0
3588.2			1.0
3589.1			1.0
3590.0			1.0
3590.9			1.0
3591.8			1.0
3592.7			1.0
3593.6			1.0
3594.5			1.0
3595.4			1.0
3596.3			1.0
3597.2			1.0
3598.1			1.0
3599.0			1.0
3599.9			1.0
3600.8			1.0
3601.7			1.0
3602.6			1.0
3603.5			1.0
3604.4			1.0
3605.3			1.0
3606.2			1.0
3607.1			1.0
3608.0			1.0
3608.9			1.0
3609.8			1.0
3610.7			1.0
3611.6			1.0
3612.5			1.0
3613.4			1.0
3614.3			1.0
3615.2			1.0
3616.1			1.0
3617.0			1.0
3617.9			1.0
3618.8			1.0
3619.7			1.0
3620.6			1.0
3621.5			1.0
3622.4			1.0
3623.3			1.0
3624.2			1.0
3625.1			1.0
3626.0			1.0
3626.9			1.0
3627.8			1.0
3628.7			1.0
3629.6			1.0
3630.5			1.0
3631.4			1.0
3632.3			1.0
3633.2			1.0
3634.1			1.0
3635.0			1.0
3635.9			1.0
3636.8			1.0
3637.7			1.0
3638.6			1.0
3639.5			1.0
3640.4			1.0
3641.3			1.0
3642.2			1.0
3643.1			1.0
3644.0			1.0
3644.9			1.0
3645.8			1.0
3646.7			1.0
3647.6			1.0
3648.5			1.0
3649.4			1.0
3650.3			1.0
3651.2			1.0
3652.1			1.0
3653.0			1.0
3653.9			1.0
3654.8			1.0
3655.7			1.0
3656.6			1.0
3657.5			1.0
3658.4			1.0
3659.3			1.0
3660.2			1.0
3661.1			1.0
3662.0			1.0
3662.9			1.0
3663.8			1.0
3664.7			1.0
3665.6			1.0
3666.5			1.0
3667.4			1.0
3668.3			1.0
3669.2			1.0
3670.1			1.0
3671.0			1.0
3671.9			1.0
3672.8			1.0
3673.7			1.0
3674.6			1.0
3675.5			1.0
3676.4			1.0
3677.3			1.0
3678.2			1.0
3679.1			1.0
3680.0			1.0
3680.9			1.0
3681.8			1.0
3682.7			1.0
3683.6			1.0
3684.5			1.0
3685.4			1.0
3686.3			1.0
3687.2			1.0
3688.1			1.0
3689.0			1.0
3689.9			1.0
3690.8			1.0
3691.7			1.0
3692.6			1.0
3693.5			1.0
3694.4			1.0
3695.3			1.0
3696.2			1.0
3697.1			1.0
3698.0			1.0
3698.9			1.0
3699.8			1.0
3700.7			1.0
3701.6			1.0
3702.5			1.0
3703.4			1.0
3704.3			1.0
3705.2			1.0
3706.1			1.0
3707.0			1.0
3707.9			1.0
3708.8			1.0
3709.7			1.0
3710.6			1.0
3711.5			1.0
3712.4			1.0
3713.3			1.0
3714.2			1.0
3715.1			1.0
3716.0			1.0
3716.9			1.0
3717.8			1.0
3718.7			1.0
3719.6			1.0
3720.5			1.0
3721.4			1.0
3722.3			1.0
3723.2			1.0
3724.1			1.0
3725.0			1.0
3725.9			1.0
3726.8			1.0
3727.7			1.0
3728.6			1.0
3729.5			1.0
3730.4			1.0
3731.3			1.0
3732.2			1.0
3733.1			1.0
3734.0			1.0
3734.9			1.0
3735.8			1.0
3736.7			1.0
3737.6			1.0
3738.5			1.0
3739.4			1.0
3740.3			1.0
3741.2			1.0
3742.1			1.0
3743.0			1.0
3743.9			1.0
3744.8			1.0
3745.7			1.0
3746.6			1.0
3747.5			1.0
3748.4			1.0
3749.3			1.0
3750.2			1.0
3751.1			1.0
3752.0			1.0
3752.9			1.0
3753.8			1.0
3754.7			1.0
3755.6			1.0
3756.5			1.0
3757.4			1.0
3758.3			1.0
3759.2			1.0
3760.1			1.0
3761.0			1.0
3761.9			1.0
3762.8			1.0
3763.7			1.0
3764.6			1.0
3765.5			1.0
3766.4			1.0
3767.3			1.0
3768.2			1.0
3769.1			1.0
3770.0			1.0
3770.9			1.0
3771.8			1.0
3772.7			1.0
3773.6			1.0
3774.5			1.0
3775.4			1.0
3776.3			1.0
3777.2			1.0
3778.1			1.0
3779.0			1.0
3779.9			1.0
3780.8			1.0
3781.7			1.0
3782.6			1.0
3783.5			1.0
3784.4			1.0
3785.3			1.0
3786.2			1.0
3787.1			1.0
3788.0			1.0
3788.9			1.0
3789.8			1.0
3790.7			1.0
3791.6			1.0
3792.5			1.0
3793.4			1.0
3794.3			1.0
3795.2			1.0
3796.1			1.0
3797.0			1.0
3797.9			1.0
3798.8			1.0
3799.7			1.0
3800.6			1.0
3801.5			1.0
3802.4			1.0
3803.3			1.0
3804.2			1.0
3805.1			1.0
3806.0			1.0
3806.9			1.0
3807.8			1.0
3808.7			1.0
3809.6			1.0
3810.5			1.0
3811.4			1.0
3812.3			1.0
3813.2			1.0
3814.1			1.0
3815.0			1.0
3815.9			1.0
3816.8			1.0
3817.7			1.0
3818.6			1.0
3819.5			1.0
3820.4			1.0
3821.3			1.0
3822.2			1.0
3823.1			1.0
3824.0			1.0
3824.9			1.0
3825.8			1.0
3826.7			1.0
3827.6			1.0
3828.5			1.0
3829.4			1.0
3830.3			1.0
3831.2			1.0
3832.1			1.0
3833.0			1.0
3833.9			1.0
3834.8			1.0
3835.7			1.0
3836.6			1.0
3837.5			1.0
3838.4			1.0
3839.3			1.0
3840.2			1.0
3841.1			1.0
3842.0			1.0
3842.9			1.0
3843.8			1.0
3844.7			1.0
3845.6			1.0
3846.5			1.0
3847.4			1.0
3848.3			1.0
3849.2			1.0
3850.1			1.0
3851.0			1.0
3851.9			1.0
3852.8			1.0
3853.7			1.0
3854.6			1.0
3855.5			1.0
3856.4			1.0
3857.3			1.0
3858.2			1.0
3859.1			1.0
3860.0			1.0
3860.9			1.0
3861.8			1.0
3862.7			1.0
3863.6			1.0
3864.5			1.0
3865.4			1.0
3866.3			1.0
3867.2			1.0
3868.1			1.0
3869.0			1.0
3869.9			1.0
3870.8			1.0
3871.7			1.0
3872.6			1.0
3873.5			1.0
3874.4			1.0
3875.3			1.0
3876.2			1.0
3877.1			1.0
3878.0			1.0
3878.9			1.0
3879.8			1.0
3880.7			1.0
3881.6			1.0
3882.5			1.0
3883.4			1.0
3884.3			1.0
3885.2			1.0
3886.1			1.0
3887.0			1.0
3887.9			1.0
3888.8			1.0
3889.7			1.0
3890.6			1.0
3891.5			1.0
3892.4			1.0
3893.3			1.0
3894.2			1.0
3895.1			1.0
3896.0			1.0
3896.9			1.0
3897.8			1.0
3898.7			1.0
3899.6			1.0
3900.5			1.0
3901.4			1.0
3902.3			1.0
3903.2			1.0
3904.1			1.0
3905.0			1.0
3905.9			1.0
3906.8			1.0
3907.7			1.0
3908.6			1.0
3909.5			1.0
3910.4			1.0
3911.3			1.0
3912.2			1.0
3913.1			1.0
3914.0			1.0
3914.9			1.0
3915.8			1.0
3916.7			1.0
3917.6			1.0
3918.5			1.0
3919.4			1.0
3920.3			1.0
3921.2			1.0
3922.1			1.0
3923.0			1.0
3923.9			1.0
3924.8			1.0
3925.7			1.0
3926.6			1.0
3927.5			1.0
3928.4			1.0
3929.3			1.0
3930.2			1.0
3931.1			1.0
3932.0			1.0
3932.9			1.0
3933.8			1.0
3934.7			1.0
3935.6			1.0
3936.5			1.0
3937.4			1.0
3938.3			1.0
3939.2			1.0
3940.1			1.0
3941.0			1.0
3941.9			1.0
3942.8			1.0
3943.7			1.0
3944.6			1.0
3945.5			1.0
3946.4			1.0
3947.3			1.0
3948.2			1.0
3949.1			1.0
3950.0			1.0
3950.9			1.0
3951.8			1.0
3952.7			1.0
3953.6			1.0
3954.5			1.0
3955.4			1.0
3956.3			1.0
3957.2			1.0
3958.1			1.0
3959.0			1.0
3959.9			1.0
3960.8			1.0
3961.7			1.0
3962.6			1.0
3963.5			1.0
3964.4			1.0
3965.3			1.0
3966.2			1.0
3967.1			1.0
3968.0			1.0
3968.9			1.0
3969.8			1.0
3970.7			1.0
3971.6			1.0
3972.5			1.0
3973.4			1.0
3974.3			1.0
3975.2			1.0
3976.1			1.0
3977.0			1.0
3977.9			1.0
3978.8			1.0
3979.7			1.0
3980.6			1.0
3981.5			1.0
3982.4			1.0
3983.3			1.0
3984.2			1.0
3985.1			1.0
3986.0			1.0
3986.9			1.0
3987.8			1.0
3988.7			1.0
3989.6			1.0
3990.5			1.0
3991.4			1.0
3992.3			1.0
3993.2			1.0
3994.1			1.0
3995.0			1.0
3995.9			1.0
3996.8			1.0
3997.7			1.0
3998.6			1.0
3999.5			1.0
4000.4			1.0
4001.3			1.0
4002.2			1.0
4003.1			0.9959040067058526
4004.0			0.9487286289349638
4004.9			0.8532016089144566
4005.8			0.808206760931822
4006.7			0.8643248141875343
4007.6			0.9478749813285547
4008.5			0.9999768481906129
4009.4			1.0
4010.3			1.0
4011.2			1.0
4012.1			1.0
4013.0			1.0
4013.9			1.0
4014.8			1.0
4015.7			1.0
4016.6			1.0
4017.5			1.0
4018.4			1.0
4019.3			1.0
4020.2			1.0
4021.1			1.0
4022.0			1.0
4022.9			1.0
4023.8			1.0
4024.7			1.0
4025.6			1.0
4026.5			1.0
4027.4			1.0396290465540126
4028.3			0.9995508269906532
4029.2			0.9067717053592409
4030.1			0.7894273800811635
4031.0			0.7045767031568465
4031.9			0.6929896777473014
4032.8			0.7352770412326111
4033.7			0.7985166276256405
4034.6			0.8672305139143122
4035.5			0.9373065239649431
4036.4			1.0011787399061731
4037.3			1.0
4038.2			1.0
4039.1			1.0
4040.0			1.0
4040.9			1.0
4041.8			1.0
4042.7			1.0208674943058813
4043.6			0.9598058692631484
4044.5			0.8311101997431598
4045.4			0.7568939293561296
4046.3			0.8226593607172273
4047.2			0.9480164175745707
4048.1			1.0
4049.0			0.9603665785591249
4049.9			0.9136168730102633
4050.8			0.9007198837072005
4051.7			0.8891633105460226
4052.6			0.8524249214610602
4053.5			0.8087453730082247
4054.4			0.7938650792211073
4055.3			0.8192627782387364
4056.2			0.8605590073862532
4057.1			0.8856285332161197
4058.0			0.9012876534646889
4058.9			0.9415641283091084
4059.8			1.0
4060.7			1.0248810170824838
4061.6			0.9673857857281711
4062.5			0.8648635053221583
4063.4			0.8223502175826999
4064.3			0.8977653760182851
4065.2			1.0004708168684684
4066.1			1.010900645332727
4067.0			1.0
4067.9			1.0
4068.8			1.0
4069.7			1.0
4070.6			1.0
4071.5			1.0
4072.4			1.0
4073.3			1.0382639701857046
4074.2			1.0201483400836164
4075.1			0.9204778716490488
4076.0			0.7734455673054597
4076.9			0.6616677793578088
4077.8			0.6572788150534277
4078.7			0.7498101388840569
4079.6			0.8734823460676586
4080.5			0.9731688407744312
4081.4			1.0155725920011094
4082.3			1.0000941447833471
4083.2			1.0
4084.1			1.0
4085.0			1.0
4085.9			1.0
4086.8			1.0
4087.7			1.0
4088.6			1.0
4089.5			1.0
4090.4			1.0
4091.3			1.0
4092.2			1.0
4093.1			1.0
4094.0			1.0
4094.9			1.0
4095.8			1.0
4096.7			1.0
4097.6			0.9902070951533979
4098.5			0.9720490364741378
4099.4			0.9043662679851547
4100.3			0.783077593190882
4101.2			0.675827334358363
4102.1			0.6689717073666275
4103.0			0.7642963081741392
4103.9			0.8883046894237608
4104.8			0.9792719015565354
4105.7			1.0139361056375706
4106.6			0.9984975172931582
4107.5			1.0
4108.4			1.0
4109.3			1.0
4110.2			1.0
4111.1			1.0
4112.0			1.0
4112.9			1.0
4113.8			1.0
4114.7			1.0
4115.6			1.0
4116.5			1.0
4117.4			0.9461174444248202
4118.3			0.8641965743165584
4119.2			1.0
4120.1			1.0269093639411102
4121.0			1.0582056429841085
4121.9			1.0394196648652454
4122.8			1.0070482173630932
4123.7			1.0119024090774749
4124.6			1.0448721329484756
4125.5			1.0534346812865512
4126.4			1.0054897322681224
4127.3			0.9186838920562506
4128.2			0.8502867409760414
4129.1			0.8394356947490261
4130.0			0.8660652243666492
4130.9			0.8771903531040298
4131.8			0.8470457554244241
4132.7			0.8117866671753599
4133.6			0.8222531544056605
4134.5			0.8889048251318029
4135.4			0.9649169367510749
4136.3			0.9871536246446695
4137.2			0.9742949569306022
4138.1			1.002967795289837
4139.0			1.0
4139.9			1.0
4140.8			0.965423233297184
4141.7			0.868886367427267
4142.6			0.765559313630848
4143.5			0.7353327061170682
4144.4			0.8085832059152389
4145.3			0.9231143332453622
4146.2			1.0045575930408417
4147.1			1.0
4148.0			1.0
4148.9			1.0
4149.8			1.0
4150.7			1.0013362911186228
4151.6			1.0214287715047738
4152.5			1.0157702248083051
4153.4			0.9762341372935739
4154.3			0.932348922525911
4155.2			0.905609037631487
4156.1			0.9017231983693363
4157.0			0.9354191633082928
4157.9			0.9914134583172588
4158.8			1.0216450541320092
4159.7			1.000132521449446
4160.6			1.0
4161.5			1.0
4162.4			1.0
4163.3			1.0
4164.2			1.010585189480764
4165.1			1.0139309501290954
4166.0			1.0091340005152036
4166.9			1.0008653953955131
4167.8			1.0172227076341431
4168.7			1.0521132429944242
4169.6			1.0520907401430675
4170.5			0.9810412282767099
4171.4			0.8592152011857636
4172.3			0.7494091593813066
4173.2			0.7123034267764253
4174.1			0.7605584705059805
4175.0			0.8490656591515036
4175.9			0.9017078422535156
4176.8			0.8751661749058869
4177.7			0.8144293799638204
4178.6			0.8166273531633368
4179.5			0.9211860083232498
4180.4			1.0340205796427309
4181.3			1.0487138758706804
4182.2			1.0033893737581723
4183.1			1.0
4184.0			1.0
4184.9			1.0
4185.8			1.0
4186.7			1.0
4187.6			1.0
4188.5			1.0
4189.4			1.0
4190.3			1.0
4191.2			1.0
4192.1			1.0
4193.0			1.0
4193.9			1.0225845301697125
4194.8			0.9573866360392405
4195.7			0.8699591027320364
4196.6			0.8223807426203198
4197.5			0.7995266321054577
4198.4			0.7915516008611703
4199.3			0.8383523110448351
4200.2			0.9061418022800511
4201.1			0.9084809054388884
4202.0			0.862035358014902
4202.9			0.8388873410679734
4203.8			0.8354074724759126
4204.7			0.8301252109662105
4205.6			0.861737835115051
4206.5			0.9496739702895766
4207.4			1.0408307861490127
4208.3			1.0752475504315813
4209.2			1.0619044730935434
4210.1			1.0666847569624875
4211.0			1.1181353100735765
4211.9			1.0
4212.8			1.0284451834775918
4213.7			0.9944156563716307
4214.6			0.8906871531139151
4215.5			0.7970321806744148
4216.4			0.813126362036336
4217.3			0.917409011047426
4218.2			0.9976993816127097
4219.1			1.0
4220.0			1.0
4220.9			1.0
4221.8			1.0
4222.7			0.9328406503789067
4223.6			0.8641460071767806
4224.5			0.7919900841517319
4225.4			0.7048890800427036
4226.3			0.6468379102256383
4227.2			0.6891033135321502
4228.1			0.8242585419008998
4229.0			0.9517880124304784
4229.9			1.0045134424888857
4230.8			1.0
4231.7			1.0
4232.6			1.0
4233.5			1.0
4234.4			1.0
4235.3			1.0
4236.2			1.0
4237.1			1.0
4238.0			1.0
4238.9			1.0
4239.8			1.0
4240.7			1.0678658930862273
4241.6			1.099315836777942
4242.5			1.0891655214834925
4243.4			1.0914277182194803
4244.3			1.0940532379409136
4245.2			1.0352796060572824
4246.1			0.9332315979597248
4247.0			0.879218687122834
4247.9			0.9085276321105441
4248.8			0.9616605353722041
4249.7			0.9769717469608286
4250.6			0.9700805040525668
4251.5			0.9824911909998691
4252.4			1.0022613122067272
4253.3			0.999454016887237
4254.2			1.0
4255.1			1.0
4256.0			1.0
4256.9			1.0
4257.8			0.9610438782424626
4258.7			0.9073915373870663
4259.6			0.868282197886635
4260.5			0.8594175962533406
4261.4			0.8969839239635967
4262.3			0.95948322026223
4263.2			1.0020778377660162
4264.1			1.0
4265.0			1.0
4265.9			1.0229919160969998
4266.8			1.0023622188101793
4267.7			0.9543711984550733
4268.6			0.9158691089789208
4269.5			0.882293438439006
4270.4			0.8240955922701497
4271.3			0.7684950431769813
4272.2			0.772953988027928
4273.1			0.818466815807042
4274.0			0.8463897234193587
4274.9			0.8719986137184097
4275.8			0.9345243774955977
4276.7			1.002449014446658
4277.6			1.0
4278.5			1.0
4279.4			1.0
4280.3			1.0
4281.2			1.0
4282.1			1.0
4283.0			1.0
4283.9			1.0
4284.8			0.9896914737791793
4285.7			0.9686556456411918
4286.6			0.9498131281659895
4287.5			0.9143282036143953
4288.4			0.8357813695229568
4289.3			0.741244902756028
4290.2			0.7220840402787212
4291.1			0.825301017911157
4292.0			0.9728846248083841
4292.9			1.0399076179486617
4293.8			1.0025330271857795
4294.7			0.9416730508351385
4295.6			0.913353666944327
4296.5			0.9051038068324633
4297.4			0.8861239891976831
4298.3			0.8172404974397891
4299.2			0.711043747740882
4300.1			0.6552493788231964
4301.0			0.6713525177953835
4301.9			0.6963186947385076
4302.8			0.7242320679074845
4303.7			0.7814285000142763
4304.6			0.8288189204024129
4305.5			0.8471206799982158
4306.4			0.8601164698183698
4307.3			0.8526000120197383
4308.2			0.8165454728129764
4309.1			0.8163584124339414
4310.0			0.8981679760803735
4310.9			1.0069987091387291
4311.8			1.0498997922950501
4312.7			0.9968683206050488
4313.6			0.9087900271724031
4314.5			0.8937720147970603
4315.4			1.001534003353757
4316.3			1.0
4317.2			1.0
4318.1			1.0
4319.0			1.0
4319.9			1.0
4320.8			1.0
4321.7			1.0
4322.6			1.0156345811220189
4323.5			0.9734860346533718
4324.4			0.8658419246372534
4325.3			0.7777614065296492
4326.2			0.7916563441058603
4327.1			0.8970298026524341
4328.0			1.0009764232093723
4328.9			1.0
4329.8			1.0
4330.7			1.0
4331.6			1.0
4332.5			1.0
4333.4			1.0
4334.3			1.0266165823367974
4335.2			1.048473902762562
4336.1			0.9790270287977315
4337.0			0.8218871105570349
4337.9			0.6882119181791119
4338.8			0.6197542571546166
4339.7			0.576142364979527
4340.6			0.587500006250173
4341.5			0.699520128308642
4342.4			0.8343769213988006
4343.3			0.8989062102915686
4344.2			0.9312289947411785
4345.1			0.9954077222926042
4346.0			1.0
4346.9			1.0
4347.8			1.0
4348.7			1.033420596447764
4349.6			1.000259444735807
4350.5			0.8781439174899494
4351.4			0.7714968338403368
4352.3			0.7990339667994435
4353.2			0.9148959784789709
4354.1			1.0019435314411564
4355.0			1.0
4355.9			1.0
4356.8			1.0
4357.7			1.0
4358.6			1.0
4359.5			1.0
4360.4			1.0
4361.3			1.0
4362.2			1.0
4363.1			1.0
4364.0			1.0
4364.9			1.0
4365.8			1.0
4366.7			1.0
4367.6			1.0
4368.5			1.0
4369.4			1.0
4370.3			1.0
4371.2			1.0
4372.1			1.0086330266841146
4373.0			0.9376453095440247
4373.9			0.8018252508432392
4374.8			0.7210207132685649
4375.7			0.7753182980694098
4376.6			0.9055429541863438
4377.5			0.9993382049808592
4378.4			1.0
4379.3			1.0
4380.2			0.9948688681546346
4381.1			1.0056168694677816
4382.0			0.9576909052962781
4382.9			0.829422136912189
4383.8			0.7013928332259127
4384.7			0.6725544451163773
4385.6			0.7581713901242833
4386.5			0.8763515977184528
4387.4			0.9513993570114467
4388.3			0.9870175151694843
4389.2			0.9994269241060321
4390.1			1.0
4391.0			1.0
4391.9			1.0
4392.8			1.0
4393.7			1.0
4394.6			1.0
4395.5			1.0
4396.4			1.0
4397.3			1.0420702059909446
4398.2			0.9769862151008324
4399.1			0.8559899564452711
4400.0			0.7609959980155426
4400.9			0.7783651160713589
4401.8			0.899867770799465
4402.7			0.9886382730706821
4403.6			1.0
4404.5			1.0
4405.4			1.0
4406.3			1.0
4407.2			1.0
4408.1			1.0
4409.0			1.0
4409.9			1.0
4410.8			1.0
4411.7			1.0473389652283305
4412.6			1.0673509811502375
4413.5			1.023682152880185
4414.4			0.9213161772096017
4415.3			0.842083418557027
4416.2			0.8208659297319042
4417.1			0.8199724577834944
4418.0			0.8463309986894935
4418.9			0.925647045777799
4419.8			0.9998535354492921
4420.7			0.9977378435874995
4421.6			1.0
4422.5			1.0
4423.4			1.0
4424.3			1.0
4425.2			1.0
4426.1			1.0
4427.0			1.0
4427.9			1.0
4428.8			1.0
4429.7			1.0
4430.6			1.0
4431.5			1.0
4432.4			1.0
4433.3			1.0
4434.2			1.0
4435.1			1.0
4436.0			1.0
4436.9			1.0
4437.8			1.0
4438.7			1.0
4439.6			0.983862338547197
4440.5			0.9240631530830323
4441.4			0.8339880941623344
4442.3			0.7367163968379434
4443.2			0.6824778787526636
4444.1			0.7309837416875593
4445.0			0.8609237414664036
4445.9			0.9649338169273289
4446.8			0.9995830868210719
4447.7			1.0
4448.6			1.0
4449.5			1.0
4450.4			1.0
4451.3			1.0
4452.2			1.0
4453.1			1.01295662913348
4454.0			0.9505200588249654
4454.9			0.8813915124794142
4455.8			0.8831999441577543
4456.7			0.941513942955035
4457.6			0.9857162482656294
4458.5			1.0025905362680272
4459.4			1.0
4460.3			1.0
4461.2			1.0
4462.1			1.0
4463.0			1.0
4463.9			1.0
4464.8			0.9991680889296511
4465.7			0.9868807816976981
4466.6			0.958531300512573
4467.5			0.8985678378944701
4468.4			0.8279002748859295
4469.3			0.7944994492605807
4470.2			0.8103786494498151
4471.1			0.846315761843803
4472.0			0.8906183734937358
4472.9			0.9439330233450032
4473.8			0.985903700904859
4474.7			1.0
4475.6			1.0
4476.5			1.0
4477.4			1.0171324772890729
4478.3			0.9959410867997952
4479.2			0.9228961885489078
4480.1			0.8389413679391793
4481.0			0.7890252322927808
4481.9			0.8003987152360015
4482.8			0.866029370093905
4483.7			0.9432018023278789
4484.6			0.9985022926995737
4485.5			1.0
4486.4			1.0
4487.3			0.9614506900838
4488.2			0.8837551597665896
4489.1			0.8203817880970015
4490.0			0.8230654011322129
4490.9			0.889755902505862
4491.8			0.9672935557207575
4492.7			0.9939342317166563
4493.6			1.0
4494.5			1.0
4495.4			1.0
4496.3			1.0
4497.2			1.0
4498.1			1.0
4499.0			1.0190457383104496
4499.9			0.9758147215935
4500.8			0.9079220499850582
4501.7			0.9081609617584169
4502.6			0.9962105299220764
4503.5			1.0
4504.4			1.0
4505.3			1.0
4506.2			1.0
4507.1			1.0
4508.0			1.0
4508.9			1.0
4509.8			1.0
4510.7			1.0
4511.6			1.0
4512.5			1.0
4513.4			1.0
4514.3			1.0
4515.2			1.0
4516.1			1.0
4517.0			1.0
4517.9			1.0
4518.8			1.0
4519.7			1.0
4520.6			1.0245937736833794
4521.5			1.0088582056721154
4522.4			0.9420886457852544
4523.3			0.8992844830029113
4524.2			0.9066744366209915
4525.1			0.9136368858830319
4526.0			0.9079964169441495
4526.9			0.9021052711547669
4527.8			0.8875909976861627
4528.7			0.8710974066418504
4529.6			0.8781770104835175
4530.5			0.9144343135648878
4531.4			0.9596877471919546
4532.3			0.9655277454465175
4533.2			0.9018073144932147
4534.1			0.8307796951962264
4535.0			0.8353493058867149
4535.9			0.9291183536838161
4536.8			1.0536151034114087
4537.7			1.1191127408012649
4538.6			1.0944914515996575
4539.5			1.025423881576832
4540.4			0.9719593511350709
4541.3			0.9676608626210252
4542.2			1.0043935473331855
4543.1			1.023588214056967
4544.0			0.9870350949791077
4544.9			1.0
4545.8			1.0234577578532695
4546.7			1.0702821819053656
4547.6			1.0576415877350176
4548.5			0.9730231289304282
4549.4			0.9018380730747693
4550.3			0.929435027344367
4551.2			1.0082459106907014
4552.1			1.038580137368583
4553.0			1.001808833244617
4553.9			0.9337619346647928
4554.8			0.8888596106622546
4555.7			0.9223759450037565
4556.6			1.0227524958346408
4557.5			1.1017175112270918
4558.4			1.115349135409567
4559.3			1.1112964846981883
4560.2			1.1315092713945545
4561.1			1.0
4562.0			0.9860726028786255
4562.9			0.9227458068812405
4563.8			0.85573276555783
4564.7			0.8373940516465963
4565.6			0.8751595057155408
4566.5			0.9427077308333048
4567.4			1.0000327691392215
4568.3			1.0
4569.2			1.0
4570.1			1.0
4571.0			1.0
4571.9			1.0
4572.8			1.0
4573.7			1.0
4574.6			1.0
4575.5			1.0
4576.4			1.0
4577.3			1.0
4578.2			0.9855481279405774
4579.1			0.9329439331541549
4580.0			0.8859722562994607
4580.9			0.8693230169950549
4581.8			0.849515413169036
4582.7			0.8075978629200317
4583.6			0.798318802154439
4584.5			0.8598896154669513
4585.4			0.9412275372758144
4586.3			0.9868306314937184
4587.2			1.0011692546278448
4588.1			1.0
4589.0			0.9986942082700382
4589.9			0.9858634767897301
4590.8			0.9545822560740149
4591.7			0.9174703235826059
4592.6			0.9110081560436074
4593.5			0.9412290196140921
4594.4			0.9713914834368933
4595.3			0.9847175428735052
4596.2			0.9996259725585779
4597.1			1.0
4598.0			1.0
4598.9			1.0
4599.8			1.0
4600.7			1.0
4601.6			1.0
4602.5			1.0
4603.4			1.0
4604.3			1.0
4605.2			1.0
4606.1			1.0
4607.0			1.0
4607.9			1.0
4608.8			1.0
4609.7			1.0
4610.6			1.0
4611.5			0.9787451318726738
4612.4			0.9597163186359183
4613.3			0.9540559448758332
4614.2			0.9665049609528487
4615.1			0.9605793282549643
4616.0			0.9367311042997825
4616.9			0.9393949377184153
4617.8			0.9480072489125951
4618.7			0.9270531039781862
4619.6			0.9184039018843053
4620.5			0.9629640051811691
4621.4			1.025184791510458
4622.3			1.0615869865823235
4623.2			1.069022178259663
4624.1			1.0483156381040875
4625.0			1.0156398286165325
4625.9			1.0094111400007164
4626.8			1.0
4627.7			0.9726207401994849
4628.6			0.9134097897226234
4629.5			0.8928366680914976
4630.4			0.9468579745450443
4631.3			1.004136162406022
4632.2			1.0
4633.1			1.0
4634.0			1.0
4634.9			1.0
4635.8			1.0
4636.7			1.0
4637.6			1.0
4638.5			1.0
4639.4			1.0
4640.3			1.0
4641.2			1.0
4642.1			1.0
4643.0			0.9917537960041578
4643.9			0.9768985793064752
4644.8			0.946213487955489
4645.7			0.8944000280322529
4646.6			0.846958755984727
4647.5			0.8364422728183903
4648.4			0.8672805124139059
4649.3			0.9259923648328103
4650.2			0.9771310168598761
4651.1			0.993300235929903
4652.0			1.0016018253713634
4652.9			1.0
4653.8			0.9599899357909943
4654.7			0.8895474016877609
4655.6			0.8349740889398585
4656.5			0.816454204766259
4657.4			0.8573549824275297
4658.3			0.9425416824666896
4659.2			1.0009687904839184
4660.1			1.0
4661.0			1.0
4661.9			1.0
4662.8			0.9483645911327855
4663.7			0.9470412679834087
4664.6			0.9686683935459407
4665.5			0.9436392709915583
4666.4			0.8568323618363983
4667.3			0.7824564166415654
4668.2			0.7767868510702555
4669.1			0.8111478334101626
4670.0			0.8569668614066414
4670.9			0.921769639172651
4671.8			0.9803330754460498
4672.7			1.0002186911947106
4673.6			0.9993322036004344
4674.5			1.0
4675.4			1.0
4676.3			1.020951676380236
4677.2			1.0058618276679239
4678.1			0.9585109135946442
4679.0			0.9163026093596949
4679.9			0.9000219308702774
4680.8			0.89402883264694
4681.7			0.8986810638499043
4682.6			0.9334132186065754
4683.5			0.9798045475737281
4684.4			1.0004919378836552
4685.3			1.000011393066799
4686.2			1.0
4687.1			1.0
4688.0			1.0
4688.9			1.0
4689.8			1.0
4690.7			1.0
4691.6			1.0
4692.5			1.0
4693.4			1.0
4694.3			1.0
4695.2			1.0
4696.1			1.0
4697.0			1.0
4697.9			1.0
4698.8			1.0
4699.7			1.0
4700.6			1.0
4701.5			1.0
4702.4			1.0
4703.3			1.0
4704.2			1.0144597979330876
4705.1			1.0409741489914244
4706.0			1.0295589275019186
4706.9			0.9701576214565177
4707.8			0.9114007459946076
4708.7			0.896521552083767
4709.6			0.933192941099134
4710.5			0.9986427158125368
4711.4			1.0469440594241683
4712.3			1.0462450570602861
4713.2			1.0036241466947258
4714.1			1.0
4715.0			1.0
4715.9			1.0
4716.8			1.0
4717.7			1.0
4718.6			1.0
4719.5			1.0
4720.4			1.0
4721.3			1.0
4722.2			1.0
4723.1			1.0
4724.0			1.0
4724.9			1.0
4725.8			0.9969568935086883
4726.7			0.9596438562065595
4727.6			0.9131663369445636
4728.5			0.8972563516913976
4729.4			0.9069407235354624
4730.3			0.9115030232789847
4731.2			0.9148636257491042
4732.1			0.9409957746607734
4733.0			0.9834258241662361
4733.9			1.0230786158382184
4734.8			1.0441792275671244
4735.7			1.0234427446876253
4736.6			0.9940909243178324
4737.5			1.0
4738.4			1.0
4739.3			1.0
4740.2			1.0
4741.1			1.0
4742.0			1.0
4742.9			1.0
4743.8			1.0
4744.7			1.0
4745.6			1.0
4746.5			1.0
4747.4			1.0
4748.3			1.0
4749.2			1.0
4750.1			1.0
4751.0			1.0
4751.9			1.0
4752.8			1.0
4753.7			1.0
4754.6			1.0
4755.5			1.0
4756.4			1.0
4757.3			1.0
4758.2			1.032825578255205
4759.1			1.0604681122255486
4760.0			1.062608973832963
4760.9			1.0151302482331996
4761.8			0.9295603134759316
4762.7			0.8578587146116611
4763.6			0.833172553376255
4764.5			0.8452330200797105
4765.4			0.8731401558198932
4766.3			0.9103391323413473
4767.2			0.9484522973651761
4768.1			0.9761896593266645
4769.0			0.9993633837514342
4769.9			1.0
4770.8			1.0
4771.7			1.0
4772.6			1.0
4773.5			1.0
4774.4			1.0
4775.3			1.0
4776.2			1.0
4777.1			1.0
4778.0			1.0
4778.9			1.0
4779.8			1.0
4780.7			1.0152349035501218
4781.6			1.0351704143478986
4782.5			1.0097676764378882
4783.4			0.980002770581383
4784.3			0.9849100673900908
4785.2			0.977086501307224
4786.1			0.9332252425451749
4787.0			0.913706611648259
4787.9			0.925694573217807
4788.8			0.9239456344541801
4789.7			0.9235772696273719
4790.6			0.9449703088779652
4791.5			0.9626666572026236
4792.4			0.971539405512009
4793.3			0.9971022127574617
4794.2			1.0
4795.1			1.0
4796.0			0.9911736549958885
4796.9			0.9564753042791474
4797.8			0.9059455796308316
4798.7			0.8724048814944817
4799.6			0.8776961658134254
4800.5			0.9093411621784172
4801.4			0.9482574397270145
4802.3			0.9722335284248702
4803.2			0.9624836295731811
4804.1			0.9222690204525512
4805.0			0.8901172959001175
4805.9			0.8984301331011786
4806.8			0.9247922958163053
4807.7			0.9352504499451286
4808.6			0.9380123630065041
4809.5			0.9434805692620926
4810.4			0.9431354559576585
4811.3			0.9386081480695876
4812.2			0.9461622634515847
4813.1			0.9718666139517144
4814.0			1.0002160425428468
4814.9			1.0
4815.8			1.0
4816.7			1.0
4817.6			1.0
4818.5			1.0
4819.4			1.0
4820.3			1.0
4821.2			1.0008471935982026
4822.1			0.9617493253658773
4823.0			0.8776533140146755
4823.9			0.8312525207664958
4824.8			0.873601812244744
4825.7			0.9488942516176279
4826.6			1.00538056722585
4827.5			1.0
4828.4			1.0
4829.3			1.0
4830.2			1.0
4831.1			1.0
4832.0			1.0
4832.9			1.0
4833.8			1.0
4834.7			1.0
4835.6			1.0
4836.5			1.0
4837.4			1.019468229982656
4838.3			1.0080072281812018
4839.2			0.9663702956068684
4840.1			0.9483308334715173
4841.0			0.976700198864573
4841.9			1.0049014958912559
4842.8			1.0008419903908339
4843.7			1.0
4844.6			1.0
4845.5			1.0
4846.4			0.9815951822627285
4847.3			0.9288015329743484
4848.2			0.8735173754085488
4849.1			0.873617551137618
4850.0			0.9328126233932016
4850.9			0.9883614070914761
4851.8			1.0018016195991355
4852.7			1.0
4853.6			1.0
4854.5			1.0
4855.4			0.9078026786524682
4856.3			0.933390540921945
4857.2			1.0142534272713761
4858.1			1.0232595719772375
4859.0			0.9225082491415164
4859.9			0.7587154537270797
4860.8			0.6304534821173601
4861.7			0.6423240745269674
4862.6			0.7757460022836421
4863.5			0.8888145629682984
4864.4			0.9276249348369593
4865.3			0.9525044637426646
4866.2			0.9995479194703595
4867.1			1.0
4868.0			1.0418331337757778
4868.9			1.0585155530443768
4869.8			1.0289424907681561
4870.7			0.9510109532009532
4871.6			0.8916404698317911
4872.5			0.9063985848154571
4873.4			0.9572688442350388
4874.3			0.9938131370869344
4875.2			1.0017916534605988
4876.1			1.0
4877.0			1.0
4877.9			1.0
4878.8			1.0
4879.7			1.0
4880.6			0.9960489133173411
4881.5			0.9459429812045674
4882.4			0.901384567434469
4883.3			0.8746909761379713
4884.2			0.858093273174335
4885.1			0.859972101323515
4886.0			0.8826447638947461
4886.9			0.911657809643942
4887.8			0.9297016389640378
4888.7			0.9290507699647027
4889.6			0.904420979574716
4890.5			0.8688678706163027
4891.4			0.874992632271152
4892.3			0.9450508249710122
4893.2			1.018532005170574
4894.1			1.0
4895.0			1.0225870326099995
4895.9			1.0394254455598144
4896.8			1.0455065058672945
4897.7			1.033233051934845
4898.6			0.9862437253940433
4899.5			0.9192218921774947
4900.4			0.8969332534243023
4901.3			0.9309290306345573
4902.2			0.9486050934899144
4903.1			0.9283870870536615
4904.0			0.9230333603658705
4904.9			0.9577826109116784
4905.8			0.9997328342280154
4906.7			1.0
4907.6			0.9889804584911916
4908.5			0.9575025837648521
4909.4			0.8972839990966709
4910.3			0.83936710984497
4911.2			0.8509166215216487
4912.1			1.0
4913.0			1.05130138129911
4913.9			1.067218656317258
4914.8			1.0854256628239618
4915.7			1.1020335499282505
4916.6			1.0738849323551558
4917.5			0.9936576942608079
4918.4			0.9036235724581033
4919.3			0.8390366734223914
4920.2			0.8030101399491509
4921.1			0.806644116241503
4922.0			0.8408343394485636
4922.9			0.8444914691546912
4923.8			0.8150013502335389
4924.7			0.8337549648244927
4925.6			0.9189496849706438
4926.5			0.9868012373199778
4927.4			0.9980569249948558
4928.3			1.0
4929.2			1.0
4930.1			1.0
4931.0			1.0
4931.9			1.0
4932.8			1.0
4933.7			1.0
4934.6			1.0
4935.5			1.0
4936.4			1.0114873815191427
4937.3			0.9540240632151962
4938.2			0.8752954876814051
4939.1			0.8435552504542476
4940.0			0.8948091106330021
4940.9			0.9777848915790435
4941.8			1.0092857506140271
4942.7			1.0
4943.6			1.0
4944.5			1.0
4945.4			1.0
4946.3			1.0
4947.2			1.0
4948.1			1.0
4949.0			1.0
4949.9			1.0
4950.8			1.0
4951.7			1.0
4952.6			1.0
4953.5			1.0
4954.4			1.0
4955.3			1.0
4956.2			0.9498621430065043
4957.1			0.865043218488311
4958.0			0.847660294110442
4958.9			0.9234419761620547
4959.8			0.9999643110065353
4960.7			1.0
4961.6			1.0
4962.5			1.0
4963.4			1.0140624768474942
4964.3			1.0096646743206747
4965.2			0.9727822957229392
4966.1			0.9431709202315284
4967.0			0.9400964135474519
4967.9			0.9403542909899327
4968.8			0.9286673106215777
4969.7			0.9164132060946836
4970.6			0.9277252472497198
4971.5			0.9585021323866882
4972.4			0.9797661819856756
4973.3			0.9904568852148463
4974.2			1.0051979189598164
4975.1			1.0108792531506476
4976.0			0.9994731596999533
4976.9			1.0
4977.8			1.0
4978.7			0.9756615119999453
4979.6			0.9586311918698985
4980.5			0.919514174776517
4981.4			0.8401793418183976
4982.3			0.7627598915478583
4983.2			0.7448915714556626
4984.1			0.7817683845128289
4985.0			0.8335846818098184
4985.9			0.8912301325657295
4986.8			0.9554265019545914
4987.7			0.9996566761650431
4988.6			1.0
4989.5			1.0
4990.4			1.0
4991.3			1.0
4992.2			1.0
4993.1			1.0
4994.0			1.0
4994.9			1.0
4995.8			1.0
4996.7			1.0
4997.6			1.0
4998.5			1.0
4999.4			1.0
5000.3			1.0
5001.2			1.0
5002.1			1.0
5003.0			1.0286413486435835
5003.9			1.0195202021843732
5004.8			0.94995594369722
5005.7			0.873391475203516
5006.6			0.8704378232882554
5007.5			0.9398012675105228
5008.4			1.0
5009.3			1.0244056624490452
5010.2			0.9923485699202332
5011.1			0.935321284660358
5012.0			0.8746588348005809
5012.9			0.8309980674430982
5013.8			0.8204394978892071
5014.7			0.8562486808135911
5015.6			0.9133205231146431
5016.5			0.9227648739800833
5017.4			0.8657833377975769
5018.3			0.8220084919706434
5019.2			0.8598689451789354
5020.1			0.9421596369574466
5021.0			0.9853303997130519
5021.9			0.9768988477129659
5022.8			0.978270476101684
5023.7			1.0138561409810687
5024.6			1.0518818060812285
5025.5			1.067484344342988
5026.4			1.045594736650277
5027.3			1.0040595785950683
5028.2			1.0
5029.1			1.0
5030.0			1.0
5030.9			1.0
5031.8			1.0
5032.7			1.0
5033.6			1.0
5034.5			1.0
5035.4			1.0
5036.3			0.9496677092026207
5037.2			0.9557971341285522
5038.1			0.9524429220900554
5039.0			0.911176828064036
5039.9			0.8438442252367941
5040.8			0.774009965155472
5041.7			0.7700231824701511
5042.6			0.851619179167083
5043.5			0.9347246823198302
5044.4			0.9712133918772377
5045.3			1.0
5046.2			1.0160334762801069
5047.1			0.9867672792047192
5048.0			0.9219232324775497
5048.9			0.8713984238260923
5049.8			0.8624439758082851
5050.7			0.8653231201194318
5051.6			0.8635932843593228
5052.5			0.8885197173036665
5053.4			0.9423161870797135
5054.3			0.9867675715905159
5055.2			1.0033651473324003
5056.1			1.0014929882742283
5057.0			1.0003783357989062
5057.9			1.0
5058.8			1.0
5059.7			1.0
5060.6			1.0
5061.5			1.0
5062.4			1.0
5063.3			1.0
5064.2			1.0
5065.1			1.0
5066.0			1.0
5066.9			1.0
5067.8			1.0
5068.7			1.0
5069.6			1.0
5070.5			1.0
5071.4			1.0
5072.3			1.0
5073.2			1.0
5074.1			1.0
5075.0			1.0
5075.9			0.9976705984558945
5076.8			1.0207878317475738
5077.7			1.0147866979080589
5078.6			0.9339799171385531
5079.5			0.8383782492049712
5080.4			0.8300796839375911
5081.3			0.8997344224833022
5082.2			0.9487032850805157
5083.1			0.9454922687367019
5084.0			0.9553271265853419
5084.9			1.0008560463437985
5085.8			1.0
5086.7			1.0
5087.6			1.0
5088.5			1.0
5089.4			1.0
5090.3			1.0
5091.2			1.0
5092.1			1.0
5093.0			1.0
5093.9			1.0
5094.8			1.0
5095.7			0.97926215774487
5096.6			0.9235207078516676
5097.5			0.8608248120037669
5098.4			0.8178573840755556
5099.3			0.8111359793991952
5100.2			0.8581179757427371
5101.1			0.9334309014594394
5102.0			0.9870245437411194
5102.9			1.001307447306974
5103.8			1.0
5104.7			0.9911142885445698
5105.6			0.978074816983822
5106.5			0.9529105030288711
5107.4			0.9251439099909897
5108.3			0.9243521960540173
5109.2			0.9289474151255902
5110.1			0.9192529899533868
5111.0			0.935355638256869
5111.9			0.984936969607986
5112.8			1.0237291642929862
5113.7			1.0267581505728742
5114.6			1.0060713370562753
5115.5			1.0003646020821337
5116.4			1.0
5117.3			1.0
5118.2			1.0
5119.1			0.9892287050626936
5120.0			0.9814647334042884
5120.9			0.9792948147759193
5121.8			0.9625104785533057
5122.7			0.9166834892369164
5123.6			0.8843253795844523
5124.5			0.9079844726689399
5125.4			0.9578641432624434
5126.3			0.9974267681433592
5127.2			1.0142721829947932
5128.1			1.0066541536680573
5129.0			1.0
5129.9			1.0
5130.8			1.0
5131.7			1.0
5132.6			1.0
5133.5			1.0
5134.4			1.0
5135.3			1.0
5136.2			1.0
5137.1			1.0
5138.0			1.0
5138.9			1.0
5139.8			1.0
5140.7			1.0250712255206942
5141.6			0.9924941993336228
5142.5			0.9313106346673888
5143.4			0.9443016099873035
5144.3			1.000350367059612
5145.2			1.0
5146.1			1.0
5147.0			1.0
5147.9			1.0
5148.8			1.0
5149.7			1.0204552519602432
5150.6			0.9921009647821899
5151.5			0.9454472944073121
5152.4			0.9175092849924219
5153.3			0.8867687460047227
5154.2			0.8640572928064459
5155.1			0.8908111364087236
5156.0			0.9430203302449357
5156.9			0.9836699090496159
5157.8			1.0014037409572376
5158.7			0.9966063407855564
5159.6			1.0
5160.5			1.0
5161.4			1.0
5162.3			1.0
5163.2			1.0368331587310615
5164.1			1.0584701797516374
5165.0			1.0255208768160773
5165.9			0.951474653116909
5166.8			0.8680857301025121
5167.7			0.8143134827519395
5168.6			0.8334217063048377
5169.5			0.9428803370936705
5170.4			1.0644527937593804
5171.3			1.0725479462839775
5172.2			1.0125811333845933
5173.1			1.0
5174.0			1.0
5174.9			1.0
5175.8			1.0
5176.7			1.0
5177.6			1.0
5178.5			1.0
5179.4			1.0
5180.3			1.0
5181.2			1.012548793434876
5182.1			0.9793146656146002
5183.0			0.8805828460143046
5183.9			0.8166439885322235
5184.8			0.867445113323938
5185.7			0.9572921191618422
5186.6			1.0040238444346998
5187.5			1.0
5188.4			1.0
5189.3			1.0
5190.2			1.0
5191.1			1.0
5192.0			1.0
5192.9			1.0
5193.8			1.0
5194.7			1.0
5195.6			1.0
5196.5			1.0
5197.4			1.0
5198.3			1.0
5199.2			1.0
5200.1			1.0
5201.0			1.0
5201.9			1.0
5202.8			1.0110961183095037
5203.7			0.9963675751081011
5204.6			0.9367705143520716
5205.5			0.8887319346459305
5206.4			0.9180324276611308
5207.3			0.9855055577760543
5208.2			1.0059355358167132
5209.1			1.0
5210.0			1.0
5210.9			1.0
5211.8			1.0
5212.7			1.0
5213.6			1.018233118403914
5214.5			0.9786001524085801
5215.4			0.9071677303682238
5216.3			0.867625389146526
5217.2			0.8902040805685981
5218.1			0.9464958251347313
5219.0			0.9999712871454215
5219.9			1.0
5220.8			1.0
5221.7			1.0
5222.6			1.0
5223.5			1.0
5224.4			0.9583906398370008
5225.3			0.8708232067273952
5226.2			0.7623014319013353
5227.1			0.7268899119883435
5228.0			0.8135160632117415
5228.9			0.9332177090442546
5229.8			0.9972679428201514
5230.7			1.0
5231.6			1.0
5232.5			1.0
5233.4			1.0
5234.3			1.0
5235.2			1.0
5236.1			1.0
5237.0			1.0
5237.9			1.0
5238.8			1.0
5239.7			1.0
5240.6			1.0
5241.5			1.0
5242.4			1.0
5243.3			1.0
5244.2			1.0
5245.1			1.0
5246.0			0.9884132918375214
5246.9			0.9501067415661311
5247.8			0.9387943593763801
5248.7			0.9421791951361647
5249.6			0.9208528363330861
5250.5			0.9112537031732971
5251.4			0.9567139610973601
5252.3			1.0162109504829737
5253.2			1.036958240885552
5254.1			1.0
5255.0			0.9728300691947491
5255.9			0.9897506862364176
5256.8			1.051335397521638
5257.7			1.1093956359828114
5258.6			1.1335528416760523
5259.5			1.1273553345486422
5260.4			1.0955253049466802
5261.3			1.0298818320549885
5262.2			0.9528873036228563
5263.1			0.9016554714341799
5264.0			0.8648913997045538
5264.9			0.8413463892669975
5265.8			0.8643677883480445
5266.7			0.9437502346114982
5267.6			1.0218524070621795
5268.5			1.0075996254208612
5269.4			0.9246617770153872
5270.3			0.9164697081206579
5271.2			1.0217175807194843
5272.1			1.0
5273.0			0.9641857148776806
5273.9			0.8998463020361386
5274.8			0.8490265130992907
5275.7			0.8319034914664547
5276.6			0.887823845062959
5277.5			0.9691796662561614
5278.4			0.9868473732949241
5279.3			1.0
5280.2			1.0
5281.1			1.0
5282.0			1.0
5282.9			1.0
5283.8			1.0
5284.7			1.0
5285.6			1.0
5286.5			1.0
5287.4			1.0
5288.3			1.0
5289.2			1.0
5290.1			1.0
5291.0			1.0
5291.9			1.0
5292.8			1.0
5293.7			1.0
5294.6			1.0
5295.5			1.0088322988529375
5296.4			0.9658591852555617
5297.3			0.8987744567919654
5298.2			0.8811753913650888
5299.1			0.9376805359619157
5300.0			1.001192092352374
5300.9			1.003379294547363
5301.8			1.0
5302.7			1.0
5303.6			1.0
5304.5			1.0
5305.4			1.0
5306.3			1.0
5307.2			1.0
5308.1			1.0
5309.0			1.0
5309.9			1.0
5310.8			1.0
5311.7			1.0
5312.6			1.0
5313.5			1.0
5314.4			1.0
5315.3			0.9771671594201342
5316.2			0.9230472602948748
5317.1			0.9042063789176191
5318.0			0.9493984890635001
5318.9			0.9976862821982881
5319.8			1.0
5320.7			1.0
5321.6			1.0
5322.5			1.0
5323.4			1.0
5324.3			1.0
5325.2			0.9883675532363314
5326.1			0.9973112359829421
5327.0			0.9532054522318489
5327.9			0.8537672084687821
5328.8			0.8171269828051051
5329.7			0.8960801070273866
5330.6			0.9946649895008205
5331.5			1.027591426081157
5332.4			0.9967026240110508
5333.3			1.0
5334.2			1.0
5335.1			1.0145020859305005
5336.0			0.9988149604020702
5336.9			0.9666931690061624
5337.8			0.9655326525270763
5338.7			0.9828782018990441
5339.6			0.964424172884554
5340.5			0.9343502361394169
5341.4			0.9616076181613221
5342.3			1.027872144080831
5343.2			1.0708696904236745
5344.1			1.0724147242033524
5345.0			1.0392432305883703
5345.9			1.0002323055156304
5346.8			1.0
5347.7			1.0
5348.6			1.0
5349.5			1.0
5350.4			1.0
5351.3			1.0
5352.2			1.0
5353.1			1.0
5354.0			1.0
5354.9			1.0
5355.8			1.0
5356.7			1.0
5357.6			1.0
5358.5			1.0
5359.4			1.0
5360.3			1.0
5361.2			1.0
5362.1			1.0
5363.0			1.0
5363.9			1.0
5364.8			1.0
5365.7			1.0
5366.6			1.0047638543773802
5367.5			0.9982932366185727
5368.4			0.9794477493602328
5369.3			0.941071143057016
5370.2			0.8871829891328108
5371.1			0.8596773185105199
5372.0			0.886848183754035
5372.9			0.9434506225856464
5373.8			0.9832673260440986
5374.7			0.9970007476073218
5375.6			0.9912918681595513
5376.5			1.0
5377.4			1.0
5378.3			1.0
5379.2			1.0
5380.1			1.0
5381.0			1.0
5381.9			1.0
5382.8			1.0
5383.7			1.0
5384.6			1.0
5385.5			1.0
5386.4			1.0
5387.3			1.0
5388.2			1.0
5389.1			1.0
5390.0			1.0
5390.9			1.0
5391.8			1.0
5392.7			1.0
5393.6			1.0
5394.5			1.0
5395.4			1.0
5396.3			1.0
5397.2			0.9600221366081008
5398.1			0.9969061162730618
5399.0			1.0537888453845732
5399.9			1.067358627548828
5400.8			1.0595633288137953
5401.7			1.056944116079082
5402.6			1.0308817267852115
5403.5			0.9744322698524199
5404.4			0.9216502470196682
5405.3			0.9042039743920255
5406.2			0.9276971916458863
5407.1			0.9725845110776796
5408.0			0.9935695457150108
5408.9			0.9652517137330594
5409.8			0.9224245768606042
5410.7			0.9295222262705111
5411.6			0.98605155518927
5412.5			1.0232802612766483
5413.4			1.0013550843188692
5414.3			1.0
5415.2			1.0
5416.1			1.0
5417.0			1.0
5417.9			1.0
5418.8			1.0
5419.7			1.0
5420.6			1.0
5421.5			1.0
5422.4			1.0079387628205672
5423.3			0.9749958436114368
5424.2			0.9263238849695073
5425.1			0.9361954168648486
5426.0			1.001470902955532
5426.9			1.0
5427.8			1.0
5428.7			1.0
5429.6			1.0
5430.5			1.0159563269702396
5431.4			1.0469115054502531
5432.3			1.0176830391451177
5433.2			0.9579268965024569
5434.1			0.9205050053121231
5435.0			0.9194495877751986
5435.9			0.9422334037706581
5436.8			0.9731481366505755
5437.7			0.9978502799368777
5438.6			1.0
5439.5			1.0
5440.4			1.0
5441.3			1.0
5442.2			1.0
5443.1			1.0
5444.0			0.9706367573434829
5444.9			0.9174389214135962
5445.8			0.8591810439170663
5446.7			0.8367376765405308
5447.6			0.8846598788297927
5448.5			0.9612219849304939
5449.4			1.000131431323052
5450.3			1.0
5451.2			1.0
5452.1			1.0
5453.0			0.9813465924845299
5453.9			0.9353749324592632
5454.8			0.8741736750925478
5455.7			0.8579418538503829
5456.6			0.9114661011162626
5457.5			0.9750366421292933
5458.4			0.9991602799490018
5459.3			1.0
5460.2			1.0
5461.1			1.0
5462.0			1.0
5462.9			1.0
5463.8			1.0
5464.7			1.0
5465.6			1.0
5466.5			1.0
5467.4			1.0
5468.3			1.0
5469.2			1.0
5470.1			1.0
5471.0			1.0
5471.9			1.0
5472.8			1.0
5473.7			0.9899319163572518
5474.6			0.9957797652026564
5475.5			0.9459751926773463
5476.4			0.8670969825205588
5477.3			0.8653485793258494
5478.2			0.941155787992283
5479.1			1.00073063156119
5480.0			1.0
5480.9			1.0
5481.8			1.0
5482.7			1.0
5483.6			1.0
5484.5			1.0
5485.4			1.0
5486.3			1.0
5487.2			1.0
5488.1			1.0
5489.0			1.0
5489.9			1.0
5490.8			1.0
5491.7			1.0
5492.6			1.0
5493.5			1.0
5494.4			1.0
5495.3			1.0
5496.2			1.0
5497.1			1.0
5498.0			1.0
5498.9			1.0444591858237737
5499.8			1.0443106517842717
5500.7			0.9802747807609284
5501.6			0.9203295750102161
5502.5			0.9216636017364231
5503.4			0.9645438276651721
5504.3			0.9973399135159943
5505.2			1.0
5506.1			1.0
5507.0			1.0
5507.9			1.0
5508.8			1.0
5509.7			1.0
5510.6			1.0
5511.5			1.0
5512.4			1.0
5513.3			1.0
5514.2			1.0
5515.1			1.0
5516.0			1.0
5516.9			1.0
5517.8			1.0
5518.7			1.0
5519.6			1.0
5520.5			1.0
5521.4			1.0
5522.3			1.0
5523.2			1.0054091261552422
5524.1			0.9849100854358059
5525.0			0.9388665033158831
5525.9			0.8965730280670827
5526.8			0.8747809512127761
5527.7			0.8738028155778855
5528.6			0.9026724010054907
5529.5			0.9562024993105623
5530.4			0.9983715120246427
5531.3			1.011630908371
5532.2			0.9997286428566001
5533.1			1.0
5534.0			1.0
5534.9			1.0
5535.8			1.0
5536.7			1.0
5537.6			1.0
5538.5			1.0
5539.4			1.0
5540.3			1.0
5541.2			1.0
5542.1			1.0
5543.0			1.0
5543.9			1.0
5544.8			1.0
5545.7			1.0
5546.6			1.0
5547.5			1.0
5548.4			1.0
5549.3			1.0
5550.200000000001			1.0
5551.1			1.0
5552.0			1.0
5552.9			1.0
5553.8			1.0
5554.700000000001			1.0
5555.6			1.0
5556.5			1.0
5557.4			1.0
5558.3			1.0
5559.200000000001			1.0
5560.1			1.0
5561.0			1.0
5561.9			1.0
5562.8			1.0
5563.700000000001			1.0
5564.6			1.0
5565.5			1.0
5566.4			1.0
5567.3			1.0
5568.200000000001			1.0
5569.1			1.0
5570.0			1.0
5570.9			1.0
5571.8			1.0
5572.700000000001			1.0
5573.6			1.0
5574.5			1.0
5575.4			1.0
5576.3			1.0
5577.200000000001			1.0
5578.1			1.0
5579.0			1.0
5579.9			1.0
5580.8			1.0
5581.700000000001			1.0
5582.6			1.0
5583.5			1.0198096856314163
5584.4			1.0213381957117968
5585.3			0.9923181476052817
5586.200000000001			0.942137633474645
5587.1			0.904935874705652
5588.0			0.8975641565914945
5588.9			0.9129072634905169
5589.8			0.9443510693675854
5590.700000000001			0.9753186280210104
5591.6			0.994216254923437
5592.5			0.9975547443436514
5593.4			1.0
5594.3			1.0
5595.200000000001			1.0
5596.1			1.0
5597.0			1.0
5597.9			1.0
5598.8			1.0
5599.700000000001			1.0
5600.6			1.0
5601.5			1.0
5602.4			1.0
5603.3			1.0
5604.200000000001			1.0
5605.1			1.0
5606.0			1.0
5606.9			1.0
5607.8			1.0
5608.700000000001			1.0
5609.6			1.0
5610.5			1.0
5611.4			1.0
5612.3			1.0141202181570759
5613.200000000001			0.9972868886925095
5614.1			0.94187499133285
5615.0			0.8962884388888293
5615.9			0.9099030696899539
5616.8			0.9627635216167162
5617.700000000001			1.0010656262122408
5618.6			1.0
5619.5			1.0
5620.4			1.0
5621.3			1.0
5622.200000000001			1.0
5623.1			1.0
5624.0			1.0
5624.9			1.0
5625.8			1.0
5626.700000000001			1.0
5627.6			1.0
5628.5			1.0
5629.4			1.0
5630.3			1.0
5631.200000000001			1.0
5632.1			1.0
5633.0			1.0
5633.9			1.0
5634.8			1.0
5635.700000000001			1.0
5636.6			1.0
5637.5			1.0
5638.4			1.0
5639.3			1.0
5640.200000000001			1.0
5641.1			1.0
5642.0			1.0
5642.9			1.0
5643.8			1.0
5644.700000000001			1.0
5645.6			1.0
5646.5			1.0
5647.4			1.0
5648.3			1.0
5649.200000000001			1.0
5650.1			1.0
5651.0			1.0
5651.9			1.0
5652.8			1.0
5653.700000000001			1.0
5654.6			1.0
5655.5			0.9977102743782919
5656.4			0.973593905485609
5657.3			0.8965422891050913
5658.200000000001			0.8415521310788715
5659.1			0.8888881980930218
5660.0			0.9772763545962394
5660.9			0.9997016166476459
5661.8			1.0
5662.700000000001			1.0
5663.6			1.0
5664.5			1.0
5665.4			1.0
5666.3			1.0
5667.200000000001			1.0
5668.1			1.0
5669.0			1.0
5669.9			1.0
5670.8			1.0
5671.700000000001			1.0
5672.6			1.0
5673.5			1.0
5674.4			1.0
5675.3			1.0
5676.200000000001			1.0
5677.1			1.0
5678.0			1.0
5678.9			1.0
5679.8			1.0
5680.700000000001			1.0
5681.6			1.0
5682.5			1.0
5683.4			1.0
5684.3			1.0
5685.200000000001			1.0
5686.1			1.0
5687.0			1.0
5687.9			1.0
5688.8			1.0
5689.700000000001			1.0
5690.6			1.0
5691.5			1.0
5692.4			1.0
5693.3			1.0
5694.200000000001			1.0
5695.1			1.0
5696.0			1.0
5696.9			1.0
5697.8			1.0
5698.700000000001			1.0
5699.6			1.0
5700.5			1.0
5701.4			1.0
5702.3			1.0
5703.200000000001			1.0196411106783978
5704.1			1.0216346140632349
5705.0			1.0051995826081714
5705.9			0.9843753946682307
5706.8			0.9730141978913803
5707.700000000001			0.9545186119399003
5708.6			0.9290988165421458
5709.5			0.9244086295134912
5710.4			0.9410852495375922
5711.3			0.9521221610211783
5712.200000000001			0.9649449398687479
5713.1			0.9876021704302432
5714.0			0.9970304581692156
5714.9			0.9943606888696973
5715.8			1.0003916496141654
5716.700000000001			1.0
5717.6			1.0
5718.5			1.0
5719.4			1.0
5720.3			1.0
5721.200000000001			1.0
5722.1			1.0
5723.0			1.0
5723.9			1.0
5724.8			1.0
5725.700000000001			1.0
5726.6			1.0
5727.5			1.0
5728.4			1.0
5729.3			1.0
5730.200000000001			1.0
5731.1			1.0
5732.0			1.0
5732.9			1.0
5733.8			1.0
5734.700000000001			1.0
5735.6			1.0
5736.5			1.0
5737.4			1.0
5738.3			1.0
5739.200000000001			1.0
5740.1			1.0
5741.0			1.0
5741.9			1.0
5742.8			1.0
5743.700000000001			1.0
5744.6			1.0
5745.5			1.0
5746.4			1.0
5747.3			1.0
5748.200000000001			1.0
5749.1			1.0
5750.0			1.0
5750.9			1.0
5751.8			1.0
5752.700000000001			1.0
5753.6			1.0
5754.5			1.0
5755.4			1.0
5756.3			1.0
5757.200000000001			1.0
5758.1			1.0
5759.0			1.0
5759.9			1.0
5760.8			1.0
5761.700000000001			1.0
5762.6			1.0
5763.5			1.0
5764.4			1.0
5765.3			1.0
5766.200000000001			1.0
5767.1			1.0
5768.0			1.0
5768.9			1.0
5769.8			1.0
5770.700000000001			1.0
5771.6			1.0
5772.5			1.0
5773.4			1.0
5774.3			1.0
5775.200000000001			1.0
5776.1			1.0
5777.0			1.0
5777.9			1.0
5778.8			1.0
5779.700000000001			1.0
5780.6			1.0
5781.5			1.0
5782.4			1.0
5783.3			1.0
5784.200000000001			1.0
5785.1			1.0
5786.0			1.0
5786.9			1.0
5787.8			1.0
5788.700000000001			1.0
5789.6			1.0
5790.5			1.0
5791.4			1.0
5792.3			1.0
5793.200000000001			1.0
5794.1			1.0
5795.0			1.0
5795.9			1.0
5796.8			1.0
5797.700000000001			1.0
5798.6			1.0
5799.5			1.0
5800.4			1.0
5801.3			1.0
5802.200000000001			1.0
5803.1			1.0
5804.0			1.0
5804.9			1.0
5805.8			1.0
5806.700000000001			1.0
5807.6			1.0
5808.5			1.0
5809.4			1.0
5810.3			1.0
5811.200000000001			1.0
5812.1			1.0
5813.0			1.0
5813.9			1.0
5814.8			1.0
5815.700000000001			1.0
5816.6			1.0
5817.5			1.0
5818.4			1.0
5819.3			1.0
5820.200000000001			1.0
5821.1			1.0
5822.0			1.0
5822.9			1.0
5823.8			1.0
5824.700000000001			1.0
5825.6			1.0
5826.5			1.0
5827.4			1.0
5828.3			1.0
5829.200000000001			1.0
5830.1			1.0
5831.0			1.0
5831.9			1.0
5832.8			1.0
5833.700000000001			1.0
5834.6			1.0
5835.5			1.0
5836.4			1.0
5837.3			1.0
5838.200000000001			1.0
5839.1			1.0
5840.0			1.0
5840.9			1.0
5841.8			1.0
5842.700000000001			1.0
5843.6			1.0
5844.5			1.0
5845.4			1.0
5846.3			1.0
5847.200000000001			1.0
5848.1			1.0
5849.0			1.0
5849.9			1.0
5850.8			1.0
5851.700000000001			1.0
5852.6			1.0
5853.5			1.0
5854.4			1.0
5855.3			1.0
5856.200000000001			1.0
5857.1			1.0
5858.0			1.0
5858.9			1.0
5859.8			1.0
5860.700000000001			1.0
5861.6			1.0
5862.5			1.0
5863.4			1.0
5864.3			1.0
5865.200000000001			1.0
5866.1			1.0
5867.0			1.0
5867.9			1.0
5868.8			1.0
5869.700000000001			1.0
5870.6			1.0
5871.5			1.0
5872.4			1.0
5873.3			1.0
5874.200000000001			1.0
5875.1			1.0
5876.0			1.0
5876.9			1.0
5877.8			1.0
5878.700000000001			1.0
5879.6			1.0
5880.5			1.0
5881.4			1.0
5882.3			1.0
5883.200000000001			1.0
5884.1			1.0
5885.0			1.0
5885.9			1.0
5886.8			1.0
5887.700000000001			0.9871094721529675
5888.6			0.9092614531454112
5889.5			0.7993495880689867
5890.4			0.7691711157733119
5891.3			0.8497802202469963
5892.200000000001			0.9474521721721502
5893.1			1.0023253430323837
5894.0			1.0
5894.9			1.0
5895.8			1.0
5896.700000000001			1.0
5897.6			1.0
5898.5			1.0
5899.4			1.0
5900.3			1.0
5901.200000000001			1.0
5902.1			1.0
5903.0			1.0
5903.9			1.0
5904.8			1.0
5905.700000000001			1.0
5906.6			1.0
5907.5			1.0
5908.4			1.0
5909.3			1.0
5910.200000000001			1.0
5911.1			1.0
5912.0			1.0
5912.9			1.0
5913.8			1.0
5914.700000000001			1.0
5915.6			1.0
5916.5			1.0
5917.4			1.0
5918.3			1.0
5919.200000000001			1.0
5920.1			1.0
5921.0			1.0
5921.9			1.0
5922.8			1.0
5923.700000000001			1.0
5924.6			1.0
5925.5			1.0
5926.4			1.0
5927.3			1.0
5928.200000000001			1.0
5929.1			1.0
5930.0			1.0
5930.9			1.0
5931.8			1.0
5932.700000000001			1.0
5933.6			1.0
5934.5			1.0
5935.4			1.0
5936.3			1.0
5937.200000000001			1.0
5938.1			1.0
5939.0			1.0
5939.9			1.0
5940.8			1.0
5941.700000000001			1.0
5942.6			1.0
5943.5			1.0
5944.4			1.0
5945.3			1.0
5946.200000000001			1.0
5947.1			1.0
5948.0			1.0
5948.9			1.0
5949.8			1.0
5950.700000000001			1.0
5951.6			1.0
5952.5			1.0
5953.4			1.0
5954.3			1.0
5955.200000000001			1.0
5956.1			1.0
5957.0			1.0
5957.9			1.0
5958.8			1.0
5959.700000000001			1.0
5960.6			1.0
5961.5			1.0
5962.4			1.0
5963.3			1.0
5964.200000000001			1.0
5965.1			1.0
5966.0			1.0
5966.9			1.0
5967.8			1.0
5968.700000000001			1.0
5969.6			1.0
5970.5			1.0
5971.4			1.0
5972.3			1.0
5973.200000000001			1.0
5974.1			1.0
5975.0			1.0
5975.9			1.0
5976.8			1.0
5977.700000000001			1.0
5978.6			1.0
5979.5			1.0
5980.4			1.0
5981.3			1.0
5982.200000000001			1.0
5983.1			1.0
5984.0			1.0
5984.9			1.0
5985.8			1.0
5986.700000000001			1.0
5987.6			1.0
5988.5			1.0
5989.4			1.0
5990.3			1.0
5991.200000000001			1.0
5992.1			1.0
5993.0			1.0
5993.9			1.0
5994.8			1.0
5995.700000000001			1.0
5996.6			1.0
5997.5			1.0
5998.4			1.0
5999.3			1.0
6000.200000000001			1.0
6001.1			1.0
6002.0			1.0
6002.9			1.0
6003.8			1.0
6004.700000000001			1.0
6005.6			1.0
6006.5			1.0
6007.4			1.0
6008.3			1.0
6009.200000000001			1.0
6010.1			1.0
6011.0			1.0
6011.9			1.0
6012.8			1.0
6013.700000000001			1.0
6014.6			1.0
6015.5			1.0
6016.4			1.0
6017.3			1.0
6018.200000000001			1.0
6019.1			1.0
6020.0			1.0
6020.9			1.0
6021.8			1.0
6022.700000000001			1.0
6023.6			1.0
6024.5			1.0
6025.4			1.0
6026.3			1.0
6027.200000000001			1.0
6028.1			1.0
6029.0			1.0
6029.9			1.0
6030.8			1.0
6031.700000000001			1.0
6032.6			1.0
6033.5			1.0
6034.4			1.0
6035.3			1.0
6036.200000000001			1.0
6037.1			1.0
6038.0			1.0
6038.9			1.0
6039.8			1.0
6040.700000000001			1.0
6041.6			1.0
6042.5			1.0
6043.4			1.0
6044.3			1.0
6045.200000000001			1.0
6046.1			1.0
6047.0			1.0
6047.9			1.0
6048.8			1.0
6049.700000000001			1.0
6050.6			1.0
6051.5			1.0
6052.4			1.0
6053.3			1.0
6054.200000000001			1.0
6055.1			1.0
6056.0			1.0
6056.9			1.0
6057.8			1.0
6058.700000000001			1.0
6059.6			1.0
6060.5			1.0
6061.4			1.0
6062.3			1.0
6063.200000000001			1.0
6064.1			1.0
6065.0			1.0
6065.9			1.0
6066.8			1.0
6067.700000000001			1.0
6068.6			1.0
6069.5			1.0
6070.4			1.0
6071.3			1.0
6072.200000000001			1.0
6073.1			1.0
6074.0			1.0
6074.9			1.0
6075.8			1.0
6076.700000000001			1.0
6077.6			1.0
6078.5			1.0
6079.4			1.0
6080.3			1.0
6081.200000000001			1.0
6082.1			1.0
6083.0			1.0
6083.9			1.0
6084.8			1.0
6085.700000000001			1.0
6086.6			1.0
6087.5			1.0
6088.4			1.0
6089.3			1.0
6090.200000000001			1.0
6091.1			1.0
6092.0			1.0
6092.9			1.0
6093.8			1.0
6094.700000000001			1.0
6095.6			1.0
6096.5			1.0
6097.4			1.0
6098.3			1.0
6099.200000000001			1.0
6100.1			1.0
6101.0			1.0
6101.9			1.0
6102.8			1.0
6103.700000000001			1.0
6104.6			1.0
6105.5			1.0
6106.4			1.0
6107.3			1.0
6108.200000000001			1.0
6109.1			1.0
6110.0			1.0
6110.9			1.0
6111.8			1.0
6112.700000000001			1.0
6113.6			1.0
6114.5			1.0
6115.4			1.0
6116.3			1.0
6117.200000000001			1.0
6118.1			1.0
6119.0			1.0
6119.9			1.0
6120.8			1.0
6121.700000000001			1.0
6122.6			1.0
6123.5			1.0
6124.4			1.0
6125.3			1.0
6126.200000000001			1.0
6127.1			1.0
6128.0			1.0
6128.9			1.0
6129.8			1.0
6130.700000000001			1.0
6131.6			1.0
6132.5			1.0
6133.4			1.0
6134.3			1.0002803490067498
6135.200000000001			0.9716430697871005
6136.1			0.9187715199953417
6137.0			0.8838887166672603
6137.9			0.9114492188485088
6138.8			0.976388220808641
6139.700000000001			1.0033616170016948
6140.6			1.0
6141.5			1.0
6142.4			1.0
6143.3			1.0
6144.200000000001			1.0
6145.1			1.0
6146.0			1.0
6146.9			1.0
6147.8			1.0
6148.700000000001			1.0
6149.6			1.0
6150.5			1.0
6151.4			1.0
6152.3			1.0
6153.200000000001			1.0
6154.1			1.0
6155.0			1.0
6155.9			1.0
6156.8			1.0
6157.700000000001			1.0
6158.6			1.0
6159.5			1.0
6160.4			1.0
6161.3			1.0
6162.200000000001			1.0
6163.1			1.0
6164.0			1.0
6164.9			1.0
6165.8			1.0
6166.700000000001			1.0
6167.6			1.0
6168.5			1.0
6169.4			1.0
6170.3			1.0
6171.200000000001			1.0
6172.1			1.0
6173.0			1.0
6173.9			1.0
6174.8			1.0
6175.700000000001			1.0
6176.6			1.0
6177.5			1.0
6178.4			1.0
6179.3			1.0016250454127043
6180.200000000001			1.0031776852926002
6181.1			1.0108268915389618
6182.0			1.0223601574282615
6182.9			1.0290503055347433
6183.8			1.0250731869472318
6184.700000000001			1.0123311420050214
6185.6			0.9999658264446982
6186.5			0.999604420345537
6187.4			1.0
6188.3			1.0
6189.200000000001			1.0
6190.1			1.0
6191.0			1.0
6191.9			1.0
6192.8			1.0
6193.700000000001			1.0
6194.6			1.0
6195.5			1.0
6196.4			1.0
6197.3			1.0
6198.200000000001			1.0
6199.1			1.0
6200.0			1.0
6200.9			1.0
6201.8			1.0
6202.700000000001			1.0
6203.6			1.0
6204.5			1.0
6205.4			1.0
6206.3			1.0
6207.200000000001			1.0
6208.1			1.0
6209.0			1.0
6209.9			1.0
6210.8			1.0
6211.700000000001			1.0
6212.6			1.0
6213.5			1.0
6214.4			1.0
6215.3			1.0
6216.200000000001			1.0
6217.1			1.0
6218.0			1.0
6218.9			1.0
6219.8			1.0
6220.700000000001			1.0
6221.6			1.0
6222.5			1.0
6223.4			1.0
6224.3			1.0
6225.200000000001			1.0
6226.1			1.0
6227.0			1.0
6227.9			1.0
6228.8			1.0
6229.700000000001			1.0
6230.6			1.0
6231.5			1.0
6232.4			1.0
6233.3			1.0
6234.200000000001			1.0
6235.1			1.0
6236.0			1.0
6236.9			1.0
6237.8			1.0
6238.700000000001			0.9685138258170785
6239.6			0.9784116913035641
6240.5			1.024498107357111
6241.4			1.066693652406824
6242.3			1.0738404154660548
6243.200000000001			1.0516833194317319
6244.1			1.0221324124586706
6245.0			0.9916876609565222
6245.9			0.9562610681318655
6246.8			0.933068404218523
6247.700000000001			0.9485914904638811
6248.6			1.003537456748509
6249.5			1.0576835285573571
6250.4			1.075219163243711
6251.3			1.0578725007387773
6252.200000000001			1.023726391997505
6253.1			0.9964025254986721
6254.0			0.9913408753266597
6254.9			1.0038770185952592
6255.8			1.0196908157213391
6256.700000000001			1.0311944230598533
6257.6			1.0371267187465014
6258.5			1.039707299815006
6259.4			1.0481401315819392
6260.3			1.0584886963913929
6261.200000000001			1.05510316995372
6262.1			1.0487969012874006
6263.0			1.0522927310784873
6263.9			1.0535192468387282
6264.8			1.0457702898377836
6265.700000000001			1.0486667250201684
6266.6			1.066790474814491
6267.5			1.0736832697346834
6268.4			1.0601368732890564
6269.3			1.0393663805820874
6270.200000000001			1.0244383150207037
6271.1			1.0228382587161837
6272.0			1.0332306610702169
6272.9			1.0429521742041232
6273.8			1.0475287468332939
6274.700000000001			1.0493381068090903
6275.6			1.0503971124009388
6276.5			1.047839904713645
6277.4			1.0295953758104064
6278.3			0.9960201811962537
6279.200000000001			0.9649391700989151
6280.1			0.9587403083783507
6281.0			0.9762757802160457
6281.9			1.0018429067908918
6282.8			1.019896777576173
6283.700000000001			1.0221313228163513
6284.6			1.0132341456757175
6285.5			1.0072517363967952
6286.4			1.011011228260018
6287.3			1.0206454499939932
6288.200000000001			1.028849052060998
6289.1			1.0285562315988501
6290.0			1.023338087890896
6290.9			1.0210393521338132
6291.8			1.0251229404505626
6292.700000000001			1.0288795207462007
6293.6			1.0258121242314644
6294.5			1.0146184299856498
6295.4			1.005165585280015
6296.3			1.0001017951986952
6297.200000000001			1.0
6298.1			1.0
6299.0			1.0
6299.9			1.0
6300.8			1.0
6301.700000000001			1.0
6302.6			1.0
6303.5			1.0
6304.4			1.0
6305.3			1.0
6306.200000000001			1.0
6307.1			1.0
6308.0			1.0
6308.9			1.0
6309.8			1.0
6310.700000000001			1.0
6311.6			1.0
6312.5			1.0
6313.4			1.0
6314.3			1.0
6315.200000000001			1.0
6316.1			1.0
6317.0			1.0
6317.9			1.0
6318.8			1.0
6319.700000000001			1.0
6320.6			1.0
6321.5			1.0
6322.4			1.0
6323.3			1.0
6324.200000000001			1.0
6325.1			1.0
6326.0			1.0
6326.9			1.0
6327.8			1.0
6328.700000000001			1.0
6329.6			1.0
6330.5			1.0
6331.4			1.0
6332.3			1.0
6333.200000000001			1.0
6334.1			1.0
6335.0			1.0
6335.9			1.0
6336.8			1.0
6337.700000000001			1.0
6338.6			1.0
6339.5			1.0
6340.4			1.0
6341.3			1.0
6342.200000000001			1.0
6343.1			1.0
6344.0			1.0
6344.9			1.0
6345.8			1.0
6346.700000000001			1.0
6347.6			1.0
6348.5			1.0
6349.4			1.0
6350.3			1.0
6351.200000000001			1.0
6352.1			1.0
6353.0			1.0
6353.9			1.0
6354.8			1.0
6355.700000000001			1.0
6356.6			1.0
6357.5			1.0
6358.4			1.0
6359.3			1.0
6360.200000000001			1.0
6361.1			1.0
6362.0			1.0
6362.9			1.0
6363.8			1.0
6364.700000000001			1.0
6365.6			1.0
6366.5			1.0
6367.4			1.0
6368.3			1.0
6369.200000000001			1.0
6370.1			1.0
6371.0			1.0
6371.9			1.0
6372.8			1.0
6373.700000000001			1.0
6374.6			1.0
6375.5			1.0
6376.4			1.0
6377.3			1.0
6378.200000000001			1.0
6379.1			1.0
6380.0			1.0
6380.9			1.0
6381.8			1.0
6382.700000000001			1.0
6383.6			1.0
6384.5			1.0
6385.4			1.0
6386.3			1.0
6387.200000000001			1.0
6388.1			1.0
6389.0			1.0
6389.9			1.0
6390.8			1.0
6391.700000000001			1.0
6392.6			1.0
6393.5			1.0
6394.4			1.0
6395.3			1.0
6396.200000000001			1.0
6397.1			1.0
6398.0			1.0
6398.9			1.0
6399.8			1.0
6400.700000000001			1.0
6401.6			1.0
6402.5			1.0
6403.4			1.0
6404.3			1.0
6405.200000000001			1.0
6406.1			1.0
6407.0			1.0
6407.9			1.0
6408.8			1.0
6409.700000000001			1.0
6410.6			1.0
6411.5			1.0
6412.4			1.0
6413.3			1.0
6414.200000000001			1.0
6415.1			1.0
6416.0			1.0
6416.9			1.0
6417.8			1.0
6418.700000000001			1.0
6419.6			1.0
6420.5			1.0
6421.4			1.0
6422.3			1.0
6423.200000000001			1.0
6424.1			1.0
6425.0			1.0
6425.9			1.0
6426.8			1.0
6427.700000000001			1.0
6428.6			1.0
6429.5			1.0
6430.4			1.0
6431.3			1.0
6432.200000000001			1.0
6433.1			1.0
6434.0			1.0
6434.9			1.0
6435.8			1.0
6436.700000000001			1.0
6437.6			1.0
6438.5			1.0
6439.4			1.0
6440.3			1.0
6441.200000000001			1.0
6442.1			1.0
6443.0			1.0
6443.9			1.0
6444.8			1.0
6445.700000000001			1.0
6446.6			1.0
6447.5			1.0
6448.4			1.0
6449.3			1.0
6450.200000000001			1.0
6451.1			1.0
6452.0			1.0
6452.9			1.0
6453.8			0.9855950599105293
6454.700000000001			0.9474830921604456
6455.6			0.8876182704409795
6456.5			0.854877850804303
6457.4			0.8899442628688673
6458.3			0.9582838312250506
6459.200000000001			1.0005356285359632
6460.1			1.0
6461.0			1.0
6461.9			1.0
6462.8			1.0
6463.700000000001			1.0
6464.6			1.0
6465.5			1.0
6466.4			1.0
6467.3			0.9935943175613774
6468.200000000001			0.9858549081775476
6469.1			0.9817505009490395
6470.0			0.9769064045943535
6470.9			0.9635277469690569
6471.8			0.9526396649663135
6472.700000000001			0.9630059515608609
6473.6			0.9873431117179684
6474.5			0.9978037982697636
6475.4			0.9907245545542905
6476.3			0.98653234829991
6477.200000000001			0.9925295991610663
6478.1			1.001738494959039
6479.0			1.006430129042017
6479.9			1.005310303231789
6480.8			0.9945183029790389
6481.700000000001			0.9770639555571461
6482.6			0.9666629568286238
6483.5			0.9714053054231241
6484.4			0.9793494782645361
6485.3			0.9859512291147847
6486.200000000001			0.9955666055839424
6487.1			1.0045143823438094
6488.0			1.013535017587381
6488.9			1.0183125544245217
6489.8			1.0051256992972457
6490.700000000001			0.9668508145878933
6491.6			0.9275459103079381
6492.5			0.9090401756682783
6493.4			0.8930563713913364
6494.3			0.8677820094713082
6495.200000000001			0.8481323081255586
6496.1			0.834609664047493
6497.0			0.8409752429923805
6497.9			0.8889645908169774
6498.8			0.942615367632001
6499.700000000001			0.9701811454267133
6500.6			0.9932700902587757
6501.5			1.0201815425673906
6502.4			1.03119368120949
6503.3			1.0292442784771698
6504.200000000001			1.0239510659742144
6505.1			1.0215041009833206
6506.0			1.0255354068134546
6506.9			1.0310330587563366
6507.8			1.0298529958150326
6508.700000000001			1.0291077547590686
6509.6			1.038516718755193
6510.5			1.0439064130611353
6511.4			1.034002373401305
6512.3			1.0228032692668936
6513.200000000001			1.0242212101639643
6514.1			1.0182414399667086
6515.0			0.9798651349948918
6515.9			0.9387846925777752
6516.8			0.9427736533488101
6517.700000000001			0.9707490119722016
6518.6			0.9855737868417688
6519.5			0.9974849292615192
6520.4			1.0174450257071508
6521.3			1.0267769419794026
6522.200000000001			1.0240877278324119
6523.1			1.0264957928281788
6524.0			1.0339503106330739
6524.9			1.0378466727470983
6525.8			1.0315468529863403
6526.700000000001			1.0201300026095204
6527.6			1.0206186031528885
6528.5			1.040333357696356
6529.4			1.055312151238701
6530.3			1.0537709260265158
6531.200000000001			1.045987429879559
6532.1			1.0396141321583248
6533.0			1.0303216692328494
6533.9			1.0210677203248246
6534.8			1.0280867249483567
6535.700000000001			1.0415244901627516
6536.6			1.041256139435793
6537.5			1.030039410179999
6538.4			1.0228366835676765
6539.3			1.024987288522207
6540.200000000001			1.0312249482842866
6541.1			1.0314149707184752
6542.0			1.0283085809273051
6542.9			1.028593477980239
6543.8			1.0236664580679367
6544.700000000001			1.004273372892243
6545.6			0.9810465032684255
6546.5			0.9782435784742967
6547.4			0.9976946164975428
6548.3			1.01836202117431
6549.200000000001			1.0
6550.1			0.9981903767333868
6551.0			0.9972923708945675
6551.9			0.9948573375117553
6552.8			0.9868954716516625
6553.700000000001			0.9727155583586051
6554.6			0.9606410279757751
6555.5			0.9498471141856445
6556.4			0.9371788840538952
6557.3			0.9178133466557593
6558.200000000001			0.8820052447375002
6559.1			0.8264275089268853
6560.0			0.7537753761995681
6560.9			0.6475840714401522
6561.8			0.5219829250855814
6562.700000000001			0.46987842426371296
6563.6			0.5575437575062109
6564.5			0.7092716815802115
6565.4			0.8125607737377571
6566.3			0.8578665751854084
6567.200000000001			0.88910699455028
6568.1			0.9112772078402017
6569.0			0.9187665494605217
6569.9			0.9277201209280656
6570.8			0.9457741144376591
6571.700000000001			0.9557451440156234
6572.6			0.955117904937497
6573.5			0.9519519527227283
6574.4			0.9471125843443816
6575.3			0.9557403164665333
6576.200000000001			0.9847985503182967
6577.1			1.0125126234956952
6578.0			1.0185154123486369
6578.9			1.0157886891956345
6579.8			1.0154248920474147
6580.700000000001			1.0159267057194872
6581.6			1.014286330049207
6582.5			1.010256629447634
6583.4			1.0011249561720594
6584.3			0.9884864206512091
6585.200000000001			0.982361563534915
6586.1			0.9817425476765055
6587.0			0.9781788762573403
6587.9			0.9793384552663171
6588.8			0.9946975235915722
6589.700000000001			1.0137141437835244
6590.6			1.0201294656346285
6591.5			0.9998234714240763
6592.4			0.9567953601506972
6593.3			0.9259721433279343
6594.200000000001			0.9431260713986833
6595.1			0.985655340720662
6596.0			1.0102055958913676
6596.9			1.0113403377307484
6597.8			1.006629971657045
6598.700000000001			1.0097248707072837
6599.6			1.0178772306044774
6600.5			1.0243666959673612
6601.4			1.025080396639236
6602.3			1.016037934217919
6603.200000000001			0.9960485994464824
6604.1			0.9711791740606684
6605.0			0.953659944101848
6605.9			0.9568529054581095
6606.8			0.9739818825425796
6607.700000000001			0.9836792989838492
6608.6			0.9857897172693054
6609.5			0.9907636343477968
6610.4			0.999061115839493
6611.3			1.0038962753146492
6612.200000000001			0.996661469144991
6613.1			0.9799474521464838
6614.0			0.9719158612253961
6614.9			0.9780569080913654
6615.8			0.9904346372884694
6616.700000000001			0.9977354870806974
6617.6			1.0001004464219807
6618.5			1.0045105012053799
6619.4			1.0102621166842327
6620.3			1.0124985725684938
6621.200000000001			1.0109609023789132
6622.1			1.0121328582933347
6623.0			1.0120489764492622
6623.9			1.006578950908653
6624.8			0.9986192050236959
6625.700000000001			0.9938353037886682
6626.6			0.9947138897565684
6627.5			0.9999821087223729
6628.4			1.0028414081991623
6629.3			1.0044839275026625
6630.200000000001			1.004597314958346
6631.1			0.9961069282662952
6632.0			0.9828966749974307
6632.9			0.9690874740278026
6633.8			0.9596133261937755
6634.700000000001			0.9639900317267124
6635.6			0.9758009901497511
6636.5			0.9847465846515394
6637.4			0.9912983986141618
6638.3			0.9975479138970986
6639.200000000001			1.0051912611135758
6640.1			1.0112358124233383
6641.0			1.0107618676955699
6641.9			0.9955373991299433
6642.8			0.9699367201503226
6643.700000000001			0.9589325499600442
6644.6			0.9754946372561311
6645.5			0.9968655753381536
6646.4			1.0041286576098485
6647.3			1.0066551112927198
6648.200000000001			1.009164980081286
6649.1			1.005784381178474
6650.0			1.0023607299618191
6650.9			1.0044994703481953
6651.8			1.0040631651919685
6652.700000000001			1.0001175402950448
6653.6			1.0
6654.5			1.0
6655.4			1.0
6656.3			1.0
6657.200000000001			1.0
6658.1			1.0
6659.0			1.0
6659.9			1.0
6660.8			1.0
6661.700000000001			1.0
6662.6			1.0
6663.5			1.0
6664.4			1.0
6665.3			1.0
6666.200000000001			1.0
6667.1			1.0
6668.0			1.0
6668.9			1.0
6669.8			1.0
6670.700000000001			1.0
6671.6			1.0
6672.5			1.0
6673.4			1.0
6674.3			1.0
6675.200000000001			1.0
6676.1			1.0
6677.0			1.0
6677.9			1.0
6678.8			1.0
6679.700000000001			1.0
6680.6			1.0
6681.5			1.0
6682.4			1.0
6683.3			1.0
6684.200000000001			1.0
6685.1			1.0
6686.0			1.0
6686.9			1.0
6687.8			1.0
6688.700000000001			1.0
6689.6			1.0
6690.5			1.0
6691.4			1.0
6692.3			1.0
6693.200000000001			1.0
6694.1			1.0
6695.0			1.0
6695.9			1.0
6696.8			1.0
6697.700000000001			1.0
6698.6			1.0
6699.5			1.0
6700.4			1.0
6701.3			1.0
6702.200000000001			1.0
6703.1			1.0
6704.0			1.0
6704.9			1.0
6705.8			1.0
6706.700000000001			1.0
6707.6			1.0
6708.5			1.0
6709.4			1.0
6710.3			1.0
6711.200000000001			1.0
6712.1			1.0
6713.0			1.0
6713.9			1.0
6714.8			1.0
6715.700000000001			1.0
6716.6			1.0
6717.5			1.0
6718.4			1.0
6719.3			1.0
6720.200000000001			1.0
6721.1			1.0
6722.0			1.0
6722.9			1.0
6723.8			1.0
6724.700000000001			1.0
6725.6			1.0
6726.5			1.0
6727.4			1.0
6728.3			1.0
6729.200000000001			1.0
6730.1			1.0
6731.0			1.0
6731.9			1.0
6732.8			1.0
6733.700000000001			1.0
6734.6			1.0
6735.5			1.0
6736.4			1.0
6737.3			1.0
6738.200000000001			1.0
6739.1			1.0
6740.0			1.0
6740.9			1.0
6741.8			1.0
6742.700000000001			1.0
6743.6			1.0
6744.5			1.0
6745.4			1.0
6746.3			1.0
6747.200000000001			1.0
6748.1			1.0
6749.0			1.0
6749.9			1.0
6750.8			1.0
6751.700000000001			1.0
6752.6			1.0
6753.5			1.0
6754.4			1.0
6755.3			1.0
6756.200000000001			1.0
6757.1			1.0
6758.0			1.0
6758.9			1.0
6759.8			1.0
6760.700000000001			1.0
6761.6			1.0
6762.5			1.0
6763.4			1.0
6764.3			1.0
6765.200000000001			1.0
6766.1			1.0
6767.0			1.0
6767.9			1.0
6768.8			1.0
6769.700000000001			1.0
6770.6			1.0
6771.5			1.0
6772.4			1.0
6773.3			1.0
6774.200000000001			1.0
6775.1			1.0
6776.0			1.0
6776.9			1.0
6777.8			1.0
6778.700000000001			1.0
6779.6			1.0
6780.5			1.0
6781.4			1.0
6782.3			1.0
6783.200000000001			1.0
6784.1			1.0
6785.0			1.0
6785.9			1.0
6786.8			1.0
6787.700000000001			1.0
6788.6			1.0
6789.5			1.0
6790.4			1.0
6791.3			1.0
6792.200000000001			1.0
6793.1			1.0
6794.0			1.0
6794.9			1.0
6795.8			1.0
6796.700000000001			1.0
6797.6			1.0
6798.5			1.0
6799.4			1.0
6800.3			1.0
6801.200000000001			1.0
6802.1			1.0
6803.0			1.0
6803.9			1.0
6804.8			1.0
6805.700000000001			1.0
6806.6			1.0
6807.5			1.0
6808.4			1.0
6809.3			1.0
6810.200000000001			1.0
6811.1			1.0
6812.0			1.0
6812.9			1.0
6813.8			1.0
6814.700000000001			1.0
6815.6			1.0
6816.5			1.0
6817.4			1.0
6818.3			1.0
6819.200000000001			1.0
6820.1			1.0
6821.0			1.0
6821.9			1.0
6822.8			1.0
6823.700000000001			1.0
6824.6			1.0
6825.5			1.0
6826.4			1.0
6827.3			1.0
6828.200000000001			1.0
6829.1			1.0
6830.0			1.0
6830.9			1.0
6831.8			1.0
6832.700000000001			1.0
6833.6			1.0
6834.5			1.0
6835.4			1.0
6836.3			1.0
6837.200000000001			1.0
6838.1			1.0
6839.0			1.0
6839.9			1.0
6840.8			1.0
6841.700000000001			1.0
6842.6			1.0
6843.5			1.0
6844.4			1.0
6845.3			1.0
6846.200000000001			1.0
6847.1			1.0
6848.0			1.0
6848.9			1.0
6849.8			1.0
6850.700000000001			1.0
6851.6			1.0
6852.5			1.0
6853.4			1.0
6854.3			1.0
6855.200000000001			1.0
6856.1			1.0
6857.0			1.0
6857.9			1.0
6858.8			1.0
6859.700000000001			1.0
6860.6			1.0
6861.5			1.0
6862.4			1.0
6863.3			1.0
6864.200000000001			1.0
6865.1			1.0
6866.0			1.0
6866.9			1.0
6867.8			1.0
6868.700000000001			1.0
6869.6			1.0
6870.5			1.0
6871.4			1.0
6872.3			1.0
6873.200000000001			1.0
6874.1			1.0
6875.0			1.0
6875.9			1.0
6876.8			1.0
6877.700000000001			1.0
6878.6			1.0
6879.5			1.0
6880.4			1.0
6881.3			1.0
6882.200000000001			1.0
6883.1			1.0
6884.0			1.0
6884.9			1.0
6885.8			1.0
6886.700000000001			1.0
6887.6			1.0
6888.5			1.0
6889.4			1.0
6890.3			1.0
6891.200000000001			1.0
6892.1			1.0
6893.0			1.0
6893.9			1.0
6894.8			1.0
6895.700000000001			1.0
6896.6			1.0
6897.5			1.0
6898.4			1.0
6899.3			1.0
6900.200000000001			1.0
6901.1			1.0
6902.0			1.0
6902.9			1.0
6903.8			1.0
6904.700000000001			1.0
6905.6			1.0
6906.5			1.0
6907.4			1.0
6908.3			1.0
6909.200000000001			1.0
6910.1			1.0
6911.0			1.0
6911.9			1.0
6912.8			1.0
6913.700000000001			1.0
6914.6			1.0
6915.5			1.0
6916.4			1.0
6917.3			1.0
6918.200000000001			1.0
6919.1			1.0
6920.0			1.0
6920.9			1.0
6921.8			1.0
6922.700000000001			1.0
6923.6			1.0
6924.5			1.0
6925.4			1.0
6926.3			1.0
6927.200000000001			1.0
6928.1			1.0
6929.0			1.0
6929.9			1.0
6930.8			1.0
6931.700000000001			1.0
6932.6			1.0
6933.5			1.0
6934.4			1.0
6935.3			1.0
6936.200000000001			1.0
6937.1			1.0
6938.0			1.0
6938.9			1.0
6939.8			1.0
6940.700000000001			1.0
6941.6			1.0
6942.5			1.0
6943.4			1.0
6944.3			1.0
6945.200000000001			1.0
6946.1			1.0
6947.0			1.0
6947.9			1.0
6948.8			1.0
6949.700000000001			1.0
6950.6			1.0
6951.5			1.0
6952.4			1.0
6953.3			1.0
6954.200000000001			1.0
6955.1			1.0
6956.0			1.0
6956.9			1.0
6957.8			1.0
6958.700000000001			1.0
6959.6			1.0
6960.5			1.0
6961.4			1.0
6962.3			1.0
6963.200000000001			1.0
6964.1			1.0
6965.0			1.0
6965.9			1.0
6966.8			1.0
6967.700000000001			1.0
6968.6			1.0
6969.5			1.0
6970.4			1.0
6971.3			1.0
6972.200000000001			1.0
6973.1			1.0
6974.0			1.0
6974.9			1.0
6975.8			1.0
6976.700000000001			1.0
6977.6			1.0
6978.5			1.0
6979.4			1.0
6980.3			1.0
6981.200000000001			1.0
6982.1			1.0
6983.0			1.0
6983.9			1.0
6984.8			1.0
6985.700000000001			1.0
6986.6			1.0
6987.5			1.0
6988.4			1.0
6989.3			1.0
6990.200000000001			1.0
6991.1			1.0
6992.0			1.0
6992.9			1.0
6993.8			1.0
6994.700000000001			1.0
6995.6			1.0
6996.5			1.0
6997.4			1.0
6998.3			1.0
6999.200000000001			1.0
7000.1			1.0
7001.0			1.0
7001.9			1.0
7002.8			1.0
7003.700000000001			1.0
7004.6			1.0
7005.5			1.0
7006.4			1.0
7007.3			1.0
7008.200000000001			1.0
7009.1			1.0
7010.0			1.0
7010.9			1.0
7011.8			1.0
7012.700000000001			1.0
7013.6			1.0
7014.5			1.0
7015.4			1.0
7016.3			1.0
7017.200000000001			1.0
7018.1			1.0
7019.0			1.0
7019.9			1.0
7020.8			1.0
7021.700000000001			1.0
7022.6			1.0
7023.5			1.0
7024.4			1.0
7025.3			1.0
7026.200000000001			1.0
7027.1			1.0
7028.0			1.0
7028.9			1.0
7029.8			1.0
7030.700000000001			1.0
7031.6			1.0
7032.5			1.0
7033.4			1.0
7034.3			1.0
7035.200000000001			1.0
7036.1			1.0
7037.0			1.0
7037.9			1.0
7038.8			1.0
7039.700000000001			1.0
7040.6			1.0
7041.5			1.0
7042.4			1.0
7043.3			1.0
7044.200000000001			1.0
7045.1			1.0
7046.0			1.0
7046.9			1.0
7047.8			1.0
7048.700000000001			1.0
7049.6			1.0
7050.5			1.0
7051.4			1.0
7052.3			1.0
7053.200000000001			1.0
7054.1			1.0
7055.0			1.0
7055.9			1.0
7056.8			1.0
7057.700000000001			1.0
7058.6			1.0
7059.5			1.0
7060.4			1.0
7061.3			1.0
7062.200000000001			1.0
7063.1			1.0
7064.0			1.0
7064.9			1.0
7065.8			1.0
7066.700000000001			1.0
7067.6			1.0
7068.5			1.0
7069.4			1.0
7070.3			1.0
7071.200000000001			1.0
7072.1			1.0
7073.0			1.0
7073.9			1.0
7074.8			1.0
7075.700000000001			1.0
7076.6			1.0
7077.5			1.0
7078.4			1.0
7079.3			1.0
7080.200000000001			1.0
7081.1			1.0
7082.0			1.0
7082.9			1.0
7083.8			1.0
7084.700000000001			1.0
7085.6			1.0
7086.5			1.0
7087.4			1.0
7088.3			1.0
7089.200000000001			1.0
7090.1			1.0
7091.0			1.0
7091.9			1.0
7092.8			1.0
7093.700000000001			1.0
7094.6			1.0
7095.5			1.0
7096.4			1.0
7097.3			1.0
7098.200000000001			1.0
7099.1			1.0
7100.0			1.0
7100.9			1.0
7101.8			1.0
7102.700000000001			1.0
7103.6			1.0
7104.5			1.0
7105.4			1.0
7106.3			1.0
7107.200000000001			1.0
7108.1			1.0
7109.0			1.0
7109.9			1.0
7110.8			1.0
7111.700000000001			1.0
7112.6			1.0
7113.5			1.0
7114.4			1.0
7115.3			1.0
7116.200000000001			1.0
7117.1			1.0
7118.0			1.0
7118.9			1.0
7119.8			1.0
7120.700000000001			1.0
7121.6			1.0
7122.5			1.0
7123.4			1.0
7124.3			1.0
7125.200000000001			1.0
7126.1			1.0
7127.0			1.0
7127.9			1.0
7128.8			1.0
7129.700000000001			1.0
7130.6			1.0
7131.5			1.0
7132.4			1.0
7133.3			1.0
7134.200000000001			1.0
7135.1			1.0
7136.0			1.0
7136.9			1.0
7137.8			1.0
7138.700000000001			1.0
7139.6			1.0
7140.5			1.0
7141.4			1.0
7142.3			1.0
7143.200000000001			1.0
7144.1			1.0
7145.0			1.0
7145.9			1.0
7146.8			1.0
7147.700000000001			1.0
7148.6			1.0
7149.5			1.0
7150.4			1.0
7151.3			1.0
7152.200000000001			1.0
7153.1			1.0
7154.0			1.0
7154.9			1.0
7155.8			1.0
7156.700000000001			1.0
7157.6			1.0
7158.5			1.0
7159.4			1.0
7160.3			1.0
7161.200000000001			1.0
7162.1			1.0
7163.0			1.0
7163.9			1.0
7164.8			1.0
7165.700000000001			1.0
7166.6			1.0
7167.5			1.0
7168.4			1.0
7169.3			1.0
7170.200000000001			1.0
7171.1			1.0
7172.0			1.0
7172.9			1.0
7173.8			1.0
7174.700000000001			1.0
7175.6			1.0
7176.5			1.0
7177.4			1.0
7178.3			1.0
7179.200000000001			1.0
7180.1			1.0
7181.0			1.0
7181.9			1.0
7182.8			1.0
7183.700000000001			1.0
7184.6			1.0
7185.5			1.0
7186.4			1.0
7187.3			1.0
7188.200000000001			1.0
7189.1			1.0
7190.0			1.0
7190.9			1.0
7191.8			1.0
7192.700000000001			1.0
7193.6			1.0
7194.5			1.0
7195.4			1.0
7196.3			1.0
7197.200000000001			1.0
7198.1			1.0
7199.0			1.0
7199.9			1.0
7200.8			1.0
7201.700000000001			1.0
7202.6			1.0
7203.5			1.0
7204.4			1.0
7205.3			1.0
7206.200000000001			1.0
7207.1			1.0
7208.0			1.0
7208.9			1.0
7209.8			1.0
7210.700000000001			1.0
7211.6			1.0
7212.5			1.0
7213.4			1.0
7214.3			1.0
7215.200000000001			1.0
7216.1			1.0
7217.0			1.0
7217.9			1.0
7218.8			1.0
7219.700000000001			1.0
7220.6			1.0
7221.5			1.0
7222.4			1.0
7223.3			1.0
7224.200000000001			1.0
7225.1			1.0
7226.0			1.0
7226.9			1.0
7227.8			1.0
7228.700000000001			1.0
7229.6			1.0
7230.5			1.0
7231.4			1.0
7232.3			1.0
7233.200000000001			1.0
7234.1			1.0
7235.0			1.0
7235.9			1.0
7236.8			1.0
7237.700000000001			1.0
7238.6			1.0
7239.5			1.0
7240.4			1.0
7241.3			1.0
7242.200000000001			1.0
7243.1			1.0
7244.0			1.0
7244.9			1.0
7245.8			1.0
7246.700000000001			1.0
7247.6			1.0
7248.5			1.0
7249.4			1.0
7250.3			1.0
7251.200000000001			1.0
7252.1			1.0
7253.0			1.0
7253.9			1.0
7254.8			1.0
7255.700000000001			1.0
7256.6			1.0
7257.5			1.0
7258.4			1.0
7259.3			1.0
7260.200000000001			1.0
7261.1			1.0
7262.0			1.0
7262.9			1.0
7263.8			1.0
7264.700000000001			1.0
7265.6			1.0
7266.5			1.0
7267.4			1.0
7268.3			1.0
7269.200000000001			1.0
7270.1			1.0
7271.0			1.0
7271.9			1.0
7272.8			1.0
7273.700000000001			1.0
7274.6			1.0
7275.5			1.0
7276.4			1.0
7277.3			1.0
7278.200000000001			1.0
7279.1			1.0
7280.0			1.0
7280.9			1.0
7281.8			1.0
7282.700000000001			1.0
7283.6			1.0
7284.5			1.0
7285.4			1.0
7286.3			1.0
7287.200000000001			1.0
7288.1			1.0
7289.0			1.0
7289.9			1.0
7290.8			1.0
7291.700000000001			1.0
7292.6			1.0
7293.5			1.0
7294.4			1.0
7295.3			1.0
7296.200000000001			1.0
7297.1			1.0
7298.0			1.0
7298.9			1.0
7299.8			1.0
7300.700000000001			1.0
7301.6			1.0
7302.5			1.0
7303.4			1.0
7304.3			1.0
7305.200000000001			1.0
7306.1			1.0
7307.0			1.0
7307.9			1.0
7308.8			1.0
7309.700000000001			1.0
7310.6			1.0
7311.5			1.0
7312.4			1.0
7313.3			1.0
7314.200000000001			1.0
7315.1			1.0
7316.0			1.0
7316.9			1.0
7317.8			1.0
7318.700000000001			1.0
7319.6			1.0
7320.5			1.0
7321.4			1.0
7322.3			1.0
7323.200000000001			1.0
7324.1			1.0
7325.0			1.0
7325.9			1.0
7326.8			1.0
7327.700000000001			1.0
7328.6			1.0
7329.5			1.0
7330.4			1.0
7331.3			1.0
7332.200000000001			1.0
7333.1			1.0
7334.0			1.0
7334.9			1.0
7335.8			1.0
7336.700000000001			1.0
7337.6			1.0
7338.5			1.0
7339.4			1.0
7340.3			1.0
7341.200000000001			1.0
7342.1			1.0
7343.0			1.0
7343.9			1.0
7344.8			1.0
7345.700000000001			1.0
7346.6			1.0
7347.5			1.0
7348.4			1.0
7349.3			1.0
7350.200000000001			1.0
7351.1			1.0
7352.0			1.0
7352.9			1.0
7353.8			1.0
7354.700000000001			1.0
7355.6			1.0
7356.5			1.0
7357.4			1.0
7358.3			1.0
7359.200000000001			1.0
7360.1			1.0
7361.0			1.0
7361.9			1.0
7362.8			1.0
7363.700000000001			1.0
7364.6			1.0
7365.5			1.0
7366.4			1.0
7367.3			1.0
7368.200000000001			1.0
7369.1			1.0
7370.0			1.0
7370.9			1.0
7371.8			1.0
7372.700000000001			1.0
7373.6			1.0
7374.5			1.0
7375.4			1.0
7376.3			1.0
7377.200000000001			1.0
7378.1			1.0
7379.0			1.0
7379.9			1.0
7380.8			1.0
7381.700000000001			1.0
7382.6			1.0
7383.5			1.0
7384.4			1.0
7385.3			1.0
7386.200000000001			1.0
7387.1			1.0
7388.0			1.0
7388.9			1.0
7389.8			1.0
7390.700000000001			1.0
7391.6			1.0
7392.5			1.0
7393.4			1.0
7394.3			1.0
7395.200000000001			1.0
7396.1			1.0
7397.0			1.0
7397.9			1.0
7398.8			1.0
7399.700000000001			1.0
7400.6			1.0
7401.5			1.0
7402.4			1.0
7403.3			1.0
7404.200000000001			1.0
7405.1			1.0
7406.0			1.0
7406.9			1.0
7407.8			1.0
7408.700000000001			1.0
7409.6			1.0
7410.5			1.0
7411.4			1.0
7412.3			1.0
7413.200000000001			1.0
7414.1			1.0
7415.0			1.0
7415.9			1.0
7416.8			1.0
7417.700000000001			1.0
7418.6			1.0
7419.5			1.0
7420.4			1.0
7421.3			1.0
7422.200000000001			1.0
7423.1			1.0
7424.0			1.0
7424.9			1.0
7425.8			1.0
7426.700000000001			1.0
7427.6			1.0
7428.5			1.0
7429.4			1.0
