3500.0			1.0
3500.9			1.0
3501.8			1.0
3502.7			1.0
3503.6			1.0
3504.5			1.0
3505.4			1.0
3506.3			1.0
3507.2			1.0
3508.1			1.0
3509.0			1.0
3509.9			1.0
3510.8			1.0
3511.7			1.0
3512.6			1.0
3513.5			1.0
3514.4			1.0
3515.3			1.0
3516.2			1.0
3517.1			1.0
3518.0			1.0
3518.9			1.0
3519.8			1.0
3520.7			1.0
3521.6			1.0
3522.5			1.0
3523.4			1.0
3524.3			1.0
3525.2			1.0
3526.1			1.0
3527.0			1.0
3527.9			1.0
3528.8			1.0
3529.7			1.0
3530.6			1.0
3531.5			1.0
3532.4			1.0
3533.3			1.0
3534.2			1.0
3535.1			1.0
3536.0			1.0
3536.9			1.0
3537.8			1.0
3538.7			1.0
3539.6			1.0
3540.5			1.0
3541.4			1.0
3542.3			1.0
3543.2			1.0
3544.1			1.0
3545.0			1.0
3545.9			1.0
3546.8			1.0
3547.7			1.0
3548.6			1.0
3549.5			1.0
3550.4			1.0
3551.3			1.0
3552.2			1.0
3553.1			1.0
3554.0			1.0
3554.9			1.0
3555.8			1.0
3556.7			1.0
3557.6			1.0
3558.5			1.0
3559.4			1.0
3560.3			1.0
3561.2			1.0
3562.1			1.0
3563.0			1.0
3563.9			1.0
3564.8			1.0
3565.7			1.0
3566.6			1.0
3567.5			1.0
3568.4			1.0
3569.3			1.0
3570.2			1.0
3571.1			1.0
3572.0			1.0
3572.9			1.0
3573.8			1.0
3574.7			1.0
3575.6			1.0
3576.5			1.0
3577.4			1.0
3578.3			1.0
3579.2			1.0
3580.1			1.0
3581.0			1.0
3581.9			1.0
3582.8			1.0
3583.7			1.0
3584.6			1.0
3585.5			1.0
3586.4			1.0
3587.3			1.0
3588.2			1.0
3589.1			1.0
3590.0			1.0
3590.9			1.0
3591.8			1.0
3592.7			1.0
3593.6			1.0
3594.5			1.0
3595.4			1.0
3596.3			1.0
3597.2			1.0
3598.1			1.0
3599.0			1.0
3599.9			1.0
3600.8			1.0
3601.7			1.0
3602.6			1.0
3603.5			1.0
3604.4			1.0
3605.3			1.0
3606.2			1.0
3607.1			1.0
3608.0			1.0
3608.9			1.0
3609.8			1.0
3610.7			1.0
3611.6			1.0
3612.5			1.0
3613.4			1.0
3614.3			1.0
3615.2			1.0
3616.1			1.0
3617.0			1.0
3617.9			1.0
3618.8			1.0
3619.7			1.0
3620.6			1.0
3621.5			1.0
3622.4			1.0
3623.3			1.0
3624.2			1.0
3625.1			1.0
3626.0			1.0
3626.9			1.0
3627.8			1.0
3628.7			1.0
3629.6			1.0
3630.5			1.0
3631.4			1.0
3632.3			1.0
3633.2			1.0
3634.1			1.0
3635.0			1.0
3635.9			1.0
3636.8			1.0
3637.7			1.0
3638.6			1.0
3639.5			1.0
3640.4			1.0
3641.3			1.0
3642.2			1.0
3643.1			1.0
3644.0			1.0
3644.9			1.0
3645.8			1.0
3646.7			1.0
3647.6			1.0
3648.5			1.0
3649.4			1.0
3650.3			1.0
3651.2			1.0
3652.1			1.0
3653.0			1.0
3653.9			1.0
3654.8			1.0
3655.7			1.0
3656.6			1.0
3657.5			1.0
3658.4			1.0
3659.3			1.0
3660.2			1.0
3661.1			1.0
3662.0			1.0
3662.9			1.0
3663.8			1.0
3664.7			1.0
3665.6			1.0
3666.5			1.0
3667.4			1.0
3668.3			1.0
3669.2			1.0
3670.1			1.0
3671.0			1.0
3671.9			1.0
3672.8			1.0
3673.7			1.0
3674.6			1.0
3675.5			1.0
3676.4			1.0
3677.3			1.0
3678.2			1.0
3679.1			1.0
3680.0			1.0
3680.9			1.0
3681.8			1.0
3682.7			1.0
3683.6			1.0
3684.5			1.0
3685.4			1.0
3686.3			1.0
3687.2			1.0
3688.1			1.0
3689.0			1.0
3689.9			1.0
3690.8			1.0
3691.7			1.0
3692.6			1.0
3693.5			1.0
3694.4			1.0
3695.3			1.0
3696.2			1.0
3697.1			1.0
3698.0			1.0
3698.9			1.0
3699.8			1.0
3700.7			1.0
3701.6			1.0
3702.5			1.0
3703.4			1.0
3704.3			1.0
3705.2			1.0
3706.1			1.0
3707.0			1.0
3707.9			1.0
3708.8			1.0
3709.7			1.0
3710.6			1.0
3711.5			1.0
3712.4			1.0
3713.3			1.0
3714.2			1.0
3715.1			1.0
3716.0			1.0
3716.9			1.0
3717.8			1.0
3718.7			1.0
3719.6			1.0
3720.5			1.0
3721.4			1.0
3722.3			1.0
3723.2			1.0
3724.1			1.0
3725.0			1.0
3725.9			1.0
3726.8			1.0
3727.7			1.0
3728.6			1.0
3729.5			1.0
3730.4			1.0
3731.3			1.0
3732.2			1.0
3733.1			1.0
3734.0			1.0
3734.9			1.0
3735.8			1.0
3736.7			1.0
3737.6			1.0
3738.5			1.0
3739.4			1.0
3740.3			1.0
3741.2			1.0
3742.1			1.0
3743.0			1.0
3743.9			1.0
3744.8			1.0
3745.7			1.0
3746.6			1.0
3747.5			1.0
3748.4			1.0
3749.3			1.0
3750.2			1.0
3751.1			1.0
3752.0			1.0
3752.9			1.0
3753.8			1.0
3754.7			1.0
3755.6			1.0
3756.5			1.0
3757.4			1.0
3758.3			1.0
3759.2			1.0
3760.1			1.0
3761.0			1.0
3761.9			1.0
3762.8			1.0
3763.7			1.0
3764.6			1.0
3765.5			1.0
3766.4			1.0
3767.3			1.0
3768.2			1.0
3769.1			1.0
3770.0			1.0
3770.9			1.0
3771.8			1.0
3772.7			1.0
3773.6			1.0
3774.5			1.0
3775.4			1.0
3776.3			1.0
3777.2			1.0
3778.1			1.0
3779.0			1.0
3779.9			1.0
3780.8			1.0
3781.7			1.0
3782.6			1.0
3783.5			1.0
3784.4			1.0
3785.3			1.0
3786.2			1.0
3787.1			1.0
3788.0			1.0
3788.9			1.0
3789.8			1.0
3790.7			1.0
3791.6			1.0
3792.5			1.0
3793.4			1.0
3794.3			1.0
3795.2			1.0
3796.1			1.0
3797.0			1.0
3797.9			1.0
3798.8			1.0
3799.7			1.0
3800.6			1.0
3801.5			1.0
3802.4			1.0
3803.3			1.0
3804.2			1.0
3805.1			1.0
3806.0			1.0
3806.9			1.0
3807.8			1.0
3808.7			1.0
3809.6			1.0
3810.5			1.0
3811.4			1.0
3812.3			1.0
3813.2			1.0
3814.1			1.0
3815.0			1.0
3815.9			1.0
3816.8			1.0
3817.7			1.0
3818.6			1.0
3819.5			1.0
3820.4			1.0
3821.3			1.0
3822.2			1.0
3823.1			1.0
3824.0			1.0
3824.9			1.0
3825.8			1.0
3826.7			1.0
3827.6			1.0
3828.5			1.0
3829.4			1.0
3830.3			1.0
3831.2			1.0
3832.1			1.0
3833.0			1.0
3833.9			1.0
3834.8			1.0
3835.7			1.0
3836.6			1.0
3837.5			1.0
3838.4			1.0
3839.3			1.0
3840.2			1.0
3841.1			1.0
3842.0			1.0
3842.9			1.0
3843.8			1.0
3844.7			1.0
3845.6			1.0
3846.5			1.0
3847.4			1.0
3848.3			1.0
3849.2			1.0
3850.1			1.0
3851.0			1.0
3851.9			1.0
3852.8			1.0
3853.7			1.0
3854.6			1.0
3855.5			1.0
3856.4			1.0
3857.3			1.0
3858.2			1.0
3859.1			1.0
3860.0			1.0
3860.9			1.0
3861.8			1.0
3862.7			1.0
3863.6			1.0
3864.5			1.0
3865.4			1.0
3866.3			1.0
3867.2			1.0
3868.1			1.0
3869.0			1.0
3869.9			1.0
3870.8			1.0
3871.7			1.0
3872.6			1.0
3873.5			1.0
3874.4			1.0
3875.3			1.0
3876.2			1.0
3877.1			1.0
3878.0			1.0
3878.9			1.0
3879.8			1.0
3880.7			1.0
3881.6			1.0
3882.5			1.0
3883.4			1.0
3884.3			1.0
3885.2			1.0
3886.1			1.0
3887.0			1.0
3887.9			1.0
3888.8			1.0
3889.7			1.0
3890.6			1.0
3891.5			1.0
3892.4			1.0
3893.3			1.0
3894.2			1.0
3895.1			1.0
3896.0			1.0
3896.9			1.0
3897.8			1.0
3898.7			1.0
3899.6			1.0
3900.5			1.0
3901.4			1.0
3902.3			1.0
3903.2			1.0
3904.1			1.0
3905.0			1.0
3905.9			1.0
3906.8			1.0
3907.7			1.0
3908.6			1.0
3909.5			1.0
3910.4			1.0
3911.3			1.0
3912.2			1.0
3913.1			1.0
3914.0			1.0
3914.9			1.0
3915.8			1.0
3916.7			1.0
3917.6			1.0
3918.5			1.0
3919.4			1.0
3920.3			1.0
3921.2			1.0
3922.1			1.0
3923.0			1.0
3923.9			1.0
3924.8			1.0
3925.7			1.0
3926.6			1.0
3927.5			1.0
3928.4			1.0
3929.3			1.0
3930.2			1.0
3931.1			1.0
3932.0			1.0
3932.9			1.0
3933.8			1.0
3934.7			1.0
3935.6			1.0
3936.5			1.0
3937.4			1.0
3938.3			1.0
3939.2			1.0
3940.1			1.0
3941.0			1.0
3941.9			1.0
3942.8			1.0
3943.7			1.0
3944.6			1.0
3945.5			1.0
3946.4			1.0
3947.3			1.0
3948.2			1.0
3949.1			1.0
3950.0			1.0
3950.9			1.0
3951.8			1.0
3952.7			1.0
3953.6			1.0
3954.5			1.0
3955.4			1.0
3956.3			1.0
3957.2			1.0
3958.1			1.0
3959.0			1.0
3959.9			1.0
3960.8			1.0
3961.7			1.0
3962.6			1.0
3963.5			1.0
3964.4			1.0
3965.3			1.0
3966.2			1.0
3967.1			1.0
3968.0			1.0
3968.9			1.0
3969.8			1.0
3970.7			1.0
3971.6			1.0
3972.5			1.0
3973.4			1.0
3974.3			1.0
3975.2			1.0
3976.1			1.0
3977.0			1.0
3977.9			1.0
3978.8			1.0
3979.7			1.0
3980.6			1.0
3981.5			1.0
3982.4			1.0
3983.3			1.0
3984.2			1.0
3985.1			1.0
3986.0			1.0
3986.9			1.0
3987.8			1.0
3988.7			1.0
3989.6			1.0
3990.5			1.0
3991.4			1.0
3992.3			1.0
3993.2			1.0
3994.1			1.0
3995.0			1.0
3995.9			1.0
3996.8			1.0
3997.7			1.0
3998.6			1.0
3999.5			1.0
4000.4			1.0
4001.3			1.0
4002.2			1.0
4003.1			1.0132303372858606
4004.0			0.943050378635774
4004.9			0.8071307134462812
4005.8			0.7372495729317378
4006.7			0.8108368226076391
4007.6			0.9363469194715909
4008.5			1.0045291064962054
4009.4			1.0
4010.3			1.0
4011.2			1.0
4012.1			1.0
4013.0			1.0
4013.9			1.0
4014.8			1.0
4015.7			1.0
4016.6			1.0
4017.5			1.0
4018.4			1.0
4019.3			1.0
4020.2			1.0
4021.1			1.0
4022.0			1.0
4022.9			1.0
4023.8			1.0
4024.7			1.0
4025.6			1.0
4026.5			1.0
4027.4			1.0
4028.3			1.021407183908845
4029.2			0.9410626322275638
4030.1			0.7505446139186064
4031.0			0.583009171940529
4031.9			0.5128669554397394
4032.8			0.4853441217251988
4033.7			0.4754680074905548
4034.6			0.523385642254244
4035.5			0.6511474074435087
4036.4			0.8207378308009958
4037.3			0.9613931932876627
4038.2			1.0231262252293178
4039.1			0.9979790791547843
4040.0			1.0
4040.9			1.0
4041.8			0.9783753440939921
4042.7			0.9670305326441626
4043.6			0.8713722784746057
4044.5			0.6913499754384036
4045.4			0.53054814715414
4046.3			0.4917499134357535
4047.2			0.5775630350915231
4048.1			0.7115849043918903
4049.0			0.8407799884554922
4049.9			0.9449480650769384
4050.8			0.9952943454337804
4051.7			1.0
4052.6			1.0
4053.5			1.0
4054.4			1.0
4055.3			1.0
4056.2			1.0
4057.1			1.0
4058.0			1.0
4058.9			1.0
4059.8			1.0668561498434
4060.7			1.1042274176710936
4061.6			1.025308763676924
4062.5			0.8470921866545282
4063.4			0.6849122188549999
4064.3			0.6612014653950257
4065.2			0.7642915851629866
4066.1			0.8630781198590923
4067.0			0.8982084337235239
4067.9			0.9320991834211162
4068.8			0.9930227474501535
4069.7			1.0
4070.6			1.0
4071.5			1.0
4072.4			1.0
4073.3			1.0
4074.2			1.0
4075.1			1.0
4076.0			1.0
4076.9			1.0
4077.8			1.0
4078.7			1.0
4079.6			1.0
4080.5			1.0
4081.4			1.0
4082.3			1.0
4083.2			1.0
4084.1			1.0
4085.0			1.0
4085.9			1.0
4086.8			1.0
4087.7			1.0
4088.6			1.0
4089.5			1.0
4090.4			1.0
4091.3			0.9424472940660177
4092.2			0.9154257699835191
4093.1			0.952667546361181
4094.0			0.9990310204624793
4094.9			0.9575437439383594
4095.8			0.8553551706507614
4096.7			0.7896155185684559
4097.6			0.7873912625840086
4098.5			0.8201655752124575
4099.4			0.8464787974839789
4100.3			0.8619661742740099
4101.2			0.9194092083025469
4102.1			1.0109915921685717
4103.0			1.048736529914807
4103.9			1.0140643684362989
4104.8			1.0
4105.7			1.0
4106.6			1.0
4107.5			1.0
4108.4			1.0
4109.3			1.0
4110.2			1.0
4111.1			1.0
4112.0			1.0
4112.9			1.0
4113.8			1.0
4114.7			1.0
4115.6			1.0
4116.5			1.0
4117.4			1.0
4118.3			1.0
4119.2			1.0
4120.1			1.0
4121.0			1.0
4121.9			1.0
4122.8			1.0
4123.7			1.0
4124.6			1.0
4125.5			1.0
4126.4			1.0
4127.3			1.0
4128.2			1.0
4129.1			0.9774755936895506
4130.0			0.9541385179529867
4130.9			0.882652536425666
4131.8			0.7733484148473734
4132.7			0.7125509938534907
4133.6			0.7292070428153296
4134.5			0.8023085146011321
4135.4			0.9142824545942289
4136.3			1.0015803087317579
4137.2			1.0
4138.1			1.0
4139.0			1.0147161641777553
4139.9			1.0265002378965997
4140.8			1.0282930314646683
4141.7			0.9354880066199767
4142.6			0.7398428879924267
4143.5			0.597479525913258
4144.4			0.6299664059654384
4145.3			0.77703481172172
4146.2			0.9108759356872681
4147.1			0.9810237388526116
4148.0			1.0088426141931994
4148.9			1.0
4149.8			1.0
4150.7			1.0
4151.6			1.0
4152.5			1.0
4153.4			1.0
4154.3			1.0
4155.2			1.0
4156.1			1.0
4157.0			1.0
4157.9			1.0
4158.8			1.0
4159.7			1.0
4160.6			1.0
4161.5			1.0
4162.4			1.0
4163.3			1.0
4164.2			1.0
4165.1			1.0
4166.0			1.0
4166.9			0.9452861724470394
4167.8			0.9300066939959482
4168.7			0.9642291216919341
4169.6			1.0112208566704204
4170.5			1.0061011765079155
4171.4			0.91704452825399
4172.3			0.8024612485645367
4173.2			0.7588322837452088
4174.1			0.7827269008736762
4175.0			0.8168665443726524
4175.9			0.8492991130146412
4176.8			0.8804631304018058
4177.7			0.9094277960762405
4178.6			0.9514685547574097
4179.5			0.9946357177921213
4180.4			1.0
4181.3			1.0
4182.2			1.0
4183.1			1.0
4184.0			1.0
4184.9			1.0
4185.8			0.9777915790242679
4186.7			0.8737913803574895
4187.6			0.8094851424054844
4188.5			0.8783055916108546
4189.4			0.9929740827109843
4190.3			1.0
4191.2			0.9518686014074396
4192.1			0.9779189325181057
4193.0			1.0633454173616352
4193.9			1.081532218048682
4194.8			1.0038865334344367
4195.7			0.912330100223788
4196.6			0.851534440215717
4197.5			0.7912858347430299
4198.4			0.7307037785028732
4199.3			0.7109417313739387
4200.2			0.7169325122574582
4201.1			0.7032001653425041
4202.0			0.6973747335160662
4202.9			0.753337175838483
4203.8			0.8406784973515433
4204.7			0.914537882788736
4205.6			0.9634839190238117
4206.5			0.9845961917522902
4207.4			0.9953566346544621
4208.3			1.0
4209.2			1.0
4210.1			1.0
4211.0			1.0
4211.9			1.0
4212.8			1.0
4213.7			1.0
4214.6			1.0
4215.5			1.0
4216.4			1.0
4217.3			1.0
4218.2			1.0
4219.1			1.0197389732003574
4220.0			1.014874819376265
4220.9			0.9793776957861213
4221.8			0.8957529348542298
4222.7			0.7837419264038178
4223.6			0.6739402545560326
4224.5			0.5599141093299818
4225.4			0.4297578358656753
4226.3			0.3238793415293783
4227.2			0.3067645928768713
4228.1			0.39751883503594665
4229.0			0.5512931046201468
4229.9			0.7229436644695841
4230.8			0.875095257984867
4231.7			0.9612595605658597
4232.6			0.9798012052003832
4233.5			0.9864666332119066
4234.4			0.9989528353913448
4235.3			0.992282152761776
4236.2			1.0
4237.1			1.0
4238.0			1.0
4238.9			1.0
4239.8			1.0
4240.7			1.0
4241.6			1.0
4242.5			1.0
4243.4			1.0
4244.3			1.0
4245.2			1.0
4246.1			1.0
4247.0			0.9249396763127424
4247.9			0.8758435019686283
4248.8			0.8445631925092554
4249.7			0.7791464984547997
4250.6			0.715896520321083
4251.5			0.7385691954830869
4252.4			0.7839927747251252
4253.3			0.7338276959875579
4254.2			0.6430666399297472
4255.1			0.6740043464516641
4256.0			0.8577971945268389
4256.9			1.053529898304677
4257.8			1.120760199595802
4258.7			1.0525107540303869
4259.6			0.9398112142754731
4260.5			0.8937869242258509
4261.4			0.9987282836979989
4262.3			1.0
4263.2			1.0
4264.1			1.0
4265.0			1.0
4265.9			1.0
4266.8			1.0
4267.7			1.0
4268.6			0.954377618751066
4269.5			0.88509001901494
4270.4			0.7596174060695555
4271.3			0.6260513354754342
4272.2			0.5748843876864632
4273.1			0.5898732699994994
4274.0			0.5847740648899215
4274.9			0.5861647917643412
4275.8			0.677202935295822
4276.7			0.8466916031036188
4277.6			1.024328208257059
4278.5			1.1374536999855074
4279.4			1.1366318022613038
4280.3			1.062644384645393
4281.2			1.0016905995293364
4282.1			1.0
4283.0			1.0
4283.9			1.0
4284.8			1.0
4285.7			0.9979824166770731
4286.6			0.9716052188417588
4287.5			0.9095869797361813
4288.4			0.7866111292387065
4289.3			0.6429216774792644
4290.2			0.5811568462191697
4291.1			0.6669442360346064
4292.0			0.8445481952329621
4292.9			0.9762783651940588
4293.8			0.9984763090911313
4294.7			0.9996549243364187
4295.6			1.0
4296.5			1.0
4297.4			1.0
4298.3			1.0
4299.2			1.0
4300.1			1.0
4301.0			1.0
4301.9			1.0
4302.8			1.0
4303.7			1.0499831777900437
4304.6			1.0593020003003335
4305.5			0.9619119862052606
4306.4			0.8093834129147911
4307.3			0.6773612604161124
4308.2			0.6161666884886284
4309.1			0.6477444690631673
4310.0			0.7440215392795716
4310.9			0.8487523668068129
4311.8			0.9338932606312885
4312.7			0.9838451396829088
4313.6			1.0
4314.5			1.0
4315.4			1.0
4316.3			1.0
4317.2			1.0
4318.1			1.0
4319.0			1.0
4319.9			1.0
4320.8			1.0
4321.7			1.0
4322.6			0.943250345318055
4323.5			0.8291841530166784
4324.4			0.6792472983077137
4325.3			0.5468393458301721
4326.2			0.5297145090336379
4327.1			0.6650364960347419
4328.0			0.8573080114255708
4328.9			0.9791789205376642
4329.8			1.0007443140778338
4330.7			1.0
4331.6			1.0
4332.5			1.0
4333.4			1.0
4334.3			1.0435534930484969
4335.2			1.0563044908497665
4336.1			0.9896412574524656
4337.0			0.8514600951868319
4337.9			0.749111843231883
4338.8			0.7541115134236096
4339.7			0.8310806021116113
4340.6			0.926242982356167
4341.5			1.0013474305469638
4342.4			1.0
4343.3			1.0
4344.2			1.0
4345.1			1.0
4346.0			1.0
4346.9			1.0
4347.8			1.0
4348.7			1.0842098038735517
4349.6			1.1019893007089503
4350.5			0.9804203943868491
4351.4			0.7967925327918727
4352.3			0.709334431401522
4353.2			0.7618420914234213
4354.1			0.8589208427133702
4355.0			0.9273965856083543
4355.9			0.992585322902442
4356.8			1.0
4357.7			1.0
4358.6			1.0
4359.5			1.0
4360.4			1.0
4361.3			1.0
4362.2			1.0
4363.1			1.0
4364.0			1.0
4364.9			1.0
4365.8			1.0
4366.7			1.0
4367.6			1.0
4368.5			1.0
4369.4			1.0
4370.3			1.0
4371.2			1.0
4372.1			1.0
4373.0			1.0
4373.9			1.0
4374.8			1.0
4375.7			1.0
4376.6			1.0
4377.5			1.0
4378.4			1.0
4379.3			0.9592589933264193
4380.2			0.9042430950690447
4381.1			0.8456891840807635
4382.0			0.735166749773583
4382.9			0.5801246870874703
4383.8			0.4861772291508183
4384.7			0.5488714364321209
4385.6			0.7369967348071815
4386.5			0.9169105955634831
4387.4			0.9949884376735593
4388.3			0.9930811553962527
4389.2			1.0
4390.1			1.0
4391.0			1.0
4391.9			1.0
4392.8			1.0
4393.7			1.0
4394.6			1.0
4395.5			1.0
4396.4			1.0
4397.3			1.0
4398.2			1.0
4399.1			1.0
4400.0			0.8994816128389613
4400.9			0.836581463624098
4401.8			0.83625329924449
4402.7			0.8036770321193235
4403.6			0.6759968513770228
4404.5			0.5435183009642754
4405.4			0.52235524346716
4406.3			0.5916466695867243
4407.2			0.6512441600090395
4408.1			0.697378715377415
4409.0			0.7961746589370781
4409.9			0.9251178030881293
4410.8			1.0008078144876627
4411.7			1.0
4412.6			0.9867167944416875
4413.5			0.9089141693501481
4414.4			0.7689032845926445
4415.3			0.6817925941521568
4416.2			0.7315605888996918
4417.1			0.8637821192280077
4418.0			0.9989654467069966
4418.9			1.0
4419.8			1.0
4420.7			0.9672687196047601
4421.6			0.8778760619540656
4422.5			0.8107813962117624
4423.4			0.807743489122733
4424.3			0.8127136214693758
4425.2			0.7818035825986873
4426.1			0.7544601482320643
4427.0			0.7877825927550786
4427.9			0.8811819274153794
4428.8			0.9542550967049824
4429.7			0.9486664040077386
4430.6			1.0
4431.5			1.0310397923964492
4432.4			1.0312535603735027
4433.3			0.9139813016439718
4434.2			0.7344531252995808
4435.1			0.6140611476368607
4436.0			0.632579950668492
4436.9			0.761257521849418
4437.8			0.9038363799006833
4438.7			0.9895852622912727
4439.6			1.0
4440.5			1.0
4441.4			1.0
4442.3			1.0
4443.2			1.0
4444.1			1.0
4445.0			1.0
4445.9			1.0
4446.8			0.9657896600720437
4447.7			0.9308725228723151
4448.6			0.9425266565938134
4449.5			0.9534895742160612
4450.4			0.936940315724626
4451.3			0.9207904644343579
4452.2			0.8906827830803017
4453.1			0.8016427503538938
4454.0			0.6646377092987479
4454.9			0.5603128090238256
4455.8			0.5504660975810803
4456.7			0.612346527003775
4457.6			0.675804627322016
4458.5			0.7064939840612696
4459.4			0.71622938543945
4460.3			0.7109157253286165
4461.2			0.7011817834071957
4462.1			0.7445598583708037
4463.0			0.8654480091178871
4463.9			0.9749552931298462
4464.8			0.9971051302836268
4465.7			1.0
4466.6			1.0
4467.5			1.0
4468.4			1.0
4469.3			1.0
4470.2			1.0
4471.1			1.0
4472.0			1.0
4472.9			1.0
4473.8			1.0
4474.7			1.0
4475.6			1.0
4476.5			1.0
4477.4			1.0
4478.3			1.0131735978607797
4479.2			0.9444920080128161
4480.1			0.8422751569672938
4481.0			0.7585893533462627
4481.9			0.7255507539698393
4482.8			0.7686119663637897
4483.7			0.8663309760304553
4484.6			0.953371291827159
4485.5			0.9995849981522169
4486.4			1.0
4487.3			1.0
4488.2			1.0
4489.1			1.0
4490.0			1.0
4490.9			1.0
4491.8			1.0645341045323733
4492.7			1.070811741074382
4493.6			0.9919521329129855
4494.5			0.8818396899927725
4495.4			0.8208189961034067
4496.3			0.8342357937556227
4497.2			0.8911310883304039
4498.1			0.9572426840495337
4499.0			1.0044258160812845
4499.9			1.0
4500.8			1.0
4501.7			1.0
4502.6			1.0
4503.5			1.0
4504.4			1.0
4505.3			1.0
4506.2			1.0
4507.1			1.0
4508.0			1.0
4508.9			1.0
4509.8			1.0268663114749013
4510.7			1.0270889052736554
4511.6			0.989227968046793
4512.5			0.940767048381474
4513.4			0.922273784440553
4514.3			0.947645532378246
4515.2			0.9960739848074154
4516.1			1.021462422197453
4517.0			0.9977007826453034
4517.9			1.0
4518.8			1.0
4519.7			1.0
4520.6			1.0
4521.5			1.0
4522.4			1.0
4523.3			1.0
4524.2			0.9753531288199404
4525.1			0.9258830394495794
4526.0			0.8390386292969494
4526.9			0.7513864748856046
4527.8			0.7074387366391737
4528.7			0.722385100123184
4529.6			0.7681201770612569
4530.5			0.8117042281794112
4531.4			0.8485191339678361
4532.3			0.8606024349702285
4533.2			0.8187912092215923
4534.1			0.7350022230822879
4535.0			0.6847800136100755
4535.9			0.7601556082993184
4536.8			0.9469572438543608
4537.7			1.1029074850320015
4538.6			1.1387883255678477
4539.5			1.0
4540.4			0.936561096012909
4541.3			0.9297371709297166
4542.2			0.9834551842293495
4543.1			1.025994103709041
4544.0			0.9938902313174922
4544.9			0.9208849909199682
4545.8			0.8869159521442128
4546.7			0.9057261118239808
4547.6			0.9223586272459192
4548.5			0.9128824145066816
4549.4			0.918775590752568
4550.3			0.9653446344472426
4551.2			1.0000840201814631
4552.1			1.0
4553.0			1.0
4553.9			1.0
4554.8			1.0
4555.7			1.0
4556.6			1.0
4557.5			1.0
4558.4			1.0
4559.3			1.0
4560.2			1.0
4561.1			1.0
4562.0			1.0
4562.9			1.0
4563.8			1.0
4564.7			1.0
4565.6			1.0
4566.5			1.0
4567.4			1.0
4568.3			1.0
4569.2			0.9850278987076168
4570.1			0.9327953899923609
4571.0			0.8780084109873387
4571.9			0.8965511419834329
4572.8			0.9902497292977058
4573.7			1.0
4574.6			1.0
4575.5			1.0
4576.4			0.9990913761854757
4577.3			0.9813779738880947
4578.2			0.9277952732817621
4579.1			0.8567475492801173
4580.0			0.8030217734435455
4580.9			0.8071019714888543
4581.8			0.8847652097462951
4582.7			0.9760931768071641
4583.6			1.0
4584.5			0.9396565475172037
4585.4			0.8597733053312894
4586.3			0.8487527349026607
4587.2			0.9297788470835069
4588.1			1.0312797834657197
4589.0			1.0758040530820732
4589.9			1.050082044997609
4590.8			0.9879609657362775
4591.7			0.9383766745416124
4592.6			0.9238690817156407
4593.5			0.9274244824750839
4594.4			0.927352643822217
4595.3			0.9328866028378716
4596.2			0.9469146617048368
4597.1			0.9558491680457378
4598.0			0.955995234271572
4598.9			0.9400367433872054
4599.8			0.9039565895735031
4600.7			0.8762089231080845
4601.6			0.8801694413856069
4602.5			0.8991674066661048
4603.4			0.9155932461107724
4604.3			0.9240286404348116
4605.2			0.9261373744892184
4606.1			0.930613453654243
4607.0			0.9537843060542872
4607.9			1.0100076390740007
4608.8			1.0742781260047627
4609.7			1.0959826654520537
4610.6			1.066423856039613
4611.5			1.022966091807691
4612.4			0.987678641587886
4613.3			0.9767824038897408
4614.2			0.9980516780647234
4615.1			1.0156245702295796
4616.0			1.0061231393806072
4616.9			0.9996356241974478
4617.8			1.0
4618.7			1.0
4619.6			1.0
4620.5			1.0
4621.4			1.0
4622.3			0.9769059546580499
4623.2			0.9596629787172316
4624.1			0.9475824247639327
4625.0			0.9186749416170114
4625.9			0.9038097140339422
4626.8			0.9417924580544886
4627.7			0.9968818682337256
4628.6			1.010425129365299
4629.5			0.9999822028321249
4630.4			1.0
4631.3			1.0
4632.2			1.0
4633.1			1.0
4634.0			1.0
4634.9			1.0019534300595683
4635.8			0.9929345306088133
4636.7			0.9545687610742425
4637.6			0.9023962296274176
4638.5			0.8579527853826567
4639.4			0.8370615817846139
4640.3			0.8696229139729844
4641.2			0.9458821178411754
4642.1			0.9984789675902132
4643.0			0.9941331786599921
4643.9			0.9537510207128569
4644.8			0.8848106153341749
4645.7			0.7967698376588822
4646.6			0.747028608651256
4647.5			0.7666036888773082
4648.4			0.8196781577018464
4649.3			0.8625770950365977
4650.2			0.8785381830144718
4651.1			0.8719573011688874
4652.0			0.8685141753264338
4652.9			0.8745867354546818
4653.8			0.8673529627583096
4654.7			0.8434378385232643
4655.6			0.8299774074460157
4656.5			0.8552390543868555
4657.4			0.9223259058733431
4658.3			0.9998128434041906
4659.2			1.0
4660.1			1.0
4661.0			1.0
4661.9			1.0
4662.8			1.0
4663.7			0.9567484215963455
4664.6			0.9371297740146253
4665.5			0.9014792912804019
4666.4			0.8196485916332723
4667.3			0.7381959753807185
4668.2			0.7380747115359401
4669.1			0.8323276736150408
4670.0			0.9523027889776604
4670.9			1.0219128248328688
4671.8			1.0270273535809538
4672.7			1.0010201087195096
4673.6			1.0
4674.5			1.0
4675.4			1.0
4676.3			1.0
4677.2			1.0038444451344477
4678.1			0.9709768577505536
4679.0			0.9351609831367778
4679.9			0.9087041393834849
4680.8			0.8858291834313967
4681.7			0.8846935390681444
4682.6			0.9232675798634478
4683.5			0.9728926099269111
4684.4			0.9977563859174414
4685.3			1.003316072287652
4686.2			1.0038537370927305
4687.1			1.0
4688.0			1.0
4688.9			1.0
4689.8			0.9949300479876334
4690.7			0.9830909226431372
4691.6			0.9848850114853515
4692.5			1.0027912665378038
4693.4			1.0249408802846969
4694.3			1.0525941531414935
4695.2			1.0847251792972559
4696.1			1.0922495335403233
4697.0			1.0512545988212822
4697.9			0.9833015376782294
4698.8			0.9421497817073762
4699.7			0.9450490479626835
4700.6			0.9540529376928013
4701.5			0.9329185020727042
4702.4			0.8984749612798486
4703.3			0.9049410758201195
4704.2			0.9575778301704431
4705.1			0.9971798359418638
4706.0			0.9811341475934955
4706.9			0.940102550566671
4707.8			0.9194184461090636
4708.7			0.9222511480327141
4709.6			0.9467369091682702
4710.5			1.0032089220032165
4711.4			1.070537293604772
4712.3			1.0984030425391544
4713.2			1.0645452638608954
4714.1			1.0095197194869099
4715.0			1.0002790020204102
4715.9			1.0
4716.8			1.0
4717.7			1.0
4718.6			1.0
4719.5			1.0
4720.4			1.0
4721.3			1.0
4722.2			1.0
4723.1			1.0
4724.0			1.0430249388249
4724.9			1.087397781970544
4725.8			1.066385879687163
4726.7			0.982912904062625
4727.6			0.9064234686150343
4728.5			0.8798400618054644
4729.4			0.8869773762063787
4730.3			0.9135443986638803
4731.2			0.9547917065559357
4732.1			0.9887374353393715
4733.0			1.0008146434025345
4733.9			1.0
4734.8			1.0
4735.7			1.0
4736.6			1.0
4737.5			1.0
4738.4			1.0
4739.3			1.0
4740.2			1.0
4741.1			1.0
4742.0			1.0
4742.9			1.0
4743.8			1.0
4744.7			1.0
4745.6			1.0
4746.5			1.0
4747.4			1.0
4748.3			1.0
4749.2			1.0
4750.1			1.0
4751.0			1.0
4751.9			1.0
4752.8			1.0
4753.7			0.9694025250949316
4754.6			0.980893134713884
4755.5			1.006033102120864
4756.4			1.0135257467478762
4757.3			1.01008096809486
4758.2			1.0123747164724854
4759.1			1.0266357425358184
4760.0			1.035228182036828
4760.9			1.0087463827915586
4761.8			0.9659393230966437
4762.7			0.9490966939323601
4763.6			0.9487853842728342
4764.5			0.9255066106060084
4765.4			0.887247671475435
4766.3			0.8736258278880841
4767.2			0.8971330378712825
4768.1			0.9386809356538662
4769.0			0.9706520840866962
4769.9			0.9696843363420639
4770.8			0.9381681879636274
4771.7			0.9097549104638895
4772.6			0.9130824536207002
4773.5			0.9450228409543117
4774.4			0.9696845921553263
4775.3			0.963650684008145
4776.2			0.9459163788723625
4777.1			0.9347369644220241
4778.0			0.9206436388494419
4778.9			0.9011259047759232
4779.8			0.8902041105076784
4780.7			0.8852039752514463
4781.6			0.8647967349784214
4782.5			0.8284202896220515
4783.4			0.8218564658153661
4784.3			0.860258475923268
4785.2			0.8918439228259726
4786.1			0.892465184513848
4787.0			0.8947904866664513
4787.9			0.9018849486979319
4788.8			0.8984875031381574
4789.7			0.9034546139563744
4790.6			0.9255768489800869
4791.5			0.9490057739302092
4792.4			0.9762216774273906
4793.3			1.0149504618224696
4794.2			1.0474961946515198
4795.1			1.0
4796.0			0.9887664761759759
4796.9			0.9645760171094003
4797.8			0.9298327236714539
4798.7			0.8956669048251563
4799.6			0.8802613178300894
4800.5			0.8953829889644029
4801.4			0.9350536788627605
4802.3			0.9773956526999078
4803.2			0.9979688511967079
4804.1			1.0563716064835063
4805.0			1.023706130313584
4805.9			0.9937123004932953
4806.8			0.9694765676262515
4807.7			0.9599939170797239
4808.6			0.979684522042213
4809.5			1.0094241837508633
4810.4			1.0207578042672178
4811.3			1.0135292271717045
4812.2			1.00498496087039
4813.1			1.0005283831665783
4814.0			1.0
4814.9			1.0
4815.8			1.0
4816.7			1.0
4817.6			1.0
4818.5			1.0
4819.4			1.0
4820.3			0.9959673242521698
4821.2			0.9792064412685488
4822.1			0.9305170109476381
4823.0			0.8759370495644947
4823.9			0.8789769152383264
4824.8			0.9432742337584858
4825.7			1.006237796654589
4826.6			1.0242290784563368
4827.5			1.0097098442760606
4828.4			1.0
4829.3			1.0
4830.2			1.0
4831.1			1.0
4832.0			1.0
4832.9			1.0
4833.8			1.0
4834.7			1.0
4835.6			1.0
4836.5			1.0
4837.4			1.0
4838.3			1.0
4839.2			1.0
4840.1			1.0
4841.0			1.0
4841.9			1.0
4842.8			1.0
4843.7			1.0
4844.6			1.0
4845.5			1.0
4846.4			1.0
4847.3			1.0
4848.2			1.0
4849.1			1.0
4850.0			1.0
4850.9			1.0
4851.8			1.0
4852.7			0.999665411054434
4853.6			0.9827958795734782
4854.5			0.9391131154823356
4855.4			0.9195547449004031
4856.3			0.9569384410007137
4857.2			1.0045945628978223
4858.1			1.0050812341460218
4859.0			1.0
4859.9			1.0
4860.8			1.0
4861.7			1.0
4862.6			1.0
4863.5			1.0
4864.4			1.0
4865.3			1.0
4866.2			1.0
4867.1			1.0
4868.0			1.0
4868.9			0.987848974630312
4869.8			0.9207991082708052
4870.7			0.8112955084057459
4871.6			0.769658767216215
4872.5			0.8449311012605382
4873.4			0.9506605433682481
4874.3			1.0004900971151525
4875.2			1.0
4876.1			1.0
4877.0			1.0
4877.9			1.0
4878.8			1.0
4879.7			1.0
4880.6			1.0
4881.5			1.0
4882.4			1.0
4883.3			1.0240734939809988
4884.2			0.992223456684682
4885.1			0.9229255576837929
4886.0			0.8815847800398681
4886.9			0.8883024830215431
4887.8			0.9092275658261979
4888.7			0.9011110598496392
4889.6			0.8365667694140718
4890.5			0.7559170985445571
4891.4			0.7528951663981645
4892.3			0.853293913044542
4893.2			0.980994143679661
4894.1			1.0655157123662495
4895.0			1.1025404997192403
4895.9			1.1108846637312115
4896.8			1.0
4897.7			0.9928330787941201
4898.6			0.9627995502146286
4899.5			0.9338895797405001
4900.4			0.9367083151704046
4901.3			0.9486597947359233
4902.2			0.9306197755179935
4903.1			0.8991119062519207
4904.0			0.9117938425869846
4904.9			0.9810404893271827
4905.8			1.0504741287838997
4906.7			1.072314681564607
4907.6			1.0499046514647499
4908.5			1.0079729192536178
4909.4			1.0
4910.3			1.0
4911.2			1.0
4912.1			1.0
4913.0			1.0
4913.9			1.0
4914.8			1.0
4915.7			1.0131570044290652
4916.6			0.9889949076037671
4917.5			0.9067919567242462
4918.4			0.7861849491769182
4919.3			0.6881055508006917
4920.2			0.6775646317978449
4921.1			0.7677833268150874
4922.0			0.904216200930437
4922.9			0.9999520579434353
4923.8			1.0161382012739364
4924.7			1.008561001521374
4925.6			1.0
4926.5			1.0
4927.4			1.0
4928.3			1.0
4929.2			1.0
4930.1			1.0
4931.0			1.0
4931.9			1.0
4932.8			1.0
4933.7			1.0
4934.6			1.0247337423902676
4935.5			1.0525084901370008
4936.4			1.0186906396153148
4937.3			0.9276497613776111
4938.2			0.8441986130604083
4939.1			0.8411787430655192
4940.0			0.9105948894213725
4940.9			0.9735114817447027
4941.8			1.0030011803752295
4942.7			1.0
4943.6			1.0
4944.5			1.0
4945.4			1.0
4946.3			1.0
4947.2			1.0
4948.1			1.0
4949.0			1.0
4949.9			1.0
4950.8			1.0
4951.7			1.0
4952.6			1.0
4953.5			1.0
4954.4			0.9696273924264176
4955.3			0.9023666300633292
4956.2			0.7830714835470749
4957.1			0.6874109285345833
4958.0			0.7212445400308236
4958.9			0.8645510427372557
4959.8			0.9948348106869777
4960.7			1.0
4961.6			1.0
4962.5			0.9815969288259965
4963.4			0.9571339720834283
4964.3			0.9158706583238846
4965.2			0.8837933405690839
4966.1			0.8805966508825664
4967.0			0.8810659146512541
4967.9			0.874036382759764
4968.8			0.881847306474026
4969.7			0.9154489655910946
4970.6			0.9679488687923945
4971.5			1.010452876258011
4972.4			1.0161996090148313
4973.3			1.0021784621274188
4974.2			1.0
4975.1			1.0
4976.0			1.0
4976.9			1.0
4977.8			1.0
4978.7			0.9785061098058881
4979.6			0.9832607841629087
4980.5			0.9442746717175604
4981.4			0.8377243083661944
4982.3			0.7552548594456702
4983.2			0.7787956382777249
4984.1			0.862352816365935
4985.0			0.9339046618269327
4985.9			0.998477023585527
4986.8			1.0
4987.7			1.0
4988.6			1.0
4989.5			1.0
4990.4			1.0
4991.3			1.0
4992.2			1.0
4993.1			1.0
4994.0			1.0
4994.9			1.0
4995.8			1.0
4996.7			1.0
4997.6			0.9981460554062495
4998.5			0.9556587387779046
4999.4			0.8913202465878909
5000.3			0.8594389669756872
5001.2			0.8835421784898543
5002.1			0.9451837851242634
5003.0			1.011115059942865
5003.9			1.0
5004.8			1.0
5005.7			1.0
5006.6			1.0
5007.5			1.0
5008.4			1.055237901419533
5009.3			1.0978199518605243
5010.2			1.1089122299845537
5011.1			1.0664197121155117
5012.0			0.9841041477785571
5012.9			0.9004516253052437
5013.8			0.8422126818008303
5014.7			0.8334879961088748
5015.6			0.8724953425224733
5016.5			0.9165159797452843
5017.4			0.9491656833169188
5018.3			0.9799560371048894
5019.2			0.9931454379580825
5020.1			1.0
5021.0			1.0
5021.9			1.0
5022.8			1.0
5023.7			1.0
5024.6			1.0
5025.5			1.0
5026.4			1.0
5027.3			1.0
5028.2			1.0
5029.1			1.0
5030.0			1.0
5030.9			1.0
5031.8			1.0
5032.7			1.0
5033.6			1.0
5034.5			1.0
5035.4			1.0
5036.3			0.9665198617138668
5037.2			1.0018580754266213
5038.1			0.9959291360052357
5039.0			0.9043606852967726
5039.9			0.7847423632365069
5040.8			0.7281615421567437
5041.7			0.7675614471854879
5042.6			0.8439403733369354
5043.5			0.8994071755004293
5044.4			0.9428592492538163
5045.3			1.0
5046.2			1.0449708310094727
5047.1			1.0317485016344417
5048.0			0.9620314404876111
5048.9			0.8827827282625048
5049.8			0.8478315199594344
5050.7			0.873804364928518
5051.6			0.9303941095845394
5052.5			0.9787131260508338
5053.4			1.0007374413228476
5054.3			1.0
5055.2			1.0
5056.1			1.0
5057.0			1.0
5057.9			1.0
5058.8			1.0
5059.7			1.0139315655016092
5060.6			1.0404625453657146
5061.5			1.0487715424468287
5062.4			1.0175888700175122
5063.3			0.948920226261258
5064.2			0.878014233005426
5065.1			0.8636270939821937
5066.0			0.9043419242922051
5066.9			0.9311626976852712
5067.8			0.9235726907418838
5068.7			0.9351511840777332
5069.6			0.9815657325444699
5070.5			1.0
5071.4			0.9641461265187243
5072.3			0.9475496526567044
5073.2			0.992683007141018
5074.1			1.0432039967698123
5075.0			1.0343403482809852
5075.9			0.9935590076781117
5076.8			0.9836965520335814
5077.7			0.9876082918301383
5078.6			0.9469457421480074
5079.5			0.8835143923289064
5080.4			0.8563875446028256
5081.3			0.8590538066824162
5082.2			0.8632576632003307
5083.1			0.8787480027006955
5084.0			0.9221105415904998
5084.9			0.9837592765871863
5085.8			1.032886599072013
5086.7			1.042838594648401
5087.6			1.023118087128828
5088.5			1.00530335961861
5089.4			0.9996461746017385
5090.3			1.0
5091.2			1.0
5092.1			1.0595945145362582
5093.0			1.110973332960447
5093.9			1.0833319616000672
5094.8			0.9963967742623889
5095.7			0.9473933899413706
5096.6			0.9720198279747119
5097.5			0.9957753825904022
5098.4			0.9628440187440512
5099.3			0.9193443331298345
5100.2			0.9139719790313936
5101.1			0.9353997811781173
5102.0			0.9565675946176725
5102.9			0.9626375776108046
5103.8			0.9527064735363127
5104.7			0.9388742701401432
5105.6			0.9266251478942025
5106.5			0.9105258577489225
5107.4			0.9068660771464249
5108.3			0.9251508981706932
5109.2			0.939511182358142
5110.1			0.9455038905159213
5111.0			0.961779960950691
5111.9			0.980850171477413
5112.8			1.0011583943049365
5113.7			1.04486961880651
5114.6			1.0954741674056647
5115.5			1.0
5116.4			1.0074780097582337
5117.3			1.0212362973666615
5118.2			1.019362438891075
5119.1			0.9857277588932336
5120.0			0.9408283523340494
5120.9			0.9206641590948393
5121.8			0.9219007565888451
5122.7			0.898606830048086
5123.6			0.8483024160615923
5124.5			0.8206591561117018
5125.4			0.8338647255581596
5126.3			0.8582836883844812
5127.2			0.8708174864091479
5128.1			0.8646844618146842
5129.0			0.8470450732820668
5129.9			0.8550333364139728
5130.8			0.9169725566175561
5131.7			0.9883078038138688
5132.6			1.0028639065707148
5133.5			1.0
5134.4			1.0
5135.3			1.0
5136.2			1.0
5137.1			1.0
5138.0			1.0
5138.9			1.0
5139.8			1.0
5140.7			1.0
5141.6			1.0
5142.5			0.9789483376422259
5143.4			0.9789963531241388
5144.3			0.9787382903642593
5145.2			0.9429128030806226
5146.1			0.9000529197988704
5147.0			0.8969457973060535
5147.9			0.9305694604433651
5148.8			0.9556473884932599
5149.7			0.9470360297429593
5150.6			0.9202161596450968
5151.5			0.8893982695539864
5152.4			0.8527747492016042
5153.3			0.8242876177477235
5154.2			0.8430345770574444
5155.1			0.917847693590816
5156.0			1.0103026033328462
5156.9			1.0845136587568844
5157.8			1.1193082444585176
5158.7			1.1159241737141015
5159.6			1.0
5160.5			1.0109153589233841
5161.4			0.9976871224037781
5162.3			0.9624801009079453
5163.2			0.948746550426585
5164.1			0.9388639239625488
5165.0			0.8639795870171216
5165.9			0.726943343344896
5166.8			0.615390451233851
5167.7			0.602503270884912
5168.6			0.6764106331545999
5169.5			0.7503382943224988
5170.4			0.7437345508317901
5171.3			0.6609799982759101
5172.2			0.5853633428545453
5173.1			0.5949714835221426
5174.0			0.6915660085343756
5174.9			0.814508437515257
5175.8			0.9052490208696806
5176.7			0.9456194285124352
5177.6			0.9508804550343604
5178.5			0.9371950883688568
5179.4			0.9063159938469997
5180.3			0.8546365208454513
5181.2			0.7797911632318981
5182.1			0.6932521214429876
5183.0			0.6356756875861442
5183.9			0.6672347627703407
5184.8			0.8042820368585247
5185.7			0.987812558944058
5186.6			1.1358898882925292
5187.5			1.2147483920026954
5188.4			1.0
5189.3			1.029750073755405
5190.2			1.0172816979532233
5191.1			0.9394806239944823
5192.0			0.8695926117302494
5192.9			0.8816415708624123
5193.8			0.9440927096928567
5194.7			0.9952041610261333
5195.6			1.3616021536179244
5196.5			1.4693770344113326
5197.4			1.5669759441038398
5198.3			1.610111735513899
5199.2			1.6177206078073476
5200.1			1.0
5201.0			0.9644558820368636
5201.9			0.9159586719282239
5202.8			0.8479085093879695
5203.7			0.7477781719570671
5204.6			0.6416371670973073
5205.5			0.581697488329927
5206.4			0.5709756767552814
5207.3			0.5643610951556751
5208.2			0.5511952264357627
5209.1			0.5711753235551312
5210.0			0.6595747464584579
5210.9			0.8136492658118603
5211.8			0.9790411087059612
5212.7			1.0863373632500462
5213.6			1.1038996931612846
5214.5			1.0555564398835913
5215.4			1.0001889276146887
5216.3			1.0
5217.2			1.0
5218.1			1.0
5219.0			1.0
5219.9			1.0
5220.8			1.0
5221.7			0.9953166646690503
5222.6			0.9534941381561566
5223.5			0.8796095537389333
5224.4			0.800814302396841
5225.3			0.7366381681480618
5226.2			0.6993679001410641
5227.1			0.7215728849215003
5228.0			0.8118808668554315
5228.9			0.9166545034857945
5229.8			0.9841827450838251
5230.7			1.0012880087585516
5231.6			1.0
5232.5			1.0
5233.4			1.0
5234.3			1.0
5235.2			1.0
5236.1			1.0
5237.0			1.0
5237.9			0.9942570448810039
5238.8			0.9786870935810881
5239.7			0.9707859200158752
5240.6			0.9649976171003536
5241.5			0.953022317559421
5242.4			0.9462042273652512
5243.3			0.9633831865843919
5244.2			0.992277763549009
5245.1			0.9797122958111494
5246.0			0.9039474161046667
5246.9			0.8300336695934987
5247.8			0.8265846906380572
5248.7			0.8611860188329828
5249.6			0.8639952909309155
5250.5			0.84105618507203
5251.4			0.8412519561013909
5252.3			0.8669734000175418
5253.2			0.880853335045787
5254.1			0.868686691569168
5255.0			0.8626969805569153
5255.9			0.8972382570060509
5256.8			0.9567625698083285
5257.7			0.9989789218227606
5258.6			1.0
5259.5			0.9673182042838262
5260.4			0.9025675256827292
5261.3			0.8181554689557536
5262.2			0.7376524969252185
5263.1			0.6785814723274032
5264.0			0.6361583203640193
5264.9			0.600340568296523
5265.8			0.5952495747998078
5266.7			0.6367642125442681
5267.6			0.66327304965057
5268.5			0.6116546388689196
5269.4			0.5379340301856529
5270.3			0.5494849966120472
5271.2			0.6504923584842759
5272.1			0.7560756746812995
5273.0			0.8175226363653162
5273.9			0.8365303948289389
5274.8			0.8296280887258152
5275.7			0.8415372945488744
5276.6			0.9027853122163838
5277.5			0.9779534155312829
5278.4			1.0
5279.3			0.9811555054125609
5280.2			0.9220152863972978
5281.1			0.8487548982402273
5282.0			0.7874568749605355
5282.9			0.760437769192549
5283.8			0.7891682498203539
5284.7			0.8705474433709955
5285.6			0.9573663720216015
5286.5			0.9995646483245308
5287.4			1.0
5288.3			1.0
5289.2			1.0
5290.1			1.0
5291.0			1.0
5291.9			1.0
5292.8			1.0032069991601305
5293.7			1.012262498424038
5294.6			1.003494361830675
5295.5			0.9426313083135034
5296.4			0.8326317289166524
5297.3			0.7438780476784895
5298.2			0.7566934513446413
5299.1			0.853979124033031
5300.0			0.9383247895956623
5300.9			0.9696207691198221
5301.8			0.9963464797596725
5302.7			1.0
5303.6			1.0
5304.5			1.0
5305.4			1.0
5306.3			1.0
5307.2			1.0
5308.1			1.0
5309.0			1.0
5309.9			1.0
5310.8			1.0
5311.7			1.0
5312.6			1.0
5313.5			1.0
5314.4			1.0
5315.3			1.0
5316.2			1.0
5317.1			1.0
5318.0			1.0
5318.9			1.0
5319.8			1.0
5320.7			1.0
5321.6			1.0
5322.5			1.0
5323.4			1.0
5324.3			0.9533413823296817
5325.2			0.9589466523249806
5326.1			0.9272366613484888
5327.0			0.8013874494570153
5327.9			0.6695140065267625
5328.8			0.6576204743070303
5329.7			0.7692890730927441
5330.6			0.9006010203372847
5331.5			0.9663043384853086
5332.4			0.9772500891368139
5333.3			0.9915751038414148
5334.2			1.0
5335.1			1.0
5336.0			1.0
5336.9			1.0
5337.8			0.9836720608807117
5338.7			0.9324647773295389
5339.6			0.8533154924628619
5340.5			0.8172607869134476
5341.4			0.861486394437272
5342.3			0.9403768199376261
5343.2			0.9936418432666592
5344.1			1.0
5345.0			1.0
5345.9			1.0
5346.8			1.0
5347.7			1.0
5348.6			1.0
5349.5			1.0
5350.4			1.0
5351.3			1.0
5352.2			1.0
5353.1			1.0
5354.0			1.0
5354.9			1.0
5355.8			1.0
5356.7			1.0
5357.6			1.0
5358.5			1.0
5359.4			1.0
5360.3			1.0
5361.2			1.0
5362.1			1.0
5363.0			1.0
5363.9			1.0
5364.8			1.0
5365.7			1.0
5366.6			1.0
5367.5			0.9998567199032482
5368.4			0.9716924008877509
5369.3			0.8875661764988438
5370.2			0.7729876774391207
5371.1			0.7074122104426563
5372.0			0.7461451673669011
5372.9			0.8523554447662743
5373.8			0.9527512710956465
5374.7			1.0070489017499213
5375.6			1.0
5376.5			1.0
5377.4			1.0
5378.3			1.0
5379.2			1.0
5380.1			1.0
5381.0			0.9863018470203171
5381.9			0.9457010504062716
5382.8			0.898691902581764
5383.7			0.8930420397545789
5384.6			0.9369634230461351
5385.5			0.9855303194663189
5386.4			1.003510731737513
5387.3			1.0
5388.2			1.0
5389.1			1.0
5390.0			1.0
5390.9			1.0
5391.8			1.0
5392.7			1.0
5393.6			1.0
5394.5			1.0
5395.4			1.0
5396.3			1.0
5397.2			0.9576215339917761
5398.1			1.0139753149892168
5399.0			1.0935387706522408
5399.9			1.1225029454858118
5400.8			1.12319802870871
5401.7			1.1227842067377969
5402.6			1.0849565376095232
5403.5			0.9817342734696004
5404.4			0.8590424567829803
5405.3			0.7863499681275893
5406.2			0.8045605606573925
5407.1			0.8787873857742766
5408.0			0.9114239642337643
5408.9			0.862871119878731
5409.8			0.8100852275690945
5410.7			0.8321682061576393
5411.6			0.9091317221143004
5412.5			0.9746643476646554
5413.4			0.9914923059465646
5414.3			1.0
5415.2			1.0
5416.1			1.0
5417.0			1.0
5417.9			1.0
5418.8			1.0
5419.7			1.0
5420.6			1.0
5421.5			1.0171445094821847
5422.4			1.0152660991567946
5423.3			0.9748417035991102
5424.2			0.9494312499021506
5425.1			0.9756099994467317
5426.0			1.0267419176899002
5426.9			1.0526411452792246
5427.8			0.9977731340528319
5428.7			0.8778832905854544
5429.6			0.8048465189812299
5430.5			0.837253909843656
5431.4			0.8937448056738382
5432.3			0.8927467908651608
5433.2			0.8490199172692314
5434.1			0.8164861084994265
5435.0			0.8298323587130585
5435.9			0.8851661612938819
5436.8			0.9508163248235965
5437.7			1.0000281532948132
5438.6			1.0
5439.5			1.0
5440.4			1.0
5441.3			1.0
5442.2			1.0
5443.1			0.99092556854712
5444.0			0.9475139248413241
5444.9			0.8612313189808669
5445.8			0.7645236771973929
5446.7			0.7283615460348635
5447.6			0.7878144427578803
5448.5			0.8921011691986517
5449.4			0.9701192274245837
5450.3			1.0057947531394265
5451.2			1.0
5452.1			1.0
5453.0			0.9659023275332481
5453.9			0.8902129665466749
5454.8			0.8048840410676815
5455.7			0.7865925679775322
5456.6			0.8567039201229161
5457.5			0.9488970846996504
5458.4			0.9984446368542469
5459.3			1.0
5460.2			1.0
5461.1			1.0
5462.0			1.0
5462.9			1.0
5463.8			1.0
5464.7			1.0
5465.6			1.0
5466.5			1.0
5467.4			1.0
5468.3			1.0
5469.2			1.0
5470.1			1.0
5471.0			1.0
5471.9			1.0185632037852017
5472.8			1.0123547306808536
5473.7			0.9953317594275478
5474.6			0.9793667185818656
5475.5			0.9413912012329628
5476.4			0.9058150658616665
5477.3			0.9319737400766284
5478.2			1.0118465946574295
5479.1			1.0661234673738826
5480.0			1.0503459311152088
5480.9			1.0041305452711573
5481.8			1.0
5482.7			1.0
5483.6			1.0
5484.5			1.0
5485.4			1.0054785569209594
5486.3			0.9672824101884702
5487.2			0.9251412679297191
5488.1			0.9216203320490584
5489.0			0.9451847050577107
5489.9			0.9717289648484263
5490.8			0.9995179087018145
5491.7			1.0
5492.6			1.0
5493.5			1.0
5494.4			1.0
5495.3			1.0
5496.2			1.0
5497.1			1.0
5498.0			1.0
5498.9			1.0
5499.8			1.0
5500.7			1.0
5501.6			1.0
5502.5			1.0
5503.4			1.0
5504.3			1.0
5505.2			1.0
5506.1			1.0
5507.0			1.0
5507.9			1.0
5508.8			1.041694890796379
5509.7			1.0233069718706485
5510.6			0.9592781801641013
5511.5			0.8832548757319741
5512.4			0.8366798320219773
5513.3			0.8338244917307163
5514.2			0.8598455209410901
5515.1			0.891690857625511
5516.0			0.9249232308490395
5516.9			0.9634481774288157
5517.8			1.0022219225621598
5518.7			1.0
5519.6			1.0
5520.5			1.0
5521.4			1.0
5522.3			1.0
5523.2			1.0
5524.1			1.0
5525.0			0.9890596875739004
5525.9			0.9657556993164687
5526.8			0.910182655150758
5527.7			0.8566613257915774
5528.6			0.86958692317929
5529.5			0.9422626266632778
5530.4			0.9997731926872238
5531.3			1.0
5532.2			1.0
5533.1			1.0
5534.0			1.0
5534.9			1.0
5535.8			1.0
5536.7			1.0
5537.6			1.0
5538.5			1.0
5539.4			1.0
5540.3			1.0
5541.2			1.0
5542.1			1.0
5543.0			1.0
5543.9			1.0
5544.8			1.0
5545.7			1.0
5546.6			1.0
5547.5			1.0
5548.4			1.0
5549.3			1.0
5550.200000000001			1.0
5551.1			1.0
5552.0			1.0
5552.9			1.0
5553.8			1.0
5554.700000000001			1.0
5555.6			1.0
5556.5			1.0
5557.4			1.0
5558.3			1.0
5559.200000000001			1.0
5560.1			1.0
5561.0			1.0
5561.9			0.9820585153984597
5562.8			0.9727050280412396
5563.700000000001			0.9726774825781366
5564.6			0.9586552249714403
5565.5			0.9342144092014246
5566.4			0.9287409793567712
5567.3			0.9436026551804184
5568.200000000001			0.9493900424448637
5569.1			0.942994467180557
5570.0			0.9484275260771433
5570.9			0.9530671756768805
5571.8			0.9281104939289766
5572.700000000001			0.9168712996912667
5573.6			0.9570242910271229
5574.5			0.995361706800738
5575.4			1.0000634240071995
5576.3			1.0141986023617047
5577.200000000001			1.0390429763204785
5578.1			1.0427465567875465
5579.0			1.0390340998002128
5579.9			1.0374399982904816
5580.8			1.0110872800107171
5581.700000000001			0.981836707915923
5582.6			1.0
5583.5			1.0170898535400064
5584.4			0.9953525263709643
5585.3			0.9283932754950769
5586.200000000001			0.8427685067698583
5587.1			0.7829801253399677
5588.0			0.7712367417427619
5588.9			0.8085066720200313
5589.8			0.8887665698907022
5590.700000000001			0.973408072975203
5591.6			1.0109725759027395
5592.5			0.9955632782494852
5593.4			1.0
5594.3			1.0
5595.200000000001			1.0
5596.1			1.035372528789075
5597.0			0.9882283808074099
5597.9			0.917246588907134
5598.8			0.8936423611777815
5599.700000000001			0.8987896479022938
5600.6			0.8858114918525571
5601.5			0.8592864924440049
5602.4			0.8545251019131748
5603.3			0.8927577264161376
5604.200000000001			0.9551693547830782
5605.1			1.0030733647330377
5606.0			1.0162564842021333
5606.9			1.004083974029232
5607.8			1.0
5608.700000000001			1.0
5609.6			1.0
5610.5			1.0
5611.4			1.0195272469389212
5612.3			1.0236816430468367
5613.200000000001			0.9814863446073389
5614.1			0.8871019792868348
5615.0			0.8085851348642613
5615.9			0.8261449865178431
5616.8			0.9170964043230896
5617.700000000001			0.9895535042711289
5618.6			1.008833084209074
5619.5			1.0
5620.4			1.0
5621.3			1.0
5622.200000000001			1.0099067976765839
5623.1			0.9558534897444856
5624.0			0.8923774076496962
5624.9			0.8939502469548061
5625.8			0.947203353853134
5626.700000000001			0.9859530633441417
5627.6			1.00143481834433
5628.5			1.0
5629.4			1.0
5630.3			1.0
5631.200000000001			1.0
5632.1			1.0
5633.0			1.0
5633.9			1.0
5634.8			1.0
5635.700000000001			1.0
5636.6			1.0
5637.5			1.0
5638.4			1.0
5639.3			1.0
5640.200000000001			1.0
5641.1			1.0
5642.0			1.0
5642.9			1.0
5643.8			1.0
5644.700000000001			1.0
5645.6			1.0
5646.5			1.0
5647.4			1.0
5648.3			1.0
5649.200000000001			1.0
5650.1			1.0
5651.0			1.0
5651.9			1.0187379721963779
5652.8			1.0185621743954942
5653.700000000001			0.994623015575053
5654.6			0.9718788482836792
5655.5			0.9703607432218058
5656.4			0.9576170892834586
5657.3			0.9019216425022006
5658.200000000001			0.8547746442759161
5659.1			0.8799226490523654
5660.0			0.9323308383124299
5660.9			0.934060910590728
5661.8			0.9041413198837968
5662.700000000001			0.9069263932473646
5663.6			0.9497755149612873
5664.5			0.9999253872837869
5665.4			1.0
5666.3			1.0
5667.200000000001			1.0
5668.1			1.0
5669.0			1.0
5669.9			1.0
5670.8			1.0
5671.700000000001			1.0
5672.6			1.0
5673.5			1.0
5674.4			1.0
5675.3			1.0
5676.200000000001			1.0
5677.1			1.0
5678.0			1.0
5678.9			1.0
5679.8			1.0
5680.700000000001			1.0
5681.6			1.0
5682.5			1.0
5683.4			1.0
5684.3			1.0
5685.200000000001			0.997877265884656
5686.1			0.9444136202566655
5687.0			0.8801710538543659
5687.9			0.8572214129761538
5688.8			0.8973520090007618
5689.700000000001			0.9633907507617397
5690.6			1.0022202130880593
5691.5			1.0
5692.4			1.0
5693.3			1.0
5694.200000000001			1.0
5695.1			1.0
5696.0			1.0
5696.9			1.0
5697.8			1.0
5698.700000000001			1.0
5699.6			1.0
5700.5			1.0
5701.4			1.0
5702.3			1.0
5703.200000000001			1.0
5704.1			1.0234055584863482
5705.0			1.0096651695333714
5705.9			0.9730562213543902
5706.8			0.9458752492670992
5707.700000000001			0.9204335839899908
5708.6			0.8949077670831033
5709.5			0.8920114433010521
5710.4			0.8913688206572359
5711.3			0.8827644882716809
5712.200000000001			0.9067044715313884
5713.1			0.9622496438055388
5714.0			0.9937208587692202
5714.9			0.9926155643008541
5715.8			0.9859891742733646
5716.700000000001			0.9840285411608868
5717.6			0.9900270244367281
5718.5			0.9994800674669551
5719.4			1.0
5720.3			1.0
5721.200000000001			1.0
5722.1			1.0
5723.0			1.0
5723.9			0.9937254610791231
5724.8			0.9852468980544716
5725.700000000001			0.9592610449815415
5726.6			0.923943153803761
5727.5			0.930295362008817
5728.4			0.979354418051704
5729.3			1.0025677194400022
5730.200000000001			1.0
5731.1			1.0
5732.0			1.0
5732.9			1.0
5733.8			1.0
5734.700000000001			1.0
5735.6			1.0
5736.5			1.0
5737.4			1.0
5738.3			1.0
5739.200000000001			1.0
5740.1			1.0
5741.0			1.0
5741.9			1.0
5742.8			1.0
5743.700000000001			1.0
5744.6			1.0
5745.5			1.0
5746.4			1.0
5747.3			1.0
5748.200000000001			1.0
5749.1			1.0
5750.0			1.0
5750.9			0.9907054822220472
5751.8			0.956599981083426
5752.700000000001			0.9224206188733614
5753.6			0.9118081949797165
5754.5			0.9328514720600862
5755.4			0.9708542935770459
5756.3			1.00021810612951
5757.200000000001			1.0
5758.1			1.0
5759.0			1.0
5759.9			0.9771736673752542
5760.8			0.9438132901073717
5761.700000000001			0.9064110392450111
5762.6			0.8977509392551472
5763.5			0.9351678037807892
5764.4			0.9830576165565731
5765.3			1.0003621418088031
5766.200000000001			1.0
5767.1			1.0
5768.0			1.0
5768.9			1.0
5769.8			1.0
5770.700000000001			1.0
5771.6			1.0
5772.5			1.0
5773.4			1.0
5774.3			1.0
5775.200000000001			1.0
5776.1			1.0
5777.0			1.0
5777.9			1.0007476616992828
5778.8			0.9851951958954333
5779.700000000001			0.9459890238191812
5780.6			0.8958310887683935
5781.5			0.8712265929403289
5782.4			0.8810837604888293
5783.3			0.8873168474917407
5784.200000000001			0.8683342375248961
5785.1			0.857879601415058
5786.0			0.8897255645841122
5786.9			0.9405312669150845
5787.8			0.9762930154492301
5788.700000000001			0.9847257881926185
5789.6			0.9674926287277024
5790.5			0.9469895755316514
5791.4			0.9591811866034226
5792.3			1.0002597568384328
5793.200000000001			1.0
5794.1			1.0
5795.0			1.0
5795.9			1.0
5796.8			1.0
5797.700000000001			1.0
5798.6			1.0
5799.5			1.0
5800.4			1.0
5801.3			1.0
5802.200000000001			1.0
5803.1			1.0
5804.0			1.0
5804.9			1.0
5805.8			1.0
5806.700000000001			1.0
5807.6			1.0
5808.5			1.0
5809.4			1.0
5810.3			1.0
5811.200000000001			1.0076234575670524
5812.1			1.0011838318412283
5813.0			0.9852513216279709
5813.9			0.9678035529277985
5814.8			0.9517053974899751
5815.700000000001			0.9405825120615736
5816.6			0.9458719044686005
5817.5			0.9703027648451178
5818.4			0.9906816684912446
5819.3			0.9975843381046525
5820.200000000001			0.9983428726968226
5821.1			1.0
5822.0			1.0
5822.9			1.0
5823.8			1.0
5824.700000000001			1.0
5825.6			1.0
5826.5			1.0
5827.4			1.0
5828.3			1.0
5829.200000000001			1.0
5830.1			1.0
5831.0			1.0
5831.9			1.0
5832.8			1.0
5833.700000000001			1.0
5834.6			1.0
5835.5			1.0
5836.4			1.0
5837.3			1.0
5838.200000000001			1.0
5839.1			1.0
5840.0			1.0
5840.9			1.0
5841.8			1.0
5842.700000000001			1.0
5843.6			1.0
5844.5			1.0
5845.4			1.0
5846.3			1.0
5847.200000000001			1.0
5848.1			1.0
5849.0			1.0
5849.9			1.0
5850.8			1.0
5851.700000000001			1.0
5852.6			1.0
5853.5			1.0
5854.4			1.0086815285379191
5855.3			0.9864820950442844
5856.200000000001			0.9223962607496001
5857.1			0.8690155744126135
5858.0			0.8856193796623012
5858.9			0.9496996630683413
5859.8			1.0002408514555667
5860.700000000001			1.0
5861.6			1.0
5862.5			1.0
5863.4			1.0
5864.3			1.0
5865.200000000001			1.0
5866.1			1.0
5867.0			1.0
5867.9			1.0
5868.8			1.0
5869.700000000001			1.0
5870.6			1.0
5871.5			1.0
5872.4			1.0
5873.3			1.0
5874.200000000001			1.0
5875.1			1.0
5876.0			1.0
5876.9			0.9844085607321303
5877.8			0.9703394437051246
5878.700000000001			0.9491717425472984
5879.6			0.9235323278690385
5880.5			0.913288590535634
5881.4			0.9188049629850575
5882.3			0.9089482213531822
5883.200000000001			0.8721613313636063
5884.1			0.8283466091943883
5885.0			0.7932209075022909
5885.9			0.7501039644178951
5886.8			0.6753124223598024
5887.700000000001			0.5691449335674318
5888.6			0.4535092902280812
5889.5			0.37681602706814477
5890.4			0.3810959517990461
5891.3			0.4543714407320574
5892.200000000001			0.5379771957636036
5893.1			0.5759718268313304
5894.0			0.5406882141679324
5894.9			0.46120014398934556
5895.8			0.4196904531484814
5896.700000000001			0.4762236751437264
5897.6			0.6002257347046608
5898.5			0.7206515023312372
5899.4			0.8147793737697991
5900.3			0.8963815968686917
5901.200000000001			0.9606273884422734
5902.1			0.997021478635603
5903.0			1.0
5903.9			1.0
5904.8			1.0
5905.700000000001			1.0
5906.6			1.0
5907.5			1.0
5908.4			1.0
5909.3			1.0
5910.200000000001			1.0
5911.1			1.0
5912.0			1.0
5912.9			1.0
5913.8			1.0
5914.700000000001			1.0
5915.6			1.0
5916.5			1.0
5917.4			1.0
5918.3			1.0
5919.200000000001			1.0
5920.1			1.0
5921.0			1.0
5921.9			1.0
5922.8			1.0
5923.700000000001			1.0
5924.6			1.0
5925.5			1.0
5926.4			1.0
5927.3			1.0
5928.200000000001			1.0
5929.1			1.0
5930.0			1.0
5930.9			1.0
5931.8			1.0
5932.700000000001			1.0
5933.6			1.0
5934.5			1.0
5935.4			1.0
5936.3			1.0
5937.200000000001			1.0
5938.1			1.0
5939.0			1.0
5939.9			1.0
5940.8			1.0
5941.700000000001			1.0
5942.6			1.0
5943.5			1.0
5944.4			1.0
5945.3			1.0
5946.200000000001			1.0
5947.1			1.0
5948.0			1.0
5948.9			1.0
5949.8			1.00473340255769
5950.700000000001			1.0155998981512455
5951.6			0.9974304062525854
5952.5			0.9591254653262689
5953.4			0.9563788371238443
5954.3			0.9898736276958516
5955.200000000001			0.9998592179607017
5956.1			1.0
5957.0			1.0
5957.9			1.0
5958.8			1.0
5959.700000000001			1.0
5960.6			1.0
5961.5			1.0
5962.4			1.0
5963.3			1.0
5964.200000000001			1.0
5965.1			1.0
5966.0			1.0
5966.9			1.0
5967.8			1.0
5968.700000000001			1.0
5969.6			1.0
5970.5			1.0
5971.4			1.0
5972.3			1.0
5973.200000000001			1.0
5974.1			1.0
5975.0			1.0
5975.9			1.0
5976.8			1.0
5977.700000000001			1.0
5978.6			1.0082138298725598
5979.5			1.031632016289602
5980.4			1.0480756137943283
5981.3			1.0456662860310746
5982.200000000001			1.027513772696889
5983.1			0.9895218388131648
5984.0			0.9528682632023484
5984.9			0.9514444325304704
5985.8			0.9743509071742092
5986.700000000001			0.9824882932232459
5987.6			0.9810706093324065
5988.5			0.988418168782612
5989.4			1.0000883977041575
5990.3			1.0
5991.200000000001			1.0
5992.1			1.0
5993.0			1.0
5993.9			1.0
5994.8			1.0
5995.700000000001			1.0
5996.6			1.0
5997.5			1.0
5998.4			1.0
5999.3			1.0
6000.200000000001			1.0
6001.1			1.0
6002.0			1.0
6002.9			1.0
6003.8			1.0
6004.700000000001			1.0
6005.6			0.9892668487708373
6006.5			0.9626947976960566
6007.4			0.9287960968359548
6008.3			1.0
6009.200000000001			1.0353844730952704
6010.1			1.0839765137748756
6011.0			1.0894426397968413
6011.9			1.0519229013790332
6012.8			1.008260167435047
6013.700000000001			0.996216736504042
6014.6			1.0144967734000947
6015.5			1.0139337815541347
6016.4			0.9843476326741561
6017.3			0.980395287108145
6018.200000000001			0.9995518527441516
6019.1			0.9888353226805072
6020.0			0.9526472811663169
6020.9			0.9297155651982962
6021.8			0.9326949201432068
6022.700000000001			0.9512195412791986
6023.6			0.9656837699482744
6024.5			0.9779111891859917
6025.4			0.9936138365962458
6026.3			1.0010330392055944
6027.200000000001			1.0059267049870595
6028.1			1.0176626874857677
6029.0			1.0197978879799994
6029.9			1.0074673211556453
6030.8			1.0006007618076052
6031.700000000001			1.0009586920051174
6032.6			1.0002871900701356
6033.5			1.0
6034.4			1.0
6035.3			1.0
6036.200000000001			1.0
6037.1			1.0
6038.0			1.0
6038.9			1.0
6039.8			1.0
6040.700000000001			1.0
6041.6			1.0
6042.5			1.0
6043.4			1.0
6044.3			1.0
6045.200000000001			1.0
6046.1			1.0
6047.0			1.0
6047.9			1.0
6048.8			1.0
6049.700000000001			1.0
6050.6			1.0
6051.5			1.0
6052.4			1.0
6053.3			1.0
6054.200000000001			1.0
6055.1			1.0
6056.0			1.0
6056.9			1.0
6057.8			1.0
6058.700000000001			1.0
6059.6			1.0
6060.5			1.0
6061.4			1.0
6062.3			0.9794440087442221
6063.200000000001			0.9566671279456489
6064.1			0.9209152727748015
6065.0			0.8927529286848037
6065.9			0.9121375324106031
6066.8			0.9651346976423845
6067.700000000001			1.0016996639026556
6068.6			1.0
6069.5			1.0
6070.4			1.0
6071.3			1.0
6072.200000000001			1.0
6073.1			1.0
6074.0			1.0
6074.9			1.0
6075.8			1.0
6076.700000000001			1.0
6077.6			1.0
6078.5			1.0
6079.4			1.0
6080.3			1.0
6081.200000000001			1.0
6082.1			1.0
6083.0			1.0
6083.9			1.0
6084.8			1.0
6085.700000000001			1.0
6086.6			1.0
6087.5			1.0217159349370033
6088.4			1.0154180667917667
6089.3			0.9799258110025554
6090.200000000001			0.9480480831611137
6091.1			0.9559153521653161
6092.0			0.9830162048988099
6092.9			0.9995832030650182
6093.8			1.0
6094.700000000001			1.0
6095.6			1.0
6096.5			1.0
6097.4			1.0
6098.3			1.0
6099.200000000001			1.0
6100.1			0.9861593136824386
6101.0			0.920571563100143
6101.9			0.8101638550867085
6102.8			0.7524045017105793
6103.700000000001			0.8233678008954588
6104.6			0.942007771620577
6105.5			0.9992003226889449
6106.4			1.0
6107.3			1.0
6108.200000000001			1.0
6109.1			1.0
6110.0			1.0
6110.9			1.0
6111.8			1.0
6112.700000000001			1.0
6113.6			1.0
6114.5			1.0
6115.4			1.0
6116.3			1.0
6117.200000000001			1.0
6118.1			0.9980395999378786
6119.0			0.9623259418096511
6119.9			0.9002066212449307
6120.8			0.8148601062267345
6121.700000000001			0.7276764123048282
6122.6			0.7346135569258944
6123.5			0.8609356431159435
6124.4			0.9765065290575613
6125.3			1.0022620045876516
6126.200000000001			1.0
6127.1			1.0
6128.0			1.0
6128.9			1.0
6129.8			1.0
6130.700000000001			1.0
6131.6			1.0
6132.5			1.0
6133.4			1.0
6134.3			0.9614639031616727
6135.200000000001			0.8909487174262132
6136.1			0.8085229220568205
6137.0			0.76670781724352
6137.9			0.8221344587324456
6138.8			0.9330780406079865
6139.700000000001			0.9998247114625742
6140.6			1.0
6141.5			1.0
6142.4			1.0
6143.3			1.0
6144.200000000001			1.0
6145.1			1.0
6146.0			1.0
6146.9			1.0
6147.8			1.0
6148.700000000001			1.0
6149.6			1.0
6150.5			1.0
6151.4			1.0
6152.3			1.0
6153.200000000001			1.0
6154.1			1.0
6155.0			1.0
6155.9			1.0
6156.8			1.0
6157.700000000001			1.0
6158.6			0.9825474157910672
6159.5			0.9285171274784096
6160.4			0.8085136159750622
6161.3			0.6657014607730974
6162.200000000001			0.6083862618385186
6163.1			0.6909829859022487
6164.0			0.8415506467080502
6164.9			0.9510493033905161
6165.8			0.9914614949327011
6166.700000000001			1.0
6167.6			1.0
6168.5			1.0
6169.4			1.0
6170.3			1.0
6171.200000000001			1.0
6172.1			1.0
6173.0			1.0
6173.9			1.0
6174.8			1.0
6175.700000000001			1.0
6176.6			1.0
6177.5			1.0
6178.4			1.0
6179.3			1.0
6180.200000000001			1.0
6181.1			1.0
6182.0			1.0
6182.9			1.0
6183.8			1.0
6184.700000000001			1.0
6185.6			1.0
6186.5			1.0
6187.4			1.0
6188.3			1.0
6189.200000000001			0.9856318249536372
6190.1			0.946507589713156
6191.0			0.8899627052199328
6191.9			0.8783619100635062
6192.8			0.935426019251497
6193.700000000001			0.9896990556839624
6194.6			1.0049490998383621
6195.5			1.0
6196.4			1.0
6197.3			1.0
6198.200000000001			1.0
6199.1			1.0
6200.0			1.0
6200.9			1.0
6201.8			1.0
6202.700000000001			1.0
6203.6			1.0
6204.5			1.0
6205.4			1.0
6206.3			1.0
6207.200000000001			1.0
6208.1			1.0
6209.0			1.0
6209.9			1.0
6210.8			1.0
6211.700000000001			1.0011657025885838
6212.6			0.9754547204206108
6213.5			0.9261366442104096
6214.4			0.9025943749921925
6215.3			0.9180924453461212
6216.200000000001			0.9514329153726646
6217.1			0.9937209667985629
6218.0			1.0
6218.9			1.0
6219.8			1.0
6220.700000000001			1.0
6221.6			1.0
6222.5			1.0
6223.4			1.0
6224.3			1.0
6225.200000000001			1.0
6226.1			1.010766100241025
6227.0			1.0095445963434926
6227.9			0.9966273154547585
6228.8			0.962669354599633
6229.700000000001			0.8989325119124236
6230.6			0.8478775712819777
6231.5			0.8480880283872729
6232.4			0.8772416342208146
6233.3			0.9162122479136251
6234.200000000001			0.9649657027696832
6235.1			1.0
6236.0			1.0082376830795585
6236.9			1.002853324988252
6237.8			0.9816541500004912
6238.700000000001			0.9389881863260483
6239.6			0.8986041376443378
6240.5			0.8983088914542415
6241.4			0.917433740271959
6242.3			0.9003220758004196
6243.200000000001			0.8784537704964565
6244.1			0.9057642376485892
6245.0			0.9358642237579686
6245.9			0.9347139758066275
6246.8			0.9523760420560023
6247.700000000001			0.9966874039141531
6248.6			1.0
6249.5			0.9976762854458222
6250.4			0.9783513391571099
6251.3			0.9350056969095463
6252.200000000001			0.8803077411604406
6253.1			0.8682889975127968
6254.0			0.8991733575851208
6254.9			0.9261071527873482
6255.8			0.9156262482027311
6256.700000000001			0.8719157727958682
6257.6			0.8254269757901828
6258.5			0.8169851625240824
6259.4			0.8638270718705805
6260.3			0.9181331328065365
6261.200000000001			0.9465288943364366
6262.1			0.986408806448427
6263.0			1.0272420541588703
6263.9			1.0151163135762808
6264.8			0.9726466290156128
6265.700000000001			0.9599199466274544
6266.6			0.9858473121374327
6267.5			1.000365401039948
6268.4			1.0
6269.3			1.0
6270.200000000001			1.0
6271.1			1.0
6272.0			1.0
6272.9			1.0
6273.8			1.0
6274.700000000001			1.0
6275.6			1.0
6276.5			1.0
6277.4			1.0
6278.3			1.0
6279.200000000001			1.0
6280.1			1.0
6281.0			1.0
6281.9			1.0
6282.8			1.0
6283.700000000001			1.0
6284.6			1.0
6285.5			1.0
6286.4			1.0
6287.3			1.0
6288.200000000001			1.0
6289.1			1.0
6290.0			1.0
6290.9			1.0
6291.8			1.0
6292.700000000001			1.0
6293.6			1.0
6294.5			1.0
6295.4			1.0
6296.3			0.9613284581707732
6297.200000000001			0.9485393024319839
6298.1			0.9756350484117223
6299.0			1.010382600908506
6299.9			1.009229014727235
6300.8			0.959527930489719
6301.700000000001			0.9098698281322002
6302.6			0.91150350279196
6303.5			0.9480426903036354
6304.4			0.9662418419757546
6305.3			0.9544796513113556
6306.200000000001			0.9610588065660383
6307.1			1.0012584031641831
6308.0			1.0
6308.9			1.0
6309.8			1.0
6310.700000000001			1.0
6311.6			1.0
6312.5			0.998123287751443
6313.4			1.0079522382122938
6314.3			0.991785630894644
6315.200000000001			0.9653603695102627
6316.1			0.9615781746473591
6317.0			0.9532197125452292
6317.9			0.9290830256843999
6318.8			0.9389184743899899
6319.700000000001			0.9901570824605327
6320.6			1.0251857766012806
6321.5			1.017796909288068
6322.4			0.9963466869207782
6323.3			1.000052124985151
6324.200000000001			1.0
6325.1			1.0
6326.0			1.0
6326.9			1.0
6327.8			1.0
6328.700000000001			1.0
6329.6			1.0
6330.5			1.0
6331.4			1.0
6332.3			1.0280614425153904
6333.200000000001			1.0294532421855438
6334.1			0.9879867721480288
6335.0			0.9271350478121873
6335.9			0.8916786866917523
6336.8			0.9076138881202234
6337.700000000001			0.9505872708946891
6338.6			0.9833536994160916
6339.5			1.0016681996721004
6340.4			1.0
6341.3			1.0
6342.200000000001			1.0
6343.1			1.0
6344.0			1.0
6344.9			1.0
6345.8			1.0
6346.700000000001			1.0
6347.6			1.0
6348.5			1.0
6349.4			1.0
6350.3			1.0
6351.200000000001			1.0
6352.1			1.0
6353.0			1.0
6353.9			1.0
6354.8			1.0
6355.700000000001			0.997136592117426
6356.6			1.0043654168477727
6357.5			0.9815556313695941
6358.4			0.9431857005145583
6359.3			0.9243425632527649
6360.200000000001			0.9219182453269716
6361.1			0.9046140627026708
6362.0			0.8821180760411254
6362.9			0.8875579051098341
6363.8			0.9196721033860522
6364.700000000001			0.9513448590195587
6365.6			0.9647110961552936
6366.5			0.9718133229342958
6367.4			0.9866583064119014
6368.3			1.0009641191228702
6369.200000000001			1.0
6370.1			1.0
6371.0			1.0
6371.9			1.0
6372.8			1.0
6373.700000000001			1.0
6374.6			1.0
6375.5			1.0
6376.4			1.0
6377.3			0.9947603659256425
6378.200000000001			0.9715193517715337
6379.1			0.9519452638246114
6380.0			0.9387629222812431
6380.9			0.9296467939482204
6381.8			0.9458802787021313
6382.700000000001			0.9815662846728116
6383.6			1.0004093272496266
6384.5			1.0009657173401305
6385.4			1.0
6386.3			1.0
6387.200000000001			1.0
6388.1			1.0
6389.0			1.0
6389.9			1.0
6390.8			1.0
6391.700000000001			1.0
6392.6			1.0
6393.5			1.0
6394.4			1.0
6395.3			1.0
6396.200000000001			1.0
6397.1			0.9993698175300044
6398.0			0.9789847834955615
6398.9			0.9145762462498729
6399.8			0.8491577609383776
6400.700000000001			0.8620810446271898
6401.6			0.9388138065577635
6402.5			0.9998965627634895
6403.4			1.0
6404.3			1.0
6405.200000000001			1.0
6406.1			1.0
6407.0			1.0
6407.9			1.0
6408.8			1.0
6409.700000000001			1.028683383929164
6410.6			1.0001975421213432
6411.5			0.9553832769366385
6412.4			0.9616563032273292
6413.3			1.0022431230462165
6414.200000000001			1.0
6415.1			1.0
6416.0			1.0
6416.9			1.0
6417.8			0.9885086152129361
6418.700000000001			0.9664016927238663
6419.6			0.931375856955255
6420.5			0.9012181547632577
6421.4			0.9062678769196697
6422.3			0.9543916833412902
6423.200000000001			1.0006470065873865
6424.1			1.0
6425.0			1.0
6425.9			1.0
6426.8			1.0
6427.700000000001			1.0
6428.6			1.0
6429.5			1.0
6430.4			1.0
6431.3			1.0
6432.200000000001			1.0
6433.1			1.0
6434.0			1.0
6434.9			1.0
6435.8			1.0
6436.700000000001			0.9729694724394491
6437.6			0.9036633589861844
6438.5			0.8162072806812024
6439.4			0.8036603793375352
6440.3			0.8884249915371771
6441.200000000001			0.9721585709612967
6442.1			0.9988323167675306
6443.0			1.0
6443.9			1.0
6444.8			1.0
6445.700000000001			1.0
6446.6			1.0
6447.5			0.9683016877119703
6448.4			0.8960260049448865
6449.3			0.8200536276479884
6450.200000000001			0.8178736142699294
6451.1			0.889561561852969
6452.0			0.9621569802565941
6452.9			1.0001592703214486
6453.8			1.0
6454.700000000001			1.0
6455.6			1.0
6456.5			1.0
6457.4			1.0
6458.3			1.0
6459.200000000001			1.0
6460.1			0.9795917039399786
6461.0			0.915796526141083
6461.9			0.8246289653677277
6462.8			0.7913895812382049
6463.700000000001			0.8576993097003864
6464.6			0.950350602475446
6465.5			1.0007874317630197
6466.4			1.0
6467.3			1.0
6468.200000000001			1.0
6469.1			0.9755248741255897
6470.0			0.9472566182011364
6470.9			0.9207361226176739
6471.8			0.9154172575576467
6472.700000000001			0.9560854719088054
6473.6			1.001443857710637
6474.5			1.0001912428903272
6475.4			1.0
6476.3			1.0
6477.200000000001			1.0
6478.1			1.0
6479.0			1.0
6479.9			1.0
6480.8			1.0
6481.700000000001			1.0
6482.6			1.0
6483.5			1.0
6484.4			1.0
6485.3			1.0
6486.200000000001			1.0
6487.1			1.0
6488.0			1.0
6488.9			1.0
6489.8			1.0083249542983495
6490.700000000001			1.0052232913986183
6491.6			0.991053835023356
6492.5			0.9383839405996919
6493.4			0.8472394360388722
6494.3			0.788232439258323
6495.200000000001			0.8205888035640478
6496.1			0.90170847471038
6497.0			0.9684056817950543
6497.9			0.9996342185074035
6498.8			0.9931084164059284
6499.700000000001			1.0
6500.6			1.0
6501.5			1.0
6502.4			1.0
6503.3			1.0
6504.200000000001			1.0
6505.1			1.0
6506.0			1.0
6506.9			1.0
6507.8			1.0
6508.700000000001			1.0
6509.6			1.0
6510.5			1.0
6511.4			1.0
6512.3			1.0
6513.200000000001			1.0
6514.1			1.0
6515.0			1.0
6515.9			1.0
6516.8			1.0
6517.700000000001			1.0
6518.6			1.0
6519.5			1.0
6520.4			1.0
6521.3			1.0
6522.200000000001			1.0
6523.1			1.0
6524.0			1.0
6524.9			1.0
6525.8			1.0
6526.700000000001			1.0
6527.6			1.0
6528.5			1.0
6529.4			1.0
6530.3			1.0
6531.200000000001			1.0
6532.1			1.0
6533.0			1.0
6533.9			1.0
6534.8			1.0
6535.700000000001			1.0
6536.6			1.0
6537.5			1.0
6538.4			1.0
6539.3			1.0
6540.200000000001			1.0
6541.1			1.0
6542.0			1.0
6542.9			0.9852806586877336
6543.8			0.9743879491896901
6544.700000000001			0.9590275315031305
6545.6			0.9285364775097774
6546.5			0.9206181331741816
6547.4			0.9506813159556576
6548.3			0.9841278939125233
6549.200000000001			1.0006961050480518
6550.1			1.0001360169789713
6551.0			1.0
6551.9			0.9937301870897167
6552.8			0.984566819844804
6553.700000000001			0.9589899178620004
6554.6			0.9354117779500606
6555.5			0.9342291404980296
6556.4			0.9522062762207139
6557.3			0.9735184595599872
6558.200000000001			0.989032849780569
6559.1			0.9996768410679252
6560.0			1.0
6560.9			1.0
6561.8			1.0
6562.700000000001			1.0
6563.6			1.0
6564.5			1.0
6565.4			1.0
6566.3			1.0
6567.200000000001			1.0
6568.1			1.0
6569.0			0.9704143572296673
6569.9			0.9743254902610844
6570.8			0.9804634937117281
6571.700000000001			0.9498517105088248
6572.6			0.9125689918403039
6573.5			0.899618213196692
6574.4			0.9080823604101117
6575.3			0.9341559779022653
6576.200000000001			0.9696877812868373
6577.1			0.9903003668511292
6578.0			0.996628007911866
6578.9			1.0
6579.8			1.0
6580.700000000001			1.0
6581.6			1.0
6582.5			1.0
6583.4			1.0
6584.3			1.0
6585.200000000001			1.0
6586.1			1.0
6587.0			1.0
6587.9			1.0
6588.8			1.0
6589.700000000001			1.0
6590.6			0.9879754342605616
6591.5			0.9432662108056135
6592.4			0.8794885565257549
6593.3			0.8523177154200676
6594.200000000001			0.8969919734171317
6595.1			0.96746424841442
6596.0			1.0011057461071735
6596.9			1.0
6597.8			1.0
6598.700000000001			1.0
6599.6			1.0
6600.5			1.0
6601.4			1.0
6602.3			1.0
6603.200000000001			0.9984340505897342
6604.1			0.9833927163386088
6605.0			0.9637714009740679
6605.9			0.9590383340513012
6606.8			0.9613609382974081
6607.700000000001			0.9492380485210286
6608.6			0.9318094072108533
6609.5			0.9405734876192917
6610.4			0.9751757551842023
6611.3			1.0030633787735488
6612.200000000001			1.0067578349614894
6613.1			0.9998626600719908
6614.0			1.0013409492382017
6614.9			1.0
6615.8			1.0
6616.700000000001			1.0
6617.6			1.0
6618.5			1.0
6619.4			1.0
6620.3			1.0
6621.200000000001			1.0
6622.1			1.0
6623.0			1.0
6623.9			1.0
6624.8			1.0
6625.700000000001			1.0
6626.6			1.0
6627.5			1.0
6628.4			1.0
6629.3			1.0
6630.200000000001			1.0
6631.1			1.0
6632.0			1.0
6632.9			1.0
6633.8			1.0
6634.700000000001			1.0
6635.6			1.0
6636.5			1.0
6637.4			1.0
6638.3			1.0
6639.200000000001			1.0
6640.1			1.0
6641.0			1.0
6641.9			1.0
6642.8			1.0
6643.700000000001			1.0
6644.6			1.0
6645.5			1.0
6646.4			1.0
6647.3			1.0
6648.200000000001			1.0
6649.1			1.0
6650.0			1.0
6650.9			1.0
6651.8			1.0
6652.700000000001			1.0
6653.6			1.0
6654.5			1.0
6655.4			1.0
6656.3			0.993039662315769
6657.200000000001			0.9930621915451402
6658.1			1.0023599563924714
6659.0			1.0014514446973215
6659.9			0.9849111081533899
6660.8			0.9638629423238486
6661.700000000001			0.9507718639254475
6662.6			0.936452263942329
6663.5			0.9301717675204213
6664.4			0.9475942925075506
6665.3			0.9660045354972172
6666.200000000001			0.9673458742888574
6667.1			0.9618852180908638
6668.0			0.9623351616291611
6668.9			0.9741781670877746
6669.8			0.9890132119860933
6670.700000000001			1.000295934022016
6671.6			1.0
6672.5			1.0
6673.4			1.0
6674.3			1.0
6675.200000000001			1.0028454916095433
6676.1			0.976767574890648
6677.0			0.9233666062999731
6677.9			0.8946854597814442
6678.8			0.928722599992533
6679.700000000001			0.9811904822403652
6680.6			1.0043922174911697
6681.5			1.0
6682.4			1.0
6683.3			1.0
6684.200000000001			1.0
6685.1			1.0
6686.0			1.0
6686.9			1.0
6687.8			1.0
6688.700000000001			1.0
6689.6			1.0
6690.5			1.0
6691.4			1.0
6692.3			1.0
6693.200000000001			1.0
6694.1			1.0
6695.0			1.0
6695.9			1.0
6696.8			1.0
6697.700000000001			1.0
6698.6			1.0
6699.5			1.0
6700.4			1.0
6701.3			1.0
6702.200000000001			1.0
6703.1			1.0
6704.0			1.0
6704.9			1.0
6705.8			1.0
6706.700000000001			1.0
6707.6			1.0
6708.5			1.0
6709.4			1.0
6710.3			1.0
6711.200000000001			1.0
6712.1			1.0
6713.0			1.0
6713.9			1.0
6714.8			0.9897359682255417
6715.700000000001			0.9598232788106205
6716.6			0.9084602062276105
6717.5			0.8815120376078024
6718.4			0.9165846903890252
6719.3			0.9735172086725465
6720.200000000001			0.999731033515247
6721.1			1.0
6722.0			1.0
6722.9			1.0
6723.8			1.0
6724.700000000001			1.0
6725.6			1.0
6726.5			1.0
6727.4			1.0
6728.3			1.0
6729.200000000001			1.0
6730.1			1.0
6731.0			1.0
6731.9			1.0
6732.8			1.0
6733.700000000001			1.0
6734.6			1.0
6735.5			1.0
6736.4			1.0
6737.3			1.0
6738.200000000001			1.0
6739.1			1.0
6740.0			1.0
6740.9			1.0
6741.8			0.9861545018194741
6742.700000000001			0.9657084024224251
6743.6			0.9632095358083612
6744.5			0.972217004303759
6745.4			0.9748328379378188
6746.3			0.9698038344772091
6747.200000000001			0.9671532412250925
6748.1			0.9641757972801224
6749.0			0.9569118652181592
6749.9			0.9516696417156356
6750.8			0.9541420404236265
6751.700000000001			0.9603771649242805
6752.6			0.9660326762789835
6753.5			0.9749581483228633
6754.4			0.9795338372494554
6755.3			0.9801207911943105
6756.200000000001			0.9903042285851026
6757.1			1.0062633923229973
6758.0			1.0091546172348032
6758.9			0.9981408919298715
6759.8			0.9873602198082388
6760.700000000001			0.9902568132491589
6761.6			0.9994490283166135
6762.5			0.9996595411198915
6763.4			0.9900824132978708
6764.3			0.9809432144542584
6765.200000000001			0.9763613388276821
6766.1			0.9653045370012965
6767.0			0.944895308275699
6767.9			0.9364047798386292
6768.8			0.9553158523156466
6769.700000000001			0.9818593287325138
6770.6			0.9842786550734243
6771.5			0.9682279506206012
6772.4			0.9606929109426291
6773.3			0.9742497389080962
6774.200000000001			0.9967266210820834
6775.1			1.007468304163304
6776.0			1.0011366911357378
6776.9			0.9907246404013136
6777.8			0.9875667116967106
6778.700000000001			0.994401498046281
6779.6			0.9992695113137763
6780.5			0.9883152612973806
6781.4			0.9678698173889438
6782.3			0.9452363306983634
6783.200000000001			0.9220586212511578
6784.1			0.9163582532335285
6785.0			0.9349075222446717
6785.9			0.9535611658328162
6786.8			0.9586622272882094
6787.700000000001			0.9614144916636864
6788.6			0.9675351946461201
6789.5			0.9710010740928483
6790.4			0.9710039871521082
6791.3			0.9705524314111054
6792.200000000001			0.964963782027476
6793.1			0.955847002054136
6794.0			0.9586560328168536
6794.9			0.966904078329015
6795.8			0.9611679360609581
6796.700000000001			0.9478204256320549
6797.6			0.9463464796684521
6798.5			0.954526853661946
6799.4			0.9663570709791112
6800.3			0.9780455868300595
6801.200000000001			0.9788773777726583
6802.1			0.9726645616053166
6803.0			0.9670067304709302
6803.9			0.9632503001018372
6804.8			0.9603602311316427
6805.700000000001			0.9523122727741948
6806.6			0.9470018995835874
6807.5			0.9586690825292133
6808.4			0.9712853674082571
6809.3			0.9603627526451415
6810.200000000001			0.9413355249881588
6811.1			0.941841471159704
6812.0			0.9614880984052542
6812.9			0.9786914004331191
6813.8			0.9687464803976505
6814.700000000001			0.9398838063771712
6815.6			0.9339781568750133
6816.5			0.953073696894825
6817.4			0.962491870382047
6818.3			0.9473633152119421
6819.200000000001			0.9330764459467612
6820.1			0.9407215447698285
6821.0			0.9551421285393553
6821.9			0.9583745993388243
6822.8			0.9554017650691689
6823.700000000001			0.9574628394042427
6824.6			0.9689458934776665
6825.5			0.9778495943424146
6826.4			0.9663341933623247
6827.3			0.9453819527669234
6828.200000000001			0.9375381466905255
6829.1			0.9456806793647958
6830.0			0.958310683766369
6830.9			0.9637185964048413
6831.8			0.9620875176629157
6832.700000000001			0.9647758965239394
6833.6			0.9719548852366828
6834.5			0.9701359732150203
6835.4			0.9554255355972218
6836.3			0.9431054682056864
6837.200000000001			0.9491391191840536
6838.1			0.9531424592079742
6839.0			0.9421310845304719
6839.9			0.926885801008082
6840.8			0.9119047049581073
6841.700000000001			0.9047353111983284
6842.6			0.9123185622557052
6843.5			0.9268769655873188
6844.4			0.9424081453712084
6845.3			0.9516110046726023
6846.200000000001			0.9488744561095288
6847.1			0.9483591249875553
6848.0			0.9538791039938534
6848.9			0.9543828433496283
6849.8			0.9415302314762867
6850.700000000001			0.9317772265888905
6851.6			0.93932674029852
6852.5			0.9457557815771045
6853.4			0.9371918760714173
6854.3			0.9194863580677726
6855.200000000001			0.9044386294017582
6856.1			0.9024077550429311
6857.0			0.9096954239000661
6857.9			0.9151920697588882
6858.8			0.9202152850348895
6859.700000000001			0.9199550828004545
6860.6			0.9088654752460679
6861.5			0.9023968243889822
6862.4			0.9179575570733333
6863.3			0.9481247999545291
6864.200000000001			0.963575354295167
6865.1			0.9533366465344327
6866.0			0.9372026807087537
6866.9			0.9311754309945988
6867.8			0.9258192805870818
6868.700000000001			0.9250872574403526
6869.6			0.9368053775696752
6870.5			0.9376847462453892
6871.4			0.9206826745293888
6872.3			0.9212824399392244
6873.200000000001			0.9373171899590388
6874.1			0.9409035485618834
6875.0			0.9455140141992969
6875.9			0.9578693671164981
6876.8			0.9610512053889725
6877.700000000001			0.9632285260629454
6878.6			0.9714712171025373
6879.5			0.958140818817255
6880.4			0.9245106399204686
6881.3			0.8947434526043408
6882.200000000001			0.8750931186496202
6883.1			0.8845483918772139
6884.0			0.9192959168075839
6884.9			0.9323510843490578
6885.8			0.918000067774019
6886.700000000001			0.929786503669721
6887.6			0.9742791205863168
6888.5			0.986911730378159
6889.4			0.9588742520577064
6890.3			0.9524370842347446
6891.200000000001			0.9692823518242718
6892.1			0.9624495675978425
6893.0			0.9480192831577876
6893.9			0.9565534974492085
6894.8			0.9637445462789758
6895.700000000001			0.9474611712472624
6896.6			0.934560026919328
6897.5			0.9507806359549912
6898.4			0.9703674504694011
6899.3			0.9608707209878855
6900.200000000001			0.925667323795132
6901.1			0.9114598300960388
6902.0			0.9449924266513823
6902.9			0.9780476488009768
6903.8			0.9723894369125138
6904.700000000001			0.9541437034654288
6905.6			0.9572763910088871
6906.5			0.9777561959334897
6907.4			0.9901907257970496
6908.3			0.9842300759454996
6909.200000000001			0.9766527053477534
6910.1			0.9779168360714161
6911.0			0.9799883492700558
6911.9			0.9768544657595384
6912.8			0.9663255361599611
6913.700000000001			0.9476220792569103
6914.6			0.9426094293982613
6915.5			0.9464337729600156
6916.4			0.9344466758834407
6917.3			0.9197946796652099
6918.200000000001			0.917497975263091
6919.1			0.9364600730804935
6920.0			0.9758857754238415
6920.9			1.0038389343859127
6921.8			1.0075728972993563
6922.700000000001			0.9927633802223718
6923.6			0.9568641395041186
6924.5			0.9278468271777963
6925.4			0.935821274239765
6926.3			0.9671285958332455
6927.200000000001			0.9999877885193886
6928.1			1.0224412699963763
6929.0			1.0288077101976378
6929.9			1.0253675838277176
6930.8			1.0228345101434757
6931.700000000001			1.0138563955454436
6932.6			0.9990014125806314
6933.5			0.9942590461505297
6934.4			0.9999381912228871
6935.3			1.002892821393775
6936.200000000001			1.005295321027503
6937.1			1.0060848382459058
6938.0			1.0004083101177568
6938.9			1.0025416420832096
6939.8			1.023477461545113
6940.700000000001			1.0446234233157898
6941.6			1.049485651802352
6942.5			1.0385373121911892
6943.4			1.0112503377457744
6944.3			0.9892452290777761
6945.200000000001			0.994577465366608
6946.1			1.0137288833010867
6947.0			1.028169246995071
6947.9			1.0372433115368
6948.8			1.0410876985063853
6949.700000000001			1.0310007641274597
6950.6			1.014074739433131
6951.5			1.0068785558822984
6952.4			1.0081243781218274
6953.3			1.004236951176688
6954.200000000001			1.0002072005651492
6955.1			1.0060290730806696
6956.0			1.022892961963585
6956.9			1.0392466977823365
6957.8			1.042618064518808
6958.700000000001			1.0362873134678745
6959.6			1.0312226714540624
6960.5			1.035375728665559
6961.4			1.0397830258054093
6962.3			1.0378451364419428
6963.200000000001			1.035922661868937
6964.1			1.032652046478993
6965.0			1.0179178208795556
6965.9			1.0057584887257776
6966.8			1.01814501738653
6967.700000000001			1.0369657467829616
6968.6			1.03966035285199
6969.5			1.0330707088865045
6970.4			1.0258903274344344
6971.3			1.0170742675415807
6972.200000000001			1.0152005434430822
6973.1			1.0161830589526348
6974.0			1.0
6974.9			0.9990213583116209
6975.8			0.9913316383572034
6976.700000000001			0.9515709990341139
6977.6			0.8937041930020717
6978.5			0.8631331951663189
6979.4			0.8848277824611045
6980.3			0.9325220327730372
6981.200000000001			0.972521827522904
6982.1			0.99832750628758
6983.0			1.0435878333168995
6983.9			1.0421247418696395
6984.8			1.0467617683183523
6985.700000000001			1.0566181541926392
6986.6			1.0537527248906517
6987.5			1.0328900096090596
6988.4			1.0206407396032142
6989.3			1.033351878340741
6990.200000000001			1.0467676437507973
6991.1			1.0441304380094734
6992.0			1.0385353766755643
6992.9			1.0379842894494686
6993.8			1.0384987562676071
6994.700000000001			1.0395046302812851
6995.6			1.0403762462692783
6996.5			1.041101815116439
6997.4			1.0399116447865935
6998.3			1.0271026826626413
6999.200000000001			1.0109534732073602
7000.1			1.0111073388939913
7001.0			1.027115056477445
7001.9			1.0430390877588247
7002.8			1.0457616465900978
7003.700000000001			1.0360997322289525
7004.6			1.026130832714181
7005.5			1.0237209086769943
7006.4			1.0276896074770527
7007.3			1.0268333582782199
7008.200000000001			1.0243770462960657
7009.1			1.0249813526639928
7010.0			1.0190417671744119
7010.9			1.0198979386141358
7011.8			1.03464671112934
7012.700000000001			1.0
7013.6			0.9890573004860114
7014.5			0.9576389169127969
7015.4			0.9195154243504225
7016.3			0.9124974890788602
7017.200000000001			0.94638613310605
7018.1			0.9832150282643433
7019.0			0.9997428721960541
7019.9			1.0664711405247405
7020.8			1.0597118535728665
7021.700000000001			1.0332771388326847
7022.6			1.0000483908205906
7023.5			1.0
7024.4			1.0
7025.3			1.0
7026.200000000001			1.0
7027.1			1.0
7028.0			1.0
7028.9			1.0
7029.8			1.0
7030.700000000001			1.0
7031.6			1.0
7032.5			1.0
7033.4			1.0
7034.3			1.0
7035.200000000001			1.0
7036.1			1.0
7037.0			1.0
7037.9			1.0
7038.8			1.0
7039.700000000001			1.0
7040.6			1.0
7041.5			1.0
7042.4			1.0
7043.3			1.0
7044.200000000001			1.0
7045.1			1.0
7046.0			1.0
7046.9			1.0
7047.8			1.0
7048.700000000001			1.0
7049.6			1.0
7050.5			1.0
7051.4			1.0
7052.3			1.0
7053.200000000001			1.0
7054.1			1.0
7055.0			1.0
7055.9			1.0
7056.8			1.0
7057.700000000001			1.0
7058.6			1.0
7059.5			1.0
7060.4			1.0
7061.3			1.0
7062.200000000001			1.0
7063.1			1.0
7064.0			1.0
7064.9			1.0
7065.8			0.9937192260616586
7066.700000000001			0.9717311513736174
7067.6			0.9458836774326937
7068.5			0.9349313256931109
7069.4			0.9480587955857933
7070.3			0.9768292625806964
7071.200000000001			1.0002513528039971
7072.1			1.0
7073.0			1.0
7073.9			1.0
7074.8			1.0
7075.700000000001			1.0
7076.6			1.0
7077.5			1.0
7078.4			1.0
7079.3			1.0
7080.200000000001			1.0
7081.1			1.0
7082.0			1.0
7082.9			1.0
7083.8			1.0
7084.700000000001			1.0
7085.6			1.0
7086.5			1.0
7087.4			1.0
7088.3			1.0
7089.200000000001			1.0
7090.1			1.0
7091.0			1.0
7091.9			1.0
7092.8			1.0
7093.700000000001			1.0
7094.6			1.0
7095.5			1.0
7096.4			1.0
7097.3			1.0
7098.200000000001			1.0
7099.1			1.0
7100.0			1.0
7100.9			1.0
7101.8			1.0
7102.700000000001			1.0
7103.6			1.0
7104.5			1.0
7105.4			1.0
7106.3			1.0
7107.200000000001			1.0
7108.1			1.0
7109.0			1.0
7109.9			1.0
7110.8			1.0
7111.700000000001			1.0
7112.6			1.0
7113.5			1.0
7114.4			1.0
7115.3			1.0
7116.200000000001			1.0
7117.1			1.0
7118.0			1.0
7118.9			1.0
7119.8			1.0
7120.700000000001			0.9823166188537439
7121.6			0.9635317870781077
7122.5			0.9696107873138012
7123.4			0.9833097280824012
7124.3			0.9678273831338849
7125.200000000001			0.9411826454050669
7126.1			0.9338746862164731
7127.0			0.9446361063918697
7127.9			0.956717622101997
7128.8			0.951060004049131
7129.700000000001			0.9254208475941862
7130.6			0.9072842093801393
7131.5			0.9171114502593334
7132.4			0.938742372826445
7133.3			0.9533071193966839
7134.200000000001			0.9611815303686576
7135.1			0.9640510937889052
7136.0			0.9669644713268797
7136.9			0.963975575806087
7137.8			0.9494819791301438
7138.700000000001			0.9354833415706966
7139.6			0.9394061519808116
7140.5			0.9562324323062574
7141.4			0.9642161456364295
7142.3			0.9603606743242503
7143.200000000001			0.9607734177531122
7144.1			0.9639110745872345
7145.0			0.9532214741604195
7145.9			0.9218895720438263
7146.8			0.8690077656468019
7147.700000000001			0.8315162260152549
7148.6			0.8590912784529207
7149.5			0.92062483942979
7150.4			0.9538241905095225
7151.3			0.9691366765465097
7152.200000000001			0.9803300065279192
7153.1			0.9825073103191244
7154.0			0.9791680081477043
7154.9			0.9799705471934583
7155.8			0.9911137832801932
7156.700000000001			1.0023517885734599
7157.6			1.0005265623342812
7158.5			0.9810649868168849
7159.4			0.960852799542674
7160.3			0.9617497545214002
7161.200000000001			1.0
7162.1			0.9997734162538504
7163.0			0.9703248416591492
7163.9			0.9339976107425787
7164.8			0.9309982961363721
7165.700000000001			0.9644213305713768
7166.6			0.9956709636258589
7167.5			0.9992403919290216
7168.4			0.9856441171999781
7169.3			0.9838801678296649
7170.200000000001			0.9916425286182087
7171.1			1.0029100540098366
7172.0			1.0128364819543132
7172.9			1.015089683185734
7173.8			1.012214253788772
7174.700000000001			0.9997961666346805
7175.6			1.0
7176.5			1.0
7177.4			1.0
7178.3			1.0
7179.200000000001			1.0
7180.1			1.0
7181.0			1.0
7181.9			1.0
7182.8			1.0
7183.700000000001			1.0221228599924927
7184.6			1.0143646751834026
7185.5			0.984724503322514
7186.4			0.9351344420114865
7187.3			0.8991621315625384
7188.200000000001			0.9065513405441034
7189.1			0.9397397604411557
7190.0			0.9764172256140287
7190.9			1.002105649952604
7191.8			1.0
7192.700000000001			1.0
7193.6			1.0
7194.5			1.0
7195.4			1.0
7196.3			1.0
7197.200000000001			1.0
7198.1			1.0
7199.0			1.0
7199.9			1.0
7200.8			1.0
7201.700000000001			1.0
7202.6			1.0
7203.5			1.0621182229457569
7204.4			1.0817902818876852
7205.3			1.044463149595361
7206.200000000001			0.9651248765249182
7207.1			0.9052354584979464
7208.0			0.9103515221667576
7208.9			0.9372523153383526
7209.8			0.9671963086125819
7210.700000000001			0.9974812283344274
7211.6			1.0
7212.5			1.0
7213.4			1.0
7214.3			1.0
7215.200000000001			1.0
7216.1			1.0
7217.0			1.0
7217.9			1.0
7218.8			1.0
7219.700000000001			1.0
7220.6			1.0
7221.5			1.0
7222.4			1.0
7223.3			1.0
7224.200000000001			1.0
7225.1			1.0
7226.0			1.0
7226.9			1.0
7227.8			1.0
7228.700000000001			1.0
7229.6			1.0
7230.5			1.0
7231.4			1.0
7232.3			1.0
7233.200000000001			1.0
7234.1			1.0
7235.0			1.0
7235.9			1.0
7236.8			1.0
7237.700000000001			1.0
7238.6			1.0
7239.5			1.0
7240.4			1.0
7241.3			1.0173925269641308
7242.200000000001			1.013981932260046
7243.1			0.9807714585288573
7244.0			0.945330727409925
7244.9			0.9475187488124438
7245.8			0.9794169992683833
7246.700000000001			0.9967406209244937
7247.6			1.0
7248.5			1.0
7249.4			1.0
7250.3			1.0
7251.200000000001			1.0
7252.1			1.0
7253.0			1.0
7253.9			1.0
7254.8			1.0
7255.700000000001			1.0
7256.6			1.0
7257.5			1.0
7258.4			1.0
7259.3			0.9899821202872339
7260.200000000001			0.9521607207387667
7261.1			0.9285115906519749
7262.0			0.9546287827487875
7262.9			0.9995609433750804
7263.8			1.0
7264.700000000001			1.0
7265.6			1.0
7266.5			1.0
7267.4			1.0
7268.3			1.0
7269.200000000001			1.0
7270.1			1.0
7271.0			1.0
7271.9			1.0
7272.8			1.0
7273.700000000001			1.0
7274.6			1.0
7275.5			1.0
7276.4			1.0
7277.3			1.0
7278.200000000001			1.0
7279.1			1.0
7280.0			1.0
7280.9			1.0
7281.8			1.0
7282.700000000001			1.0
7283.6			1.0
7284.5			1.0
7285.4			1.0
7286.3			1.0
7287.200000000001			1.0
7288.1			1.0
7289.0			1.0
7289.9			1.0
7290.8			1.0
7291.700000000001			1.0
7292.6			0.9973232176060606
7293.5			1.0165426337236796
7294.4			1.040994420503943
7295.3			1.048059743754249
7296.200000000001			1.046746062371262
7297.1			1.0361239601031162
7298.0			1.0147685334888257
7298.9			0.9977030060805943
7299.8			1.0
7300.700000000001			1.0237582424685692
7301.6			1.0301487962823632
7302.5			1.0237725972287364
7303.4			1.022961324312724
7304.3			1.0279664588896054
7305.200000000001			1.0268354318020805
7306.1			1.022378141053622
7307.0			1.0271528355385124
7307.9			1.037194147059446
7308.8			1.0466909926551726
7309.700000000001			1.0451371002436047
7310.6			1.036296019846509
7311.5			1.0514716488754632
7312.4			1.0806150730456932
7313.3			1.0954224164408302
7314.200000000001			1.090858071392029
7315.1			1.0857551477610823
7316.0			1.0933183127903976
7316.9			1.1009919500713574
7317.8			1.1031885704935958
7318.700000000001			1.1140261432235763
7319.6			1.1219458945388634
7320.5			1.1234755394487046
7321.4			1.1305350805726249
7322.3			1.1377896949903072
7323.200000000001			1.1332755177301566
7324.1			1.0857370993035
7325.0			1.0205347042050195
7325.9			1.0227619364213065
7326.8			1.103057515001258
7327.700000000001			1.1717437107392892
7328.6			1.1915056945148663
7329.5			1.1869293650091628
7330.4			1.1839312484915316
7331.3			1.1929074734198921
7332.200000000001			1.2131542860223832
7333.1			1.232562787926218
7334.0			1.2442723645420104
7334.9			1.2616569557921158
7335.8			1.2794914918749687
7336.700000000001			1.283484129257136
7337.6			1.2800732855633778
7338.5			1.2830830757209797
7339.4			1.2987526744461495
7340.3			1.3103098038728291
7341.200000000001			1.3210756424913273
7342.1			1.3193852279159501
7343.0			1.2813511383197618
7343.9			1.2553730774787588
7344.8			1.2955161055444189
7345.700000000001			1.3441163320751544
7346.6			1.3646151188376827
7347.5			1.3705438316433434
7348.4			1.370080335323292
7349.3			1.3588791706685786
7350.200000000001			1.34291460679832
7351.1			1.345168603418005
7352.0			1.37497229101206
7352.9			1.393662505846546
7353.8			1.3661830698324937
7354.700000000001			1.302187986551549
7355.6			1.2802188345118963
7356.5			1.3259561105443045
7357.4			1.4063356983323967
7358.3			1.4768568878670205
7359.200000000001			1.5079692617348095
7360.1			1.4782838838807921
7361.0			1.4287699491720431
7361.9			1.4151621432155137
7362.8			1.4470172291735999
7363.700000000001			1.4914760286136428
7364.6			1.531767456779963
7365.5			1.5526648307624038
7366.4			1.5873209781768864
7367.3			1.6113625359455472
7368.200000000001			1.6316716499464095
7369.1			1.6560859517583932
7370.0			1.6700612494387552
7370.9			1.6711536702787775
7371.8			1.678904687974972
7372.700000000001			1.6906042505076453
7373.6			1.6972906888964716
7374.5			1.69200446925932
7375.4			1.6897911406528756
7376.3			1.7202384998910627
7377.200000000001			1.763413561115692
7378.1			1.7868004440589154
7379.0			1.7933196315275257
7379.9			1.7833469042761656
7380.8			1.762710436289451
7381.700000000001			1.7700678432686918
7382.6			1.7844858315335481
7383.5			1.7878673165261605
7384.4			1.7748531326629735
7385.3			1.754986538958944
7386.200000000001			1.7381198925324022
7387.1			1.7307699995367987
7388.0			1.741911866001761
7388.9			1.7908624704225666
7389.8			1.8642570278636508
7390.700000000001			1.9108945628183478
7391.6			1.907700669136865
7392.5			1.894681930493032
7393.4			1.9394700980286974
7394.3			2.019831045410448
7395.200000000001			2.0662914740984726
7396.1			2.064025346786146
7397.0			2.0578803023836643
7397.9			2.0178919558055104
7398.8			1.960277581378017
7399.700000000001			1.959961700465953
7400.6			2.0468294186520897
7401.5			2.1549296945407996
7402.4			2.2192113537328697
7403.3			2.2414498565558665
7404.200000000001			2.24968641202176
7405.1			2.2661628243075618
7406.0			2.298636087954911
7406.9			2.3093586879202994
7407.8			2.2896824434874965
7408.700000000001			2.2765614064896424
7409.6			2.2880317357025004
7410.5			2.3841656288293023
7411.4			2.1325822484327137
7412.3			1.8075793044690388e-05
7413.200000000001			1.8287664996372177e-05
7414.1			1.8504562689454822e-05
7415.0			1.872666709108227e-05
7415.9			1.895416796231415e-05
7416.8			1.918726439885921e-05
7417.700000000001			1.9426165412204828e-05
7418.6			1.967109055470781e-05
7419.5			1.9922270592575917e-05
7420.4			2.0179948231075983e-05
7421.3			2.044437889675928e-05
7422.200000000001			2.071583158200336e-05
7423.1			2.099458975774035e-05
7424.0			2.1280952360881945e-05
7424.9			2.1575234863671713e-05
7425.8			2.187777043300647e-05
7426.700000000001			2.2188911188683237e-05
7427.6			2.2509029570562288e-05
7428.5			2.2838519825806475e-05
7429.4			1.0
