3500.0			1.0
3500.9			1.0
3501.8			1.0
3502.7			1.0
3503.6			1.0
3504.5			1.0
3505.4			1.0
3506.3			1.0
3507.2			1.0
3508.1			1.0
3509.0			1.0
3509.9			1.0
3510.8			1.0
3511.7			1.0
3512.6			1.0
3513.5			1.0
3514.4			1.0
3515.3			1.0
3516.2			1.0
3517.1			1.0
3518.0			1.0
3518.9			1.0
3519.8			1.0
3520.7			1.0
3521.6			1.0
3522.5			1.0
3523.4			1.0
3524.3			1.0
3525.2			1.0
3526.1			1.0
3527.0			1.0
3527.9			1.0
3528.8			1.0
3529.7			1.0
3530.6			1.0
3531.5			1.0
3532.4			1.0
3533.3			1.0
3534.2			1.0
3535.1			1.0
3536.0			1.0
3536.9			1.0
3537.8			1.0
3538.7			1.0
3539.6			1.0
3540.5			1.0
3541.4			1.0
3542.3			1.0
3543.2			1.0
3544.1			1.0
3545.0			1.0
3545.9			1.0
3546.8			1.0
3547.7			1.0
3548.6			1.0
3549.5			1.0
3550.4			1.0
3551.3			1.0
3552.2			1.0
3553.1			1.0
3554.0			1.0
3554.9			1.0
3555.8			1.0
3556.7			1.0
3557.6			1.0
3558.5			1.0
3559.4			1.0
3560.3			1.0
3561.2			1.0
3562.1			1.0
3563.0			1.0
3563.9			1.0
3564.8			1.0
3565.7			1.0
3566.6			1.0
3567.5			1.0
3568.4			1.0
3569.3			1.0
3570.2			1.0
3571.1			1.0
3572.0			1.0
3572.9			1.0
3573.8			1.0
3574.7			1.0
3575.6			1.0
3576.5			1.0
3577.4			1.0
3578.3			1.0
3579.2			1.0
3580.1			1.0
3581.0			1.0
3581.9			1.0
3582.8			1.0
3583.7			1.0
3584.6			1.0
3585.5			1.0
3586.4			1.0
3587.3			1.0
3588.2			1.0
3589.1			1.0
3590.0			1.0
3590.9			1.0
3591.8			1.0
3592.7			1.0
3593.6			1.0
3594.5			1.0
3595.4			1.0
3596.3			1.0
3597.2			1.0
3598.1			1.0
3599.0			1.0
3599.9			1.0
3600.8			1.0
3601.7			1.0
3602.6			1.0
3603.5			1.0
3604.4			1.0
3605.3			1.0
3606.2			1.0
3607.1			1.0
3608.0			1.0
3608.9			1.0
3609.8			1.0
3610.7			1.0
3611.6			1.0
3612.5			1.0
3613.4			1.0
3614.3			1.0
3615.2			1.0
3616.1			1.0
3617.0			1.0
3617.9			1.0
3618.8			1.0
3619.7			1.0
3620.6			1.0
3621.5			1.0
3622.4			1.0
3623.3			1.0
3624.2			1.0
3625.1			1.0
3626.0			1.0
3626.9			1.0
3627.8			1.0
3628.7			1.0
3629.6			1.0
3630.5			1.0
3631.4			1.0
3632.3			1.0
3633.2			1.0
3634.1			1.0
3635.0			1.0
3635.9			1.0
3636.8			1.0
3637.7			1.0
3638.6			1.0
3639.5			1.0
3640.4			1.0
3641.3			1.0
3642.2			1.0
3643.1			1.0
3644.0			1.0
3644.9			1.0
3645.8			1.0
3646.7			1.0
3647.6			1.0
3648.5			1.0
3649.4			1.0
3650.3			1.0
3651.2			1.0
3652.1			1.0
3653.0			1.0
3653.9			1.0
3654.8			1.0
3655.7			1.0
3656.6			1.0
3657.5			1.0
3658.4			1.0
3659.3			1.0
3660.2			1.0
3661.1			1.0
3662.0			1.0
3662.9			1.0
3663.8			1.0
3664.7			1.0
3665.6			1.0
3666.5			1.0
3667.4			1.0
3668.3			1.0
3669.2			1.0
3670.1			1.0
3671.0			1.0
3671.9			1.0
3672.8			1.0
3673.7			1.0
3674.6			1.0
3675.5			1.0
3676.4			1.0
3677.3			1.0
3678.2			1.0
3679.1			1.0
3680.0			1.0
3680.9			1.0
3681.8			1.0
3682.7			1.0
3683.6			1.0
3684.5			1.0
3685.4			1.0
3686.3			1.0
3687.2			1.0
3688.1			1.0
3689.0			1.0
3689.9			1.0
3690.8			1.0
3691.7			1.0
3692.6			1.0
3693.5			1.0
3694.4			1.0
3695.3			1.0
3696.2			1.0
3697.1			1.0
3698.0			1.0
3698.9			1.0
3699.8			1.0
3700.7			1.0
3701.6			1.0
3702.5			1.0
3703.4			1.0
3704.3			1.0
3705.2			1.0
3706.1			1.0
3707.0			1.0
3707.9			1.0
3708.8			1.0
3709.7			1.0
3710.6			1.0
3711.5			1.0
3712.4			1.0
3713.3			1.0
3714.2			1.0
3715.1			1.0
3716.0			1.0
3716.9			1.0
3717.8			1.0
3718.7			1.0
3719.6			1.0
3720.5			1.0
3721.4			1.0
3722.3			1.0
3723.2			1.0
3724.1			1.0
3725.0			1.0
3725.9			1.0
3726.8			1.0
3727.7			1.0
3728.6			1.0
3729.5			1.0
3730.4			1.0
3731.3			1.0
3732.2			1.0
3733.1			1.0
3734.0			1.0
3734.9			1.0
3735.8			1.0
3736.7			1.0
3737.6			1.0
3738.5			1.0
3739.4			1.0
3740.3			1.0
3741.2			1.0
3742.1			1.0
3743.0			1.0
3743.9			1.0
3744.8			1.0
3745.7			1.0
3746.6			1.0
3747.5			1.0
3748.4			1.0
3749.3			1.0
3750.2			1.0
3751.1			1.0
3752.0			1.0
3752.9			1.0
3753.8			1.0
3754.7			1.0
3755.6			1.0
3756.5			1.0
3757.4			1.0
3758.3			1.0
3759.2			1.0
3760.1			1.0
3761.0			1.0
3761.9			1.0
3762.8			1.0
3763.7			1.0
3764.6			1.0
3765.5			1.0
3766.4			1.0
3767.3			1.0
3768.2			1.0
3769.1			1.0
3770.0			1.0
3770.9			1.0
3771.8			1.0
3772.7			1.0
3773.6			1.0
3774.5			1.0
3775.4			1.0
3776.3			1.0
3777.2			1.0
3778.1			1.0
3779.0			1.0
3779.9			1.0
3780.8			1.0
3781.7			1.0
3782.6			1.0
3783.5			1.0
3784.4			1.0
3785.3			1.0
3786.2			1.0
3787.1			1.0
3788.0			1.0
3788.9			1.0
3789.8			1.0
3790.7			1.0
3791.6			1.0
3792.5			1.0
3793.4			1.0
3794.3			1.0
3795.2			1.0
3796.1			1.0
3797.0			1.0
3797.9			1.0
3798.8			1.0
3799.7			1.0
3800.6			1.0
3801.5			1.0
3802.4			1.0
3803.3			1.0
3804.2			1.0
3805.1			1.0
3806.0			1.0
3806.9			1.0
3807.8			1.0
3808.7			1.0
3809.6			1.0
3810.5			1.0
3811.4			1.0
3812.3			1.0
3813.2			1.0
3814.1			1.0
3815.0			1.0
3815.9			1.0
3816.8			1.0
3817.7			1.0
3818.6			1.0
3819.5			1.0
3820.4			1.0
3821.3			1.0
3822.2			1.0
3823.1			1.0
3824.0			1.0
3824.9			1.0
3825.8			1.0
3826.7			1.0
3827.6			1.0
3828.5			1.0
3829.4			1.0
3830.3			1.0
3831.2			1.0
3832.1			1.0
3833.0			1.0
3833.9			1.0
3834.8			1.0
3835.7			1.0
3836.6			1.0
3837.5			1.0
3838.4			1.0
3839.3			1.0
3840.2			1.0
3841.1			1.0
3842.0			1.0
3842.9			1.0
3843.8			1.0
3844.7			1.0
3845.6			1.0
3846.5			1.0
3847.4			1.0
3848.3			1.0
3849.2			1.0
3850.1			1.0
3851.0			1.0
3851.9			1.0
3852.8			1.0
3853.7			1.0
3854.6			1.0
3855.5			1.0
3856.4			1.0
3857.3			1.0
3858.2			1.0
3859.1			1.0
3860.0			1.0
3860.9			1.0
3861.8			1.0
3862.7			1.0
3863.6			1.0
3864.5			1.0
3865.4			1.0
3866.3			1.0
3867.2			1.0
3868.1			1.0
3869.0			1.0
3869.9			1.0
3870.8			1.0
3871.7			1.0
3872.6			1.0
3873.5			1.0
3874.4			1.0
3875.3			1.0
3876.2			1.0
3877.1			1.0
3878.0			1.0
3878.9			1.0
3879.8			1.0
3880.7			1.0
3881.6			1.0
3882.5			1.0
3883.4			1.0
3884.3			1.0
3885.2			1.0
3886.1			1.0
3887.0			1.0
3887.9			1.0
3888.8			1.0
3889.7			1.0
3890.6			1.0
3891.5			1.0
3892.4			1.0
3893.3			1.0
3894.2			1.0
3895.1			1.0
3896.0			1.0
3896.9			1.0
3897.8			1.0
3898.7			1.0
3899.6			1.0
3900.5			1.0
3901.4			1.0
3902.3			1.0
3903.2			1.0
3904.1			1.0
3905.0			1.0
3905.9			1.0
3906.8			1.0
3907.7			1.0
3908.6			1.0
3909.5			1.0
3910.4			1.0
3911.3			1.0
3912.2			1.0
3913.1			1.0
3914.0			1.0
3914.9			1.0
3915.8			1.0
3916.7			1.0
3917.6			1.0
3918.5			1.0
3919.4			1.0
3920.3			1.0
3921.2			1.0
3922.1			1.0
3923.0			1.0
3923.9			1.0
3924.8			1.0
3925.7			1.0
3926.6			1.0
3927.5			1.0
3928.4			1.0
3929.3			1.0
3930.2			1.0
3931.1			1.0
3932.0			1.0
3932.9			1.0
3933.8			1.0
3934.7			1.0
3935.6			1.0
3936.5			1.0
3937.4			1.0
3938.3			1.0
3939.2			1.0
3940.1			1.0
3941.0			1.0
3941.9			1.0
3942.8			1.0
3943.7			1.0
3944.6			1.0
3945.5			1.0
3946.4			1.0
3947.3			1.0
3948.2			1.0
3949.1			1.0
3950.0			1.0
3950.9			1.0
3951.8			1.0
3952.7			1.0
3953.6			1.0
3954.5			1.0
3955.4			1.0
3956.3			1.0
3957.2			1.0
3958.1			1.0
3959.0			1.0
3959.9			1.0
3960.8			1.0
3961.7			1.0
3962.6			1.0
3963.5			1.0
3964.4			1.0
3965.3			1.0
3966.2			1.0
3967.1			1.0
3968.0			1.0
3968.9			1.0
3969.8			1.0
3970.7			1.0
3971.6			1.0
3972.5			1.0
3973.4			1.0
3974.3			1.0
3975.2			1.0
3976.1			1.0
3977.0			1.0
3977.9			1.0
3978.8			1.0
3979.7			1.0
3980.6			1.0
3981.5			1.0
3982.4			1.0
3983.3			1.0
3984.2			1.0
3985.1			1.0
3986.0			1.0
3986.9			1.0
3987.8			1.0
3988.7			1.0
3989.6			1.0
3990.5			1.0
3991.4			1.0
3992.3			1.0
3993.2			1.0
3994.1			1.0
3995.0			1.0
3995.9			1.0
3996.8			1.0
3997.7			1.0
3998.6			1.0
3999.5			1.0
4000.4			1.0
4001.3			1.0
4002.2			1.0
4003.1			1.0102874047945847
4004.0			0.9493881825256256
4004.9			0.8291680755023192
4005.8			0.7875960454665893
4006.7			0.8601246013980707
4007.6			0.9528944708215467
4008.5			0.9987480695898601
4009.4			1.0
4010.3			1.0
4011.2			1.0
4012.1			1.0
4013.0			1.0
4013.9			1.0
4014.8			1.0
4015.7			1.0
4016.6			1.0
4017.5			1.0
4018.4			1.0
4019.3			1.0
4020.2			1.0
4021.1			1.0
4022.0			1.0
4022.9			1.0
4023.8			1.0
4024.7			1.0
4025.6			1.0
4026.5			1.1104779272787713
4027.4			1.1327685835169101
4028.3			1.0839457726573507
4029.2			0.9686420438834655
4030.1			0.8277706038732873
4031.0			0.7525170280383874
4031.9			0.7608579019343352
4032.8			0.8037595263145227
4033.7			0.8668431102898573
4034.6			0.934685619270485
4035.5			0.9995144361747867
4036.4			1.0
4037.3			1.0
4038.2			1.0
4039.1			1.0
4040.0			1.0
4040.9			1.0
4041.8			1.0
4042.7			1.0
4043.6			0.9439151110689725
4044.5			0.8145570533274705
4045.4			0.746211792453184
4046.3			0.8461590114835355
4047.2			1.0
4048.1			1.030656627859697
4049.0			0.9612354615831731
4049.9			0.9288985997599928
4050.8			0.9336792983588813
4051.7			0.9097434614503976
4052.6			0.8571039731890084
4053.5			0.8062516675597059
4054.4			0.7932471882403878
4055.3			0.8152268808016677
4056.2			0.8515487917271742
4057.1			0.8674424333543994
4058.0			0.8706619204909581
4058.9			0.9067931642037923
4059.8			0.9736607406066314
4060.7			1.0
4061.6			0.949301791303877
4062.5			0.8459789920024451
4063.4			0.8032074129676701
4064.3			0.8806857169665204
4065.2			0.9837569596601162
4066.1			1.0
4067.0			1.0
4067.9			1.0
4068.8			1.0
4069.7			1.0
4070.6			1.0
4071.5			1.0
4072.4			1.0
4073.3			1.0
4074.2			0.9900644838161458
4075.1			0.8913122808309302
4076.0			0.7318013703968951
4076.9			0.5996214401724707
4077.8			0.5945555019582575
4078.7			0.713047364482596
4079.6			0.8525854307466962
4080.5			0.9564586061033341
4081.4			0.999008883309172
4082.3			1.0
4083.2			1.0
4084.1			1.0
4085.0			1.0
4085.9			1.0
4086.8			1.0
4087.7			1.0
4088.6			1.0
4089.5			1.0
4090.4			1.0
4091.3			1.0
4092.2			1.0
4093.1			1.0
4094.0			1.0
4094.9			1.0
4095.8			1.0
4096.7			1.0
4097.6			0.9834619597978593
4098.5			0.959275609146541
4099.4			0.8901778878327123
4100.3			0.7554909434157682
4101.2			0.6184729503358134
4102.1			0.6083110751869786
4103.0			0.7256011025950961
4103.9			0.8614163003419796
4104.8			0.9566610281943927
4105.7			1.0040095727982434
4106.6			1.0070704618461772
4107.5			1.0
4108.4			1.0
4109.3			1.0
4110.2			1.0
4111.1			1.0
4112.0			1.0683840786849426
4112.9			1.1129665419492252
4113.8			1.1448271084005974
4114.7			1.1826074197218464
4115.6			1.2345400669156041
4116.5			1.2497501025418858
4117.4			1.1548351759316104
4118.3			1.0153824653128773
4119.2			0.9642194232972048
4120.1			1.0093178531352434
4121.0			1.0424027050649614
4121.9			1.0134708270859154
4122.8			0.9832032514520339
4123.7			1.0087957554688785
4124.6			1.0565414545260154
4125.5			1.0660058968390933
4126.4			1.0257114444724449
4127.3			0.9489542977134379
4128.2			0.8906938014609665
4129.1			0.9058861289489323
4130.0			0.958326644478323
4130.9			0.9746537854555415
4131.8			0.9332543550934856
4132.7			0.8990508201719133
4133.6			0.9332017856247077
4134.5			1.0167008746254163
4135.4			1.1181625508888686
4136.3			1.152439908195031
4137.2			1.1326479742048496
4138.1			1.1630851894273815
4139.0			1.2395473123461254
4139.9			1.0
4140.8			0.9771024453815437
4141.7			0.8955373248881154
4142.6			0.7882441450840802
4143.5			0.7610818759585899
4144.4			0.8543122477815864
4145.3			0.9608034590623125
4146.2			1.011312134280217
4147.1			1.0
4148.0			1.0
4148.9			1.0
4149.8			1.0
4150.7			1.0066009327006842
4151.6			1.0353677200039377
4152.5			1.0367995755607702
4153.4			0.9905649858628169
4154.3			0.924852390923053
4155.2			0.897372259759398
4156.1			0.8916927299642917
4157.0			0.9136060513780228
4157.9			0.9707508404601362
4158.8			1.0099186850397854
4159.7			0.9948427621618361
4160.6			1.0
4161.5			1.0
4162.4			1.0
4163.3			1.0
4164.2			1.0232289742960563
4165.1			1.0333004481516306
4166.0			1.0257755247033495
4166.9			1.0034528646775036
4167.8			1.01014547422173
4168.7			1.0470288949589235
4169.6			1.0495856468781273
4170.5			0.9721699057229337
4171.4			0.8410755151033242
4172.3			0.7375997020523558
4173.2			0.7152480859551598
4174.1			0.7772932059033673
4175.0			0.8751815749705522
4175.9			0.9309939183856613
4176.8			0.8966379677372569
4177.7			0.822550712071704
4178.6			0.825382400083191
4179.5			0.9453367419478579
4180.4			1.0566524921975438
4181.3			1.0533500983393072
4182.2			1.0062213866449103
4183.1			1.0
4184.0			1.0
4184.9			1.0
4185.8			1.0
4186.7			1.0
4187.6			0.964552173341608
4188.5			1.035796365992388
4189.4			1.0997300454903425
4190.3			1.0743528337875632
4191.2			1.0453705508189297
4192.1			1.1032180779549214
4193.0			1.1933867412593295
4193.9			1.1975595076963408
4194.8			1.093467298660043
4195.7			0.9859094462025242
4196.6			0.9517534007617705
4197.5			0.9138093995602806
4198.4			0.8615746265832808
4199.3			0.9056989901145963
4200.2			0.9900591829131439
4201.1			0.982436797812656
4202.0			0.9259023296382419
4202.9			0.9110807347194185
4203.8			0.8983014786616382
4204.7			0.870975498849486
4205.6			0.895822894512907
4206.5			0.9708379006174694
4207.4			1.0383491988958802
4208.3			1.0373693852936579
4209.2			0.9999030943595949
4210.1			1.0
4211.0			1.0
4211.9			1.0
4212.8			1.0
4213.7			0.9854146440158731
4214.6			0.8910676044210987
4215.5			0.7952342202860072
4216.4			0.8391213799443412
4217.3			0.9871355300916841
4218.2			1.0
4219.1			1.0
4220.0			1.0
4220.9			1.0
4221.8			1.0
4222.7			0.9261678459906396
4223.6			0.8608796559976141
4224.5			0.781934458851223
4225.4			0.6887564685735734
4226.3			0.6344752254372334
4227.2			0.6842027110315398
4228.1			0.8348112889432215
4229.0			0.9614973834075274
4229.9			1.002254338314536
4230.8			1.0
4231.7			1.0
4232.6			1.0
4233.5			1.0
4234.4			1.0
4235.3			1.0
4236.2			1.0
4237.1			1.0
4238.0			1.0
4238.9			1.0
4239.8			1.0
4240.7			1.0
4241.6			1.0396235932049087
4242.5			1.0208565569399943
4243.4			1.0229473072289312
4244.3			1.0438753950864141
4245.2			0.9966958753526567
4246.1			0.8920771467015299
4247.0			0.8385282246645025
4247.9			0.88102208114696
4248.8			0.938094098034242
4249.7			0.9349806870205963
4250.6			0.9235750598417977
4251.5			0.962801500839501
4252.4			1.0009250827912362
4253.3			1.0
4254.2			1.0
4255.1			1.0
4256.0			1.0
4256.9			1.0
4257.8			0.9470479736949762
4258.7			0.8797739370901971
4259.6			0.8366608702532118
4260.5			0.8243801318154531
4261.4			0.8720773572577016
4262.3			0.9526911676215303
4263.2			1.003042687446728
4264.1			1.0
4265.0			1.0
4265.9			1.0113389503726393
4266.8			0.9758951881942285
4267.7			0.9208299059375199
4268.6			0.8937254056992866
4269.5			0.8749842353047286
4270.4			0.8240026530332945
4271.3			0.770134580807652
4272.2			0.7785850698978793
4273.1			0.8221889583847047
4274.0			0.8405457197274778
4274.9			0.8628293337747365
4275.8			0.9338333033148747
4276.7			1.0018103783515024
4277.6			1.0
4278.5			1.0
4279.4			1.0
4280.3			1.0
4281.2			1.0
4282.1			1.0
4283.0			1.0
4283.9			1.0
4284.8			1.0
4285.7			1.0
4286.6			0.9852720771945017
4287.5			0.9460411370666635
4288.4			0.8568825738006186
4289.3			0.7532754475485837
4290.2			0.7481080253681172
4291.1			0.873571786775956
4292.0			1.028704501744881
4292.9			1.0901877862742293
4293.8			1.0404919452594417
4294.7			0.9830097359973672
4295.6			0.964753808001517
4296.5			0.9563919001448757
4297.4			0.9386686131503509
4298.3			0.8673748033735188
4299.2			0.7492864306572964
4300.1			0.7006300286335307
4301.0			0.7278985223095321
4301.9			0.7345870962293355
4302.8			0.75704598551731
4303.7			0.8463380274445186
4304.6			0.9073902376166542
4305.5			0.9188979933552697
4306.4			0.9423187959006905
4307.3			0.9285112169530846
4308.2			0.8678470137418077
4309.1			0.8648825951558243
4310.0			0.96323855718567
4310.9			1.0791259163746683
4311.8			1.1131071898788296
4312.7			1.0680131675990152
4313.6			0.9964574781338786
4314.5			1.0
4315.4			1.0
4316.3			1.0
4317.2			1.0
4318.1			1.0
4319.0			1.0
4319.9			1.0
4320.8			1.0
4321.7			1.0
4322.6			1.0242940988778686
4323.5			0.9690080637779775
4324.4			0.8492018969638984
4325.3			0.7546616515500415
4326.2			0.7790309684478389
4327.1			0.8942349614824711
4328.0			0.9982794442420183
4328.9			1.0
4329.8			1.0
4330.7			1.0
4331.6			1.0
4332.5			1.0
4333.4			1.0
4334.3			1.0123985874695087
4335.2			1.0215175942484578
4336.1			0.9377396032177924
4337.0			0.769257500234139
4337.9			0.633822272333512
4338.8			0.5666140667024864
4339.7			0.4970702800226183
4340.6			0.47529685160570284
4341.5			0.5859763825721904
4342.4			0.7334365730673982
4343.3			0.7916254736093365
4344.2			0.8095991674572351
4345.1			0.8810471998112924
4346.0			0.9635143613623917
4346.9			0.9999478766883922
4347.8			1.0
4348.7			1.0321163961891617
4349.6			1.0069171939613744
4350.5			0.8953648673568578
4351.4			0.7848306060126639
4352.3			0.8058120270467388
4353.2			0.923062112726265
4354.1			1.0033895221054387
4355.0			1.0
4355.9			1.0
4356.8			1.0
4357.7			1.0
4358.6			1.0
4359.5			1.0
4360.4			1.0
4361.3			1.0
4362.2			1.0
4363.1			1.0
4364.0			1.0
4364.9			1.0
4365.8			1.0
4366.7			1.0
4367.6			1.0
4368.5			1.0
4369.4			1.0
4370.3			1.0
4371.2			1.0
4372.1			1.0207005858105498
4373.0			0.9614728213956714
4373.9			0.8201564475092677
4374.8			0.7313018820652039
4375.7			0.7868532650554106
4376.6			0.9129339087454879
4377.5			0.9949503373677535
4378.4			1.0
4379.3			1.0
4380.2			1.001814361640001
4381.1			1.0285277642880801
4382.0			0.986807872661285
4382.9			0.8502617283008698
4383.8			0.7153415164839648
4384.7			0.6885601820885002
4385.6			0.7866177361282061
4386.5			0.905592672018479
4387.4			0.9646279026973678
4388.3			0.9932580962124771
4389.2			1.0082211396622898
4390.1			1.0
4391.0			1.0
4391.9			1.0
4392.8			1.0
4393.7			1.0
4394.6			1.0
4395.5			1.0
4396.4			1.0
4397.3			1.0430257206523708
4398.2			0.9814991378823845
4399.1			0.8723382547822277
4400.0			0.7714171636319581
4400.9			0.7784800527920065
4401.8			0.8991973074844812
4402.7			0.9894658590220382
4403.6			1.0
4404.5			1.0
4405.4			1.0
4406.3			1.0
4407.2			1.0
4408.1			1.0
4409.0			1.0
4409.9			1.0
4410.8			1.0
4411.7			1.0428040875262485
4412.6			1.0684816601813352
4413.5			1.0229880859081797
4414.4			0.8961146056576199
4415.3			0.8028691476758913
4416.2			0.7938530324695106
4417.1			0.7957192897207854
4418.0			0.821439913185138
4418.9			0.9167260833974172
4419.8			1.0053554712349098
4420.7			0.9962112119693737
4421.6			1.0
4422.5			1.0
4423.4			1.0
4424.3			1.0
4425.2			1.0
4426.1			1.0
4427.0			1.0
4427.9			1.0
4428.8			1.0
4429.7			1.0
4430.6			1.0
4431.5			1.0
4432.4			1.0
4433.3			1.0
4434.2			1.0
4435.1			1.0
4436.0			1.0
4436.9			1.0
4437.8			1.0
4438.7			1.0
4439.6			0.9849088657864237
4440.5			0.9248365362902271
4441.4			0.833059393379102
4442.3			0.7309103639491572
4443.2			0.6833588393972747
4444.1			0.7478473487632143
4445.0			0.8957702888332864
4445.9			1.0
4446.8			0.9995061722395324
4447.7			1.0019738570501164
4448.6			1.0188775976209088
4449.5			0.9818190752433279
4450.4			0.9288435397835
4451.3			0.9474520149205891
4452.2			1.0047708788757614
4453.1			1.000755914965349
4454.0			0.9178201400002383
4454.9			0.8347410413769553
4455.8			0.8328924753807192
4456.7			0.8837169079884724
4457.6			0.9137523785072189
4458.5			0.9121413308656495
4459.4			0.9155847116025447
4460.3			0.9066395675766776
4461.2			0.8617942399763967
4462.1			0.8652523381895759
4463.0			0.9413534600556613
4463.9			0.9888574662640679
4464.8			0.9982874311179869
4465.7			1.0
4466.6			0.984153356339897
4467.5			0.9346752839810794
4468.4			0.8678590628823749
4469.3			0.8381607501159545
4470.2			0.8721544619179065
4471.1			0.9349322240445581
4472.0			0.9969111942800912
4472.9			1.0
4473.8			1.0
4474.7			1.0
4475.6			1.0
4476.5			1.0
4477.4			1.0248883300479692
4478.3			1.0067011952448441
4479.2			0.9354505880334723
4480.1			0.8476616927259911
4481.0			0.7814262207044621
4481.9			0.7888695060833866
4482.8			0.8723080114689906
4483.7			0.9554305589887392
4484.6			1.0020958342518542
4485.5			1.0
4486.4			1.014996608453296
4487.3			0.9816588874655052
4488.2			0.9012452630143354
4489.1			0.8386908835874402
4490.0			0.8482449470099677
4490.9			0.9154285069881369
4491.8			0.9985984646913185
4492.7			1.0384602813626616
4493.6			1.010535971462393
4494.5			1.0
4495.4			1.0
4496.3			1.0
4497.2			1.0
4498.1			1.0
4499.0			1.0179315649210394
4499.9			0.9792842703497251
4500.8			0.9118808102845317
4501.7			0.9104217310026521
4502.6			0.9991879136825559
4503.5			1.0
4504.4			1.0
4505.3			1.0
4506.2			1.0
4507.1			1.0
4508.0			1.0
4508.9			1.0
4509.8			1.0
4510.7			1.0
4511.6			1.0
4512.5			1.0
4513.4			1.0
4514.3			1.0
4515.2			1.0
4516.1			1.0
4517.0			1.0
4517.9			1.0
4518.8			1.0
4519.7			1.0
4520.6			1.0210098655963606
4521.5			1.0042304972104932
4522.4			0.9442359352346144
4523.3			0.923843798422991
4524.2			0.9383235549842849
4525.1			0.9337477461556918
4526.0			0.9224129173116066
4526.9			0.9164085430345739
4527.8			0.8977992960682029
4528.7			0.8736223984674032
4529.6			0.8807154649429646
4530.5			0.9093184312344438
4531.4			0.9461119267799158
4532.3			0.9526141521017517
4533.2			0.8801356372221776
4534.1			0.814889198185597
4535.0			0.8399699540291516
4535.9			0.9382089198989728
4536.8			1.0596233685362169
4537.7			1.1224638755089695
4538.6			1.0989530011464215
4539.5			1.0390565934257632
4540.4			0.9850378525050905
4541.3			0.9718949148378957
4542.2			1.0129314526658262
4543.1			1.0410925424845199
4544.0			0.9988989792712057
4544.9			0.9567379447160971
4545.8			1.0
4546.7			1.0343761821347148
4547.6			1.0195045850894904
4548.5			0.9323794461841338
4549.4			0.85035084595559
4550.3			0.8876898186733856
4551.2			0.9755832086787277
4552.1			1.0010685243991457
4553.0			1.0
4553.9			1.0
4554.8			1.0
4555.7			1.0
4556.6			1.0
4557.5			1.0
4558.4			1.0
4559.3			1.0
4560.2			1.0
4561.1			1.0
4562.0			0.9922620787386096
4562.9			0.9266976523667421
4563.8			0.8545742600781502
4564.7			0.843722786440566
4565.6			0.8848883674428257
4566.5			0.9498466673972438
4567.4			0.9995578963078597
4568.3			1.0
4569.2			1.0
4570.1			1.0
4571.0			1.0
4571.9			1.0
4572.8			1.0
4573.7			1.0
4574.6			1.0
4575.5			1.0
4576.4			1.0
4577.3			1.0
4578.2			0.9970898752432071
4579.1			0.9468585241995598
4580.0			0.8996425275558178
4580.9			0.8850206379901762
4581.8			0.8684943944123038
4582.7			0.8199036284409738
4583.6			0.7995664363271919
4584.5			0.8646350912986511
4585.4			0.9529785471475009
4586.3			0.9997513358186387
4587.2			1.0080785809391446
4588.1			0.9994992800013484
4589.0			1.0
4589.9			0.994751274396125
4590.8			0.9715905670903255
4591.7			0.9309776366727904
4592.6			0.9233326141464858
4593.5			0.9692001891164028
4594.4			1.0035922664177173
4595.3			1.0007851785711936
4596.2			1.0
4597.1			1.0
4598.0			1.0
4598.9			1.0
4599.8			1.0
4600.7			1.0
4601.6			1.0
4602.5			1.0
4603.4			1.0
4604.3			1.0
4605.2			1.0
4606.1			1.0
4607.0			1.0
4607.9			1.0
4608.8			1.0
4609.7			1.0
4610.6			1.0
4611.5			1.0
4612.4			1.0
4613.3			1.0
4614.2			1.0080386042736682
4615.1			0.999529740639814
4616.0			0.9656032891591126
4616.9			0.9539529974154128
4617.8			0.9525496437235951
4618.7			0.9246260908968147
4619.6			0.9125072985079488
4620.5			0.9572126372756001
4621.4			1.015384894609873
4622.3			1.0458727505735388
4623.2			1.0510733047643668
4624.1			1.0329437452256085
4625.0			0.9991775992174277
4625.9			1.0
4626.8			1.0
4627.7			0.9790408079467956
4628.6			0.9177650475939277
4629.5			0.8937457644970084
4630.4			0.9451309597038552
4631.3			1.0025697561491365
4632.2			1.0
4633.1			1.0
4634.0			1.0
4634.9			1.0
4635.8			1.0
4636.7			1.0
4637.6			1.0
4638.5			1.0
4639.4			1.0
4640.3			1.0
4641.2			1.0
4642.1			1.0
4643.0			1.0
4643.9			0.9884213904213419
4644.8			0.9701739092088824
4645.7			0.9209807153188537
4646.6			0.8728763242922017
4647.5			0.861212574998191
4648.4			0.8899782026484051
4649.3			0.9474843930153009
4650.2			0.991965893700554
4651.1			0.9991921472036145
4652.0			1.0
4652.9			1.0
4653.8			0.9645527200437413
4654.7			0.909246362606677
4655.6			0.8622374224955276
4656.5			0.8375906987150281
4657.4			0.8708415972497112
4658.3			0.9486099988489831
4659.2			0.9992389182130164
4660.1			1.0
4661.0			1.0
4661.9			0.9484512047733252
4662.8			0.9068215066532158
4663.7			0.908642770542179
4664.6			0.9324634530056178
4665.5			0.9046087369692183
4666.4			0.8200527617202675
4667.3			0.7636329440156732
4668.2			0.7783240210497174
4669.1			0.8185116803833887
4670.0			0.8605783047664315
4670.9			0.9252563379491681
4671.8			0.982063059938964
4672.7			0.9990953978285956
4673.6			1.0
4674.5			1.0
4675.4			1.0
4676.3			1.0
4677.2			0.9813939043868843
4678.1			0.9305449309450511
4679.0			0.8974881940441142
4679.9			0.8958060322422523
4680.8			0.8974097836045914
4681.7			0.8962305250812799
4682.6			0.9225333667245349
4683.5			0.9673443978695746
4684.4			0.9875458517877678
4685.3			0.9898524111444145
4686.2			0.9972476316509599
4687.1			1.0
4688.0			1.0
4688.9			1.0
4689.8			1.0
4690.7			1.0
4691.6			1.0
4692.5			1.0
4693.4			1.0
4694.3			1.0
4695.2			1.0
4696.1			1.0
4697.0			1.0
4697.9			1.0
4698.8			1.0
4699.7			1.0
4700.6			1.0
4701.5			1.0
4702.4			1.0
4703.3			1.0
4704.2			1.0
4705.1			1.0331588679116632
4706.0			1.0187462339376478
4706.9			0.9525799518565233
4707.8			0.8894898869103087
4708.7			0.869632996991159
4709.6			0.9051705210401643
4710.5			0.9677968673812536
4711.4			1.0090373566648922
4712.3			1.0018965645776663
4713.2			1.0
4714.1			1.0
4715.0			1.0
4715.9			1.0
4716.8			1.0
4717.7			1.0
4718.6			1.0
4719.5			1.0
4720.4			1.0
4721.3			1.0
4722.2			1.0
4723.1			1.0
4724.0			1.0
4724.9			1.0
4725.8			0.9988118792023389
4726.7			0.9584514107472228
4727.6			0.9108887319367439
4728.5			0.9006689368231839
4729.4			0.9090244506939237
4730.3			0.9097783126791857
4731.2			0.9121437332988177
4732.1			0.9463835852951795
4733.0			0.9924759416092902
4733.9			1.0230376615983816
4734.8			1.0425577560459411
4735.7			1.0268258444999723
4736.6			0.9946003198413852
4737.5			1.0
4738.4			1.0
4739.3			1.0
4740.2			1.0
4741.1			1.0
4742.0			1.0
4742.9			1.0
4743.8			1.0
4744.7			1.0
4745.6			1.0
4746.5			1.0
4747.4			1.0
4748.3			1.0
4749.2			1.0
4750.1			1.0
4751.0			1.0
4751.9			1.0
4752.8			1.0
4753.7			1.0
4754.6			1.0
4755.5			1.0
4756.4			1.0
4757.3			1.0
4758.2			1.032941351084992
4759.1			1.0495148374624268
4760.0			1.047161142215138
4760.9			1.0040258852839832
4761.8			0.9142212591152187
4762.7			0.8479014468463091
4763.6			0.8334926050804069
4764.5			0.8433814008261907
4765.4			0.8651437604562018
4766.3			0.8954312496146707
4767.2			0.937297030612815
4768.1			0.9741976583258951
4769.0			1.0008810744320544
4769.9			1.0
4770.8			1.0
4771.7			1.0
4772.6			1.0
4773.5			1.0
4774.4			1.0
4775.3			1.0
4776.2			1.0
4777.1			1.0
4778.0			1.0
4778.9			1.0
4779.8			1.0
4780.7			1.017909118294124
4781.6			1.040130815871074
4782.5			1.0158674992574468
4783.4			0.9877361287360613
4784.3			0.9927455073117059
4785.2			0.9835006352359242
4786.1			0.9419266717151215
4787.0			0.9233307625423847
4787.9			0.937287575814502
4788.8			0.9348646022085401
4789.7			0.9321406089189864
4790.6			0.950929299403573
4791.5			0.9600755801532306
4792.4			0.9697276463671516
4793.3			1.002089422928856
4794.2			1.0
4795.1			1.0
4796.0			0.9894078663776904
4796.9			0.9608783171978984
4797.8			0.9196458396495834
4798.7			0.8876249153476466
4799.6			0.8873276251199258
4800.5			0.9118299748544652
4801.4			0.9453486077377309
4802.3			0.9696684286474208
4803.2			0.9599740108786805
4804.1			0.921150141837494
4805.0			0.8930735769920971
4805.9			0.9010532749956375
4806.8			0.9251375583248896
4807.7			0.9382234891478215
4808.6			0.942891857592957
4809.5			0.9493578837370742
4810.4			0.9439187243126987
4811.3			0.9350420662604388
4812.2			0.9407302732439551
4813.1			0.9646928056012284
4814.0			0.9976150458951965
4814.9			1.0
4815.8			1.0
4816.7			1.0
4817.6			1.0
4818.5			1.0
4819.4			1.0
4820.3			1.0
4821.2			1.0
4822.1			0.9582603366881832
4823.0			0.8773944349680282
4823.9			0.8417664753474234
4824.8			0.897742205372093
4825.7			0.9867542119215558
4826.6			1.0
4827.5			1.0
4828.4			1.0
4829.3			1.0
4830.2			1.0
4831.1			1.0
4832.0			1.0
4832.9			1.0
4833.8			1.0
4834.7			1.0
4835.6			1.0
4836.5			1.0
4837.4			1.0
4838.3			1.0
4839.2			1.0
4840.1			1.0
4841.0			1.0
4841.9			1.0
4842.8			1.0
4843.7			1.0
4844.6			1.0
4845.5			1.0
4846.4			0.9956395280087157
4847.3			0.9504725690764987
4848.2			0.9036428269052853
4849.1			0.9184377714547257
4850.0			0.989186952623341
4850.9			1.0
4851.8			1.0
4852.7			1.0
4853.6			1.0
4854.5			1.0
4855.4			0.9074971672063602
4856.3			0.9307132315587183
4857.2			1.000319711523777
4858.1			1.0040348013343194
4859.0			0.8962500777933939
4859.9			0.7103355178628981
4860.8			0.5580819579051769
4861.7			0.5669807511824764
4862.6			0.7139329663270851
4863.5			0.8467727233768753
4864.4			0.9056936273953722
4865.3			0.9447248976750742
4866.2			0.998570720324305
4867.1			1.0
4868.0			1.0
4868.9			1.0197739095681742
4869.8			0.9950042179163223
4870.7			0.9216192199527788
4871.6			0.8726937512693715
4872.5			0.9008237607120723
4873.4			0.959653735342076
4874.3			1.0005178240418866
4875.2			1.0
4876.1			1.0
4877.0			1.0
4877.9			1.0
4878.8			1.0
4879.7			1.0
4880.6			1.0
4881.5			0.9529006210147193
4882.4			0.9094035815562789
4883.3			0.8761760084701554
4884.2			0.8542679620066368
4885.1			0.856106820555279
4886.0			0.8773073467630561
4886.9			0.9031556202356367
4887.8			0.9221431107903904
4888.7			0.9230996490155325
4889.6			0.8983678978122246
4890.5			0.8550687179506501
4891.4			0.8551920861180287
4892.3			0.9213360576045723
4893.2			0.9884428855326048
4894.1			1.0
4895.0			1.027969466895195
4895.9			1.0418706412332102
4896.8			1.0405516927437977
4897.7			1.0267628864820293
4898.6			0.9827287397287982
4899.5			0.9166815590168993
4900.4			0.9009095466757513
4901.3			0.939632113906952
4902.2			0.9538104603400515
4903.1			0.9272582410566587
4904.0			0.9209028364490658
4904.9			0.9594149711774611
4905.8			1.0000485774562244
4906.7			1.0
4907.6			0.9870963503901151
4908.5			0.9529606246062688
4909.4			0.8938827553316027
4910.3			0.8410540576486454
4911.2			0.8523590350389673
4912.1			1.0
4913.0			1.0552675188312257
4913.9			1.0764081241547598
4914.8			1.0957412566989841
4915.7			1.1056073539092932
4916.6			1.071521901138851
4917.5			0.9948723745091552
4918.4			0.9064287483189708
4919.3			0.8475787270908967
4920.2			0.8218985718295652
4921.1			0.8341485419540183
4922.0			0.8681130547408938
4922.9			0.8575605626504282
4923.8			0.8137722365079748
4924.7			0.8355559800100164
4925.6			0.9242136179345108
4926.5			0.9896318793939828
4927.4			0.9998801081497527
4928.3			1.0
4929.2			1.0
4930.1			1.0
4931.0			1.0
4931.9			1.0
4932.8			1.0
4933.7			1.0
4934.6			1.0
4935.5			1.0
4936.4			1.004020034633067
4937.3			0.9469185550821906
4938.2			0.8681135170622922
4939.1			0.8366359881381805
4940.0			0.8940359402560377
4940.9			0.9784538794532379
4941.8			1.007746332812223
4942.7			1.0
4943.6			1.0
4944.5			1.0
4945.4			1.0
4946.3			1.0
4947.2			1.0
4948.1			1.0
4949.0			1.0
4949.9			1.0
4950.8			1.0
4951.7			1.0
4952.6			1.0
4953.5			1.0
4954.4			1.0
4955.3			1.0
4956.2			0.9426617244273136
4957.1			0.8513791146820253
4958.0			0.8461815288666742
4958.9			0.9313510037611872
4959.8			1.0019143011575384
4960.7			1.0
4961.6			1.0
4962.5			1.0
4963.4			1.0
4964.3			1.0
4965.2			1.0
4966.1			1.0
4967.0			1.0
4967.9			1.0
4968.8			1.0
4969.7			1.0
4970.6			1.0
4971.5			1.0
4972.4			1.0
4973.3			1.0
4974.2			1.0
4975.1			1.0
4976.0			1.0
4976.9			1.0
4977.8			1.0
4978.7			0.9710185675016727
4979.6			0.9551233204272389
4980.5			0.9173089515225539
4981.4			0.8335123090845439
4982.3			0.7530565082908365
4983.2			0.7338000795563
4984.1			0.7715881290642485
4985.0			0.8287516111226448
4985.9			0.8902183476932537
4986.8			0.9592781831054807
4987.7			1.000380526766429
4988.6			1.0
4989.5			1.0
4990.4			1.0
4991.3			1.0
4992.2			1.0
4993.1			1.0
4994.0			1.0
4994.9			1.0
4995.8			1.0
4996.7			1.0
4997.6			1.0
4998.5			1.0
4999.4			1.0
5000.3			1.0
5001.2			1.0
5002.1			1.0
5003.0			1.0291307758951624
5003.9			1.0229236046369121
5004.8			0.9492583169629469
5005.7			0.8639946415830937
5006.6			0.862686360483284
5007.5			0.9366509667440962
5008.4			1.00170306256704
5009.3			1.0
5010.2			1.0
5011.1			1.0
5012.0			1.0
5012.9			1.0
5013.8			1.0
5014.7			1.0281817796521702
5015.6			1.0800006091783045
5016.5			1.0636730362834028
5017.4			0.9638065339668627
5018.3			0.8927112299020781
5019.2			0.9360828225393988
5020.1			1.0151198663142822
5021.0			1.0357056163826526
5021.9			1.009153325401873
5022.8			1.0
5023.7			1.0
5024.6			1.0
5025.5			1.0
5026.4			1.0
5027.3			1.0
5028.2			1.0
5029.1			1.0
5030.0			1.0
5030.9			1.0
5031.8			1.0
5032.7			1.0
5033.6			1.0
5034.5			1.0
5035.4			1.0
5036.3			1.0
5037.2			1.0145533623729284
5038.1			0.9995355947336418
5039.0			0.9423158052873057
5039.9			0.8693269731634051
5040.8			0.7977646135795491
5041.7			0.7988822843244648
5042.6			0.8918678117408353
5043.5			0.976322199423868
5044.4			1.0058306322296562
5045.3			1.0
5046.2			1.0116703042754684
5047.1			0.9844175982531185
5048.0			0.9243077135319177
5048.9			0.8774650049151259
5049.8			0.8676821947769174
5050.7			0.8650709572732818
5051.6			0.8566027528545451
5052.5			0.8866826015023579
5053.4			0.948590684723236
5054.3			0.9932821082852911
5055.2			1.0049127089587542
5056.1			1.0002869943657573
5057.0			1.0019680636927524
5057.9			1.0
5058.8			1.0
5059.7			1.0
5060.6			1.0
5061.5			1.0
5062.4			1.0
5063.3			1.0
5064.2			1.0
5065.1			1.0
5066.0			1.0
5066.9			1.0
5067.8			1.0
5068.7			1.0
5069.6			1.0
5070.5			1.0
5071.4			1.0
5072.3			1.0
5073.2			1.0
5074.1			1.0
5075.0			0.9920254375250462
5075.9			1.0012910426910566
5076.8			1.023171890213554
5077.7			1.0048505634496898
5078.6			0.9189115028602944
5079.5			0.8296349920451709
5080.4			0.8250971474955214
5081.3			0.889335737554407
5082.2			0.9311459199997307
5083.1			0.9241375957218946
5084.0			0.9334571838744306
5084.9			0.9778267987158813
5085.8			0.9974437510262513
5086.7			1.0
5087.6			1.0
5088.5			1.0
5089.4			1.0
5090.3			1.0
5091.2			1.0
5092.1			1.0
5093.0			1.0
5093.9			1.0
5094.8			1.0
5095.7			0.9761690614763101
5096.6			0.9227111117961401
5097.5			0.8616379054544225
5098.4			0.8150471629786247
5099.3			0.8089610474522442
5100.2			0.8580669446643064
5101.1			0.9335181785099393
5102.0			0.9871332021744565
5102.9			1.001147799879048
5103.8			1.0
5104.7			1.0
5105.6			1.0
5106.5			1.0
5107.4			1.0
5108.3			1.0
5109.2			1.0
5110.1			1.0
5111.0			1.0
5111.9			1.0
5112.8			1.0343235716976302
5113.7			1.0367700798666493
5114.6			1.0174721178966026
5115.5			1.0102541126393472
5116.4			1.033104789951422
5117.3			1.0567262689091113
5118.2			1.0518869901954657
5119.1			1.0301340843537685
5120.0			1.0133197849607685
5120.9			1.0008972929257318
5121.8			0.971106167843221
5122.7			0.9141961985162055
5123.6			0.8751662553269165
5124.5			0.889465447710058
5125.4			0.9228384180620022
5126.3			0.9449259832677388
5127.2			0.9466356090859469
5128.1			0.9315884694260378
5129.0			0.9162515379939475
5129.9			0.922910220139043
5130.8			0.942990570615048
5131.7			0.9423442232738449
5132.6			0.9339606512365364
5133.5			0.9523199247988581
5134.4			0.9999717859820884
5135.3			1.0
5136.2			1.0
5137.1			1.0
5138.0			1.0
5138.9			1.0
5139.8			1.0
5140.7			1.0
5141.6			1.0
5142.5			1.0
5143.4			1.0
5144.3			1.0
5145.2			1.0
5146.1			1.0
5147.0			1.0
5147.9			1.0
5148.8			1.0
5149.7			1.0122584736677254
5150.6			0.9833865983970335
5151.5			0.9500173142330406
5152.4			0.9244607957998893
5153.3			0.8861077027477574
5154.2			0.8631621090257665
5155.1			0.8917967996155522
5156.0			0.9468144614405235
5156.9			0.9883603798800407
5157.8			1.0025834080757843
5158.7			0.996172190618582
5159.6			1.0
5160.5			1.0
5161.4			0.9658127466705521
5162.3			0.952194729574435
5163.2			0.9704248057445237
5164.1			0.9728126340203725
5165.0			0.9284058175752163
5165.9			0.8497017483431881
5166.8			0.7658261727670459
5167.7			0.7043033178278086
5168.6			0.7019300297644916
5169.5			0.7757958961257808
5170.4			0.8526595539571389
5171.3			0.8402295111697803
5172.2			0.7823698852796082
5173.1			0.7990806730484786
5174.0			0.8959102285279498
5174.9			0.9787730685773319
5175.8			1.0015720419171648
5176.7			1.0
5177.6			1.0
5178.5			1.0
5179.4			1.0
5180.3			1.0
5181.2			1.0020879766171524
5182.1			0.9595883868822518
5183.0			0.8652131880968641
5183.9			0.8115099196049711
5184.8			0.862283928144319
5185.7			0.949825574826745
5186.6			0.9971738124928847
5187.5			1.0
5188.4			1.0
5189.3			1.0
5190.2			1.0
5191.1			1.0
5192.0			1.0
5192.9			1.0
5193.8			1.0
5194.7			1.0
5195.6			1.0
5196.5			1.0
5197.4			1.0
5198.3			1.0
5199.2			1.0
5200.1			1.0
5201.0			1.0
5201.9			1.0
5202.8			1.0144698685753204
5203.7			0.9977681278534345
5204.6			0.9356716343328298
5205.5			0.892430452292761
5206.4			0.9294535331414829
5207.3			0.9869705484865496
5208.2			1.0044429137746274
5209.1			1.0
5210.0			1.0
5210.9			1.0
5211.8			1.0
5212.7			1.0
5213.6			1.0114082332310061
5214.5			0.9671337961487434
5215.4			0.8980168855112308
5216.3			0.8623608252154572
5217.2			0.8848503201917141
5218.1			0.943293043950214
5219.0			0.9999298006286671
5219.9			1.0
5220.8			1.0
5221.7			1.0
5222.6			1.0
5223.5			1.0
5224.4			0.9608793795403743
5225.3			0.876575181521198
5226.2			0.7671469323060823
5227.1			0.7338559414157757
5228.0			0.8225952941415057
5228.9			0.9343818374566581
5229.8			0.9965855737986734
5230.7			1.0
5231.6			1.0
5232.5			1.0
5233.4			1.0
5234.3			1.0
5235.2			1.0
5236.1			1.0
5237.0			1.0
5237.9			1.0
5238.8			1.0
5239.7			1.0
5240.6			1.0
5241.5			1.0
5242.4			1.0
5243.3			1.0
5244.2			1.0
5245.1			1.0
5246.0			0.989145509075805
5246.9			0.9572371125278437
5247.8			0.9521326428899414
5248.7			0.9554853822854013
5249.6			0.9382938270351396
5250.5			0.9369015627956437
5251.4			0.9787770598831586
5252.3			1.0254594903949499
5253.2			1.0367691226266684
5254.1			1.0
5255.0			0.9793444799457169
5255.9			1.0047514253296665
5256.8			1.056487793079962
5257.7			1.1010616225938226
5258.6			1.129567963989136
5259.5			1.1311765815596544
5260.4			1.0949997664116478
5261.3			1.0259755601069651
5262.2			0.9569067028310112
5263.1			0.909622293252404
5264.0			0.8717057622827206
5264.9			0.8458906931371434
5265.8			0.865414483798985
5266.7			0.9442676239350548
5267.6			1.0189060942237613
5268.5			0.9948605719027096
5269.4			0.9134955821446965
5270.3			0.9184290337889627
5271.2			1.0203973029999307
5272.1			1.092055336009819
5273.0			1.0
5273.9			0.945209681616523
5274.8			0.8834507085421728
5275.7			0.8615070039493118
5276.6			0.9229324848460932
5277.5			1.0036572126123267
5278.4			1.0
5279.3			1.0
5280.2			1.0
5281.1			1.0
5282.0			1.0
5282.9			1.0
5283.8			1.0
5284.7			1.0
5285.6			1.0
5286.5			1.0
5287.4			1.0
5288.3			1.0
5289.2			1.0
5290.1			1.0
5291.0			1.0
5291.9			1.0
5292.8			1.0
5293.7			1.0
5294.6			1.0
5295.5			0.9953028085995997
5296.4			0.9521322312071777
5297.3			0.8970173109099149
5298.2			0.8885122240476521
5299.1			0.9412052581133115
5300.0			0.9968328175811011
5300.9			1.0024618891035062
5301.8			1.0
5302.7			1.0
5303.6			1.0
5304.5			1.0
5305.4			1.0
5306.3			1.0
5307.2			1.0
5308.1			1.0
5309.0			1.0
5309.9			1.0
5310.8			1.0
5311.7			1.0
5312.6			1.0
5313.5			1.0
5314.4			1.0
5315.3			0.9746741462068322
5316.2			0.913410036336522
5317.1			0.8979312781842941
5318.0			0.9496930307675306
5318.9			0.9990084736402507
5319.8			1.0
5320.7			1.0
5321.6			1.0
5322.5			1.0
5323.4			1.0
5324.3			1.0
5325.2			0.9870306126868449
5326.1			1.000828296446165
5327.0			0.9547212068284321
5327.9			0.8562527915143745
5328.8			0.8279033605074508
5329.7			0.9057317219125256
5330.6			0.9977200767593521
5331.5			1.0251700723672015
5332.4			0.9966317817662752
5333.3			1.0
5334.2			1.0
5335.1			1.0048317925105936
5336.0			0.9858940377049205
5336.9			0.9560384331404781
5337.8			0.9598423178350654
5338.7			0.971163611835815
5339.6			0.9478631093622568
5340.5			0.9283557750823218
5341.4			0.9644428694663147
5342.3			1.0295406576736896
5343.2			1.0
5344.1			0.9938233872525469
5345.0			0.9588403515217482
5345.9			0.9268740126446362
5346.8			0.9276140820227182
5347.7			0.9319867281307516
5348.6			0.9102471063172776
5349.5			0.8882968696555775
5350.4			0.9099741777266429
5351.3			0.9548606688696398
5352.2			0.9729208089802311
5353.1			0.9644064363682923
5354.0			0.9725794601023061
5354.9			0.9985369882324467
5355.8			1.0
5356.7			1.0
5357.6			1.0
5358.5			1.0
5359.4			1.0
5360.3			1.0
5361.2			1.0
5362.1			1.0
5363.0			1.0
5363.9			1.0
5364.8			1.0
5365.7			1.0
5366.6			1.0
5367.5			0.9967859913731907
5368.4			0.9854372750146222
5369.3			0.9432440605359868
5370.2			0.8882808927409711
5371.1			0.866281093962594
5372.0			0.899619768828495
5372.9			0.9554583674333013
5373.8			0.9907585368356927
5374.7			1.0035298598136737
5375.6			1.0
5376.5			1.0
5377.4			0.9932993869997483
5378.3			0.9837835677995466
5379.2			0.9555745444974119
5380.1			0.9149736164404291
5381.0			0.8986650970830542
5381.9			0.9152890058090298
5382.8			0.931328934093226
5383.7			0.9563280175674305
5384.6			0.9973089524047177
5385.5			1.0
5386.4			1.0
5387.3			1.0
5388.2			1.0
5389.1			1.0
5390.0			1.0
5390.9			1.0
5391.8			1.0
5392.7			1.0
5393.6			1.0
5394.5			1.0
5395.4			1.0
5396.3			1.0
5397.2			1.0
5398.1			1.0
5399.0			1.0
5399.9			1.0
5400.8			1.0054749266045528
5401.7			1.0124446602019934
5402.6			0.991561429486043
5403.5			0.9420398788155417
5404.4			0.9047762096377288
5405.3			0.9039452402036581
5406.2			0.9448330063013548
5407.1			1.0085612617617086
5408.0			1.047136202227793
5408.9			1.0288783157080736
5409.8			0.9958782546427137
5410.7			1.0
5411.6			1.0
5412.5			1.0
5413.4			1.0
5414.3			1.0
5415.2			1.0
5416.1			1.0
5417.0			1.0
5417.9			1.0
5418.8			1.0
5419.7			1.0
5420.6			1.0
5421.5			1.0
5422.4			1.0052092126114172
5423.3			0.9694847232529596
5424.2			0.9239972566925917
5425.1			0.9358217316486077
5426.0			1.0009238897558563
5426.9			1.0
5427.8			1.0
5428.7			1.0
5429.6			1.0
5430.5			1.0218167075513618
5431.4			1.051114116740617
5432.3			1.0201488288407932
5433.2			0.9637256457020044
5434.1			0.9217822130529361
5435.0			0.9140291485161325
5435.9			0.9399716762133413
5436.8			0.9717108777528958
5437.7			0.9951786061600351
5438.6			1.0
5439.5			1.0
5440.4			1.0
5441.3			1.0
5442.2			1.0
5443.1			1.0
5444.0			0.9686179525037485
5444.9			0.916700085286765
5445.8			0.8609544989865114
5446.7			0.8397621301292522
5447.6			0.8873881207221469
5448.5			0.9617554081103664
5449.4			1.0001269923899199
5450.3			1.0
5451.2			1.0
5452.1			1.0
5453.0			0.9858689963959216
5453.9			0.9437542229552442
5454.8			0.8808493062142339
5455.7			0.8599057950412597
5456.6			0.9106360948391994
5457.5			0.9735573622541249
5458.4			0.998158370546507
5459.3			1.0
5460.2			1.0
5461.1			1.0
5462.0			1.0
5462.9			1.0
5463.8			1.0
5464.7			1.0
5465.6			1.0
5466.5			1.0
5467.4			1.0
5468.3			1.0
5469.2			1.0
5470.1			1.0
5471.0			1.0
5471.9			1.0
5472.8			1.0
5473.7			1.0
5474.6			1.001776482099604
5475.5			0.9569071944287084
5476.4			0.8827077965695177
5477.3			0.8764174872184195
5478.2			0.9456125857369984
5479.1			1.0056913889278911
5480.0			1.002271432198919
5480.9			1.0
5481.8			1.0
5482.7			1.0
5483.6			1.0
5484.5			1.0
5485.4			1.0
5486.3			1.0
5487.2			1.0
5488.1			1.0
5489.0			1.0
5489.9			1.0
5490.8			1.0
5491.7			1.0
5492.6			1.0
5493.5			1.0
5494.4			1.0
5495.3			1.0
5496.2			1.0
5497.1			1.0
5498.0			1.0
5498.9			1.0
5499.8			1.0139548067700284
5500.7			0.9727244480588154
5501.6			0.9243617748194116
5502.5			0.9251892035686163
5503.4			0.9691193525261339
5504.3			1.0059815763669047
5505.2			0.9988460312722233
5506.1			1.0
5507.0			1.0
5507.9			1.0
5508.8			1.0
5509.7			1.0
5510.6			1.0
5511.5			1.0
5512.4			1.0
5513.3			1.0
5514.2			1.0
5515.1			1.0
5516.0			1.0
5516.9			1.0
5517.8			1.0
5518.7			1.0
5519.6			1.0
5520.5			1.0
5521.4			1.0
5522.3			1.0
5523.2			1.0
5524.1			0.9841711088178201
5525.0			0.9467544081933994
5525.9			0.9043192547102418
5526.8			0.8717529955748653
5527.7			0.8629139224303326
5528.6			0.8891921536312799
5529.5			0.941775248976903
5530.4			0.9844140585180262
5531.3			1.0005694894079136
5532.2			1.0
5533.1			1.0
5534.0			1.0
5534.9			1.0
5535.8			1.0
5536.7			1.0
5537.6			1.0
5538.5			1.0
5539.4			1.0
5540.3			1.0
5541.2			1.0
5542.1			1.0
5543.0			1.0
5543.9			1.0
5544.8			1.0
5545.7			1.0
5546.6			1.0
5547.5			1.0
5548.4			1.0
5549.3			1.0
5550.200000000001			1.0
5551.1			1.0
5552.0			1.0
5552.9			1.0
5553.8			1.0
5554.700000000001			1.0
5555.6			1.0
5556.5			1.0
5557.4			1.0
5558.3			1.0
5559.200000000001			1.0
5560.1			1.0
5561.0			1.0
5561.9			1.0
5562.8			1.0
5563.700000000001			1.0
5564.6			1.0
5565.5			1.0
5566.4			1.0
5567.3			1.0
5568.200000000001			1.0
5569.1			1.0
5570.0			1.0
5570.9			1.0
5571.8			1.0
5572.700000000001			1.0
5573.6			1.0
5574.5			1.0
5575.4			1.0
5576.3			1.0
5577.200000000001			1.0
5578.1			1.0
5579.0			1.0
5579.9			1.0
5580.8			1.0
5581.700000000001			1.0
5582.6			1.0
5583.5			1.0203709719560101
5584.4			1.0210403117430504
5585.3			0.9894924618277979
5586.200000000001			0.9375462685047369
5587.1			0.9004277894990258
5588.0			0.894488858396348
5588.9			0.9102893171376153
5589.8			0.9463408173300724
5590.700000000001			0.9884519706234012
5591.6			1.0080469940910444
5592.5			0.999070585699721
5593.4			1.0
5594.3			1.0
5595.200000000001			1.0
5596.1			1.0
5597.0			1.0
5597.9			1.0
5598.8			1.0
5599.700000000001			1.0
5600.6			1.0
5601.5			1.0
5602.4			1.0
5603.3			1.0
5604.200000000001			1.0
5605.1			1.0
5606.0			1.0
5606.9			1.0
5607.8			1.0
5608.700000000001			1.0
5609.6			1.0
5610.5			1.0
5611.4			1.0
5612.3			1.0088888230904143
5613.200000000001			0.996909253964265
5614.1			0.945268607818564
5615.0			0.894687981758348
5615.9			0.9007501244165439
5616.8			0.9534405483821101
5617.700000000001			0.9961666486773898
5618.6			1.0
5619.5			1.0
5620.4			1.0
5621.3			1.0
5622.200000000001			1.0
5623.1			1.0
5624.0			1.0
5624.9			1.0
5625.8			1.0
5626.700000000001			1.0
5627.6			1.0
5628.5			1.0
5629.4			1.0
5630.3			1.0
5631.200000000001			1.0
5632.1			1.0
5633.0			1.0
5633.9			1.0
5634.8			1.0
5635.700000000001			1.0
5636.6			1.0
5637.5			1.0
5638.4			1.0
5639.3			1.0
5640.200000000001			1.0
5641.1			1.0
5642.0			1.0
5642.9			1.0
5643.8			1.0
5644.700000000001			1.0
5645.6			1.0
5646.5			1.0
5647.4			1.0
5648.3			1.0
5649.200000000001			1.0
5650.1			1.0
5651.0			1.0
5651.9			1.0
5652.8			1.0
5653.700000000001			1.0
5654.6			1.0
5655.5			0.9939534290964684
5656.4			0.9792927733519667
5657.3			0.9147479483205638
5658.200000000001			0.8609808257085642
5659.1			0.8996089714845417
5660.0			0.9766894922428386
5660.9			0.9996049600775168
5661.8			1.0
5662.700000000001			1.0
5663.6			1.0
5664.5			1.0
5665.4			1.0
5666.3			1.0
5667.200000000001			1.0
5668.1			1.0
5669.0			1.0
5669.9			1.0
5670.8			1.0
5671.700000000001			1.0
5672.6			1.0
5673.5			1.0
5674.4			1.0
5675.3			1.0
5676.200000000001			1.003654314133776
5677.1			1.017815491354236
5678.0			1.0176129364754944
5678.9			1.0119710435119664
5679.8			1.0155091971595112
5680.700000000001			1.0087312832760669
5681.6			0.9711859678764895
5682.5			0.9282161442422053
5683.4			0.9129454774827762
5684.3			0.9275830260075733
5685.200000000001			0.9492504713478146
5686.1			0.9543268287605277
5687.0			0.9417775307778142
5687.9			0.9332004244518954
5688.8			0.9509551877014745
5689.700000000001			0.9815978346011599
5690.6			1.0001055929518408
5691.5			1.0
5692.4			1.0
5693.3			1.0
5694.200000000001			1.0
5695.1			1.0
5696.0			1.0
5696.9			1.0
5697.8			1.0
5698.700000000001			1.0
5699.6			1.0
5700.5			1.0
5701.4			1.0
5702.3			1.0
5703.200000000001			1.0182854249634423
5704.1			1.014959813061872
5705.0			0.9913001436897755
5705.9			0.9681258672779239
5706.8			0.9531062402694802
5707.700000000001			0.9357454384607121
5708.6			0.9120184171910423
5709.5			0.9040452616385274
5710.4			0.9170466484353784
5711.3			0.9331952146602203
5712.200000000001			0.9571622100278193
5713.1			0.9883029749020154
5714.0			1.0022170397720642
5714.9			0.9997039861689724
5715.8			1.0008926199396784
5716.700000000001			1.0
5717.6			1.0
5718.5			1.0
5719.4			1.0
5720.3			1.0
5721.200000000001			1.0
5722.1			1.0
5723.0			1.0
5723.9			1.0
5724.8			1.0
5725.700000000001			1.0
5726.6			1.0
5727.5			1.0
5728.4			1.0
5729.3			1.0
5730.200000000001			1.0
5731.1			1.0
5732.0			1.0
5732.9			1.0
5733.8			1.0
5734.700000000001			1.0
5735.6			1.0
5736.5			1.0
5737.4			1.0
5738.3			1.0
5739.200000000001			1.0
5740.1			1.0
5741.0			1.0
5741.9			1.0
5742.8			1.0
5743.700000000001			1.0
5744.6			1.0
5745.5			1.0
5746.4			1.0
5747.3			1.0
5748.200000000001			1.0
5749.1			1.0
5750.0			1.0
5750.9			1.0
5751.8			1.0
5752.700000000001			1.0
5753.6			1.0
5754.5			1.0
5755.4			1.0
5756.3			1.0
5757.200000000001			1.0
5758.1			1.0
5759.0			1.0
5759.9			1.0
5760.8			1.0
5761.700000000001			1.0
5762.6			1.0
5763.5			1.0
5764.4			1.0
5765.3			1.0
5766.200000000001			1.0
5767.1			1.0
5768.0			1.0
5768.9			1.0
5769.8			1.0
5770.700000000001			1.0
5771.6			1.0
5772.5			1.0
5773.4			1.0
5774.3			0.9994800783144548
5775.200000000001			1.0009471135739074
5776.1			1.0072002507983435
5777.0			1.0107328410206835
5777.9			1.0076338218877332
5778.8			0.9922745220429886
5779.700000000001			0.954056150041102
5780.6			0.9188724912052343
5781.5			0.9153130919377802
5782.4			0.9305376072243662
5783.3			0.9468702176225042
5784.200000000001			0.9535591883507772
5785.1			0.9535040410951154
5786.0			0.9591375223518682
5786.9			0.9755846767702714
5787.8			0.995733019669001
5788.700000000001			0.9999647559883822
5789.6			1.0
5790.5			1.0
5791.4			1.0
5792.3			1.0
5793.200000000001			1.0
5794.1			1.0
5795.0			1.0
5795.9			1.0
5796.8			1.0
5797.700000000001			1.0
5798.6			1.0
5799.5			1.0
5800.4			1.0
5801.3			1.0
5802.200000000001			1.0
5803.1			1.0
5804.0			1.0
5804.9			1.0
5805.8			1.0
5806.700000000001			1.0
5807.6			1.0
5808.5			1.0
5809.4			1.0
5810.3			1.0
5811.200000000001			1.0
5812.1			1.0
5813.0			1.0
5813.9			1.0
5814.8			1.0
5815.700000000001			1.0
5816.6			1.0
5817.5			1.0
5818.4			1.0
5819.3			1.0
5820.200000000001			1.0
5821.1			1.0
5822.0			1.0
5822.9			1.0
5823.8			1.0
5824.700000000001			1.0
5825.6			1.0
5826.5			1.0
5827.4			1.0
5828.3			1.0
5829.200000000001			1.0
5830.1			1.0
5831.0			1.0
5831.9			1.0
5832.8			1.0
5833.700000000001			1.0
5834.6			1.0
5835.5			1.0
5836.4			1.0
5837.3			1.0
5838.200000000001			1.0
5839.1			1.0
5840.0			1.0
5840.9			1.0
5841.8			1.0
5842.700000000001			1.0
5843.6			1.0
5844.5			1.0
5845.4			1.0
5846.3			1.003844931564222
5847.200000000001			1.0020209652889733
5848.1			1.000976285640122
5849.0			1.005134603933695
5849.9			1.011108808254363
5850.8			1.0130500354434249
5851.700000000001			0.9920885936326428
5852.6			0.9481728127102115
5853.5			0.9216469242092188
5854.4			0.9397487242757137
5855.3			0.9704116554396048
5856.200000000001			0.9689716037873053
5857.1			0.9428915014449406
5858.0			0.9348315728245928
5858.9			0.9583537945108291
5859.8			0.9872215063402744
5860.700000000001			0.9995025061239886
5861.6			1.0
5862.5			1.0
5863.4			1.0
5864.3			1.0
5865.200000000001			1.0
5866.1			1.0
5867.0			1.0
5867.9			1.0
5868.8			1.0
5869.700000000001			1.0
5870.6			1.0
5871.5			1.0
5872.4			1.0
5873.3			1.0
5874.200000000001			1.0
5875.1			1.0
5876.0			1.0
5876.9			1.0
5877.8			1.0
5878.700000000001			1.0
5879.6			1.0
5880.5			1.0
5881.4			1.0
5882.3			1.0
5883.200000000001			1.0
5884.1			1.0
5885.0			1.0
5885.9			1.0
5886.8			1.0
5887.700000000001			0.9766735576956131
5888.6			0.8891001918104182
5889.5			0.7682082081951105
5890.4			0.7409392310451756
5891.3			0.8435671212737302
5892.200000000001			0.9553124293341868
5893.1			1.0028881742589306
5894.0			1.0
5894.9			1.0
5895.8			1.0
5896.700000000001			1.0
5897.6			1.0
5898.5			1.0
5899.4			1.0
5900.3			1.0
5901.200000000001			1.0
5902.1			1.0
5903.0			1.0
5903.9			1.0
5904.8			1.0
5905.700000000001			1.0
5906.6			1.0
5907.5			1.0
5908.4			1.0
5909.3			1.0
5910.200000000001			1.0
5911.1			1.0
5912.0			1.0
5912.9			1.0
5913.8			1.0
5914.700000000001			1.0
5915.6			1.0
5916.5			1.0
5917.4			1.0
5918.3			1.0
5919.200000000001			1.0
5920.1			1.0
5921.0			1.0
5921.9			1.0
5922.8			1.0
5923.700000000001			1.0
5924.6			1.0
5925.5			1.0
5926.4			1.0
5927.3			1.0
5928.200000000001			1.0
5929.1			1.0
5930.0			1.0
5930.9			1.0
5931.8			1.0
5932.700000000001			1.0
5933.6			1.0
5934.5			1.0
5935.4			1.0
5936.3			1.0
5937.200000000001			1.0
5938.1			1.0
5939.0			1.0
5939.9			1.0
5940.8			1.0
5941.700000000001			1.0
5942.6			1.0
5943.5			1.0
5944.4			1.0
5945.3			1.0
5946.200000000001			1.0
5947.1			1.0
5948.0			1.0
5948.9			1.0
5949.8			1.0
5950.700000000001			1.0
5951.6			1.0
5952.5			1.0
5953.4			1.0
5954.3			1.0
5955.200000000001			1.0
5956.1			1.0
5957.0			1.0
5957.9			1.0
5958.8			1.0
5959.700000000001			1.0
5960.6			1.0
5961.5			1.0
5962.4			1.0
5963.3			1.0
5964.200000000001			1.0
5965.1			1.0
5966.0			1.0
5966.9			1.0
5967.8			1.0
5968.700000000001			1.0
5969.6			1.0
5970.5			1.0
5971.4			1.0
5972.3			1.0
5973.200000000001			1.0
5974.1			1.0
5975.0			1.0
5975.9			1.0
5976.8			1.0
5977.700000000001			1.0
5978.6			1.0
5979.5			1.0
5980.4			1.0
5981.3			1.0
5982.200000000001			1.0
5983.1			1.0
5984.0			1.0
5984.9			1.0
5985.8			1.0
5986.700000000001			1.0
5987.6			1.0
5988.5			1.0
5989.4			1.0
5990.3			1.0
5991.200000000001			1.0
5992.1			1.0
5993.0			1.0
5993.9			1.0
5994.8			1.0
5995.700000000001			1.0
5996.6			1.0
5997.5			1.0
5998.4			1.0
5999.3			1.0
6000.200000000001			1.0
6001.1			1.0
6002.0			1.0
6002.9			1.0
6003.8			1.0
6004.700000000001			1.0
6005.6			1.0
6006.5			1.0
6007.4			1.0
6008.3			1.0
6009.200000000001			1.0
6010.1			1.0
6011.0			1.0
6011.9			1.0
6012.8			1.0
6013.700000000001			1.0
6014.6			1.0
6015.5			1.0
6016.4			1.0
6017.3			1.0
6018.200000000001			1.0
6019.1			1.0
6020.0			1.0
6020.9			1.0
6021.8			1.0
6022.700000000001			1.0
6023.6			1.0
6024.5			1.0
6025.4			1.0
6026.3			1.0
6027.200000000001			1.0
6028.1			1.0
6029.0			1.0
6029.9			1.0
6030.8			1.0
6031.700000000001			1.0
6032.6			1.0
6033.5			1.0
6034.4			1.0
6035.3			1.0
6036.200000000001			1.0
6037.1			1.0
6038.0			1.0
6038.9			1.0
6039.8			1.0
6040.700000000001			1.0
6041.6			1.0
6042.5			1.0
6043.4			1.0
6044.3			1.0
6045.200000000001			1.0
6046.1			1.0
6047.0			1.0
6047.9			1.0
6048.8			1.0
6049.700000000001			1.0
6050.6			1.0
6051.5			1.0
6052.4			1.0
6053.3			1.0
6054.200000000001			1.0
6055.1			1.0
6056.0			1.0
6056.9			1.0
6057.8			1.0
6058.700000000001			1.0
6059.6			1.0
6060.5			1.0
6061.4			1.0
6062.3			1.0
6063.200000000001			1.0
6064.1			1.0
6065.0			1.0
6065.9			1.0
6066.8			1.0
6067.700000000001			1.0
6068.6			1.0
6069.5			1.0
6070.4			1.0
6071.3			1.0
6072.200000000001			1.0
6073.1			1.0
6074.0			1.0
6074.9			1.0
6075.8			1.0
6076.700000000001			1.0
6077.6			1.0
6078.5			1.0
6079.4			1.0
6080.3			1.0
6081.200000000001			1.0
6082.1			1.0
6083.0			1.0
6083.9			1.0
6084.8			1.0
6085.700000000001			1.0
6086.6			1.0
6087.5			1.0
6088.4			1.0
6089.3			1.0
6090.200000000001			1.0
6091.1			1.0
6092.0			1.0
6092.9			1.0
6093.8			1.0
6094.700000000001			1.0
6095.6			1.0
6096.5			1.0
6097.4			1.0
6098.3			1.0
6099.200000000001			1.0
6100.1			0.9884776498481197
6101.0			0.9577355813383139
6101.9			0.9081909479174133
6102.8			0.8801489823564445
6103.700000000001			0.9137690180537658
6104.6			0.9738975644810204
6105.5			1.0018026651850727
6106.4			1.0
6107.3			1.0
6108.200000000001			1.0
6109.1			1.0
6110.0			1.0
6110.9			1.0
6111.8			1.0
6112.700000000001			1.0
6113.6			1.0
6114.5			1.0
6115.4			1.0
6116.3			1.0
6117.200000000001			1.0
6118.1			1.0
6119.0			1.0
6119.9			1.0
6120.8			1.0
6121.700000000001			1.0
6122.6			1.0
6123.5			1.0
6124.4			1.0
6125.3			1.0
6126.200000000001			1.0
6127.1			1.0
6128.0			1.0
6128.9			1.0
6129.8			1.0
6130.700000000001			1.0
6131.6			1.0
6132.5			1.0
6133.4			1.0
6134.3			1.0063346182289927
6135.200000000001			0.9788676075577779
6136.1			0.9134063627380652
6137.0			0.8553898499127874
6137.9			0.8691147206796406
6138.8			0.9461116398160049
6139.700000000001			1.0017202391301228
6140.6			1.0
6141.5			1.0
6142.4			1.0
6143.3			1.0
6144.200000000001			1.0
6145.1			1.0
6146.0			1.0
6146.9			1.0
6147.8			1.0
6148.700000000001			1.0
6149.6			1.0
6150.5			1.0
6151.4			1.0
6152.3			1.0
6153.200000000001			1.0
6154.1			1.0
6155.0			1.0
6155.9			1.0
6156.8			1.0
6157.700000000001			1.0
6158.6			1.0079709748659027
6159.5			1.0023815422213707
6160.4			0.966215873268492
6161.3			0.9146955081132069
6162.200000000001			0.8888511250319523
6163.1			0.9112551380928137
6164.0			0.9600145208814967
6164.9			0.9937267091201476
6165.8			1.002555530071519
6166.700000000001			1.0
6167.6			1.0
6168.5			1.0
6169.4			1.0
6170.3			1.0
6171.200000000001			1.0
6172.1			1.0
6173.0			1.0
6173.9			1.0
6174.8			1.0
6175.700000000001			1.0
6176.6			1.0
6177.5			1.0
6178.4			1.0
6179.3			1.0
6180.200000000001			1.0
6181.1			1.0
6182.0			1.0
6182.9			1.0
6183.8			1.0
6184.700000000001			1.0
6185.6			1.0
6186.5			1.0
6187.4			1.0
6188.3			1.0
6189.200000000001			1.0
6190.1			1.0
6191.0			1.0
6191.9			1.0
6192.8			1.0
6193.700000000001			1.0
6194.6			1.0
6195.5			1.0
6196.4			1.0
6197.3			1.0
6198.200000000001			1.0
6199.1			1.0
6200.0			1.0
6200.9			1.0
6201.8			1.0
6202.700000000001			1.0
6203.6			1.0
6204.5			1.0
6205.4			1.0
6206.3			1.0
6207.200000000001			1.0
6208.1			1.0
6209.0			1.0
6209.9			1.0
6210.8			1.0
6211.700000000001			1.0
6212.6			1.0
6213.5			1.0
6214.4			1.0
6215.3			1.0
6216.200000000001			1.0
6217.1			1.0
6218.0			1.0
6218.9			1.0
6219.8			1.0
6220.700000000001			1.0
6221.6			1.0
6222.5			1.0
6223.4			1.0
6224.3			1.0
6225.200000000001			1.0
6226.1			1.0
6227.0			1.0
6227.9			1.0
6228.8			1.0
6229.700000000001			1.0
6230.6			1.0
6231.5			1.0
6232.4			1.0
6233.3			1.0
6234.200000000001			1.0
6235.1			1.0
6236.0			1.0
6236.9			1.0
6237.8			1.0
6238.700000000001			1.0
6239.6			1.0
6240.5			1.0
6241.4			1.0
6242.3			1.0
6243.200000000001			0.9839182372127383
6244.1			0.9558579972927278
6245.0			0.9175348976363161
6245.9			0.8736181463096742
6246.8			0.8573990738084231
6247.700000000001			0.8859791725239795
6248.6			0.9403614411951364
6249.5			0.9849863205151191
6250.4			1.0000306961384706
6251.3			1.0
6252.200000000001			1.0
6253.1			1.0
6254.0			1.0
6254.9			1.0
6255.8			1.0
6256.700000000001			1.0
6257.6			1.0
6258.5			1.0
6259.4			1.0
6260.3			1.0
6261.200000000001			1.0
6262.1			1.0
6263.0			1.0
6263.9			1.0
6264.8			1.0
6265.700000000001			1.0
6266.6			1.0
6267.5			1.0
6268.4			1.0
6269.3			1.0
6270.200000000001			1.0
6271.1			1.0
6272.0			1.0
6272.9			1.0
6273.8			1.0
6274.700000000001			1.0
6275.6			1.0
6276.5			1.0
6277.4			1.0
6278.3			1.0
6279.200000000001			1.0
6280.1			1.0
6281.0			1.0
6281.9			1.0
6282.8			1.0
6283.700000000001			1.0
6284.6			1.0
6285.5			1.0
6286.4			1.0
6287.3			1.0
6288.200000000001			1.0
6289.1			1.0
6290.0			1.0
6290.9			1.0
6291.8			1.0
6292.700000000001			1.0
6293.6			1.0
6294.5			1.0
6295.4			1.0
6296.3			1.0
6297.200000000001			1.0
6298.1			1.0
6299.0			1.0
6299.9			1.0
6300.8			1.0
6301.700000000001			1.0
6302.6			1.0
6303.5			1.0
6304.4			1.0
6305.3			1.0
6306.200000000001			1.0
6307.1			1.0
6308.0			1.0
6308.9			1.0
6309.8			1.0
6310.700000000001			1.0
6311.6			1.0
6312.5			1.0
6313.4			1.0
6314.3			1.0
6315.200000000001			1.0
6316.1			1.0
6317.0			1.0
6317.9			1.0
6318.8			1.0
6319.700000000001			1.0
6320.6			1.0
6321.5			1.0
6322.4			1.0
6323.3			1.0
6324.200000000001			1.0
6325.1			1.0
6326.0			1.0
6326.9			1.0
6327.8			1.0
6328.700000000001			1.0
6329.6			1.0
6330.5			1.0
6331.4			1.0
6332.3			1.0
6333.200000000001			1.0
6334.1			1.0
6335.0			1.0
6335.9			1.0
6336.8			1.0
6337.700000000001			1.0
6338.6			1.0
6339.5			1.0
6340.4			1.0
6341.3			1.0
6342.200000000001			1.0
6343.1			1.0
6344.0			1.0
6344.9			1.0
6345.8			1.0
6346.700000000001			1.0
6347.6			1.0
6348.5			1.0
6349.4			1.0
6350.3			1.0
6351.200000000001			1.0
6352.1			1.0
6353.0			1.0
6353.9			1.0
6354.8			1.0
6355.700000000001			1.0
6356.6			1.0
6357.5			1.0
6358.4			1.0
6359.3			1.0
6360.200000000001			1.0
6361.1			1.0
6362.0			1.0
6362.9			1.0
6363.8			1.0
6364.700000000001			1.0
6365.6			1.0
6366.5			1.0
6367.4			1.0
6368.3			1.0
6369.200000000001			1.0
6370.1			1.0
6371.0			1.0
6371.9			1.0
6372.8			1.0
6373.700000000001			1.0
6374.6			1.0
6375.5			1.0
6376.4			1.0
6377.3			1.0
6378.200000000001			1.0
6379.1			1.0
6380.0			1.0
6380.9			1.0
6381.8			1.0
6382.700000000001			1.0
6383.6			1.0
6384.5			1.0
6385.4			1.0
6386.3			1.0
6387.200000000001			1.0
6388.1			1.0
6389.0			1.0
6389.9			1.0
6390.8			1.0
6391.700000000001			1.0
6392.6			1.0
6393.5			1.0
6394.4			1.0
6395.3			1.0
6396.200000000001			1.0
6397.1			1.0
6398.0			1.0
6398.9			1.0
6399.8			1.0
6400.700000000001			1.0
6401.6			1.0
6402.5			1.0
6403.4			1.0
6404.3			1.0
6405.200000000001			1.0
6406.1			1.0
6407.0			1.0
6407.9			1.0
6408.8			1.0
6409.700000000001			1.0
6410.6			1.0
6411.5			1.0
6412.4			1.0
6413.3			1.0
6414.200000000001			1.0
6415.1			1.0
6416.0			1.0
6416.9			1.0
6417.8			1.0
6418.700000000001			1.0
6419.6			1.0
6420.5			1.0
6421.4			1.0
6422.3			1.0
6423.200000000001			1.0
6424.1			1.0
6425.0			1.0
6425.9			1.0
6426.8			1.0
6427.700000000001			1.0
6428.6			1.0
6429.5			1.0
6430.4			1.0
6431.3			1.0
6432.200000000001			1.0
6433.1			1.0
6434.0			1.0
6434.9			1.0
6435.8			1.0
6436.700000000001			1.0
6437.6			1.0
6438.5			1.0
6439.4			1.0
6440.3			1.0
6441.200000000001			1.0
6442.1			1.0
6443.0			1.0
6443.9			1.0
6444.8			1.0
6445.700000000001			1.0
6446.6			1.0
6447.5			1.0
6448.4			1.0
6449.3			1.0
6450.200000000001			1.0
6451.1			1.0
6452.0			1.0
6452.9			1.0
6453.8			0.9873476863698039
6454.700000000001			0.9510836730657249
6455.6			1.0
6456.5			0.9546746540030009
6457.4			0.9838612954242171
6458.3			1.0533709245050924
6459.200000000001			1.1045496492481282
6460.1			1.1130863395078288
6461.0			1.0752866357629787
6461.9			1.0121232700046756
6462.8			0.976814802412991
6463.700000000001			0.9990567485129664
6464.6			1.0
6465.5			1.0
6466.4			1.0
6467.3			1.0
6468.200000000001			1.0
6469.1			1.0
6470.0			1.0
6470.9			1.0
6471.8			1.0
6472.700000000001			1.0
6473.6			1.0
6474.5			1.0
6475.4			1.0
6476.3			1.0
6477.200000000001			1.0
6478.1			1.0
6479.0			1.0
6479.9			1.0
6480.8			1.0
6481.700000000001			1.0
6482.6			0.9919321621728664
6483.5			1.0081984581026282
6484.4			1.0335477416174548
6485.3			1.0456273740183595
6486.200000000001			1.0445303062502485
6487.1			1.0451040011584272
6488.0			1.0513564483838866
6488.9			1.0543231294569653
6489.8			1.0353201877408604
6490.700000000001			0.9977515199638708
6491.6			0.9654209288126335
6492.5			0.9406748094129515
6493.4			0.909456742194535
6494.3			0.873923632338673
6495.200000000001			0.8456306917686157
6496.1			0.8305510775042804
6497.0			0.8444820155389519
6497.9			0.8942535866083228
6498.8			0.9432158943653011
6499.700000000001			0.9705057202541987
6500.6			0.9962433736110219
6501.5			1.0237902541017163
6502.4			1.036519586587668
6503.3			1.035828113931188
6504.200000000001			1.0346098551875869
6505.1			1.0346428144859645
6506.0			1.0343826565898533
6506.9			1.0352096336406227
6507.8			1.0378683015340906
6508.700000000001			1.037772103561582
6509.6			1.0351314720937854
6510.5			1.0380614356549196
6511.4			1.040089742524663
6512.3			1.035677605011517
6513.200000000001			1.0315367949161673
6514.1			1.0238281772343516
6515.0			0.9965917080734928
6515.9			0.9564679485184369
6516.8			0.9394063939369343
6517.700000000001			0.9572263206420252
6518.6			0.982766644160448
6519.5			0.998221026547829
6520.4			1.0069584416879092
6521.3			1.0105293627243797
6522.200000000001			1.0143592438650681
6523.1			1.021153713806385
6524.0			1.022979453785431
6524.9			1.0145490091354663
6525.8			0.9973240689295745
6526.700000000001			0.9788049665196095
6527.6			0.9722924312519211
6528.5			0.9839354957155909
6529.4			1.0001518306558552
6530.3			1.0082814026768774
6531.200000000001			1.011068598855456
6532.1			1.010118774606299
6533.0			1.001529758083475
6533.9			0.9907487488701786
6534.8			0.9889486755777559
6535.700000000001			0.9922355707082525
6536.6			0.9896161550798797
6537.5			0.9845938477943507
6538.4			0.9851635946914217
6539.3			0.9932549209692457
6540.200000000001			0.9999134435064632
6541.1			1.0
6542.0			1.0
6542.9			1.0
6543.8			1.0
6544.700000000001			1.0
6545.6			1.0
6546.5			1.0
6547.4			1.0
6548.3			1.0
6549.200000000001			1.0
6550.1			1.0
6551.0			1.0
6551.9			1.0
6552.8			1.0
6553.700000000001			1.0
6554.6			1.0
6555.5			1.0
6556.4			1.0
6557.3			1.0
6558.200000000001			1.0
6559.1			1.0
6560.0			0.9310407775909595
6560.9			0.8214740691685434
6561.8			0.6596075474312123
6562.700000000001			0.5145496241494648
6563.6			0.5048683190616514
6564.5			0.6525889831016781
6565.4			0.8431025563628534
6566.3			0.9642256026603198
6567.200000000001			1.0031330217514771
6568.1			1.0
6569.0			1.0
6569.9			1.0
6570.8			1.0
6571.700000000001			1.0
6572.6			1.0
6573.5			1.0
6574.4			1.0
6575.3			1.0
6576.200000000001			1.0
6577.1			1.0
6578.0			1.0
6578.9			1.0
6579.8			1.0
6580.700000000001			1.0
6581.6			1.0
6582.5			1.0
6583.4			1.0
6584.3			1.0
6585.200000000001			1.0
6586.1			1.0
6587.0			1.0
6587.9			1.0
6588.8			1.0
6589.700000000001			1.0
6590.6			1.0
6591.5			1.0
6592.4			1.0
6593.3			1.0
6594.200000000001			1.0
6595.1			1.0
6596.0			1.0
6596.9			1.0
6597.8			1.0
6598.700000000001			1.0
6599.6			1.0
6600.5			1.0
6601.4			1.0
6602.3			1.0
6603.200000000001			1.0
6604.1			1.0
6605.0			1.0
6605.9			1.0
6606.8			1.0
6607.700000000001			1.0
6608.6			1.0
6609.5			1.0
6610.4			1.0
6611.3			1.0
6612.200000000001			1.0
6613.1			1.0
6614.0			1.0
6614.9			1.0
6615.8			1.0
6616.700000000001			1.0
6617.6			1.0
6618.5			1.0
6619.4			1.0
6620.3			1.0
6621.200000000001			1.0
6622.1			1.0
6623.0			1.0
6623.9			1.0
6624.8			1.0
6625.700000000001			1.0
6626.6			1.0
6627.5			1.0
6628.4			1.0
6629.3			1.0
6630.200000000001			1.0
6631.1			1.0
6632.0			1.0
6632.9			1.0
6633.8			1.0
6634.700000000001			1.0
6635.6			1.0
6636.5			1.0
6637.4			1.0
6638.3			1.0
6639.200000000001			1.0
6640.1			1.0
6641.0			1.0
6641.9			0.9971375753012274
6642.8			0.9829188975544523
6643.700000000001			0.9640186766650177
6644.6			0.9577467088427188
6645.5			0.9689339020266924
6646.4			0.9835093004224016
6647.3			0.9911480139208648
6648.200000000001			0.9969184064021279
6649.1			1.0049061373538044
6650.0			1.0117318151248489
6650.9			1.0130032981283776
6651.8			1.0078273355467717
6652.700000000001			1.00274389798539
6653.6			1.004006160097091
6654.5			1.004722049702945
6655.4			0.9995809431400953
6656.3			0.995698495175608
6657.200000000001			0.9988922901761228
6658.1			1.0083938004603397
6659.0			1.01377851028546
6659.9			1.010358266147133
6660.8			1.001494716161189
6661.700000000001			0.9864351911374901
6662.6			0.9658816542402922
6663.5			0.9492061671378906
6664.4			0.9547840961105786
6665.3			0.9810954351822235
6666.200000000001			0.9995189245631789
6667.1			0.9983741814399834
6668.0			0.9931777460014585
6668.9			0.9947252139703732
6669.8			0.9990771913719411
6670.700000000001			1.0005490411999225
6671.6			0.9978981098855637
6672.5			0.9977386772904162
6673.4			1.002974733843341
6674.3			1.0063230591459558
6675.200000000001			1.0063339179887028
6676.1			0.9977645331689567
6677.0			0.9735746163555259
6677.9			0.9428055133975459
6678.8			0.9304731518959216
6679.700000000001			0.9485111203768603
6680.6			0.9755454024262784
6681.5			0.9901828027836115
6682.4			0.9985684032256347
6683.3			1.0080724809882202
6684.200000000001			1.0181655512699088
6685.1			1.024012112011992
6686.0			1.0190048360568622
6686.9			1.011928531979531
6687.8			1.0120986044494982
6688.700000000001			1.0147162377686325
6689.6			1.0179267772911686
6690.5			1.018199241154635
6691.4			1.0125116970082266
6692.3			1.0079464050054978
6693.200000000001			1.0095848603336115
6694.1			1.009012179675842
6695.0			1.001172025634964
6695.9			0.9924953085872773
6696.8			0.9868633507965797
6697.700000000001			0.986521164342647
6698.6			0.9922715665306803
6699.5			1.0007001100402697
6700.4			1.0064469352266399
6701.3			1.0054670222830135
6702.200000000001			0.9978952851366201
6703.1			0.9898091165927193
6704.0			0.9850756668306173
6704.9			0.9852155216998453
6705.8			0.9900661760109284
6706.700000000001			0.9866351593455708
6707.6			0.9724911619346073
6708.5			0.969470108155396
6709.4			0.9848297601660034
6710.3			0.9968051583122363
6711.200000000001			0.997128370742147
6712.1			0.9929953036635133
6713.0			0.989644310857353
6713.9			0.9923628689951833
6714.8			0.9950036790056903
6715.700000000001			0.990038186100654
6716.6			0.9741216802908174
6717.5			0.9512995622453909
6718.4			0.9415434987525285
6719.3			0.9565079751157135
6720.200000000001			0.9815992683660194
6721.1			0.9959296219639264
6722.0			0.9933539960480888
6722.9			0.9923371349812844
6723.8			1.0022116477676148
6724.700000000001			1.002664922794036
6725.6			0.9911562443716956
6726.5			0.9866202454297245
6727.4			0.9925344712249061
6728.3			1.0000475326671459
6729.200000000001			1.0
6730.1			1.0
6731.0			1.0
6731.9			1.0
6732.8			1.0
6733.700000000001			1.0
6734.6			1.0
6735.5			1.0
6736.4			1.0
6737.3			1.0
6738.200000000001			1.0
6739.1			1.0
6740.0			1.0
6740.9			1.0
6741.8			1.0
6742.700000000001			1.0
6743.6			1.0
6744.5			1.0
6745.4			1.0
6746.3			1.0
6747.200000000001			1.0
6748.1			1.0
6749.0			1.0
6749.9			1.0
6750.8			1.0
6751.700000000001			1.0
6752.6			1.0
6753.5			1.0
6754.4			1.0
6755.3			1.0
6756.200000000001			1.0
6757.1			1.0
6758.0			1.0
6758.9			1.0
6759.8			1.0
6760.700000000001			1.0
6761.6			1.0
6762.5			1.0
6763.4			1.0
6764.3			1.0
6765.200000000001			1.0
6766.1			1.0
6767.0			1.0
6767.9			1.0
6768.8			1.0
6769.700000000001			1.0
6770.6			1.0
6771.5			1.0
6772.4			1.0
6773.3			1.0
6774.200000000001			1.0
6775.1			1.0
6776.0			1.0
6776.9			1.0
6777.8			1.0
6778.700000000001			1.0
6779.6			1.0
6780.5			1.0
6781.4			1.0
6782.3			1.0
6783.200000000001			1.0
6784.1			1.0
6785.0			1.0
6785.9			1.0
6786.8			1.0
6787.700000000001			1.0
6788.6			1.0
6789.5			1.0
6790.4			1.0
6791.3			1.0
6792.200000000001			1.0
6793.1			1.0
6794.0			1.0
6794.9			1.0
6795.8			1.0
6796.700000000001			1.0
6797.6			1.0
6798.5			1.0
6799.4			1.0
6800.3			1.0
6801.200000000001			1.0
6802.1			1.0
6803.0			1.0
6803.9			1.0
6804.8			1.0
6805.700000000001			1.0
6806.6			1.0
6807.5			1.0
6808.4			1.0
6809.3			1.0
6810.200000000001			1.0
6811.1			1.0
6812.0			1.0
6812.9			1.0
6813.8			1.0
6814.700000000001			1.0
6815.6			1.0
6816.5			1.0
6817.4			1.0
6818.3			1.0
6819.200000000001			1.0
6820.1			1.0
6821.0			1.0
6821.9			1.0
6822.8			1.0
6823.700000000001			1.0
6824.6			1.0
6825.5			1.0
6826.4			1.0
6827.3			1.0
6828.200000000001			1.0
6829.1			1.0
6830.0			1.0
6830.9			1.0
6831.8			1.0
6832.700000000001			1.0
6833.6			1.0
6834.5			1.0
6835.4			1.0
6836.3			1.0
6837.200000000001			1.0
6838.1			1.0
6839.0			1.0
6839.9			1.0
6840.8			1.0
6841.700000000001			1.0
6842.6			1.0
6843.5			1.0
6844.4			1.0
6845.3			1.0
6846.200000000001			1.0
6847.1			1.0
6848.0			1.0
6848.9			1.0
6849.8			1.0
6850.700000000001			1.0
6851.6			1.0
6852.5			1.0
6853.4			1.0
6854.3			1.0
6855.200000000001			1.0
6856.1			1.0
6857.0			1.0
6857.9			1.0
6858.8			1.0
6859.700000000001			1.0
6860.6			1.0
6861.5			1.0
6862.4			1.0
6863.3			1.0
6864.200000000001			1.0
6865.1			1.0
6866.0			1.0
6866.9			1.0
6867.8			1.0
6868.700000000001			1.0
6869.6			1.0
6870.5			1.0
6871.4			1.0
6872.3			1.0
6873.200000000001			1.0
6874.1			1.0
6875.0			1.0
6875.9			1.0
6876.8			1.0
6877.700000000001			1.0
6878.6			1.0
6879.5			1.0
6880.4			1.0
6881.3			1.0
6882.200000000001			1.0
6883.1			1.0
6884.0			1.0
6884.9			1.0
6885.8			1.0
6886.700000000001			1.0
6887.6			1.0
6888.5			1.0
6889.4			1.0
6890.3			1.0
6891.200000000001			1.0
6892.1			1.0
6893.0			1.0
6893.9			1.0
6894.8			1.0
6895.700000000001			1.0
6896.6			1.0
6897.5			1.0
6898.4			1.0
6899.3			1.0
6900.200000000001			1.0
6901.1			1.0
6902.0			1.0
6902.9			1.0
6903.8			1.0
6904.700000000001			1.0
6905.6			1.0
6906.5			1.0
6907.4			1.0
6908.3			1.0
6909.200000000001			1.0
6910.1			1.0
6911.0			1.0
6911.9			1.0
6912.8			1.0
6913.700000000001			1.0
6914.6			1.0
6915.5			1.0
6916.4			1.0
6917.3			1.0
6918.200000000001			1.0
6919.1			1.0
6920.0			1.0
6920.9			1.0
6921.8			1.0
6922.700000000001			1.0
6923.6			1.0
6924.5			1.0
6925.4			1.0
6926.3			1.0
6927.200000000001			1.0
6928.1			1.0
6929.0			1.0
6929.9			1.0
6930.8			1.0
6931.700000000001			1.0
6932.6			1.0
6933.5			1.0
6934.4			1.0
6935.3			1.0
6936.200000000001			1.0
6937.1			1.0
6938.0			1.0
6938.9			1.0
6939.8			1.0
6940.700000000001			1.0
6941.6			1.0
6942.5			1.0
6943.4			1.0
6944.3			1.0
6945.200000000001			1.0
6946.1			1.0
6947.0			1.0
6947.9			1.0
6948.8			1.0
6949.700000000001			1.0
6950.6			1.0
6951.5			1.0
6952.4			1.0
6953.3			1.0
6954.200000000001			1.0
6955.1			1.0
6956.0			1.0
6956.9			1.0
6957.8			1.0
6958.700000000001			1.0
6959.6			1.0
6960.5			1.0
6961.4			1.0
6962.3			1.0
6963.200000000001			1.0
6964.1			1.0
6965.0			1.0
6965.9			1.0
6966.8			1.0
6967.700000000001			1.0
6968.6			1.0
6969.5			1.0
6970.4			1.0
6971.3			1.0
6972.200000000001			1.0
6973.1			1.0
6974.0			1.0
6974.9			1.0
6975.8			1.0
6976.700000000001			1.0
6977.6			1.0
6978.5			1.0
6979.4			1.0
6980.3			1.0
6981.200000000001			1.0
6982.1			1.0
6983.0			1.0
6983.9			1.0
6984.8			1.0
6985.700000000001			1.0
6986.6			1.0
6987.5			1.0
6988.4			1.0
6989.3			1.0
6990.200000000001			1.0
6991.1			1.0
6992.0			1.0
6992.9			1.0
6993.8			1.0
6994.700000000001			1.0
6995.6			1.0
6996.5			1.0
6997.4			1.0
6998.3			1.0
6999.200000000001			1.0
7000.1			1.0
7001.0			1.0
7001.9			1.0
7002.8			1.0
7003.700000000001			1.0
7004.6			1.0
7005.5			1.0
7006.4			1.0
7007.3			1.0
7008.200000000001			1.0
7009.1			1.0
7010.0			1.0
7010.9			1.0
7011.8			1.0
7012.700000000001			1.0
7013.6			1.0
7014.5			1.0
7015.4			1.0
7016.3			1.0
7017.200000000001			1.0
7018.1			1.0
7019.0			1.0
7019.9			1.0
7020.8			1.0
7021.700000000001			1.0
7022.6			1.0
7023.5			1.0
7024.4			1.0
7025.3			1.0
7026.200000000001			1.0
7027.1			1.0
7028.0			1.0
7028.9			1.0
7029.8			1.0
7030.700000000001			1.0
7031.6			1.0
7032.5			1.0
7033.4			1.0
7034.3			1.0
7035.200000000001			1.0
7036.1			1.0
7037.0			1.0
7037.9			1.0
7038.8			1.0
7039.700000000001			1.0
7040.6			1.0
7041.5			1.0
7042.4			1.0
7043.3			1.0
7044.200000000001			1.0
7045.1			1.0
7046.0			1.0
7046.9			1.0
7047.8			1.0
7048.700000000001			1.0
7049.6			1.0
7050.5			1.0
7051.4			1.0
7052.3			1.0
7053.200000000001			1.0
7054.1			1.0
7055.0			1.0
7055.9			1.0
7056.8			1.0
7057.700000000001			1.0
7058.6			1.0
7059.5			1.0
7060.4			1.0
7061.3			1.0
7062.200000000001			1.0
7063.1			1.0
7064.0			1.0
7064.9			1.0
7065.8			1.0
7066.700000000001			1.0
7067.6			1.0
7068.5			1.0
7069.4			1.0
7070.3			1.0
7071.200000000001			1.0
7072.1			1.0
7073.0			1.0
7073.9			1.0
7074.8			1.0
7075.700000000001			1.0
7076.6			1.0
7077.5			1.0
7078.4			1.0
7079.3			1.0
7080.200000000001			1.0
7081.1			1.0
7082.0			1.0
7082.9			1.0
7083.8			1.0
7084.700000000001			1.0
7085.6			1.0
7086.5			1.0
7087.4			1.0
7088.3			1.0
7089.200000000001			1.0
7090.1			1.0
7091.0			1.0
7091.9			1.0
7092.8			1.0
7093.700000000001			1.0
7094.6			1.0
7095.5			1.0
7096.4			1.0
7097.3			1.0
7098.200000000001			1.0
7099.1			1.0
7100.0			1.0
7100.9			1.0
7101.8			1.0
7102.700000000001			1.0
7103.6			1.0
7104.5			1.0
7105.4			1.0
7106.3			1.0
7107.200000000001			1.0
7108.1			1.0
7109.0			1.0
7109.9			1.0
7110.8			1.0
7111.700000000001			1.0
7112.6			1.0
7113.5			1.0
7114.4			1.0
7115.3			1.0
7116.200000000001			1.0
7117.1			1.0
7118.0			1.0
7118.9			1.0
7119.8			1.0
7120.700000000001			1.0
7121.6			1.0
7122.5			1.0
7123.4			1.0
7124.3			1.0
7125.200000000001			1.0
7126.1			1.0
7127.0			1.0
7127.9			1.0
7128.8			1.0
7129.700000000001			1.0
7130.6			1.0
7131.5			1.0
7132.4			1.0
7133.3			1.0
7134.200000000001			1.0
7135.1			1.0
7136.0			1.0
7136.9			1.0
7137.8			1.0
7138.700000000001			1.0
7139.6			1.0
7140.5			1.0
7141.4			1.0
7142.3			1.0
7143.200000000001			1.0
7144.1			1.0
7145.0			1.0
7145.9			1.0
7146.8			1.0
7147.700000000001			1.0
7148.6			1.0
7149.5			1.0
7150.4			1.0
7151.3			1.0
7152.200000000001			1.0
7153.1			1.0
7154.0			1.0
7154.9			1.0
7155.8			1.0
7156.700000000001			1.0
7157.6			1.0
7158.5			1.0
7159.4			1.0
7160.3			1.0
7161.200000000001			1.0
7162.1			1.0
7163.0			1.0
7163.9			1.0
7164.8			1.0
7165.700000000001			1.0
7166.6			1.0
7167.5			1.0
7168.4			1.0
7169.3			1.0
7170.200000000001			1.0
7171.1			1.0
7172.0			1.0
7172.9			1.0
7173.8			1.0
7174.700000000001			1.0
7175.6			1.0
7176.5			1.0
7177.4			1.0
7178.3			1.0
7179.200000000001			1.0
7180.1			1.0
7181.0			1.0
7181.9			1.0
7182.8			1.0
7183.700000000001			1.0
7184.6			1.0
7185.5			1.0
7186.4			1.0
7187.3			1.0
7188.200000000001			1.0
7189.1			1.0
7190.0			1.0
7190.9			1.0
7191.8			1.0
7192.700000000001			1.0
7193.6			1.0
7194.5			1.0
7195.4			1.0
7196.3			1.0
7197.200000000001			1.0
7198.1			1.0
7199.0			1.0
7199.9			1.0
7200.8			1.0
7201.700000000001			1.0
7202.6			1.0
7203.5			1.0
7204.4			1.0
7205.3			1.0
7206.200000000001			1.0
7207.1			1.0
7208.0			1.0
7208.9			1.0
7209.8			1.0
7210.700000000001			1.0
7211.6			1.0
7212.5			1.0
7213.4			1.0
7214.3			1.0
7215.200000000001			1.0
7216.1			1.0
7217.0			1.0
7217.9			1.0
7218.8			1.0
7219.700000000001			1.0
7220.6			1.0
7221.5			1.0
7222.4			1.0
7223.3			1.0
7224.200000000001			1.0
7225.1			1.0
7226.0			1.0
7226.9			1.0
7227.8			1.0
7228.700000000001			1.0
7229.6			1.0
7230.5			1.0
7231.4			1.0
7232.3			1.0
7233.200000000001			1.0
7234.1			1.0
7235.0			1.0
7235.9			1.0
7236.8			1.0
7237.700000000001			1.0
7238.6			1.0
7239.5			1.0
7240.4			1.0
7241.3			1.0
7242.200000000001			1.0
7243.1			1.0
7244.0			1.0
7244.9			1.0
7245.8			1.0
7246.700000000001			1.0
7247.6			1.0
7248.5			1.0
7249.4			1.0
7250.3			1.0
7251.200000000001			1.0
7252.1			1.0
7253.0			1.0
7253.9			1.0
7254.8			1.0
7255.700000000001			1.0
7256.6			1.0
7257.5			1.0
7258.4			1.0
7259.3			1.0
7260.200000000001			1.0
7261.1			1.0
7262.0			1.0
7262.9			1.0
7263.8			1.0
7264.700000000001			1.0
7265.6			1.0
7266.5			1.0
7267.4			1.0
7268.3			1.0
7269.200000000001			1.0
7270.1			1.0
7271.0			1.0
7271.9			1.0
7272.8			1.0
7273.700000000001			1.0
7274.6			1.0
7275.5			1.0
7276.4			1.0
7277.3			1.0
7278.200000000001			1.0
7279.1			1.0
7280.0			1.0
7280.9			1.0
7281.8			1.0
7282.700000000001			1.0
7283.6			1.0
7284.5			1.0
7285.4			1.0
7286.3			1.0
7287.200000000001			1.0
7288.1			1.0
7289.0			1.0
7289.9			1.0
7290.8			1.0
7291.700000000001			1.0
7292.6			1.0
7293.5			1.0
7294.4			1.0
7295.3			1.0
7296.200000000001			1.0
7297.1			1.0
7298.0			1.0
7298.9			1.0
7299.8			1.0
7300.700000000001			1.0
7301.6			1.0
7302.5			1.0
7303.4			1.0
7304.3			1.0
7305.200000000001			1.0
7306.1			1.0
7307.0			1.0
7307.9			1.0
7308.8			1.0
7309.700000000001			1.0
7310.6			1.0
7311.5			1.0
7312.4			1.0
7313.3			1.0
7314.200000000001			1.0
7315.1			1.0
7316.0			1.0
7316.9			1.0
7317.8			1.0
7318.700000000001			1.0
7319.6			1.0
7320.5			1.0
7321.4			1.0
7322.3			1.0
7323.200000000001			1.0
7324.1			1.0
7325.0			1.0
7325.9			1.0
7326.8			1.0
7327.700000000001			1.0
7328.6			1.0
7329.5			1.0
7330.4			1.0
7331.3			1.0
7332.200000000001			1.0
7333.1			1.0
7334.0			1.0
7334.9			1.0
7335.8			1.0
7336.700000000001			1.0
7337.6			1.0
7338.5			1.0
7339.4			1.0
7340.3			1.0
7341.200000000001			1.0
7342.1			1.0
7343.0			1.0
7343.9			1.0
7344.8			1.0
7345.700000000001			1.0
7346.6			1.0
7347.5			1.0
7348.4			1.0
7349.3			1.0
7350.200000000001			1.0
7351.1			1.0
7352.0			1.0
7352.9			1.0
7353.8			1.0
7354.700000000001			1.0
7355.6			1.0
7356.5			1.0
7357.4			1.0
7358.3			1.0
7359.200000000001			1.0
7360.1			1.0
7361.0			1.0
7361.9			1.0
7362.8			1.0
7363.700000000001			1.0
7364.6			1.0
7365.5			1.0
7366.4			1.0
7367.3			1.0
7368.200000000001			1.0
7369.1			1.0
7370.0			1.0
7370.9			1.0
7371.8			1.0
7372.700000000001			1.0
7373.6			1.0
7374.5			1.0
7375.4			1.0
7376.3			1.0
7377.200000000001			1.0
7378.1			1.0
7379.0			1.0
7379.9			1.0
7380.8			1.0
7381.700000000001			1.0
7382.6			1.0
7383.5			1.0
7384.4			1.0
7385.3			1.0
7386.200000000001			1.0
7387.1			1.0
7388.0			1.0
7388.9			1.0
7389.8			1.0
7390.700000000001			1.0
7391.6			1.0
7392.5			1.0
7393.4			1.0
7394.3			1.0
7395.200000000001			1.0
7396.1			1.0
7397.0			1.0
7397.9			1.0
7398.8			1.0
7399.700000000001			1.0
7400.6			1.0
7401.5			1.0
7402.4			1.0
7403.3			1.0
7404.200000000001			1.0
7405.1			1.0
7406.0			1.0
7406.9			1.0
7407.8			1.0
7408.700000000001			1.0
7409.6			1.0
7410.5			1.0
7411.4			1.0
7412.3			1.0
7413.200000000001			1.0
7414.1			1.0
7415.0			1.0
7415.9			1.0
7416.8			1.0
7417.700000000001			1.0
7418.6			1.0
7419.5			1.0
7420.4			1.0
7421.3			1.0
7422.200000000001			1.0
7423.1			1.0
7424.0			1.0
7424.9			1.0
7425.8			1.0
7426.700000000001			1.0
7427.6			1.0
7428.5			1.0
7429.4			1.0
