3500.0			1.0
3500.9			1.0
3501.8			1.0
3502.7			1.0
3503.6			1.0
3504.5			1.0
3505.4			1.0
3506.3			1.0
3507.2			1.0
3508.1			1.0
3509.0			1.0
3509.9			1.0
3510.8			1.0
3511.7			1.0
3512.6			1.0
3513.5			1.0
3514.4			1.0
3515.3			1.0
3516.2			1.0
3517.1			1.0
3518.0			1.0
3518.9			1.0
3519.8			1.0
3520.7			1.0
3521.6			1.0
3522.5			1.0
3523.4			1.0
3524.3			1.0
3525.2			1.0
3526.1			1.0
3527.0			1.0
3527.9			1.0
3528.8			1.0
3529.7			1.0
3530.6			1.0
3531.5			1.0
3532.4			1.0
3533.3			1.0
3534.2			1.0
3535.1			1.0
3536.0			1.0
3536.9			1.0
3537.8			1.0
3538.7			1.0
3539.6			1.0
3540.5			1.0
3541.4			1.0
3542.3			1.0
3543.2			1.0
3544.1			1.0
3545.0			1.0
3545.9			1.0
3546.8			1.0
3547.7			1.0
3548.6			1.0
3549.5			1.0
3550.4			1.0
3551.3			1.0
3552.2			1.0
3553.1			1.0
3554.0			1.0
3554.9			1.0
3555.8			1.0
3556.7			1.0
3557.6			1.0
3558.5			1.0
3559.4			1.0
3560.3			1.0
3561.2			1.0
3562.1			1.0
3563.0			1.0
3563.9			1.0
3564.8			1.0
3565.7			1.0
3566.6			1.0
3567.5			1.0
3568.4			1.0
3569.3			1.0
3570.2			1.0
3571.1			1.0
3572.0			1.0
3572.9			1.0
3573.8			1.0
3574.7			1.0
3575.6			1.0
3576.5			1.0
3577.4			1.0
3578.3			1.0
3579.2			1.0
3580.1			1.0
3581.0			1.0
3581.9			1.0
3582.8			1.0
3583.7			1.0
3584.6			1.0
3585.5			1.0
3586.4			1.0
3587.3			1.0
3588.2			1.0
3589.1			1.0
3590.0			1.0
3590.9			1.0
3591.8			1.0
3592.7			1.0
3593.6			1.0
3594.5			1.0
3595.4			1.0
3596.3			1.0
3597.2			1.0
3598.1			1.0
3599.0			1.0
3599.9			1.0
3600.8			1.0
3601.7			1.0
3602.6			1.0
3603.5			1.0
3604.4			1.0
3605.3			1.0
3606.2			1.0
3607.1			1.0
3608.0			1.0
3608.9			1.0
3609.8			1.0
3610.7			1.0
3611.6			1.0
3612.5			1.0
3613.4			1.0
3614.3			1.0
3615.2			1.0
3616.1			1.0
3617.0			1.0
3617.9			1.0
3618.8			1.0
3619.7			1.0
3620.6			1.0
3621.5			1.0
3622.4			1.0
3623.3			1.0
3624.2			1.0
3625.1			1.0
3626.0			1.0
3626.9			1.0
3627.8			1.0
3628.7			1.0
3629.6			1.0
3630.5			1.0
3631.4			1.0
3632.3			1.0
3633.2			1.0
3634.1			1.0
3635.0			1.0
3635.9			1.0
3636.8			1.0
3637.7			1.0
3638.6			1.0
3639.5			1.0
3640.4			1.0
3641.3			1.0
3642.2			1.0
3643.1			1.0
3644.0			1.0
3644.9			1.0
3645.8			1.0
3646.7			1.0
3647.6			1.0
3648.5			1.0
3649.4			1.0
3650.3			1.0
3651.2			1.0
3652.1			1.0
3653.0			1.0
3653.9			1.0
3654.8			1.0
3655.7			1.0
3656.6			1.0
3657.5			1.0
3658.4			1.0
3659.3			1.0
3660.2			1.0
3661.1			1.0
3662.0			1.0
3662.9			1.0
3663.8			1.0
3664.7			1.0
3665.6			1.0
3666.5			1.0
3667.4			1.0
3668.3			1.0
3669.2			1.0
3670.1			1.0
3671.0			1.0
3671.9			1.0
3672.8			1.0
3673.7			1.0
3674.6			1.0
3675.5			1.0
3676.4			1.0
3677.3			1.0
3678.2			1.0
3679.1			1.0
3680.0			1.0
3680.9			1.0
3681.8			1.0
3682.7			1.0
3683.6			1.0
3684.5			1.0
3685.4			1.0
3686.3			1.0
3687.2			1.0
3688.1			1.0
3689.0			1.0
3689.9			1.0
3690.8			1.0
3691.7			1.0
3692.6			1.0
3693.5			1.0
3694.4			1.0
3695.3			1.0
3696.2			1.0
3697.1			1.0
3698.0			1.0
3698.9			1.0
3699.8			1.0
3700.7			1.0
3701.6			1.0
3702.5			1.0
3703.4			1.0
3704.3			1.0
3705.2			1.0
3706.1			1.0
3707.0			1.0
3707.9			1.0
3708.8			1.0
3709.7			1.0
3710.6			1.0
3711.5			1.0
3712.4			1.0
3713.3			1.0
3714.2			1.0
3715.1			1.0
3716.0			1.0
3716.9			1.0
3717.8			1.0
3718.7			1.0
3719.6			1.0
3720.5			1.0
3721.4			1.0
3722.3			1.0
3723.2			1.0
3724.1			1.0
3725.0			1.0
3725.9			1.0
3726.8			1.0
3727.7			1.0
3728.6			1.0
3729.5			1.0
3730.4			1.0
3731.3			1.0
3732.2			1.0
3733.1			1.0
3734.0			1.0
3734.9			1.0
3735.8			1.0
3736.7			1.0
3737.6			1.0
3738.5			1.0
3739.4			1.0
3740.3			1.0
3741.2			1.0
3742.1			1.0
3743.0			1.0
3743.9			1.0
3744.8			1.0
3745.7			1.0
3746.6			1.0
3747.5			1.0
3748.4			1.0
3749.3			1.0
3750.2			1.0
3751.1			1.0
3752.0			1.0
3752.9			1.0
3753.8			1.0
3754.7			1.0
3755.6			1.0
3756.5			1.0
3757.4			1.0
3758.3			1.0
3759.2			1.0
3760.1			1.0
3761.0			1.0
3761.9			1.0
3762.8			1.0
3763.7			1.0
3764.6			1.0
3765.5			1.0
3766.4			1.0
3767.3			1.0
3768.2			1.0
3769.1			1.0
3770.0			1.0
3770.9			1.0
3771.8			1.0
3772.7			1.0
3773.6			1.0
3774.5			1.0
3775.4			1.0
3776.3			1.0
3777.2			1.0
3778.1			1.0
3779.0			1.0
3779.9			1.0
3780.8			1.0
3781.7			1.0
3782.6			1.0
3783.5			1.0
3784.4			1.0
3785.3			1.0
3786.2			1.0
3787.1			1.0
3788.0			1.0
3788.9			1.0
3789.8			1.0
3790.7			1.0
3791.6			1.0
3792.5			1.0
3793.4			1.0
3794.3			1.0
3795.2			1.0
3796.1			1.0
3797.0			1.0
3797.9			1.0
3798.8			1.0
3799.7			1.0
3800.6			1.0
3801.5			1.0
3802.4			1.0
3803.3			1.0
3804.2			1.0
3805.1			1.0
3806.0			1.0
3806.9			1.0
3807.8			1.0
3808.7			1.0
3809.6			1.0
3810.5			1.0
3811.4			1.0
3812.3			1.0
3813.2			1.0
3814.1			1.0
3815.0			1.0
3815.9			1.0
3816.8			1.0
3817.7			1.0
3818.6			1.0
3819.5			1.0
3820.4			1.0
3821.3			1.0
3822.2			1.0
3823.1			1.0
3824.0			1.0
3824.9			1.0
3825.8			1.0
3826.7			1.0
3827.6			1.0
3828.5			1.0
3829.4			1.0
3830.3			1.0
3831.2			1.0
3832.1			1.0
3833.0			1.0
3833.9			1.0
3834.8			1.0
3835.7			1.0
3836.6			1.0
3837.5			1.0
3838.4			1.0
3839.3			1.0
3840.2			1.0
3841.1			1.0
3842.0			1.0
3842.9			1.0
3843.8			1.0
3844.7			1.0
3845.6			1.0
3846.5			1.0
3847.4			1.0
3848.3			1.0
3849.2			1.0
3850.1			1.0
3851.0			1.0
3851.9			1.0
3852.8			1.0
3853.7			1.0
3854.6			1.0
3855.5			1.0
3856.4			1.0
3857.3			1.0
3858.2			1.0
3859.1			1.0
3860.0			1.0
3860.9			1.0
3861.8			1.0
3862.7			1.0
3863.6			1.0
3864.5			1.0
3865.4			1.0
3866.3			1.0
3867.2			1.0
3868.1			1.0
3869.0			1.0
3869.9			1.0
3870.8			1.0
3871.7			1.0
3872.6			1.0
3873.5			1.0
3874.4			1.0
3875.3			1.0
3876.2			1.0
3877.1			1.0
3878.0			1.0
3878.9			1.0
3879.8			1.0
3880.7			1.0
3881.6			1.0
3882.5			1.0
3883.4			1.0
3884.3			1.0
3885.2			1.0
3886.1			1.0
3887.0			1.0
3887.9			1.0
3888.8			1.0
3889.7			1.0
3890.6			1.0
3891.5			1.0
3892.4			1.0
3893.3			1.0
3894.2			1.0
3895.1			1.0
3896.0			1.0
3896.9			1.0
3897.8			1.0
3898.7			1.0
3899.6			1.0
3900.5			1.0
3901.4			1.0
3902.3			1.0
3903.2			1.0
3904.1			1.0
3905.0			1.0
3905.9			1.0
3906.8			1.0
3907.7			1.0
3908.6			1.0
3909.5			1.0
3910.4			1.0
3911.3			1.0
3912.2			1.0
3913.1			1.0
3914.0			1.0
3914.9			1.0
3915.8			1.0
3916.7			1.0
3917.6			1.0
3918.5			1.0
3919.4			1.0
3920.3			1.0
3921.2			1.0
3922.1			1.0
3923.0			1.0
3923.9			1.0
3924.8			1.0
3925.7			1.0
3926.6			1.0
3927.5			1.0
3928.4			1.0
3929.3			1.0
3930.2			1.0
3931.1			1.0
3932.0			1.0
3932.9			1.0
3933.8			1.0
3934.7			1.0
3935.6			1.0
3936.5			1.0
3937.4			1.0
3938.3			1.0
3939.2			1.0
3940.1			1.0
3941.0			1.0
3941.9			1.0
3942.8			1.0
3943.7			1.0
3944.6			1.0
3945.5			1.0
3946.4			1.0
3947.3			1.0
3948.2			1.0
3949.1			1.0
3950.0			1.0
3950.9			1.0
3951.8			1.0
3952.7			1.0
3953.6			1.0
3954.5			1.0
3955.4			1.0
3956.3			1.0
3957.2			1.0
3958.1			1.0
3959.0			1.0
3959.9			1.0
3960.8			1.0
3961.7			1.0
3962.6			1.0
3963.5			1.0
3964.4			1.0
3965.3			1.0
3966.2			1.0
3967.1			1.0
3968.0			1.0
3968.9			1.0
3969.8			1.0
3970.7			1.0
3971.6			1.0
3972.5			1.0
3973.4			1.0
3974.3			1.0
3975.2			1.0
3976.1			1.0
3977.0			1.0
3977.9			1.0
3978.8			1.0
3979.7			1.0
3980.6			1.0
3981.5			1.0
3982.4			1.0
3983.3			1.0
3984.2			1.0
3985.1			1.0
3986.0			1.0
3986.9			1.0
3987.8			1.0
3988.7			1.0
3989.6			1.0
3990.5			1.0
3991.4			1.0
3992.3			1.0
3993.2			1.0
3994.1			1.0
3995.0			1.0
3995.9			1.0
3996.8			1.0
3997.7			1.0
3998.6			1.0
3999.5			1.0
4000.4			1.0
4001.3			1.0
4002.2			1.0
4003.1			1.0
4004.0			1.0
4004.9			1.0
4005.8			1.0
4006.7			1.0
4007.6			0.9935965450152295
4008.5			0.9741729637393685
4009.4			0.9450499805729548
4010.3			0.9309568971946095
4011.2			0.9485591898824512
4012.1			0.9784459028668371
4013.0			0.9999729593709695
4013.9			1.0
4014.8			1.0
4015.7			1.0
4016.6			1.0
4017.5			1.0
4018.4			1.0
4019.3			1.0
4020.2			1.0
4021.1			1.0
4022.0			1.0
4022.9			1.0
4023.8			1.0
4024.7			0.969023308667507
4025.6			0.9103695290954409
4026.5			0.8438391602992328
4027.4			0.8402878809594938
4028.3			0.9089164660891182
4029.2			0.9788781016779139
4030.1			1.000308759667528
4031.0			1.0
4031.9			1.0
4032.8			1.0
4033.7			1.0
4034.6			1.0
4035.5			1.0
4036.4			1.0
4037.3			1.0
4038.2			1.0
4039.1			1.0
4040.0			1.0026232002849638
4040.9			0.9891656361773672
4041.8			0.9752128059711027
4042.7			0.9690366908740391
4043.6			0.9795179217341351
4044.5			0.9974220346577626
4045.4			0.9988558785859109
4046.3			1.0
4047.2			1.0
4048.1			1.0
4049.0			1.0
4049.9			1.0
4050.8			1.0
4051.7			1.0
4052.6			1.0
4053.5			1.0
4054.4			1.0
4055.3			1.0
4056.2			1.0
4057.1			1.0
4058.0			1.0
4058.9			1.0
4059.8			1.0
4060.7			1.0
4061.6			1.0
4062.5			1.0
4063.4			1.0
4064.3			1.0
4065.2			0.9959149923384853
4066.1			0.9961236733374345
4067.0			0.9991473607136288
4067.9			0.9959004437529949
4068.8			0.9815635775586113
4069.7			0.9458078971271335
4070.6			0.9141261944500148
4071.5			0.9126103335514477
4072.4			0.9160742622770536
4073.3			0.9133080303544557
4074.2			0.9353772725256763
4075.1			0.9514372897743297
4076.0			0.9437062056569615
4076.9			0.9287215213603486
4077.8			0.9380169611678462
4078.7			0.9641951815901274
4079.6			0.9764700887968857
4080.5			0.9880677177162787
4081.4			0.9995803971145244
4082.3			1.0
4083.2			1.0
4084.1			1.0
4085.0			1.0
4085.9			1.0
4086.8			1.0
4087.7			1.0
4088.6			1.0
4089.5			1.0
4090.4			1.0
4091.3			1.0
4092.2			1.0
4093.1			1.0
4094.0			1.0
4094.9			1.0
4095.8			1.0
4096.7			1.0
4097.6			1.0
4098.5			0.9967222978963921
4099.4			0.9971341832438136
4100.3			0.9686321322304462
4101.2			0.8921304953817345
4102.1			0.8209408887931414
4103.0			0.8237993299953381
4103.9			0.8967973990440186
4104.8			0.9692340678907685
4105.7			1.000804928995482
4106.6			1.0
4107.5			1.0
4108.4			1.0
4109.3			1.0
4110.2			1.0
4111.1			1.0
4112.0			1.0
4112.9			1.0
4113.8			1.0
4114.7			1.0
4115.6			1.0
4116.5			1.0
4117.4			1.0
4118.3			1.0050294143072664
4119.2			0.9976121646259759
4120.1			0.9643030521007661
4121.0			0.9285194179436046
4121.9			0.9270571670581076
4122.8			0.961119966277526
4123.7			1.0023390697193324
4124.6			1.0
4125.5			1.0
4126.4			1.0
4127.3			1.0
4128.2			1.0
4129.1			1.0
4130.0			1.0
4130.9			1.0
4131.8			1.0
4132.7			1.0
4133.6			1.0
4134.5			1.0
4135.4			1.0
4136.3			1.0
4137.2			1.0
4138.1			1.0
4139.0			1.0
4139.9			1.0
4140.8			1.0
4141.7			1.0003057307606351
4142.6			0.9834593987033367
4143.5			0.9472145940375907
4144.4			0.9046825131633397
4145.3			0.910231254444585
4146.2			0.9624945672694395
4147.1			1.000885848638619
4148.0			1.0
4148.9			1.0
4149.8			1.0
4150.7			1.0
4151.6			1.0
4152.5			1.0
4153.4			1.0
4154.3			1.0
4155.2			1.0
4156.1			1.0
4157.0			1.0
4157.9			1.0
4158.8			1.0
4159.7			1.0
4160.6			1.0
4161.5			1.0
4162.4			1.0
4163.3			1.0
4164.2			1.0
4165.1			1.0
4166.0			1.0
4166.9			1.0
4167.8			1.0
4168.7			1.0
4169.6			1.0
4170.5			1.0
4171.4			1.0
4172.3			1.0
4173.2			1.0
4174.1			1.0
4175.0			1.0
4175.9			1.0
4176.8			1.0
4177.7			1.0
4178.6			1.0
4179.5			1.0
4180.4			1.0
4181.3			1.0
4182.2			1.0
4183.1			1.0
4184.0			1.0
4184.9			1.0
4185.8			1.0
4186.7			1.0
4187.6			1.0
4188.5			1.0
4189.4			1.0
4190.3			1.0
4191.2			1.0
4192.1			1.0
4193.0			1.0
4193.9			1.0
4194.8			1.0
4195.7			1.0
4196.6			1.0
4197.5			1.0
4198.4			1.0
4199.3			1.0
4200.2			1.0
4201.1			1.0
4202.0			1.0
4202.9			1.0
4203.8			1.0
4204.7			1.0
4205.6			1.0
4206.5			1.0
4207.4			1.0
4208.3			1.0
4209.2			1.0
4210.1			1.0
4211.0			1.0
4211.9			1.0
4212.8			1.0
4213.7			1.0
4214.6			1.0
4215.5			1.0
4216.4			1.0
4217.3			1.0
4218.2			1.0
4219.1			1.0
4220.0			1.0
4220.9			1.0
4221.8			1.0
4222.7			1.0
4223.6			1.0
4224.5			1.0
4225.4			1.0
4226.3			1.0
4227.2			1.0
4228.1			1.0
4229.0			1.0
4229.9			1.0
4230.8			1.0
4231.7			1.0
4232.6			1.0
4233.5			1.0
4234.4			1.0
4235.3			1.0
4236.2			1.0
4237.1			1.0
4238.0			1.0
4238.9			1.0
4239.8			1.0
4240.7			1.0
4241.6			1.0
4242.5			1.0
4243.4			1.0
4244.3			1.0
4245.2			1.0
4246.1			1.0
4247.0			1.0
4247.9			1.0
4248.8			1.0
4249.7			1.0
4250.6			1.0
4251.5			0.9981390312022349
4252.4			0.9886373526307527
4253.3			0.9649847769677753
4254.2			0.9363790643343237
4255.1			0.9445986130007524
4256.0			0.9791532348791874
4256.9			1.003370971434789
4257.8			1.0
4258.7			1.0
4259.6			1.0
4260.5			1.0
4261.4			1.0
4262.3			1.0
4263.2			1.0
4264.1			1.0
4265.0			1.0
4265.9			1.0
4266.8			1.0
4267.7			1.0
4268.6			1.0
4269.5			1.0
4270.4			1.0
4271.3			1.0
4272.2			1.0
4273.1			1.0
4274.0			1.0
4274.9			1.0
4275.8			1.0
4276.7			1.0
4277.6			1.0
4278.5			1.0
4279.4			1.0
4280.3			1.0
4281.2			1.0
4282.1			1.0
4283.0			1.0
4283.9			1.0
4284.8			1.0
4285.7			1.0
4286.6			1.0
4287.5			1.0
4288.4			1.0
4289.3			1.0
4290.2			1.0
4291.1			1.0
4292.0			1.0
4292.9			1.0
4293.8			1.0
4294.7			1.0
4295.6			1.0
4296.5			1.0
4297.4			1.0
4298.3			1.0
4299.2			1.0
4300.1			1.0
4301.0			1.0
4301.9			1.0
4302.8			1.0
4303.7			1.0
4304.6			1.0
4305.5			1.0
4306.4			1.0
4307.3			1.0
4308.2			1.0
4309.1			1.0
4310.0			1.0
4310.9			1.0
4311.8			1.0
4312.7			1.0
4313.6			1.0
4314.5			0.991722162387688
4315.4			0.9932439952550339
4316.3			0.9895894333350803
4317.2			0.9595027877752283
4318.1			0.9260551971355254
4319.0			0.9195048870742225
4319.9			0.9202209684121498
4320.8			0.9181096851932564
4321.7			0.946779870074057
4322.6			0.983796916474201
4323.5			1.000072569153308
4324.4			1.0
4325.3			1.0
4326.2			1.0
4327.1			1.0
4328.0			1.0
4328.9			1.0
4329.8			1.0
4330.7			1.0
4331.6			1.0
4332.5			1.0
4333.4			1.0
4334.3			1.0
4335.2			1.0
4336.1			1.0
4337.0			1.0
4337.9			0.9700428828114502
4338.8			0.9396651008607766
4339.7			0.8920469573364583
4340.6			0.833900069713955
4341.5			0.8344015006505899
4342.4			0.8974345212312249
4343.3			0.9636715455493647
4344.2			1.0024897594479607
4345.1			1.0002632239598002
4346.0			1.0
4346.9			0.9743402898323003
4347.8			0.9713606341868654
4348.7			0.9574223266521101
4349.6			0.9221604466979305
4350.5			0.891669915430626
4351.4			0.9109435948172628
4352.3			0.9528644776709421
4353.2			0.9838412339446414
4354.1			0.9980906134897345
4355.0			1.0
4355.9			1.0
4356.8			1.0
4357.7			1.0
4358.6			1.0
4359.5			1.0
4360.4			1.0
4361.3			1.0
4362.2			1.0
4363.1			1.0
4364.0			1.0
4364.9			1.0
4365.8			0.990558382646767
4366.7			0.9638975701384868
4367.6			0.9346083389548441
4368.5			0.9349157100461193
4369.4			0.9694768394226347
4370.3			0.99927842312619
4371.2			1.0008219412266246
4372.1			1.0
4373.0			1.0
4373.9			1.0
4374.8			1.0
4375.7			1.0
4376.6			1.0
4377.5			1.0
4378.4			1.0
4379.3			1.0
4380.2			1.0
4381.1			1.0
4382.0			1.0
4382.9			1.0
4383.8			1.0
4384.7			1.0
4385.6			1.0
4386.5			0.9817907039144093
4387.4			0.9362985166105335
4388.3			0.8809441728727088
4389.2			0.8695975574658555
4390.1			0.9170205497178012
4391.0			0.9754569926013016
4391.9			1.0001272795345089
4392.8			1.0
4393.7			1.0
4394.6			1.0
4395.5			1.0
4396.4			1.0
4397.3			1.0
4398.2			1.0
4399.1			1.0
4400.0			1.0
4400.9			1.0
4401.8			1.0
4402.7			1.0
4403.6			1.0
4404.5			1.0
4405.4			1.0
4406.3			1.0
4407.2			1.0
4408.1			1.0
4409.0			1.0
4409.9			1.0
4410.8			1.0
4411.7			1.0
4412.6			0.9993711807435977
4413.5			1.0017531770252948
4414.4			0.9773154348745059
4415.3			0.9273589379021724
4416.2			0.8965627500530071
4417.1			0.8980576293439022
4418.0			0.9164747694696417
4418.9			0.9439863888460539
4419.8			0.9715161172253225
4420.7			0.9859476259587389
4421.6			1.0017075701622906
4422.5			1.0
4423.4			1.0
4424.3			1.0
4425.2			1.0
4426.1			1.0
4427.0			1.0
4427.9			1.0
4428.8			1.0
4429.7			1.0
4430.6			1.0
4431.5			1.0
4432.4			1.0
4433.3			1.0
4434.2			1.0
4435.1			1.0
4436.0			1.0
4436.9			1.0
4437.8			1.0
4438.7			1.0
4439.6			1.0
4440.5			1.0
4441.4			1.0
4442.3			1.0
4443.2			1.0
4444.1			1.0
4445.0			1.0
4445.9			1.0
4446.8			1.0
4447.7			1.0
4448.6			1.0
4449.5			1.0
4450.4			1.0
4451.3			1.0
4452.2			1.0
4453.1			1.0
4454.0			1.0
4454.9			1.0
4455.8			1.0
4456.7			1.0
4457.6			1.0
4458.5			1.0
4459.4			1.0
4460.3			1.0
4461.2			1.0
4462.1			1.0
4463.0			1.0
4463.9			1.0
4464.8			1.0
4465.7			1.0
4466.6			1.0
4467.5			1.0
4468.4			1.0
4469.3			0.9923096111106924
4470.2			0.9651827235108499
4471.1			0.9078930728859942
4472.0			0.8477439846523634
4472.9			0.8568651283170863
4473.8			0.9308286791696682
4474.7			0.9999141737048383
4475.6			1.0
4476.5			1.0
4477.4			1.0
4478.3			1.0
4479.2			0.9919280555872505
4480.1			0.9740283768527378
4481.0			0.9475508692005973
4481.9			0.9290125231365194
4482.8			0.9421080029472035
4483.7			0.9754452749630204
4484.6			1.0000019524685475
4485.5			1.0
4486.4			1.0
4487.3			1.0
4488.2			1.0
4489.1			1.0
4490.0			1.0
4490.9			1.0
4491.8			1.0
4492.7			1.0
4493.6			1.0
4494.5			1.0
4495.4			1.0
4496.3			1.0
4497.2			1.0
4498.1			1.0
4499.0			1.0
4499.9			1.0
4500.8			1.0
4501.7			1.0
4502.6			1.0
4503.5			1.0
4504.4			1.0
4505.3			1.0
4506.2			1.0
4507.1			1.0
4508.0			1.0
4508.9			1.0
4509.8			1.0
4510.7			1.0
4511.6			1.0
4512.5			1.0
4513.4			1.0
4514.3			1.0
4515.2			1.0
4516.1			1.0
4517.0			1.0
4517.9			1.0
4518.8			1.0
4519.7			1.0
4520.6			1.0
4521.5			1.0
4522.4			1.0
4523.3			1.0
4524.2			1.0
4525.1			1.0
4526.0			1.0
4526.9			1.0
4527.8			1.0
4528.7			1.0
4529.6			1.0
4530.5			1.0
4531.4			1.0
4532.3			1.0
4533.2			1.0
4534.1			1.0
4535.0			1.0
4535.9			1.0
4536.8			1.0
4537.7			1.0
4538.6			1.0
4539.5			1.0
4540.4			1.0
4541.3			1.0
4542.2			1.0
4543.1			1.0
4544.0			1.0
4544.9			1.0
4545.8			1.0
4546.7			1.0
4547.6			1.0
4548.5			1.0
4549.4			1.0
4550.3			1.0
4551.2			1.0
4552.1			0.9543261586893403
4553.0			0.88009041521021
4553.9			0.8634232867614077
4554.8			0.9307128092593959
4555.7			0.996311263409076
4556.6			1.0
4557.5			1.0
4558.4			1.0
4559.3			1.0
4560.2			1.0
4561.1			1.0
4562.0			1.0
4562.9			1.0
4563.8			1.0
4564.7			1.0
4565.6			1.0
4566.5			1.0
4567.4			0.9623267952044398
4568.3			0.8931310109046904
4569.2			0.8760836557230878
4570.1			0.9388961931691115
4571.0			0.9990531679184317
4571.9			1.0
4572.8			1.0
4573.7			1.0
4574.6			1.0
4575.5			1.0
4576.4			1.0
4577.3			1.0
4578.2			1.0
4579.1			1.0
4580.0			1.0
4580.9			1.0
4581.8			1.0
4582.7			1.0
4583.6			1.0
4584.5			1.0
4585.4			1.0
4586.3			1.0
4587.2			1.0
4588.1			1.0
4589.0			1.0
4589.9			1.0
4590.8			1.0
4591.7			1.0
4592.6			1.0
4593.5			1.0
4594.4			1.0
4595.3			1.0
4596.2			1.0
4597.1			1.0
4598.0			1.0
4598.9			1.0
4599.8			1.0
4600.7			1.0
4601.6			1.0
4602.5			1.0
4603.4			1.0
4604.3			1.0
4605.2			1.0
4606.1			0.9933272730640477
4607.0			0.9674624573630235
4607.9			0.9392433895309821
4608.8			0.9342906872511894
4609.7			0.9642162139031593
4610.6			0.9867236238201085
4611.5			0.9997760215580398
4612.4			1.0
4613.3			1.0
4614.2			1.0
4615.1			1.0
4616.0			1.0
4616.9			1.0
4617.8			1.0
4618.7			1.0
4619.6			1.0
4620.5			1.0
4621.4			1.0
4622.3			1.0
4623.2			1.0
4624.1			1.0
4625.0			1.0
4625.9			1.0
4626.8			1.0
4627.7			1.0
4628.6			0.9910254650678034
4629.5			0.9691648052678407
4630.4			0.9224001970551161
4631.3			0.8807695365768566
4632.2			0.8964444409937997
4633.1			0.9593369067940831
4634.0			1.0032135674979281
4634.9			1.0
4635.8			1.0
4636.7			1.0
4637.6			1.0
4638.5			1.0
4639.4			1.0
4640.3			1.0
4641.2			1.0
4642.1			1.0
4643.0			1.0
4643.9			1.0
4644.8			1.0
4645.7			1.0
4646.6			1.0137736063732095
4647.5			0.9979311447437758
4648.4			0.9541661702694288
4649.3			0.8829616849849761
4650.2			0.8264816712317135
4651.1			0.8338719436366678
4652.0			0.8904564812596711
4652.9			0.9554426510735351
4653.8			0.9994921750664928
4654.7			1.0
4655.6			1.0
4656.5			1.0
4657.4			1.0
4658.3			1.0
4659.2			1.0
4660.1			1.0
4661.0			0.9789160831674133
4661.9			0.9377772944332927
4662.8			0.919900005826804
4663.7			0.9547077119296697
4664.6			0.9989700460154939
4665.5			1.0
4666.4			1.0
4667.3			1.0
4668.2			1.0
4669.1			1.0
4670.0			1.0
4670.9			1.0
4671.8			1.0
4672.7			1.0
4673.6			1.0
4674.5			0.9881206260665999
4675.4			0.9725365768884221
4676.3			0.9485521391040256
4677.2			0.9269472731397335
4678.1			0.9368602710171978
4679.0			0.9714890321142537
4679.9			0.9999609776593664
4680.8			1.0
4681.7			1.0
4682.6			1.0
4683.5			1.0
4684.4			1.0
4685.3			1.0
4686.2			1.0
4687.1			1.0
4688.0			1.0
4688.9			1.0
4689.8			1.0
4690.7			1.0
4691.6			1.0
4692.5			1.0
4693.4			1.0
4694.3			1.0
4695.2			1.0
4696.1			1.0
4697.0			1.0
4697.9			1.0
4698.8			1.0
4699.7			1.0
4700.6			1.0
4701.5			1.0
4702.4			1.0
4703.3			1.0
4704.2			1.0
4705.1			1.0
4706.0			1.0
4706.9			1.0
4707.8			1.0
4708.7			1.0
4709.6			1.0
4710.5			1.0
4711.4			0.9959131004296533
4712.3			0.9831609312675776
4713.2			0.9545636686811594
4714.1			0.931594877840663
4715.0			0.9561902541632024
4715.9			0.9856150254443936
4716.8			0.9990760858351388
4717.7			1.0
4718.6			1.0
4719.5			1.0
4720.4			1.0
4721.3			1.0
4722.2			1.0
4723.1			1.0
4724.0			1.0
4724.9			1.0
4725.8			1.0
4726.7			1.0
4727.6			1.0
4728.5			1.0
4729.4			1.0
4730.3			1.0
4731.2			1.0
4732.1			1.0
4733.0			1.0
4733.9			1.0
4734.8			1.0
4735.7			1.0
4736.6			1.0
4737.5			1.0
4738.4			1.0
4739.3			1.0
4740.2			1.0
4741.1			1.0
4742.0			1.0
4742.9			1.0
4743.8			1.0
4744.7			1.0
4745.6			1.0
4746.5			1.0
4747.4			1.0
4748.3			1.0
4749.2			1.0
4750.1			1.0
4751.0			1.0
4751.9			1.0
4752.8			1.0
4753.7			1.0
4754.6			1.0
4755.5			1.0
4756.4			1.0
4757.3			1.0
4758.2			1.0
4759.1			1.0
4760.0			1.0
4760.9			1.0
4761.8			1.0
4762.7			1.0
4763.6			1.0
4764.5			1.0
4765.4			1.0
4766.3			1.0
4767.2			1.0
4768.1			1.0
4769.0			1.0
4769.9			1.0
4770.8			1.0
4771.7			1.0
4772.6			1.0
4773.5			1.0
4774.4			1.0
4775.3			1.0
4776.2			1.0
4777.1			1.0
4778.0			1.0
4778.9			1.0
4779.8			1.0
4780.7			1.0
4781.6			1.0
4782.5			1.0
4783.4			1.0
4784.3			1.0
4785.2			1.0
4786.1			1.0
4787.0			1.0
4787.9			1.0
4788.8			1.0
4789.7			1.0
4790.6			1.0
4791.5			1.0
4792.4			1.0
4793.3			1.0
4794.2			1.0
4795.1			1.0
4796.0			1.0
4796.9			1.0
4797.8			1.0
4798.7			1.0
4799.6			1.0
4800.5			1.0
4801.4			1.0
4802.3			1.0
4803.2			1.0
4804.1			1.0
4805.0			1.0
4805.9			1.0
4806.8			1.0
4807.7			1.0
4808.6			1.0
4809.5			1.0
4810.4			1.0
4811.3			1.0
4812.2			1.0
4813.1			1.0
4814.0			1.0
4814.9			1.0
4815.8			1.0
4816.7			1.0
4817.6			1.0
4818.5			1.0
4819.4			1.0
4820.3			1.0
4821.2			1.0
4822.1			1.0
4823.0			1.0
4823.9			1.0
4824.8			1.0
4825.7			1.0
4826.6			1.0
4827.5			1.0
4828.4			1.0
4829.3			1.0
4830.2			1.0
4831.1			1.0
4832.0			1.0
4832.9			1.0
4833.8			1.0
4834.7			1.0
4835.6			1.0
4836.5			1.0
4837.4			1.0
4838.3			1.0
4839.2			1.0
4840.1			1.0
4841.0			1.0
4841.9			1.0
4842.8			1.0
4843.7			1.0
4844.6			1.0
4845.5			1.0
4846.4			1.0
4847.3			1.0
4848.2			1.0
4849.1			1.0
4850.0			1.0
4850.9			1.0
4851.8			1.0
4852.7			1.0
4853.6			1.0
4854.5			1.0
4855.4			1.0
4856.3			1.0
4857.2			0.9866916015708374
4858.1			0.9626783289112164
4859.0			0.9336762062463224
4859.9			0.8942000744271468
4860.8			0.8754152423454986
4861.7			0.9182012869197461
4862.6			0.9908821526540098
4863.5			1.0208772879229426
4864.4			1.0000054676254226
4865.3			1.0
4866.2			1.0
4867.1			1.0
4868.0			1.0
4868.9			1.0
4869.8			1.0
4870.7			1.0
4871.6			1.0
4872.5			1.0
4873.4			1.0
4874.3			1.0
4875.2			1.0
4876.1			1.0
4877.0			1.0
4877.9			1.0
4878.8			1.0
4879.7			1.0
4880.6			1.0
4881.5			1.0
4882.4			1.0
4883.3			1.0
4884.2			1.0
4885.1			1.0
4886.0			1.0
4886.9			1.0
4887.8			1.0
4888.7			1.0
4889.6			1.0
4890.5			1.0
4891.4			1.0
4892.3			1.0
4893.2			1.0
4894.1			1.0
4895.0			1.0
4895.9			1.0
4896.8			1.0
4897.7			1.0
4898.6			1.0
4899.5			1.0
4900.4			1.0
4901.3			1.0
4902.2			1.0
4903.1			1.0
4904.0			1.0
4904.9			1.0
4905.8			1.0
4906.7			1.0
4907.6			1.0
4908.5			1.0
4909.4			1.0
4910.3			1.0
4911.2			1.0
4912.1			1.0
4913.0			1.0
4913.9			1.0
4914.8			1.0
4915.7			1.0
4916.6			1.0
4917.5			1.0
4918.4			1.0
4919.3			1.0
4920.2			0.9887794626539055
4921.1			0.9488933719996607
4922.0			0.8827124992683248
4922.9			0.8372544714519047
4923.8			0.8796511713203271
4924.7			0.9557493559320482
4925.6			1.000466372640292
4926.5			1.0
4927.4			1.0
4928.3			1.0
4929.2			1.0
4930.1			1.0
4931.0			1.0
4931.9			1.0
4932.8			1.0
4933.7			1.0
4934.6			1.0
4935.5			1.0
4936.4			1.0
4937.3			1.0
4938.2			1.0
4939.1			1.0
4940.0			1.0
4940.9			1.0
4941.8			1.0
4942.7			1.0
4943.6			1.0
4944.5			1.0
4945.4			1.0
4946.3			1.0
4947.2			1.0
4948.1			1.0
4949.0			1.0
4949.9			1.0
4950.8			1.0
4951.7			1.0
4952.6			1.0
4953.5			1.0
4954.4			1.0
4955.3			1.0
4956.2			1.0
4957.1			1.0
4958.0			1.0
4958.9			1.0
4959.8			1.0
4960.7			1.0
4961.6			1.0
4962.5			1.0
4963.4			1.0
4964.3			1.0
4965.2			1.0
4966.1			1.0
4967.0			1.0
4967.9			1.0
4968.8			1.0
4969.7			1.0
4970.6			1.0
4971.5			1.0
4972.4			1.0
4973.3			1.0
4974.2			1.0
4975.1			1.0
4976.0			1.0
4976.9			1.0
4977.8			1.0
4978.7			1.0
4979.6			1.0
4980.5			1.0
4981.4			1.0
4982.3			1.0
4983.2			1.0
4984.1			1.0
4985.0			1.0
4985.9			1.0
4986.8			1.0
4987.7			1.0
4988.6			1.0
4989.5			1.0
4990.4			1.0
4991.3			1.0
4992.2			1.0
4993.1			1.0
4994.0			1.0
4994.9			1.0
4995.8			1.0
4996.7			1.0118818244592274
4997.6			1.0237943908643417
4998.5			1.0217983332785052
4999.4			1.0190084499553869
5000.3			1.0097726852478566
5001.2			0.9739521719591159
5002.1			0.9291285057480009
5003.0			0.916854328982064
5003.9			0.942004587162798
5004.8			0.9538287176637485
5005.7			0.9425416018410887
5006.6			0.9399305064866745
5007.5			0.9653758029904459
5008.4			0.9896041288639925
5009.3			1.0004988130246493
5010.2			1.0
5011.1			1.0
5012.0			1.0
5012.9			1.0
5013.8			1.0
5014.7			1.0
5015.6			1.0
5016.5			1.0
5017.4			1.0
5018.3			1.0
5019.2			1.0
5020.1			1.0
5021.0			1.0
5021.9			1.0
5022.8			1.0
5023.7			1.0
5024.6			1.0
5025.5			1.0
5026.4			1.0
5027.3			1.0
5028.2			1.0
5029.1			1.0
5030.0			1.0
5030.9			1.0
5031.8			1.0
5032.7			1.0
5033.6			1.0
5034.5			1.0
5035.4			1.0
5036.3			1.0
5037.2			1.0
5038.1			1.0
5039.0			1.0
5039.9			1.0
5040.8			1.0
5041.7			1.0035519529620116
5042.6			1.0044347489076975
5043.5			0.9977117627530955
5044.4			0.9704508410988971
5045.3			0.9218851834010562
5046.2			0.8943171223586097
5047.1			0.9071734248052432
5048.0			0.9293017634507403
5048.9			0.947705461832945
5049.8			0.9750703552257144
5050.7			1.0021860740652335
5051.6			1.0
5052.5			1.0
5053.4			1.0
5054.3			1.0
5055.2			1.0
5056.1			1.0
5057.0			1.0
5057.9			1.0
5058.8			1.0
5059.7			1.0
5060.6			1.0
5061.5			1.0
5062.4			1.0
5063.3			1.0
5064.2			1.0
5065.1			1.0
5066.0			1.0
5066.9			1.0
5067.8			1.0
5068.7			1.0
5069.6			1.0
5070.5			1.0
5071.4			1.0
5072.3			1.0
5073.2			1.0
5074.1			1.0
5075.0			1.0
5075.9			1.0
5076.8			1.0
5077.7			1.0
5078.6			1.0
5079.5			1.0
5080.4			1.0
5081.3			1.0
5082.2			1.0
5083.1			1.0
5084.0			1.0
5084.9			1.0
5085.8			1.0
5086.7			1.0
5087.6			1.0
5088.5			1.0
5089.4			1.0
5090.3			1.0
5091.2			1.0
5092.1			1.0
5093.0			1.0
5093.9			1.0
5094.8			1.0
5095.7			1.0
5096.6			1.0
5097.5			1.0
5098.4			1.0
5099.3			1.0
5100.2			1.0
5101.1			1.0
5102.0			1.0
5102.9			1.0
5103.8			1.0
5104.7			1.0
5105.6			1.0
5106.5			1.0
5107.4			1.0
5108.3			1.0
5109.2			1.0
5110.1			1.0
5111.0			1.0
5111.9			1.0
5112.8			1.0
5113.7			1.0
5114.6			1.0
5115.5			1.0
5116.4			1.0
5117.3			1.0
5118.2			1.0
5119.1			1.0
5120.0			1.0
5120.9			1.0
5121.8			1.0
5122.7			1.0
5123.6			1.0
5124.5			1.0
5125.4			1.0
5126.3			1.0
5127.2			1.0
5128.1			1.0
5129.0			1.0
5129.9			1.0
5130.8			1.0
5131.7			1.0
5132.6			1.0
5133.5			1.0
5134.4			1.0
5135.3			1.0
5136.2			1.0
5137.1			1.0
5138.0			1.0
5138.9			1.0
5139.8			1.0
5140.7			1.0
5141.6			1.0
5142.5			1.0
5143.4			1.0
5144.3			1.0
5145.2			1.0
5146.1			1.0
5147.0			1.0
5147.9			1.0
5148.8			1.0
5149.7			1.0
5150.6			1.0
5151.5			1.0
5152.4			1.0
5153.3			1.0
5154.2			1.0
5155.1			1.0
5156.0			1.0
5156.9			1.0
5157.8			1.0
5158.7			1.0
5159.6			1.0
5160.5			1.0
5161.4			1.0
5162.3			1.0
5163.2			1.0
5164.1			1.0
5165.0			1.0
5165.9			1.0
5166.8			1.0
5167.7			1.0
5168.6			1.0
5169.5			1.0
5170.4			1.0
5171.3			1.0
5172.2			1.0
5173.1			1.0
5174.0			1.0
5174.9			1.0
5175.8			1.0
5176.7			1.0
5177.6			1.0
5178.5			1.0
5179.4			1.0
5180.3			1.0
5181.2			1.0
5182.1			1.0
5183.0			1.0
5183.9			1.0
5184.8			1.0
5185.7			1.0
5186.6			1.0
5187.5			1.0
5188.4			1.0
5189.3			1.0
5190.2			1.0
5191.1			1.0
5192.0			1.0
5192.9			1.0
5193.8			1.0
5194.7			1.0
5195.6			1.0
5196.5			1.0
5197.4			1.0
5198.3			1.0
5199.2			1.0
5200.1			1.0
5201.0			1.0
5201.9			1.0
5202.8			1.0
5203.7			1.0
5204.6			1.0
5205.5			1.0
5206.4			1.0
5207.3			1.0
5208.2			1.0
5209.1			1.0
5210.0			1.0
5210.9			1.0
5211.8			1.0
5212.7			1.0
5213.6			1.0
5214.5			1.0
5215.4			1.0
5216.3			1.0
5217.2			1.0
5218.1			1.0
5219.0			1.0
5219.9			1.0
5220.8			1.0
5221.7			1.0
5222.6			1.0
5223.5			1.0
5224.4			1.0
5225.3			1.0
5226.2			1.0
5227.1			1.0
5228.0			1.0
5228.9			1.0
5229.8			1.0
5230.7			1.0
5231.6			1.0
5232.5			1.0
5233.4			1.0
5234.3			1.0
5235.2			1.0
5236.1			1.0
5237.0			1.0
5237.9			1.0
5238.8			1.0
5239.7			1.0
5240.6			1.0
5241.5			1.0
5242.4			1.0
5243.3			1.0
5244.2			1.0
5245.1			1.0
5246.0			1.0
5246.9			1.0
5247.8			1.0
5248.7			1.0
5249.6			1.0
5250.5			1.0
5251.4			1.0
5252.3			1.0
5253.2			1.0
5254.1			1.0
5255.0			1.0
5255.9			1.0
5256.8			1.0
5257.7			1.0
5258.6			1.0
5259.5			1.0
5260.4			1.0
5261.3			1.0
5262.2			1.0
5263.1			1.0
5264.0			1.0
5264.9			1.0
5265.8			1.0
5266.7			1.0
5267.6			1.0
5268.5			1.0
5269.4			1.0
5270.3			1.0
5271.2			1.0
5272.1			1.0
5273.0			1.0
5273.9			1.0
5274.8			1.0
5275.7			1.0
5276.6			1.0
5277.5			1.0
5278.4			1.0
5279.3			1.0
5280.2			1.0
5281.1			1.0
5282.0			1.0
5282.9			1.0
5283.8			1.0
5284.7			1.0
5285.6			1.0
5286.5			1.0
5287.4			1.0
5288.3			1.0
5289.2			1.0
5290.1			1.0
5291.0			1.0
5291.9			1.0
5292.8			1.0
5293.7			1.0
5294.6			1.0
5295.5			1.0
5296.4			1.0
5297.3			1.0
5298.2			1.0
5299.1			1.0
5300.0			1.0
5300.9			1.0
5301.8			1.0
5302.7			1.0
5303.6			1.0
5304.5			1.0
5305.4			1.0
5306.3			1.0
5307.2			1.0
5308.1			1.0
5309.0			1.0
5309.9			1.0
5310.8			1.0
5311.7			1.0
5312.6			1.0
5313.5			1.0
5314.4			1.0
5315.3			1.0
5316.2			1.0
5317.1			1.0
5318.0			1.0
5318.9			1.0
5319.8			1.0
5320.7			1.0
5321.6			1.0
5322.5			1.0
5323.4			1.0
5324.3			1.0
5325.2			1.0
5326.1			1.0
5327.0			1.0
5327.9			1.0
5328.8			1.0
5329.7			1.0
5330.6			1.0
5331.5			1.0
5332.4			1.0
5333.3			1.0
5334.2			1.0
5335.1			1.0
5336.0			1.0
5336.9			1.0
5337.8			1.0
5338.7			1.0
5339.6			1.0
5340.5			1.0
5341.4			1.0
5342.3			1.0
5343.2			1.0
5344.1			1.0
5345.0			1.0
5345.9			1.0
5346.8			1.0
5347.7			1.0
5348.6			1.0
5349.5			1.0
5350.4			1.0
5351.3			1.0
5352.2			1.0
5353.1			1.0
5354.0			1.0
5354.9			1.0
5355.8			1.0
5356.7			1.0
5357.6			1.0
5358.5			1.0
5359.4			1.0
5360.3			1.0
5361.2			1.0
5362.1			1.0
5363.0			1.0
5363.9			1.0
5364.8			1.0
5365.7			1.0
5366.6			1.0
5367.5			1.0
5368.4			1.0
5369.3			1.0
5370.2			1.0
5371.1			1.0
5372.0			1.0
5372.9			1.0
5373.8			1.0
5374.7			1.0
5375.6			1.0
5376.5			1.0
5377.4			1.0
5378.3			1.0
5379.2			1.0
5380.1			1.0
5381.0			1.0
5381.9			1.0
5382.8			1.0
5383.7			1.0
5384.6			1.0
5385.5			1.0
5386.4			1.0
5387.3			1.0
5388.2			1.0
5389.1			1.0
5390.0			1.0
5390.9			1.0
5391.8			1.0
5392.7			1.0
5393.6			1.0
5394.5			1.0
5395.4			1.0
5396.3			1.0
5397.2			1.0
5398.1			1.0
5399.0			1.0
5399.9			1.0
5400.8			1.0
5401.7			1.0
5402.6			1.0
5403.5			1.0
5404.4			1.0
5405.3			1.0
5406.2			1.0
5407.1			1.0
5408.0			1.0
5408.9			1.0
5409.8			1.0
5410.7			1.0
5411.6			1.0
5412.5			1.0
5413.4			1.0
5414.3			1.0
5415.2			1.0
5416.1			1.0
5417.0			1.0
5417.9			1.0
5418.8			1.0
5419.7			1.0
5420.6			1.0
5421.5			1.0
5422.4			1.0
5423.3			1.0
5424.2			1.0
5425.1			1.0
5426.0			1.0
5426.9			1.0
5427.8			1.0
5428.7			1.0
5429.6			1.0
5430.5			1.0
5431.4			1.0
5432.3			1.0
5433.2			1.0
5434.1			1.0
5435.0			1.0
5435.9			1.0
5436.8			1.0
5437.7			1.0
5438.6			1.0
5439.5			1.0
5440.4			1.0
5441.3			1.0
5442.2			1.0
5443.1			1.0
5444.0			1.0
5444.9			1.0
5445.8			1.0
5446.7			1.0
5447.6			1.0
5448.5			1.0
5449.4			1.0
5450.3			1.0
5451.2			1.0
5452.1			1.0
5453.0			1.0
5453.9			1.0
5454.8			1.0
5455.7			1.0
5456.6			1.0
5457.5			1.0
5458.4			1.0
5459.3			1.0
5460.2			1.0
5461.1			1.0
5462.0			1.0
5462.9			1.0
5463.8			1.0
5464.7			1.0
5465.6			1.0
5466.5			1.0
5467.4			1.0
5468.3			1.0
5469.2			1.0
5470.1			1.0
5471.0			1.0
5471.9			1.0
5472.8			1.0
5473.7			1.0
5474.6			1.0
5475.5			1.0
5476.4			1.0
5477.3			1.0
5478.2			1.0
5479.1			1.0
5480.0			1.0
5480.9			1.0
5481.8			1.0
5482.7			1.0
5483.6			1.0
5484.5			1.0
5485.4			1.0
5486.3			1.0
5487.2			1.0
5488.1			1.0
5489.0			1.0
5489.9			1.0
5490.8			1.0
5491.7			1.0
5492.6			1.0
5493.5			1.0
5494.4			1.0
5495.3			1.0
5496.2			1.0
5497.1			1.0
5498.0			1.0
5498.9			1.0
5499.8			1.0
5500.7			1.0
5501.6			1.0
5502.5			1.0
5503.4			1.0
5504.3			1.0
5505.2			1.0
5506.1			1.0
5507.0			1.0
5507.9			1.0
5508.8			1.0
5509.7			1.0
5510.6			1.0
5511.5			1.0
5512.4			1.0
5513.3			1.0
5514.2			1.0
5515.1			1.0
5516.0			1.0
5516.9			1.0
5517.8			1.0
5518.7			1.0
5519.6			1.0
5520.5			1.0
5521.4			1.0
5522.3			1.0
5523.2			1.0
5524.1			1.0
5525.0			1.0
5525.9			1.0
5526.8			1.0
5527.7			1.0
5528.6			1.0
5529.5			1.0
5530.4			1.0
5531.3			1.0
5532.2			1.0
5533.1			1.0
5534.0			1.0
5534.9			1.0
5535.8			1.0
5536.7			1.0
5537.6			1.0
5538.5			1.0
5539.4			1.0
5540.3			1.0
5541.2			1.0
5542.1			1.0
5543.0			1.0
5543.9			1.0
5544.8			1.0
5545.7			1.0
5546.6			1.0
5547.5			1.0
5548.4			1.0
5549.3			1.0
5550.200000000001			1.0
5551.1			1.0
5552.0			1.0
5552.9			1.0
5553.8			1.0
5554.700000000001			1.0
5555.6			1.0
5556.5			1.0
5557.4			1.0
5558.3			1.0
5559.200000000001			1.0
5560.1			1.0
5561.0			1.0
5561.9			1.0
5562.8			1.0
5563.700000000001			1.0
5564.6			1.0
5565.5			1.0
5566.4			1.0
5567.3			1.0
5568.200000000001			1.0
5569.1			1.0
5570.0			1.0
5570.9			1.0
5571.8			1.0
5572.700000000001			1.0
5573.6			1.0
5574.5			1.0
5575.4			1.0
5576.3			1.0
5577.200000000001			1.0
5578.1			1.0
5579.0			1.0
5579.9			1.0
5580.8			1.0
5581.700000000001			1.0
5582.6			1.0
5583.5			1.0
5584.4			1.0
5585.3			1.0
5586.200000000001			1.0
5587.1			1.0
5588.0			1.0
5588.9			1.0
5589.8			1.0
5590.700000000001			1.0
5591.6			1.0
5592.5			1.0
5593.4			1.0
5594.3			1.0
5595.200000000001			1.0
5596.1			1.0
5597.0			1.0
5597.9			1.0
5598.8			1.0
5599.700000000001			1.0
5600.6			1.0
5601.5			1.0
5602.4			1.0
5603.3			1.0
5604.200000000001			1.0
5605.1			1.0
5606.0			1.0
5606.9			1.0
5607.8			1.0
5608.700000000001			1.0
5609.6			1.0
5610.5			1.0
5611.4			1.0
5612.3			1.0
5613.200000000001			1.0
5614.1			1.0
5615.0			1.0
5615.9			1.0
5616.8			1.0
5617.700000000001			1.0
5618.6			1.0
5619.5			1.0
5620.4			1.0
5621.3			1.0
5622.200000000001			1.0
5623.1			1.0
5624.0			1.0
5624.9			1.0
5625.8			1.0
5626.700000000001			1.0
5627.6			1.0
5628.5			1.0
5629.4			1.0
5630.3			1.0
5631.200000000001			1.0
5632.1			1.0
5633.0			1.0
5633.9			1.0
5634.8			1.0
5635.700000000001			1.0
5636.6			1.0
5637.5			1.0
5638.4			1.0
5639.3			1.0
5640.200000000001			1.0
5641.1			1.0
5642.0			1.0
5642.9			1.0
5643.8			1.0
5644.700000000001			1.0
5645.6			1.0
5646.5			1.0
5647.4			1.0
5648.3			1.0
5649.200000000001			1.0
5650.1			1.0
5651.0			1.0
5651.9			1.0
5652.8			1.0
5653.700000000001			1.0
5654.6			1.0
5655.5			1.0
5656.4			1.0
5657.3			1.0
5658.200000000001			1.0
5659.1			1.0
5660.0			1.0
5660.9			1.0
5661.8			1.0
5662.700000000001			1.0
5663.6			1.0
5664.5			1.0
5665.4			0.9843843342202728
5666.3			0.9363279457489633
5667.200000000001			0.8725998428110602
5668.1			0.854195429922183
5669.0			0.9066669401143721
5669.9			0.9710503662960869
5670.8			1.0003949075976395
5671.700000000001			1.0
5672.6			1.0
5673.5			1.0
5674.4			1.0
5675.3			0.9757726896273059
5676.200000000001			0.929386307700827
5677.1			0.8909579854403803
5678.0			0.8995257451409618
5678.9			0.9123823786140455
5679.8			0.8639917748355979
5680.700000000001			0.8199102837870164
5681.6			0.8669141859810149
5682.5			0.9598926000584913
5683.4			1.0180530391110132
5684.3			1.0374835428318352
5685.200000000001			1.028276283597363
5686.1			1.0013816100948543
5687.0			1.0
5687.9			1.0
5688.8			1.0
5689.700000000001			1.0
5690.6			1.0
5691.5			1.0
5692.4			1.0
5693.3			1.0
5694.200000000001			1.0
5695.1			1.0
5696.0			1.0
5696.9			1.0
5697.8			1.0
5698.700000000001			1.0
5699.6			1.0
5700.5			1.0
5701.4			1.0
5702.3			1.0
5703.200000000001			1.0
5704.1			1.0
5705.0			1.0
5705.9			1.0
5706.8			1.0
5707.700000000001			1.0
5708.6			1.0
5709.5			1.0
5710.4			1.0
5711.3			1.0
5712.200000000001			1.0
5713.1			1.0
5714.0			1.0
5714.9			1.0
5715.8			1.0
5716.700000000001			1.0
5717.6			1.0
5718.5			1.0
5719.4			1.0
5720.3			1.0
5721.200000000001			1.0
5722.1			1.0
5723.0			1.0
5723.9			1.0
5724.8			1.0
5725.700000000001			1.0
5726.6			1.0
5727.5			1.0
5728.4			1.0
5729.3			1.0
5730.200000000001			1.0
5731.1			1.0
5732.0			1.0
5732.9			1.0
5733.8			1.0
5734.700000000001			1.0
5735.6			1.0
5736.5			1.0
5737.4			1.0
5738.3			0.9935131617994156
5739.200000000001			0.9680269223881145
5740.1			0.9142514593090793
5741.0			0.8630550811122114
5741.9			0.8798088448591626
5742.8			0.950186426982284
5743.700000000001			1.0014563672432772
5744.6			1.0
5745.5			1.0
5746.4			1.0
5747.3			1.0
5748.200000000001			1.0
5749.1			1.0
5750.0			1.0
5750.9			1.0
5751.8			1.0
5752.700000000001			1.0
5753.6			1.0
5754.5			1.0
5755.4			1.0
5756.3			1.0
5757.200000000001			1.0
5758.1			1.0
5759.0			1.0
5759.9			1.0
5760.8			1.0
5761.700000000001			1.0
5762.6			1.0
5763.5			1.0
5764.4			1.0
5765.3			1.0
5766.200000000001			1.0
5767.1			1.0
5768.0			1.0
5768.9			1.0
5769.8			1.0
5770.700000000001			1.0
5771.6			1.0
5772.5			1.0
5773.4			1.0
5774.3			1.0
5775.200000000001			1.0
5776.1			1.0
5777.0			1.0
5777.9			1.0
5778.8			1.0
5779.700000000001			1.0
5780.6			1.0
5781.5			1.0
5782.4			1.0
5783.3			1.0
5784.200000000001			1.0
5785.1			1.0
5786.0			1.0
5786.9			1.0
5787.8			1.0
5788.700000000001			1.0
5789.6			1.0
5790.5			1.0
5791.4			1.0
5792.3			1.0
5793.200000000001			1.0
5794.1			1.0
5795.0			1.0
5795.9			1.0
5796.8			1.0
5797.700000000001			1.0
5798.6			1.0
5799.5			1.0
5800.4			1.0
5801.3			1.0
5802.200000000001			1.0
5803.1			1.0
5804.0			1.0
5804.9			1.0
5805.8			1.0
5806.700000000001			1.0
5807.6			1.0
5808.5			1.0
5809.4			1.0
5810.3			1.0
5811.200000000001			1.0
5812.1			1.0
5813.0			1.0
5813.9			1.0
5814.8			1.0
5815.700000000001			1.0
5816.6			1.0
5817.5			1.0
5818.4			1.0
5819.3			1.0
5820.200000000001			1.0
5821.1			1.0
5822.0			1.0
5822.9			1.0
5823.8			1.0
5824.700000000001			1.0
5825.6			1.0
5826.5			1.0
5827.4			1.0
5828.3			1.0
5829.200000000001			1.0
5830.1			1.0
5831.0			1.0
5831.9			1.0
5832.8			1.0
5833.700000000001			1.0
5834.6			1.0
5835.5			1.0
5836.4			1.0
5837.3			1.0
5838.200000000001			1.0
5839.1			1.0
5840.0			1.0
5840.9			1.0
5841.8			1.0
5842.700000000001			1.0
5843.6			1.0
5844.5			1.0
5845.4			1.0
5846.3			1.0
5847.200000000001			1.0
5848.1			1.0
5849.0			1.0
5849.9			1.0
5850.8			1.0
5851.700000000001			1.0
5852.6			1.0
5853.5			1.0
5854.4			1.0
5855.3			1.0
5856.200000000001			1.0
5857.1			1.0
5858.0			1.0
5858.9			1.0
5859.8			1.0
5860.700000000001			1.0
5861.6			1.0
5862.5			1.0
5863.4			1.0
5864.3			1.0
5865.200000000001			1.0
5866.1			1.0
5867.0			1.0
5867.9			1.0
5868.8			1.0
5869.700000000001			1.0
5870.6			1.0
5871.5			1.0
5872.4			0.9826804069987048
5873.3			0.9523339800654304
5874.200000000001			0.906607042804698
5875.1			0.8551586548044474
5876.0			0.8325866267862019
5876.9			0.8728470981176195
5877.8			0.952484098953244
5878.700000000001			1.0006984485161552
5879.6			0.9972112553881299
5880.5			1.0
5881.4			1.0
5882.3			1.0
5883.200000000001			1.0
5884.1			1.0
5885.0			1.0
5885.9			1.0
5886.8			1.0
5887.700000000001			1.0
5888.6			1.0
5889.5			1.0
5890.4			1.0
5891.3			1.0
5892.200000000001			1.0
5893.1			1.0
5894.0			1.0
5894.9			0.9721596528534481
5895.8			0.8736139659259006
5896.700000000001			0.7900203062614121
5897.6			0.8531493429052946
5898.5			0.9916792062711441
5899.4			1.0
5900.3			1.0
5901.200000000001			1.0
5902.1			1.0
5903.0			1.0
5903.9			1.0
5904.8			1.0
5905.700000000001			1.0
5906.6			1.0
5907.5			1.0
5908.4			1.0
5909.3			1.0
5910.200000000001			1.0
5911.1			1.0
5912.0			1.0
5912.9			1.0
5913.8			1.0
5914.700000000001			1.0
5915.6			1.0
5916.5			1.0
5917.4			1.0
5918.3			1.0
5919.200000000001			1.0
5920.1			1.0
5921.0			1.0
5921.9			1.0
5922.8			1.0
5923.700000000001			0.9893189526050428
5924.6			0.9811060829704662
5925.5			0.9779806708070646
5926.4			0.980940908807319
5927.3			0.9795426293088542
5928.200000000001			0.9706044063874162
5929.1			0.9583709437122013
5930.0			0.955958922971933
5930.9			0.9638921787900793
5931.8			0.9601037532758172
5932.700000000001			0.9489816915709897
5933.6			0.9451321098749754
5934.5			0.9563051524918701
5935.4			0.9736413331644226
5936.3			0.9820722137465351
5937.200000000001			0.9809970861394455
5938.1			0.9790343902118165
5939.0			0.9764402233471715
5939.9			0.9764707562904221
5940.8			0.9711979227940588
5941.700000000001			0.9529597020142461
5942.6			0.9316643963012765
5943.5			0.9243002809060616
5944.4			0.9419751351299402
5945.3			0.9679993468156706
5946.200000000001			0.9803076084623507
5947.1			0.9796177927380153
5948.0			0.9785694337517767
5948.9			0.981869558655149
5949.8			0.9808321766645443
5950.700000000001			0.9786033664832093
5951.6			0.9824633304901337
5952.5			0.9825507879709021
5953.4			0.9829605566020503
5954.3			0.9881410934054171
5955.200000000001			0.9960324886495427
5956.1			1.0007915809540568
5957.0			0.9984783253888063
5957.9			0.9958106282089396
5958.8			0.9952159424105357
5959.700000000001			0.9909967011361613
5960.6			0.9844863032007769
5961.5			0.9804134005268025
5962.4			0.9805422400669281
5963.3			0.985292423713315
5964.200000000001			0.9838994517887024
5965.1			0.9812107489521328
5966.0			0.9805409688047435
5966.9			0.9785528583412669
5967.8			0.9757568225835006
5968.700000000001			0.9756012166340295
5969.6			0.9776844000890034
5970.5			0.9766700554288698
5971.4			0.9777118853114657
5972.3			0.9873556229024906
5973.200000000001			0.9908642466100005
5974.1			0.9827964828062113
5975.0			0.9774482363496446
5975.9			0.9772841392613187
5976.8			0.9798756229286012
5977.700000000001			0.9808311272574064
5978.6			0.9820759040990799
5979.5			0.9922867819551843
5980.4			1.0041126399590796
5981.3			1.0031131130415545
5982.200000000001			0.9894821637451682
5983.1			0.9794238774800621
5984.0			0.9806758334939862
5984.9			0.9830605260146866
5985.8			0.9805753087116911
5986.700000000001			0.9787716791938771
5987.6			0.9819080261729167
5988.5			0.9780546257978289
5989.4			0.9691362737928833
5990.3			0.969933702286213
5991.200000000001			0.9749850372708481
5992.1			0.9771162216863403
5993.0			0.9768458421599331
5993.9			0.9748607465527945
5994.8			0.973747629274345
5995.700000000001			0.977813168040385
5996.6			0.9772953960401216
5997.5			0.975683565689864
5998.4			0.9745480439039856
5999.3			0.9741664167325499
6000.200000000001			0.978302594561509
6001.1			0.9849685344944381
6002.0			0.9889617201901513
6002.9			0.9855892428131134
6003.8			0.9788688798236873
6004.700000000001			0.9742974286538617
6005.6			0.9720217785286269
6006.5			0.9699399249503393
6007.4			0.9664629321698007
6008.3			0.9649770971201885
6009.200000000001			0.9651121142658181
6010.1			0.9583794665818853
6011.0			0.9512507627403796
6011.9			0.9511963310893812
6012.8			0.9525004113120608
6013.700000000001			0.9582993261590192
6014.6			0.9662477441039854
6015.5			0.967602890782638
6016.4			0.9680784769882745
6017.3			0.9701593761673328
6018.200000000001			0.9741340207973872
6019.1			0.9761807457475733
6020.0			0.9718361519506509
6020.9			0.9685860639133715
6021.8			0.9703981486993338
6022.700000000001			0.9758092013038507
6023.6			0.9720010360652648
6024.5			0.967211256321467
6025.4			0.9685729389546163
6026.3			0.9685708284575124
6027.200000000001			0.9697741191736073
6028.1			0.9630007052345534
6029.0			0.9571162031497716
6029.9			0.9622713882232422
6030.8			0.9662722647417095
6031.700000000001			0.967246433852775
6032.6			0.9737711759302005
6033.5			0.9808405290225753
6034.4			0.9869325574341784
6035.3			0.9801347970682479
6036.200000000001			0.9660412380352004
6037.1			0.9536357077829121
6038.0			0.9435303518531388
6038.9			0.9430873052916154
6039.8			0.9512131027512651
6040.700000000001			0.9573619336937388
6041.6			0.9583532341754858
6042.5			0.9583679790022815
6043.4			0.9570208005016787
6044.3			0.9547617127550184
6045.200000000001			0.9512414295462626
6046.1			0.9513389103783373
6047.0			0.9585566669368513
6047.9			0.9672942469724398
6048.8			0.9681691172295435
6049.700000000001			0.962647689622046
6050.6			0.9601626244346945
6051.5			0.9618803085214144
6052.4			0.9645669701195655
6053.3			0.9660273317386938
6054.200000000001			0.9667919600654795
6055.1			0.9669682865897141
6056.0			0.966487135864705
6056.9			0.9640706682360246
6057.8			0.9620076178249347
6058.700000000001			0.9614637347386589
6059.6			0.9664706893303806
6060.5			0.968505949818537
6061.4			0.9653402284707051
6062.3			0.9679355173805033
6063.200000000001			0.9748644487020217
6064.1			0.9751496566231898
6065.0			0.9721419921809888
6065.9			0.9713481638266206
6066.8			0.9722877660778354
6067.700000000001			0.9689048031037859
6068.6			0.9654014104304635
6069.5			0.9667742214576932
6070.4			0.9650617815869886
6071.3			0.96652289895602
6072.200000000001			0.9648985043943924
6073.1			0.9626607974804394
6074.0			0.9608913587050699
6074.9			0.9550273531323356
6075.8			0.9535399720486858
6076.700000000001			0.9557635286875129
6077.6			0.9584535374171413
6078.5			0.961734230295744
6079.4			0.9651137327035259
6080.3			0.9663509337239667
6081.200000000001			0.9604148391046072
6082.1			0.9574858571450404
6083.0			0.9605965835909909
6083.9			0.9593682547163396
6084.8			0.9566466958976468
6085.700000000001			0.9586865918477224
6086.6			0.9612062446393481
6087.5			0.962302958182809
6088.4			0.9592657469172249
6089.3			0.9581437450957944
6090.200000000001			0.9585838836542958
6091.1			0.9576988199162271
6092.0			0.9604042990764184
6092.9			0.960124709952369
6093.8			0.9572449367746101
6094.700000000001			0.956961616993031
6095.6			0.9589477739982237
6096.5			0.9646216253836812
6097.4			0.96686440959857
6098.3			0.9636731671580079
6099.200000000001			0.9641324496506556
6100.1			0.9675672826888494
6101.0			0.9666200384980939
6101.9			0.957625834575944
6102.8			0.9552927510100577
6103.700000000001			0.9642558661135232
6104.6			0.9673516008952286
6105.5			0.9639745684940645
6106.4			0.9637742839554182
6107.3			0.9603966715350234
6108.200000000001			0.9573496551527187
6109.1			0.9557994527851621
6110.0			0.9545847450546235
6110.9			0.9534970521632523
6111.8			0.9557719454568051
6112.700000000001			0.9574693820174378
6113.6			0.9507942379692261
6114.5			0.9455921571723788
6115.4			0.9488218465048534
6116.3			0.9504183574361577
6117.200000000001			0.9506773459615202
6118.1			0.9517368553179585
6119.0			0.9533335144620447
6119.9			0.956187812719265
6120.8			0.9563624378176144
6121.700000000001			0.9607283854692614
6122.6			0.9665310742519266
6123.5			0.9669674013850761
6124.4			0.9634047130372801
6125.3			0.9590129900691788
6126.200000000001			0.9569538696338665
6127.1			0.9552621003836617
6128.0			0.9568353064290112
6128.9			0.9651368809596992
6129.8			0.9667692791185802
6130.700000000001			0.9604617334554983
6131.6			0.9564553032684536
6132.5			0.9607939598051887
6133.4			0.9677993083906604
6134.3			0.9636492204362276
6135.200000000001			0.956384156630965
6136.1			0.9546309227326312
6137.0			0.9586148653331252
6137.9			0.9629115541164579
6138.8			0.9630057154353431
6139.700000000001			0.9595900352537952
6140.6			0.9581158039386765
6141.5			0.9577652328295689
6142.4			0.9589451226830682
6143.3			0.9568081031213382
6144.200000000001			0.9537428791140247
6145.1			0.9543814403193007
6146.0			0.9576019057575286
6146.9			0.959858976207072
6147.8			0.9577676700481791
6148.700000000001			0.9541091459070943
6149.6			0.9556150246673991
6150.5			0.9588605217916704
6151.4			0.9592421967562813
6152.3			0.9614594558697847
6153.200000000001			0.9603852673319837
6154.1			0.9572617558285846
6155.0			0.9555034135042019
6155.9			0.9562198800537828
6156.8			0.9577276583916476
6157.700000000001			0.9619049129493609
6158.6			0.965814346975662
6159.5			0.9647624233993845
6160.4			0.9593306652797763
6161.3			0.9563600503680718
6162.200000000001			0.9566379348205908
6163.1			0.9526934330434113
6164.0			0.9477156124362434
6164.9			0.9437399450494749
6165.8			0.9412150619383453
6166.700000000001			0.9379096408307054
6167.6			0.9398177568807276
6168.5			0.9436179836907477
6169.4			0.9456956573548161
6170.3			0.9471233211683153
6171.200000000001			0.9439162532314413
6172.1			0.9374161130773638
6173.0			0.9335475511321932
6173.9			0.9341164979726138
6174.8			0.9346331483950945
6175.700000000001			0.9305252378250211
6176.6			0.9318528155216652
6177.5			0.9344520964761325
6178.4			0.9302666882995059
6179.3			0.9277553876937856
6180.200000000001			0.9284204589218717
6181.1			0.929500280868851
6182.0			0.9279585693480256
6182.9			0.9260443141478641
6183.8			0.9247009354724296
6184.700000000001			0.9260008911630094
6185.6			0.9292551435308724
6186.5			0.9293979917606497
6187.4			0.9287811307968857
6188.3			0.9334360703983382
6189.200000000001			0.9386516601089709
6190.1			0.9384814898926636
6191.0			0.9373218791743005
6191.9			0.9366759221752425
6192.8			0.9349482009465433
6193.700000000001			0.9354779051210829
6194.6			0.9371246316425712
6195.5			0.9341312283501899
6196.4			0.9291403729623839
6197.3			0.9239359407759675
6198.200000000001			0.9301687085727502
6199.1			0.9403525851986325
6200.0			0.9423055394526568
6200.9			0.944841155726676
6201.8			0.9413341602494917
6202.700000000001			0.9264536268347737
6203.6			0.9099913230928542
6204.5			0.9048069880105722
6205.4			0.913360274135325
6206.3			0.9202863673885823
6207.200000000001			0.9228833551950065
6208.1			0.9272439223994021
6209.0			0.9321180976409289
6209.9			0.9389928944692941
6210.8			0.9436198338176064
6211.700000000001			0.9411802033131097
6212.6			0.9373173649404343
6213.5			0.9363944522127102
6214.4			0.9405597345543296
6215.3			0.9491800095920475
6216.200000000001			0.9564429692166324
6217.1			0.9555532024237754
6218.0			0.9488186334805657
6218.9			0.9462198144395799
6219.8			0.9499707566066469
6220.700000000001			0.9555732501024626
6221.6			0.9555865438878313
6222.5			0.9521039848198422
6223.4			0.948932790580437
6224.3			0.946006725926754
6225.200000000001			0.9464806951363159
6226.1			0.9499789553611938
6227.0			0.9508139995959131
6227.9			0.9512032510164474
6228.8			0.9497222411394808
6229.700000000001			0.9502302180204738
6230.6			0.9507330127041024
6231.5			0.951364819052743
6232.4			0.9561911812050914
6233.3			0.9589476537856682
6234.200000000001			0.9590355259043015
6235.1			0.9570990927386877
6236.0			0.9552076724255955
6236.9			0.9518482748713486
6237.8			0.9493506479032642
6238.700000000001			0.9483819480833198
6239.6			0.948633689423889
6240.5			0.9526517695154392
6241.4			0.9583925813239434
6242.3			0.9547955350458788
6243.200000000001			0.9461020866696385
6244.1			0.9432441356244806
6245.0			0.943950899399526
6245.9			0.9430324409615563
6246.8			0.9458935625689984
6247.700000000001			0.9501959698251776
6248.6			0.9537888071270367
6249.5			0.9557499591071446
6250.4			0.9531507763229383
6251.3			0.9469310862762393
6252.200000000001			0.9428604427937871
6253.1			0.9429753537354645
6254.0			0.9445814853733447
6254.9			0.9414450774753783
6255.8			0.9382325262071505
6256.700000000001			0.9399994876116073
6257.6			0.9416469455172908
6258.5			0.9391764174441102
6259.4			0.9347196408555184
6260.3			0.9368765442436775
6261.200000000001			0.9389254752858823
6262.1			0.9384366443780829
6263.0			0.9373872374928621
6263.9			0.9364967264887268
6264.8			0.939168925254393
6265.700000000001			0.9416575546624562
6266.6			0.9421526855147844
6267.5			0.9421387208374454
6268.4			0.9399433321258577
6269.3			0.9336371611513102
6270.200000000001			0.9236391484629889
6271.1			0.9195396689228283
6272.0			0.9233854131255371
6272.9			0.9306182762426571
6273.8			0.9386054269134521
6274.700000000001			0.9423590411702698
6275.6			0.9400170442582197
6276.5			0.9324546959785641
6277.4			0.9196889963008914
6278.3			0.9034988116775698
6279.200000000001			0.8990570209054821
6280.1			0.905975717278683
6281.0			0.9055825468996778
6281.9			0.8936195074545414
6282.8			0.8699711972092974
6283.700000000001			0.8362835092176101
6284.6			0.8050232395579235
6285.5			0.7942825765798388
6286.4			0.8122367863308049
6287.3			0.8493358163496093
6288.200000000001			0.8833119990845657
6289.1			0.9002312394139576
6290.0			0.9032068921232871
6290.9			0.9085300874919888
6291.8			0.9180072279925545
6292.700000000001			0.9305180913890172
6293.6			0.9386716539983366
6294.5			0.9390291820105203
6295.4			0.9406370258154476
6296.3			0.9378774651282495
6297.200000000001			0.9355464938315934
6298.1			0.9396992643510186
6299.0			0.9387023030125352
6299.9			0.933422606941727
6300.8			0.9349707804394921
6301.700000000001			0.9396891595315072
6302.6			0.9367204995535765
6303.5			0.9303137440926638
6304.4			0.9318571682084754
6305.3			0.9389674085081954
6306.200000000001			0.9395666128663467
6307.1			0.9317472853268179
6308.0			0.9262422365624742
6308.9			0.9276673316533808
6309.8			0.9269531264263019
6310.700000000001			0.9243529121099459
6311.6			0.9268672881369359
6312.5			0.9317521062443538
6313.4			0.9356760721698438
6314.3			0.935605255707421
6315.200000000001			0.933138007910414
6316.1			0.9337023220268647
6317.0			0.9364178341386244
6317.9			0.9344011778383201
6318.8			0.9313085977645588
6319.700000000001			0.9322819071670805
6320.6			0.9349717033681021
6321.5			0.935715075762896
6322.4			0.9384394780121194
6323.3			0.9439398526658263
6324.200000000001			0.943037107021022
6325.1			0.9398544616311475
6326.0			0.9411027302556756
6326.9			0.9452261117681271
6327.8			0.9467002081431564
6328.700000000001			0.9459289946574609
6329.6			0.9446818233496473
6330.5			0.9421098475702099
6331.4			0.9393291624473309
6332.3			0.9404825823111428
6333.200000000001			0.9399880840814561
6334.1			0.9423743803693085
6335.0			0.9475866590770344
6335.9			0.9459664754610572
6336.8			0.9365239596460161
6337.700000000001			0.930478188603312
6338.6			0.9345473995806047
6339.5			0.9408430426723153
6340.4			0.9434335482829836
6341.3			0.9485697320691379
6342.200000000001			0.9524515871843595
6343.1			0.9521960172406758
6344.0			0.9484381290701109
6344.9			0.9411210159141392
6345.8			0.9387566714587368
6346.700000000001			0.9409993388575276
6347.6			0.948111653219421
6348.5			0.9598736068480647
6349.4			0.9645331870576321
6350.3			0.9586711867316663
6351.200000000001			0.9487135710186557
6352.1			0.9426378808896674
6353.0			0.9417979386345922
6353.9			0.9380466648533352
6354.8			0.9353498268128997
6355.700000000001			0.9344252489219852
6356.6			0.9358244556933258
6357.5			0.9398581271688582
6358.4			0.9404585739688452
6359.3			0.9419664939866114
6360.200000000001			0.9422353635247044
6361.1			0.9387744979298198
6362.0			0.9334017251500567
6362.9			0.9266892615419058
6363.8			0.9193721859158945
6364.700000000001			0.916446816517549
6365.6			0.9200980702810009
6366.5			0.9249179799573065
6367.4			0.9246006183219508
6368.3			0.9227263980677533
6369.200000000001			0.9231995809139935
6370.1			0.9228474469541764
6371.0			0.9252654513750659
6371.9			0.9325688928973462
6372.8			0.9400837710495532
6373.700000000001			0.9464297247481575
6374.6			0.9479043363640861
6375.5			0.942763950369725
6376.4			0.933839641057032
6377.3			0.9271702753614566
6378.200000000001			0.924692131904803
6379.1			0.9212102587585796
6380.0			0.9096203360968039
6380.9			0.8922401032123876
6381.8			0.8840950105713585
6382.700000000001			0.8974731232577194
6383.6			0.9171058644005609
6384.5			0.9258353114914182
6385.4			0.9268920540571909
6386.3			0.9277335469939512
6387.200000000001			0.9321784846709157
6388.1			0.9346615824353328
6389.0			0.9326830035859398
6389.9			0.9339489095839144
6390.8			0.9346376362938399
6391.700000000001			0.9347328123291414
6392.6			0.9352378993936946
6393.5			0.9348730678463432
6394.4			0.9342792038696384
6395.3			0.9316906652101089
6396.200000000001			0.9339419922835007
6397.1			0.9343841963828801
6398.0			0.9297380910263484
6398.9			0.9301460484514481
6399.8			0.9353490388184975
6400.700000000001			0.9371859309997371
6401.6			0.9322977442367928
6402.5			0.9254183707868648
6403.4			0.9172685362424136
6404.3			0.9088920219812777
6405.200000000001			0.913117468771575
6406.1			0.9281206287480032
6407.0			0.9366622562477378
6407.9			0.939880825326304
6408.8			0.941555934968363
6409.700000000001			0.9406518055751556
6410.6			0.9371726238681234
6411.5			0.9342501822140431
6412.4			0.9325244153934902
6413.3			0.9320270343624855
6414.200000000001			0.9324585114350739
6415.1			0.9342116157997689
6416.0			0.9336875971315045
6416.9			0.936578092079904
6417.8			0.9426875698947644
6418.700000000001			0.9431160805498229
6419.6			0.9391519031094634
6420.5			0.9348683508316593
6421.4			0.9336355590164832
6422.3			0.9383443669945642
6423.200000000001			0.9435391893742581
6424.1			0.9459553520593525
6425.0			0.9441358016150955
6425.9			0.9361986139288027
6426.8			0.9327806924347642
6427.700000000001			0.9330977139551838
6428.6			0.9357609045129256
6429.5			0.937147236505247
6430.4			0.9383333146097083
6431.3			0.9414697615457639
6432.200000000001			0.9437232833813861
6433.1			0.9444702142540764
6434.0			0.9432258888126867
6434.9			0.9414182269878927
6435.8			0.9451698870573396
6436.700000000001			0.9462825439418824
6437.6			0.940815962405889
6438.5			0.9362997994025357
6439.4			0.9331056806935784
6440.3			0.9321922240218571
6441.200000000001			0.9311135884285724
6442.1			0.9324186649180586
6443.0			0.9380162535970715
6443.9			0.9418293144916463
6444.8			0.9391575478777582
6445.700000000001			0.9334804248314843
6446.6			0.9312356690756795
6447.5			0.9306254695901395
6448.4			0.9277512300785439
6449.3			0.9290601130626032
6450.200000000001			0.9299308791939326
6451.1			0.9284018688893568
6452.0			0.9292375062615474
6452.9			0.9324695051063145
6453.8			0.9377993496074151
6454.700000000001			0.9353766978982748
6455.6			0.9270402446042564
6456.5			0.9190025617708012
6457.4			0.919066037214155
6458.3			0.9266221301574408
6459.200000000001			0.9341524740200845
6460.1			0.9353326220210756
6461.0			0.9305184429977443
6461.9			0.9261006711231772
6462.8			0.9304313443425875
6463.700000000001			0.9379139763862406
6464.6			0.9373950379919047
6465.5			0.9334238204192552
6466.4			0.9298356589240236
6467.3			0.9291654193207021
6468.200000000001			0.9334384119015326
6469.1			0.9351271195821538
6470.0			0.9326169946864855
6470.9			0.9318264160126317
6471.8			0.9302874486405133
6472.700000000001			0.9307267017725982
6473.6			0.9327851451971952
6474.5			0.9322177728821543
6475.4			0.9293911029310742
6476.3			0.9281946699612277
6477.200000000001			0.9298676046474058
6478.1			0.9313806271412691
6479.0			0.9344490725643868
6479.9			0.937672901516217
6480.8			0.9337249956947031
6481.700000000001			0.922145134725475
6482.6			0.8928806878628309
6483.5			0.8495379039763185
6484.4			0.8249583464983761
6485.3			0.8434369000825249
6486.200000000001			0.8874419943888789
6487.1			0.9183675366569384
6488.0			0.9290227143848119
6488.9			0.9336376251575514
6489.8			0.9286900701478775
6490.700000000001			0.9244093189776661
6491.6			0.9238707378691849
6492.5			0.9191515970922478
6493.4			0.9120007610106895
6494.3			0.9107342494654685
6495.200000000001			0.9166073990206849
6496.1			0.9191597610517093
6497.0			0.9178621910768839
6497.9			0.9169957028271715
6498.8			0.9204241288682361
6499.700000000001			0.9260223255823553
6500.6			0.9280170317302735
6501.5			0.9252692175109724
6502.4			0.924320268860026
6503.3			0.9232336466876603
6504.200000000001			0.923508009365767
6505.1			0.9242813041905047
6506.0			0.9265632581307249
6506.9			0.9265999551849268
6507.8			0.9206737214586616
6508.700000000001			0.9170525858371514
6509.6			0.9156227817179217
6510.5			0.9138780175701934
6511.4			0.9164328859006661
6512.3			0.9213290989495603
6513.200000000001			0.9222072658333093
6514.1			0.9193378471524553
6515.0			0.9150709468073461
6515.9			0.9125166261989869
6516.8			0.9113509483772648
6517.700000000001			0.9111211019964277
6518.6			0.9118103879277342
6519.5			0.9124478773979731
6520.4			0.9117241413262865
6521.3			0.9124966739440906
6522.200000000001			0.9128249657261481
6523.1			0.9161590518471096
6524.0			0.9184532512362473
6524.9			0.9121177236675763
6525.8			0.9061485733213548
6526.700000000001			0.907511194196784
6527.6			0.9135480468209567
6528.5			0.912741249889983
6529.4			0.9084210150058102
6530.3			0.904611980540549
6531.200000000001			0.9011078486044254
6532.1			0.901348397928618
6533.0			0.9052314951215708
6533.9			0.9087745955899954
6534.8			0.9117575223335156
6535.700000000001			0.911009907617405
6536.6			0.9098868953793993
6537.5			0.9119376346173828
6538.4			0.9153760962484152
6539.3			0.9209590897758207
6540.200000000001			0.9267386539444372
6541.1			0.9315915006193778
6542.0			0.9339031536576458
6542.9			0.9318479207399923
6543.8			0.9293984114385899
6544.700000000001			0.9281985892834776
6545.6			0.9317245953943394
6546.5			0.9391799298552098
6547.4			0.9471256774315168
6548.3			0.9549132876835729
6549.200000000001			0.9534142378515769
6550.1			0.9466056468622851
6551.0			0.9445124439429997
6551.9			0.9487499982197285
6552.8			0.9521560065146886
6553.700000000001			0.9519233617265139
6554.6			0.951378275519763
6555.5			0.9495253026928354
6556.4			0.9424388031182936
6557.3			1.0
6558.200000000001			0.9983595683117803
6559.1			0.9929727905705524
6560.0			0.9736908966925457
6560.9			0.9492097919643854
6561.8			0.9543852607053931
6562.700000000001			1.0422309132780376
6563.6			1.2516834915412418
6564.5			1.5509448900146705
6565.4			1.7996962132395513
6566.3			1.8290887491246866
6567.200000000001			1.6304542625931904
6568.1			1.371364763675836
6569.0			1.1964973101566434
6569.9			1.1115718276415234
6570.8			1.0686309239365068
6571.700000000001			1.0409011387920102
6572.6			1.0198327238834264
6573.5			1.0064355285159328
6574.4			0.9993083327188272
6575.3			0.9557105018472735
6576.200000000001			0.9486793011945343
6577.1			0.9418893331423744
6578.0			0.9300825165345095
6578.9			0.9089254225737934
6579.8			0.8865139158287996
6580.700000000001			0.8829988338701442
6581.6			0.9038948996760826
6582.5			0.9257458708069044
6583.4			0.9208182939838099
6584.3			0.8962217362308147
6585.200000000001			0.8861011329020866
6586.1			0.8964423849293255
6587.0			0.9135218502410348
6587.9			0.9247739228854611
6588.8			0.9272388055761133
6589.700000000001			0.926808525672231
6590.6			0.9239794979927388
6591.5			0.9204360623640173
6592.4			0.9164799396786883
6593.3			0.9129484600785499
6594.200000000001			0.9134793007555985
6595.1			0.9141799330125737
6596.0			0.9137825794292356
6596.9			0.9179607524421761
6597.8			0.9153529600463073
6598.700000000001			0.9116801819247724
6599.6			0.9145409621304275
6600.5			0.916827013417876
6601.4			0.915034237042141
6602.3			0.9133845620419839
6603.200000000001			0.9172443857487141
6604.1			0.9218896691209671
6605.0			0.9209357896810871
6605.9			0.9165946171425653
6606.8			0.9174509654755447
6607.700000000001			0.9214015154087808
6608.6			0.9242535121313311
6609.5			0.9253625614797325
6610.4			0.9240817608442582
6611.3			0.9219008678152968
6612.200000000001			0.9193955621971021
6613.1			0.9110979858834476
6614.0			0.894760331572341
6614.9			0.881270917387802
6615.8			0.8895562161234335
6616.700000000001			0.9102112259212534
6617.6			0.9205785195542742
6618.5			0.9219614254011822
6619.4			0.9246581782465528
6620.3			0.9291913613829735
6621.200000000001			0.9284294891018534
6622.1			0.9256624194277299
6623.0			0.9236278532580724
6623.9			0.9238961064717365
6624.8			0.9242955818479357
6625.700000000001			0.9233169284565924
6626.6			0.920609657244572
6627.5			0.9213220203918215
6628.4			0.922700844198379
6629.3			0.9242519423636347
6630.200000000001			0.9279543131246506
6631.1			0.9316781811778271
6632.0			0.9331529462748204
6632.9			0.9343001583136191
6633.8			0.9343821522287143
6634.700000000001			0.9284156897157383
6635.6			0.9243010412204902
6636.5			0.92380825519687
6637.4			0.9260061364093897
6638.3			0.9303686200815664
6639.200000000001			0.9324152178967925
6640.1			0.9319576786712216
6641.0			0.9286401428080862
6641.9			0.9168494261946348
6642.8			0.9027280926502939
6643.700000000001			0.8973828857452506
6644.6			0.9046440624200796
6645.5			0.9142663036321032
6646.4			0.91845887719887
6647.3			0.9200136445487617
6648.200000000001			0.9226559551039764
6649.1			0.92597266287879
6650.0			0.9286032058323352
6650.9			0.925444859982486
6651.8			0.9206410300111352
6652.700000000001			0.9230961145957455
6653.6			0.9284744785634153
6654.5			0.929902721339353
6655.4			0.9289401161242578
6656.3			0.9260218070595546
6657.200000000001			0.9231192945721957
6658.1			0.924548625836128
6659.0			0.925887846967324
6659.9			0.920448677101216
6660.8			0.9167304790503717
6661.700000000001			0.9179111894220126
6662.6			0.9192313278621626
6663.5			0.9215816448356682
6664.4			0.9227053462286966
6665.3			0.9223327485716247
6666.200000000001			0.9246445967263833
6667.1			0.927972619606453
6668.0			0.928933667800805
6668.9			0.9294580689472761
6669.8			0.9299658888665202
6670.700000000001			0.9306719665525223
6671.6			0.9293503014085311
6672.5			0.9291768282370261
6673.4			0.9290157699196798
6674.3			0.9261967015888822
6675.200000000001			0.9194362432087144
6676.1			0.9078723525215396
6677.0			0.8868510350966252
6677.9			0.8409735964332951
6678.8			0.7743518831756343
6679.700000000001			0.7330337881588902
6680.6			0.7556943943926218
6681.5			0.826277356398416
6682.4			0.8952398798541459
6683.3			0.9296156836561742
6684.200000000001			0.9350063040372418
6685.1			0.9299480623112673
6686.0			0.9263398609798855
6686.9			0.9241662649645237
6687.8			0.9232552314209425
6688.700000000001			0.9247490893311533
6689.6			0.9283107125662835
6690.5			0.9303555715027928
6691.4			0.9295566409343369
6692.3			0.9274830571658326
6693.200000000001			0.9259661042959765
6694.1			0.9273082193103496
6695.0			0.9294775879453561
6695.9			0.9289904316428225
6696.8			0.9276077324466397
6697.700000000001			0.9296697129659202
6698.6			0.9300408056490498
6699.5			0.9269468700788182
6700.4			0.9237927614292856
6701.3			0.9259077244901055
6702.200000000001			0.9282765612973481
6703.1			0.9242041465707215
6704.0			0.9221486537634525
6704.9			0.9284136370495789
6705.8			0.9327669993565899
6706.700000000001			0.9285788296037613
6707.6			0.9254719316783517
6708.5			0.9262079026791226
6709.4			0.9267264286251554
6710.3			0.927261872855078
6711.200000000001			0.9313936785019589
6712.1			0.934738862721282
6713.0			0.9352808237012574
6713.9			0.9330033908860766
6714.8			0.9302081420566497
6715.700000000001			0.9306340119610831
6716.6			0.9340461589812924
6717.5			0.9294452092383233
6718.4			0.9273270777678326
6719.3			0.9371692178621994
6720.200000000001			0.9461957609128395
6721.1			0.9421419563138039
6722.0			0.9301923047859375
6722.9			0.9129809328945233
6723.8			0.8975572332614699
6724.700000000001			0.898474782377043
6725.6			0.9165518433368677
6726.5			0.9315586781313416
6727.4			0.9340071232941176
6728.3			0.9332510551132905
6729.200000000001			0.9317817284003289
6730.1			0.9298019764922827
6731.0			0.9311612261258773
6731.9			0.9360813094901762
6732.8			0.9389205488069736
6733.700000000001			0.9344730409823253
6734.6			0.9273304936275155
6735.5			0.9234261689658421
6736.4			0.92591974627168
6737.3			0.9286358920544782
6738.200000000001			0.9261554171057972
6739.1			0.9236740249333519
6740.0			0.9245771940940226
6740.9			0.9252670399567335
6741.8			0.9268452764361967
6742.700000000001			0.924997510293554
6743.6			0.9203597177168708
6744.5			0.9183781680865717
6745.4			0.9198546536863746
6746.3			0.9219673127773026
6747.200000000001			0.9233952579533392
6748.1			0.921682699275807
6749.0			0.9243296265522459
6749.9			0.9319213208662869
6750.8			0.9330605176339432
6751.700000000001			0.9312186205176191
6752.6			0.9301013187229723
6753.5			0.9297588904967647
6754.4			0.9289565847017398
6755.3			0.9271548299296238
6756.200000000001			0.9261156102682547
6757.1			0.923588329811556
6758.0			0.9201717796810607
6758.9			0.9195810379081294
6759.8			0.9231077728976389
6760.700000000001			0.931723336775044
6761.6			0.9357990154000474
6762.5			0.9300932664288105
6763.4			0.9260454539995353
6764.3			0.9267386479542241
6765.200000000001			0.9332049995729819
6766.1			0.9369910713701524
6767.0			0.9344667187025024
6767.9			0.9301297191959456
6768.8			0.9262495268493748
6769.700000000001			0.9287619890583836
6770.6			0.9326781682484988
6771.5			0.9318455597141478
6772.4			0.9287413490552587
6773.3			0.9294748742141833
6774.200000000001			0.9325822126719272
6775.1			0.9331517227017336
6776.0			0.9290154001887394
6776.9			0.9240990181031715
6777.8			0.9261020949502288
6778.700000000001			0.9361700357943318
6779.6			0.9408266161548383
6780.5			0.9367421228562619
6781.4			0.9304535089636974
6782.3			0.9259705911910096
6783.200000000001			0.9257840579416933
6784.1			0.9314599952829136
6785.0			0.9339314651606294
6785.9			0.9255390160542563
6786.8			0.9209119763160777
6787.700000000001			0.9249097854140812
6788.6			0.9325994276892283
6789.5			0.9358449386768366
6790.4			0.9329245625387331
6791.3			0.9280519848215464
6792.200000000001			0.9266111323906714
6793.1			0.9250158741580716
6794.0			0.9260803299798716
6794.9			0.9288851283947271
6795.8			0.9321775054662023
6796.700000000001			0.9366581850756678
6797.6			0.9481667690009794
6798.5			0.9562047151983395
6799.4			0.9465847105781858
6800.3			0.9378349993881662
6801.200000000001			0.9386631403979281
6802.1			0.9410534869711756
6803.0			0.9355834365593411
6803.9			0.9308461712685969
6804.8			0.9323279847195162
6805.700000000001			0.9344071581310176
6806.6			0.9378149853730661
6807.5			0.9429905916642125
6808.4			0.9465622872915348
6809.3			0.9482609684313889
6810.200000000001			0.9435840855274408
6811.1			0.9392145415117809
6812.0			0.9401135944700734
6812.9			0.9393073504651219
6813.8			0.9355305134961805
6814.700000000001			0.9325344802017251
6815.6			0.9335930876821859
6816.5			0.9349376351256319
6817.4			0.9341716831499596
6818.3			0.9315692906482615
6819.200000000001			0.9329839177065439
6820.1			0.9359370359119972
6821.0			0.9367392156474466
6821.9			0.93628027369147
6822.8			0.9377266581427148
6823.700000000001			0.9386670668473945
6824.6			0.9408126258737485
6825.5			0.9443544902227781
6826.4			0.9430437137112705
6827.3			0.9391720447379855
6828.200000000001			0.9399491389151877
6829.1			0.9452668900452948
6830.0			0.9471587735250364
6830.9			0.947538379116967
6831.8			0.9502977795608469
6832.700000000001			0.9483341089351637
6833.6			0.941194287610194
6834.5			0.9360507230699672
6835.4			0.9381615999167642
6836.3			0.9423214396494519
6837.200000000001			0.944799306753103
6838.1			0.9441127681421858
6839.0			0.9420192004409756
6839.9			0.9409955044457805
6840.8			0.937590499728834
6841.700000000001			0.9336324620757404
6842.6			0.9328445813088531
6843.5			0.930965913586761
6844.4			0.9298629286790382
6845.3			0.9302200728961811
6846.200000000001			0.9339259187920298
6847.1			0.939101507289976
6848.0			0.9431956224936872
6848.9			0.9432917903327511
6849.8			0.9399955148583298
6850.700000000001			0.9420361881101488
6851.6			0.9459318057279557
6852.5			0.9488656174943858
6853.4			0.957399618544533
6854.3			0.9664023847476308
6855.200000000001			0.9662755370267838
6856.1			0.9577810829475617
6857.0			0.9474512694256164
6857.9			0.9448536112462634
6858.8			0.9444139324337627
6859.700000000001			0.9448425493474949
6860.6			0.9432335006558042
6861.5			0.9376331112286052
6862.4			0.9351685538179233
6863.3			0.9353575753405099
6864.200000000001			0.9388160732610238
6865.1			0.9466795183685379
6866.0			0.9528550307695367
6866.9			0.9509228288585467
6867.8			0.9527632374539535
6868.700000000001			0.9610037461033297
6869.6			0.9554304071949662
6870.5			0.9364157611241475
6871.4			0.936765035102512
6872.3			0.9456540387164816
6873.200000000001			0.9437788478118427
6874.1			0.9460204453252237
6875.0			0.9544444272684871
6875.9			0.9580347853843326
6876.8			0.9569347111996691
6877.700000000001			0.9592088981263818
6878.6			0.9604784830161586
6879.5			0.9551976904906766
6880.4			0.9523834808957587
6881.3			0.9541062413130857
6882.200000000001			0.9493937115080989
6883.1			0.9489607331550807
6884.0			0.9535729143719744
6884.9			0.9548123846867533
6885.8			0.9503061194491601
6886.700000000001			0.9534961396800549
6887.6			0.9570190733853594
6888.5			0.9435146820957981
6889.4			0.9387875781028721
6890.3			0.9506766375448846
6891.200000000001			0.9457092661723415
6892.1			0.9384104917720774
6893.0			0.9543969104409432
6893.9			0.9666232342388352
6894.8			0.9579084610829649
6895.700000000001			0.9459928429723955
6896.6			0.9587982113204124
6897.5			0.9728053939526752
6898.4			0.9634595352359855
6899.3			0.9508142390167085
6900.200000000001			0.9562233639320729
6901.1			0.966090442713575
6902.0			0.9616319451180411
6902.9			0.9528371081808166
6903.8			0.9669661314960522
6904.700000000001			0.9853773267249586
6905.6			0.9840555198687525
6906.5			0.970990814913522
6907.4			0.9664808989226751
6908.3			0.9755184210295904
6909.200000000001			0.9826645719172228
6910.1			0.9828603075489261
6911.0			0.9691707299778803
6911.9			0.9516599399452546
6912.8			0.9518049050034346
6913.700000000001			0.9605573316145054
6914.6			0.9587363526577309
6915.5			0.9463233846618365
6916.4			0.9360728018187802
6917.3			0.9400378008057213
6918.200000000001			0.9473725652682994
6919.1			0.9471550433137204
6920.0			0.9378800403654297
6920.9			0.9277091291627549
6921.8			0.9305614931035339
6922.700000000001			0.9372500721429351
6923.6			0.9398082708553881
6924.5			0.942702464653379
6925.4			0.9499161248294675
6926.3			0.9505242780920413
6927.200000000001			0.9502075749144578
6928.1			0.9526841083716496
6929.0			0.9537674185747633
6929.9			0.9582239238863426
6930.8			0.9629237364861276
6931.700000000001			0.9648848990065977
6932.6			0.9633134916307758
6933.5			0.9636971294250241
6934.4			0.964229160258902
6935.3			0.962791693619705
6936.200000000001			0.9614746010125611
6937.1			0.9562968243984782
6938.0			0.9525852062771274
6938.9			0.9516131554818378
6939.8			0.9473659828642241
6940.700000000001			0.9459465437918785
6941.6			0.9484995109729359
6942.5			0.9532982055678748
6943.4			0.9561963468464021
6944.3			0.9523371784835823
6945.200000000001			0.9479886465865714
6946.1			0.9414244717148537
6947.0			0.9359752527343665
6947.9			0.9370949998384358
6948.8			0.9397625617327473
6949.700000000001			0.9424884309118067
6950.6			0.9445163072004129
6951.5			0.9469070604069029
6952.4			0.9507367211810758
6953.3			0.9550476270735436
6954.200000000001			0.9620899753166774
6955.1			0.9650807771500142
6956.0			0.9635930462602832
6956.9			0.9661445539649133
6957.8			0.9683401353313518
6958.700000000001			0.9684634347264751
6959.6			0.9633443792777436
6960.5			0.9606617844246048
6961.4			0.962518583929438
6962.3			0.9641430248893057
6963.200000000001			0.9627874937509877
6964.1			0.9634342035970621
6965.0			0.9598296037379711
6965.9			0.960223040264696
6966.8			0.9637974795563296
6967.700000000001			0.9640160833682478
6968.6			0.9622977631842372
6969.5			0.9606474867226853
6970.4			0.9597020643436477
6971.3			0.9567240922431296
6972.200000000001			0.9594174044839906
6973.1			0.9621930208629206
6974.0			0.9545615438119331
6974.9			0.945218394391016
6975.8			0.9476631766132925
6976.700000000001			0.9589961095988405
6977.6			0.9628533775881447
6978.5			0.9588827365763499
6979.4			0.9534803171711193
6980.3			0.9526619957574951
6981.200000000001			0.9523259231850758
6982.1			0.955575704091662
6983.0			0.9577496961456645
6983.9			0.9546238551566739
6984.8			0.9594561079113374
6985.700000000001			0.9663513137303836
6986.6			0.96255319294806
6987.5			0.9600654806191632
6988.4			0.9593162999313536
6989.3			0.9605077701978273
6990.200000000001			0.9670521442537798
6991.1			0.9746075903715642
6992.0			0.9724993151306405
6992.9			0.9710485655494474
6993.8			0.9698000921126865
6994.700000000001			0.9608669950605659
6995.6			0.9580885457290201
6996.5			0.9637750693940982
6997.4			0.9702951035377629
6998.3			0.9776282905494593
6999.200000000001			0.9785818092373962
7000.1			0.9778007892130638
7001.0			0.983856869597038
7001.9			0.9891285100622208
7002.8			0.9921535771400131
7003.700000000001			0.9888741599351297
7004.6			0.984587613916939
7005.5			0.9838371898737087
7006.4			0.9846116565777215
7007.3			0.9825335517438044
7008.200000000001			0.9770117946385296
7009.1			0.9782421795551353
7010.0			0.9807192085787646
7010.9			0.9788286882533046
7011.8			0.9836962519305856
7012.700000000001			0.9927677705074214
7013.6			0.9912113065417208
7014.5			0.986457529434285
7015.4			0.9821742293254285
7016.3			0.981468519543266
7017.200000000001			0.9867509113317282
7018.1			0.9936806300410326
7019.0			0.993886648710145
7019.9			0.9877238527171096
7020.8			0.9841887167247573
7021.700000000001			0.9851199009762215
7022.6			0.9857174145105353
7023.5			0.9863515903850016
7024.4			0.9843426635286124
7025.3			0.9791932714614056
7026.200000000001			0.9777239535238154
7027.1			0.9765205126898705
7028.0			0.9751375823773142
7028.9			0.9725182793068653
7029.8			0.9708043192723278
7030.700000000001			0.9689941655936875
7031.6			0.9681139488288497
7032.5			0.9702551533396455
7033.4			0.9669476283397926
7034.3			0.959304831052147
7035.200000000001			0.9571348251497799
7036.1			0.9597321608543463
7037.0			0.9638955748404274
7037.9			0.9692606038603189
7038.8			0.9756507500574462
7039.700000000001			0.9813581887247118
7040.6			0.9847292640504157
7041.5			0.9885055583539146
7042.4			0.9907578107708381
7043.3			0.9917749704398023
7044.200000000001			0.997558316845233
7045.1			0.9999829242361898
7046.0			1.0
7046.9			1.0
7047.8			1.0
7048.700000000001			1.0
7049.6			1.0
7050.5			1.0
7051.4			1.0
7052.3			1.0
7053.200000000001			1.0
7054.1			1.0
7055.0			1.0
7055.9			1.0
7056.8			1.0
7057.700000000001			1.0
7058.6			1.0
7059.5			1.0
7060.4			1.0
7061.3			1.0
7062.200000000001			1.0
7063.1			1.0
7064.0			1.0
7064.9			1.0
7065.8			1.0
7066.700000000001			1.0
7067.6			1.0
7068.5			1.0
7069.4			1.0
7070.3			1.0
7071.200000000001			1.0
7072.1			1.0
7073.0			1.0
7073.9			1.0
7074.8			1.0
7075.700000000001			1.0
7076.6			1.0
7077.5			1.0
7078.4			1.0
7079.3			1.0
7080.200000000001			1.0
7081.1			1.0
7082.0			1.0
7082.9			1.0
7083.8			1.0
7084.700000000001			1.0
7085.6			1.0
7086.5			1.0
7087.4			1.0
7088.3			1.0
7089.200000000001			1.0
7090.1			1.0
7091.0			1.0
7091.9			1.0
7092.8			1.0
7093.700000000001			1.0
7094.6			1.0
7095.5			1.0
7096.4			1.0
7097.3			1.0
7098.200000000001			1.0
7099.1			1.0
7100.0			1.0
7100.9			1.0
7101.8			1.0
7102.700000000001			1.0
7103.6			1.0
7104.5			1.0
7105.4			1.0
7106.3			1.0
7107.200000000001			1.0
7108.1			1.0
7109.0			1.0
7109.9			1.0
7110.8			1.0
7111.700000000001			1.0
7112.6			1.0
7113.5			1.0
7114.4			1.0
7115.3			1.0
7116.200000000001			1.0
7117.1			1.0
7118.0			1.0
7118.9			1.0
7119.8			1.0
7120.700000000001			1.0
7121.6			1.0
7122.5			1.0
7123.4			1.0
7124.3			1.0
7125.200000000001			1.0
7126.1			1.0
7127.0			1.0
7127.9			1.0
7128.8			1.0
7129.700000000001			1.0
7130.6			1.0
7131.5			1.0
7132.4			1.0
7133.3			1.0
7134.200000000001			1.0
7135.1			1.0
7136.0			1.0
7136.9			1.0
7137.8			1.0
7138.700000000001			1.0
7139.6			1.0
7140.5			1.0
7141.4			1.0
7142.3			1.0
7143.200000000001			1.0
7144.1			1.0
7145.0			1.0
7145.9			1.0
7146.8			1.0
7147.700000000001			1.0
7148.6			1.0
7149.5			1.0
7150.4			1.0
7151.3			1.0
7152.200000000001			1.0
7153.1			1.0
7154.0			1.0
7154.9			1.0
7155.8			1.0
7156.700000000001			1.0
7157.6			1.0
7158.5			1.0
7159.4			1.0
7160.3			1.0
7161.200000000001			1.0
7162.1			1.0
7163.0			1.0
7163.9			1.0
7164.8			1.0
7165.700000000001			1.0
7166.6			1.0
7167.5			1.0
7168.4			1.0
7169.3			1.0
7170.200000000001			1.0
7171.1			1.0
7172.0			1.0
7172.9			1.0
7173.8			1.0
7174.700000000001			1.0
7175.6			1.0
7176.5			1.0
7177.4			1.0
7178.3			1.0
7179.200000000001			1.0
7180.1			1.0
7181.0			1.0
7181.9			1.0
7182.8			1.0
7183.700000000001			1.0
7184.6			1.0
7185.5			1.0
7186.4			1.0
7187.3			1.0
7188.200000000001			1.0
7189.1			1.0
7190.0			1.0
7190.9			1.0
7191.8			1.0
7192.700000000001			1.0
7193.6			1.0
7194.5			1.0
7195.4			1.0
7196.3			1.0
7197.200000000001			1.0
7198.1			1.0
7199.0			1.0
7199.9			1.0
7200.8			1.0
7201.700000000001			1.0
7202.6			1.0
7203.5			1.0
7204.4			1.0
7205.3			1.0
7206.200000000001			1.0
7207.1			1.0
7208.0			1.0
7208.9			1.0
7209.8			1.0
7210.700000000001			1.0
7211.6			1.0
7212.5			1.0
7213.4			1.0
7214.3			1.0
7215.200000000001			1.0
7216.1			1.0
7217.0			1.0
7217.9			1.0
7218.8			1.0
7219.700000000001			1.0
7220.6			1.0
7221.5			1.0
7222.4			1.0
7223.3			1.0
7224.200000000001			1.0
7225.1			1.0
7226.0			1.0
7226.9			1.0
7227.8			1.0
7228.700000000001			1.0
7229.6			1.0
7230.5			1.0
7231.4			1.0
7232.3			1.0
7233.200000000001			1.0
7234.1			1.0
7235.0			1.0
7235.9			1.0
7236.8			1.0
7237.700000000001			1.0
7238.6			1.0
7239.5			1.0
7240.4			1.0
7241.3			1.0
7242.200000000001			1.0
7243.1			1.0
7244.0			1.0
7244.9			1.0
7245.8			1.0
7246.700000000001			1.0
7247.6			1.0
7248.5			1.0
7249.4			1.0
7250.3			1.0
7251.200000000001			1.0
7252.1			1.0
7253.0			1.0
7253.9			1.0
7254.8			1.0
7255.700000000001			1.0
7256.6			1.0
7257.5			1.0
7258.4			1.0
7259.3			1.0
7260.200000000001			1.0
7261.1			1.0
7262.0			1.0
7262.9			1.0
7263.8			1.0
7264.700000000001			1.0
7265.6			1.0
7266.5			1.0
7267.4			1.0
7268.3			1.0
7269.200000000001			1.0
7270.1			1.0
7271.0			1.0
7271.9			1.0
7272.8			1.0
7273.700000000001			1.0
7274.6			1.0
7275.5			1.0
7276.4			1.0
7277.3			1.0
7278.200000000001			1.0
7279.1			1.0
7280.0			1.0
7280.9			1.0
7281.8			1.0
7282.700000000001			1.0
7283.6			1.0
7284.5			1.0
7285.4			1.0
7286.3			1.0
7287.200000000001			1.0
7288.1			1.0
7289.0			1.0
7289.9			1.0
7290.8			1.0
7291.700000000001			1.0
7292.6			1.0
7293.5			1.0
7294.4			1.0
7295.3			1.0
7296.200000000001			1.0
7297.1			1.0
7298.0			1.0
7298.9			1.0
7299.8			1.0
7300.700000000001			1.0
7301.6			1.0
7302.5			1.0
7303.4			1.0
7304.3			1.0
7305.200000000001			1.0
7306.1			1.0
7307.0			1.0
7307.9			1.0
7308.8			1.0
7309.700000000001			1.0
7310.6			1.0
7311.5			1.0
7312.4			1.0
7313.3			1.0
7314.200000000001			1.0
7315.1			1.0
7316.0			1.0
7316.9			1.0
7317.8			1.0
7318.700000000001			1.0
7319.6			1.0
7320.5			1.0
7321.4			1.0
7322.3			1.0
7323.200000000001			1.0
7324.1			1.0
7325.0			1.0
7325.9			1.0
7326.8			1.0
7327.700000000001			1.0
7328.6			1.0
7329.5			1.0
7330.4			1.0
7331.3			1.0
7332.200000000001			1.0
7333.1			1.0
7334.0			1.0
7334.9			1.0
7335.8			1.0
7336.700000000001			1.0
7337.6			1.0
7338.5			1.0
7339.4			1.0
7340.3			1.0
7341.200000000001			1.0
7342.1			1.0
7343.0			1.0
7343.9			1.0
7344.8			1.0
7345.700000000001			1.0
7346.6			1.0
7347.5			1.0
7348.4			1.0
7349.3			1.0
7350.200000000001			1.0
7351.1			1.0
7352.0			1.0
7352.9			1.0
7353.8			1.0
7354.700000000001			1.0
7355.6			1.0
7356.5			1.0
7357.4			1.0
7358.3			1.0
7359.200000000001			1.0
7360.1			1.0
7361.0			1.0
7361.9			1.0
7362.8			1.0
7363.700000000001			1.0
7364.6			1.0
7365.5			1.0
7366.4			1.0
7367.3			1.0
7368.200000000001			1.0
7369.1			1.0
7370.0			1.0
7370.9			1.0
7371.8			1.0
7372.700000000001			1.0
7373.6			1.0
7374.5			1.0
7375.4			1.0
7376.3			1.0
7377.200000000001			1.0
7378.1			1.0
7379.0			1.0
7379.9			1.0
7380.8			1.0
7381.700000000001			1.0
7382.6			1.0
7383.5			1.0
7384.4			1.0
7385.3			1.0
7386.200000000001			1.0
7387.1			1.0
7388.0			1.0
7388.9			1.0
7389.8			1.0
7390.700000000001			1.0
7391.6			1.0
7392.5			1.0
7393.4			1.0
7394.3			1.0
7395.200000000001			1.0
7396.1			1.0
7397.0			1.0
7397.9			1.0
7398.8			1.0
7399.700000000001			1.0
7400.6			1.0
7401.5			1.0
7402.4			1.0
7403.3			1.0
7404.200000000001			1.0
7405.1			1.0
7406.0			1.0
7406.9			1.0
7407.8			1.0
7408.700000000001			1.0
7409.6			1.0
7410.5			1.0
7411.4			1.0
7412.3			1.0
7413.200000000001			1.0
7414.1			1.0
7415.0			1.0
7415.9			1.0
7416.8			1.0
7417.700000000001			1.0
7418.6			1.0
7419.5			1.0
7420.4			1.0
7421.3			1.0
7422.200000000001			1.0
7423.1			1.0
7424.0			1.0
7424.9			1.0
7425.8			1.0
7426.700000000001			1.0
7427.6			1.0
7428.5			1.0
7429.4			1.0
