3500.0			1.0
3500.9			1.0
3501.8			1.0
3502.7			1.0
3503.6			1.0
3504.5			1.0
3505.4			1.0
3506.3			1.0
3507.2			1.0
3508.1			1.0
3509.0			1.0
3509.9			1.0
3510.8			1.0
3511.7			1.0
3512.6			1.0
3513.5			1.0
3514.4			1.0
3515.3			1.0
3516.2			1.0
3517.1			1.0
3518.0			1.0
3518.9			1.0
3519.8			1.0
3520.7			1.0
3521.6			1.0
3522.5			1.0
3523.4			1.0
3524.3			1.0
3525.2			1.0
3526.1			1.0
3527.0			1.0
3527.9			1.0
3528.8			1.0
3529.7			1.0
3530.6			1.0
3531.5			1.0
3532.4			1.0
3533.3			1.0
3534.2			1.0
3535.1			1.0
3536.0			1.0
3536.9			1.0
3537.8			1.0
3538.7			1.0
3539.6			1.0
3540.5			1.0
3541.4			1.0
3542.3			1.0
3543.2			1.0
3544.1			1.0
3545.0			1.0
3545.9			1.0
3546.8			1.0
3547.7			1.0
3548.6			1.0
3549.5			1.0
3550.4			1.0
3551.3			1.0
3552.2			1.0
3553.1			1.0
3554.0			1.0
3554.9			1.0
3555.8			1.0
3556.7			1.0
3557.6			1.0
3558.5			1.0
3559.4			1.0
3560.3			1.0
3561.2			1.0
3562.1			1.0
3563.0			1.0
3563.9			1.0
3564.8			1.0
3565.7			1.0
3566.6			1.0
3567.5			1.0
3568.4			1.0
3569.3			1.0
3570.2			1.0
3571.1			1.0
3572.0			1.0
3572.9			1.0
3573.8			1.0
3574.7			1.0
3575.6			1.0
3576.5			1.0
3577.4			1.0
3578.3			1.0
3579.2			1.0
3580.1			1.0
3581.0			1.0
3581.9			1.0
3582.8			1.0
3583.7			1.0
3584.6			1.0
3585.5			1.0
3586.4			1.0
3587.3			1.0
3588.2			1.0
3589.1			1.0
3590.0			1.0
3590.9			1.0
3591.8			1.0
3592.7			1.0
3593.6			1.0
3594.5			1.0
3595.4			1.0
3596.3			1.0
3597.2			1.0
3598.1			1.0
3599.0			1.0
3599.9			1.0
3600.8			1.0
3601.7			1.0
3602.6			1.0
3603.5			1.0
3604.4			1.0
3605.3			1.0
3606.2			1.0
3607.1			1.0
3608.0			1.0
3608.9			1.0
3609.8			1.0
3610.7			1.0
3611.6			1.0
3612.5			1.0
3613.4			1.0
3614.3			1.0
3615.2			1.0
3616.1			1.0
3617.0			1.0
3617.9			1.0
3618.8			1.0
3619.7			1.0
3620.6			1.0
3621.5			1.0
3622.4			1.0
3623.3			1.0
3624.2			1.0
3625.1			1.0
3626.0			1.0
3626.9			1.0
3627.8			1.0
3628.7			1.0
3629.6			1.0
3630.5			1.0
3631.4			1.0
3632.3			1.0
3633.2			1.0
3634.1			1.0
3635.0			1.0
3635.9			1.0
3636.8			1.0
3637.7			1.0
3638.6			1.0
3639.5			1.0
3640.4			1.0
3641.3			1.0
3642.2			1.0
3643.1			1.0
3644.0			1.0
3644.9			1.0
3645.8			1.0
3646.7			1.0
3647.6			1.0
3648.5			1.0
3649.4			1.0
3650.3			1.0
3651.2			1.0
3652.1			1.0
3653.0			1.0
3653.9			1.0
3654.8			1.0
3655.7			1.0
3656.6			1.0
3657.5			1.0
3658.4			1.0
3659.3			1.0
3660.2			1.0
3661.1			1.0
3662.0			1.0
3662.9			1.0
3663.8			1.0
3664.7			1.0
3665.6			1.0
3666.5			1.0
3667.4			1.0
3668.3			1.0
3669.2			1.0
3670.1			1.0
3671.0			1.0
3671.9			1.0
3672.8			1.0
3673.7			1.0
3674.6			1.0
3675.5			1.0
3676.4			1.0
3677.3			1.0
3678.2			1.0
3679.1			1.0
3680.0			1.0
3680.9			1.0
3681.8			1.0
3682.7			1.0
3683.6			1.0
3684.5			1.0
3685.4			1.0
3686.3			1.0
3687.2			1.0
3688.1			1.0
3689.0			1.0
3689.9			1.0
3690.8			1.0
3691.7			1.0
3692.6			1.0
3693.5			1.0
3694.4			1.0
3695.3			1.0
3696.2			1.0
3697.1			1.0
3698.0			1.0
3698.9			1.0
3699.8			1.0
3700.7			1.0
3701.6			1.0
3702.5			1.0
3703.4			1.0
3704.3			1.0
3705.2			1.0
3706.1			1.0
3707.0			1.0
3707.9			1.0
3708.8			1.0
3709.7			1.0
3710.6			1.0
3711.5			1.0
3712.4			1.0
3713.3			1.0
3714.2			1.0
3715.1			1.0
3716.0			1.0
3716.9			1.0
3717.8			1.0
3718.7			1.0
3719.6			1.0
3720.5			1.0
3721.4			1.0
3722.3			1.0
3723.2			1.0
3724.1			1.0
3725.0			1.0
3725.9			1.0
3726.8			1.0
3727.7			1.0
3728.6			1.0
3729.5			1.0
3730.4			1.0
3731.3			1.0
3732.2			1.0
3733.1			1.0
3734.0			1.0
3734.9			1.0
3735.8			1.0
3736.7			1.0
3737.6			1.0
3738.5			1.0
3739.4			1.0
3740.3			1.0
3741.2			1.0
3742.1			1.0
3743.0			1.0
3743.9			1.0
3744.8			1.0
3745.7			1.0
3746.6			1.0
3747.5			1.0
3748.4			1.0
3749.3			1.0
3750.2			1.0
3751.1			1.0
3752.0			1.0
3752.9			1.0
3753.8			1.0
3754.7			1.0
3755.6			1.0
3756.5			1.0
3757.4			1.0
3758.3			1.0
3759.2			1.0
3760.1			1.0
3761.0			1.0
3761.9			1.0
3762.8			1.0
3763.7			1.0
3764.6			1.0
3765.5			1.0
3766.4			1.0
3767.3			1.0
3768.2			1.0
3769.1			1.0
3770.0			1.0
3770.9			1.0
3771.8			1.0
3772.7			1.0
3773.6			1.0
3774.5			1.0
3775.4			1.0
3776.3			1.0
3777.2			1.0
3778.1			1.0
3779.0			1.0
3779.9			1.0
3780.8			1.0
3781.7			1.0
3782.6			1.0
3783.5			1.0
3784.4			1.0
3785.3			1.0
3786.2			1.0
3787.1			1.0
3788.0			1.0
3788.9			1.0
3789.8			1.0
3790.7			1.0
3791.6			1.0
3792.5			1.0
3793.4			1.0
3794.3			1.0
3795.2			1.0
3796.1			1.0
3797.0			1.0
3797.9			1.0
3798.8			1.0
3799.7			1.0
3800.6			1.0
3801.5			1.0
3802.4			1.0
3803.3			1.0
3804.2			1.0
3805.1			1.0
3806.0			1.0
3806.9			1.0
3807.8			1.0
3808.7			1.0
3809.6			1.0
3810.5			1.0
3811.4			1.0
3812.3			1.0
3813.2			1.0
3814.1			1.0
3815.0			1.0
3815.9			1.0
3816.8			1.0
3817.7			1.0
3818.6			1.0
3819.5			1.0
3820.4			1.0
3821.3			1.0
3822.2			1.0
3823.1			1.0
3824.0			1.0
3824.9			1.0
3825.8			1.0
3826.7			1.0
3827.6			1.0
3828.5			1.0
3829.4			1.0
3830.3			1.0
3831.2			1.0
3832.1			1.0
3833.0			1.0
3833.9			1.0
3834.8			1.0
3835.7			1.0
3836.6			1.0
3837.5			1.0
3838.4			1.0
3839.3			1.0
3840.2			1.0
3841.1			1.0
3842.0			1.0
3842.9			1.0
3843.8			1.0
3844.7			1.0
3845.6			1.0
3846.5			1.0
3847.4			1.0
3848.3			1.0
3849.2			1.0
3850.1			1.0
3851.0			1.0
3851.9			1.0
3852.8			1.0
3853.7			1.0
3854.6			1.0
3855.5			1.0
3856.4			1.0
3857.3			1.0
3858.2			1.0
3859.1			1.0
3860.0			1.0
3860.9			1.0
3861.8			1.0
3862.7			1.0
3863.6			1.0
3864.5			1.0
3865.4			1.0
3866.3			1.0
3867.2			1.0
3868.1			1.0
3869.0			1.0
3869.9			1.0
3870.8			1.0
3871.7			1.0
3872.6			1.0
3873.5			1.0
3874.4			1.0
3875.3			1.0
3876.2			1.0
3877.1			1.0
3878.0			1.0
3878.9			1.0
3879.8			1.0
3880.7			1.0
3881.6			1.0
3882.5			1.0
3883.4			1.0
3884.3			1.0
3885.2			1.0
3886.1			1.0
3887.0			1.0
3887.9			1.0
3888.8			1.0
3889.7			1.0
3890.6			1.0
3891.5			1.0
3892.4			1.0
3893.3			1.0
3894.2			1.0
3895.1			1.0
3896.0			1.0
3896.9			1.0
3897.8			1.0
3898.7			1.0
3899.6			1.0
3900.5			1.0
3901.4			1.0
3902.3			1.0
3903.2			1.0
3904.1			1.0
3905.0			1.0
3905.9			1.0
3906.8			1.0
3907.7			1.0
3908.6			1.0
3909.5			1.0
3910.4			1.0
3911.3			1.0
3912.2			1.0
3913.1			1.0
3914.0			1.0
3914.9			1.0
3915.8			1.0
3916.7			1.0
3917.6			1.0
3918.5			1.0
3919.4			1.0
3920.3			1.0
3921.2			1.0
3922.1			1.0
3923.0			1.0
3923.9			1.0
3924.8			1.0
3925.7			1.0
3926.6			1.0
3927.5			1.0
3928.4			1.0
3929.3			1.0
3930.2			1.0
3931.1			1.0
3932.0			1.0
3932.9			1.0
3933.8			1.0
3934.7			1.0
3935.6			1.0
3936.5			1.0
3937.4			1.0
3938.3			1.0
3939.2			1.0
3940.1			1.0
3941.0			1.0
3941.9			1.0
3942.8			1.0
3943.7			1.0
3944.6			1.0
3945.5			1.0
3946.4			1.0
3947.3			1.0
3948.2			1.0
3949.1			1.0
3950.0			1.0
3950.9			1.0
3951.8			1.0
3952.7			1.0
3953.6			1.0
3954.5			1.0
3955.4			1.0
3956.3			1.0
3957.2			1.0
3958.1			1.0
3959.0			1.0
3959.9			1.0
3960.8			1.0
3961.7			1.0
3962.6			1.0
3963.5			1.0
3964.4			1.0
3965.3			1.0
3966.2			1.0
3967.1			1.0
3968.0			1.0
3968.9			1.0
3969.8			1.0
3970.7			1.0
3971.6			1.0
3972.5			1.0
3973.4			1.0
3974.3			1.0
3975.2			1.0
3976.1			1.0
3977.0			1.0
3977.9			1.0
3978.8			1.0
3979.7			1.0
3980.6			1.0
3981.5			1.0
3982.4			1.0
3983.3			1.0
3984.2			1.0
3985.1			1.0
3986.0			1.0
3986.9			1.0
3987.8			1.0
3988.7			1.0
3989.6			1.0
3990.5			1.0
3991.4			1.0
3992.3			1.0
3993.2			1.0
3994.1			1.0
3995.0			1.0
3995.9			1.0
3996.8			1.0
3997.7			1.0
3998.6			1.0
3999.5			1.0
4000.4			1.0
4001.3			1.0
4002.2			1.0
4003.1			1.0
4004.0			0.9660368283872416
4004.9			0.9085427279935245
4005.8			0.8900833648741743
4006.7			0.9353460844740815
4007.6			0.9981643515079002
4008.5			1.0
4009.4			1.0
4010.3			1.0
4011.2			1.0
4012.1			1.0
4013.0			1.0
4013.9			1.0
4014.8			1.0
4015.7			1.0
4016.6			1.0
4017.5			1.0
4018.4			1.0
4019.3			1.0
4020.2			1.0
4021.1			1.0
4022.0			1.0
4022.9			1.0
4023.8			1.0
4024.7			1.0
4025.6			1.0
4026.5			1.0360547249151286
4027.4			1.0403215374856738
4028.3			1.0169200310743154
4029.2			0.9714175073849485
4030.1			0.9085734467160612
4031.0			0.8633106494587471
4031.9			0.857588287637517
4032.8			0.8648923038711758
4033.7			0.8753459377583331
4034.6			0.8986565346189397
4035.5			0.9301565150548277
4036.4			0.9671456956768841
4037.3			0.9964642929518674
4038.2			1.0
4039.1			1.0
4040.0			1.0
4040.9			1.0
4041.8			1.0
4042.7			1.0130848401950698
4043.6			0.9755001914671243
4044.5			0.8870494231256434
4045.4			0.8205378142919483
4046.3			0.8525070825369948
4047.2			0.944799767793081
4048.1			1.002983606064826
4049.0			1.0
4049.9			1.0
4050.8			1.0
4051.7			1.0
4052.6			1.0
4053.5			1.0
4054.4			1.0
4055.3			1.0
4056.2			1.0
4057.1			1.0
4058.0			1.0
4058.9			1.0
4059.8			1.0
4060.7			1.0159351280154365
4061.6			0.9919901087398223
4062.5			0.928830228134674
4063.4			0.8863946648154142
4064.3			0.9205786323355696
4065.2			0.9857503820952996
4066.1			1.0050104178522834
4067.0			1.0
4067.9			1.0
4068.8			1.0
4069.7			1.0
4070.6			1.0
4071.5			1.0
4072.4			1.0
4073.3			1.0
4074.2			1.0
4075.1			0.954650373153035
4076.0			0.8661848520538931
4076.9			0.77964878716155
4077.8			0.7712209855118555
4078.7			0.8510661692654174
4079.6			0.9418108192118221
4080.5			0.9989579889708321
4081.4			1.0
4082.3			1.0
4083.2			1.0
4084.1			1.0
4085.0			1.0
4085.9			1.0
4086.8			1.0
4087.7			1.0417898723716805
4088.6			1.06056735146535
4089.5			1.0344607305186597
4090.4			0.9990082810934523
4091.3			0.974938317625329
4092.2			0.9526459129366575
4093.1			0.9412763000667904
4094.0			0.9229646682668541
4094.9			0.867981740655537
4095.8			0.8019098691038751
4096.7			0.7611863504145265
4097.6			0.7381988374159068
4098.5			0.7099538322702387
4099.4			0.6575457932016441
4100.3			0.5723060071586301
4101.2			0.49913076962232733
4102.1			0.5046934705834485
4103.0			0.5789609656551096
4103.9			0.6548051663389066
4104.8			0.71279808586955
4105.7			0.7669006166518756
4106.6			0.8048258473958023
4107.5			0.818795555363448
4108.4			0.8267435972853528
4109.3			0.836085079718545
4110.2			0.8484984515315206
4111.1			0.8698568337658009
4112.0			0.9018114539958442
4112.9			0.9413773979724003
4113.8			0.9759926904693292
4114.7			1.0003430047975437
4115.6			1.0
4116.5			1.0
4117.4			1.0
4118.3			1.0
4119.2			1.0
4120.1			1.0
4121.0			1.0
4121.9			1.0
4122.8			1.0
4123.7			1.0
4124.6			1.0
4125.5			1.0
4126.4			1.0
4127.3			0.9646313499915073
4128.2			0.9531019674510126
4129.1			0.9567365890590813
4130.0			0.9431221712900257
4130.9			0.9150068807927192
4131.8			0.8947903961583378
4132.7			0.8957233684010094
4133.6			0.9155390486294809
4134.5			0.9472129282704859
4135.4			0.9841162550297133
4136.3			0.9991785408713615
4137.2			1.0
4138.1			1.0
4139.0			1.0
4139.9			1.0
4140.8			0.992693838857574
4141.7			0.9435629434027039
4142.6			0.8754171673618731
4143.5			0.8393934383847764
4144.4			0.8728671596175491
4145.3			0.9441737283742834
4146.2			0.996014292778992
4147.1			1.0
4148.0			1.0
4148.9			1.0
4149.8			1.0
4150.7			1.0
4151.6			1.0
4152.5			1.0
4153.4			1.0
4154.3			1.0
4155.2			1.0
4156.1			1.0
4157.0			1.0
4157.9			1.0
4158.8			1.0
4159.7			1.0
4160.6			1.0
4161.5			1.0
4162.4			1.0
4163.3			1.0
4164.2			1.0
4165.1			1.0
4166.0			1.0
4166.9			1.0
4167.8			1.0
4168.7			1.0
4169.6			1.0
4170.5			1.0
4171.4			1.0
4172.3			1.0
4173.2			1.0
4174.1			1.0
4175.0			1.032338921516712
4175.9			1.0244290146771038
4176.8			0.9799270177328286
4177.7			0.9350625796059588
4178.6			0.9276951228345008
4179.5			0.9658427238691095
4180.4			1.0050912266299958
4181.3			1.010546937569233
4182.2			1.0023327482431876
4183.1			1.0
4184.0			1.0
4184.9			1.0
4185.8			0.983661908081792
4186.7			0.9300041351207017
4187.6			0.9136275035481907
4188.5			0.9560226896442778
4189.4			0.9994945818804916
4190.3			1.0
4191.2			1.0
4192.1			1.0
4193.0			1.0
4193.9			1.0054519783575955
4194.8			0.9711239558784971
4195.7			0.9317368872663029
4196.6			0.9149233557934434
4197.5			0.9061221674437113
4198.4			0.9067152244651514
4199.3			0.9499519054193147
4200.2			1.0030493143151857
4201.1			1.0071946982908666
4202.0			0.9902173436610776
4202.9			1.0037431485791501
4203.8			1.0
4204.7			1.0
4205.6			1.0
4206.5			1.0
4207.4			1.0
4208.3			1.0
4209.2			1.0
4210.1			1.0
4211.0			1.0
4211.9			1.0
4212.8			0.9973419129696424
4213.7			0.9577036496414792
4214.6			0.8832319062180569
4215.5			0.8395327318776087
4216.4			0.8796285842479633
4217.3			0.9566081239543609
4218.2			0.993681967412113
4219.1			1.0
4220.0			1.0
4220.9			1.0
4221.8			1.0
4222.7			0.9577951597343985
4223.6			0.9182817152129512
4224.5			0.8803548634342163
4225.4			0.8188932917919831
4226.3			0.7513643613223958
4227.2			0.7560398853180273
4228.1			0.8553208112042378
4229.0			0.9588345889643652
4229.9			0.998782860918861
4230.8			1.0
4231.7			1.0
4232.6			1.0
4233.5			1.0
4234.4			1.0
4235.3			1.0
4236.2			1.0
4237.1			1.0
4238.0			1.0
4238.9			1.0
4239.8			1.0
4240.7			1.0
4241.6			1.0
4242.5			1.0
4243.4			1.0
4244.3			1.0
4245.2			1.0
4246.1			0.9601616895967304
4247.0			0.927224410437057
4247.9			0.9278932955571415
4248.8			0.9325748187399638
4249.7			0.9179946033002049
4250.6			0.9232317746635569
4251.5			0.9750448468431585
4252.4			1.0225142736341948
4253.3			1.0222058160017573
4254.2			1.001026062015178
4255.1			1.0034268251456262
4256.0			1.0
4256.9			1.0188724958990987
4257.8			1.0015827786829403
4258.7			0.9557423226643237
4259.6			0.9059990637725721
4260.5			0.8749571685002994
4261.4			0.8878680230397279
4262.3			0.9396690131067531
4263.2			0.9850988437077652
4264.1			0.999346973076065
4265.0			1.0
4265.9			1.009355776970547
4266.8			0.9980644967269385
4267.7			0.9697210465388012
4268.6			0.9430249794809124
4269.5			0.9132372355793608
4270.4			0.8636226433934399
4271.3			0.8186382945851984
4272.2			0.8256691395425263
4273.1			0.8656945644658168
4274.0			0.8847667076932568
4274.9			0.8945803396483063
4275.8			0.9378295193314695
4276.7			0.9979700581761898
4277.6			1.0
4278.5			1.0
4279.4			1.0
4280.3			1.0
4281.2			1.0
4282.1			1.0047377590920465
4283.0			1.0233663378720341
4283.9			1.034674292009157
4284.8			1.0137365336950968
4285.7			0.985419744388871
4286.6			0.9820813408856045
4287.5			0.987264846282273
4288.4			0.9538499459787457
4289.3			0.8849370585371955
4290.2			0.8648404602325793
4291.1			0.9185057209352134
4292.0			0.9770494175226323
4292.9			0.9924217295306527
4293.8			0.96810045045887
4294.7			0.9402076202441637
4295.6			0.9229232475303142
4296.5			0.903687195057565
4297.4			0.8821334020503571
4298.3			0.8395566602837772
4299.2			0.7764871014040086
4300.1			0.7516165737288182
4301.0			0.7744425187396715
4301.9			0.7850105786370576
4302.8			0.7819406696721237
4303.7			0.7991764198369944
4304.6			0.8151892760142646
4305.5			0.8133147548698438
4306.4			0.7998296789613273
4307.3			0.7698245802380447
4308.2			0.7394997089277915
4309.1			0.738603233525298
4310.0			0.7692593338421319
4310.9			0.8035808739296296
4311.8			0.8147195595610851
4312.7			0.8087708925135151
4313.6			0.8029758773282404
4314.5			0.8215513590527624
4315.4			0.8894805471550884
4316.3			0.970009966911288
4317.2			1.004321910903338
4318.1			1.0007217921570717
4319.0			1.0
4319.9			1.0
4320.8			1.0
4321.7			1.0
4322.6			0.9753857056523074
4323.5			0.9075604656456021
4324.4			0.8247773925933765
4325.3			0.7777667706103657
4326.2			0.8085467011294177
4327.1			0.907154090867439
4328.0			1.000297481081416
4328.9			1.0
4329.8			0.9784241895834505
4330.7			0.9468291601778333
4331.6			0.9366864220660434
4332.5			0.9360074435098732
4333.4			0.9272468310444392
4334.3			0.9244731935771895
4335.2			0.9275383456124741
4336.1			0.8927728731240633
4337.0			0.8011358193956143
4337.9			0.6993932565478443
4338.8			0.618700268093676
4339.7			0.5541390551903582
4340.6			0.5458886895543237
4341.5			0.6342129559503715
4342.4			0.7559945780516528
4343.3			0.8294431440926193
4344.2			0.874802837367241
4345.1			0.9349585930246016
4346.0			0.9903361566877984
4346.9			1.0244637700977188
4347.8			1.0641328813127104
4348.7			1.1252734258311536
4349.6			1.0
4350.5			0.9409762359359682
4351.4			0.859239437768244
4352.3			0.8522112314599434
4353.2			0.9236805761076293
4354.1			0.9983637123673809
4355.0			1.0
4355.9			1.0
4356.8			1.0
4357.7			1.0
4358.6			1.0
4359.5			1.0
4360.4			1.0
4361.3			1.0
4362.2			1.0
4363.1			1.0
4364.0			1.0
4364.9			1.0
4365.8			1.0
4366.7			1.0
4367.6			1.0
4368.5			1.0
4369.4			1.0
4370.3			1.0
4371.2			1.0
4372.1			1.000057051399921
4373.0			0.9641048699802583
4373.9			0.895195948772968
4374.8			0.8557532284229677
4375.7			0.8857174438621006
4376.6			0.9523230619083027
4377.5			1.0003125050745831
4378.4			1.0
4379.3			1.0
4380.2			0.9979845974318698
4381.1			0.9954088537709063
4382.0			0.9413930641808044
4382.9			0.8398282911605887
4383.8			0.7702217180641947
4384.7			0.7936902941239978
4385.6			0.8830959414225662
4386.5			0.9656687613650551
4387.4			1.0053465991168917
4388.3			1.0
4389.2			1.0
4390.1			1.0
4391.0			1.0
4391.9			1.0
4392.8			1.0
4393.7			1.0
4394.6			1.0
4395.5			1.0
4396.4			1.0
4397.3			1.0
4398.2			1.0
4399.1			1.0
4400.0			1.0
4400.9			1.0
4401.8			1.0
4402.7			1.0293214532340214
4403.6			0.9772676025322015
4404.5			0.9132445507553016
4405.4			0.9307408363579835
4406.3			0.9975440968715059
4407.2			1.0
4408.1			1.0
4409.0			1.0
4409.9			1.0
4410.8			1.0
4411.7			1.0229058501880974
4412.6			1.0333597664280179
4413.5			1.0062547148425265
4414.4			0.9365035800011209
4415.3			0.8846055399598775
4416.2			0.8900837378274844
4417.1			0.9188271903915228
4418.0			0.9520550549842681
4418.9			0.9998453777691708
4419.8			1.0
4420.7			1.0
4421.6			1.0
4422.5			1.0
4423.4			1.0
4424.3			1.0
4425.2			1.0
4426.1			1.0
4427.0			1.0
4427.9			1.0
4428.8			1.0
4429.7			1.0
4430.6			1.0
4431.5			1.0
4432.4			1.0
4433.3			1.0
4434.2			1.0
4435.1			1.0
4436.0			1.0
4436.9			1.0
4437.8			1.0
4438.7			1.0
4439.6			1.0
4440.5			0.9660182584565711
4441.4			0.9220667720154541
4442.3			0.8760211990684338
4443.2			0.8532739410317278
4444.1			0.8848373312287453
4445.0			0.954061960105534
4445.9			0.9996271048395524
4446.8			1.0
4447.7			1.0
4448.6			1.0
4449.5			1.0
4450.4			1.0
4451.3			1.0
4452.2			1.0218657099271289
4453.1			1.0169410678833437
4454.0			0.9717765626156032
4454.9			0.9289837090510892
4455.8			0.9282902652037187
4456.7			0.9516048988048403
4457.6			0.9595296910707464
4458.5			0.9525956195496749
4459.4			0.9492491930646896
4460.3			0.9398044271328158
4461.2			0.9164802935970592
4462.1			0.9151599439425377
4463.0			0.9526135305450325
4463.9			0.9839975576029513
4464.8			0.9845968700215343
4465.7			0.9782513991605569
4466.6			0.9733743808548799
4467.5			0.9595489594008597
4468.4			0.9396921240237066
4469.3			0.9340444691418919
4470.2			0.9520481023198671
4471.1			0.9780950364121966
4472.0			1.0002142734579813
4472.9			1.0
4473.8			1.0
4474.7			1.0
4475.6			1.0
4476.5			1.0
4477.4			1.0
4478.3			0.9974064696138086
4479.2			0.949852685630975
4480.1			0.8756544335697626
4481.0			0.8320778818920189
4481.9			0.8578576506366008
4482.8			0.9271388871349389
4483.7			0.9936694509479247
4484.6			1.0
4485.5			1.0
4486.4			1.0
4487.3			1.0
4488.2			1.0
4489.1			1.0
4490.0			1.0
4490.9			1.0
4491.8			1.0198319223964978
4492.7			1.0234071001055491
4493.6			0.9956956881093237
4494.5			0.9606323649912886
4495.4			0.9436877152062991
4496.3			0.9515330558614465
4497.2			0.9792177089082224
4498.1			1.0035333899415169
4499.0			1.004920652517987
4499.9			1.0
4500.8			1.0
4501.7			1.0
4502.6			1.0
4503.5			1.0
4504.4			1.0
4505.3			1.0
4506.2			1.0
4507.1			1.0
4508.0			1.0
4508.9			1.0
4509.8			1.0
4510.7			1.0
4511.6			1.0
4512.5			1.0
4513.4			1.0
4514.3			1.0
4515.2			1.0
4516.1			1.0
4517.0			1.0
4517.9			0.993849211170141
4518.8			0.9885121488946399
4519.7			0.9922602949771138
4520.6			1.002461876992778
4521.5			0.9933416132113876
4522.4			0.9590573235867801
4523.3			0.9477699153688222
4524.2			0.9630604988837498
4525.1			0.9604247703901221
4526.0			0.9407746598545002
4526.9			0.9241652377277746
4527.8			0.9052584313177365
4528.7			0.8904493497421622
4529.6			0.9031050553991392
4530.5			0.9328972797040396
4531.4			0.9579965621109431
4532.3			0.963900680805471
4533.2			0.9380808037560211
4534.1			0.9071692925971855
4535.0			0.9073472232300918
4535.9			0.9433291364124627
4536.8			1.000764960047955
4537.7			1.0422284458438342
4538.6			1.0367192793368967
4539.5			0.9995662030316057
4540.4			1.0
4541.3			1.0
4542.2			1.0
4543.1			1.0
4544.0			1.0
4544.9			1.0
4545.8			1.0
4546.7			1.0
4547.6			1.0
4548.5			1.0
4549.4			1.0
4550.3			1.0
4551.2			1.0516028257148957
4552.1			1.049497650323618
4553.0			0.9889818616668108
4553.9			0.9242835669020132
4554.8			0.9048617602945971
4555.7			0.9359022321897171
4556.6			0.9808494651648944
4557.5			1.0025616225265808
4558.4			0.999982445903986
4559.3			1.0
4560.2			1.0
4561.1			1.0
4562.0			1.0
4562.9			1.0
4563.8			1.0
4564.7			1.0
4565.6			1.0
4566.5			1.0
4567.4			1.0
4568.3			1.0
4569.2			1.0
4570.1			1.0
4571.0			1.0
4571.9			1.0
4572.8			1.0
4573.7			1.0
4574.6			1.0
4575.5			0.9928989582384313
4576.4			1.0026204958704197
4577.3			1.0146263762449144
4578.2			1.0074739585995947
4579.1			0.9803050687730237
4580.0			0.9552263852408502
4580.9			0.9506651988601207
4581.8			0.9542855813166681
4582.7			0.9440944616888911
4583.6			0.9374250785688236
4584.5			0.9566691913655537
4585.4			0.9815436046439626
4586.3			0.9920283699586899
4587.2			0.9983773159055245
4588.1			1.0116996315096998
4589.0			1.0284796180219098
4589.9			1.0346043904694417
4590.8			1.0207728574696253
4591.7			0.9987892957946956
4592.6			1.0
4593.5			1.0
4594.4			1.0
4595.3			1.0
4596.2			1.0
4597.1			1.0
4598.0			1.0
4598.9			1.0
4599.8			1.0
4600.7			1.0
4601.6			1.0
4602.5			1.0
4603.4			1.0
4604.3			1.0
4605.2			1.0
4606.1			1.0
4607.0			1.0
4607.9			1.0
4608.8			1.0
4609.7			1.0
4610.6			1.0
4611.5			1.0
4612.4			1.0
4613.3			1.0
4614.2			1.0
4615.1			1.0
4616.0			1.0
4616.9			1.0
4617.8			1.0
4618.7			1.0
4619.6			1.0
4620.5			1.0
4621.4			1.0
4622.3			1.0
4623.2			1.0
4624.1			1.0
4625.0			1.0
4625.9			1.0
4626.8			1.0
4627.7			1.0
4628.6			1.0
4629.5			1.0
4630.4			1.0
4631.3			1.0
4632.2			1.0
4633.1			1.0
4634.0			1.0
4634.9			1.0
4635.8			1.0
4636.7			1.0
4637.6			1.0
4638.5			1.0
4639.4			1.0
4640.3			1.0
4641.2			1.0
4642.1			1.0
4643.0			0.9932414138488047
4643.9			0.9816913569834098
4644.8			0.9681516735598821
4645.7			0.9430254459642652
4646.6			0.9169620080395263
4647.5			0.9121640137880014
4648.4			0.9317789376373748
4649.3			0.960428762891648
4650.2			0.9818656836152114
4651.1			0.9928750260063861
4652.0			1.000049095310546
4652.9			1.0
4653.8			1.0
4654.7			1.0
4655.6			1.0
4656.5			1.0
4657.4			1.0
4658.3			1.0
4659.2			1.0
4660.1			1.0
4661.0			1.0
4661.9			1.0
4662.8			1.0
4663.7			0.9964407941836136
4664.6			1.0024754115090602
4665.5			0.977799874488618
4666.4			0.9206896506602609
4667.3			0.8822795034218063
4668.2			0.8957147803757953
4669.1			0.9384848190196687
4670.0			0.9747259604107484
4670.9			1.0007474581013454
4671.8			1.0
4672.7			1.0
4673.6			1.0
4674.5			1.0
4675.4			1.0
4676.3			1.0
4677.2			1.0
4678.1			1.0
4679.0			1.0
4679.9			1.0
4680.8			1.0
4681.7			1.0
4682.6			1.0
4683.5			1.0
4684.4			1.0
4685.3			1.0
4686.2			1.0
4687.1			1.0
4688.0			1.0
4688.9			1.0
4689.8			1.0
4690.7			1.0
4691.6			1.0
4692.5			1.0
4693.4			1.0
4694.3			1.0
4695.2			1.0
4696.1			1.0167429374999355
4697.0			1.0080833858434899
4697.9			0.9808694317394678
4698.8			0.9653220239810897
4699.7			0.9749102352814287
4700.6			0.9863228895235239
4701.5			0.9742313019873429
4702.4			0.9544205830012099
4703.3			0.9618337370403586
4704.2			0.9965352608778111
4705.1			1.025726464775966
4706.0			1.0261438685872621
4706.9			1.0080362521647233
4707.8			0.9944302594010114
4708.7			0.9952797530249003
4709.6			1.0
4710.5			1.0
4711.4			1.0
4712.3			1.0
4713.2			1.0
4714.1			1.0
4715.0			1.0
4715.9			1.0
4716.8			1.0
4717.7			1.0
4718.6			1.0
4719.5			1.0
4720.4			1.0
4721.3			1.0
4722.2			1.0
4723.1			1.0
4724.0			1.0
4724.9			1.0
4725.8			1.0
4726.7			1.0
4727.6			1.0
4728.5			1.0
4729.4			1.0
4730.3			1.0
4731.2			1.0
4732.1			1.0
4733.0			1.0
4733.9			1.0
4734.8			1.0
4735.7			1.0
4736.6			1.0
4737.5			1.0
4738.4			1.0
4739.3			1.0
4740.2			1.0
4741.1			1.0
4742.0			1.0
4742.9			1.0
4743.8			1.0
4744.7			1.0
4745.6			1.0
4746.5			1.0
4747.4			1.0
4748.3			1.0
4749.2			1.0
4750.1			1.0
4751.0			1.0
4751.9			1.0
4752.8			1.0
4753.7			1.0
4754.6			1.0
4755.5			1.0
4756.4			1.0
4757.3			1.0
4758.2			1.0144439761755335
4759.1			1.0243827023587264
4760.0			1.0280057320584082
4760.9			1.0122297628926062
4761.8			0.982215832273679
4762.7			0.9626693468222414
4763.6			0.9587660354368344
4764.5			0.955958858802267
4765.4			0.9500307321068672
4766.3			0.9533956774525687
4767.2			0.9714707936668153
4768.1			0.9967911057892161
4769.0			1.0215958965708911
4769.9			1.0325021214237162
4770.8			1.0180701813417448
4771.7			0.9981640086123658
4772.6			1.0003311945168714
4773.5			1.0
4774.4			1.0
4775.3			1.0
4776.2			1.0
4777.1			1.0
4778.0			1.0
4778.9			1.0
4779.8			1.0
4780.7			1.0
4781.6			1.0
4782.5			1.0
4783.4			1.0
4784.3			1.0
4785.2			1.0
4786.1			1.0
4787.0			1.0
4787.9			1.0
4788.8			1.0
4789.7			1.0
4790.6			1.0
4791.5			1.0
4792.4			1.0
4793.3			1.0
4794.2			1.0
4795.1			1.0
4796.0			1.0
4796.9			1.0
4797.8			1.0
4798.7			1.0
4799.6			1.0
4800.5			1.0
4801.4			1.0
4802.3			1.0
4803.2			1.0
4804.1			1.0
4805.0			1.0
4805.9			1.0
4806.8			1.0
4807.7			1.0
4808.6			1.0
4809.5			1.0
4810.4			1.0
4811.3			1.0
4812.2			1.0
4813.1			1.0
4814.0			1.0
4814.9			1.0
4815.8			1.0
4816.7			1.0
4817.6			1.0
4818.5			1.0
4819.4			1.0
4820.3			1.0
4821.2			1.0
4822.1			0.9752086238048984
4823.0			0.933037310987337
4823.9			0.9157443561264508
4824.8			0.9472606798365836
4825.7			0.9954470559528893
4826.6			1.0
4827.5			1.0
4828.4			1.0
4829.3			1.0
4830.2			1.0
4831.1			1.0
4832.0			1.0
4832.9			1.0
4833.8			1.0
4834.7			1.0
4835.6			1.0
4836.5			1.0
4837.4			1.0
4838.3			1.0
4839.2			1.0
4840.1			1.0
4841.0			1.0
4841.9			1.0
4842.8			1.0
4843.7			1.0
4844.6			1.0
4845.5			1.0
4846.4			1.0
4847.3			1.0
4848.2			1.0
4849.1			1.0
4850.0			1.0
4850.9			1.0136584310493504
4851.8			1.0066014883647831
4852.7			0.9948461291840854
4853.6			0.9694656031162554
4854.5			0.9157530123282419
4855.4			0.8661748261772131
4856.3			0.8650904705541227
4857.2			0.8888925885050468
4858.1			0.8759279808576087
4859.0			0.8066871914583182
4859.9			0.6963381876872694
4860.8			0.5989388925111393
4861.7			0.6062148912383826
4862.6			0.7166976999071428
4863.5			0.8194162463918305
4864.4			0.8738481823436862
4865.3			0.9206354979661551
4866.2			0.9639961401886333
4867.1			0.9906384538326731
4868.0			1.0101788578055368
4868.9			1.0333427234179204
4869.8			1.0348097940221417
4870.7			0.9995557321801952
4871.6			1.0
4872.5			1.0
4873.4			1.0
4874.3			1.0
4875.2			1.0
4876.1			1.0
4877.0			1.0
4877.9			1.0
4878.8			1.0
4879.7			1.0
4880.6			1.0
4881.5			1.0
4882.4			1.0
4883.3			1.0
4884.2			1.0
4885.1			1.0
4886.0			1.0
4886.9			1.0
4887.8			1.0
4888.7			0.9905773344301714
4889.6			0.9543855122842604
4890.5			0.8980582557134023
4891.4			0.8776149475735666
4892.3			0.9225863202664529
4893.2			0.9763826505253935
4894.1			0.9953298407832545
4895.0			1.0
4895.9			1.0
4896.8			1.0
4897.7			1.0
4898.6			1.0
4899.5			1.0
4900.4			1.0
4901.3			1.0
4902.2			1.0
4903.1			1.0
4904.0			1.0
4904.9			1.0
4905.8			1.0
4906.7			1.0065437107635828
4907.6			0.9894755840840903
4908.5			0.9627131101128735
4909.4			0.9323463949561225
4910.3			0.9127070176860733
4911.2			0.9221000127056802
4912.1			0.9540444622196527
4913.0			1.0
4913.9			1.0140610613313215
4914.8			1.0276949239299975
4915.7			1.0370729760866886
4916.6			1.0229014592177277
4917.5			0.9736440664596169
4918.4			0.9077684773831599
4919.3			0.858631604654298
4920.2			0.8438360117133392
4921.1			0.8678169036314543
4922.0			0.9102132553571278
4922.9			0.9251791617357668
4923.8			0.9124342529901956
4924.7			0.9226294727136942
4925.6			0.9659658080230938
4926.5			1.000609080612081
4927.4			1.0
4928.3			1.0
4929.2			1.0
4930.1			1.0
4931.0			1.001832977031867
4931.9			0.988434492776557
4932.8			0.9418260776467249
4933.7			0.8989945522684516
4934.6			0.9221830487124769
4935.5			0.9830967160235947
4936.4			1.0049017719563578
4937.3			1.0
4938.2			1.0
4939.1			1.0
4940.0			1.0
4940.9			1.0
4941.8			1.0
4942.7			1.0
4943.6			1.0
4944.5			1.0
4945.4			1.0
4946.3			1.0
4947.2			1.0
4948.1			1.0
4949.0			1.0
4949.9			1.0
4950.8			1.0
4951.7			1.0
4952.6			1.0
4953.5			1.0
4954.4			1.0
4955.3			0.9865638889364032
4956.2			0.9293814189250461
4957.1			0.8559009878069732
4958.0			0.8491489334125374
4958.9			0.9210985160505089
4959.8			0.988046534137425
4960.7			0.9973427882718453
4961.6			1.0
4962.5			1.0
4963.4			1.0
4964.3			1.0
4965.2			1.0
4966.1			1.0
4967.0			1.0
4967.9			1.0
4968.8			1.0
4969.7			1.0
4970.6			1.0
4971.5			1.0
4972.4			1.0
4973.3			1.0
4974.2			1.0
4975.1			1.0
4976.0			1.0
4976.9			1.0
4977.8			1.0
4978.7			1.0
4979.6			0.9929814842801399
4980.5			0.9819120064751344
4981.4			0.9480692837567296
4982.3			0.9048411467368571
4983.2			0.8893791173865203
4984.1			0.9076813636619097
4985.0			0.9369660610817809
4985.9			0.9685835633552285
4986.8			1.0001982305660617
4987.7			1.0
4988.6			1.0
4989.5			1.0
4990.4			1.0
4991.3			1.0
4992.2			1.0
4993.1			1.0
4994.0			1.0
4994.9			1.0
4995.8			1.0
4996.7			1.0
4997.6			1.0
4998.5			1.0
4999.4			1.0
5000.3			1.0
5001.2			1.0
5002.1			1.0
5003.0			1.0054838233592653
5003.9			0.994541081210774
5004.8			0.959138646873289
5005.7			0.9220884832437358
5006.6			0.9231281266399903
5007.5			0.9655639080053303
5008.4			1.0
5009.3			1.0130371543141408
5010.2			0.999260968954452
5011.1			0.9753694020514277
5012.0			0.9469750539736043
5012.9			0.9228493153077117
5013.8			0.9163503460290616
5014.7			0.9355663590500333
5015.6			0.9637439230854659
5016.5			0.959124361440888
5017.4			0.9184856226142682
5018.3			0.9010641718661209
5019.2			0.9380829519037595
5020.1			0.9855683152025468
5021.0			0.9971228174803136
5021.9			0.9854002295809583
5022.8			0.989314992518896
5023.7			1.0140778305177691
5024.6			1.0309910596807854
5025.5			1.0290773843697023
5026.4			1.0158267950869548
5027.3			1.0025812639586933
5028.2			1.0
5029.1			1.0
5030.0			1.0
5030.9			1.0
5031.8			1.0
5032.7			1.0
5033.6			1.0
5034.5			1.0
5035.4			1.0
5036.3			1.0
5037.2			1.0105321044405802
5038.1			1.0048983909863811
5039.0			0.9687270035748998
5039.9			0.9125726672617291
5040.8			0.8616083650927311
5041.7			0.8645743663239
5042.6			0.9233139048282621
5043.5			0.9773187706677903
5044.4			1.000488093642679
5045.3			1.0
5046.2			1.0083301322530729
5047.1			0.9887583481244077
5048.0			0.952548933889336
5048.9			0.9263750627441183
5049.8			0.9228451118673664
5050.7			0.9271751997886677
5051.6			0.9266034415257032
5052.5			0.937077926482185
5053.4			0.9656619054496179
5054.3			0.9916791851019643
5055.2			0.9977337221182528
5056.1			0.9940224757424249
5057.0			0.9984280872034027
5057.9			1.0
5058.8			1.0
5059.7			1.0
5060.6			1.0
5061.5			1.0
5062.4			1.0
5063.3			1.0
5064.2			1.0
5065.1			1.0
5066.0			1.0
5066.9			1.0
5067.8			1.0
5068.7			1.0
5069.6			1.0
5070.5			1.0
5071.4			1.0
5072.3			1.0
5073.2			1.0
5074.1			1.0
5075.0			1.0
5075.9			1.0
5076.8			1.0174805622633256
5077.7			1.0179858531283628
5078.6			0.9738863336073111
5079.5			0.9208519906516157
5080.4			0.9155008851914267
5081.3			0.9561113459406937
5082.2			0.9920765455503233
5083.1			0.9968591708512405
5084.0			1.0017715292909446
5084.9			1.0
5085.8			1.0
5086.7			1.0
5087.6			1.0
5088.5			1.0
5089.4			1.0
5090.3			1.0
5091.2			1.0
5092.1			1.0
5093.0			1.0
5093.9			1.0
5094.8			1.0
5095.7			0.9837525857046606
5096.6			0.9578486745954559
5097.5			0.925518449202934
5098.4			0.8950509086080181
5099.3			0.8905151629361039
5100.2			0.926513382579821
5101.1			0.9787691288013117
5102.0			1.006717801698938
5102.9			1.0010433227614115
5103.8			1.0
5104.7			1.0
5105.6			1.0
5106.5			1.0
5107.4			1.0
5108.3			1.0
5109.2			1.0
5110.1			1.0
5111.0			1.0
5111.9			1.0
5112.8			1.0
5113.7			1.0
5114.6			1.0
5115.5			1.0
5116.4			1.0
5117.3			1.0
5118.2			1.0
5119.1			1.0
5120.0			1.0
5120.9			1.0
5121.8			1.0
5122.7			1.0
5123.6			1.0
5124.5			1.0
5125.4			1.0
5126.3			1.0
5127.2			1.0
5128.1			1.0
5129.0			1.0
5129.9			1.0
5130.8			1.0
5131.7			1.0
5132.6			1.0
5133.5			1.0
5134.4			1.0
5135.3			1.0
5136.2			1.0
5137.1			1.0
5138.0			1.0
5138.9			1.0
5139.8			1.0
5140.7			1.0
5141.6			1.0
5142.5			1.0
5143.4			1.0
5144.3			1.0
5145.2			1.0
5146.1			1.0
5147.0			1.0
5147.9			1.0
5148.8			1.0
5149.7			1.0
5150.6			1.0
5151.5			1.0
5152.4			1.0
5153.3			1.0
5154.2			1.0
5155.1			1.0
5156.0			1.0
5156.9			1.0
5157.8			1.0
5158.7			1.0
5159.6			1.0
5160.5			1.0
5161.4			1.0
5162.3			1.0
5163.2			1.009910048072204
5164.1			1.0173563660528828
5165.0			1.0016007529475457
5165.9			0.9627482819293587
5166.8			0.9056387578227216
5167.7			0.8756127970898533
5168.6			0.9262271730018481
5169.5			1.0413544595805786
5170.4			1.1302744534333615
5171.3			1.1019881045250652
5172.2			1.0158486165213954
5173.1			1.0
5174.0			1.0
5174.9			1.0
5175.8			1.0
5176.7			1.0
5177.6			1.0
5178.5			1.0
5179.4			1.0
5180.3			1.0
5181.2			0.9812889009209153
5182.1			0.9124912033880691
5183.0			0.8027541901376826
5183.9			0.7596021375422781
5184.8			0.8407818833196761
5185.7			0.9512791541210699
5186.6			1.0016499165544788
5187.5			1.0
5188.4			1.0
5189.3			1.0
5190.2			1.0
5191.1			1.0
5192.0			1.0
5192.9			1.0
5193.8			1.0
5194.7			1.0
5195.6			1.0
5196.5			1.0
5197.4			1.0
5198.3			1.0
5199.2			1.0
5200.1			1.0
5201.0			1.0047055485958514
5201.9			1.0062159254669318
5202.8			1.0063014489743476
5203.7			0.9886131066582641
5204.6			0.9456066035287736
5205.5			0.9144709717518932
5206.4			0.9260164580310186
5207.3			0.9469386607407438
5208.2			0.94412943165789
5209.1			0.9566030194387809
5210.0			0.9974547217579415
5210.9			1.0
5211.8			1.0
5212.7			1.0
5213.6			1.0
5214.5			1.0
5215.4			1.0
5216.3			1.0
5217.2			1.0
5218.1			1.0
5219.0			1.0
5219.9			1.0
5220.8			1.0
5221.7			1.0
5222.6			1.0
5223.5			1.0
5224.4			0.9685306622541288
5225.3			0.9160740418929307
5226.2			0.8529431301622638
5227.1			0.8343382957901906
5228.0			0.8937037660360189
5228.9			0.9673295288920771
5229.8			0.9994082569265235
5230.7			1.0
5231.6			1.0
5232.5			1.0
5233.4			1.0
5234.3			1.0
5235.2			1.0
5236.1			1.0
5237.0			1.0
5237.9			1.0
5238.8			1.0
5239.7			1.0
5240.6			1.0
5241.5			1.0
5242.4			1.0
5243.3			1.0
5244.2			1.0
5245.1			1.0
5246.0			1.0
5246.9			1.0
5247.8			1.0
5248.7			1.0
5249.6			1.0
5250.5			1.0
5251.4			1.0
5252.3			1.0
5253.2			1.0
5254.1			1.0
5255.0			1.0
5255.9			1.0
5256.8			1.0
5257.7			1.0
5258.6			1.0
5259.5			1.0
5260.4			1.0
5261.3			0.9691647221236656
5262.2			0.9305809137866288
5263.1			0.8925237144290257
5264.0			0.8614628209310059
5264.9			0.8393362111003927
5265.8			0.8375718905445584
5266.7			0.8709740236895028
5267.6			0.9097305578782181
5268.5			0.8872353213108122
5269.4			0.8193829406830325
5270.3			0.8076243931546857
5271.2			0.8785220805440888
5272.1			0.9427597068021166
5273.0			0.9473237864662044
5273.9			0.9223991146679741
5274.8			0.8950564920712021
5275.7			0.8895163843936404
5276.6			0.9342715368268865
5277.5			0.9947724364251541
5278.4			1.0154730782530943
5279.3			1.0
5280.2			0.9735565670304384
5281.1			0.9552624468023853
5282.0			0.9410437451946053
5282.9			0.9177314538140686
5283.8			0.8991006282474139
5284.7			0.9174430695308864
5285.6			0.9666705201938868
5286.5			1.0012100882167385
5287.4			1.001773267682491
5288.3			1.0
5289.2			1.0
5290.1			1.0
5291.0			1.0
5291.9			1.0
5292.8			1.0
5293.7			1.0
5294.6			1.0
5295.5			0.9976683468815116
5296.4			0.9720243423058087
5297.3			0.936685237216537
5298.2			0.9264684150556444
5299.1			0.958008969265439
5300.0			0.9942629839680438
5300.9			0.9965408024317802
5301.8			1.0
5302.7			1.0
5303.6			1.0
5304.5			1.0
5305.4			1.0
5306.3			1.0
5307.2			1.0
5308.1			1.0
5309.0			1.0
5309.9			1.0
5310.8			1.0
5311.7			1.0
5312.6			1.0
5313.5			1.0
5314.4			1.0
5315.3			1.0
5316.2			1.0
5317.1			1.0
5318.0			1.0
5318.9			1.0
5319.8			1.0
5320.7			1.0
5321.6			1.0
5322.5			1.0
5323.4			1.0
5324.3			1.0
5325.2			1.0
5326.1			1.0084941834424768
5327.0			0.9638261553885082
5327.9			0.8809316191067565
5328.8			0.8534355316929718
5329.7			0.9126918674647306
5330.6			0.9817406162102289
5331.5			1.003118559416023
5332.4			1.0
5333.3			1.0
5334.2			1.0
5335.1			1.0
5336.0			1.0
5336.9			1.0
5337.8			1.0
5338.7			1.0
5339.6			1.0
5340.5			1.0
5341.4			1.0
5342.3			1.0
5343.2			1.0
5344.1			1.0
5345.0			1.0
5345.9			1.0
5346.8			1.0
5347.7			1.0
5348.6			1.0
5349.5			1.0
5350.4			1.0
5351.3			1.0
5352.2			1.0
5353.1			1.0
5354.0			1.0
5354.9			1.0
5355.8			1.0
5356.7			1.0
5357.6			1.0
5358.5			1.0
5359.4			1.0
5360.3			1.0
5361.2			1.0
5362.1			1.0
5363.0			1.0
5363.9			1.0
5364.8			1.0
5365.7			1.0
5366.6			1.0
5367.5			0.9930882263890642
5368.4			0.9817713089752769
5369.3			0.956612129946579
5370.2			0.9160619155610077
5371.1			0.8924323493433195
5372.0			0.9125861259034485
5372.9			0.959566003081625
5373.8			0.99262304462632
5374.7			0.999680538449752
5375.6			1.0
5376.5			1.0
5377.4			1.0
5378.3			1.0
5379.2			1.0
5380.1			1.0
5381.0			1.0
5381.9			1.0
5382.8			1.0
5383.7			1.0
5384.6			1.0
5385.5			1.0
5386.4			1.0
5387.3			1.0
5388.2			1.0
5389.1			1.0
5390.0			1.0
5390.9			1.0
5391.8			1.0
5392.7			1.0
5393.6			1.0
5394.5			1.0
5395.4			1.0
5396.3			1.0
5397.2			1.0
5398.1			1.0
5399.0			1.0
5399.9			1.0
5400.8			1.0017451097985348
5401.7			1.0141047503998777
5402.6			1.0149017707783874
5403.5			0.984753434296433
5404.4			0.9428056530100487
5405.3			0.922108702484953
5406.2			0.9411828985859054
5407.1			0.9898538357083783
5408.0			1.027775253201085
5408.9			1.025104050500855
5409.8			1.004014067952255
5410.7			1.0
5411.6			1.0
5412.5			1.0
5413.4			1.0
5414.3			1.0
5415.2			1.0
5416.1			1.0
5417.0			1.0
5417.9			1.0
5418.8			1.0
5419.7			1.0
5420.6			1.0
5421.5			1.0
5422.4			1.0
5423.3			1.0
5424.2			1.0
5425.1			1.0
5426.0			1.0
5426.9			1.03761485060132
5427.8			1.0279607130230572
5428.7			0.9740687154854689
5429.6			0.9311908331248495
5430.5			0.9517265496204512
5431.4			0.9967939440201732
5432.3			1.0023205738887722
5433.2			1.0
5434.1			1.0
5435.0			1.0
5435.9			1.0
5436.8			1.0
5437.7			1.0
5438.6			1.0
5439.5			1.0
5440.4			1.0
5441.3			1.0
5442.2			1.0
5443.1			1.0
5444.0			0.9832485751555596
5444.9			0.9483286628869337
5445.8			0.9055889744912596
5446.7			0.8828489662434543
5447.6			0.9085749411081938
5448.5			0.964434569713116
5449.4			0.9999944739341489
5450.3			1.0
5451.2			1.0
5452.1			1.0
5453.0			0.9910622864474219
5453.9			0.9618851003637788
5454.8			0.9105818296212943
5455.7			0.8861971961203798
5456.6			0.9196808089828182
5457.5			0.9718319774992458
5458.4			0.9973389425950685
5459.3			1.0
5460.2			1.0
5461.1			1.0
5462.0			1.0
5462.9			1.0
5463.8			1.0
5464.7			1.0
5465.6			1.0
5466.5			1.0
5467.4			1.0
5468.3			1.0
5469.2			1.0
5470.1			1.0
5471.0			1.0
5471.9			1.0
5472.8			1.0
5473.7			1.0
5474.6			0.9993825946822334
5475.5			0.9713679979328346
5476.4			0.920386062091366
5477.3			0.9118564965218261
5478.2			0.9616221277693267
5479.1			1.0063288712281075
5480.0			0.9999810749905524
5480.9			1.0
5481.8			1.0
5482.7			1.0
5483.6			1.0
5484.5			1.0
5485.4			1.0
5486.3			1.0
5487.2			1.0
5488.1			1.0
5489.0			1.0
5489.9			1.0
5490.8			1.0
5491.7			1.0
5492.6			1.0
5493.5			1.0
5494.4			1.0
5495.3			1.0
5496.2			1.0
5497.1			1.0
5498.0			1.0
5498.9			1.0
5499.8			1.0
5500.7			1.0
5501.6			1.0
5502.5			1.0
5503.4			1.0
5504.3			1.0
5505.2			1.0
5506.1			1.0
5507.0			1.0
5507.9			1.0
5508.8			1.0
5509.7			1.0
5510.6			1.0
5511.5			1.0
5512.4			1.0
5513.3			1.0
5514.2			1.0
5515.1			1.0
5516.0			1.0
5516.9			1.0
5517.8			1.0
5518.7			1.0
5519.6			1.0
5520.5			1.0
5521.4			1.0
5522.3			1.0
5523.2			1.0
5524.1			1.0
5525.0			1.0
5525.9			1.0
5526.8			1.0
5527.7			1.0
5528.6			1.0
5529.5			1.0
5530.4			1.0
5531.3			1.0
5532.2			1.0
5533.1			1.0
5534.0			1.0
5534.9			1.0
5535.8			1.0
5536.7			1.0
5537.6			1.0
5538.5			1.0
5539.4			1.0
5540.3			1.0
5541.2			1.0
5542.1			1.0
5543.0			1.0
5543.9			1.0
5544.8			1.0
5545.7			1.0
5546.6			1.0
5547.5			1.0
5548.4			1.0
5549.3			1.0
5550.200000000001			1.0
5551.1			1.0
5552.0			1.0
5552.9			1.0
5553.8			1.0
5554.700000000001			1.0
5555.6			1.0
5556.5			1.0
5557.4			1.0
5558.3			1.0
5559.200000000001			1.0
5560.1			1.0
5561.0			1.0
5561.9			1.0
5562.8			1.0
5563.700000000001			1.0
5564.6			1.0
5565.5			1.0
5566.4			1.0
5567.3			1.0
5568.200000000001			1.0
5569.1			1.0
5570.0			1.0
5570.9			1.0
5571.8			1.0
5572.700000000001			1.0
5573.6			1.0
5574.5			1.0
5575.4			1.0
5576.3			1.0
5577.200000000001			1.0
5578.1			1.0
5579.0			1.0
5579.9			1.0
5580.8			1.0
5581.700000000001			0.9861936068075972
5582.6			0.9910474279407963
5583.5			1.002780133918802
5584.4			0.9924447546089997
5585.3			0.9552192003577881
5586.200000000001			0.904903468150567
5587.1			0.8740019550651226
5588.0			0.8803452702828177
5588.9			0.9033358684569314
5589.8			0.9376128494203984
5590.700000000001			0.9774151309667877
5591.6			0.9971473320311679
5592.5			0.9992895714122192
5593.4			1.0
5594.3			1.0
5595.200000000001			1.0
5596.1			1.0
5597.0			1.0
5597.9			0.95846104057432
5598.8			0.9319612940234784
5599.700000000001			0.9242967336613668
5600.6			0.9060746002606941
5601.5			0.8823491159122574
5602.4			0.8729176431725677
5603.3			0.9011511098738115
5604.200000000001			0.9611317124841819
5605.1			1.003496686405415
5606.0			1.00935747686473
5606.9			1.000918970854013
5607.8			1.0
5608.700000000001			1.0
5609.6			1.0
5610.5			1.0
5611.4			1.0
5612.3			1.0
5613.200000000001			0.9902720293696528
5614.1			0.9336005495030835
5615.0			0.8570245248420254
5615.9			0.8437601243782209
5616.8			0.9123944635121062
5617.700000000001			0.9831612433028507
5618.6			1.0040254338900276
5619.5			1.0
5620.4			1.0
5621.3			1.0
5622.200000000001			1.0109371142643255
5623.1			0.9823644525089551
5624.0			0.9337487940429249
5624.9			0.9152661568447537
5625.8			0.9450883010551918
5626.700000000001			0.9832238857458897
5627.6			1.0010146794628583
5628.5			1.0
5629.4			1.0
5630.3			1.0
5631.200000000001			1.0
5632.1			1.0
5633.0			1.0
5633.9			1.0
5634.8			1.0
5635.700000000001			1.0
5636.6			1.0
5637.5			1.0
5638.4			1.0
5639.3			1.0
5640.200000000001			1.0
5641.1			1.0
5642.0			1.0
5642.9			1.0
5643.8			1.0
5644.700000000001			1.0
5645.6			1.0
5646.5			1.0
5647.4			1.0
5648.3			1.0
5649.200000000001			1.0
5650.1			1.0
5651.0			1.0
5651.9			1.0
5652.8			1.0
5653.700000000001			1.0
5654.6			1.0
5655.5			1.0
5656.4			1.0245325020670684
5657.3			1.0009317282734012
5658.200000000001			0.9413002979240785
5659.1			0.9306047701602815
5660.0			0.9805084907949606
5660.9			1.014302002586423
5661.8			0.9997935535242947
5662.700000000001			1.0
5663.6			1.0
5664.5			1.0
5665.4			1.0
5666.3			1.0
5667.200000000001			1.0
5668.1			1.0
5669.0			1.0
5669.9			1.0
5670.8			1.0
5671.700000000001			1.0
5672.6			1.0
5673.5			1.0
5674.4			1.0
5675.3			1.0
5676.200000000001			1.0
5677.1			1.0
5678.0			1.0
5678.9			1.0
5679.8			1.0
5680.700000000001			1.0
5681.6			1.0
5682.5			1.0
5683.4			1.0
5684.3			1.0
5685.200000000001			1.0
5686.1			1.0
5687.0			1.0
5687.9			1.0
5688.8			1.0
5689.700000000001			1.0
5690.6			1.0
5691.5			1.0
5692.4			1.0
5693.3			1.0
5694.200000000001			1.0
5695.1			1.0
5696.0			1.0
5696.9			1.0
5697.8			1.0
5698.700000000001			1.0
5699.6			1.0
5700.5			1.0
5701.4			1.0
5702.3			0.9994018678603827
5703.200000000001			1.016511232379828
5704.1			1.0271375599465782
5705.0			1.0093760909747198
5705.9			0.9784015560005567
5706.8			0.9612904524673038
5707.700000000001			0.9464012410227745
5708.6			0.9206796916117347
5709.5			0.9062193295408246
5710.4			0.9123619252049682
5711.3			0.9200074945923027
5712.200000000001			0.9377542615301235
5713.1			0.9706717610396884
5714.0			0.9916415932400471
5714.9			0.9956701192715536
5715.8			1.0014955938333996
5716.700000000001			1.0013852158793706
5717.6			1.0
5718.5			1.0
5719.4			1.0
5720.3			1.0
5721.200000000001			1.0
5722.1			1.0
5723.0			1.0
5723.9			1.0
5724.8			1.0
5725.700000000001			1.0
5726.6			1.0
5727.5			1.0
5728.4			1.0
5729.3			1.0
5730.200000000001			1.0
5731.1			1.0
5732.0			1.0
5732.9			1.0
5733.8			1.0
5734.700000000001			1.0
5735.6			1.0
5736.5			1.0
5737.4			1.0
5738.3			1.0
5739.200000000001			1.0
5740.1			1.0
5741.0			1.0
5741.9			1.0
5742.8			1.0
5743.700000000001			1.0
5744.6			1.0
5745.5			1.0
5746.4			1.0
5747.3			1.0
5748.200000000001			1.0
5749.1			1.0
5750.0			1.0
5750.9			1.009381972805878
5751.8			0.9821107953805812
5752.700000000001			0.939347953343598
5753.6			0.9117842621541771
5754.5			0.9225156510380355
5755.4			0.9624470972990546
5756.3			0.9985263820782541
5757.200000000001			1.0
5758.1			1.0
5759.0			1.0
5759.9			1.0
5760.8			1.0
5761.700000000001			1.0
5762.6			1.0
5763.5			1.0
5764.4			1.0
5765.3			1.0
5766.200000000001			1.0
5767.1			1.0
5768.0			1.0
5768.9			1.0
5769.8			1.0
5770.700000000001			1.0
5771.6			1.0
5772.5			1.0
5773.4			1.0
5774.3			0.9950793708591693
5775.200000000001			0.9957305744475503
5776.1			1.0084027693754536
5777.0			1.0161141676673917
5777.9			1.0114743278172664
5778.8			0.9945502693405608
5779.700000000001			0.9649965407023452
5780.6			0.9278423198114915
5781.5			0.910079284932071
5782.4			0.9204815770923259
5783.3			0.9354415093371036
5784.200000000001			0.9282310482878572
5785.1			0.9126313899805193
5786.0			0.9255788742858299
5786.9			0.9599276122110446
5787.8			0.9860019798775657
5788.700000000001			1.000050262823837
5789.6			1.0
5790.5			1.0
5791.4			1.0
5792.3			1.0
5793.200000000001			1.0
5794.1			1.0
5795.0			1.0
5795.9			1.0
5796.8			1.0
5797.700000000001			1.0
5798.6			1.0
5799.5			1.0
5800.4			1.0
5801.3			1.0
5802.200000000001			1.0
5803.1			1.0
5804.0			1.0
5804.9			1.0
5805.8			1.0
5806.700000000001			1.0
5807.6			1.0
5808.5			1.0
5809.4			1.0
5810.3			1.0
5811.200000000001			1.0
5812.1			1.0
5813.0			1.0
5813.9			1.0
5814.8			1.0
5815.700000000001			1.0
5816.6			1.0
5817.5			1.0
5818.4			1.0
5819.3			1.0
5820.200000000001			1.0
5821.1			1.0
5822.0			1.0
5822.9			1.0
5823.8			1.0
5824.700000000001			1.0
5825.6			1.0
5826.5			1.0
5827.4			1.0
5828.3			1.0
5829.200000000001			1.0
5830.1			1.0
5831.0			1.0
5831.9			1.0
5832.8			1.0
5833.700000000001			1.0
5834.6			1.0
5835.5			1.0
5836.4			1.0
5837.3			1.0
5838.200000000001			1.0
5839.1			1.0
5840.0			1.0
5840.9			1.0
5841.8			1.0
5842.700000000001			1.0
5843.6			1.0
5844.5			1.0
5845.4			1.0
5846.3			1.0
5847.200000000001			1.0
5848.1			1.0
5849.0			1.0
5849.9			1.0
5850.8			1.0
5851.700000000001			1.0
5852.6			1.0
5853.5			1.0
5854.4			1.0026319288874308
5855.3			1.005689430011833
5856.200000000001			0.981930891651216
5857.1			0.9413876118159706
5858.0			0.9287425290565884
5858.9			0.9553370070054915
5859.8			0.9861751831669457
5860.700000000001			0.9987269045603637
5861.6			0.9988058921841412
5862.5			1.0
5863.4			1.0
5864.3			1.0
5865.200000000001			1.0
5866.1			1.0
5867.0			1.0
5867.9			1.0
5868.8			1.0
5869.700000000001			1.0
5870.6			1.0
5871.5			1.0
5872.4			1.0
5873.3			1.0
5874.200000000001			1.0
5875.1			1.0
5876.0			1.0
5876.9			1.0
5877.8			1.0
5878.700000000001			1.0
5879.6			1.0
5880.5			1.0
5881.4			1.0
5882.3			1.0
5883.200000000001			1.0
5884.1			1.0
5885.0			1.0
5885.9			1.0
5886.8			1.0
5887.700000000001			0.9670600531303865
5888.6			0.8673118723606127
5889.5			0.7425840246671107
5890.4			0.7191493546332215
5891.3			0.8260541348484502
5892.200000000001			0.9412893897941867
5893.1			0.9972365971667079
5894.0			1.0
5894.9			1.0
5895.8			1.0
5896.700000000001			1.0
5897.6			1.0
5898.5			1.0
5899.4			1.0
5900.3			1.0
5901.200000000001			1.0
5902.1			1.0
5903.0			1.0
5903.9			1.0
5904.8			1.0
5905.700000000001			1.0
5906.6			1.0
5907.5			1.0
5908.4			1.0
5909.3			1.0
5910.200000000001			1.0
5911.1			1.0
5912.0			1.0
5912.9			1.0
5913.8			1.0
5914.700000000001			1.0
5915.6			1.0
5916.5			1.0
5917.4			1.0
5918.3			1.0
5919.200000000001			1.0
5920.1			1.0
5921.0			1.0
5921.9			1.0
5922.8			1.0
5923.700000000001			1.0
5924.6			1.0
5925.5			1.0
5926.4			1.0
5927.3			1.0
5928.200000000001			1.0
5929.1			1.0
5930.0			1.0
5930.9			1.0
5931.8			1.0
5932.700000000001			1.0
5933.6			1.0
5934.5			1.0
5935.4			1.0
5936.3			1.0
5937.200000000001			1.0
5938.1			1.0
5939.0			1.0
5939.9			1.0
5940.8			1.0
5941.700000000001			1.0
5942.6			1.0
5943.5			1.0
5944.4			1.0
5945.3			1.0
5946.200000000001			1.0
5947.1			1.0
5948.0			1.0
5948.9			1.0
5949.8			1.0
5950.700000000001			1.0
5951.6			1.0
5952.5			1.0
5953.4			1.0
5954.3			1.0
5955.200000000001			1.0
5956.1			1.0
5957.0			1.0
5957.9			1.0
5958.8			1.0
5959.700000000001			1.0
5960.6			1.0
5961.5			1.0
5962.4			1.0
5963.3			1.0
5964.200000000001			1.0
5965.1			1.0
5966.0			1.0
5966.9			1.0
5967.8			1.0
5968.700000000001			1.0
5969.6			1.0
5970.5			1.0
5971.4			1.0
5972.3			1.0
5973.200000000001			1.0
5974.1			1.0
5975.0			1.0
5975.9			1.0
5976.8			1.0
5977.700000000001			1.0
5978.6			1.0
5979.5			1.0
5980.4			1.0
5981.3			1.0
5982.200000000001			1.0
5983.1			1.0
5984.0			1.0
5984.9			1.0
5985.8			1.0
5986.700000000001			1.0
5987.6			1.0
5988.5			1.0
5989.4			1.0
5990.3			1.0
5991.200000000001			1.0
5992.1			1.0
5993.0			1.0
5993.9			1.0
5994.8			1.0
5995.700000000001			1.0
5996.6			1.0
5997.5			1.0
5998.4			1.0
5999.3			1.0
6000.200000000001			1.0
6001.1			1.0
6002.0			1.0
6002.9			1.0
6003.8			1.0
6004.700000000001			1.0
6005.6			1.0
6006.5			1.0
6007.4			1.0
6008.3			1.0
6009.200000000001			1.0
6010.1			1.0
6011.0			1.0
6011.9			1.0
6012.8			1.0
6013.700000000001			1.0
6014.6			1.0
6015.5			1.0
6016.4			1.0
6017.3			1.0
6018.200000000001			1.0
6019.1			1.0
6020.0			1.0
6020.9			1.0
6021.8			1.0
6022.700000000001			1.0
6023.6			1.0
6024.5			1.0
6025.4			1.0
6026.3			1.0
6027.200000000001			1.0
6028.1			1.0
6029.0			1.0
6029.9			1.0
6030.8			1.0
6031.700000000001			1.0
6032.6			1.0
6033.5			1.0
6034.4			1.0
6035.3			1.0
6036.200000000001			1.0
6037.1			1.0
6038.0			1.0
6038.9			1.0
6039.8			1.0
6040.700000000001			1.0
6041.6			1.0
6042.5			1.0
6043.4			1.0
6044.3			1.0
6045.200000000001			1.0
6046.1			1.0
6047.0			1.0
6047.9			1.0
6048.8			1.0
6049.700000000001			1.0
6050.6			1.0
6051.5			1.0
6052.4			1.0
6053.3			1.0
6054.200000000001			1.0
6055.1			1.0
6056.0			1.0
6056.9			1.0
6057.8			1.0
6058.700000000001			1.0
6059.6			1.0
6060.5			1.0
6061.4			1.0
6062.3			1.0
6063.200000000001			1.0
6064.1			1.0
6065.0			1.0
6065.9			1.0
6066.8			1.0
6067.700000000001			1.0
6068.6			1.0
6069.5			1.0
6070.4			1.0
6071.3			1.0
6072.200000000001			1.0
6073.1			1.0
6074.0			1.0
6074.9			1.0
6075.8			1.0
6076.700000000001			1.0
6077.6			1.0
6078.5			1.0
6079.4			1.0
6080.3			1.0
6081.200000000001			1.0
6082.1			1.0
6083.0			1.0
6083.9			1.0
6084.8			1.0
6085.700000000001			1.0
6086.6			1.0
6087.5			1.0
6088.4			1.0
6089.3			1.0
6090.200000000001			1.0
6091.1			1.0
6092.0			1.0
6092.9			1.0
6093.8			1.0
6094.700000000001			1.0
6095.6			1.0
6096.5			1.0
6097.4			1.0
6098.3			1.0
6099.200000000001			1.0
6100.1			1.0
6101.0			0.9836411036518599
6101.9			0.9238781604492932
6102.8			0.8823644743025504
6103.700000000001			0.9222557011609575
6104.6			0.9947937275912098
6105.5			1.0
6106.4			1.0
6107.3			1.0
6108.200000000001			1.0
6109.1			1.0
6110.0			1.0
6110.9			1.0
6111.8			1.0
6112.700000000001			1.0
6113.6			1.0
6114.5			1.0
6115.4			1.0
6116.3			1.0
6117.200000000001			1.0
6118.1			1.0
6119.0			1.0
6119.9			1.0
6120.8			1.0
6121.700000000001			1.0
6122.6			1.0
6123.5			1.0
6124.4			1.0
6125.3			1.0
6126.200000000001			1.0
6127.1			1.0
6128.0			1.0
6128.9			1.0
6129.8			1.0
6130.700000000001			1.0
6131.6			1.0
6132.5			1.0
6133.4			1.0
6134.3			0.9960594162717566
6135.200000000001			0.9621465082235398
6136.1			0.892329011743023
6137.0			0.8306478368038864
6137.9			0.8490112660031316
6138.8			0.9361735290331731
6139.700000000001			1.0017151377528546
6140.6			1.0
6141.5			1.0
6142.4			1.0
6143.3			1.0
6144.200000000001			1.0
6145.1			1.0
6146.0			1.0
6146.9			1.0
6147.8			1.0
6148.700000000001			1.0
6149.6			1.0
6150.5			1.0
6151.4			1.0
6152.3			1.0
6153.200000000001			1.0
6154.1			1.0
6155.0			1.0
6155.9			1.0
6156.8			1.0
6157.700000000001			1.0
6158.6			1.0
6159.5			1.0027644247030087
6160.4			0.9587979540652651
6161.3			0.8832256808986646
6162.200000000001			0.8418582649227425
6163.1			0.8728270399473954
6164.0			0.9419408678273578
6164.9			0.9946565823157981
6165.8			1.0
6166.700000000001			1.0
6167.6			1.0
6168.5			1.0
6169.4			1.0
6170.3			1.0
6171.200000000001			1.0
6172.1			1.0
6173.0			1.0
6173.9			1.0
6174.8			1.0
6175.700000000001			1.0
6176.6			1.0
6177.5			1.0
6178.4			1.0
6179.3			1.0
6180.200000000001			1.0
6181.1			1.0
6182.0			1.0
6182.9			1.0
6183.8			1.0
6184.700000000001			1.0
6185.6			1.0
6186.5			1.0
6187.4			1.0
6188.3			1.0
6189.200000000001			1.0
6190.1			1.0
6191.0			1.0
6191.9			1.0
6192.8			1.0
6193.700000000001			1.0
6194.6			1.0
6195.5			1.0
6196.4			1.0
6197.3			1.0
6198.200000000001			1.0
6199.1			1.0
6200.0			1.0
6200.9			1.0
6201.8			1.0
6202.700000000001			1.0
6203.6			1.0
6204.5			1.0
6205.4			1.0
6206.3			1.0
6207.200000000001			1.0
6208.1			1.0
6209.0			1.0
6209.9			1.0
6210.8			1.0
6211.700000000001			1.0
6212.6			1.0
6213.5			1.0
6214.4			1.0
6215.3			1.0
6216.200000000001			1.0
6217.1			1.0
6218.0			1.0
6218.9			1.0
6219.8			1.0
6220.700000000001			1.0
6221.6			1.0
6222.5			1.0
6223.4			1.0
6224.3			1.0
6225.200000000001			1.0
6226.1			1.0
6227.0			1.0
6227.9			1.0
6228.8			1.0
6229.700000000001			1.0
6230.6			1.0
6231.5			1.0
6232.4			1.0
6233.3			1.0
6234.200000000001			1.0
6235.1			1.0
6236.0			1.0
6236.9			1.0
6237.8			1.0
6238.700000000001			1.0
6239.6			1.0
6240.5			1.0
6241.4			1.0
6242.3			1.0
6243.200000000001			1.0
6244.1			1.0
6245.0			1.0
6245.9			1.0
6246.8			1.0
6247.700000000001			1.0
6248.6			1.0
6249.5			1.0
6250.4			1.0
6251.3			1.0
6252.200000000001			1.0
6253.1			1.0
6254.0			1.0
6254.9			1.0
6255.8			1.0
6256.700000000001			1.0
6257.6			1.0
6258.5			1.0
6259.4			1.0
6260.3			1.0
6261.200000000001			1.0
6262.1			1.0
6263.0			1.0
6263.9			1.0
6264.8			1.0
6265.700000000001			1.0
6266.6			1.0
6267.5			1.0
6268.4			1.0
6269.3			1.0
6270.200000000001			1.0
6271.1			1.0
6272.0			1.0
6272.9			1.0
6273.8			1.0
6274.700000000001			1.0
6275.6			1.0
6276.5			1.0
6277.4			1.0
6278.3			1.0
6279.200000000001			1.0
6280.1			1.0
6281.0			1.0
6281.9			1.0
6282.8			1.0
6283.700000000001			1.0
6284.6			1.0
6285.5			1.0
6286.4			1.0
6287.3			1.0
6288.200000000001			1.0
6289.1			1.0
6290.0			1.0
6290.9			1.0
6291.8			1.0
6292.700000000001			1.0
6293.6			1.0
6294.5			1.0
6295.4			1.0
6296.3			1.0
6297.200000000001			1.0
6298.1			1.0
6299.0			1.0
6299.9			1.0
6300.8			1.0
6301.700000000001			1.0
6302.6			1.0
6303.5			1.0
6304.4			1.0
6305.3			1.0
6306.200000000001			1.0
6307.1			1.0
6308.0			1.0
6308.9			1.0
6309.8			1.0
6310.700000000001			1.0
6311.6			1.0
6312.5			1.0
6313.4			1.0
6314.3			1.0
6315.200000000001			1.0
6316.1			1.0
6317.0			1.0
6317.9			1.0
6318.8			1.0
6319.700000000001			1.0
6320.6			1.0
6321.5			1.0
6322.4			1.0
6323.3			1.0
6324.200000000001			1.0
6325.1			1.0
6326.0			1.0
6326.9			1.0
6327.8			1.0
6328.700000000001			1.0
6329.6			1.0
6330.5			1.0
6331.4			1.0
6332.3			1.0
6333.200000000001			1.0
6334.1			1.0
6335.0			1.0
6335.9			1.0
6336.8			1.0
6337.700000000001			1.0
6338.6			1.0
6339.5			1.0
6340.4			1.0
6341.3			1.0
6342.200000000001			1.0
6343.1			1.0
6344.0			1.0
6344.9			1.0
6345.8			1.0
6346.700000000001			1.0
6347.6			1.0
6348.5			1.0
6349.4			1.0
6350.3			1.0
6351.200000000001			1.0
6352.1			1.0
6353.0			1.0
6353.9			1.0
6354.8			1.0
6355.700000000001			1.0
6356.6			1.0
6357.5			1.0
6358.4			1.0
6359.3			1.0
6360.200000000001			1.0
6361.1			1.0
6362.0			1.0
6362.9			1.0
6363.8			1.0
6364.700000000001			1.0
6365.6			1.0
6366.5			1.0
6367.4			1.0
6368.3			1.0
6369.200000000001			1.0
6370.1			1.0
6371.0			1.0
6371.9			1.0
6372.8			1.0
6373.700000000001			1.0
6374.6			1.0
6375.5			1.0
6376.4			1.0
6377.3			1.0
6378.200000000001			1.0
6379.1			1.0
6380.0			1.0
6380.9			1.0
6381.8			1.0
6382.700000000001			1.0
6383.6			1.0
6384.5			1.0
6385.4			1.0
6386.3			1.0
6387.200000000001			1.0
6388.1			1.0
6389.0			1.0
6389.9			1.0
6390.8			1.0
6391.700000000001			1.0
6392.6			1.0
6393.5			1.0
6394.4			1.0
6395.3			1.0
6396.200000000001			1.0
6397.1			1.0055745737732076
6398.0			1.002015334168926
6398.9			0.9555512932745727
6399.8			0.8935097946137663
6400.700000000001			0.9002763680095918
6401.6			0.9612030401241587
6402.5			1.0005169926839623
6403.4			1.0
6404.3			1.0
6405.200000000001			1.0
6406.1			1.0
6407.0			1.0
6407.9			1.0
6408.8			1.0
6409.700000000001			1.0
6410.6			1.0
6411.5			1.0
6412.4			1.0
6413.3			1.0
6414.200000000001			1.0
6415.1			1.0
6416.0			1.0
6416.9			1.0
6417.8			1.0
6418.700000000001			1.0
6419.6			1.0
6420.5			1.0
6421.4			1.0
6422.3			1.0
6423.200000000001			1.0
6424.1			1.0
6425.0			1.0
6425.9			1.0
6426.8			1.0
6427.700000000001			1.0
6428.6			1.0
6429.5			1.0
6430.4			1.0
6431.3			1.0
6432.200000000001			1.0
6433.1			1.0
6434.0			1.0
6434.9			1.0
6435.8			1.0
6436.700000000001			1.0
6437.6			1.0
6438.5			1.0
6439.4			1.0
6440.3			1.0
6441.200000000001			1.0
6442.1			1.0
6443.0			1.0
6443.9			1.0
6444.8			1.0
6445.700000000001			1.0
6446.6			1.0
6447.5			1.0
6448.4			1.0
6449.3			1.0
6450.200000000001			1.0
6451.1			1.0
6452.0			1.0
6452.9			1.0
6453.8			1.0
6454.700000000001			1.0
6455.6			1.0
6456.5			1.0
6457.4			1.0
6458.3			1.0
6459.200000000001			1.0
6460.1			1.0
6461.0			1.0
6461.9			1.0
6462.8			1.0
6463.700000000001			1.0
6464.6			1.0
6465.5			1.0
6466.4			1.0
6467.3			1.0
6468.200000000001			1.0
6469.1			1.0
6470.0			1.0
6470.9			1.0
6471.8			1.0
6472.700000000001			1.0
6473.6			1.0
6474.5			1.0
6475.4			1.0
6476.3			1.0
6477.200000000001			1.0
6478.1			1.0
6479.0			1.0
6479.9			1.0
6480.8			1.0
6481.700000000001			1.0
6482.6			1.0
6483.5			1.0
6484.4			1.0
6485.3			1.0
6486.200000000001			1.0
6487.1			1.0
6488.0			1.0
6488.9			1.0
6489.8			1.0
6490.700000000001			1.0
6491.6			1.0059465364105982
6492.5			0.9894322194121146
6493.4			0.9333805604780842
6494.3			0.8771394990488033
6495.200000000001			0.8712233044390205
6496.1			0.9105149417998829
6497.0			0.9610839519490361
6497.9			0.9949912320486548
6498.8			0.9987177528823502
6499.700000000001			1.0
6500.6			1.0
6501.5			1.0
6502.4			1.0
6503.3			1.0
6504.200000000001			1.0
6505.1			1.0
6506.0			1.0
6506.9			1.0
6507.8			1.0
6508.700000000001			1.0
6509.6			1.0
6510.5			1.0
6511.4			1.0
6512.3			1.0
6513.200000000001			1.0
6514.1			1.0
6515.0			1.0
6515.9			1.0
6516.8			1.0
6517.700000000001			1.0
6518.6			1.0
6519.5			1.0
6520.4			1.0
6521.3			1.0
6522.200000000001			1.0
6523.1			1.0
6524.0			1.0
6524.9			1.0
6525.8			1.0
6526.700000000001			1.0
6527.6			1.0
6528.5			1.0
6529.4			1.0
6530.3			1.0
6531.200000000001			1.0
6532.1			1.0
6533.0			1.0
6533.9			1.0
6534.8			1.0
6535.700000000001			1.0
6536.6			1.0
6537.5			1.0
6538.4			1.0
6539.3			1.0
6540.200000000001			1.0
6541.1			1.0
6542.0			1.0
6542.9			1.0
6543.8			1.0
6544.700000000001			1.0
6545.6			1.0
6546.5			1.0
6547.4			1.0
6548.3			1.0
6549.200000000001			1.0
6550.1			1.0
6551.0			1.0
6551.9			1.0
6552.8			1.0
6553.700000000001			1.0
6554.6			1.0
6555.5			1.0
6556.4			1.0
6557.3			1.0
6558.200000000001			1.0
6559.1			1.0
6560.0			0.9776224406055076
6560.9			0.89090292104492
6561.8			0.7206218036128459
6562.700000000001			0.6050737532440854
6563.6			0.6884033563068676
6564.5			0.873970835435141
6565.4			0.9967777420906098
6566.3			1.0
6567.200000000001			1.0
6568.1			1.0
6569.0			1.0
6569.9			1.0
6570.8			1.0
6571.700000000001			1.0
6572.6			1.0
6573.5			1.0
6574.4			1.0
6575.3			1.0
6576.200000000001			1.0
6577.1			1.0
6578.0			1.0
6578.9			1.0
6579.8			1.0
6580.700000000001			1.0
6581.6			1.0
6582.5			1.0
6583.4			1.0
6584.3			1.0
6585.200000000001			1.0
6586.1			1.0
6587.0			1.0
6587.9			1.0
6588.8			1.0
6589.700000000001			1.0
6590.6			1.0
6591.5			1.0
6592.4			1.0
6593.3			1.0
6594.200000000001			1.0
6595.1			1.0
6596.0			1.0
6596.9			1.0
6597.8			1.0
6598.700000000001			1.0
6599.6			1.0
6600.5			1.0
6601.4			1.0
6602.3			1.0
6603.200000000001			1.0
6604.1			1.0
6605.0			1.0
6605.9			1.0
6606.8			1.0
6607.700000000001			1.0
6608.6			1.0
6609.5			1.0
6610.4			1.0
6611.3			1.0
6612.200000000001			1.0
6613.1			1.0
6614.0			1.0
6614.9			1.0
6615.8			1.0
6616.700000000001			1.0
6617.6			1.0
6618.5			1.0
6619.4			1.0
6620.3			1.0
6621.200000000001			1.0
6622.1			1.0
6623.0			1.0
6623.9			1.0
6624.8			1.0
6625.700000000001			1.0
6626.6			1.0
6627.5			1.0
6628.4			1.0
6629.3			1.0
6630.200000000001			1.0
6631.1			1.0
6632.0			1.0
6632.9			1.0
6633.8			1.0
6634.700000000001			1.0
6635.6			1.0
6636.5			1.0
6637.4			1.0
6638.3			1.0
6639.200000000001			1.0
6640.1			1.0
6641.0			1.0
6641.9			1.0
6642.8			1.0
6643.700000000001			1.0
6644.6			1.0
6645.5			1.0
6646.4			1.0
6647.3			1.0
6648.200000000001			1.0
6649.1			1.0
6650.0			1.0
6650.9			1.0
6651.8			1.0
6652.700000000001			1.0
6653.6			1.0
6654.5			1.0
6655.4			1.0
6656.3			1.0
6657.200000000001			1.0
6658.1			1.0
6659.0			1.0
6659.9			1.0
6660.8			1.0
6661.700000000001			1.0
6662.6			1.0
6663.5			1.0
6664.4			1.0
6665.3			1.0
6666.200000000001			1.0
6667.1			1.0
6668.0			1.0
6668.9			1.0
6669.8			1.0
6670.700000000001			1.0
6671.6			1.0
6672.5			1.0
6673.4			1.0
6674.3			1.0
6675.200000000001			1.0
6676.1			1.0
6677.0			1.0
6677.9			1.0
6678.8			1.0
6679.700000000001			1.0
6680.6			1.0
6681.5			1.0
6682.4			1.0
6683.3			1.0
6684.200000000001			1.0
6685.1			1.0
6686.0			1.0
6686.9			1.0
6687.8			1.0
6688.700000000001			1.0
6689.6			1.0
6690.5			1.0
6691.4			1.0
6692.3			1.0
6693.200000000001			1.0
6694.1			1.0
6695.0			1.0
6695.9			1.0
6696.8			1.0
6697.700000000001			1.0
6698.6			1.0
6699.5			1.0
6700.4			1.0
6701.3			1.0
6702.200000000001			1.0
6703.1			1.0
6704.0			1.0
6704.9			1.0
6705.8			1.0
6706.700000000001			1.0
6707.6			1.0
6708.5			1.0
6709.4			1.0
6710.3			1.0
6711.200000000001			1.0
6712.1			1.0
6713.0			1.0
6713.9			1.0
6714.8			1.0
6715.700000000001			1.0
6716.6			1.0
6717.5			1.0
6718.4			1.0
6719.3			1.0
6720.200000000001			1.0
6721.1			1.0
6722.0			1.0
6722.9			1.0
6723.8			1.0
6724.700000000001			1.0
6725.6			1.0
6726.5			1.0
6727.4			1.0
6728.3			1.0
6729.200000000001			1.0
6730.1			1.0
6731.0			1.0
6731.9			1.0
6732.8			1.0
6733.700000000001			1.0
6734.6			1.0
6735.5			1.0
6736.4			1.0
6737.3			1.0
6738.200000000001			1.0
6739.1			1.0
6740.0			1.0
6740.9			1.0
6741.8			1.0
6742.700000000001			1.0
6743.6			1.0
6744.5			1.0
6745.4			1.0
6746.3			1.0
6747.200000000001			1.0
6748.1			1.0
6749.0			1.0
6749.9			1.0
6750.8			1.0
6751.700000000001			1.0
6752.6			1.0
6753.5			1.0
6754.4			1.0
6755.3			1.0
6756.200000000001			1.0
6757.1			1.0
6758.0			1.0
6758.9			1.0
6759.8			1.0
6760.700000000001			1.0
6761.6			1.0
6762.5			1.0
6763.4			1.0
6764.3			1.0
6765.200000000001			1.0
6766.1			1.0
6767.0			1.0
6767.9			1.0
6768.8			1.0
6769.700000000001			1.0
6770.6			1.0
6771.5			1.0
6772.4			1.0
6773.3			1.0
6774.200000000001			1.0
6775.1			1.0
6776.0			1.0
6776.9			1.0
6777.8			1.0
6778.700000000001			1.0
6779.6			1.0
6780.5			1.0
6781.4			1.0
6782.3			1.0
6783.200000000001			1.0
6784.1			1.0
6785.0			1.0
6785.9			1.0
6786.8			1.0
6787.700000000001			1.0
6788.6			1.0
6789.5			1.0
6790.4			1.0
6791.3			1.0
6792.200000000001			1.0
6793.1			1.0
6794.0			1.0
6794.9			1.0
6795.8			1.0
6796.700000000001			1.0
6797.6			1.0
6798.5			1.0
6799.4			1.0
6800.3			1.0
6801.200000000001			1.0
6802.1			1.0
6803.0			1.0
6803.9			1.0
6804.8			1.0
6805.700000000001			1.0
6806.6			1.0
6807.5			1.0
6808.4			1.0
6809.3			1.0
6810.200000000001			1.0
6811.1			1.0
6812.0			1.0
6812.9			1.0
6813.8			1.0
6814.700000000001			1.0
6815.6			1.0
6816.5			1.0
6817.4			1.0
6818.3			1.0
6819.200000000001			1.0
6820.1			1.0
6821.0			1.0
6821.9			1.0
6822.8			1.0
6823.700000000001			1.0
6824.6			1.0
6825.5			1.0
6826.4			1.0
6827.3			1.0
6828.200000000001			1.0
6829.1			1.0
6830.0			1.0
6830.9			1.0
6831.8			1.0
6832.700000000001			1.0
6833.6			1.0
6834.5			1.0
6835.4			1.0
6836.3			1.0
6837.200000000001			1.0
6838.1			1.0
6839.0			1.0
6839.9			1.0
6840.8			1.0
6841.700000000001			1.0
6842.6			1.0
6843.5			1.0
6844.4			1.0
6845.3			1.0
6846.200000000001			1.0
6847.1			1.0
6848.0			1.0
6848.9			1.0
6849.8			1.0
6850.700000000001			1.0
6851.6			1.0
6852.5			1.0
6853.4			1.0
6854.3			1.0
6855.200000000001			1.0
6856.1			1.0
6857.0			1.0
6857.9			1.0
6858.8			1.0
6859.700000000001			1.0
6860.6			1.0
6861.5			1.0
6862.4			1.0
6863.3			1.0
6864.200000000001			1.0
6865.1			1.0
6866.0			1.0
6866.9			1.0
6867.8			1.0
6868.700000000001			1.0
6869.6			1.0
6870.5			1.0
6871.4			1.0
6872.3			1.0
6873.200000000001			1.0
6874.1			1.0
6875.0			1.0
6875.9			1.0
6876.8			1.0
6877.700000000001			1.0
6878.6			1.0
6879.5			1.0
6880.4			1.0
6881.3			1.0
6882.200000000001			1.0
6883.1			1.0
6884.0			1.0
6884.9			1.0
6885.8			1.0
6886.700000000001			1.0
6887.6			1.0
6888.5			1.0
6889.4			1.0
6890.3			1.0
6891.200000000001			1.0
6892.1			1.0
6893.0			1.0
6893.9			1.0
6894.8			1.0
6895.700000000001			1.0
6896.6			1.0
6897.5			1.0
6898.4			1.0
6899.3			1.0
6900.200000000001			1.0
6901.1			1.0
6902.0			1.0
6902.9			1.0
6903.8			1.0
6904.700000000001			1.0
6905.6			1.0
6906.5			1.0
6907.4			1.0
6908.3			1.0
6909.200000000001			1.0
6910.1			1.0
6911.0			1.0
6911.9			1.0
6912.8			1.0
6913.700000000001			1.0
6914.6			1.0
6915.5			1.0
6916.4			1.0
6917.3			1.0
6918.200000000001			1.0
6919.1			1.0
6920.0			1.0
6920.9			1.0
6921.8			1.0
6922.700000000001			1.0
6923.6			1.0
6924.5			1.0
6925.4			1.0
6926.3			1.0
6927.200000000001			1.0
6928.1			1.0
6929.0			1.0
6929.9			1.0
6930.8			1.0
6931.700000000001			1.0
6932.6			1.0
6933.5			1.0
6934.4			1.0
6935.3			1.0
6936.200000000001			1.0
6937.1			1.0
6938.0			1.0
6938.9			1.0
6939.8			1.0
6940.700000000001			1.0
6941.6			1.0
6942.5			1.0
6943.4			1.0
6944.3			1.0
6945.200000000001			1.0
6946.1			1.0
6947.0			1.0
6947.9			1.0
6948.8			1.0
6949.700000000001			1.0
6950.6			1.0
6951.5			1.0
6952.4			1.0
6953.3			1.0
6954.200000000001			1.0
6955.1			1.0
6956.0			1.0
6956.9			1.0
6957.8			1.0
6958.700000000001			1.0
6959.6			1.0
6960.5			1.0
6961.4			1.0
6962.3			1.0
6963.200000000001			1.0
6964.1			1.0
6965.0			1.0
6965.9			1.0
6966.8			1.0
6967.700000000001			1.0
6968.6			1.0
6969.5			1.0
6970.4			1.0
6971.3			1.0
6972.200000000001			1.0
6973.1			1.0
6974.0			1.0
6974.9			1.0
6975.8			1.0
6976.700000000001			1.0
6977.6			1.0
6978.5			1.0
6979.4			1.0
6980.3			1.0
6981.200000000001			1.0
6982.1			1.0
6983.0			1.0
6983.9			1.0
6984.8			1.0
6985.700000000001			1.0
6986.6			1.0
6987.5			1.0
6988.4			1.0
6989.3			1.0
6990.200000000001			1.0
6991.1			1.0
6992.0			1.0
6992.9			1.0
6993.8			1.0
6994.700000000001			1.0
6995.6			1.0
6996.5			1.0
6997.4			1.0
6998.3			1.0
6999.200000000001			1.0
7000.1			1.0
7001.0			1.0
7001.9			1.0
7002.8			1.0
7003.700000000001			1.0
7004.6			1.0
7005.5			1.0
7006.4			1.0
7007.3			1.0
7008.200000000001			1.0
7009.1			1.0
7010.0			1.0
7010.9			1.0
7011.8			1.0
7012.700000000001			1.0
7013.6			1.0
7014.5			1.0
7015.4			1.0
7016.3			1.0
7017.200000000001			1.0
7018.1			1.0
7019.0			1.0
7019.9			1.0
7020.8			1.0
7021.700000000001			1.0
7022.6			1.0
7023.5			1.0
7024.4			1.0
7025.3			1.0
7026.200000000001			1.0
7027.1			1.0
7028.0			1.0
7028.9			1.0
7029.8			1.0
7030.700000000001			1.0
7031.6			1.0
7032.5			1.0
7033.4			1.0
7034.3			1.0
7035.200000000001			1.0
7036.1			1.0
7037.0			1.0
7037.9			1.0
7038.8			1.0
7039.700000000001			1.0
7040.6			1.0
7041.5			1.0
7042.4			1.0
7043.3			1.0
7044.200000000001			1.0
7045.1			1.0
7046.0			1.0
7046.9			1.0
7047.8			1.0
7048.700000000001			1.0
7049.6			1.0
7050.5			1.0
7051.4			1.0
7052.3			1.0
7053.200000000001			1.0
7054.1			1.0
7055.0			1.0
7055.9			1.0
7056.8			1.0
7057.700000000001			1.0
7058.6			1.0
7059.5			1.0
7060.4			1.0
7061.3			1.0
7062.200000000001			1.0
7063.1			1.0
7064.0			1.0
7064.9			1.0
7065.8			1.0
7066.700000000001			1.0
7067.6			1.0
7068.5			1.0
7069.4			1.0
7070.3			1.0
7071.200000000001			1.0
7072.1			1.0
7073.0			1.0
7073.9			1.0
7074.8			1.0
7075.700000000001			1.0
7076.6			1.0
7077.5			1.0
7078.4			1.0
7079.3			1.0
7080.200000000001			1.0
7081.1			1.0
7082.0			1.0
7082.9			1.0
7083.8			1.0
7084.700000000001			1.0
7085.6			1.0
7086.5			1.0
7087.4			1.0
7088.3			1.0
7089.200000000001			1.0
7090.1			1.0
7091.0			1.0
7091.9			1.0
7092.8			1.0
7093.700000000001			1.0
7094.6			1.0
7095.5			1.0
7096.4			1.0
7097.3			1.0
7098.200000000001			1.0
7099.1			1.0
7100.0			1.0
7100.9			1.0
7101.8			1.0
7102.700000000001			1.0
7103.6			1.0
7104.5			1.0
7105.4			1.0
7106.3			1.0
7107.200000000001			1.0
7108.1			1.0
7109.0			1.0
7109.9			1.0
7110.8			1.0
7111.700000000001			1.0
7112.6			1.0
7113.5			1.0
7114.4			1.0
7115.3			1.0
7116.200000000001			1.0
7117.1			1.0
7118.0			1.0
7118.9			1.0
7119.8			1.0
7120.700000000001			1.0
7121.6			1.0
7122.5			1.0
7123.4			1.0
7124.3			1.0
7125.200000000001			1.0
7126.1			1.0
7127.0			1.0
7127.9			1.0
7128.8			1.0
7129.700000000001			1.0
7130.6			1.0
7131.5			1.0
7132.4			1.0
7133.3			1.0
7134.200000000001			1.0
7135.1			1.0
7136.0			1.0
7136.9			1.0
7137.8			1.0
7138.700000000001			1.0
7139.6			1.0
7140.5			1.0
7141.4			1.0
7142.3			1.0
7143.200000000001			1.0
7144.1			1.0
7145.0			1.0
7145.9			1.0
7146.8			1.0
7147.700000000001			1.0
7148.6			1.0
7149.5			1.0
7150.4			1.0
7151.3			1.0
7152.200000000001			1.0
7153.1			1.0
7154.0			1.0
7154.9			1.0
7155.8			1.0
7156.700000000001			1.0
7157.6			1.0
7158.5			1.0
7159.4			1.0
7160.3			1.0
7161.200000000001			1.0
7162.1			1.0
7163.0			1.0
7163.9			1.0
7164.8			1.0
7165.700000000001			1.0
7166.6			1.0
7167.5			1.0
7168.4			1.0
7169.3			1.0
7170.200000000001			1.0
7171.1			1.0
7172.0			1.0
7172.9			1.0
7173.8			1.0
7174.700000000001			1.0
7175.6			1.0
7176.5			1.0
7177.4			1.0
7178.3			1.0
7179.200000000001			1.0
7180.1			1.0
7181.0			1.0
7181.9			1.0
7182.8			1.0
7183.700000000001			1.0
7184.6			1.0
7185.5			1.0
7186.4			1.0
7187.3			1.0
7188.200000000001			1.0
7189.1			1.0
7190.0			1.0
7190.9			1.0
7191.8			1.0
7192.700000000001			1.0
7193.6			1.0
7194.5			1.0
7195.4			1.0
7196.3			1.0
7197.200000000001			1.0
7198.1			1.0
7199.0			1.0
7199.9			1.0
7200.8			1.0
7201.700000000001			1.0
7202.6			1.0
7203.5			1.0
7204.4			1.0
7205.3			1.0
7206.200000000001			1.0
7207.1			1.0
7208.0			1.0
7208.9			1.0
7209.8			1.0
7210.700000000001			1.0
7211.6			1.0
7212.5			1.0
7213.4			1.0
7214.3			1.0
7215.200000000001			1.0
7216.1			1.0
7217.0			1.0
7217.9			1.0
7218.8			1.0
7219.700000000001			1.0
7220.6			1.0
7221.5			1.0
7222.4			1.0
7223.3			1.0
7224.200000000001			1.0
7225.1			1.0
7226.0			1.0
7226.9			1.0
7227.8			1.0
7228.700000000001			1.0
7229.6			1.0
7230.5			1.0
7231.4			1.0
7232.3			1.0
7233.200000000001			1.0
7234.1			1.0
7235.0			1.0
7235.9			1.0
7236.8			1.0
7237.700000000001			1.0
7238.6			1.0
7239.5			1.0
7240.4			1.0
7241.3			1.0
7242.200000000001			1.0
7243.1			1.0
7244.0			1.0
7244.9			1.0
7245.8			1.0
7246.700000000001			1.0
7247.6			1.0
7248.5			1.0
7249.4			1.0
7250.3			1.0
7251.200000000001			1.0
7252.1			1.0
7253.0			1.0
7253.9			1.0
7254.8			1.0
7255.700000000001			1.0
7256.6			1.0
7257.5			1.0
7258.4			1.0
7259.3			1.0
7260.200000000001			1.0
7261.1			1.0
7262.0			1.0
7262.9			1.0
7263.8			1.0
7264.700000000001			1.0
7265.6			1.0
7266.5			1.0
7267.4			1.0
7268.3			1.0
7269.200000000001			1.0
7270.1			1.0
7271.0			1.0
7271.9			1.0
7272.8			1.0
7273.700000000001			1.0
7274.6			1.0
7275.5			1.0
7276.4			1.0
7277.3			1.0
7278.200000000001			1.0
7279.1			1.0
7280.0			1.0
7280.9			1.0
7281.8			1.0
7282.700000000001			1.0
7283.6			1.0
7284.5			1.0
7285.4			1.0
7286.3			1.0
7287.200000000001			1.0
7288.1			1.0
7289.0			1.0
7289.9			1.0
7290.8			1.0
7291.700000000001			1.0
7292.6			1.0
7293.5			1.0
7294.4			1.0
7295.3			1.0
7296.200000000001			1.0
7297.1			1.0
7298.0			1.0
7298.9			1.0
7299.8			1.0
7300.700000000001			1.0
7301.6			1.0
7302.5			1.0
7303.4			1.0
7304.3			1.0
7305.200000000001			1.0
7306.1			1.0
7307.0			1.0
7307.9			1.0
7308.8			1.0
7309.700000000001			1.0
7310.6			1.0
7311.5			1.0
7312.4			1.0
7313.3			1.0
7314.200000000001			1.0
7315.1			1.0
7316.0			1.0
7316.9			1.0
7317.8			1.0
7318.700000000001			1.0
7319.6			1.0
7320.5			1.0
7321.4			1.0
7322.3			1.0
7323.200000000001			1.0
7324.1			1.0
7325.0			1.0
7325.9			1.0
7326.8			1.0
7327.700000000001			1.0
7328.6			1.0
7329.5			1.0
7330.4			1.0
7331.3			1.0
7332.200000000001			1.0
7333.1			1.0
7334.0			1.0
7334.9			1.0
7335.8			1.0
7336.700000000001			1.0
7337.6			1.0
7338.5			1.0
7339.4			1.0
7340.3			1.0
7341.200000000001			1.0
7342.1			1.0
7343.0			1.0
7343.9			1.0
7344.8			1.0
7345.700000000001			1.0
7346.6			1.0
7347.5			1.0
7348.4			1.0
7349.3			1.0
7350.200000000001			1.0
7351.1			1.0
7352.0			1.0
7352.9			1.0
7353.8			1.0
7354.700000000001			1.0
7355.6			1.0
7356.5			1.0
7357.4			1.0
7358.3			1.0
7359.200000000001			1.0
7360.1			1.0
7361.0			1.0
7361.9			1.0
7362.8			1.0
7363.700000000001			1.0
7364.6			1.0
7365.5			1.0
7366.4			1.0
7367.3			1.0
7368.200000000001			1.0
7369.1			1.0
7370.0			1.0
7370.9			1.0
7371.8			1.0
7372.700000000001			1.0
7373.6			1.0
7374.5			1.0
7375.4			1.0
7376.3			1.0
7377.200000000001			1.0
7378.1			1.0
7379.0			1.0
7379.9			1.0
7380.8			1.0
7381.700000000001			1.0
7382.6			1.0
7383.5			1.0
7384.4			1.0
7385.3			1.0
7386.200000000001			1.0
7387.1			1.0
7388.0			1.0
7388.9			1.0
7389.8			1.0
7390.700000000001			1.0
7391.6			1.0
7392.5			1.0
7393.4			1.0
7394.3			1.0
7395.200000000001			1.0
7396.1			1.0
7397.0			1.0
7397.9			1.0
7398.8			1.0
7399.700000000001			1.0
7400.6			1.0
7401.5			1.0
7402.4			1.0
7403.3			1.0
7404.200000000001			1.0
7405.1			1.0
7406.0			1.0
7406.9			1.0
7407.8			1.0
7408.700000000001			1.0
7409.6			1.0
7410.5			1.0
7411.4			1.0
7412.3			1.0
7413.200000000001			1.0
7414.1			1.0
7415.0			1.0
7415.9			1.0
7416.8			1.0
7417.700000000001			1.0
7418.6			1.0
7419.5			1.0
7420.4			1.0
7421.3			1.0
7422.200000000001			1.0
7423.1			1.0
7424.0			1.0
7424.9			1.0
7425.8			1.0
7426.700000000001			1.0
7427.6			1.0
7428.5			1.0
7429.4			1.0
