3500.0			1.0
3500.9			1.0
3501.8			1.0
3502.7			1.0
3503.6			1.0
3504.5			1.0
3505.4			1.0
3506.3			1.0
3507.2			1.0
3508.1			1.0
3509.0			1.0
3509.9			1.0
3510.8			1.0
3511.7			1.0
3512.6			1.0
3513.5			1.0
3514.4			1.0
3515.3			1.0
3516.2			1.0
3517.1			1.0
3518.0			1.0
3518.9			1.0
3519.8			1.0
3520.7			1.0
3521.6			1.0
3522.5			1.0
3523.4			1.0
3524.3			1.0
3525.2			1.0
3526.1			1.0
3527.0			1.0
3527.9			1.0
3528.8			1.0
3529.7			1.0
3530.6			1.0
3531.5			1.0
3532.4			1.0
3533.3			1.0
3534.2			1.0
3535.1			1.0
3536.0			1.0
3536.9			1.0
3537.8			1.0
3538.7			1.0
3539.6			1.0
3540.5			1.0
3541.4			1.0
3542.3			1.0
3543.2			1.0
3544.1			1.0
3545.0			1.0
3545.9			1.0
3546.8			1.0
3547.7			1.0
3548.6			1.0
3549.5			1.0
3550.4			1.0
3551.3			1.0
3552.2			1.0
3553.1			1.0
3554.0			1.0
3554.9			1.0
3555.8			1.0
3556.7			1.0
3557.6			1.0
3558.5			1.0
3559.4			1.0
3560.3			1.0
3561.2			1.0
3562.1			1.0
3563.0			1.0
3563.9			1.0
3564.8			1.0
3565.7			1.0
3566.6			1.0
3567.5			1.0
3568.4			1.0
3569.3			1.0
3570.2			1.0
3571.1			1.0
3572.0			1.0
3572.9			1.0
3573.8			1.0
3574.7			1.0
3575.6			1.0
3576.5			1.0
3577.4			1.0
3578.3			1.0
3579.2			1.0
3580.1			1.0
3581.0			1.0
3581.9			1.0
3582.8			1.0
3583.7			1.0
3584.6			1.0
3585.5			1.0
3586.4			1.0
3587.3			1.0
3588.2			1.0
3589.1			1.0
3590.0			1.0
3590.9			1.0
3591.8			1.0
3592.7			1.0
3593.6			1.0
3594.5			1.0
3595.4			1.0
3596.3			1.0
3597.2			1.0
3598.1			1.0
3599.0			1.0
3599.9			1.0
3600.8			1.0
3601.7			1.0
3602.6			1.0
3603.5			1.0
3604.4			1.0
3605.3			1.0
3606.2			1.0
3607.1			1.0
3608.0			1.0
3608.9			1.0
3609.8			1.0
3610.7			1.0
3611.6			1.0
3612.5			1.0
3613.4			1.0
3614.3			1.0
3615.2			1.0
3616.1			1.0
3617.0			1.0
3617.9			1.0
3618.8			1.0
3619.7			1.0
3620.6			1.0
3621.5			1.0
3622.4			1.0
3623.3			1.0
3624.2			1.0
3625.1			1.0
3626.0			1.0
3626.9			1.0
3627.8			1.0
3628.7			1.0
3629.6			1.0
3630.5			1.0
3631.4			1.0
3632.3			1.0
3633.2			1.0
3634.1			1.0
3635.0			1.0
3635.9			1.0
3636.8			1.0
3637.7			1.0
3638.6			1.0
3639.5			1.0
3640.4			1.0
3641.3			1.0
3642.2			1.0
3643.1			1.0
3644.0			1.0
3644.9			1.0
3645.8			1.0
3646.7			1.0
3647.6			1.0
3648.5			1.0
3649.4			1.0
3650.3			1.0
3651.2			1.0
3652.1			1.0
3653.0			1.0
3653.9			1.0
3654.8			1.0
3655.7			1.0
3656.6			1.0
3657.5			1.0
3658.4			1.0
3659.3			1.0
3660.2			1.0
3661.1			1.0
3662.0			1.0
3662.9			1.0
3663.8			1.0
3664.7			1.0
3665.6			1.0
3666.5			1.0
3667.4			1.0
3668.3			1.0
3669.2			1.0
3670.1			1.0
3671.0			1.0
3671.9			1.0
3672.8			1.0
3673.7			1.0
3674.6			1.0
3675.5			1.0
3676.4			1.0
3677.3			1.0
3678.2			1.0
3679.1			1.0
3680.0			1.0
3680.9			1.0
3681.8			1.0
3682.7			1.0
3683.6			1.0
3684.5			1.0
3685.4			1.0
3686.3			1.0
3687.2			1.0
3688.1			1.0
3689.0			1.0
3689.9			1.0
3690.8			1.0
3691.7			1.0
3692.6			1.0
3693.5			1.0
3694.4			1.0
3695.3			1.0
3696.2			1.0
3697.1			1.0
3698.0			1.0
3698.9			1.0
3699.8			1.0
3700.7			1.0
3701.6			1.0
3702.5			1.0
3703.4			1.0
3704.3			1.0
3705.2			1.0
3706.1			1.0
3707.0			1.0
3707.9			1.0
3708.8			1.0
3709.7			1.0
3710.6			1.0
3711.5			1.0
3712.4			1.0
3713.3			1.0
3714.2			1.0
3715.1			1.0
3716.0			1.0
3716.9			1.0
3717.8			1.0
3718.7			1.0
3719.6			1.0
3720.5			1.0
3721.4			1.0
3722.3			1.0
3723.2			1.0
3724.1			1.0
3725.0			1.0
3725.9			1.0
3726.8			1.0
3727.7			1.0
3728.6			1.0
3729.5			1.0
3730.4			1.0
3731.3			1.0
3732.2			1.0
3733.1			1.0
3734.0			1.0
3734.9			1.0
3735.8			1.0
3736.7			1.0
3737.6			1.0
3738.5			1.0
3739.4			1.0
3740.3			1.0
3741.2			1.0
3742.1			1.0
3743.0			1.0
3743.9			1.0
3744.8			1.0
3745.7			1.0
3746.6			1.0
3747.5			1.0
3748.4			1.0
3749.3			1.0
3750.2			1.0
3751.1			1.0
3752.0			1.0
3752.9			1.0
3753.8			1.0
3754.7			1.0
3755.6			1.0
3756.5			1.0
3757.4			1.0
3758.3			1.0
3759.2			1.0
3760.1			1.0
3761.0			1.0
3761.9			1.0
3762.8			1.0
3763.7			1.0
3764.6			1.0
3765.5			1.0
3766.4			1.0
3767.3			1.0
3768.2			1.0
3769.1			1.0
3770.0			1.0
3770.9			1.0
3771.8			1.0
3772.7			1.0
3773.6			1.0
3774.5			1.0
3775.4			1.0
3776.3			1.0
3777.2			1.0
3778.1			1.0
3779.0			1.0
3779.9			1.0
3780.8			1.0
3781.7			1.0
3782.6			1.0
3783.5			1.0
3784.4			1.0
3785.3			1.0
3786.2			1.0
3787.1			1.0
3788.0			1.0
3788.9			1.0
3789.8			1.0
3790.7			1.0
3791.6			1.0
3792.5			1.0
3793.4			1.0
3794.3			1.0
3795.2			1.0
3796.1			1.0
3797.0			1.0
3797.9			1.0
3798.8			1.0
3799.7			1.0
3800.6			1.0
3801.5			1.0
3802.4			1.0
3803.3			1.0
3804.2			1.0
3805.1			1.0
3806.0			1.0
3806.9			1.0
3807.8			1.0
3808.7			1.0
3809.6			1.0
3810.5			1.0
3811.4			1.0
3812.3			1.0
3813.2			1.0
3814.1			1.0
3815.0			1.0
3815.9			1.0
3816.8			1.0
3817.7			1.0
3818.6			1.0
3819.5			1.0
3820.4			1.0
3821.3			1.0
3822.2			1.0
3823.1			1.0
3824.0			1.0
3824.9			1.0
3825.8			1.0
3826.7			1.0
3827.6			1.0
3828.5			1.0
3829.4			1.0
3830.3			1.0
3831.2			1.0
3832.1			1.0
3833.0			1.0
3833.9			1.0
3834.8			1.0
3835.7			1.0
3836.6			1.0
3837.5			1.0
3838.4			1.0
3839.3			1.0
3840.2			1.0
3841.1			1.0
3842.0			1.0
3842.9			1.0
3843.8			1.0
3844.7			1.0
3845.6			1.0
3846.5			1.0
3847.4			1.0
3848.3			1.0
3849.2			1.0
3850.1			1.0
3851.0			1.0
3851.9			1.0
3852.8			1.0
3853.7			1.0
3854.6			1.0
3855.5			1.0
3856.4			1.0
3857.3			1.0
3858.2			1.0
3859.1			1.0
3860.0			1.0
3860.9			1.0
3861.8			1.0
3862.7			1.0
3863.6			1.0
3864.5			1.0
3865.4			1.0
3866.3			1.0
3867.2			1.0
3868.1			1.0
3869.0			1.0
3869.9			1.0
3870.8			1.0
3871.7			1.0
3872.6			1.0
3873.5			1.0
3874.4			1.0
3875.3			1.0
3876.2			1.0
3877.1			1.0
3878.0			1.0
3878.9			1.0
3879.8			1.0
3880.7			1.0
3881.6			1.0
3882.5			1.0
3883.4			1.0
3884.3			1.0
3885.2			1.0
3886.1			1.0
3887.0			1.0
3887.9			1.0
3888.8			1.0
3889.7			1.0
3890.6			1.0
3891.5			1.0
3892.4			1.0
3893.3			1.0
3894.2			1.0
3895.1			1.0
3896.0			1.0
3896.9			1.0
3897.8			1.0
3898.7			1.0
3899.6			1.0
3900.5			1.0
3901.4			1.0
3902.3			1.0
3903.2			1.0
3904.1			1.0
3905.0			1.0
3905.9			1.0
3906.8			1.0
3907.7			1.0
3908.6			1.0
3909.5			1.0
3910.4			1.0
3911.3			1.0
3912.2			1.0
3913.1			1.0
3914.0			1.0
3914.9			1.0
3915.8			1.0
3916.7			1.0
3917.6			1.0
3918.5			1.0
3919.4			1.0
3920.3			1.0
3921.2			1.0
3922.1			1.0
3923.0			1.0
3923.9			1.0
3924.8			1.0
3925.7			1.0
3926.6			1.0
3927.5			1.0
3928.4			1.0
3929.3			1.0
3930.2			1.0
3931.1			1.0
3932.0			1.0
3932.9			1.0
3933.8			1.0
3934.7			1.0
3935.6			1.0
3936.5			1.0
3937.4			1.0
3938.3			1.0
3939.2			1.0
3940.1			1.0
3941.0			1.0
3941.9			1.0
3942.8			1.0
3943.7			1.0
3944.6			1.0
3945.5			1.0
3946.4			1.0
3947.3			1.0
3948.2			1.0
3949.1			1.0
3950.0			1.0
3950.9			1.0
3951.8			1.0
3952.7			1.0
3953.6			1.0
3954.5			1.0
3955.4			1.0
3956.3			1.0
3957.2			1.0
3958.1			1.0
3959.0			1.0
3959.9			1.0
3960.8			1.0
3961.7			1.0
3962.6			1.0
3963.5			1.0
3964.4			1.0
3965.3			1.0
3966.2			1.0
3967.1			1.0
3968.0			1.0
3968.9			1.0
3969.8			1.0
3970.7			1.0
3971.6			1.0
3972.5			1.0
3973.4			1.0
3974.3			1.0
3975.2			1.0
3976.1			1.0
3977.0			1.0
3977.9			1.0
3978.8			1.0
3979.7			1.0
3980.6			1.0
3981.5			1.0
3982.4			1.0
3983.3			1.0
3984.2			1.0
3985.1			1.0
3986.0			1.0
3986.9			1.0
3987.8			1.0
3988.7			1.0
3989.6			1.0
3990.5			1.0
3991.4			1.0
3992.3			1.0
3993.2			1.0
3994.1			1.0
3995.0			1.0
3995.9			1.0
3996.8			1.0
3997.7			1.0
3998.6			1.0
3999.5			1.0
4000.4			1.0
4001.3			1.0
4002.2			1.0
4003.1			1.0
4004.0			1.0
4004.9			1.0
4005.8			1.0
4006.7			1.0
4007.6			1.0
4008.5			1.0
4009.4			1.0
4010.3			1.0
4011.2			1.0
4012.1			1.0
4013.0			1.0
4013.9			1.0
4014.8			1.0
4015.7			1.0
4016.6			1.0
4017.5			1.0
4018.4			1.0
4019.3			1.0
4020.2			1.0
4021.1			1.0
4022.0			1.0
4022.9			1.0
4023.8			1.0
4024.7			1.0
4025.6			1.0
4026.5			1.0
4027.4			1.0
4028.3			1.0331308817667912
4029.2			0.9682827623683326
4030.1			0.7747572414139596
4031.0			0.5831864556502602
4031.9			0.5060230561063384
4032.8			0.47963349637907515
4033.7			0.459986989580168
4034.6			0.5145494500151729
4035.5			0.6670890419399356
4036.4			0.8604183675980404
4037.3			1.0038286475328564
4038.2			1.0414039105645796
4039.1			0.9992437846518115
4040.0			1.0
4040.9			1.0
4041.8			1.0
4042.7			0.9867582320082469
4043.6			0.8722496417468405
4044.5			0.65201751201511
4045.4			0.4514003377016933
4046.3			0.4204086761237075
4047.2			0.5736360588490759
4048.1			0.7780677675946286
4049.0			0.919695180821611
4049.9			1.0001331117893155
4050.8			1.0
4051.7			1.0
4052.6			1.0
4053.5			1.0
4054.4			1.0
4055.3			1.0
4056.2			1.0
4057.1			1.0
4058.0			1.0
4058.9			1.0
4059.8			1.1194243090819411
4060.7			1.1904528866761404
4061.6			1.1083495273194037
4062.5			0.878505464810714
4063.4			0.6580820518627614
4064.3			0.6521528371729808
4065.2			0.8434487228801857
4066.1			0.9937420235338454
4067.0			0.9983291654038862
4067.9			1.0
4068.8			1.0
4069.7			1.0
4070.6			1.0
4071.5			1.0
4072.4			1.0
4073.3			1.0
4074.2			1.0
4075.1			0.9463150956462729
4076.0			0.769535093829702
4076.9			0.6075536455889069
4077.8			0.5724949809982239
4078.7			0.675925519458503
4079.6			0.8425524712319568
4080.5			1.003735571642265
4081.4			1.0
4082.3			1.0
4083.2			1.0
4084.1			1.0
4085.0			1.0
4085.9			1.0
4086.8			1.0
4087.7			1.0
4088.6			1.0
4089.5			1.0
4090.4			1.0
4091.3			1.0
4092.2			0.9695073736577572
4093.1			0.9899213394292684
4094.0			1.0214981336648903
4094.9			0.9629388233188544
4095.8			0.8216437164641845
4096.7			0.7402233067277189
4097.6			0.7730128333534215
4098.5			0.8320618852663848
4099.4			0.831882964282278
4100.3			0.7612485231019743
4101.2			0.6989188813681284
4102.1			0.7451931898684869
4103.0			0.8502025149067487
4103.9			0.8975705333107715
4104.8			0.9389343653333619
4105.7			1.0636022627713053
4106.6			1.189376520683535
4107.5			1.2183515658275763
4108.4			1.1768977058240737
4109.3			1.1018914007718992
4110.2			1.003457108170619
4111.1			1.0
4112.0			1.0
4112.9			1.0
4113.8			1.0
4114.7			1.0
4115.6			1.0
4116.5			1.0
4117.4			1.0
4118.3			1.0
4119.2			1.0
4120.1			1.0
4121.0			1.0
4121.9			1.0
4122.8			1.0
4123.7			1.0
4124.6			1.0
4125.5			1.0
4126.4			1.0
4127.3			0.9261113049791351
4128.2			0.8463890423563487
4129.1			0.7966649786445136
4130.0			0.7636761836698382
4130.9			0.7140711394325606
4131.8			0.6476177075465469
4132.7			0.6090500523631532
4133.6			0.6418863697817085
4134.5			0.7210353975691682
4135.4			0.8141905380706935
4136.3			0.8853633520162325
4137.2			0.8987970855664802
4138.1			0.8902868345662841
4139.0			0.8914515194791728
4139.9			0.8982252268142846
4140.8			0.8869519867788388
4141.7			0.7858035110440399
4142.6			0.5878158396683886
4143.5			0.44454765046053535
4144.4			0.49099216748860536
4145.3			0.6595788911081213
4146.2			0.7946917967170063
4147.1			0.8455406985010405
4148.0			0.841063246375505
4148.9			0.7994846595300711
4149.8			0.7444022669983678
4150.7			0.7123612360738308
4151.6			0.708469705098123
4152.5			0.7196839919301768
4153.4			0.7442338690042344
4154.3			0.7687535580731725
4155.2			0.7692155497511944
4156.1			0.7584715705461875
4157.0			0.7861811549990593
4157.9			0.8779987367052104
4158.8			0.974572030909279
4159.7			1.0001753038235177
4160.6			1.0
4161.5			1.0
4162.4			1.0
4163.3			1.0
4164.2			1.0
4165.1			1.0
4166.0			1.0
4166.9			0.9686769265513528
4167.8			0.9593692143229007
4168.7			1.0038363890604336
4169.6			1.076331037105319
4170.5			1.102985636978318
4171.4			0.9998318226514674
4172.3			0.8111646064693474
4173.2			0.7153206224526165
4174.1			0.7662911539265103
4175.0			0.8586982427784741
4175.9			0.9101533881739587
4176.8			0.9080038818017165
4177.7			0.895803036792761
4178.6			0.9380121581890823
4179.5			1.0027916445267886
4180.4			1.0
4181.3			1.0
4182.2			1.0
4183.1			1.0
4184.0			1.0
4184.9			1.0
4185.8			1.0
4186.7			1.0
4187.6			1.0
4188.5			1.0
4189.4			1.0
4190.3			1.0
4191.2			1.0
4192.1			1.0
4193.0			1.1124067875936436
4193.9			1.1478581318157595
4194.8			1.0591323563698962
4195.7			0.9263693718621325
4196.6			0.8354159517337435
4197.5			0.7993350650023515
4198.4			0.7875083015923082
4199.3			0.796836941948648
4200.2			0.811686663683211
4201.1			0.775121186280139
4202.0			0.725749344022033
4202.9			0.7640906323603007
4203.8			0.8469578433436777
4204.7			0.8846552495934136
4205.6			0.9140450192499816
4206.5			0.9829316497809878
4207.4			1.06772139305286
4208.3			1.1244460891479322
4209.2			1.0991792397663296
4210.1			1.0220256549937319
4211.0			1.002296491677828
4211.9			1.0
4212.8			0.9433039510684237
4213.7			0.8187751017208712
4214.6			0.6725498122144989
4215.5			0.6053074563483316
4216.4			0.7142462314620074
4217.3			0.8970656659710584
4218.2			0.9802092849130479
4219.1			1.0
4220.0			1.0
4220.9			1.0
4221.8			0.936313005321734
4222.7			0.8046204608893334
4223.6			0.6456175757632763
4224.5			0.4883079134753203
4225.4			0.3292730781588621
4226.3			0.20235193879384816
4227.2			0.18252542426764223
4228.1			0.3044711507236643
4229.0			0.5187524938303127
4229.9			0.7537191708174209
4230.8			0.9606043235409418
4231.7			1.053496775755181
4232.6			0.9967870489186115
4233.5			1.0
4234.4			1.0
4235.3			1.0
4236.2			1.0
4237.1			1.0
4238.0			1.0
4238.9			1.0
4239.8			1.0
4240.7			1.0
4241.6			1.0
4242.5			1.0
4243.4			1.0
4244.3			1.0
4245.2			1.0
4246.1			1.0
4247.0			0.891842058650701
4247.9			0.8236722932496723
4248.8			0.7773861612450506
4249.7			0.6904869277695881
4250.6			0.591239638961614
4251.5			0.5829136736007755
4252.4			0.6403203140823732
4253.3			0.6250155043521641
4254.2			0.5373948495131512
4255.1			0.5373043215533179
4256.0			0.6880480360774485
4256.9			0.8609241273030728
4257.8			0.9081949775612496
4258.7			0.8241477345149372
4259.6			0.7036009814594875
4260.5			0.6317931663367683
4261.4			0.668864367153974
4262.3			0.8207487264542132
4263.2			1.0048300913928225
4264.1			1.0
4265.0			1.0
4265.9			1.0036222395679795
4266.8			0.9622387499524985
4267.7			0.8748348553012714
4268.6			0.7898856582203537
4269.5			0.7100718213172702
4270.4			0.5838594329865616
4271.3			0.4389430714930111
4272.2			0.387285198992379
4273.1			0.437944633559502
4274.0			0.47335805750732546
4274.9			0.48046935318499395
4275.8			0.569469143583815
4276.7			0.7463321603668924
4277.6			0.9141360901293905
4278.5			1.0014679002157478
4279.4			1.0
4280.3			1.0
4281.2			1.0
4282.1			1.0
4283.0			1.0
4283.9			1.0
4284.8			1.0
4285.7			1.0
4286.6			1.0
4287.5			1.0063590677748997
4288.4			0.9010988425034372
4289.3			0.7012879868386199
4290.2			0.5790296243689291
4291.1			0.6398092386830869
4292.0			0.8297194986644325
4292.9			0.9997952005812971
4293.8			1.0
4294.7			1.0
4295.6			1.0389569308838764
4296.5			1.0776327078580012
4297.4			1.0152419782668192
4298.3			0.8677411057351498
4299.2			0.6863799509625824
4300.1			0.6005363418305356
4301.0			0.6588899445076053
4301.9			0.729151442272273
4302.8			0.7341037710331332
4303.7			0.7408633941263895
4304.6			0.7401365988311578
4305.5			0.6607283442601064
4306.4			0.545023330666624
4307.3			0.4493878680714306
4308.2			0.3978365794672829
4309.1			0.4409873284047463
4310.0			0.571772785823563
4310.9			0.7160695132940098
4311.8			0.8133293147989068
4312.7			0.8548286496147539
4313.6			0.8593336474622567
4314.5			0.8778681053296283
4315.4			1.0105186557527637
4316.3			1.2197549826090603
4317.2			1.3126883422938194
4318.1			1.2517485766469671
4319.0			1.1593068949124499
4319.9			1.0797593498131095
4320.8			1.0065252192662912
4321.7			1.0
4322.6			0.959715085083918
4323.5			0.8302788710728503
4324.4			0.6214555081346733
4325.3			0.44899698320651243
4326.2			0.4373811513457241
4327.1			0.63141876240571
4328.0			0.8979622625134994
4328.9			1.041790161009932
4329.8			1.0082804752232388
4330.7			1.0
4331.6			1.0
4332.5			1.0
4333.4			1.0
4334.3			1.0581563443693942
4335.2			1.1152372009174092
4336.1			1.0699243541497767
4337.0			0.8897888754481644
4337.9			0.7237577826832032
4338.8			0.681779365375516
4339.7			0.6821096564214041
4340.6			0.6880740623555474
4341.5			0.7765432307490288
4342.4			0.9033782558208867
4343.3			0.951420334624611
4344.2			0.9535642845998671
4345.1			0.9979066153646823
4346.0			1.0
4346.9			1.0
4347.8			1.0
4348.7			1.1141053490977657
4349.6			1.147616706003993
4350.5			0.9853077201785034
4351.4			0.7562445419300774
4352.3			0.6756738323107171
4353.2			0.7593342888358099
4354.1			0.8634494614128772
4355.0			0.9267038159171931
4355.9			0.9998661932086185
4356.8			1.0
4357.7			1.0
4358.6			1.0
4359.5			1.0
4360.4			1.0
4361.3			1.0
4362.2			1.0
4363.1			1.0
4364.0			1.0
4364.9			1.0
4365.8			1.0
4366.7			1.0
4367.6			1.0
4368.5			1.0
4369.4			1.0
4370.3			1.0
4371.2			1.0
4372.1			0.9954453258532053
4373.0			0.9288961983240535
4373.9			0.8086135762508997
4374.8			0.7131840827204501
4375.7			0.7211279507495162
4376.6			0.8477522522006715
4377.5			1.0004969415346983
4378.4			1.0
4379.3			0.9672929207223464
4380.2			0.8899169401846301
4381.1			0.8118676954262762
4382.0			0.6801241827875815
4382.9			0.4769421518001025
4383.8			0.3399422960679012
4384.7			0.41778486216814653
4385.6			0.6719800131097227
4386.5			0.9033911829378175
4387.4			0.9936729570035455
4388.3			1.0077543797533746
4389.2			1.0
4390.1			1.0
4391.0			1.0
4391.9			1.0
4392.8			1.0
4393.7			1.0
4394.6			1.0
4395.5			1.0
4396.4			1.0
4397.3			1.0
4398.2			1.0
4399.1			1.0
4400.0			0.8889123350629481
4400.9			0.856885122821146
4401.8			0.9324208714520769
4402.7			0.9400151100440963
4403.6			0.7376520681380656
4404.5			0.49405082641525055
4405.4			0.4427800209772529
4406.3			0.5559431384425622
4407.2			0.6382613591715328
4408.1			0.6424503330726854
4409.0			0.7065651803374353
4409.9			0.8696563863265193
4410.8			0.9995018973651927
4411.7			1.0
4412.6			0.9998652987835175
4413.5			0.9248221701740641
4414.4			0.7543215629202197
4415.3			0.6396062881257654
4416.2			0.705439259302529
4417.1			0.8609848224240845
4418.0			1.0014128968694556
4418.9			1.0
4419.8			1.0
4420.7			1.0
4421.6			1.0
4422.5			1.0
4423.4			1.0
4424.3			1.0
4425.2			1.0
4426.1			1.0
4427.0			1.0
4427.9			1.0
4428.8			1.0
4429.7			1.0
4430.6			1.0
4431.5			1.0
4432.4			1.0643034315666067
4433.3			0.9813231530039845
4434.2			0.8108482981030056
4435.1			0.6971248849971798
4436.0			0.7231161742344228
4436.9			0.8598408715719943
4437.8			1.0045510737179029
4438.7			1.0
4439.6			1.0
4440.5			1.0
4441.4			1.0
4442.3			1.0
4443.2			1.0
4444.1			1.0
4445.0			1.0
4445.9			1.0
4446.8			1.0
4447.7			1.0
4448.6			1.0
4449.5			1.0
4450.4			1.0
4451.3			1.0
4452.2			1.020162948848857
4453.1			0.9612744905691962
4454.0			0.8593674530410476
4454.9			0.782703293404239
4455.8			0.7841949344911147
4456.7			0.8333216237150274
4457.6			0.8456814224918556
4458.5			0.811371620480805
4459.4			0.77880290078855
4460.3			0.7511195947675309
4461.2			0.714750786323837
4462.1			0.7456614414955601
4463.0			0.9011896072610976
4463.9			1.0434866906849014
4464.8			1.042611864759465
4465.7			0.9868893292877763
4466.6			0.9875802011436674
4467.5			1.0100999832285888
4468.4			0.9920793521393799
4469.3			0.9683807873578024
4470.2			0.9966368148387881
4471.1			1.0
4472.0			1.0
4472.9			1.0
4473.8			1.0
4474.7			1.0
4475.6			1.0
4476.5			1.0
4477.4			1.0
4478.3			0.984720859749758
4479.2			0.887485373183407
4480.1			0.7736116996025081
4481.0			0.7053437442228386
4481.9			0.6989439919814354
4482.8			0.7590455606093409
4483.7			0.8602468179316186
4484.6			0.9476094031410881
4485.5			0.9998893853001227
4486.4			1.0
4487.3			1.0
4488.2			1.0
4489.1			1.0
4490.0			1.0
4490.9			1.0
4491.8			1.0841202495981588
4492.7			1.0844156512589904
4493.6			0.9598357742614607
4494.5			0.7980308518564491
4495.4			0.7217488058981831
4496.3			0.751793605729748
4497.2			0.8445230279565596
4498.1			0.9481887100911705
4499.0			1.009912927418372
4499.9			1.0
4500.8			1.0
4501.7			1.0
4502.6			1.0
4503.5			1.0
4504.4			1.0
4505.3			1.0
4506.2			1.0
4507.1			0.9458060610125847
4508.0			0.9586615855536592
4508.9			1.0060544973925987
4509.8			1.0391038035070357
4510.7			1.0318194537425942
4511.6			0.976395112601617
4512.5			0.899747112370679
4513.4			0.8473465383488684
4514.3			0.8372099961577087
4515.2			0.8649077336747037
4516.1			1.0
4517.0			0.999442737740741
4517.9			0.961139034043237
4518.8			0.9737377571828976
4519.7			1.0648727884502556
4520.6			1.1637176262247797
4521.5			1.1744430709184897
4522.4			1.0772947317609363
4523.3			0.9963455594156112
4524.2			0.9942129580570335
4525.1			0.9662162583916617
4526.0			0.8774126735117037
4526.9			0.7896484621177866
4527.8			0.7307700235365775
4528.7			0.7198480298150861
4529.6			0.7665953944054911
4530.5			0.8270188082164094
4531.4			0.8895575905668448
4532.3			0.9617937755652244
4533.2			0.9642502215499323
4534.1			0.8756230142831848
4535.0			0.8067444978986646
4535.9			0.8801092538816435
4536.8			1.0904049793744404
4537.7			1.0
4538.6			0.9858916328586701
4539.5			0.8925927425899698
4540.4			0.8208491205926294
4541.3			0.8242857845138566
4542.2			0.9083526446325926
4543.1			0.9945582735204639
4544.0			0.9889860412637227
4544.9			1.0
4545.8			1.0
4546.7			1.0
4547.6			1.0
4548.5			1.0
4549.4			1.0
4550.3			1.0
4551.2			1.0324293292561522
4552.1			0.9763217629931641
4553.0			0.8927263039980351
4553.9			0.8521401624513701
4554.8			0.848436488457534
4555.7			0.9006816425360838
4556.6			1.0024039743300108
4557.5			1.0
4558.4			1.0
4559.3			1.0
4560.2			1.0
4561.1			1.0
4562.0			1.0024885619133879
4562.9			0.9409463186712347
4563.8			0.8355563853662638
4564.7			0.7793899581634669
4565.6			0.8114737228486008
4566.5			0.9088799439296766
4567.4			1.0003759240988328
4568.3			1.0
4569.2			1.0
4570.1			1.0
4571.0			1.0
4571.9			1.0
4572.8			1.0
4573.7			1.0
4574.6			1.0
4575.5			1.0
4576.4			1.0098190349944536
4577.3			1.0117965536942188
4578.2			0.9630374891286303
4579.1			0.8798500356825675
4580.0			0.822679391620029
4580.9			0.8485229767611651
4581.8			0.9359508452192061
4582.7			1.0013706590486804
4583.6			0.9996607644866679
4584.5			1.0
4585.4			1.0
4586.3			1.0
4587.2			1.0
4588.1			1.0
4589.0			1.0
4589.9			0.9786487491287627
4590.8			0.905897335841922
4591.7			0.8420009963650011
4592.6			0.8217470090399464
4593.5			0.8088381827319919
4594.4			0.7789528791259464
4595.3			0.7709015133210477
4596.2			0.7931370614763261
4597.1			0.8091114678176372
4598.0			0.8270518913605878
4598.9			0.8551075654290522
4599.8			0.847667411836543
4600.7			0.821527966233514
4601.6			0.8326222794892654
4602.5			0.8510038593964111
4603.4			0.8370797340932179
4604.3			0.8034911961959367
4605.2			0.771708528752282
4606.1			0.790128187768904
4607.0			0.8897513678731033
4607.9			1.0230942228997384
4608.8			1.1003251498381208
4609.7			1.0791657398111363
4610.6			1.0053434959755352
4611.5			0.9478449752114212
4612.4			0.9215827677446987
4613.3			0.9205560870471204
4614.2			0.957877198423667
4615.1			1.0082629049930454
4616.0			1.0324564084065486
4616.9			1.055466411875729
4617.8			1.066320241529409
4618.7			1.0180041090295298
4619.6			0.9707254856794912
4620.5			0.9999541433046774
4621.4			1.0
4622.3			1.0
4623.2			1.0
4624.1			1.0
4625.0			1.0
4625.9			1.0
4626.8			1.0
4627.7			1.0
4628.6			1.0
4629.5			1.0
4630.4			1.0
4631.3			1.0
4632.2			1.0
4633.1			1.0
4634.0			1.0
4634.9			1.0
4635.8			1.0
4636.7			1.0
4637.6			1.0
4638.5			1.0
4639.4			1.0
4640.3			0.9655857013409056
4641.2			1.0497658784195316
4642.1			1.1261342756260424
4643.0			1.095934880613116
4643.9			1.0232771718224647
4644.8			0.9428721857525548
4645.7			0.8293564504856731
4646.6			0.7486655290675128
4647.5			0.7658160416243674
4648.4			0.8316429216802136
4649.3			0.8938741815572365
4650.2			0.9432409929087827
4651.1			0.9744342956219778
4652.0			1.0
4652.9			0.9991281684632399
4653.8			0.9391800287995444
4654.7			0.8527239126414344
4655.6			0.8078218962018833
4656.5			0.8247788350526285
4657.4			0.8989219161328295
4658.3			0.993990154750288
4659.2			1.0
4660.1			1.0
4661.0			1.0
4661.9			1.0
4662.8			0.923825678190914
4663.7			0.9055098477716773
4664.6			0.9187037946701773
4665.5			0.8822178084066276
4666.4			0.7685458599721674
4667.3			0.6753619462310815
4668.2			0.6957891291474353
4669.1			0.8037214823378558
4670.0			0.9135729085762738
4670.9			0.9835363058591561
4671.8			0.9999634645413955
4672.7			1.0
4673.6			1.0
4674.5			1.0
4675.4			1.0
4676.3			1.0
4677.2			1.018367225700443
4678.1			0.9786492860749706
4679.0			0.9323736607001065
4679.9			0.8907989383088211
4680.8			0.855960318631291
4681.7			0.8589373380191982
4682.6			0.9188073635189975
4683.5			0.9843410015626703
4684.4			0.999274051868554
4685.3			1.0
4686.2			1.0
4687.1			1.0
4688.0			1.0
4688.9			1.0
4689.8			1.0
4690.7			1.0
4691.6			1.0
4692.5			1.0018880808943837
4693.4			1.0224664355731594
4694.3			1.0679497044719108
4695.2			1.1291026109085407
4696.1			1.1546748721015818
4697.0			1.0959287886746631
4697.9			0.9745814813639935
4698.8			0.8913137361271499
4699.7			0.9059087617472057
4700.6			0.9518425947585436
4701.5			0.958563127264289
4702.4			0.9419228185078962
4703.3			0.9475343889456646
4704.2			0.9848686342335646
4705.1			1.0017354175724025
4706.0			1.0
4706.9			1.0
4707.8			1.0
4708.7			1.0
4709.6			1.0
4710.5			1.0
4711.4			1.0
4712.3			1.0
4713.2			1.0
4714.1			1.0
4715.0			1.0
4715.9			1.0
4716.8			1.0
4717.7			1.0
4718.6			1.0
4719.5			1.0
4720.4			1.0
4721.3			1.0
4722.2			1.0
4723.1			0.997400989866593
4724.0			1.0601501032445226
4724.9			1.1188273891233982
4725.8			1.0927105704517337
4726.7			0.9689103295344988
4727.6			0.8223064032460156
4728.5			0.7574485741823093
4729.4			0.7859446238968952
4730.3			0.8417400218598114
4731.2			0.8899833744193337
4732.1			0.9337210843365725
4733.0			0.9673554748231941
4733.9			0.9963031759360182
4734.8			1.0
4735.7			1.0
4736.6			1.0
4737.5			1.0
4738.4			1.0
4739.3			1.0
4740.2			1.0
4741.1			1.0
4742.0			1.0
4742.9			1.0
4743.8			1.0
4744.7			1.0
4745.6			1.0
4746.5			1.0
4747.4			1.0
4748.3			1.0
4749.2			1.0
4750.1			1.0
4751.0			1.0
4751.9			1.0
4752.8			1.0
4753.7			1.0
4754.6			1.0
4755.5			1.0
4756.4			1.0
4757.3			1.0
4758.2			1.0
4759.1			1.0
4760.0			1.0
4760.9			0.9945235178768908
4761.8			0.956570361520209
4762.7			0.9347589629471188
4763.6			0.927837868675371
4764.5			0.8964523874498318
4765.4			0.8510575097590167
4766.3			0.8462493920089627
4767.2			0.8970834362309669
4768.1			0.9719836604748838
4769.0			1.0448648203400484
4769.9			1.082254761922491
4770.8			1.052775244871513
4771.7			1.0002382818675697
4772.6			1.0
4773.5			1.0519965427007467
4774.4			1.1022801399816515
4775.3			1.0955405164900383
4776.2			1.068741682696399
4777.1			1.0731871527440073
4778.0			1.077825356671149
4778.9			1.0513258864156874
4779.8			1.016240080942865
4780.7			0.9861243850616617
4781.6			0.9414996699695645
4782.5			0.8832619484908981
4783.4			0.8568109478765095
4784.3			0.8845609508369494
4785.2			0.9061616702060041
4786.1			0.887583978024245
4787.0			0.8841661743839877
4787.9			0.9014748927893708
4788.8			0.8863485637127789
4789.7			0.8591091873435001
4790.6			0.8643508046369014
4791.5			0.8936791465720777
4792.4			0.9386407951152578
4793.3			1.0022407606073904
4794.2			1.0
4795.1			1.0
4796.0			0.9596544915277302
4796.9			0.9127204496856233
4797.8			0.8711856881407327
4798.7			0.8319608382021101
4799.6			0.816633454119131
4800.5			0.8502433314996618
4801.4			0.9207719678722168
4802.3			0.985427099051589
4803.2			1.0001907101673289
4804.1			1.0
4805.0			1.0
4805.9			1.0
4806.8			1.0
4807.7			1.0
4808.6			1.0
4809.5			1.0
4810.4			1.0
4811.3			1.0
4812.2			1.0
4813.1			1.0
4814.0			1.0
4814.9			1.0
4815.8			1.0
4816.7			1.0
4817.6			1.0
4818.5			1.0
4819.4			1.0
4820.3			1.0
4821.2			1.0
4822.1			1.0
4823.0			1.0
4823.9			1.0
4824.8			1.0
4825.7			1.0
4826.6			1.0
4827.5			1.0
4828.4			1.0
4829.3			1.0171754446663288
4830.2			1.021926597336673
4831.1			0.9451842374890023
4832.0			0.8617898820569047
4832.9			0.8813127869209975
4833.8			0.9574388295808441
4834.7			0.9890991812012944
4835.6			1.0
4836.5			1.0
4837.4			0.9949366382453011
4838.3			0.9646501396580835
4839.2			0.9201779130677872
4840.1			0.919976686059364
4841.0			0.9571943603525657
4841.9			0.9596901218144478
4842.8			0.9116106730565416
4843.7			0.9022649138106772
4844.6			0.9740386574369614
4845.5			1.047127830795148
4846.4			1.0481555418094222
4847.3			0.9835668666878277
4848.2			0.9178635864263989
4849.1			0.9306330412307754
4850.0			0.9993998604788664
4850.9			1.0
4851.8			1.0
4852.7			1.0
4853.6			1.0
4854.5			0.9037996832440651
4855.4			0.8590428173839534
4856.3			0.9288644998402877
4857.2			1.012371873077647
4858.1			1.01475913154092
4859.0			0.952662222667717
4859.9			0.8585415717374839
4860.8			0.7720248647733965
4861.7			0.7824319373122541
4862.6			0.880867370847018
4863.5			0.9311027290478648
4864.4			0.9257950651099125
4865.3			0.9580230852530032
4866.2			1.0029792130126631
4867.1			1.0022010155674455
4868.0			1.0
4868.9			1.0
4869.8			0.9851407993670341
4870.7			0.8799301923958635
4871.6			0.8109055146563224
4872.5			0.8860784379248011
4873.4			0.9973024933096835
4874.3			1.0
4875.2			1.0
4876.1			1.0
4877.0			1.0
4877.9			1.0
4878.8			1.0
4879.7			1.0
4880.6			1.0
4881.5			1.0
4882.4			1.0
4883.3			1.0
4884.2			0.9629772970763534
4885.1			0.8671100433165346
4886.0			0.811609376218675
4886.9			0.8387725950507662
4887.8			0.8926474615646889
4888.7			0.9066532262728733
4889.6			0.8578053290783562
4890.5			0.7677058387208975
4891.4			0.7474510515604228
4892.3			0.8517568976534632
4893.2			0.967617772408447
4894.1			1.0386556088183627
4895.0			1.09325291020261
4895.9			1.1092013805374583
4896.8			1.089009971303436
4897.7			1.0617696911719992
4898.6			1.0050695075638074
4899.5			1.0
4900.4			1.0
4901.3			1.0
4902.2			1.0
4903.1			1.0
4904.0			1.0
4904.9			1.0682989409937438
4905.8			1.1374849000349558
4906.7			1.1273473935509188
4907.6			1.044586042944375
4908.5			0.959609869652418
4909.4			0.9113843927904063
4910.3			0.9066228963013394
4911.2			0.9351827099419404
4912.1			0.9664376181005183
4913.0			0.9841574361704056
4913.9			1.0028152074720762
4914.8			1.0
4915.7			1.0
4916.6			0.9935463146392259
4917.5			0.9204613107403802
4918.4			0.8002922012655428
4919.3			0.6938031240763459
4920.2			0.6737233104133481
4921.1			0.7650217053422291
4922.0			0.9089763509093116
4922.9			0.9980669773020738
4923.8			0.989732793084588
4924.7			1.0
4925.6			1.0
4926.5			1.0
4927.4			1.0
4928.3			1.0
4929.2			1.0
4930.1			1.0
4931.0			1.0
4931.9			1.0
4932.8			1.0
4933.7			1.0
4934.6			1.0389550956026274
4935.5			1.0896569381417884
4936.4			1.0378745853805875
4937.3			0.9066061533857646
4938.2			0.8019932492511941
4939.1			0.8027056361301897
4940.0			0.8908196105670845
4940.9			0.9717932750458572
4941.8			0.9976423019938477
4942.7			1.0
4943.6			1.0
4944.5			1.0
4945.4			1.0
4946.3			1.0
4947.2			1.0
4948.1			1.0
4949.0			1.0
4949.9			1.0
4950.8			1.0
4951.7			1.0
4952.6			1.0
4953.5			1.0
4954.4			1.0
4955.3			1.0
4956.2			0.8894481800472657
4957.1			0.735329565903781
4958.0			0.7173637084056131
4958.9			0.8632346723625385
4959.8			1.0011600602172095
4960.7			1.0
4961.6			1.0
4962.5			1.0
4963.4			1.0
4964.3			1.0
4965.2			1.0
4966.1			1.0
4967.0			1.0
4967.9			1.0
4968.8			1.0
4969.7			1.0
4970.6			1.0
4971.5			1.0
4972.4			1.0
4973.3			1.0
4974.2			1.0
4975.1			1.0
4976.0			1.0
4976.9			1.0
4977.8			1.0
4978.7			0.9527463603091488
4979.6			0.9587580086304087
4980.5			0.9544037876938918
4981.4			0.8832498508515643
4982.3			0.814635533382828
4983.2			0.8344709680600272
4984.1			0.9098202211000066
4985.0			0.9626194503752045
4985.9			0.9992191846777747
4986.8			1.0
4987.7			1.0
4988.6			1.0
4989.5			1.0
4990.4			1.0
4991.3			1.0
4992.2			1.0
4993.1			1.0
4994.0			1.0
4994.9			1.0
4995.8			1.0
4996.7			1.0
4997.6			1.0
4998.5			1.0
4999.4			1.0
5000.3			1.0
5001.2			1.0270409488680994
5002.1			1.0541413973670202
5003.0			1.05505392828172
5003.9			1.0261807852794023
5004.8			0.9637247370527767
5005.7			0.8995716372594432
5006.6			0.9095183735823648
5007.5			1.0021575184624667
5008.4			1.0808958926031837
5009.3			1.0895023220619378
5010.2			1.06837337593427
5011.1			1.0275781126956056
5012.0			0.9499759743500505
5012.9			0.8635445225412756
5013.8			0.8140850290458498
5014.7			0.846171407301168
5015.6			0.9358407336099333
5016.5			0.986564922806715
5017.4			0.979183174759811
5018.3			0.9728199556098842
5019.2			0.9805012425542605
5020.1			0.9715527851330623
5021.0			0.9325738815147419
5021.9			0.8911142369725676
5022.8			0.913136934991368
5023.7			0.9944193478137682
5024.6			1.0
5025.5			1.013575822102649
5026.4			0.9670266872702784
5027.3			0.9004212821323222
5028.2			0.9132858517969962
5029.1			0.9977077421315916
5030.0			1.0
5030.9			1.0
5031.8			1.0
5032.7			1.0
5033.6			1.0
5034.5			1.0
5035.4			1.0
5036.3			1.0
5037.2			1.0376641410006433
5038.1			1.018349771409712
5039.0			0.8986446311648583
5039.9			0.7545561905139866
5040.8			0.6771798345450326
5041.7			0.7337284514763752
5042.6			1.0
5043.5			1.1077667002085465
5044.4			1.1754542111319088
5045.3			1.2348638184033358
5046.2			1.2419448221369362
5047.1			1.1539706101100609
5048.0			1.0093865304894323
5048.9			0.9057570222002795
5049.8			0.8876024159483537
5050.7			0.9065391666210567
5051.6			0.9116337525787548
5052.5			0.9166438038041019
5053.4			0.9449187919252835
5054.3			0.9859835646225866
5055.2			1.0036823400404178
5056.1			0.9896237705247043
5057.0			1.0
5057.9			1.0
5058.8			1.0
5059.7			1.0
5060.6			1.0
5061.5			1.0
5062.4			0.9987125131719358
5063.3			0.9332837484143948
5064.2			0.842798919407761
5065.1			0.8416119002683012
5066.0			0.9435743383351156
5066.9			1.0191853157705422
5067.8			1.0296454348834427
5068.7			1.0
5069.6			1.0
5070.5			1.0
5071.4			1.0
5072.3			1.0
5073.2			1.0
5074.1			1.0574355607792751
5075.0			1.0229621300023997
5075.9			0.969184652426175
5076.8			0.9832286260866542
5077.7			0.9935880190437633
5078.6			0.9013251568272362
5079.5			0.7876197533569803
5080.4			0.7799906329615885
5081.3			0.8391213084842027
5082.2			0.8695363028325535
5083.1			0.8795989471328985
5084.0			0.9150628607340677
5084.9			0.9599829199497839
5085.8			0.988648712184513
5086.7			1.00053085534258
5087.6			1.0
5088.5			1.0
5089.4			1.0
5090.3			1.0
5091.2			1.0
5092.1			1.0
5093.0			1.0
5093.9			1.0
5094.8			1.0
5095.7			0.9548729483843506
5096.6			0.95161207912977
5097.5			0.9306594841109519
5098.4			0.8614077216901967
5099.3			0.8354418903222709
5100.2			0.9039928095163758
5101.1			0.9829503065047663
5102.0			1.0108625930138768
5102.9			1.0
5103.8			0.9672131990822481
5104.7			0.95102578230297
5105.6			0.9479176792285177
5106.5			0.9224615870584427
5107.4			0.8859934536859365
5108.3			0.8750799145783213
5109.2			0.8679099859008604
5110.1			0.8540107776319116
5111.0			0.8717921552374549
5111.9			0.8954913043970804
5112.8			0.8999094615278819
5113.7			0.9337433589578369
5114.6			1.0
5115.5			1.0184489495538172
5116.4			1.030896533929213
5117.3			1.0624535225752219
5118.2			1.0643794224633596
5119.1			1.0306459579006924
5120.0			0.9897557548330641
5120.9			0.956670534586835
5121.8			0.9225183379262643
5122.7			0.847875994737825
5123.6			0.7733152244036279
5124.5			0.7841496441949845
5125.4			0.8431652550552593
5126.3			0.8683324584402343
5127.2			0.8578467588507012
5128.1			0.845123618884666
5129.0			0.832012937039514
5129.9			0.8486655476783282
5130.8			0.9255449584333036
5131.7			0.9978710835346831
5132.6			1.0
5133.5			1.0
5134.4			1.0
5135.3			1.0
5136.2			1.0
5137.1			1.0
5138.0			1.0
5138.9			1.0
5139.8			1.0
5140.7			1.0
5141.6			1.0
5142.5			0.9226035135331666
5143.4			0.9499132114506319
5144.3			0.995024096083038
5145.2			0.9640813926955706
5146.1			0.9160935884702059
5147.0			0.908666920779633
5147.9			0.9360466952817235
5148.8			0.9628384115349988
5149.7			0.9549139104755858
5150.6			0.9263918598546129
5151.5			0.9049165209786066
5152.4			0.887010144107661
5153.3			0.8759449170440742
5154.2			0.9054037097242543
5155.1			0.9865493590427101
5156.0			1.0677069069467533
5156.9			1.1244226418078511
5157.8			1.1477364225169662
5158.7			1.1148207270890667
5159.6			1.0952229591065992
5160.5			1.1318342364298126
5161.4			1.0
5162.3			0.962830209653963
5163.2			0.9484522393402436
5164.1			0.9319879694294978
5165.0			0.834049398199473
5165.9			0.6840583069057345
5166.8			0.5735054066148635
5167.7			0.5763061491557082
5168.6			0.7103763530523912
5169.5			0.8790905233980911
5170.4			0.9100381277409708
5171.3			0.7528240877654384
5172.2			0.5904904143247292
5173.1			0.6351601240169201
5174.0			0.8783474218737244
5174.9			1.1116283778195613
5175.8			1.2117834220758998
5176.7			1.252121105884787
5177.6			1.2970017526265871
5178.5			1.3210934694242262
5179.4			1.0
5180.3			0.9424342818358461
5181.2			0.8412343353368125
5182.1			0.6864191685278139
5183.0			0.545694917591579
5183.9			0.5642903940342001
5184.8			0.7710703164115934
5185.7			1.0017360224627465
5186.6			1.0
5187.5			1.0
5188.4			1.0
5189.3			1.0471646218033634
5190.2			1.049691758995697
5191.1			0.9216045268846088
5192.0			0.782118300011318
5192.9			0.7781182236535169
5193.8			0.8577353301504594
5194.7			0.9029107549621769
5195.6			0.9308997670988346
5196.5			0.9946634671515268
5197.4			1.0
5198.3			1.0
5199.2			1.0
5200.1			1.0
5201.0			1.0
5201.9			0.9691376045413632
5202.8			0.9379734358512442
5203.7			0.8530284992801676
5204.6			0.7169784177445655
5205.5			0.6361179499549018
5206.4			0.6407674690972271
5207.3			0.6338547722674179
5208.2			0.590737802288827
5209.1			0.6031357827452507
5210.0			0.695531890871738
5210.9			0.8246199882337201
5211.8			0.9513540674518214
5212.7			1.0296491232878182
5213.6			1.042649939670147
5214.5			1.0010266146812148
5215.4			1.0
5216.3			1.0
5217.2			1.0
5218.1			1.0
5219.0			1.0
5219.9			1.0
5220.8			1.0
5221.7			1.0
5222.6			0.9409918744268516
5223.5			0.849914020243922
5224.4			0.7642604674393766
5225.3			0.7020681627867321
5226.2			0.6620612488780537
5227.1			0.691974777303797
5228.0			0.8244279203834194
5228.9			0.9560195515111245
5229.8			1.00034620887451
5230.7			1.0
5231.6			1.0
5232.5			1.0
5233.4			1.0
5234.3			1.0
5235.2			1.0
5236.1			1.0
5237.0			1.0
5237.9			1.0
5238.8			1.0
5239.7			1.0
5240.6			1.0148498822547019
5241.5			1.0400687636489019
5242.4			1.0502528687674864
5243.3			1.074146776807759
5244.2			1.1122288822401178
5245.1			1.0772304505965702
5246.0			0.9336216471398449
5246.9			0.8166725137876047
5247.8			0.8465562641265396
5248.7			0.9202670354986981
5249.6			0.8954457962291988
5250.5			0.8371848229629851
5251.4			0.8706263776993621
5252.3			0.9589467636398906
5253.2			0.99715885606162
5254.1			1.0
5255.0			1.0
5255.9			1.0
5256.8			1.0
5257.7			1.0
5258.6			1.0
5259.5			1.0
5260.4			1.0
5261.3			0.9288701467044816
5262.2			0.8466345465909165
5263.1			0.7696833983941618
5264.0			0.7120765409525504
5264.9			0.6648915685472672
5265.8			0.6579301612238998
5266.7			0.7328683306799418
5267.6			0.7829771460772402
5268.5			0.6717564215716346
5269.4			0.5238205360041934
5270.3			0.5571671566003924
5271.2			0.7339487107065332
5272.1			0.8636790652890338
5273.0			0.8952437837189197
5273.9			0.879475352476106
5274.8			0.8467954758759436
5275.7			0.8489615233866868
5276.6			0.9217602692912054
5277.5			1.0
5278.4			1.0213423704774767
5279.3			0.9827298390085631
5280.2			0.9172968988389514
5281.1			0.8645545432833305
5282.0			0.8338653381647282
5282.9			0.8109827513947545
5283.8			0.8182471757015345
5284.7			0.8916759942555436
5285.6			0.9916294329780648
5286.5			1.0320905218947567
5287.4			0.996758750424304
5288.3			1.0
5289.2			1.0
5290.1			1.0
5291.0			1.0
5291.9			0.9912205677327616
5292.8			0.9646341449142701
5293.7			0.9586685209824698
5294.6			0.9575502013052749
5295.5			0.9074448185836594
5296.4			0.8032131329290209
5297.3			0.7220275471461264
5298.2			0.7495449194679417
5299.1			0.8554586460434389
5300.0			0.9156010559672985
5300.9			0.9077841398955024
5301.8			0.9226926362474418
5302.7			0.9939978332903251
5303.6			1.0
5304.5			1.0
5305.4			1.0
5306.3			1.0
5307.2			1.0
5308.1			1.0
5309.0			1.0
5309.9			1.0
5310.8			1.0
5311.7			1.0
5312.6			1.0
5313.5			1.0
5314.4			1.0
5315.3			1.0
5316.2			1.0
5317.1			1.0
5318.0			1.0
5318.9			1.0
5319.8			1.0
5320.7			1.0
5321.6			1.0
5322.5			1.0
5323.4			1.0
5324.3			0.9747172885443142
5325.2			1.0055039478036791
5326.1			0.9720210970229749
5327.0			0.8009919694574211
5327.9			0.6356639461234762
5328.8			0.6586035821262383
5329.7			0.8295338003595346
5330.6			0.9664389794948252
5331.5			0.9975762697836494
5332.4			1.0
5333.3			1.0
5334.2			1.0
5335.1			1.0
5336.0			1.0
5336.9			1.0
5337.8			1.0006346988530748
5338.7			0.9557674703938839
5339.6			0.8581350490552911
5340.5			0.8058844045010607
5341.4			0.8655984430324134
5342.3			0.9603557505131721
5343.2			1.0016484262621872
5344.1			1.0
5345.0			1.0
5345.9			1.0
5346.8			0.9994683880975547
5347.7			0.9598551058535082
5348.6			0.8875938524182502
5349.5			0.8686616040566394
5350.4			0.9169348989726739
5351.3			0.9714970450303766
5352.2			0.9877767746213555
5353.1			1.0
5354.0			1.0
5354.9			1.0
5355.8			1.0
5356.7			1.0
5357.6			1.0
5358.5			1.0
5359.4			1.0
5360.3			1.0
5361.2			1.0
5362.1			1.0
5363.0			1.0
5363.9			1.0
5364.8			1.0
5365.7			1.0
5366.6			1.0
5367.5			1.0
5368.4			0.9674409271385945
5369.3			0.8785610884191178
5370.2			0.7640741203607129
5371.1			0.715534293292394
5372.0			0.7920417055458767
5372.9			0.9242198762373766
5373.8			1.0056180655524487
5374.7			1.0
5375.6			1.0
5376.5			1.0
5377.4			1.0
5378.3			1.0
5379.2			1.0
5380.1			1.0
5381.0			1.0
5381.9			1.0
5382.8			1.0
5383.7			1.0
5384.6			1.0
5385.5			1.0
5386.4			1.0
5387.3			1.0
5388.2			1.0
5389.1			1.0
5390.0			1.0
5390.9			1.0
5391.8			1.0
5392.7			1.0
5393.6			1.0
5394.5			1.0
5395.4			1.0
5396.3			1.0
5397.2			1.0
5398.1			1.110827920328556
5399.0			1.2005643784043143
5399.9			1.1763880402717308
5400.8			1.1327116445733398
5401.7			1.1334050438327261
5402.6			1.116764017729387
5403.5			1.0190108332414245
5404.4			0.8761178193570788
5405.3			0.7861036423822397
5406.2			0.8087382602401858
5407.1			0.8910640264380525
5408.0			0.9162141048012485
5408.9			0.8587189456304849
5409.8			0.8287707478391952
5410.7			0.8925918972329409
5411.6			0.9754109269087828
5412.5			1.0010121445032392
5413.4			1.0
5414.3			1.0
5415.2			1.0
5416.1			1.0
5417.0			1.0
5417.9			1.0
5418.8			1.0
5419.7			1.0
5420.6			1.0
5421.5			1.0
5422.4			1.0
5423.3			1.0
5424.2			1.0
5425.1			1.0
5426.0			1.0
5426.9			1.0467362919356693
5427.8			0.9988343912832912
5428.7			0.8703331589231875
5429.6			0.8265691985481545
5430.5			0.9272257854729233
5431.4			1.0134511223242728
5432.3			0.9996074356026694
5433.2			1.0
5434.1			1.0
5435.0			1.0
5435.9			1.0
5436.8			1.0
5437.7			1.0
5438.6			1.0
5439.5			1.0
5440.4			1.0
5441.3			1.0
5442.2			1.0
5443.1			1.0
5444.0			0.9733808256898224
5444.9			0.891590957837367
5445.8			0.7777649436232043
5446.7			0.7311516964189393
5447.6			0.8085143045004315
5448.5			0.9256968513959554
5449.4			0.9994599987063635
5450.3			1.0
5451.2			1.0
5452.1			1.0
5453.0			0.9597030195349842
5453.9			0.8839003218075459
5454.8			0.7965576604564989
5455.7			0.7800227107703781
5456.6			0.8615453262745262
5457.5			0.9598634444980831
5458.4			1.0008969864317863
5459.3			1.0
5460.2			1.0
5461.1			1.0
5462.0			1.0
5462.9			1.0
5463.8			1.0
5464.7			1.0
5465.6			1.0
5466.5			1.0
5467.4			1.0
5468.3			1.0
5469.2			1.0
5470.1			1.0
5471.0			1.0231728677453469
5471.9			1.0425294353102708
5472.8			1.0084443950488828
5473.7			0.9919860981856683
5474.6			1.0175950806582637
5475.5			0.9816509412605294
5476.4			0.9104164421354822
5477.3			0.961323900215181
5478.2			1.1089180893789459
5479.1			1.1803375477616487
5480.0			1.109468636268721
5480.9			1.0079507022112582
5481.8			1.0
5482.7			1.0509291881689833
5483.6			1.115598814103337
5484.5			1.164368730910253
5485.4			1.152802693270631
5486.3			1.063752050122013
5487.2			0.9772170115973684
5488.1			0.9728423982655444
5489.0			0.9862979116380842
5489.9			0.964055222490596
5490.8			0.9719810722428373
5491.7			0.9903390379363425
5492.6			1.0
5493.5			1.0
5494.4			1.0
5495.3			1.0
5496.2			1.0
5497.1			1.0
5498.0			1.0
5498.9			1.0
5499.8			1.0
5500.7			1.0
5501.6			1.0
5502.5			1.0
5503.4			1.0
5504.3			1.0
5505.2			1.0
5506.1			0.9461789734447186
5507.0			0.9805393091040331
5507.9			1.0531669980176819
5508.8			1.0666464491174001
5509.7			1.0311919637466775
5510.6			0.973280966458826
5511.5			0.8966830313725234
5512.4			0.8489729015852983
5513.3			0.8415186802131451
5514.2			0.8382911954007
5515.1			0.8470187516790397
5516.0			0.8667911347500064
5516.9			0.9010979062967132
5517.8			0.9607625483922904
5518.7			0.9921289693019846
5519.6			1.0
5520.5			1.0
5521.4			1.0
5522.3			1.0
5523.2			1.0
5524.1			1.0
5525.0			0.9910710807995552
5525.9			0.9660691263579436
5526.8			0.9168959408454903
5527.7			0.8714926305184775
5528.6			0.8915619777024287
5529.5			0.9599775455953043
5530.4			0.9997126436454066
5531.3			1.0
5532.2			1.0
5533.1			1.0
5534.0			1.0
5534.9			1.0
5535.8			1.0
5536.7			1.0
5537.6			1.0
5538.5			1.0
5539.4			1.0
5540.3			1.0
5541.2			1.0
5542.1			1.0
5543.0			1.0
5543.9			1.0
5544.8			1.0
5545.7			1.0
5546.6			1.0
5547.5			1.0
5548.4			1.0
5549.3			1.0
5550.200000000001			1.0
5551.1			1.0
5552.0			1.0
5552.9			1.0
5553.8			1.0
5554.700000000001			1.0
5555.6			1.0
5556.5			1.0
5557.4			1.0
5558.3			1.0
5559.200000000001			1.0
5560.1			1.0
5561.0			0.9822782670207946
5561.9			0.9673075444775942
5562.8			0.9702573017800054
5563.700000000001			0.9875304300608301
5564.6			0.9807891278471501
5565.5			0.9476648028558463
5566.4			0.9362817301069896
5567.3			0.9582134985081348
5568.200000000001			0.9715902841088204
5569.1			0.9698839700303689
5570.0			0.997136218416091
5570.9			1.0290075784791288
5571.8			1.001001862005492
5572.700000000001			1.0
5573.6			1.0
5574.5			1.0
5575.4			1.0
5576.3			1.0
5577.200000000001			1.0
5578.1			1.0
5579.0			0.9976655372934587
5579.9			1.0250354265041104
5580.8			1.0266051377905427
5581.700000000001			1.0016488082055925
5582.6			0.989972374257282
5583.5			0.9790234956335301
5584.4			0.951278931617416
5585.3			0.9142174607877581
5586.200000000001			0.8660377197414063
5587.1			0.825653156744776
5588.0			0.8148093432636083
5588.9			0.8284661602320647
5589.8			0.8612293212782652
5590.700000000001			0.8917312214147495
5591.6			0.8945073549866354
5592.5			0.8882075107477854
5593.4			0.8959966485892586
5594.3			0.9288150628753297
5595.200000000001			1.0
5596.1			1.0401310960048906
5597.0			0.997641383836615
5597.9			0.9281529035996497
5598.8			0.9033324609516393
5599.700000000001			0.8911113139884647
5600.6			0.8619203895712071
5601.5			0.8399932494121635
5602.4			0.8400869479656348
5603.3			0.8733525071177753
5604.200000000001			0.9279891886400174
5605.1			0.9772524141684934
5606.0			1.0049463626982993
5606.9			1.0042432461531607
5607.8			1.0
5608.700000000001			1.0
5609.6			1.0
5610.5			1.0
5611.4			1.0
5612.3			1.0
5613.200000000001			0.9961946836806633
5614.1			0.9182119312743519
5615.0			0.8450227712786174
5615.9			0.8857541397693034
5616.8			0.9908186109256018
5617.700000000001			1.0
5618.6			1.0
5619.5			1.0
5620.4			1.0
5621.3			1.0487921194194232
5622.200000000001			1.0519563186325345
5623.1			0.9774816033510554
5624.0			0.881425737245884
5624.9			0.8551961335254301
5625.8			1.0
5626.700000000001			1.0515172706446327
5627.6			1.0764482471074959
5628.5			1.1121660632728225
5629.4			1.1507055559393282
5630.3			1.1613869687097027
5631.200000000001			1.150740928263713
5632.1			1.1369168780718248
5633.0			1.127786355677698
5633.9			1.1097718888204924
5634.8			1.0823388974295445
5635.700000000001			1.0462660408733726
5636.6			1.022097402858019
5637.5			1.022360842859561
5638.4			1.0358742542507207
5639.3			1.0398144104724247
5640.200000000001			1.009785507230356
5641.1			0.9756301216564728
5642.0			0.9838939187496005
5642.9			1.0019167407999894
5643.8			1.0037348941560174
5644.700000000001			1.0088098750818775
5645.6			1.008912382919621
5646.5			1.0073507735170426
5647.4			1.0083266894002383
5648.3			0.9958649185426753
5649.200000000001			0.9861826245917067
5650.1			1.0075076394917377
5651.0			1.0474867969414299
5651.9			1.0717718247415484
5652.8			1.0608920296131854
5653.700000000001			1.014136952556305
5654.6			1.0
5655.5			1.0242962005772827
5656.4			1.0220264486861244
5657.3			0.9281359429072621
5658.200000000001			0.8494039321588094
5659.1			0.90256863298843
5660.0			0.993613525551327
5660.9			0.9996616049585301
5661.8			1.0
5662.700000000001			1.0
5663.6			1.0
5664.5			1.0
5665.4			1.0
5666.3			1.0
5667.200000000001			1.0
5668.1			1.0
5669.0			1.0
5669.9			1.0
5670.8			1.0
5671.700000000001			1.0
5672.6			1.0
5673.5			1.0
5674.4			1.0
5675.3			1.0
5676.200000000001			1.0
5677.1			1.0
5678.0			1.0
5678.9			1.0
5679.8			1.0
5680.700000000001			1.0
5681.6			1.0
5682.5			1.0
5683.4			1.0
5684.3			1.0341526232794611
5685.200000000001			1.025275148566833
5686.1			0.9729468081522674
5687.0			0.9272405759182649
5687.9			0.9170154782811294
5688.8			0.936950473500913
5689.700000000001			0.9688432143442363
5690.6			0.9907602512170294
5691.5			1.004779385166675
5692.4			1.0
5693.3			1.0
5694.200000000001			1.0
5695.1			1.0
5696.0			1.0
5696.9			1.0
5697.8			1.0
5698.700000000001			1.0
5699.6			1.0
5700.5			1.0
5701.4			0.9610467613922105
5702.3			0.9638584843546452
5703.200000000001			1.010491434842855
5704.1			1.0525894881111844
5705.0			1.0372640205920567
5705.9			0.9754922332366754
5706.8			0.9188562640208106
5707.700000000001			0.87321666738327
5708.6			0.8497012396657375
5709.5			0.8799778589446204
5710.4			0.9084439296246328
5711.3			0.8875523021200517
5712.200000000001			0.8972626768128061
5713.1			0.9589602156317832
5714.0			0.9944712515703326
5714.9			0.9967083173014412
5715.8			0.9972150509498491
5716.700000000001			1.0
5717.6			1.0
5718.5			1.0
5719.4			1.0
5720.3			1.0
5721.200000000001			1.0
5722.1			1.0
5723.0			1.0
5723.9			1.0
5724.8			1.0
5725.700000000001			1.0
5726.6			1.0
5727.5			1.0
5728.4			1.046508210529768
5729.3			1.0677139891671563
5730.200000000001			1.0101519984962373
5731.1			0.9403480673253043
5732.0			0.9410258435137285
5732.9			0.9777095063312979
5733.8			0.9886419816353242
5734.700000000001			1.0
5735.6			1.0
5736.5			1.0
5737.4			1.0
5738.3			1.0
5739.200000000001			1.0
5740.1			1.0
5741.0			1.0
5741.9			1.0
5742.8			1.0
5743.700000000001			1.0
5744.6			1.0
5745.5			1.0
5746.4			0.9772135552894227
5747.3			0.9180272429925882
5748.200000000001			0.8937667601201105
5749.1			0.9421352316565019
5750.0			1.0013533157429135
5750.9			1.0
5751.8			1.0
5752.700000000001			1.0
5753.6			1.0
5754.5			1.0
5755.4			1.0
5756.3			1.0
5757.200000000001			1.0
5758.1			1.0
5759.0			0.9677462682271449
5759.9			0.9189312785563817
5760.8			0.8658752989748971
5761.700000000001			0.8352478324048292
5762.6			0.857265137530671
5763.5			0.9327258098823155
5764.4			0.999977426072877
5765.3			1.0
5766.200000000001			1.0
5767.1			1.0
5768.0			1.0
5768.9			1.0
5769.8			1.0
5770.700000000001			1.0
5771.6			1.0
5772.5			1.0
5773.4			1.0
5774.3			1.0
5775.200000000001			1.0
5776.1			1.0
5777.0			1.0
5777.9			1.015852407133092
5778.8			1.0078599769667156
5779.700000000001			0.940378957973852
5780.6			0.8461312723416915
5781.5			0.8104654282716084
5782.4			0.8444373252549289
5783.3			0.8702154240751133
5784.200000000001			0.840200151753223
5785.1			0.8120307891601393
5786.0			0.8573697597801919
5786.9			0.930515814585611
5787.8			0.971695735558957
5788.700000000001			0.989331516774519
5789.6			0.9732551827597192
5790.5			0.9341722321247697
5791.4			0.9445678291890359
5792.3			1.0003578922616163
5793.200000000001			1.0
5794.1			1.0
5795.0			1.0
5795.9			0.9649420819866805
5796.8			0.893974510558016
5797.700000000001			0.8611610510397435
5798.6			0.9178635917199008
5799.5			0.9984961389355638
5800.4			1.0
5801.3			1.0
5802.200000000001			1.0
5803.1			1.0
5804.0			1.0
5804.9			1.0
5805.8			1.0
5806.700000000001			1.0
5807.6			1.0
5808.5			1.0
5809.4			1.0
5810.3			1.0
5811.200000000001			1.0
5812.1			1.0
5813.0			0.9870920365515993
5813.9			0.9652407297608848
5814.8			0.9333970948161582
5815.700000000001			0.904495327317819
5816.6			0.913221827914934
5817.5			0.9604209945792781
5818.4			1.0026005161990479
5819.3			1.0
5820.200000000001			1.0
5821.1			1.0
5822.0			1.0
5822.9			1.0
5823.8			1.0
5824.700000000001			1.0
5825.6			1.0
5826.5			1.0
5827.4			1.0
5828.3			1.0
5829.200000000001			1.0
5830.1			1.0
5831.0			1.0
5831.9			1.0
5832.8			1.0
5833.700000000001			1.0
5834.6			1.0
5835.5			1.0150185579953113
5836.4			1.0296203169198583
5837.3			0.9952751575578153
5838.200000000001			0.9511738806412845
5839.1			0.9548535409463704
5840.0			0.9856034582098852
5840.9			1.0030627260428695
5841.8			1.0
5842.700000000001			1.0
5843.6			1.0
5844.5			1.0
5845.4			1.0
5846.3			1.0
5847.200000000001			1.0
5848.1			1.0
5849.0			1.0
5849.9			1.0
5850.8			1.0
5851.700000000001			1.0
5852.6			1.0
5853.5			1.0
5854.4			1.0370434474818317
5855.3			1.0417908539232184
5856.200000000001			0.9870791250972115
5857.1			0.9210065434671403
5858.0			0.9132592143699794
5858.9			0.9556079446168594
5859.8			0.9974008173513871
5860.700000000001			1.0154023221079487
5861.6			0.9957143857524154
5862.5			1.0
5863.4			1.0
5864.3			1.0
5865.200000000001			1.0
5866.1			1.0
5867.0			1.0
5867.9			1.0
5868.8			1.0
5869.700000000001			1.0
5870.6			1.0
5871.5			1.0
5872.4			1.0
5873.3			1.0
5874.200000000001			1.0
5875.1			1.0
5876.0			1.0
5876.9			1.0
5877.8			1.0
5878.700000000001			0.9684326509875818
5879.6			0.9132272569080467
5880.5			0.9089450079625335
5881.4			0.966485165092653
5882.3			1.0005260170975117
5883.200000000001			1.0
5884.1			1.0
5885.0			1.0295745901989182
5885.9			1.0507615634048904
5886.8			1.0209259303740403
5887.700000000001			0.8918580025064652
5888.6			0.6595778045646498
5889.5			0.4663997244133204
5890.4			0.5163036894193808
5891.3			0.7554020778527681
5892.200000000001			0.9539575036010469
5893.1			1.0500993588478946
5894.0			1.0227381696367561
5894.9			1.0
5895.8			1.0
5896.700000000001			1.0
5897.6			1.0
5898.5			1.0
5899.4			1.0
5900.3			1.0
5901.200000000001			1.0
5902.1			1.0
5903.0			1.0
5903.9			1.0
5904.8			1.0
5905.700000000001			1.0
5906.6			1.0
5907.5			1.0
5908.4			1.0
5909.3			1.0
5910.200000000001			1.011742096927382
5911.1			1.034754900807921
5912.0			1.0307768547101603
5912.9			0.98453020505336
5913.8			0.9351461610247253
5914.700000000001			0.9180052188784469
5915.6			0.9123776136673893
5916.5			0.9352411240052281
5917.4			0.9689987217841871
5918.3			0.9701014770902773
5919.200000000001			0.9787331708631377
5920.1			1.0045553059760537
5921.0			1.000043646357282
5921.9			1.0
5922.8			1.0
5923.700000000001			1.0
5924.6			1.0
5925.5			1.0
5926.4			1.0
5927.3			1.0
5928.200000000001			1.0
5929.1			1.0
5930.0			1.0
5930.9			1.0
5931.8			1.0
5932.700000000001			1.0
5933.6			1.0
5934.5			1.0
5935.4			1.0
5936.3			1.0
5937.200000000001			1.0
5938.1			1.0
5939.0			1.0187109050631162
5939.9			0.9797009841508053
5940.8			0.9121614300020157
5941.700000000001			0.9018140984104543
5942.6			0.943041028531696
5943.5			0.9788768201876961
5944.4			1.00013563222183
5945.3			1.0
5946.200000000001			1.0
5947.1			1.0
5948.0			1.0
5948.9			1.0
5949.8			1.0
5950.700000000001			1.0
5951.6			1.0
5952.5			1.0
5953.4			1.0
5954.3			1.0274052626149464
5955.200000000001			1.0187426585488222
5956.1			0.981198372947518
5957.0			0.9524192445108369
5957.9			0.9520206227150839
5958.8			0.9728821389280535
5959.700000000001			1.004385649142796
5960.6			1.0
5961.5			1.0
5962.4			1.0
5963.3			0.9943132832298631
5964.200000000001			0.9830928315101473
5965.1			0.953891641692387
5966.0			0.9423655516747783
5966.9			0.9694254539058518
5967.8			0.9920897806946418
5968.700000000001			1.0006882304450557
5969.6			1.0
5970.5			1.0
5971.4			1.0
5972.3			1.0
5973.200000000001			1.0
5974.1			1.0
5975.0			1.0
5975.9			1.0
5976.8			1.0
5977.700000000001			1.0
5978.6			1.0
5979.5			1.0
5980.4			1.0
5981.3			0.9941451283048279
5982.200000000001			0.9708125684431335
5983.1			0.9213910130727084
5984.0			0.8831738262216774
5984.9			0.9135267925626827
5985.8			0.9795322236990524
5986.700000000001			0.999423618929484
5987.6			1.0
5988.5			1.0
5989.4			1.0
5990.3			1.0
5991.200000000001			1.0
5992.1			1.0
5993.0			1.0
5993.9			1.0
5994.8			1.0
5995.700000000001			1.0
5996.6			1.0
5997.5			1.0
5998.4			1.0
5999.3			1.0
6000.200000000001			1.0
6001.1			1.0
6002.0			1.0
6002.9			1.0
6003.8			1.0252692138319912
6004.700000000001			1.02922447224724
6005.6			0.9973890766605067
6006.5			1.0
6007.4			0.9599562469815252
6008.3			0.9595279520151215
6009.200000000001			1.0186806374259436
6010.1			1.0785545168113142
6011.0			1.0753404182868287
6011.9			1.0198238686861336
6012.8			0.9692669196984096
6013.700000000001			0.9722021264469731
6014.6			0.9998001156894484
6015.5			0.9884139805340191
6016.4			0.9517367753750756
6017.3			0.9473006417890029
6018.200000000001			0.9630551950150895
6019.1			0.9603583632182805
6020.0			0.9537451490297966
6020.9			0.9630163767483491
6021.8			0.979857207799251
6022.700000000001			0.9907887914896014
6023.6			0.9872658564747718
6024.5			0.9935583293391006
6025.4			1.0075688566757586
6026.3			1.0014256645274302
6027.200000000001			1.0014366620967943
6028.1			1.0
6029.0			1.0
6029.9			1.0
6030.8			1.0
6031.700000000001			1.0
6032.6			1.0
6033.5			1.0
6034.4			1.0
6035.3			1.0
6036.200000000001			1.0
6037.1			1.0
6038.0			1.0
6038.9			1.0
6039.8			1.0
6040.700000000001			1.0
6041.6			1.0
6042.5			1.0
6043.4			1.0
6044.3			1.0
6045.200000000001			1.0
6046.1			1.0
6047.0			1.0
6047.9			1.0
6048.8			1.0
6049.700000000001			1.0
6050.6			1.0
6051.5			1.0
6052.4			1.0
6053.3			1.0
6054.200000000001			1.0
6055.1			1.0
6056.0			1.0
6056.9			1.0
6057.8			1.0
6058.700000000001			1.0
6059.6			1.0
6060.5			1.0
6061.4			0.9841368399625356
6062.3			0.9512694636312424
6063.200000000001			0.9253975365023142
6064.1			0.896946790449083
6065.0			0.8669503218191117
6065.9			0.8944556663705607
6066.8			0.9629303439579727
6067.700000000001			0.9970329496877443
6068.6			0.9981583405516006
6069.5			1.0
6070.4			1.0
6071.3			1.0
6072.200000000001			1.0
6073.1			1.0
6074.0			1.0
6074.9			1.0
6075.8			1.0
6076.700000000001			1.0
6077.6			1.0
6078.5			1.0
6079.4			1.0
6080.3			1.0
6081.200000000001			1.0
6082.1			1.0
6083.0			1.0
6083.9			1.0
6084.8			1.0
6085.700000000001			0.9799763739466006
6086.6			0.986923904972971
6087.5			1.0083925781536875
6088.4			1.0054078787095295
6089.3			0.9593933274912182
6090.200000000001			0.9205079013449511
6091.1			0.9274322591372779
6092.0			0.9351122583292734
6092.9			0.9275041820508503
6093.8			0.9516048317479247
6094.700000000001			1.0019718747687139
6095.6			1.0
6096.5			1.0
6097.4			1.0
6098.3			1.0
6099.200000000001			1.0
6100.1			1.020271976535041
6101.0			0.9845352341073298
6101.9			0.8863633591918397
6102.8			0.8374241796762988
6103.700000000001			0.9031529935586203
6104.6			0.980340305727493
6105.5			1.0031883011536649
6106.4			1.0
6107.3			1.0
6108.200000000001			1.0
6109.1			1.0
6110.0			1.0
6110.9			1.0
6111.8			1.0
6112.700000000001			1.0
6113.6			1.0
6114.5			1.0
6115.4			1.0
6116.3			1.0
6117.200000000001			1.0
6118.1			1.0136993119250848
6119.0			0.9800746591890935
6119.9			0.9339630539705386
6120.8			0.8971760848701582
6121.700000000001			0.8613052511263715
6122.6			0.8928369757406621
6123.5			0.9859647180546307
6124.4			1.0249607479429352
6125.3			1.0004169750298295
6126.200000000001			1.0
6127.1			1.0
6128.0			1.0
6128.9			1.0
6129.8			1.0
6130.700000000001			1.0
6131.6			1.0
6132.5			1.0
6133.4			1.0
6134.3			0.9334221368471323
6135.200000000001			0.8474757446546317
6136.1			0.7584566951245307
6137.0			0.7178100519840322
6137.9			0.7961607424659238
6138.8			0.9323912694433987
6139.700000000001			0.9998303985212055
6140.6			1.0
6141.5			1.0
6142.4			1.0
6143.3			1.0
6144.200000000001			1.0
6145.1			1.0
6146.0			1.0
6146.9			0.997036169994039
6147.8			0.9918121053882161
6148.700000000001			0.9623055679881076
6149.6			0.9250590976629297
6150.5			0.9263161952918512
6151.4			0.9638458215731007
6152.3			0.9998888868925054
6153.200000000001			1.0
6154.1			1.0
6155.0			1.0
6155.9			1.0
6156.8			1.0
6157.700000000001			1.0
6158.6			1.0105123462053658
6159.5			0.9909733008752554
6160.4			0.9029258075281955
6161.3			0.8001866884887668
6162.200000000001			0.7771226712486641
6163.1			0.8326449172353767
6164.0			0.9187161561637212
6164.9			0.9777725344051368
6165.8			1.0005359873270159
6166.700000000001			1.0
6167.6			1.0
6168.5			1.0
6169.4			1.0
6170.3			1.0
6171.200000000001			1.0
6172.1			1.0
6173.0			1.0
6173.9			1.0
6174.8			1.0
6175.700000000001			1.0
6176.6			1.0
6177.5			1.0
6178.4			1.0
6179.3			1.0
6180.200000000001			1.0
6181.1			1.0
6182.0			1.0
6182.9			1.0
6183.8			1.0
6184.700000000001			1.0
6185.6			1.0
6186.5			1.0
6187.4			0.9762940685188326
6188.3			0.9595348125544917
6189.200000000001			0.9456824358258011
6190.1			0.9058393923741657
6191.0			0.830772565561447
6191.9			0.8330706526560572
6192.8			0.9200152012215237
6193.700000000001			0.9823676311687485
6194.6			1.0028491047444772
6195.5			1.0
6196.4			1.0
6197.3			0.9982545790927292
6198.200000000001			0.9456471654617067
6199.1			0.8712785968611034
6200.0			0.8570954506271438
6200.9			0.9130029705091601
6201.8			0.9744355623515273
6202.700000000001			1.0000654945929461
6203.6			1.0
6204.5			1.0
6205.4			1.0
6206.3			1.0
6207.200000000001			1.0
6208.1			1.0
6209.0			1.0
6209.9			1.0
6210.8			0.9869809726464115
6211.700000000001			0.9859711787460916
6212.6			0.9424989629263549
6213.5			0.8760277888613222
6214.4			0.8527964210179303
6215.3			0.8710525772662928
6216.200000000001			0.9121532650750976
6217.1			0.9744294502494039
6218.0			1.0030072722197207
6218.9			1.0
6219.8			1.0
6220.700000000001			1.0
6221.6			1.0
6222.5			1.0
6223.4			1.0
6224.3			1.0
6225.200000000001			1.0
6226.1			1.0
6227.0			1.0067526665442783
6227.9			1.0024303307670885
6228.8			0.957465913362166
6229.700000000001			0.8650035542221716
6230.6			0.8080300868431249
6231.5			0.8381935427449071
6232.4			0.8829276715906174
6233.3			0.9299243481157109
6234.200000000001			1.0006856362783356
6235.1			1.0
6236.0			1.0007822982815675
6236.9			0.9807591608380174
6237.8			0.9505598790699012
6238.700000000001			0.8859043462120312
6239.6			0.8200884606033989
6240.5			0.8447751517068826
6241.4			0.8983971824690661
6242.3			0.8587916674655163
6243.200000000001			0.8184775554092356
6244.1			0.86316915919322
6245.0			0.9061260724579793
6245.9			0.924808747615821
6246.8			0.9767561499871279
6247.700000000001			1.0
6248.6			1.0013675475766646
6249.5			0.9842056196854868
6250.4			0.9717425869120296
6251.3			0.9234533600197855
6252.200000000001			0.87196199561909
6253.1			0.8779092141622267
6254.0			0.9075873217011624
6254.9			0.9181648440414315
6255.8			0.885330083200193
6256.700000000001			0.8223404044351733
6257.6			0.757175400788275
6258.5			0.7541876003707321
6259.4			0.8525108733098823
6260.3			0.9346216156475301
6261.200000000001			0.9590789554789197
6262.1			1.0085639505802033
6263.0			1.0684708727703194
6263.9			1.050628292653589
6264.8			0.975047932664063
6265.700000000001			0.9506313869395139
6266.6			1.0002401667000227
6267.5			1.0267783416384573
6268.4			1.0024201390914225
6269.3			1.0
6270.200000000001			1.0
6271.1			1.0
6272.0			1.0
6272.9			1.0
6273.8			1.0
6274.700000000001			1.0
6275.6			1.0
6276.5			1.0
6277.4			1.0
6278.3			1.0
6279.200000000001			0.9874744302641547
6280.1			0.936600230789137
6281.0			0.9242695840596818
6281.9			0.949020990042145
6282.8			0.9970494193945547
6283.700000000001			1.0
6284.6			1.0
6285.5			1.0
6286.4			1.0
6287.3			1.0
6288.200000000001			1.0
6289.1			1.0
6290.0			1.0
6290.9			1.0
6291.8			1.0
6292.700000000001			1.0
6293.6			1.027994810469489
6294.5			1.0546749890760028
6295.4			1.0044926323968082
6296.3			0.9290283907439071
6297.200000000001			0.9172310747463911
6298.1			0.966577140088992
6299.0			1.0186890471553682
6299.9			1.030249288928428
6300.8			0.9991707364378282
6301.700000000001			1.0
6302.6			1.0
6303.5			1.0
6304.4			1.0
6305.3			1.0
6306.200000000001			1.0
6307.1			1.0
6308.0			1.0
6308.9			1.0
6309.8			1.0
6310.700000000001			1.0
6311.6			1.0
6312.5			1.0113728204138968
6313.4			1.0281828483630564
6314.3			0.9960574906975271
6315.200000000001			0.9652071786831719
6316.1			0.9797894515117984
6317.0			0.9650442946073177
6317.9			0.9123307486260518
6318.8			0.907631132900325
6319.700000000001			0.953210830636665
6320.6			0.9910854199030735
6321.5			0.9973719398820218
6322.4			0.9916027063976407
6323.3			1.0033518034265687
6324.200000000001			1.0078014847367007
6325.1			1.0008595164383944
6326.0			1.0
6326.9			1.0
6327.8			1.0
6328.700000000001			1.0
6329.6			1.0
6330.5			1.0
6331.4			1.0
6332.3			1.0
6333.200000000001			1.0230077830580493
6334.1			0.9889379358381469
6335.0			0.911622282426183
6335.9			0.8839297198953292
6336.8			0.9420171199624507
6337.700000000001			1.0012786815594783
6338.6			1.008219551031313
6339.5			1.0
6340.4			1.0
6341.3			1.0
6342.200000000001			1.0
6343.1			1.0
6344.0			1.0
6344.9			1.0
6345.8			1.0
6346.700000000001			1.0
6347.6			1.0
6348.5			1.0
6349.4			1.0
6350.3			1.0
6351.200000000001			1.0
6352.1			1.0
6353.0			1.0
6353.9			0.9528394681892027
6354.8			0.9252709553142261
6355.700000000001			0.9447814377615832
6356.6			0.9623251868180387
6357.5			0.9251762677077646
6358.4			0.8647567879287567
6359.3			0.8387886998505634
6360.200000000001			0.8431769334181318
6361.1			0.8328700111361056
6362.0			0.8160979807657833
6362.9			0.8285098016058163
6363.8			0.8601983854886767
6364.700000000001			0.8934382386692686
6365.6			0.9214219990229802
6366.5			0.9543661729286212
6367.4			1.0024641219613026
6368.3			1.0330151620653691
6369.200000000001			1.0207329938957725
6370.1			1.0001344924996383
6371.0			1.0
6371.9			1.0
6372.8			1.0
6373.700000000001			1.0
6374.6			1.0
6375.5			1.0014711621499326
6376.4			1.0117541159058494
6377.3			0.9936278648228779
6378.200000000001			0.9509842416154963
6379.1			0.9352622912029309
6380.0			0.9465275976332825
6380.9			0.9554257632004534
6381.8			0.9753141802922103
6382.700000000001			0.999657211769059
6383.6			1.0
6384.5			1.0
6385.4			1.0
6386.3			1.0
6387.200000000001			1.0
6388.1			1.0
6389.0			1.0
6389.9			1.0
6390.8			1.0
6391.700000000001			1.0
6392.6			1.0
6393.5			1.0
6394.4			1.0
6395.3			1.0
6396.200000000001			1.0
6397.1			1.0
6398.0			0.995405829794644
6398.9			0.9307923691776796
6399.8			0.8578035092236103
6400.700000000001			0.8940313048061596
6401.6			0.994960392831762
6402.5			1.0
6403.4			1.0
6404.3			1.0
6405.200000000001			1.0
6406.1			1.0
6407.0			1.0
6407.9			1.0
6408.8			1.0
6409.700000000001			1.0
6410.6			1.0
6411.5			1.0
6412.4			1.0
6413.3			1.0
6414.200000000001			1.0
6415.1			1.0
6416.0			1.0
6416.9			1.0
6417.8			0.9723210403460287
6418.700000000001			0.9383864164289606
6419.6			0.900726276288751
6420.5			0.87840872861903
6421.4			0.9008153010096471
6422.3			0.9639787071575657
6423.200000000001			1.0027156617408894
6424.1			1.0
6425.0			1.0
6425.9			1.0
6426.8			1.0
6427.700000000001			1.0158563508796867
6428.6			0.9975476304943646
6429.5			0.9343479080254776
6430.4			0.8613686282639211
6431.3			0.8675943619501041
6432.200000000001			0.9430197038965701
6433.1			1.0001611758428253
6434.0			1.0
6434.9			1.0
6435.8			1.0
6436.700000000001			1.0
6437.6			1.0
6438.5			1.0
6439.4			1.0
6440.3			1.0
6441.200000000001			1.0
6442.1			1.0
6443.0			1.0
6443.9			1.0
6444.8			1.0
6445.700000000001			1.0
6446.6			1.0
6447.5			0.9815883392064123
6448.4			0.8928816522385532
6449.3			0.7755685930089993
6450.200000000001			0.7552604118818188
6451.1			0.8474837575609566
6452.0			0.9363793236633139
6452.9			0.9999094396531895
6453.8			1.0
6454.700000000001			1.0
6455.6			1.0
6456.5			1.0
6457.4			1.0
6458.3			1.0
6459.200000000001			1.0
6460.1			1.0
6461.0			0.980974913779225
6461.9			0.9077754295349038
6462.8			0.8711043901893962
6463.700000000001			0.9246848533286431
6464.6			0.9897847089973406
6465.5			1.0
6466.4			1.0
6467.3			1.0
6468.200000000001			1.0
6469.1			1.0
6470.0			1.0
6470.9			1.0
6471.8			1.0
6472.700000000001			1.0
6473.6			1.0
6474.5			1.0
6475.4			1.0
6476.3			1.0
6477.200000000001			1.0
6478.1			1.0
6479.0			1.0
6479.9			1.0035129602925448
6480.8			0.9745962837112774
6481.700000000001			0.9191766223631478
6482.6			0.893856493827972
6483.5			0.9250520373924935
6484.4			0.9737427681404237
6485.3			1.001451557500203
6486.200000000001			1.0
6487.1			1.0
6488.0			1.0
6488.9			0.9852941073831972
6489.8			0.9462739150183892
6490.700000000001			0.928548411204146
6491.6			0.9487846004391698
6492.5			0.9409114240465891
6493.4			0.8555166177222739
6494.3			0.762368708535152
6495.200000000001			0.754001906752109
6496.1			0.8038689333808219
6497.0			0.8540654346400717
6497.9			0.8924843805183005
6498.8			0.9059100741736086
6499.700000000001			0.9330747864287856
6500.6			0.9759696674995785
6501.5			0.9973757912791249
6502.4			1.0
6503.3			1.0
6504.200000000001			1.0
6505.1			1.0
6506.0			1.0
6506.9			1.0
6507.8			1.0
6508.700000000001			1.0
6509.6			1.0
6510.5			1.0
6511.4			1.0
6512.3			1.0
6513.200000000001			1.0
6514.1			0.9878496755346354
6515.0			0.9596909811949995
6515.9			0.943599428682625
6516.8			0.943060803527015
6517.700000000001			0.93816283851318
6518.6			0.9328119707355836
6519.5			0.9632351405616119
6520.4			1.008117638724276
6521.3			1.026771887825095
6522.200000000001			1.0129187706999028
6523.1			1.0002999771466345
6524.0			1.0
6524.9			1.0
6525.8			1.0
6526.700000000001			1.0
6527.6			1.0
6528.5			1.0
6529.4			1.0138888650003315
6530.3			1.0017558120196268
6531.200000000001			0.9620749156949931
6532.1			0.926645694714632
6533.0			0.9265366230074494
6533.9			0.961028850813823
6534.8			1.0016876149786091
6535.700000000001			1.0
6536.6			1.0
6537.5			1.0
6538.4			1.0
6539.3			1.0
6540.200000000001			1.0
6541.1			1.0
6542.0			1.0
6542.9			1.0
6543.8			0.9894226723797246
6544.700000000001			0.9899050398237681
6545.6			0.958288579980197
6546.5			0.9335637010130705
6547.4			0.9481606228891316
6548.3			0.977095945835097
6549.200000000001			0.9990877796820988
6550.1			1.0
6551.0			1.0
6551.9			1.0
6552.8			1.0
6553.700000000001			1.0
6554.6			1.0
6555.5			1.0
6556.4			1.0
6557.3			1.0
6558.200000000001			1.0
6559.1			1.0
6560.0			1.0037294294163095
6560.9			0.9433459554007347
6561.8			0.7556931680763553
6562.700000000001			0.5941423276453779
6563.6			0.6885073372370114
6564.5			0.8920135001291147
6565.4			1.000692151659958
6566.3			1.0
6567.200000000001			1.0
6568.1			1.0
6569.0			1.0
6569.9			0.9854643060976727
6570.8			0.9956743457477044
6571.700000000001			0.9708695995686538
6572.6			0.9224516322937144
6573.5			0.8995849640106024
6574.4			0.8798265383096834
6575.3			0.900009569900603
6576.200000000001			0.9591716980124082
6577.1			1.0039063563044182
6578.0			1.0164355069223525
6578.9			0.997737426891601
6579.8			1.0
6580.700000000001			1.0
6581.6			1.0
6582.5			1.0
6583.4			1.0
6584.3			1.0
6585.200000000001			1.0
6586.1			1.0
6587.0			1.0
6587.9			1.0
6588.8			1.0
6589.700000000001			1.0
6590.6			0.9986652163027784
6591.5			0.9516723587767864
6592.4			0.8752883252785141
6593.3			0.847932095763458
6594.200000000001			0.9038812359026754
6595.1			0.9718154993541929
6596.0			1.0009313947710188
6596.9			1.0
6597.8			1.0
6598.700000000001			1.0
6599.6			1.0
6600.5			1.0
6601.4			1.0
6602.3			1.0
6603.200000000001			1.0
6604.1			0.9839957822562502
6605.0			0.9571661926601068
6605.9			0.9383185186202866
6606.8			0.9405348419987258
6607.700000000001			0.92327636686767
6608.6			0.8950079907704092
6609.5			0.9040219711371589
6610.4			0.978461421832681
6611.3			1.0331533057795927
6612.200000000001			1.0311451355963923
6613.1			0.9998215251771797
6614.0			1.0
6614.9			1.0
6615.8			1.0
6616.700000000001			1.0
6617.6			1.0
6618.5			1.0
6619.4			1.0
6620.3			1.0
6621.200000000001			1.0
6622.1			1.0
6623.0			0.9596313787928642
6623.9			0.9036061213988343
6624.8			0.8806952016601801
6625.700000000001			0.9445647014978239
6626.6			0.9990414750737322
6627.5			1.0
6628.4			1.0
6629.3			1.0
6630.200000000001			0.9782800804427906
6631.1			0.9664350647689166
6632.0			0.941827689204376
6632.9			0.911792682313102
6633.8			0.899731298637147
6634.700000000001			0.9351943458482826
6635.6			0.978315341654497
6636.5			0.9986749564824027
6637.4			0.9973095985347799
6638.3			1.0
6639.200000000001			1.0
6640.1			1.0
6641.0			1.0
6641.9			1.0
6642.8			1.0
6643.700000000001			1.0
6644.6			1.0
6645.5			1.0
6646.4			1.0
6647.3			1.0
6648.200000000001			1.0
6649.1			1.0
6650.0			1.0
6650.9			1.0
6651.8			1.0
6652.700000000001			1.0
6653.6			1.0
6654.5			1.0
6655.4			1.0
6656.3			0.9813047458884792
6657.200000000001			0.9789855906928915
6658.1			0.992235752540844
6659.0			0.9879383353210918
6659.9			0.9695670101785044
6660.8			0.9556260797512288
6661.700000000001			0.9463865563004713
6662.6			0.9136902293121435
6663.5			0.8922424263623009
6664.4			0.9166082072281848
6665.3			0.9201200654555507
6666.200000000001			0.903181592178241
6667.1			0.8964675502436629
6668.0			0.9104183995019038
6668.9			0.9423435482179127
6669.8			0.9805743518408491
6670.700000000001			1.000157522845264
6671.6			1.0
6672.5			1.0
6673.4			1.0
6674.3			1.0
6675.200000000001			1.0069324691660702
6676.1			0.9896558115731899
6677.0			0.9151445416018126
6677.9			0.8428301835231862
6678.8			0.8903689551296995
6679.700000000001			0.9757158175744676
6680.6			1.0011282984977368
6681.5			1.0
6682.4			1.0
6683.3			1.0
6684.200000000001			1.0
6685.1			1.0
6686.0			1.0
6686.9			1.0
6687.8			1.0
6688.700000000001			1.0
6689.6			1.0
6690.5			1.0
6691.4			1.0
6692.3			1.0
6693.200000000001			0.9999294111892386
6694.1			0.9993131091647561
6695.0			0.9688638290758366
6695.9			0.9148411427804425
6696.8			0.9119711993388996
6697.700000000001			0.9306296656441588
6698.6			0.9459979066623152
6699.5			0.9806105543025967
6700.4			0.9987129996112519
6701.3			1.0
6702.200000000001			1.0
6703.1			1.0
6704.0			1.0
6704.9			1.0
6705.8			1.0
6706.700000000001			1.0
6707.6			1.0
6708.5			1.0
6709.4			1.0
6710.3			1.0
6711.200000000001			1.0
6712.1			1.0
6713.0			1.0
6713.9			0.9917804296974219
6714.8			0.9635721631427535
6715.700000000001			0.9315289620801999
6716.6			0.9103705598724398
6717.5			0.9063822416835496
6718.4			0.9663981217275784
6719.3			1.016896318563333
6720.200000000001			1.020514428926772
6721.1			1.0003314436133537
6722.0			1.0
6722.9			1.0
6723.8			1.0
6724.700000000001			1.0
6725.6			1.0
6726.5			1.0
6727.4			1.0
6728.3			1.0
6729.200000000001			1.0
6730.1			1.0
6731.0			1.0
6731.9			1.0
6732.8			1.0
6733.700000000001			1.0
6734.6			1.0
6735.5			1.0
6736.4			1.0
6737.3			1.0
6738.200000000001			1.0
6739.1			1.0
6740.0			1.0
6740.9			1.0
6741.8			1.0
6742.700000000001			1.0
6743.6			1.0
6744.5			1.0
6745.4			1.0
6746.3			1.0
6747.200000000001			1.0
6748.1			1.0
6749.0			1.0
6749.9			0.9854653232273726
6750.8			0.9985519231485045
6751.700000000001			0.9804047930463026
6752.6			0.9201118967464882
6753.5			0.9354510386060628
6754.4			0.9792659028739457
6755.3			1.0003296561720891
6756.200000000001			1.0
6757.1			1.0
6758.0			1.0
6758.9			1.0
6759.8			1.0
6760.700000000001			0.9943951843711837
6761.6			0.9704250705266925
6762.5			0.9686291950418217
6763.4			0.982762526460861
6764.3			0.9910974909343641
6765.200000000001			0.9672844122861253
6766.1			0.9155957839922014
6767.0			0.8974997041150062
6767.9			0.9266375373811752
6768.8			0.9585849972654706
6769.700000000001			0.9565838470903981
6770.6			0.9301382700815294
6771.5			0.9340532321361404
6772.4			0.9673713857078391
6773.3			0.9994658296120567
6774.200000000001			1.0
6775.1			1.0
6776.0			1.0
6776.9			1.0
6777.8			1.0
6778.700000000001			1.0
6779.6			1.0
6780.5			0.9998247081968731
6781.4			0.987765334956429
6782.3			0.9556015046474032
6783.200000000001			0.9005691362774634
6784.1			0.8757634769573185
6785.0			0.8917996806814794
6785.9			0.9185825806600798
6786.8			0.9606441582425227
6787.700000000001			0.9981870302740207
6788.6			1.0
6789.5			1.0
6790.4			1.0
6791.3			1.0
6792.200000000001			1.0
6793.1			1.0
6794.0			1.0
6794.9			1.0
6795.8			1.0
6796.700000000001			1.0
6797.6			1.0
6798.5			1.0
6799.4			1.0
6800.3			1.0
6801.200000000001			1.0
6802.1			1.0
6803.0			1.0
6803.9			1.0
6804.8			1.0
6805.700000000001			1.0
6806.6			1.0
6807.5			1.0
6808.4			1.0
6809.3			1.0
6810.200000000001			1.0
6811.1			1.0
6812.0			1.0
6812.9			1.0
6813.8			1.0
6814.700000000001			1.0
6815.6			1.0
6816.5			1.0
6817.4			1.0
6818.3			1.0
6819.200000000001			1.0
6820.1			1.0
6821.0			1.0
6821.9			1.0
6822.8			1.0
6823.700000000001			1.0
6824.6			1.0
6825.5			1.0
6826.4			1.0
6827.3			1.0
6828.200000000001			1.0
6829.1			1.0
6830.0			1.0
6830.9			1.0
6831.8			1.0
6832.700000000001			1.0
6833.6			1.0
6834.5			1.0
6835.4			1.0
6836.3			1.0
6837.200000000001			0.9943750449776227
6838.1			0.9858354486573855
6839.0			0.954055309941474
6839.9			0.9314175034718808
6840.8			0.9153802457304415
6841.700000000001			0.9122392539074131
6842.6			0.9352163334488197
6843.5			0.9698132637856264
6844.4			0.9975289873822102
6845.3			1.0063432117594435
6846.200000000001			1.002174673519497
6847.1			1.0
6848.0			1.0
6848.9			1.0
6849.8			1.0
6850.700000000001			1.0
6851.6			1.0
6852.5			1.0
6853.4			1.0
6854.3			1.0
6855.200000000001			1.0
6856.1			1.0
6857.0			1.0
6857.9			1.0
6858.8			1.0
6859.700000000001			1.0
6860.6			1.0
6861.5			1.0
6862.4			1.0
6863.3			1.0
6864.200000000001			1.0
6865.1			1.0
6866.0			0.9752745723178182
6866.9			0.9121201670331318
6867.8			0.8594421255031176
6868.700000000001			0.9116267873824162
6869.6			0.9998059258775086
6870.5			1.0
6871.4			1.0
6872.3			1.0
6873.200000000001			1.0
6874.1			1.0
6875.0			1.0
6875.9			1.0
6876.8			1.0
6877.700000000001			1.0
6878.6			1.0
6879.5			1.0
6880.4			0.9987541019732887
6881.3			0.9704061392458199
6882.200000000001			0.9331891455919397
6883.1			0.9350570936447122
6884.0			0.994829497714597
6884.9			1.0286187027908147
6885.8			1.0029796510916371
6886.700000000001			1.0
6887.6			1.0
6888.5			1.0
6889.4			1.0
6890.3			1.0
6891.200000000001			1.0
6892.1			1.0
6893.0			1.0
6893.9			1.0
6894.8			1.0
6895.700000000001			1.0
6896.6			1.0
6897.5			1.0
6898.4			1.0
6899.3			0.9564195154558218
6900.200000000001			0.9313404012119085
6901.1			0.9934439634506916
6902.0			1.0
6902.9			1.0
6903.8			1.0
6904.700000000001			1.0
6905.6			1.0
6906.5			1.0
6907.4			1.0
6908.3			1.0
6909.200000000001			1.0
6910.1			1.0
6911.0			0.9874331415427475
6911.9			0.9680678325068781
6912.8			0.9472906464438691
6913.700000000001			0.9304536219425303
6914.6			0.9609534918122915
6915.5			1.0058276604340095
6916.4			0.9971921132345991
6917.3			1.0
6918.200000000001			1.0
6919.1			1.0
6920.0			1.0
6920.9			1.0
6921.8			1.0
6922.700000000001			0.9856338105628635
6923.6			0.9575445938641087
6924.5			0.9339616314643454
6925.4			0.9245928784828743
6926.3			0.9447659867506054
6927.200000000001			0.9889771144476269
6928.1			0.9989963320567198
6929.0			1.0
6929.9			1.0
6930.8			1.0
6931.700000000001			1.0
6932.6			1.0
6933.5			1.0
6934.4			1.0
6935.3			1.0
6936.200000000001			1.0
6937.1			0.974740216666651
6938.0			0.9632859637713058
6938.9			0.9714046151558854
6939.8			0.974074626972876
6940.700000000001			0.9894561746423772
6941.6			0.9857209309688811
6942.5			0.9536273185013953
6943.4			0.9353568559516471
6944.3			0.9339701227447323
6945.200000000001			0.9422450699798781
6946.1			0.9742741469845296
6947.0			0.9818803023758641
6947.9			0.9831004546518651
6948.8			1.013267578225597
6949.700000000001			1.0310653204144724
6950.6			1.0105371427142604
6951.5			0.9997039377265443
6952.4			1.0
6953.3			1.0
6954.200000000001			1.0
6955.1			1.0
6956.0			1.0
6956.9			1.0
6957.8			1.0
6958.700000000001			1.0
6959.6			1.0
6960.5			1.0
6961.4			1.0
6962.3			1.0
6963.200000000001			1.0
6964.1			1.0
6965.0			1.0
6965.9			1.0
6966.8			1.0
6967.700000000001			1.0
6968.6			1.0
6969.5			1.0
6970.4			1.0
6971.3			1.0
6972.200000000001			1.0
6973.1			1.0
6974.0			1.0
6974.9			0.9712932030725167
6975.8			0.9658612458702973
6976.700000000001			0.9341913827935693
6977.6			0.8705968574941642
6978.5			0.8185324797325269
6979.4			0.8579720406014223
6980.3			0.9362229892546631
6981.200000000001			0.9677623900288022
6982.1			0.9983834732762281
6983.0			1.0
6983.9			1.0
6984.8			1.0
6985.700000000001			1.0
6986.6			1.0
6987.5			1.0096801700090374
6988.4			0.9797961976171743
6989.3			0.9446006769340505
6990.200000000001			0.9539607586037677
6991.1			1.00059654993846
6992.0			1.0
6992.9			1.0
6993.8			1.0
6994.700000000001			1.0
6995.6			1.0
6996.5			1.0
6997.4			1.0
6998.3			1.0
6999.200000000001			1.0
7000.1			1.0
7001.0			1.0
7001.9			1.0426137057493177
7002.8			1.055585098476859
7003.700000000001			0.9971109081910572
7004.6			0.9430306258163322
7005.5			0.9525531316926233
7006.4			0.9851649536487787
7007.3			0.9999877489930347
7008.200000000001			1.0
7009.1			1.0
7010.0			1.0
7010.9			1.0
7011.8			1.0
7012.700000000001			1.0
7013.6			1.0
7014.5			0.9534073175308646
7015.4			0.8704816129874215
7016.3			0.8142745467099354
7017.200000000001			0.8988385454118775
7018.1			0.9976026776735477
7019.0			1.0
7019.9			1.0
7020.8			1.0
7021.700000000001			1.0
7022.6			1.0
7023.5			1.0
7024.4			1.0
7025.3			1.0
7026.200000000001			1.0
7027.1			1.0
7028.0			1.0
7028.9			1.0
7029.8			1.0
7030.700000000001			1.0
7031.6			1.0
7032.5			1.0
7033.4			1.0
7034.3			1.0
7035.200000000001			1.0
7036.1			1.0
7037.0			0.9482527586583741
7037.9			0.8683711850937325
7038.8			0.852458151441126
7039.700000000001			0.9132659544768214
7040.6			1.0010137601725768
7041.5			1.0
7042.4			1.0
7043.3			1.0
7044.200000000001			1.0
7045.1			1.0
7046.0			1.0
7046.9			1.0
7047.8			1.0
7048.700000000001			1.0
7049.6			1.0
7050.5			0.9701722650497469
7051.4			1.0
7052.3			0.9238336670314464
7053.200000000001			0.9149280944193873
7054.1			0.9467173604202389
7055.0			0.9911683110873685
7055.9			1.0311975180476585
7056.8			1.0486911385974087
7057.700000000001			1.0418183180226834
7058.6			1.022632797845944
7059.5			0.9780996119629268
7060.4			0.9620756027631651
7061.3			0.990268157319762
7062.200000000001			1.002364003362496
7063.1			1.012379645449389
7064.0			1.041639302872975
7064.9			1.0305434033853946
7065.8			0.9848575158326726
7066.700000000001			0.9556424247311082
7067.6			0.9201506288995569
7068.5			0.9033160629803263
7069.4			0.9481393165845879
7070.3			1.0134752509907508
7071.200000000001			1.0432619579413287
7072.1			1.039470002513167
7073.0			1.0394104114777618
7073.9			1.0356806525959084
7074.8			1.032405908283896
7075.700000000001			1.0196143775245077
7076.6			1.013201243333914
7077.5			1.0193230892124856
7078.4			1.0168012874411594
7079.3			1.028532712175877
7080.200000000001			1.0562183522882969
7081.1			1.0661437575061394
7082.0			1.0366901925802547
7082.9			0.9851175784381152
7083.8			0.9123939272560908
7084.700000000001			0.8696091935441308
7085.6			0.9189435503108585
7086.5			0.9538242208039727
7087.4			0.9448830372881375
7088.3			0.9390551094210091
7089.200000000001			0.9387055481745794
7090.1			0.9237029836668018
7091.0			0.9386766478394316
7091.9			0.949770313209116
7092.8			0.9365302340915329
7093.700000000001			0.9439666366140028
7094.6			0.9493489778890026
7095.5			0.9529617468107935
7096.4			0.9617449100253967
7097.3			0.9634645592587555
7098.200000000001			0.9737034080836777
7099.1			0.9889415160809961
7100.0			1.0
7100.9			0.9829702821665768
7101.8			0.9462342730755555
7102.700000000001			0.9131646281172007
7103.6			0.9391488371802507
7104.5			0.9989508302883959
7105.4			0.9979384309644779
7106.3			0.9692421430630968
7107.200000000001			0.9423584998763426
7108.1			1.0
7109.0			1.010442961912433
7109.9			0.9818114955030322
7110.8			0.9423278012392011
7111.700000000001			0.9347166753087088
7112.6			0.9607553100474441
7113.5			0.9974469149390316
7114.4			1.0009574709213809
7115.3			1.0036107773218181
7116.200000000001			1.0107910684201178
7117.1			1.0001506507892353
7118.0			1.0
7118.9			1.0
7119.8			1.0
7120.700000000001			1.0
7121.6			1.0
7122.5			1.0
7123.4			1.0
7124.3			1.0
7125.200000000001			1.0
7126.1			1.0
7127.0			1.0
7127.9			1.0220927218691993
7128.8			1.0047371883962264
7129.700000000001			0.9406250617070786
7130.6			0.9011414658406011
7131.5			0.9247906669949432
7132.4			0.9634610676548141
7133.3			0.9928658800849265
7134.200000000001			1.0
7135.1			1.0
7136.0			1.0
7136.9			1.0
7137.8			1.0
7138.700000000001			1.0
7139.6			1.0
7140.5			1.0
7141.4			1.0
7142.3			1.0
7143.200000000001			1.0
7144.1			1.0
7145.0			1.002792084805512
7145.9			1.013884373825536
7146.8			0.9895036875298938
7147.700000000001			0.9273631012696827
7148.6			0.9199024525506012
7149.5			0.9440915930137345
7150.4			0.946511665949837
7151.3			0.9584984518220923
7152.200000000001			1.0004199597261818
7153.1			1.0
7154.0			1.0
7154.9			1.0
7155.8			1.0
7156.700000000001			1.0
7157.6			1.0
7158.5			1.0
7159.4			1.0
7160.3			1.0
7161.200000000001			1.0
7162.1			1.0372064769363698
7163.0			1.0261721978760088
7163.9			0.9632198266489718
7164.8			0.9232901355872406
7165.700000000001			0.948539462778394
7166.6			0.9825233964404834
7167.5			1.001431421020754
7168.4			1.0
7169.3			1.0
7170.200000000001			1.0
7171.1			1.0
7172.0			1.0
7172.9			1.0
7173.8			1.0
7174.700000000001			1.0
7175.6			1.0
7176.5			1.0
7177.4			1.0
7178.3			1.0
7179.200000000001			0.9833589882211802
7180.1			0.9251125104986101
7181.0			0.8618427102323952
7181.9			0.9011957977535718
7182.8			1.0071527980404182
7183.700000000001			1.0
7184.6			1.0
7185.5			1.0
7186.4			1.0
7187.3			1.0
7188.200000000001			1.0
7189.1			1.0
7190.0			1.0
7190.9			1.0
7191.8			1.0
7192.700000000001			1.0
7193.6			1.0
7194.5			1.0
7195.4			1.0105721227820514
7196.3			0.9643542029868895
7197.200000000001			0.9075659378255886
7198.1			0.9288643969083099
7199.0			0.9919761598721881
7199.9			1.0
7200.8			1.0
7201.700000000001			1.0
7202.6			1.0
7203.5			1.0
7204.4			1.0211343867987264
7205.3			1.0290352530203308
7206.200000000001			0.9410833463914383
7207.1			0.8820802136561116
7208.0			0.9236682863700745
7208.9			0.9561887355689676
7209.8			0.9979694501083912
7210.700000000001			1.0
7211.6			1.0
7212.5			1.0
7213.4			1.0
7214.3			1.0
7215.200000000001			1.0
7216.1			1.0
7217.0			1.0
7217.9			1.0357413881862492
7218.8			1.0357641697165687
7219.700000000001			1.0216286490005637
7220.6			1.0149351770762929
7221.5			1.019297914281108
7222.4			1.0233952809522733
7223.3			1.0195708997353816
7224.200000000001			1.0564523268738473
7225.1			1.1010227496969516
7226.0			1.1053084952639052
7226.9			1.0774989066988185
7227.8			1.025936775227569
7228.700000000001			1.0045340483240681
7229.6			1.0359505677433192
7230.5			1.083333231144994
7231.4			1.103745382792494
7232.3			1.0826310829339032
7233.200000000001			1.0901859893637362
7234.1			1.116377908172068
7235.0			1.086021049812719
7235.9			1.0489772474435426
7236.8			1.036637313159129
7237.700000000001			1.0537305787276823
7238.6			1.0751876428550728
7239.5			1.0564958230051316
7240.4			1.0321160883693166
7241.3			1.0949034927754464
7242.200000000001			1.136885114769069
7243.1			1.073948680289178
7244.0			0.9993314087882659
7244.9			0.9748055335693889
7245.8			0.9900572289598873
7246.700000000001			1.0376884299896074
7247.6			1.0853488678473877
7248.5			1.1081705917033384
7249.4			1.0918352590121434
7250.3			1.0701088231609994
7251.200000000001			1.0482768961575593
7252.1			1.0089991225357258
7253.0			1.0207686476077051
7253.9			1.090792189173514
7254.8			1.1405078081847981
7255.700000000001			1.1600864148820673
7256.6			1.1659950990724053
7257.5			1.141340649006331
7258.4			1.136720550066384
7259.3			1.1555912850830077
7260.200000000001			1.1055217754642799
7261.1			1.0134772286018325
7262.0			1.036952061669624
7262.9			1.1431596078517765
7263.8			1.1845311213744414
7264.700000000001			1.157413137763034
7265.6			1.153890825997805
7266.5			1.2080756813846674
7267.4			1.2318181486443862
7268.3			1.2133521344076812
7269.200000000001			1.1795226400565295
7270.1			1.1551963536621768
7271.0			1.173881286026832
7271.9			1.176872146670495
7272.8			1.1648331113933992
7273.700000000001			1.2059049048487116
7274.6			1.2314925940851835
7275.5			1.216420144939613
7276.4			1.1905416782778302
7277.3			1.1450430644203664
7278.200000000001			1.1511466410640845
7279.1			1.1876118018491755
7280.0			1.2078751778272514
7280.9			1.189350784041929
7281.8			1.1468248159150927
7282.700000000001			1.1230046023505063
7283.6			1.1263656100077424
7284.5			1.1555829518410823
7285.4			1.2194987977471465
7286.3			1.2502200245606034
7287.200000000001			1.2040923885468215
7288.1			1.1841438189294846
7289.0			1.2020641550996274
7289.9			1.177086601967771
7290.8			1.114202707379821
7291.700000000001			1.1055058708943375
7292.6			1.1306270946260812
7293.5			1.185247069120472
7294.4			1.2212938794405932
7295.3			1.2661051614002963
7296.200000000001			1.3298189800140066
7297.1			1.3217948434254572
7298.0			1.2733540099817566
7298.9			1.2282150234804432
7299.8			1.2051673838473176
7300.700000000001			1.2516346327164825
7301.6			1.2773722861969392
7302.5			1.2329014068313704
7303.4			1.215433067940318
7304.3			1.2652376821848272
7305.200000000001			1.299938731849987
7306.1			1.2892279115168643
7307.0			1.2703421631417835
7307.9			1.2405962392205687
7308.8			1.2559287129885095
7309.700000000001			1.2953351369936204
7310.6			1.2851689301649405
7311.5			1.2634607493353054
7312.4			1.2778639077335257
7313.3			1.3359682639202528
7314.200000000001			1.3710166233925567
7315.1			1.3382562937138571
7316.0			1.3110705613715896
7316.9			1.2844314354610484
7317.8			1.2719553486416406
7318.700000000001			1.3347310605857334
7319.6			1.4110611452920705
7320.5			1.413791492107531
7321.4			1.435170078142677
7322.3			1.4255321915039971
7323.200000000001			1.3571319168326181
7324.1			1.3274875434587117
7325.0			1.3247787969029476
7325.9			1.2898154482160802
7326.8			1.336203740039416
7327.700000000001			1.4214592904757846
7328.6			1.4552417825105155
7329.5			1.4417285956460082
7330.4			1.4254776844162695
7331.3			1.427320093599713
7332.200000000001			1.4102399459251482
7333.1			1.3920497306325805
7334.0			1.3988695386920795
7334.9			1.4203329638206652
7335.8			1.4681532102129022
7336.700000000001			1.505328199807749
7337.6			1.5019808763383877
7338.5			1.4817642730576683
7339.4			1.4809958594278436
7340.3			1.5048479129072891
7341.200000000001			1.5303135353622113
7342.1			1.5501603040327923
7343.0			1.4869253166278436
7343.9			1.3671979933815597
7344.8			1.3879148343113334
7345.700000000001			1.4917866490716571
7346.6			1.541164850733749
7347.5			1.583274076062705
7348.4			1.5760731752612147
7349.3			1.5123310356837985
7350.200000000001			1.46258229723857
7351.1			1.4788253451980105
7352.0			1.5237164148455677
7352.9			1.5309565166253147
7353.8			1.5044395687893253
7354.700000000001			1.4308859701900565
7355.6			1.3462827532813322
7356.5			1.3479948710618181
7357.4			1.4327017264696411
7358.3			1.5673554914199703
7359.200000000001			1.6240114662499225
7360.1			1.584807444418426
7361.0			1.4946563103706771
7361.9			1.4153092707981114
7362.8			1.4048507537608144
7363.700000000001			1.4248178951153936
7364.6			1.4846692724906616
7365.5			1.5038988073938893
7366.4			1.5179905092270511
7367.3			1.5698272906039226
7368.200000000001			1.555230339528426
7369.1			1.5268322242673786
7370.0			1.5832681812170404
7370.9			1.6319375140311563
7371.8			1.637525227203655
7372.700000000001			1.6324324423481422
7373.6			1.6257958353780042
7374.5			1.6287183663256761
7375.4			1.6178142836839193
7376.3			1.6028466960042778
7377.200000000001			1.6171025738758953
7378.1			1.6689055558232455
7379.0			1.7071247776512368
7379.9			1.6881691720237963
7380.8			1.6258758507674804
7381.700000000001			1.5494945096414758
7382.6			1.529504077658908
7383.5			1.5650121605173837
7384.4			1.564934841212428
7385.3			1.5365392836001441
7386.200000000001			1.5527968277206021
7387.1			1.5883247999032324
7388.0			1.5680659293283357
7388.9			1.5011105813110999
7389.8			1.518815936393
7390.700000000001			1.5842727075086602
7391.6			1.6353116822417302
7392.5			1.6221663537897775
7393.4			1.6380184267206215
7394.3			1.7241817317692238
7395.200000000001			1.7582776339936053
7396.1			1.7433378423334471
7397.0			1.7258983560959866
7397.9			1.7311219084619365
7398.8			1.6992453810129775
7399.700000000001			1.6519455545996722
7400.6			1.6764237131148874
7401.5			1.762735816345292
7402.4			1.8651538916868446
7403.3			1.9349127908730788
7404.200000000001			1.9443041565507182
7405.1			1.910760401580398
7406.0			1.9232444675309546
7406.9			1.9522315686534581
7407.8			1.9139010547848982
7408.700000000001			1.867334761273454
7409.6			1.870063482623232
7410.5			1.8997012269685363
7411.4			1.9776731022704535
7412.3			2.039879646679691
7413.200000000001			0.13417965956831496
7414.1			1.4533091042188977e-05
7415.0			1.4601100848576624e-05
7415.9			1.4669750172114497e-05
7416.8			1.4739048075778595e-05
7417.700000000001			1.4809003794606761e-05
7418.6			1.4879626739801454e-05
7419.5			1.4950926502950428e-05
7420.4			1.5022912860369384e-05
7421.3			1.509559577757066e-05
7422.200000000001			1.5168985413862272e-05
7423.1			1.5243092127081784e-05
7424.0			1.531792647846959e-05
7424.9			1.539349923768649e-05
7425.8			1.5469821387980497e-05
7426.700000000001			1.5546904131508136e-05
7427.6			1.5624758894815616e-05
7428.5			1.570339733448554e-05
7429.4			1.0
