3500.0			1.0
3500.9			1.0
3501.8			1.0
3502.7			1.0
3503.6			1.0
3504.5			1.0
3505.4			1.0
3506.3			1.0
3507.2			1.0
3508.1			1.0
3509.0			1.0
3509.9			1.0
3510.8			1.0
3511.7			1.0
3512.6			1.0
3513.5			1.0
3514.4			1.0
3515.3			1.0
3516.2			1.0
3517.1			1.0
3518.0			1.0
3518.9			1.0
3519.8			1.0
3520.7			1.0
3521.6			1.0
3522.5			1.0
3523.4			1.0
3524.3			1.0
3525.2			1.0
3526.1			1.0
3527.0			1.0
3527.9			1.0
3528.8			1.0
3529.7			1.0
3530.6			1.0
3531.5			1.0
3532.4			1.0
3533.3			1.0
3534.2			1.0
3535.1			1.0
3536.0			1.0
3536.9			1.0
3537.8			1.0
3538.7			1.0
3539.6			1.0
3540.5			1.0
3541.4			1.0
3542.3			1.0
3543.2			1.0
3544.1			1.0
3545.0			1.0
3545.9			1.0
3546.8			1.0
3547.7			1.0
3548.6			1.0
3549.5			1.0
3550.4			1.0
3551.3			1.0
3552.2			1.0
3553.1			1.0
3554.0			1.0
3554.9			1.0
3555.8			1.0
3556.7			1.0
3557.6			1.0
3558.5			1.0
3559.4			1.0
3560.3			1.0
3561.2			1.0
3562.1			1.0
3563.0			1.0
3563.9			1.0
3564.8			1.0
3565.7			1.0
3566.6			1.0
3567.5			1.0
3568.4			1.0
3569.3			1.0
3570.2			1.0
3571.1			1.0
3572.0			1.0
3572.9			1.0
3573.8			1.0
3574.7			1.0
3575.6			1.0
3576.5			1.0
3577.4			1.0
3578.3			1.0
3579.2			1.0
3580.1			1.0
3581.0			1.0
3581.9			1.0
3582.8			1.0
3583.7			1.0
3584.6			1.0
3585.5			1.0
3586.4			1.0
3587.3			1.0
3588.2			1.0
3589.1			1.0
3590.0			1.0
3590.9			1.0
3591.8			1.0
3592.7			1.0
3593.6			1.0
3594.5			1.0
3595.4			1.0
3596.3			1.0
3597.2			1.0
3598.1			1.0
3599.0			1.0
3599.9			1.0
3600.8			1.0
3601.7			1.0
3602.6			1.0
3603.5			1.0
3604.4			1.0
3605.3			1.0
3606.2			1.0
3607.1			1.0
3608.0			1.0
3608.9			1.0
3609.8			1.0
3610.7			1.0
3611.6			1.0
3612.5			1.0
3613.4			1.0
3614.3			1.0
3615.2			1.0
3616.1			1.0
3617.0			1.0
3617.9			1.0
3618.8			1.0
3619.7			1.0
3620.6			1.0
3621.5			1.0
3622.4			1.0
3623.3			1.0
3624.2			1.0
3625.1			1.0
3626.0			1.0
3626.9			1.0
3627.8			1.0
3628.7			1.0
3629.6			1.0
3630.5			1.0
3631.4			1.0
3632.3			1.0
3633.2			1.0
3634.1			1.0
3635.0			1.0
3635.9			1.0
3636.8			1.0
3637.7			1.0
3638.6			1.0
3639.5			1.0
3640.4			1.0
3641.3			1.0
3642.2			1.0
3643.1			1.0
3644.0			1.0
3644.9			1.0
3645.8			1.0
3646.7			1.0
3647.6			1.0
3648.5			1.0
3649.4			1.0
3650.3			1.0
3651.2			1.0
3652.1			1.0
3653.0			1.0
3653.9			1.0
3654.8			1.0
3655.7			1.0
3656.6			1.0
3657.5			1.0
3658.4			1.0
3659.3			1.0
3660.2			1.0
3661.1			1.0
3662.0			1.0
3662.9			1.0
3663.8			1.0
3664.7			1.0
3665.6			1.0
3666.5			1.0
3667.4			1.0
3668.3			1.0
3669.2			1.0
3670.1			1.0
3671.0			1.0
3671.9			1.0
3672.8			1.0
3673.7			1.0
3674.6			1.0
3675.5			1.0
3676.4			1.0
3677.3			1.0
3678.2			1.0
3679.1			1.0
3680.0			1.0
3680.9			1.0
3681.8			1.0
3682.7			1.0
3683.6			1.0
3684.5			1.0
3685.4			1.0
3686.3			1.0
3687.2			1.0
3688.1			1.0
3689.0			1.0
3689.9			1.0
3690.8			1.0
3691.7			1.0
3692.6			1.0
3693.5			1.0
3694.4			1.0
3695.3			1.0
3696.2			1.0
3697.1			1.0
3698.0			1.0
3698.9			1.0
3699.8			1.0
3700.7			1.0
3701.6			1.0
3702.5			1.0
3703.4			1.0
3704.3			1.0
3705.2			1.0
3706.1			1.0
3707.0			1.0
3707.9			1.0
3708.8			1.0
3709.7			1.0
3710.6			1.0
3711.5			1.0
3712.4			1.0
3713.3			1.0
3714.2			1.0
3715.1			1.0
3716.0			1.0
3716.9			1.0
3717.8			1.0
3718.7			1.0
3719.6			1.0
3720.5			1.0
3721.4			1.0
3722.3			1.0
3723.2			1.0
3724.1			1.0
3725.0			1.0
3725.9			1.0
3726.8			1.0
3727.7			1.0
3728.6			1.0
3729.5			1.0
3730.4			1.0
3731.3			1.0
3732.2			1.0
3733.1			1.0
3734.0			1.0
3734.9			1.0
3735.8			1.0
3736.7			1.0
3737.6			1.0
3738.5			1.0
3739.4			1.0
3740.3			1.0
3741.2			1.0
3742.1			1.0
3743.0			1.0
3743.9			1.0
3744.8			1.0
3745.7			1.0
3746.6			1.0
3747.5			1.0
3748.4			1.0
3749.3			1.0
3750.2			1.0
3751.1			1.0
3752.0			1.0
3752.9			1.0
3753.8			1.0
3754.7			1.0
3755.6			1.0
3756.5			1.0
3757.4			1.0
3758.3			1.0
3759.2			1.0
3760.1			1.0
3761.0			1.0
3761.9			1.0
3762.8			1.0
3763.7			1.0
3764.6			1.0
3765.5			1.0
3766.4			1.0
3767.3			1.0
3768.2			1.0
3769.1			1.0
3770.0			1.0
3770.9			1.0
3771.8			1.0
3772.7			1.0
3773.6			1.0
3774.5			1.0
3775.4			1.0
3776.3			1.0
3777.2			1.0
3778.1			1.0
3779.0			1.0
3779.9			1.0
3780.8			1.0
3781.7			1.0
3782.6			1.0
3783.5			1.0
3784.4			1.0
3785.3			1.0
3786.2			1.0
3787.1			1.0
3788.0			1.0
3788.9			1.0
3789.8			1.0
3790.7			1.0
3791.6			1.0
3792.5			1.0
3793.4			1.0
3794.3			1.0
3795.2			1.0
3796.1			1.0
3797.0			1.0
3797.9			1.0
3798.8			1.0
3799.7			1.0
3800.6			1.0
3801.5			1.0
3802.4			1.0
3803.3			1.0
3804.2			1.0
3805.1			1.0
3806.0			1.0
3806.9			1.0
3807.8			1.0
3808.7			1.0
3809.6			1.0
3810.5			1.0
3811.4			1.0
3812.3			1.0
3813.2			1.0
3814.1			1.0
3815.0			1.0
3815.9			1.0
3816.8			1.0
3817.7			1.0
3818.6			1.0
3819.5			1.0
3820.4			1.0
3821.3			1.0
3822.2			1.0
3823.1			1.0
3824.0			1.0
3824.9			1.0
3825.8			1.0
3826.7			1.0
3827.6			1.0
3828.5			1.0
3829.4			1.0
3830.3			1.0
3831.2			1.0
3832.1			1.0
3833.0			1.0
3833.9			1.0
3834.8			1.0
3835.7			1.0
3836.6			1.0
3837.5			1.0
3838.4			1.0
3839.3			1.0
3840.2			1.0
3841.1			1.0
3842.0			1.0
3842.9			1.0
3843.8			1.0
3844.7			1.0
3845.6			1.0
3846.5			1.0
3847.4			1.0
3848.3			1.0
3849.2			1.0
3850.1			1.0
3851.0			1.0
3851.9			1.0
3852.8			1.0
3853.7			1.0
3854.6			1.0
3855.5			1.0
3856.4			1.0
3857.3			1.0
3858.2			1.0
3859.1			1.0
3860.0			1.0
3860.9			1.0
3861.8			1.0
3862.7			1.0
3863.6			1.0
3864.5			1.0
3865.4			1.0
3866.3			1.0
3867.2			1.0
3868.1			1.0
3869.0			1.0
3869.9			1.0
3870.8			1.0
3871.7			1.0
3872.6			1.0
3873.5			1.0
3874.4			1.0
3875.3			1.0
3876.2			1.0
3877.1			1.0
3878.0			1.0
3878.9			1.0
3879.8			1.0
3880.7			1.0
3881.6			1.0
3882.5			1.0
3883.4			1.0
3884.3			1.0
3885.2			1.0
3886.1			1.0
3887.0			1.0
3887.9			1.0
3888.8			1.0
3889.7			1.0
3890.6			1.0
3891.5			1.0
3892.4			1.0
3893.3			1.0
3894.2			1.0
3895.1			1.0
3896.0			1.0
3896.9			1.0
3897.8			1.0
3898.7			1.0
3899.6			1.0
3900.5			1.0
3901.4			1.0
3902.3			1.0
3903.2			1.0
3904.1			1.0
3905.0			1.0
3905.9			1.0
3906.8			1.0
3907.7			1.0
3908.6			1.0
3909.5			1.0
3910.4			1.0
3911.3			1.0
3912.2			1.0
3913.1			1.0
3914.0			1.0
3914.9			1.0
3915.8			1.0
3916.7			1.0
3917.6			1.0
3918.5			1.0
3919.4			1.0
3920.3			1.0
3921.2			1.0
3922.1			1.0
3923.0			1.0
3923.9			1.0
3924.8			1.0
3925.7			1.0
3926.6			1.0
3927.5			1.0
3928.4			1.0
3929.3			1.0
3930.2			1.0
3931.1			1.0
3932.0			1.0
3932.9			1.0
3933.8			1.0
3934.7			1.0
3935.6			1.0
3936.5			1.0
3937.4			1.0
3938.3			1.0
3939.2			1.0
3940.1			1.0
3941.0			1.0
3941.9			1.0
3942.8			1.0
3943.7			1.0
3944.6			1.0
3945.5			1.0
3946.4			1.0
3947.3			1.0
3948.2			1.0
3949.1			1.0
3950.0			1.0
3950.9			1.0
3951.8			1.0
3952.7			1.0
3953.6			1.0
3954.5			1.0
3955.4			1.0
3956.3			1.0
3957.2			1.0
3958.1			1.0
3959.0			1.0
3959.9			1.0
3960.8			1.0
3961.7			1.0
3962.6			1.0
3963.5			1.0
3964.4			1.0
3965.3			1.0
3966.2			1.0
3967.1			1.0
3968.0			1.0
3968.9			1.0
3969.8			1.0
3970.7			1.0
3971.6			1.0
3972.5			1.0
3973.4			1.0
3974.3			1.0
3975.2			1.0
3976.1			1.0
3977.0			1.0
3977.9			1.0
3978.8			1.0
3979.7			1.0
3980.6			1.0
3981.5			1.0
3982.4			1.0
3983.3			1.0
3984.2			1.0
3985.1			1.0
3986.0			1.0
3986.9			1.0
3987.8			1.0
3988.7			1.0
3989.6			1.0
3990.5			1.0
3991.4			1.0
3992.3			1.0
3993.2			1.0
3994.1			1.0
3995.0			1.0
3995.9			1.0
3996.8			1.0
3997.7			1.0
3998.6			1.0
3999.5			1.0
4000.4			1.0
4001.3			1.0
4002.2			1.0
4003.1			1.0002873830196628
4004.0			0.8640483906257684
4004.9			0.6918051741535647
4005.8			0.6485784586456018
4006.7			0.7679413863877481
4007.6			0.926108800202323
4008.5			1.0008075165482153
4009.4			1.0
4010.3			1.0
4011.2			1.0
4012.1			1.0
4013.0			1.0
4013.9			1.0
4014.8			1.0
4015.7			1.0
4016.6			1.0
4017.5			1.0
4018.4			1.0
4019.3			1.0
4020.2			1.0
4021.1			1.0
4022.0			1.0
4022.9			1.002503857217023
4023.8			0.9592249390932709
4024.7			0.8964161518586337
4025.6			0.9204791086620303
4026.5			0.9939335918228472
4027.4			1.0
4028.3			0.978783648476039
4029.2			0.843241096881139
4030.1			0.6102356296327525
4031.0			0.47123082123196924
4031.9			0.4450742549885061
4032.8			0.4196926675737935
4033.7			0.4157613568287116
4034.6			0.4837251879716085
4035.5			0.6360506853446349
4036.4			0.8334601970910778
4037.3			0.9948541170977987
4038.2			1.0411156923863534
4039.1			0.9989521726301174
4040.0			1.0
4040.9			0.9196260977944928
4041.8			0.9171623297960744
4042.7			0.918782229551097
4043.6			0.778879094783128
4044.5			0.5569747419721774
4045.4			0.39669152646908956
4046.3			0.405027800911304
4047.2			0.5511409220713708
4048.1			0.7060418285308305
4049.0			0.8426839096727125
4049.9			0.998790160313922
4050.8			1.0
4051.7			1.0
4052.6			1.0
4053.5			1.0
4054.4			1.0
4055.3			1.0
4056.2			1.0
4057.1			1.0
4058.0			0.9003031929724782
4058.9			0.9555504588575066
4059.8			1.043480394738453
4060.7			1.025829591447801
4061.6			0.8866455928808755
4062.5			0.6614524772032111
4063.4			0.4916903408412646
4064.3			0.5302476085744618
4065.2			0.6782675107815069
4066.1			0.7813761495597591
4067.0			0.8346684266021784
4067.9			0.9053239510643857
4068.8			0.9951000522535807
4069.7			1.0
4070.6			1.0
4071.5			1.0
4072.4			1.0
4073.3			1.0
4074.2			1.0
4075.1			0.9854729634972514
4076.0			0.8629259630945209
4076.9			0.747262675164528
4077.8			0.7130447220415707
4078.7			0.7631437093116382
4079.6			0.8727929975380992
4080.5			0.9817008341065006
4081.4			1.0
4082.3			1.0
4083.2			1.0
4084.1			1.0
4085.0			1.0
4085.9			1.0
4086.8			1.0
4087.7			1.0
4088.6			1.0
4089.5			1.0
4090.4			1.0
4091.3			0.9588538762904982
4092.2			1.0
4093.1			1.047261233572027
4094.0			1.0579541101066812
4094.9			0.9591752576392145
4095.8			0.8463340327634943
4096.7			0.7982047175197728
4097.6			0.8092868339830246
4098.5			0.8433908406340871
4099.4			0.8407699292429102
4100.3			0.7740363479944623
4101.2			0.7402708278162826
4102.1			0.7739223600388253
4103.0			0.8480801022165966
4103.9			0.8974144509092508
4104.8			0.9383387132796325
4105.7			1.0095436946647023
4106.6			1.0224098502925332
4107.5			1.0
4108.4			0.9901308246762354
4109.3			0.9715730703509439
4110.2			0.9277642535989803
4111.1			0.8918300754631314
4112.0			0.8781972752441858
4112.9			0.9133600391315229
4113.8			0.9773261639115188
4114.7			1.0065116746470033
4115.6			1.0016240656888553
4116.5			1.0
4117.4			1.0
4118.3			1.0
4119.2			1.0
4120.1			1.0
4121.0			1.0
4121.9			1.0
4122.8			1.0
4123.7			1.0
4124.6			1.0
4125.5			1.0
4126.4			1.0
4127.3			1.0
4128.2			1.0
4129.1			0.9765293446306645
4130.0			0.9342243942719207
4130.9			0.8074998719207374
4131.8			0.6733757669626708
4132.7			0.62095757948116
4133.6			0.673905879054979
4134.5			0.7667714364510629
4135.4			0.8968459271814254
4136.3			1.0016913167257542
4137.2			1.0
4138.1			1.0
4139.0			1.0129362018666104
4139.9			1.0426167365141366
4140.8			1.0428522591461589
4141.7			0.8885527844383067
4142.6			0.6409313587140022
4143.5			0.49779104629851134
4144.4			0.5522565126772632
4145.3			0.742777667159611
4146.2			0.883813132965314
4147.1			0.9567348409315953
4148.0			1.0071751020972368
4148.9			1.0
4149.8			1.0
4150.7			0.9774999076556198
4151.6			0.9842234831602543
4152.5			0.9753511494617232
4153.4			0.9423391077789767
4154.3			0.9057750659376624
4155.2			0.9203065727987517
4156.1			0.9452312318197397
4157.0			0.9626923394075683
4157.9			1.0004907859378438
4158.8			1.0
4159.7			1.0
4160.6			1.0
4161.5			1.0
4162.4			1.0
4163.3			1.0
4164.2			1.0
4165.1			1.0
4166.0			1.0
4166.9			1.0
4167.8			0.9843646012158874
4168.7			1.061233310752173
4169.6			1.1457580006607868
4170.5			1.1409710068336925
4171.4			1.0125769992473015
4172.3			0.8634407654122259
4173.2			0.8298327770945075
4174.1			0.8667908047742757
4175.0			0.892457949985817
4175.9			0.9245226844154033
4176.8			0.9488659788292162
4177.7			0.9615456832734358
4178.6			1.002341826560123
4179.5			1.0
4180.4			1.0
4181.3			1.0
4182.2			1.0
4183.1			1.0
4184.0			1.0
4184.9			1.0446992387784702
4185.8			0.9872375689580815
4186.7			0.8234135047079861
4187.6			0.718535557124738
4188.5			0.8146034394412456
4189.4			1.0
4190.3			1.0209224491870468
4191.2			0.942943759994209
4192.1			0.9680816131154084
4193.0			1.061668070587094
4193.9			1.0687750669687743
4194.8			0.9672098435247163
4195.7			0.8314403706625545
4196.6			0.7548643119616424
4197.5			0.7024114956301393
4198.4			0.6435875759498264
4199.3			0.6656435444273688
4200.2			0.7131841052551129
4201.1			0.6696211664592752
4202.0			0.6380890248281924
4202.9			0.7145623113103876
4203.8			0.8201365470960458
4204.7			0.9028227815283135
4205.6			0.9774674026518423
4206.5			1.0018564232534792
4207.4			1.0
4208.3			1.0
4209.2			1.0
4210.1			1.0
4211.0			1.0
4211.9			1.0
4212.8			1.007303123685739
4213.7			0.9248508449793554
4214.6			0.7965177239383537
4215.5			0.710685808705973
4216.4			0.7589624787030504
4217.3			0.8982974792342256
4218.2			1.000389244356646
4219.1			1.0
4220.0			1.0127804382061563
4220.9			0.9766694837367181
4221.8			0.8894188581693017
4222.7			0.7722163721595902
4223.6			0.6397804986515792
4224.5			0.4985239438139125
4225.4			0.3529464087208957
4226.3			0.24269424014295862
4227.2			0.23228641392085403
4228.1			0.33449467311484266
4229.0			0.5003779228052783
4229.9			0.7046007015327956
4230.8			0.9112653586397009
4231.7			1.0
4232.6			0.962605201909664
4233.5			0.9166367362778578
4234.4			0.9090702216663333
4235.3			0.8811783430475433
4236.2			0.854424638597023
4237.1			0.9198372040167935
4238.0			1.0082106877716144
4238.9			1.005042826675185
4239.8			0.9964482692079293
4240.7			1.0
4241.6			1.0
4242.5			1.0
4243.4			1.0
4244.3			1.0
4245.2			1.0
4246.1			1.0
4247.0			0.9082409374773065
4247.9			0.8430648342524012
4248.8			0.8017322925737603
4249.7			0.7017425342428957
4250.6			0.6222337966697679
4251.5			0.6891480631180871
4252.4			0.7794163676355942
4253.3			0.7233456058006507
4254.2			0.6067713963750748
4255.1			0.6559664978025074
4256.0			0.9394847217759955
4256.9			1.2402981304960417
4257.8			1.3400058014898948
4258.7			1.2326677596106494
4259.6			1.0271956824344421
4260.5			0.890911469619718
4261.4			1.0416533360741422
4262.3			1.0
4263.2			1.0
4264.1			1.0
4265.0			1.0
4265.9			1.0132318831599934
4266.8			0.9751446974240102
4267.7			0.9011138494161156
4268.6			0.8362689204440221
4269.5			0.749928830144478
4270.4			0.5972512175563452
4271.3			0.44227163071294306
4272.2			0.3976365033298295
4273.1			0.4382406381132676
4274.0			0.4396539836815255
4274.9			0.43539375101502836
4275.8			0.535991849606665
4276.7			0.7154247835868092
4277.6			0.8973141320483975
4278.5			1.0012249314999537
4279.4			1.0
4280.3			1.0
4281.2			1.0
4282.1			1.0
4283.0			1.0
4283.9			1.0
4284.8			1.0
4285.7			1.0
4286.6			1.0
4287.5			0.981598719638892
4288.4			0.8540909688215022
4289.3			0.6416719113609693
4290.2			0.5484371357236938
4291.1			0.6615398042349396
4292.0			1.0
4292.9			1.1246540267375986
4293.8			1.068724886183658
4294.7			1.022822054080425
4295.6			1.0947127332740247
4296.5			1.159464249535575
4297.4			1.090730769519468
4298.3			0.8998737564068098
4299.2			0.714758275471725
4300.1			0.6539287928876325
4301.0			0.706927841636278
4301.9			0.7640996761743305
4302.8			0.7828309514290629
4303.7			0.8111206205176519
4304.6			0.8438912721580801
4305.5			0.7829549190300269
4306.4			0.6535964243252526
4307.3			0.5320421623443773
4308.2			0.4730842849541028
4309.1			0.5364001823526798
4310.0			0.6599915069781163
4310.9			0.7726706108899563
4311.8			0.8631451515196186
4312.7			0.9511028652761763
4313.6			1.0130831014540231
4314.5			1.0348087227897211
4315.4			1.1694725800112795
4316.3			1.4158977124893612
4317.2			1.5285489919904491
4318.1			1.4260060102561052
4319.0			1.331920728335601
4319.9			1.3267886733441703
4320.8			1.3118398838195418
4321.7			1.0
4322.6			0.932618217102786
4323.5			0.7707497543888551
4324.4			0.5761838436805338
4325.3			0.430361653626503
4326.2			0.41966246367475213
4327.1			0.5747532559490441
4328.0			0.8142395515055137
4328.9			0.9648082824089552
4329.8			0.9994767117563744
4330.7			1.0
4331.6			1.0
4332.5			1.0
4333.4			1.0
4334.3			1.0
4335.2			1.0279645279780587
4336.1			0.9945520727275127
4337.0			0.8474484681160059
4337.9			0.7214189532695928
4338.8			0.7027186292184963
4339.7			0.7120548558207727
4340.6			0.7459340005970865
4341.5			0.8611172980871489
4342.4			0.9940828017441242
4343.3			1.0204647112762795
4344.2			0.9888676777412029
4345.1			1.0
4346.0			1.0
4346.9			1.0
4347.8			1.0
4348.7			1.0841122404853487
4349.6			1.1174144480071635
4350.5			0.9980614652656851
4351.4			0.7751538843657579
4352.3			0.6656715032258377
4353.2			0.7348070024903167
4354.1			0.8490580434577903
4355.0			0.9186200218777124
4355.9			0.9871017942307541
4356.8			1.0
4357.7			1.0
4358.6			1.0
4359.5			1.0
4360.4			1.0
4361.3			1.0
4362.2			1.0
4363.1			1.0
4364.0			1.0
4364.9			1.0
4365.8			1.0
4366.7			1.0
4367.6			1.0
4368.5			1.0
4369.4			1.0
4370.3			1.0
4371.2			1.0
4372.1			1.0
4373.0			1.0
4373.9			1.0
4374.8			1.0
4375.7			1.0
4376.6			1.0
4377.5			1.0
4378.4			1.0646763483252961
4379.3			1.0196435919539129
4380.2			0.9564045423742535
4381.1			0.8785536360045654
4382.0			0.7232659888606549
4382.9			0.5208369136266934
4383.8			0.3976484857487705
4384.7			0.46040225811330915
4385.6			0.6878644316872924
4386.5			0.9077256423182775
4387.4			1.0026732345636664
4388.3			1.0117619291559237
4389.2			1.0074576543561142
4390.1			1.0
4391.0			1.0
4391.9			1.0
4392.8			1.0
4393.7			1.0
4394.6			1.0
4395.5			1.0
4396.4			1.0
4397.3			1.0
4398.2			1.0
4399.1			1.0
4400.0			0.8840727888630159
4400.9			0.8123092529166365
4401.8			0.8197032081857157
4402.7			0.7906582334210321
4403.6			0.6377941588329734
4404.5			0.4628982314631499
4405.4			0.4336723219828375
4406.3			0.5399251867729861
4407.2			0.6240734148452552
4408.1			0.6713949511608664
4409.0			0.7814950296291695
4409.9			0.9202349787316493
4410.8			1.0000251129051738
4411.7			1.0
4412.6			1.010607137736346
4413.5			0.9398450803720693
4414.4			0.7491527839900483
4415.3			0.6092290426243182
4416.2			0.676644650523426
4417.1			0.8494900062747806
4418.0			1.0036200217534237
4418.9			1.0
4419.8			1.0
4420.7			1.0
4421.6			1.0
4422.5			1.0
4423.4			0.9731909629296362
4424.3			0.9892331267170267
4425.2			0.9155236819190661
4426.1			0.8409889870385885
4427.0			0.8346941746084835
4427.9			0.9117992498880271
4428.8			1.0081808486712092
4429.7			1.0
4430.6			1.0
4431.5			1.0
4432.4			1.0438602217180606
4433.3			0.9582049255762618
4434.2			0.7700777551432
4435.1			0.6284742726401559
4436.0			0.6596858462811807
4436.9			0.836790415742845
4437.8			1.0037153534778167
4438.7			1.0
4439.6			1.0
4440.5			1.0
4441.4			1.0
4442.3			1.0
4443.2			1.0
4444.1			1.0
4445.0			1.0
4445.9			1.0
4446.8			0.9681500247743384
4447.7			0.9048194126540839
4448.6			0.9193332454501375
4449.5			0.9546477098796354
4450.4			0.9479626506789296
4451.3			0.9279291867156862
4452.2			0.9024914459406935
4453.1			0.8336963605290415
4454.0			0.6960165347919396
4454.9			0.552255093933272
4455.8			0.5375818375294596
4456.7			0.6319281382738041
4457.6			0.6939657220724622
4458.5			0.6951462082030404
4459.4			0.6961873127123387
4460.3			0.6967647140189597
4461.2			0.6597856167274555
4462.1			0.6713273650417189
4463.0			0.8018545264054036
4463.9			0.9482727605485297
4464.8			0.9899243415302073
4465.7			1.0
4466.6			1.0
4467.5			1.0
4468.4			0.9882125894512829
4469.3			0.9197611870129009
4470.2			0.8944895673774449
4471.1			0.9424371307159438
4472.0			0.9983876103592176
4472.9			1.0
4473.8			1.0
4474.7			1.0
4475.6			1.0
4476.5			1.0
4477.4			1.0
4478.3			1.0
4479.2			0.9569208168820482
4480.1			0.8565154855162046
4481.0			0.7623189931468441
4481.9			0.7179892110473131
4482.8			0.764624676211145
4483.7			0.8806737528535153
4484.6			0.986503701060497
4485.5			1.0
4486.4			1.0
4487.3			1.0
4488.2			1.0
4489.1			1.0
4490.0			1.0
4490.9			1.0370730819291878
4491.8			1.115304462132997
4492.7			1.1226696877054168
4493.6			1.0116088071461764
4494.5			0.8578776957937775
4495.4			0.7884957220708564
4496.3			0.8111402559860705
4497.2			0.8610601877865417
4498.1			0.9183804859793567
4499.0			0.9706906974346883
4499.9			0.9890141129745711
4500.8			1.0
4501.7			1.0
4502.6			1.0
4503.5			1.0
4504.4			1.0
4505.3			1.0
4506.2			1.0
4507.1			1.0
4508.0			1.0
4508.9			1.0
4509.8			1.0
4510.7			1.0364316075753564
4511.6			1.009106922915282
4512.5			0.9542716506468757
4513.4			0.9234411539258576
4514.3			0.9328491664681458
4515.2			0.9877178146344556
4516.1			1.0500113494357581
4517.0			1.0550222709016543
4517.9			1.0168154377615644
4518.8			1.0
4519.7			1.0
4520.6			1.0
4521.5			1.0
4522.4			1.0
4523.3			1.0
4524.2			0.9900269543499008
4525.1			0.9467545877506962
4526.0			0.8517825530732215
4526.9			0.7447495063858589
4527.8			0.6825440734402325
4528.7			0.6844731152675001
4529.6			0.7355282938932891
4530.5			0.7801241466429142
4531.4			0.8239854420566112
4532.3			0.8600259088126779
4533.2			0.8397941588086123
4534.1			0.7698135757049809
4535.0			0.6927577565608314
4535.9			1.0
4536.8			1.2404750114250178
4537.7			1.4558872534470995
4538.6			1.476474870063116
4539.5			1.3733736792787565
4540.4			1.2498663689584193
4541.3			1.1853154851983017
4542.2			1.2210051017871972
4543.1			1.278083042250643
4544.0			1.2284438012434375
4544.9			1.127187564610944
4545.8			1.0707185478417283
4546.7			1.0748476038746635
4547.6			1.0781508265629238
4548.5			1.0332208424947849
4549.4			0.9859260261654115
4550.3			1.0093549970546998
4551.2			1.0429483753934081
4552.1			1.013626318160117
4553.0			0.9656580525700212
4553.9			0.9374598683442912
4554.8			0.9025183562237813
4555.7			0.8907500416781925
4556.6			0.9377008522399722
4557.5			1.0102473195212296
4558.4			1.0500568804475556
4559.3			1.0381423886025216
4560.2			0.9998956971256737
4561.1			0.9909389000634393
4562.0			0.9904365036604429
4562.9			1.0
4563.8			1.0
4564.7			1.0
4565.6			1.0
4566.5			1.0
4567.4			1.0
4568.3			1.0
4569.2			1.0
4570.1			0.950556788274062
4571.0			0.8690165035400054
4571.9			0.845529781254926
4572.8			0.9272567053673128
4573.7			0.9999298820552505
4574.6			1.0
4575.5			1.0
4576.4			1.0
4577.3			1.0095299860296598
4578.2			0.9709413817639574
4579.1			0.8992940002547318
4580.0			0.845902845215362
4580.9			0.8317032997699887
4581.8			0.9027763214403056
4582.7			1.006155787325096
4583.6			1.0406893323749393
4584.5			1.0
4585.4			0.9091858325338931
4586.3			0.8713154423966526
4587.2			0.9376428979883518
4588.1			1.0444249035905298
4589.0			1.123246472403843
4589.9			1.1236061560938269
4590.8			1.0508733243245376
4591.7			0.9631340650452773
4592.6			0.9329301231365642
4593.5			0.9423186040786796
4594.4			0.9462069823142495
4595.3			0.9317479177774829
4596.2			0.9356447015527657
4597.1			0.9401241721086976
4598.0			0.9292764916530007
4598.9			0.9387417766217834
4599.8			0.9316421154162633
4600.7			0.8941555939570691
4601.6			0.8931695457909302
4602.5			0.9060218575008766
4603.4			0.9059250267311334
4604.3			0.9029573049252927
4605.2			0.8979266717283474
4606.1			0.9071695292878295
4607.0			0.9324388306035457
4607.9			0.988718252836564
4608.8			1.065400494287645
4609.7			1.0
4610.6			0.965965202195616
4611.5			0.9247243203629175
4612.4			0.9105880752633614
4613.3			0.9090290672145516
4614.2			0.9405786518657268
4615.1			0.9855127403803627
4616.0			0.9936644145013492
4616.9			0.985781642400338
4617.8			1.000090412935634
4618.7			1.0
4619.6			1.0
4620.5			1.0
4621.4			1.0
4622.3			1.0
4623.2			0.9705431388852239
4624.1			0.9745019173248771
4625.0			0.9433634185077083
4625.9			0.9008923605806652
4626.8			0.9212907758261835
4627.7			0.9824715037356292
4628.6			0.9994184693507631
4629.5			1.0
4630.4			1.0
4631.3			1.0
4632.2			1.0
4633.1			1.0
4634.0			1.0
4634.9			1.0
4635.8			1.0
4636.7			1.0
4637.6			1.0
4638.5			1.0
4639.4			0.9851208228943086
4640.3			0.9882834823646574
4641.2			1.0453048020848361
4642.1			1.1085422353587229
4643.0			1.1067444603870609
4643.9			1.0650457322210285
4644.8			1.010892042572518
4645.7			0.9175073574241479
4646.6			0.8290151655637569
4647.5			0.8269336203634019
4648.4			0.888533420627248
4649.3			0.949423021601076
4650.2			0.9927553984034799
4651.1			1.0006778104344087
4652.0			0.9991641012576101
4652.9			1.0
4653.8			0.9857901900452598
4654.7			0.9310903142120707
4655.6			0.9048879025995245
4656.5			0.9340536952473718
4657.4			1.0003189020169028
4658.3			1.0
4659.2			1.0
4660.1			1.0
4661.0			1.0
4661.9			1.0
4662.8			1.0
4663.7			1.0
4664.6			0.9765048060621195
4665.5			0.9387113133623929
4666.4			0.8462328940743828
4667.3			0.7332649526869984
4668.2			0.697153633889896
4669.1			0.7737648930113733
4670.0			0.9038701925494191
4670.9			0.9894867736510601
4671.8			1.0009602924869307
4672.7			1.0
4673.6			1.0
4674.5			1.0
4675.4			1.0
4676.3			1.0
4677.2			1.0141119516354535
4678.1			0.9597925144807941
4679.0			0.9199800050828054
4679.9			0.916921784571722
4680.8			0.9032580164939432
4681.7			0.8897293870425664
4682.6			0.9174517090408693
4683.5			0.9754613944772825
4684.4			0.9978881214445213
4685.3			0.9979046921224384
4686.2			1.0056161695241361
4687.1			1.0
4688.0			1.0
4688.9			1.0
4689.8			1.0
4690.7			1.0
4691.6			1.0
4692.5			1.0
4693.4			1.0
4694.3			1.0
4695.2			1.0
4696.1			1.015705354717751
4697.0			0.9882515815093572
4697.9			0.9283840961080636
4698.8			0.8790568130554679
4699.7			0.889391035283059
4700.6			0.9152133175379287
4701.5			0.896999198359437
4702.4			0.8281418291798355
4703.3			0.797324985736112
4704.2			0.8713131300345016
4705.1			0.9624352921543576
4706.0			0.984173295157937
4706.9			0.9396049681927615
4707.8			0.9116850578118678
4708.7			0.9324806929773771
4709.6			0.9520346019659474
4710.5			1.0067519394032611
4711.4			1.0
4712.3			1.0
4713.2			0.9643565120549321
4714.1			0.9024353831828004
4715.0			0.8750991705055651
4715.9			0.9281520658487296
4716.8			0.9993358532652276
4717.7			1.0
4718.6			1.0
4719.5			1.0
4720.4			1.0
4721.3			1.0
4722.2			1.0
4723.1			1.0
4724.0			1.0
4724.9			1.0579691166779877
4725.8			1.0630738510890887
4726.7			0.990173615080362
4727.6			0.896096282006103
4728.5			0.8553693034702657
4729.4			0.8573655372380806
4730.3			0.8669115680057814
4731.2			0.8944604959442882
4732.1			0.9452815999739431
4733.0			0.985670188057808
4733.9			0.9931510882759285
4734.8			1.0
4735.7			1.0
4736.6			1.0
4737.5			1.0
4738.4			1.0
4739.3			1.0616103878921888
4740.2			1.0272460587011871
4741.1			0.9699966274323591
4742.0			0.96854912030587
4742.9			1.0007347871879506
4743.8			1.0
4744.7			1.0
4745.6			1.0
4746.5			1.0
4747.4			1.0
4748.3			1.0
4749.2			1.0
4750.1			1.0
4751.0			0.9990244565288198
4751.9			0.9717909559148898
4752.8			0.929540791732395
4753.7			0.8942181109241322
4754.6			0.8935194394812003
4755.5			0.9326852281811865
4756.4			0.9648516285914953
4757.3			0.9823097610639613
4758.2			0.9990165518994725
4759.1			1.0
4760.0			1.0
4760.9			1.0
4761.8			1.0
4762.7			0.9568151820239823
4763.6			0.9510154885617221
4764.5			0.9429929815898426
4765.4			0.8939267407331951
4766.3			0.8451279053840164
4767.2			0.859208263305941
4768.1			0.9061079133655922
4769.0			0.9604088972167908
4769.9			0.997058799198367
4770.8			1.0
4771.7			0.9447924245813201
4772.6			0.9264935663445523
4773.5			0.9586436292210309
4774.4			0.9959082881081498
4775.3			0.9910507489532185
4776.2			0.9601872541370001
4777.1			0.9599154430963278
4778.0			0.9718335453829897
4778.9			0.9567629879955382
4779.8			0.9272067588873174
4780.7			0.910985563388235
4781.6			0.8974089345500891
4782.5			0.8462855783936741
4783.4			0.7982209962285121
4784.3			0.8269851370274156
4785.2			0.8811012730002211
4786.1			0.8824160936179332
4787.0			0.8670807160683559
4787.9			0.8722462834746485
4788.8			0.8738897759968822
4789.7			0.8598953248359388
4790.6			0.8633906300753915
4791.5			0.8870863160698258
4792.4			0.9102745967662158
4793.3			0.9361952427320361
4794.2			0.9721699931177724
4795.1			0.9991637048306846
4796.0			1.0
4796.9			0.9793421261572451
4797.8			0.9568265529737051
4798.7			0.9211697482264797
4799.6			0.8880162073888471
4800.5			0.8791400446283988
4801.4			0.9093934320394216
4802.3			0.9694544962718726
4803.2			1.0103457663812503
4804.1			1.0008738943438944
4805.0			1.0
4805.9			1.0
4806.8			1.0
4807.7			1.0
4808.6			1.0
4809.5			1.0
4810.4			1.0
4811.3			1.0
4812.2			1.0
4813.1			1.0
4814.0			1.0
4814.9			1.0
4815.8			1.0
4816.7			1.0
4817.6			1.0
4818.5			1.0
4819.4			1.0
4820.3			1.0
4821.2			0.9982376503553692
4822.1			0.9569165628088153
4823.0			0.8676632160589877
4823.9			0.8217162027652684
4824.8			0.8729855672044318
4825.7			0.9618684073894758
4826.6			1.010290696773275
4827.5			1.0
4828.4			1.0
4829.3			1.0
4830.2			1.0
4831.1			1.0
4832.0			1.0
4832.9			1.0
4833.8			1.0
4834.7			1.024172433859272
4835.6			1.0170346882994719
4836.5			1.00900877551143
4837.4			1.005373986529173
4838.3			0.9850390554574393
4839.2			0.9470319506692324
4840.1			0.9151305419231573
4841.0			0.9157696313668917
4841.9			0.9338057700902791
4842.8			0.9239657788224955
4843.7			0.9107956779743873
4844.6			0.9418374717576938
4845.5			0.9979231134756477
4846.4			1.0
4847.3			1.0
4848.2			1.0
4849.1			1.0
4850.0			1.0
4850.9			1.0
4851.8			1.0
4852.7			1.0
4853.6			1.0
4854.5			1.0
4855.4			1.0
4856.3			1.0
4857.2			1.0
4858.1			1.018442811531738
4859.0			0.9595717599939034
4859.9			0.8647300060167277
4860.8			0.7869558161970897
4861.7			0.7754536097051664
4862.6			0.8466472180222105
4863.5			0.9311970541257544
4864.4			0.972963883086715
4865.3			1.0039132630620011
4866.2			1.0
4867.1			1.0
4868.0			1.0
4868.9			0.9988895922044422
4869.8			0.9758729886081794
4870.7			0.8500956058625465
4871.6			0.7130219508329976
4872.5			0.7314450173707792
4873.4			0.8813756860318638
4874.3			0.9984409143402638
4875.2			1.0
4876.1			1.0
4877.0			1.0
4877.9			1.0
4878.8			1.0
4879.7			1.0
4880.6			1.0
4881.5			1.0
4882.4			1.0
4883.3			1.0
4884.2			1.0
4885.1			1.0
4886.0			1.0
4886.9			1.0
4887.8			1.0057826840806114
4888.7			0.9910217026860213
4889.6			0.9195278178800812
4890.5			0.7740241579378159
4891.4			0.6575533082634932
4892.3			0.7034972969329109
4893.2			0.8531256845244124
4894.1			0.9690199903184269
4895.0			1.0128230045828261
4895.9			1.0
4896.8			1.0
4897.7			1.0
4898.6			1.0
4899.5			1.0
4900.4			1.0
4901.3			1.0
4902.2			1.0
4903.1			1.0
4904.0			1.0
4904.9			1.0
4905.8			1.0
4906.7			1.0
4907.6			0.9955837865852537
4908.5			0.958624177383189
4909.4			0.9043440258535237
4910.3			0.872689951112128
4911.2			0.895748525024072
4912.1			0.9534832851511525
4913.0			0.9958827290042815
4913.9			1.0
4914.8			1.0
4915.7			1.0
4916.6			1.0025567238939417
4917.5			0.948996520769485
4918.4			0.8174500647306041
4919.3			0.6569161821236454
4920.2			0.5670116729527315
4921.1			0.6169173933089551
4922.0			0.7811334232425706
4922.9			0.9421922117265606
4923.8			1.0007445922320035
4924.7			1.0
4925.6			1.0
4926.5			1.0
4927.4			1.0
4928.3			1.0
4929.2			1.0
4930.1			1.0
4931.0			1.0
4931.9			1.0
4932.8			1.0
4933.7			1.0
4934.6			1.0
4935.5			1.0424379786161775
4936.4			1.0372966270702217
4937.3			0.9524532315297399
4938.2			0.8370131171172382
4939.1			0.7695891684281163
4940.0			0.8150167982860705
4940.9			0.9141916163105122
4941.8			0.9684277924726804
4942.7			0.9910177410304606
4943.6			1.0
4944.5			1.0
4945.4			1.0
4946.3			1.0
4947.2			1.0
4948.1			1.0
4949.0			1.0
4949.9			1.0
4950.8			1.0
4951.7			1.0
4952.6			1.0
4953.5			1.0
4954.4			1.0
4955.3			0.9651226419576737
4956.2			0.86437197534266
4957.1			0.6846830409436011
4958.0			0.5905488798706482
4958.9			0.7070669383106578
4959.8			0.8987770404475252
4960.7			0.9982447525803496
4961.6			1.0
4962.5			1.0
4963.4			1.0
4964.3			1.0
4965.2			1.0
4966.1			1.0
4967.0			1.0
4967.9			1.0
4968.8			1.0
4969.7			1.0
4970.6			1.0
4971.5			1.0
4972.4			1.0
4973.3			1.0
4974.2			1.0
4975.1			1.0
4976.0			1.0
4976.9			1.0
4977.8			1.0
4978.7			1.0
4979.6			0.9824327230789386
4980.5			0.9935672218334983
4981.4			0.92681552485893
4982.3			0.7886267511165592
4983.2			0.7263805242969074
4984.1			0.7889590666974851
4985.0			0.8688637213197152
4985.9			0.9245972952188615
4986.8			0.9981614912974017
4987.7			1.0
4988.6			1.0
4989.5			1.0
4990.4			1.0
4991.3			1.0
4992.2			1.0
4993.1			1.0
4994.0			1.0
4994.9			1.0
4995.8			1.0
4996.7			1.0
4997.6			1.0
4998.5			0.9910010813372138
4999.4			0.9245128495683951
5000.3			0.8623495823737354
5001.2			0.8572966526522425
5002.1			0.8772478077811243
5003.0			0.9282324137493513
5003.9			0.9990210874429032
5004.8			1.0
5005.7			1.0
5006.6			1.0
5007.5			1.0
5008.4			1.0
5009.3			1.0
5010.2			1.0356613195810267
5011.1			1.036625139562866
5012.0			0.9769331001933561
5012.9			0.8934046691445484
5013.8			0.8262210884438568
5014.7			0.7966038647454214
5015.6			0.8466896099882676
5016.5			0.9221975379745821
5017.4			0.9503329370882613
5018.3			0.9610869577731171
5019.2			0.9998442457799136
5020.1			1.0
5021.0			1.0
5021.9			1.0
5022.8			1.0
5023.7			1.0
5024.6			1.0
5025.5			1.0
5026.4			0.9823301827425553
5027.3			0.916310471226852
5028.2			0.8700138296922271
5029.1			0.9154332207277125
5030.0			0.9976282731125207
5030.9			1.0
5031.8			1.0
5032.7			1.0
5033.6			1.0
5034.5			1.0
5035.4			1.0
5036.3			1.0
5037.2			1.0
5038.1			1.0429933499132797
5039.0			0.9991484984218131
5039.9			0.883278589098034
5040.8			0.759006159398333
5041.7			0.7182466714306752
5042.6			0.8031130049023876
5043.5			0.9015341888312447
5044.4			0.9539604779277288
5045.3			1.0090017414349033
5046.2			1.0
5047.1			1.0200294394067784
5048.0			0.9687199137766016
5048.9			0.8733764250388546
5049.8			0.7983276536045663
5050.7			0.8017584977413074
5051.6			0.8663208607528043
5052.5			0.9342688484109233
5053.4			0.9718196196783375
5054.3			0.9929291397626272
5055.2			1.0
5056.1			1.0
5057.0			1.0
5057.9			1.0
5058.8			1.0
5059.7			1.0
5060.6			1.0
5061.5			1.026390823728595
5062.4			1.0214511628032734
5063.3			0.9931280385616306
5064.2			0.9252884950849363
5065.1			0.8419439540965421
5066.0			0.844637509844538
5066.9			0.9007320846475274
5067.8			0.9022350466467381
5068.7			0.8787955090464001
5069.6			1.0
5070.5			1.0630580990425371
5071.4			1.054787813513904
5072.3			0.9850253335790145
5073.2			0.9726867829486351
5074.1			1.034975575581432
5075.0			1.0663004404887364
5075.9			1.0191608811481128
5076.8			0.980125267265103
5077.7			1.0125832808504809
5078.6			1.0167856318788613
5079.5			0.9236757808366514
5080.4			0.8467038173889461
5081.3			0.8443689840119217
5082.2			1.0
5083.1			0.9967534886443833
5084.0			1.017712243611332
5084.9			1.0696997006397324
5085.8			1.1365079329828434
5086.7			1.1857870307242002
5087.6			1.178751870837501
5088.5			1.1465815183231287
5089.4			1.1343379322870237
5090.3			1.1309556698646546
5091.2			1.119859491453017
5092.1			1.14101535707961
5093.0			1.2193554695695712
5093.9			1.2562657769847914
5094.8			1.167808482761284
5095.7			1.041829306844692
5096.6			0.9968139585340476
5097.5			1.0183018052492763
5098.4			0.9948438859304265
5099.3			0.9197744471454715
5100.2			0.8972248748403941
5101.1			0.9380732142446354
5102.0			0.972258372217209
5102.9			0.9893721852274534
5103.8			0.98206516675726
5104.7			0.9450085596487896
5105.6			0.9214770968899221
5106.5			0.9085750788894328
5107.4			0.8758423755539266
5108.3			0.8670658273263254
5109.2			0.89066144594581
5110.1			0.8927850682849258
5111.0			0.8806813560599753
5111.9			0.9015810833633756
5112.8			0.9301998940742554
5113.7			1.0
5114.6			1.0403373712478143
5115.5			1.0613258641823262
5116.4			1.0475613662860457
5117.3			1.0606919417315313
5118.2			1.0794156066293616
5119.1			1.0605355275385486
5120.0			1.0135572233926904
5120.9			0.9645021002168713
5121.8			0.9578230129550369
5122.7			0.9635223445532072
5123.6			0.9021900946033886
5124.5			0.8211105582347624
5125.4			0.8091326448443664
5126.3			0.8476670999866402
5127.2			0.8746627078448967
5128.1			0.87862557201065
5129.0			0.8602578922745174
5129.9			0.8270184250747102
5130.8			0.8507546039130927
5131.7			0.952356483151752
5132.6			1.0160717596547646
5133.5			0.9741373048406461
5134.4			0.9255062000096519
5135.3			0.9567627593766219
5136.2			1.0
5137.1			0.9950022049168908
5138.0			0.9466616233378365
5138.9			0.8725794874438966
5139.8			0.8526974333806464
5140.7			0.9466969253251124
5141.6			1.029122303013343
5142.5			1.01042132035892
5143.4			1.0
5144.3			1.0
5145.2			1.0
5146.1			1.0
5147.0			1.0
5147.9			1.0
5148.8			1.0
5149.7			1.0
5150.6			1.0
5151.5			0.9787311385482104
5152.4			0.9487931172561559
5153.3			0.8929908706497519
5154.2			0.8379431043222516
5155.1			0.847229622589484
5156.0			0.9251002881575483
5156.9			0.9972514605354824
5157.8			1.0
5158.7			1.0
5159.6			1.0
5160.5			1.0
5161.4			1.0
5162.3			1.0
5163.2			1.0
5164.1			1.0
5165.0			1.0
5165.9			1.0
5166.8			1.0
5167.7			1.0
5168.6			1.0
5169.5			1.1388897410696275
5170.4			1.1760955009204694
5171.3			1.001388149152413
5172.2			0.7412116030684436
5173.1			0.5928823013296822
5174.0			0.6336009227187133
5174.9			0.7894964192831645
5175.8			0.920288922770474
5176.7			0.964918103303624
5177.6			1.0
5178.5			0.9816198201997319
5179.4			0.9459085650949379
5180.3			0.8814796142499431
5181.2			0.7703488000100303
5182.1			0.6354876806470413
5183.0			0.5136687791831964
5183.9			0.443307406523475
5184.8			0.48491691072445675
5185.7			0.6380049921243953
5186.6			0.8136488402203756
5187.5			0.9294090871426409
5188.4			0.9678160061277827
5189.3			1.0
5190.2			1.0600301462776633
5191.1			1.0228491397682327
5192.0			0.8866909417739233
5192.9			0.8177543553192785
5193.8			0.8967427936834637
5194.7			0.9859347626789707
5195.6			1.0048854322285192
5196.5			1.0
5197.4			1.0
5198.3			1.0
5199.2			1.0
5200.1			1.0
5201.0			1.0
5201.9			0.9625220456343291
5202.8			0.9118519988323243
5203.7			0.8320625147313486
5204.6			0.7037409355336693
5205.5			0.5804891902526721
5206.4			0.5440415506239193
5207.3			0.5634676205473504
5208.2			0.5552007420093505
5209.1			0.5381949873629109
5210.0			0.5876975954627605
5210.9			0.7372437571033591
5211.8			0.9522388598983804
5212.7			1.1273383132513077
5213.6			1.1941894838124212
5214.5			1.1596481293009793
5215.4			1.0736677894837188
5216.3			1.0082102684019714
5217.2			1.0
5218.1			1.0
5219.0			1.0
5219.9			1.0
5220.8			1.0
5221.7			1.0
5222.6			1.0
5223.5			0.952463383608878
5224.4			0.8744596624820388
5225.3			0.8061359323286108
5226.2			0.7371092714209869
5227.1			0.6677700814684496
5228.0			0.6942578802690379
5228.9			0.8311683144444459
5229.8			0.9438744598232328
5230.7			0.9934595942977692
5231.6			1.0
5232.5			1.0
5233.4			1.0
5234.3			1.0
5235.2			1.0
5236.1			1.0
5237.0			1.0
5237.9			1.0
5238.8			1.0
5239.7			1.0
5240.6			1.0
5241.5			0.9972134014695428
5242.4			0.9843721145303859
5243.3			0.9779268158642703
5244.2			1.000127324763928
5245.1			1.0464861134821035
5246.0			1.0352405356221597
5246.9			0.9486731443104448
5247.8			0.8862938021708324
5248.7			0.9182200653560603
5249.6			0.9545595810711576
5250.5			0.926117905270908
5251.4			0.9037172983147236
5252.3			0.9334504586244246
5253.2			0.9695286791240482
5254.1			0.975250333944388
5255.0			0.9468761987297258
5255.9			0.9499003898348441
5256.8			1.019098734826701
5257.7			1.0984025733088714
5258.6			1.129175172395076
5259.5			1.1206118073642481
5260.4			1.0
5261.3			0.923930917492191
5262.2			0.8264677683381473
5263.1			0.7293171949650784
5264.0			0.6638738747393906
5264.9			0.6300392466504812
5265.8			0.5963079712492493
5266.7			0.5876501537537197
5267.6			0.6416567490886856
5268.5			0.6469067596093515
5269.4			0.5250311119542215
5270.3			0.432926655461506
5271.2			0.5165883677173577
5272.1			0.6772075451565758
5273.0			0.7723144819723213
5273.9			0.8121881993582911
5274.8			0.8292987550167481
5275.7			0.8155900816557553
5276.6			0.8384628185472126
5277.5			0.9224237641070574
5278.4			0.9889472478834876
5279.3			1.0
5280.2			0.9603049583901269
5281.1			0.8824178778686511
5282.0			0.8029361120400929
5282.9			0.747913416712638
5283.8			0.730604125180313
5284.7			0.777362569865272
5285.6			0.8852065690903705
5286.5			0.9740030881707606
5287.4			1.0000863055358846
5288.3			1.0
5289.2			1.0
5290.1			1.0
5291.0			1.0
5291.9			1.0
5292.8			1.0
5293.7			1.0
5294.6			1.0051587396634907
5295.5			0.9914649808243867
5296.4			0.924026872077884
5297.3			0.8129416704860025
5298.2			0.744493034376069
5299.1			0.8063546342125586
5300.0			0.933186020664547
5300.9			0.9988320357754256
5301.8			0.9966778274125433
5302.7			1.0
5303.6			1.0
5304.5			1.0
5305.4			1.0
5306.3			1.0
5307.2			1.0
5308.1			1.0
5309.0			1.0
5309.9			1.0
5310.8			1.0
5311.7			1.0
5312.6			1.0
5313.5			1.0
5314.4			1.0
5315.3			1.0
5316.2			1.0
5317.1			1.0
5318.0			1.0
5318.9			1.0
5319.8			1.0
5320.7			1.0
5321.6			1.0
5322.5			1.0
5323.4			1.0
5324.3			1.0
5325.2			0.9575020529965677
5326.1			0.9921182389825515
5327.0			0.9237675247168237
5327.9			0.7161193470076501
5328.8			0.5771782431890714
5329.7			0.6527323918841714
5330.6			0.8411957723375598
5331.5			0.9718695050189815
5332.4			0.9907884125648367
5333.3			1.0
5334.2			1.0
5335.1			1.0
5336.0			1.0
5336.9			1.0
5337.8			1.0
5338.7			0.9837520450049769
5339.6			0.9026268129731742
5340.5			0.7864767639643004
5341.4			0.7630019462349943
5342.3			0.8578310168251754
5343.2			0.9566549376753621
5344.1			0.9982305075899052
5345.0			1.0
5345.9			1.0
5346.8			1.0
5347.7			1.0
5348.6			1.0
5349.5			1.0
5350.4			1.0
5351.3			1.0
5352.2			1.0
5353.1			1.0
5354.0			1.0
5354.9			1.0
5355.8			1.0
5356.7			1.0
5357.6			1.0
5358.5			1.0
5359.4			1.0
5360.3			1.0
5361.2			1.0
5362.1			1.0
5363.0			1.0
5363.9			1.0
5364.8			1.0
5365.7			1.0
5366.6			1.0
5367.5			1.0
5368.4			0.9792930430211412
5369.3			0.9327517108393001
5370.2			0.8120781591767622
5371.1			0.6746092599494252
5372.0			0.6375704548884785
5372.9			0.7445272702906257
5373.8			0.8842595525798377
5374.7			0.9640120685014706
5375.6			0.9921036635948556
5376.5			1.0
5377.4			1.0
5378.3			1.0
5379.2			1.0
5380.1			1.0
5381.0			1.0
5381.9			0.9753346456692779
5382.8			0.9236856330083708
5383.7			0.883223607585003
5384.6			0.9167435848294285
5385.5			0.995392858247476
5386.4			1.0
5387.3			1.0
5388.2			1.0
5389.1			1.0
5390.0			1.0
5390.9			1.0
5391.8			1.0
5392.7			1.0
5393.6			1.0
5394.5			1.0
5395.4			1.0
5396.3			1.0
5397.2			1.0
5398.1			1.0
5399.0			1.0
5399.9			1.0
5400.8			1.0
5401.7			1.0
5402.6			1.0477932634746459
5403.5			1.0242055723810017
5404.4			0.9041938985916511
5405.3			0.781165040667007
5406.2			0.7522280895742288
5407.1			0.8571551733086077
5408.0			1.0129639665973178
5408.9			1.0599561714803998
5409.8			0.9915846519487892
5410.7			1.0
5411.6			1.0
5412.5			1.0
5413.4			1.0
5414.3			1.0
5415.2			1.0
5416.1			1.0
5417.0			1.0
5417.9			1.0
5418.8			1.0
5419.7			1.0
5420.6			1.0
5421.5			1.0
5422.4			1.0
5423.3			1.0
5424.2			1.0
5425.1			1.0
5426.0			1.0
5426.9			1.0
5427.8			1.0291892107357838
5428.7			0.9482882697583225
5429.6			0.8043245184954705
5430.5			0.7790427291182905
5431.4			0.9074515260471379
5432.3			1.0098295655634024
5433.2			0.9991700186372892
5434.1			1.0
5435.0			1.0
5435.9			1.0
5436.8			1.0
5437.7			1.0
5438.6			1.0
5439.5			1.0
5440.4			1.0
5441.3			1.0
5442.2			1.0
5443.1			1.0
5444.0			1.0
5444.9			0.93429696222346
5445.8			0.8209151452485305
5446.7			0.7108394210390873
5447.6			0.6943938393736815
5448.5			0.8070135939285447
5449.4			0.939953917990823
5450.3			1.00008874396884
5451.2			1.0
5452.1			1.0
5453.0			1.0
5453.9			1.0
5454.8			1.0
5455.7			1.0
5456.6			1.0
5457.5			1.0
5458.4			1.0
5459.3			1.0
5460.2			1.0
5461.1			0.967052677395428
5462.0			0.9273701429711785
5462.9			0.8786813455386762
5463.8			0.8599459281097872
5464.7			0.9188345950852526
5465.6			0.9905358168348497
5466.5			1.0095789060674991
5467.4			1.0
5468.3			1.0
5469.2			1.0
5470.1			1.0
5471.0			1.0
5471.9			1.0
5472.8			1.0
5473.7			1.0
5474.6			0.9694511676736475
5475.5			0.9551364192779742
5476.4			0.8826519694857605
5477.3			0.8169969108757497
5478.2			0.8676223039835728
5479.1			0.9690297814642976
5480.0			1.0004552933489022
5480.9			1.0
5481.8			1.0
5482.7			1.0
5483.6			1.0
5484.5			1.0
5485.4			1.0
5486.3			1.0
5487.2			1.0
5488.1			1.0
5489.0			1.0
5489.9			1.0
5490.8			1.0
5491.7			1.0
5492.6			1.0
5493.5			1.0
5494.4			1.0
5495.3			1.0
5496.2			1.0
5497.1			1.0
5498.0			1.0
5498.9			1.0
5499.8			1.0
5500.7			1.0
5501.6			1.0
5502.5			1.0
5503.4			1.0
5504.3			1.0
5505.2			1.0
5506.1			1.0
5507.0			1.0
5507.9			1.0
5508.8			1.0691957422049487
5509.7			1.0827056226236031
5510.6			1.0443547530364596
5511.5			0.9808201470432034
5512.4			0.9098977549197798
5513.3			0.8723641880279808
5514.2			0.8826987816239303
5515.1			0.9120741436659687
5516.0			0.9452001262384945
5516.9			0.9703457556994903
5517.8			0.998074399851925
5518.7			1.0
5519.6			1.0
5520.5			1.0
5521.4			1.0
5522.3			1.0
5523.2			1.0
5524.1			1.0
5525.0			1.0
5525.9			0.9825525296864328
5526.8			0.9443040715019619
5527.7			0.8614809575122055
5528.6			0.790386063739204
5529.5			0.8329778572831847
5530.4			0.9421348319682509
5531.3			1.0004128754259587
5532.2			1.0
5533.1			1.0
5534.0			1.0
5534.9			1.0
5535.8			1.0
5536.7			1.0
5537.6			1.0
5538.5			1.0
5539.4			1.0
5540.3			1.0
5541.2			1.0
5542.1			1.0
5543.0			1.0
5543.9			1.0
5544.8			1.0
5545.7			1.0
5546.6			1.0
5547.5			1.0
5548.4			1.0
5549.3			1.0
5550.200000000001			1.0
5551.1			1.0
5552.0			1.0
5552.9			1.0
5553.8			1.0
5554.700000000001			1.0
5555.6			1.0
5556.5			1.0
5557.4			1.0
5558.3			1.0
5559.200000000001			1.0
5560.1			1.0
5561.0			1.0
5561.9			1.0
5562.8			1.0
5563.700000000001			1.0
5564.6			1.0
5565.5			1.0
5566.4			1.0
5567.3			1.0062200211763008
5568.200000000001			1.010838070008116
5569.1			0.9632811132977529
5570.0			0.9320458030348803
5570.9			0.9649587303011326
5571.8			0.9573693075426406
5572.700000000001			0.9013652292970691
5573.6			0.9155059905131422
5574.5			0.9707971576901303
5575.4			0.9716161576004536
5576.3			0.9617336365747422
5577.200000000001			0.9853740837972229
5578.1			1.0021591427101282
5579.0			1.0
5579.9			1.0
5580.8			1.0
5581.700000000001			1.0
5582.6			0.994620416290432
5583.5			1.007708974121993
5584.4			0.999015526670086
5585.3			0.9461223272471663
5586.200000000001			0.8634927537195212
5587.1			0.7980903867997314
5588.0			0.7785060745813766
5588.9			0.8026106367326029
5589.8			0.8688427254340338
5590.700000000001			0.9587922489513205
5591.6			1.022022786103613
5592.5			1.028754355232455
5593.4			1.0032611507702487
5594.3			1.0
5595.200000000001			1.0
5596.1			1.0
5597.0			1.0144229938975926
5597.9			0.9502515028266065
5598.8			0.9017952563777699
5599.700000000001			0.9096722165830967
5600.6			0.9057466660676592
5601.5			0.8708863860879422
5602.4			0.8423925621804546
5603.3			0.8543188788531446
5604.200000000001			0.9146992527552357
5605.1			0.9799600354459745
5606.0			1.0052699955250193
5606.9			1.004516216141107
5607.8			0.9999603682047903
5608.700000000001			1.0
5609.6			1.0
5610.5			1.0
5611.4			1.0
5612.3			1.0
5613.200000000001			0.9901672041362379
5614.1			0.922480067120057
5615.0			0.8049834089330493
5615.9			0.753864094727782
5616.8			0.829228205287528
5617.700000000001			0.9404450914089988
5618.6			1.0038344288585896
5619.5			1.0
5620.4			1.0
5621.3			1.0
5622.200000000001			1.0288036552011877
5623.1			1.0050768436052246
5624.0			0.9303139725139593
5624.9			0.8868205260930094
5625.8			0.91268503098515
5626.700000000001			0.9621642066896327
5627.6			0.999923003623372
5628.5			1.0
5629.4			1.0
5630.3			1.0
5631.200000000001			1.0
5632.1			1.0
5633.0			1.0
5633.9			1.0
5634.8			1.0
5635.700000000001			1.0
5636.6			1.0
5637.5			1.0
5638.4			1.0
5639.3			1.0
5640.200000000001			1.0
5641.1			1.0
5642.0			1.0
5642.9			1.0
5643.8			1.0
5644.700000000001			1.0
5645.6			1.0
5646.5			1.0
5647.4			1.0
5648.3			1.0
5649.200000000001			1.0
5650.1			1.0
5651.0			1.0
5651.9			1.0
5652.8			1.0
5653.700000000001			1.0
5654.6			1.0
5655.5			1.0
5656.4			1.0167237369953288
5657.3			1.0075924652699202
5658.200000000001			0.9321486431542821
5659.1			0.894115884566708
5660.0			0.9540722241252024
5660.9			1.0082914204609195
5661.8			0.9980590492860913
5662.700000000001			1.0
5663.6			1.0
5664.5			1.0
5665.4			1.0
5666.3			1.0
5667.200000000001			1.0
5668.1			1.0
5669.0			1.0
5669.9			1.0
5670.8			1.0
5671.700000000001			1.0
5672.6			1.0
5673.5			1.0
5674.4			1.0
5675.3			1.0
5676.200000000001			1.0
5677.1			1.0
5678.0			1.0
5678.9			1.0
5679.8			1.0
5680.700000000001			1.0
5681.6			1.0
5682.5			1.0
5683.4			1.0
5684.3			1.0241686588956684
5685.200000000001			1.0569205626311429
5686.1			1.0398423169115893
5687.0			0.9788217038631327
5687.9			0.9324000074504916
5688.8			0.9335549200583722
5689.700000000001			0.9602215084244885
5690.6			0.9844744472262543
5691.5			0.9984670475703373
5692.4			1.0
5693.3			1.0
5694.200000000001			1.0
5695.1			1.0
5696.0			1.0
5696.9			1.0
5697.8			1.0
5698.700000000001			1.0
5699.6			1.0
5700.5			1.0
5701.4			1.0
5702.3			1.0
5703.200000000001			1.0
5704.1			1.0267111259022264
5705.0			1.0338448699316438
5705.9			1.004642910224659
5706.8			0.9588509664497987
5707.700000000001			0.9319526078211107
5708.6			0.905282691333911
5709.5			0.8813828047039747
5710.4			0.8675381803372388
5711.3			0.8611175557345622
5712.200000000001			0.8811508077923051
5713.1			0.9322947249784975
5714.0			0.9812395213121915
5714.9			0.9934040408100611
5715.8			0.9914908696264491
5716.700000000001			0.9959780162153978
5717.6			0.9969726351125866
5718.5			0.9998083292873889
5719.4			1.0
5720.3			1.0
5721.200000000001			1.0
5722.1			1.0
5723.0			1.0
5723.9			1.0
5724.8			1.0
5725.700000000001			1.0
5726.6			1.0
5727.5			1.0
5728.4			1.0
5729.3			1.0
5730.200000000001			1.0
5731.1			1.0
5732.0			1.0
5732.9			1.0
5733.8			1.0
5734.700000000001			1.0
5735.6			1.0
5736.5			1.0
5737.4			1.0
5738.3			1.0
5739.200000000001			1.0
5740.1			1.0
5741.0			1.0
5741.9			1.0
5742.8			1.0
5743.700000000001			1.0
5744.6			1.0
5745.5			1.0
5746.4			1.0
5747.3			1.0
5748.200000000001			1.0
5749.1			1.0
5750.0			1.0
5750.9			1.0
5751.8			1.0
5752.700000000001			1.0
5753.6			1.0
5754.5			1.0
5755.4			1.0
5756.3			1.0
5757.200000000001			1.0
5758.1			1.0
5759.0			1.0
5759.9			1.0
5760.8			1.0
5761.700000000001			1.0
5762.6			1.0
5763.5			1.0
5764.4			1.0
5765.3			1.0
5766.200000000001			1.0
5767.1			1.0
5768.0			1.0
5768.9			1.0
5769.8			1.0
5770.700000000001			1.0
5771.6			1.0
5772.5			1.0
5773.4			1.0
5774.3			1.0
5775.200000000001			1.0
5776.1			1.0
5777.0			1.0
5777.9			1.0124597786265523
5778.8			1.0100295583716068
5779.700000000001			0.9853259937461404
5780.6			0.9428657470910435
5781.5			0.8977150026462208
5782.4			0.8823613127652836
5783.3			0.8947665073286336
5784.200000000001			0.8926798942758999
5785.1			0.8717561051279031
5786.0			0.8792166015349121
5786.9			0.9271950618593652
5787.8			0.978237664538724
5788.700000000001			1.0012308732060033
5789.6			0.9903275149345806
5790.5			0.9651144949794825
5791.4			0.9664334984268256
5792.3			1.0016378559886463
5793.200000000001			1.0
5794.1			1.0
5795.0			1.0
5795.9			1.0
5796.8			1.0
5797.700000000001			1.0
5798.6			1.0
5799.5			1.0
5800.4			1.0
5801.3			1.0
5802.200000000001			1.0
5803.1			1.0
5804.0			1.0
5804.9			1.0
5805.8			1.0
5806.700000000001			1.0
5807.6			1.0
5808.5			1.0
5809.4			1.0
5810.3			1.0
5811.200000000001			1.0
5812.1			1.0
5813.0			1.0
5813.9			1.0
5814.8			1.0
5815.700000000001			1.0
5816.6			1.0
5817.5			1.0
5818.4			1.0
5819.3			1.0
5820.200000000001			1.0
5821.1			1.0
5822.0			1.0
5822.9			1.0
5823.8			1.0
5824.700000000001			1.0
5825.6			1.0
5826.5			1.0
5827.4			1.0
5828.3			1.0
5829.200000000001			1.0
5830.1			1.0
5831.0			1.0
5831.9			1.0
5832.8			1.0
5833.700000000001			1.0
5834.6			1.0
5835.5			1.0
5836.4			1.0
5837.3			1.0
5838.200000000001			1.0
5839.1			1.0
5840.0			1.0
5840.9			1.0
5841.8			1.0
5842.700000000001			1.0
5843.6			1.0
5844.5			1.0
5845.4			1.0
5846.3			1.0
5847.200000000001			1.0
5848.1			1.0
5849.0			1.0
5849.9			1.0
5850.8			1.0
5851.700000000001			1.0
5852.6			1.0
5853.5			1.0
5854.4			1.0
5855.3			1.0085220591801156
5856.200000000001			0.9885164610665416
5857.1			0.9172327028665771
5858.0			0.8742425996838186
5858.9			0.9061618834017532
5859.8			0.9605534007953365
5860.700000000001			1.0001282597005348
5861.6			1.0
5862.5			1.0
5863.4			1.0
5864.3			1.0
5865.200000000001			1.0
5866.1			1.0
5867.0			1.0
5867.9			1.0
5868.8			1.0
5869.700000000001			1.0
5870.6			1.0
5871.5			1.0
5872.4			1.0
5873.3			1.0
5874.200000000001			1.0
5875.1			1.0
5876.0			1.0
5876.9			1.0
5877.8			1.0
5878.700000000001			1.0
5879.6			0.9783759987362072
5880.5			0.9709501712077941
5881.4			0.9778686349848259
5882.3			0.9847768039545285
5883.200000000001			0.9752815141967571
5884.1			0.9389791324827411
5885.0			0.8964289694917493
5885.9			0.8624825187534081
5886.8			0.8045595362729121
5887.700000000001			0.6842002376219731
5888.6			0.5242444617524122
5889.5			0.38684024972938397
5890.4			0.3309492878118967
5891.3			0.3881057854357116
5892.200000000001			0.5057387167452706
5893.1			0.5988234613957875
5894.0			0.61680640779754
5894.9			0.5376624814069968
5895.8			0.42797805370713154
5896.700000000001			0.42329809466612806
5897.6			0.5580972374596602
5898.5			0.7234875708765782
5899.4			0.8412573069960912
5900.3			0.9318951844340456
5901.200000000001			1.0038203789123363
5902.1			1.0
5903.0			1.0
5903.9			1.0
5904.8			1.0
5905.700000000001			1.0
5906.6			1.0
5907.5			1.0
5908.4			1.0
5909.3			1.0
5910.200000000001			1.0
5911.1			1.0
5912.0			1.0
5912.9			1.0
5913.8			1.0
5914.700000000001			1.0
5915.6			1.0
5916.5			1.0
5917.4			1.0
5918.3			1.0
5919.200000000001			1.0
5920.1			1.0
5921.0			1.0
5921.9			1.0
5922.8			1.0
5923.700000000001			1.0
5924.6			1.0
5925.5			1.0
5926.4			1.0
5927.3			1.0
5928.200000000001			1.0
5929.1			1.0
5930.0			1.0
5930.9			1.0
5931.8			1.0
5932.700000000001			1.0
5933.6			1.0
5934.5			1.0
5935.4			1.0
5936.3			1.0
5937.200000000001			1.0
5938.1			1.0
5939.0			1.0
5939.9			1.0
5940.8			1.0
5941.700000000001			1.0
5942.6			1.0
5943.5			1.0
5944.4			1.0
5945.3			1.0
5946.200000000001			1.0
5947.1			1.0
5948.0			1.0
5948.9			1.0
5949.8			1.0
5950.700000000001			1.0
5951.6			1.0
5952.5			1.0
5953.4			1.0
5954.3			1.0
5955.200000000001			1.0
5956.1			1.0
5957.0			1.0
5957.9			1.0
5958.8			1.0
5959.700000000001			1.0
5960.6			1.0
5961.5			1.0
5962.4			1.0
5963.3			1.0
5964.200000000001			1.0
5965.1			1.0
5966.0			1.0
5966.9			1.0
5967.8			1.0
5968.700000000001			1.0
5969.6			1.0
5970.5			1.0
5971.4			1.0
5972.3			1.0
5973.200000000001			1.0
5974.1			1.0
5975.0			1.0
5975.9			1.0
5976.8			1.0
5977.700000000001			1.0
5978.6			1.0
5979.5			1.0
5980.4			1.0
5981.3			1.0
5982.200000000001			1.0
5983.1			1.0
5984.0			1.0
5984.9			1.0
5985.8			1.0
5986.700000000001			1.0
5987.6			1.0
5988.5			1.0
5989.4			1.0
5990.3			1.0
5991.200000000001			1.0
5992.1			1.0
5993.0			1.0
5993.9			1.0
5994.8			1.0
5995.700000000001			1.0
5996.6			1.0
5997.5			1.0
5998.4			1.0
5999.3			1.0
6000.200000000001			1.0
6001.1			1.0
6002.0			1.0
6002.9			1.0
6003.8			1.0
6004.700000000001			1.0
6005.6			1.0
6006.5			1.0
6007.4			1.0
6008.3			1.0
6009.200000000001			1.0
6010.1			1.0
6011.0			1.0
6011.9			1.0
6012.8			1.0
6013.700000000001			1.0
6014.6			1.0
6015.5			1.0
6016.4			1.0
6017.3			1.0
6018.200000000001			1.0
6019.1			1.0
6020.0			1.0
6020.9			1.0
6021.8			1.0
6022.700000000001			1.0
6023.6			1.0
6024.5			1.0
6025.4			1.0
6026.3			1.0
6027.200000000001			1.0
6028.1			1.0
6029.0			1.0
6029.9			1.0
6030.8			1.0
6031.700000000001			1.0
6032.6			1.0
6033.5			1.0
6034.4			1.0
6035.3			1.0
6036.200000000001			1.0
6037.1			1.0
6038.0			1.0
6038.9			1.0
6039.8			1.0
6040.700000000001			1.0
6041.6			1.0
6042.5			1.0
6043.4			1.0
6044.3			1.0
6045.200000000001			1.0
6046.1			1.0
6047.0			1.0
6047.9			1.0
6048.8			1.0
6049.700000000001			1.0
6050.6			1.0
6051.5			1.0
6052.4			1.0
6053.3			1.0
6054.200000000001			1.0
6055.1			1.0
6056.0			1.0
6056.9			1.0
6057.8			1.0
6058.700000000001			1.0
6059.6			1.0
6060.5			1.0
6061.4			1.0
6062.3			1.0
6063.200000000001			1.0
6064.1			1.0
6065.0			1.0
6065.9			1.0
6066.8			1.0
6067.700000000001			1.0
6068.6			1.0
6069.5			1.0
6070.4			1.0
6071.3			1.0
6072.200000000001			1.0
6073.1			1.0
6074.0			1.0
6074.9			1.0
6075.8			1.0
6076.700000000001			1.0
6077.6			1.0
6078.5			1.0
6079.4			1.0
6080.3			1.0
6081.200000000001			1.0
6082.1			1.0
6083.0			1.0
6083.9			1.0
6084.8			1.0
6085.700000000001			1.0
6086.6			1.0
6087.5			1.0
6088.4			1.0
6089.3			1.0
6090.200000000001			1.0
6091.1			1.0
6092.0			1.0
6092.9			1.0
6093.8			1.0
6094.700000000001			1.0
6095.6			1.0
6096.5			1.0
6097.4			1.0
6098.3			1.0
6099.200000000001			1.0
6100.1			1.0149286685505323
6101.0			1.0093732354816467
6101.9			0.9226525502441192
6102.8			0.8076347008933266
6103.700000000001			0.8145615493303492
6104.6			0.9265427802602626
6105.5			1.0013141693404466
6106.4			1.0
6107.3			1.0
6108.200000000001			1.0
6109.1			1.0
6110.0			1.0
6110.9			1.0
6111.8			1.0
6112.700000000001			1.0
6113.6			1.0
6114.5			1.0
6115.4			1.0
6116.3			1.0
6117.200000000001			1.0
6118.1			1.0
6119.0			1.0
6119.9			0.9806621124704076
6120.8			0.9253949852483548
6121.700000000001			0.8254994677114804
6122.6			0.7572191338221846
6123.5			0.8132555019624486
6124.4			0.9308390536461435
6125.3			0.9999968325594188
6126.200000000001			1.0
6127.1			1.0
6128.0			1.0
6128.9			1.0
6129.8			1.0
6130.700000000001			1.0
6131.6			1.0
6132.5			1.0
6133.4			1.0
6134.3			1.0
6135.200000000001			0.9420672938091709
6136.1			0.8566436932606564
6137.0			0.7730190912032616
6137.9			0.7711406789130477
6138.8			0.8596370246648916
6139.700000000001			0.9565372616440706
6140.6			0.9992005459457534
6141.5			1.0
6142.4			1.0
6143.3			1.0177767121271653
6144.200000000001			1.0425105586157644
6145.1			1.039180596950862
6146.0			1.0346798766950869
6146.9			1.0491724732557013
6147.8			1.0457488281235305
6148.700000000001			1.0336685777824537
6149.6			1.019077175402147
6150.5			0.9987114927707439
6151.4			1.0
6152.3			1.0
6153.200000000001			1.0
6154.1			1.0
6155.0			1.0
6155.9			1.0
6156.8			1.0
6157.700000000001			1.0
6158.6			1.0
6159.5			1.0
6160.4			0.9280479539563895
6161.3			0.7597295720670394
6162.200000000001			0.6146281382319366
6163.1			0.6157563766909605
6164.0			0.7444154454567862
6164.9			0.8810541171694497
6165.8			0.9392789392023135
6166.700000000001			0.9420317382711113
6167.6			0.9422688289503685
6168.5			0.9131385804206934
6169.4			0.8194465480540387
6170.3			0.7782489394630612
6171.200000000001			0.8534580399328388
6172.1			0.946201214077476
6173.0			0.9788619512784345
6173.9			0.9801635203971479
6174.8			0.9907359312419739
6175.700000000001			0.9909745369892604
6176.6			0.9900559226768924
6177.5			0.9956772743611603
6178.4			0.9999288488388056
6179.3			0.9999462167440339
6180.200000000001			0.9887723937659556
6181.1			0.9982785507247209
6182.0			1.0168619140722428
6182.9			1.0212875140731634
6183.8			1.0215047316522783
6184.700000000001			1.0202687589769597
6185.6			1.0083430092463779
6186.5			0.994825381204281
6187.4			0.9839760164656752
6188.3			0.9667970330183205
6189.200000000001			0.9580781190275816
6190.1			0.9555371220590128
6191.0			0.9162181492314655
6191.9			0.8682102649578801
6192.8			0.8909944969580605
6193.700000000001			0.9623895979066767
6194.6			0.9997636998782535
6195.5			0.999831606424831
6196.4			1.0071216549391337
6197.3			1.015468567929384
6198.200000000001			1.0128887848580639
6199.1			0.9763750144264322
6200.0			0.930263319911925
6200.9			0.9385626264643013
6201.8			0.9872251789473027
6202.700000000001			1.0131876320762174
6203.6			1.0157645965653275
6204.5			1.013751846149669
6205.4			1.0048100167998644
6206.3			1.0
6207.200000000001			1.0013664508353908
6208.1			1.006483409673553
6209.0			1.01432286288419
6209.9			1.0063405829029122
6210.8			0.9864365548338505
6211.700000000001			0.9816732771837989
6212.6			0.9749520478297007
6213.5			0.9353401373947318
6214.4			0.9044394300123618
6215.3			0.9008018388882987
6216.200000000001			0.8983805125868206
6217.1			0.9133931587529889
6218.0			0.9441418357887582
6218.9			0.9480315533688572
6219.8			0.9209449651594529
6220.700000000001			0.906561980703619
6221.6			0.9234789268269771
6222.5			0.9659597781343287
6223.4			0.9918071561714576
6224.3			0.9838512552643401
6225.200000000001			0.9793667938272302
6226.1			0.9842216088264251
6227.0			0.9922401687550889
6227.9			0.9987095999676058
6228.8			0.9904822003576741
6229.700000000001			0.9439720329692824
6230.6			0.8736573928197087
6231.5			0.8485928347073546
6232.4			0.8814332266295697
6233.3			0.9225502818183194
6234.200000000001			0.9713581222427903
6235.1			1.0214936206817304
6236.0			1.0391940074246622
6236.9			1.029867669176478
6237.8			1.0194250313427577
6238.700000000001			1.0028944110002478
6239.6			0.9725464016871864
6240.5			0.945581529163445
6241.4			0.9504399667869636
6242.3			0.9524525086057153
6243.200000000001			0.9202339141352531
6244.1			0.9083165508946682
6245.0			0.9339676212871898
6245.9			1.0
6246.8			0.9951393472014888
6247.700000000001			1.0359346587986515
6248.6			1.0919020598643538
6249.5			1.1015203290493565
6250.4			1.0815715041668459
6251.3			1.0541080018657376
6252.200000000001			0.9909283064199647
6253.1			0.9331954521568333
6254.0			0.928657522724901
6254.9			0.9621907598836392
6255.8			0.985932918375356
6256.700000000001			0.9755267533716914
6257.6			0.9404190384381768
6258.5			0.8931274993598274
6259.4			0.8882059170190539
6260.3			0.9486003774106998
6261.200000000001			1.002065459911567
6262.1			1.0345201874881709
6263.0			1.066192627396801
6263.9			1.0768865888354158
6264.8			1.0458351422707457
6265.700000000001			0.9986964599156992
6266.6			1.0098988884980344
6267.5			1.058891489248234
6268.4			1.0687057654536407
6269.3			1.0465848353433587
6270.200000000001			1.0414273695946146
6271.1			1.0494869626346992
6272.0			1.0680238366631947
6272.9			1.0845545006078827
6273.8			1.0760452895955543
6274.700000000001			1.0621582194068178
6275.6			1.0680824013649226
6276.5			1.066919834260883
6277.4			1.0381171329250845
6278.3			1.0297251829435525
6279.200000000001			1.057891561077475
6280.1			1.056017662686582
6281.0			1.0185582998205684
6281.9			1.0123120266631571
6282.8			1.03767050339146
6283.700000000001			1.0660038054680079
6284.6			1.0766090838645461
6285.5			1.068983730023612
6286.4			1.0649398482777037
6287.3			1.0741647027199266
6288.200000000001			1.091036969835235
6289.1			1.104720448965661
6290.0			1.0903359383943838
6290.9			1.056521132087638
6291.8			1.0407808504964382
6292.700000000001			1.0265000554148538
6293.6			1.0146753514770999
6294.5			1.0300522247506816
6295.4			1.0447510669982392
6296.3			1.018650556162059
6297.200000000001			0.9813026867593558
6298.1			0.9815202561304202
6299.0			1.0035410072774835
6299.9			1.0166893970821358
6300.8			0.9929895360778039
6301.700000000001			0.9350569963620324
6302.6			0.9081440774366043
6303.5			0.9458452235091585
6304.4			0.992524792835778
6305.3			0.996260231064731
6306.200000000001			0.9852423046785893
6307.1			1.003773006216413
6308.0			1.0428405855497693
6308.9			1.0588504850585163
6309.8			1.0373829754627037
6310.700000000001			1.0140303084066522
6311.6			1.000407775785057
6312.5			0.9908834641241681
6313.4			0.9972847598291338
6314.3			1.0014815315259988
6315.200000000001			0.9706190275906587
6316.1			0.9498676469393464
6317.0			0.9521171238111215
6317.9			0.9228830842728524
6318.8			0.8926657392856016
6319.700000000001			0.9277442456409222
6320.6			0.9980080146794013
6321.5			1.027245899222462
6322.4			1.0141158221922253
6323.3			1.0045286312489656
6324.200000000001			1.0168852517254432
6325.1			1.0315825788318125
6326.0			1.0388203791814488
6326.9			1.0294263022110934
6327.8			1.0204459028520751
6328.700000000001			1.0321394273183997
6329.6			1.029926646321064
6330.5			1.005178367465709
6331.4			0.9999605408226374
6332.3			1.0
6333.200000000001			1.0
6334.1			1.0
6335.0			1.0
6335.9			1.0
6336.8			1.0
6337.700000000001			1.0
6338.6			1.0
6339.5			1.0
6340.4			1.0
6341.3			1.0
6342.200000000001			1.0
6343.1			1.0
6344.0			1.0
6344.9			1.0
6345.8			1.0
6346.700000000001			1.0
6347.6			1.0
6348.5			1.0
6349.4			1.0
6350.3			1.0
6351.200000000001			1.0
6352.1			1.0
6353.0			1.0
6353.9			1.0
6354.8			1.0
6355.700000000001			1.0
6356.6			1.0
6357.5			1.0
6358.4			1.0
6359.3			1.0
6360.200000000001			1.0
6361.1			1.0
6362.0			1.0
6362.9			1.0
6363.8			1.0
6364.700000000001			1.0
6365.6			1.0
6366.5			1.0
6367.4			1.0
6368.3			1.0
6369.200000000001			1.0
6370.1			1.0
6371.0			1.0
6371.9			1.0
6372.8			1.0
6373.700000000001			1.0
6374.6			1.0
6375.5			1.0
6376.4			1.0
6377.3			1.0
6378.200000000001			1.0
6379.1			1.0
6380.0			1.0
6380.9			1.0
6381.8			1.0
6382.700000000001			1.0
6383.6			1.0
6384.5			1.0
6385.4			1.0
6386.3			1.0065047449809132
6387.200000000001			1.021946328048331
6388.1			1.0250550405712657
6389.0			1.0195220714866235
6389.9			1.0302487202482673
6390.8			1.0409923968162174
6391.700000000001			1.019393767740726
6392.6			0.9627565654923975
6393.5			0.8963166270722925
6394.4			0.8825656957301002
6395.3			0.9386143275409745
6396.200000000001			0.9970325317080253
6397.1			1.024909881886833
6398.0			1.0302047830316856
6398.9			0.9842859098952026
6399.8			0.8875914385626938
6400.700000000001			0.8429737832721743
6401.6			0.9024712127865382
6402.5			0.9814741373183985
6403.4			1.0165808834912446
6404.3			1.0232413151197797
6405.200000000001			1.022402588606831
6406.1			1.0046356085435606
6407.0			0.9806197380861624
6407.9			0.9461607881134098
6408.8			0.9320379088685067
6409.700000000001			0.9642480078103571
6410.6			0.9731768082700321
6411.5			0.9265499537439404
6412.4			0.9128774761823859
6413.3			0.9587264853866203
6414.200000000001			0.9914238112986682
6415.1			0.9990303998571378
6416.0			1.006616820042708
6416.9			1.0257003973517556
6417.8			1.038440267192766
6418.700000000001			1.0269982523514383
6419.6			0.989351878534119
6420.5			0.938451647622615
6421.4			0.9042340317344196
6422.3			0.9375208255948382
6423.200000000001			1.007796553757642
6424.1			1.0435463478712033
6425.0			1.0357624750268937
6425.9			1.0278278035251622
6426.8			1.0289437654890965
6427.700000000001			1.0379925282169975
6428.6			1.0490730257416987
6429.5			1.0303160099926887
6430.4			1.0
6431.3			0.954795610227051
6432.200000000001			0.9689194196908822
6433.1			1.0244743679234
6434.0			1.0625369153910988
6434.9			1.0756129456773242
6435.8			1.0748517659533487
6436.700000000001			1.0576179820089393
6437.6			1.022812759065316
6438.5			0.9411662779899559
6439.4			0.8608600282294949
6440.3			0.8939272729310239
6441.200000000001			0.9962063502237416
6442.1			1.0615140584159335
6443.0			1.0712216289443988
6443.9			1.066851331337196
6444.8			1.0716063105259679
6445.700000000001			1.0765368849316534
6446.6			1.077821260471912
6447.5			1.0831730736420557
6448.4			1.0511304530671084
6449.3			0.9556652169859675
6450.200000000001			0.8717225810186552
6451.1			0.8965599188170711
6452.0			0.9760494141690879
6452.9			1.0235151560156803
6453.8			1.052651779458624
6454.700000000001			1.0543560627784794
6455.6			1.0246020488662944
6456.5			1.0168742647880982
6457.4			1.0361023792542134
6458.3			1.0537352817575751
6459.200000000001			1.068267854438091
6460.1			1.0755348296552008
6461.0			1.0539437866351218
6461.9			0.9804242415850786
6462.8			0.881887250709058
6463.700000000001			0.8792317197697159
6464.6			0.9691065068116334
6465.5			1.0271689059568698
6466.4			1.043098789154495
6467.3			1.057101757228317
6468.200000000001			1.0647056247879307
6469.1			1.0437517792816773
6470.0			1.021560601494391
6470.9			0.994836393081087
6471.8			0.9677631083947522
6472.700000000001			0.9823983331511529
6473.6			1.034576978809293
6474.5			1.0694876873197203
6475.4			1.0505513528095771
6476.3			1.0130552521913887
6477.200000000001			1.0257012222980497
6478.1			1.055339948406349
6479.0			1.0553171945523023
6479.9			1.053469580980184
6480.8			1.0506780461946927
6481.700000000001			1.0198197447656212
6482.6			0.9952011886182122
6483.5			1.0016521420313094
6484.4			1.022518443178988
6485.3			1.0462415865333783
6486.200000000001			1.0517608979047917
6487.1			1.038207737486681
6488.0			1.0430296589953865
6488.9			1.0587518207118058
6489.8			1.0502015639618296
6490.700000000001			1.0235622262923718
6491.6			1.012103740590865
6492.5			1.0029651584305743
6493.4			0.9394776879487216
6494.3			0.8250093787882241
6495.200000000001			0.7491236661813936
6496.1			0.7807007231758193
6497.0			0.8614924533965456
6497.9			0.9236366250169818
6498.8			0.9412528913312412
6499.700000000001			0.9292531476842523
6500.6			0.9378404121008455
6501.5			0.9771454762234284
6502.4			1.0116118541398778
6503.3			1.0205874526233427
6504.200000000001			1.0080235035209273
6505.1			1.009935421989093
6506.0			1.0355900913643952
6506.9			1.0548636319211286
6507.8			1.0382551562057296
6508.700000000001			1.011524971680683
6509.6			1.0
6510.5			1.0131564774642776
6511.4			1.0248535619849812
6512.3			1.0280426472652187
6513.200000000001			1.0228455162384
6514.1			1.0262056073629873
6515.0			1.0265631155812613
6515.9			1.0198045128933544
6516.8			1.0096482290906164
6517.700000000001			0.9879959265499331
6518.6			0.9716804927630438
6519.5			0.9777953778421712
6520.4			0.9977747201942613
6521.3			1.0128997569768732
6522.200000000001			1.0232622211880786
6523.1			1.0238336176579959
6524.0			1.004930810327022
6524.9			0.9966902075316687
6525.8			0.9964784878615348
6526.700000000001			0.9853862093206813
6527.6			0.9716467820082805
6528.5			0.972672997605634
6529.4			0.9857411392471275
6530.3			1.0009223152385087
6531.200000000001			0.9996201200275451
6532.1			0.9755685790868979
6533.0			0.9579499948717121
6533.9			0.953884823656526
6534.8			0.957906725746965
6535.700000000001			0.976289463663285
6536.6			0.9864271167462793
6537.5			0.9906128960767744
6538.4			0.9856736441739564
6539.3			0.9867031884941218
6540.200000000001			1.0036044079677278
6541.1			1.0066740522474573
6542.0			0.9962997186775459
6542.9			0.9784445536654419
6543.8			0.966832901006823
6544.700000000001			0.9643875169840168
6545.6			0.9459946858482765
6546.5			0.9169237147280476
6547.4			0.9157099148569786
6548.3			0.9443379958566431
6549.200000000001			0.97620585785825
6550.1			0.9938294552901311
6551.0			0.9848715107423957
6551.9			0.9745040817456564
6552.8			0.9778181027962287
6553.700000000001			0.963941456115808
6554.6			0.9307796252717088
6555.5			0.9099937536254196
6556.4			0.91021644081407
6557.3			0.9346852530037016
6558.200000000001			0.9603827308490706
6559.1			0.9623967611339199
6560.0			0.9543507303466553
6560.9			0.9332135592687649
6561.8			0.8569795080499363
6562.700000000001			0.7217957165217775
6563.6			0.6582838868392752
6564.5			0.7465020327110706
6565.4			0.8722690178409096
6566.3			0.9376930823854883
6567.200000000001			0.9588139280881479
6568.1			0.9645810522870084
6569.0			0.950791296621429
6569.9			0.9280930041250276
6570.8			0.9344295150883972
6571.700000000001			0.9480292302449123
6572.6			0.9301721706119014
6573.5			0.9054917333203527
6574.4			0.9013892463549149
6575.3			0.9135262971410012
6576.200000000001			0.9367581314195041
6577.1			0.96811039976603
6578.0			0.9874974662003162
6578.9			0.9871218834685335
6579.8			0.9810369612964641
6580.700000000001			0.975279248816016
6581.6			0.9653709806277999
6582.5			0.9639817571523241
6583.4			0.9747962212565293
6584.3			0.9758386152883519
6585.200000000001			0.9702320805160489
6586.1			0.975471639682216
6587.0			0.9753464042288913
6587.9			0.9741482429473275
6588.8			0.9853313421889373
6589.700000000001			0.9942376626748187
6590.6			0.9873842252973803
6591.5			0.9657491539356283
6592.4			0.9150110286492011
6593.3			0.8519444957275554
6594.200000000001			0.83749886949536
6595.1			0.8904179863190532
6596.0			0.9515513945338419
6596.9			0.9709872944917693
6597.8			0.9637263791231278
6598.700000000001			0.9522979765159207
6599.6			0.9619998912444816
6600.5			0.9866223071067366
6601.4			1.001400607147874
6602.3			1.0016636069914913
6603.200000000001			0.9906228133793753
6604.1			0.9767337647214863
6605.0			0.9748761548420367
6605.9			0.9747035290314987
6606.8			0.9722926053188093
6607.700000000001			0.9666998720837431
6608.6			0.9468712484637759
6609.5			0.9289658823860417
6610.4			0.945404009020573
6611.3			0.9865728907355026
6612.200000000001			1.0025696639688373
6613.1			1.0003563420002504
6614.0			1.0005126003096985
6614.9			1.0011411914347532
6615.8			1.0049237483491509
6616.700000000001			0.9979454169155113
6617.6			0.9892730354220008
6618.5			0.9925430112437431
6619.4			0.9931680628910875
6620.3			0.9903503847074275
6621.200000000001			0.9967735416248565
6622.1			1.0061702440438893
6623.0			1.0061928962690574
6623.9			0.9840600991847013
6624.8			0.9555683244371541
6625.700000000001			0.953578283369924
6626.6			0.974589417186868
6627.5			0.9848933306198082
6628.4			0.9847635911852032
6629.3			0.9849849226576383
6630.200000000001			0.9792399994855683
6631.1			0.9704402568473038
6632.0			0.9582603246816096
6632.9			0.9451505803508767
6633.8			0.9274144046994525
6634.700000000001			0.9194640924785341
6635.6			0.9402518601502776
6636.5			0.978231396464036
6637.4			0.9961784081783902
6638.3			0.9966119893451262
6639.200000000001			0.9962155662174285
6640.1			0.9854441804786646
6641.0			0.9726753311377919
6641.9			0.979116509229504
6642.8			0.9890666884111182
6643.700000000001			0.9691298567599028
6644.6			0.9494154879550717
6645.5			0.9668801905454488
6646.4			0.9941428328208703
6647.3			0.9981001294964983
6648.200000000001			0.9907920729123041
6649.1			0.9895508617525679
6650.0			0.9955042097991875
6650.9			1.0011696379090587
6651.8			1.001978493166886
6652.700000000001			0.9975500774761986
6653.6			0.9987266104411304
6654.5			1.000995861435609
6655.4			0.9958728948707108
6656.3			0.9870197181656839
6657.200000000001			0.9882986897040236
6658.1			0.9976474246784267
6659.0			0.9985094528913095
6659.9			0.9898253189959132
6660.8			0.973262887467782
6661.700000000001			0.9623797160901822
6662.6			0.9587858021368376
6663.5			0.9422665370460571
6664.4			0.9318387200527851
6665.3			0.9521028204990037
6666.200000000001			0.9683882821575275
6667.1			0.9625879408721081
6668.0			0.9576358817541747
6668.9			0.9640857211927085
6669.8			0.9825793085003978
6670.700000000001			1.0035656815986105
6671.6			1.010543136739234
6672.5			1.0073228089405524
6673.4			1.004795015390645
6674.3			1.0051204408618215
6675.200000000001			1.0088755921895325
6676.1			1.0026429894276623
6677.0			0.9577248549530564
6677.9			0.8906706273227338
6678.8			0.8661379932539098
6679.700000000001			0.9096845716690156
6680.6			0.9730021461207993
6681.5			1.0079888408765627
6682.4			1.01273250124863
6683.3			1.0042266158291937
6684.200000000001			0.9952738085750292
6685.1			0.9929341247720467
6686.0			0.998529570102061
6686.9			1.0024022844253924
6687.8			0.9996112156843682
6688.700000000001			0.9992359976464779
6689.6			1.0003442174806203
6690.5			1.0008823668597757
6691.4			1.0055159870075057
6692.3			1.0001680707706568
6693.200000000001			1.0
6694.1			1.0
6695.0			1.0
6695.9			1.0
6696.8			1.0
6697.700000000001			1.0
6698.6			1.0
6699.5			1.0
6700.4			1.0
6701.3			1.0
6702.200000000001			1.0
6703.1			1.0
6704.0			1.0
6704.9			1.0
6705.8			1.0
6706.700000000001			1.0
6707.6			1.0
6708.5			1.0
6709.4			1.0
6710.3			1.0
6711.200000000001			1.0
6712.1			1.0
6713.0			1.0
6713.9			1.0
6714.8			1.0
6715.700000000001			1.0
6716.6			1.0
6717.5			1.0
6718.4			1.0
6719.3			1.0
6720.200000000001			1.0
6721.1			1.0
6722.0			1.0
6722.9			1.0
6723.8			1.0
6724.700000000001			1.0
6725.6			1.0
6726.5			1.0
6727.4			1.0
6728.3			1.0
6729.200000000001			1.0
6730.1			1.0
6731.0			1.0
6731.9			1.0
6732.8			1.0
6733.700000000001			1.0
6734.6			1.0
6735.5			1.0
6736.4			1.0
6737.3			1.0
6738.200000000001			1.0
6739.1			1.0
6740.0			1.0
6740.9			1.0
6741.8			1.0
6742.700000000001			1.0
6743.6			1.0
6744.5			1.0
6745.4			1.0
6746.3			1.0
6747.200000000001			1.0
6748.1			1.0
6749.0			1.0
6749.9			1.0
6750.8			1.0
6751.700000000001			1.0
6752.6			1.0
6753.5			1.0
6754.4			1.0
6755.3			1.0
6756.200000000001			1.0
6757.1			1.0
6758.0			1.0
6758.9			1.0
6759.8			1.0
6760.700000000001			1.0
6761.6			1.0
6762.5			1.0
6763.4			1.0
6764.3			1.0
6765.200000000001			1.0
6766.1			1.0
6767.0			1.0
6767.9			1.0
6768.8			1.0
6769.700000000001			1.0
6770.6			1.0
6771.5			1.0
6772.4			1.0
6773.3			1.0
6774.200000000001			1.0
6775.1			1.0
6776.0			1.0
6776.9			1.0
6777.8			1.0
6778.700000000001			1.0
6779.6			1.0
6780.5			1.0
6781.4			1.0
6782.3			1.0
6783.200000000001			1.0
6784.1			1.0
6785.0			1.0
6785.9			1.0
6786.8			1.0
6787.700000000001			1.0
6788.6			1.0
6789.5			1.0
6790.4			1.0
6791.3			1.0
6792.200000000001			1.0
6793.1			1.0
6794.0			1.0
6794.9			1.0
6795.8			1.0
6796.700000000001			1.0
6797.6			1.0
6798.5			1.0
6799.4			1.0
6800.3			1.0
6801.200000000001			1.0
6802.1			1.0
6803.0			1.0
6803.9			1.0
6804.8			1.0
6805.700000000001			1.0
6806.6			1.0
6807.5			1.0
6808.4			1.0
6809.3			1.0
6810.200000000001			1.0
6811.1			1.0
6812.0			1.0
6812.9			1.0
6813.8			1.0
6814.700000000001			1.0
6815.6			1.0
6816.5			1.0
6817.4			1.0
6818.3			1.0
6819.200000000001			1.0
6820.1			1.0
6821.0			1.0
6821.9			1.0
6822.8			1.0
6823.700000000001			1.0
6824.6			1.0
6825.5			1.0
6826.4			1.0
6827.3			1.0
6828.200000000001			1.0
6829.1			1.0
6830.0			1.0
6830.9			1.0
6831.8			1.0
6832.700000000001			1.0
6833.6			1.0
6834.5			1.0
6835.4			1.0
6836.3			1.0
6837.200000000001			1.0
6838.1			1.0
6839.0			1.0
6839.9			1.0
6840.8			1.0
6841.700000000001			1.0
6842.6			1.0
6843.5			1.0
6844.4			1.0
6845.3			1.0
6846.200000000001			1.0
6847.1			1.0
6848.0			1.0
6848.9			1.0
6849.8			1.0
6850.700000000001			1.0
6851.6			1.0
6852.5			1.0
6853.4			1.0
6854.3			1.0
6855.200000000001			1.0
6856.1			1.0
6857.0			1.0
6857.9			1.0
6858.8			1.0
6859.700000000001			1.0
6860.6			1.0
6861.5			1.0
6862.4			1.0
6863.3			1.0
6864.200000000001			1.0
6865.1			1.0
6866.0			1.0
6866.9			1.0
6867.8			1.0
6868.700000000001			1.0
6869.6			1.0
6870.5			1.0
6871.4			1.0
6872.3			1.0
6873.200000000001			1.0
6874.1			1.0
6875.0			1.0
6875.9			1.0
6876.8			1.0
6877.700000000001			1.0
6878.6			1.0
6879.5			1.0
6880.4			1.0
6881.3			1.0
6882.200000000001			1.0
6883.1			1.0
6884.0			1.0
6884.9			1.0
6885.8			1.0
6886.700000000001			1.0
6887.6			1.0
6888.5			1.0
6889.4			1.0
6890.3			1.0
6891.200000000001			1.0
6892.1			1.0
6893.0			1.0
6893.9			1.0
6894.8			1.0
6895.700000000001			1.0
6896.6			1.0
6897.5			1.0
6898.4			1.0
6899.3			1.0
6900.200000000001			1.0
6901.1			1.0
6902.0			1.0
6902.9			1.0
6903.8			1.0
6904.700000000001			1.0
6905.6			1.0
6906.5			1.0
6907.4			1.0
6908.3			1.0
6909.200000000001			1.0
6910.1			1.0
6911.0			1.0
6911.9			1.0
6912.8			1.0
6913.700000000001			1.0
6914.6			1.0
6915.5			1.0
6916.4			1.0
6917.3			1.0
6918.200000000001			1.0
6919.1			1.0
6920.0			1.0
6920.9			1.0
6921.8			1.0
6922.700000000001			1.0
6923.6			1.0
6924.5			1.0
6925.4			1.0
6926.3			1.0
6927.200000000001			1.0
6928.1			1.0
6929.0			1.0
6929.9			1.0
6930.8			1.0
6931.700000000001			1.0
6932.6			1.0
6933.5			1.0
6934.4			1.0
6935.3			1.0
6936.200000000001			1.0
6937.1			1.0
6938.0			1.0
6938.9			1.0
6939.8			1.0
6940.700000000001			1.0
6941.6			1.0
6942.5			1.0
6943.4			1.0
6944.3			1.0
6945.200000000001			1.0
6946.1			1.0
6947.0			1.0
6947.9			1.0
6948.8			1.0
6949.700000000001			1.0
6950.6			1.0
6951.5			1.0
6952.4			1.0
6953.3			1.0
6954.200000000001			1.0
6955.1			1.0
6956.0			1.0
6956.9			1.0
6957.8			1.0
6958.700000000001			1.0
6959.6			1.0
6960.5			1.0
6961.4			1.0
6962.3			1.0
6963.200000000001			1.0
6964.1			1.0
6965.0			1.0
6965.9			1.0
6966.8			1.0
6967.700000000001			1.0
6968.6			1.0
6969.5			1.0
6970.4			1.0
6971.3			1.0
6972.200000000001			1.0
6973.1			1.0
6974.0			1.0
6974.9			1.0
6975.8			1.0
6976.700000000001			1.0
6977.6			1.0
6978.5			1.0
6979.4			1.0
6980.3			1.0
6981.200000000001			1.0
6982.1			1.0
6983.0			1.0
6983.9			1.0
6984.8			1.0
6985.700000000001			1.0
6986.6			1.0
6987.5			1.0
6988.4			1.0
6989.3			1.0
6990.200000000001			1.0
6991.1			1.0
6992.0			1.0
6992.9			1.0
6993.8			1.0
6994.700000000001			1.0
6995.6			1.0
6996.5			1.0
6997.4			1.0
6998.3			1.0
6999.200000000001			1.0
7000.1			1.0
7001.0			1.0
7001.9			1.0
7002.8			1.0
7003.700000000001			1.0
7004.6			1.0
7005.5			1.0
7006.4			1.0
7007.3			1.0
7008.200000000001			1.0
7009.1			1.0
7010.0			1.0
7010.9			1.0
7011.8			1.0
7012.700000000001			1.0
7013.6			1.0
7014.5			1.0
7015.4			1.0
7016.3			1.0
7017.200000000001			1.0
7018.1			1.0
7019.0			1.0
7019.9			1.0
7020.8			1.0
7021.700000000001			1.0
7022.6			1.0
7023.5			1.0
7024.4			1.0
7025.3			1.0
7026.200000000001			1.0
7027.1			1.0
7028.0			1.0
7028.9			1.0
7029.8			1.0
7030.700000000001			1.0
7031.6			1.0
7032.5			1.0
7033.4			1.0
7034.3			1.0
7035.200000000001			1.0
7036.1			1.0
7037.0			1.0
7037.9			1.0
7038.8			1.0
7039.700000000001			1.0
7040.6			1.0
7041.5			1.0
7042.4			1.0
7043.3			1.0
7044.200000000001			1.0
7045.1			1.0
7046.0			1.0
7046.9			1.0
7047.8			1.0
7048.700000000001			1.0
7049.6			1.0
7050.5			1.0
7051.4			1.0
7052.3			1.0
7053.200000000001			1.0
7054.1			1.0
7055.0			1.0
7055.9			1.0
7056.8			1.0
7057.700000000001			1.0
7058.6			1.0
7059.5			1.0
7060.4			1.0
7061.3			1.0
7062.200000000001			1.0
7063.1			1.0
7064.0			1.0
7064.9			1.0
7065.8			1.0
7066.700000000001			1.0
7067.6			1.0
7068.5			1.0
7069.4			1.0
7070.3			1.0
7071.200000000001			1.0
7072.1			1.0
7073.0			1.0
7073.9			1.0
7074.8			1.0
7075.700000000001			1.0
7076.6			1.0
7077.5			1.0
7078.4			1.0
7079.3			1.0
7080.200000000001			1.0
7081.1			1.0
7082.0			1.0
7082.9			1.0
7083.8			1.0
7084.700000000001			1.0
7085.6			1.0
7086.5			1.0
7087.4			1.0
7088.3			1.0
7089.200000000001			1.0
7090.1			1.0
7091.0			1.0
7091.9			1.0
7092.8			1.0
7093.700000000001			1.0
7094.6			1.0
7095.5			1.0
7096.4			1.0
7097.3			1.0
7098.200000000001			1.0
7099.1			1.0
7100.0			1.0
7100.9			1.0
7101.8			1.0
7102.700000000001			1.0
7103.6			1.0
7104.5			1.0
7105.4			1.0
7106.3			1.0
7107.200000000001			1.0
7108.1			1.0
7109.0			1.0
7109.9			1.0
7110.8			1.0
7111.700000000001			1.0
7112.6			1.0
7113.5			1.0
7114.4			1.0
7115.3			1.0
7116.200000000001			1.0
7117.1			1.0
7118.0			1.0
7118.9			1.0
7119.8			1.0
7120.700000000001			1.0
7121.6			1.0
7122.5			1.0
7123.4			1.0
7124.3			1.0
7125.200000000001			1.0
7126.1			1.0
7127.0			1.0
7127.9			1.0
7128.8			1.0
7129.700000000001			1.0
7130.6			1.0
7131.5			1.0
7132.4			1.0
7133.3			1.0
7134.200000000001			1.0
7135.1			1.0
7136.0			1.0
7136.9			1.0
7137.8			1.0
7138.700000000001			1.0
7139.6			1.0
7140.5			1.0
7141.4			1.0
7142.3			1.0
7143.200000000001			1.0
7144.1			1.0
7145.0			1.0
7145.9			1.0
7146.8			1.0
7147.700000000001			1.0
7148.6			1.0
7149.5			1.0
7150.4			1.0
7151.3			1.0
7152.200000000001			1.0
7153.1			1.0
7154.0			1.0
7154.9			1.0
7155.8			1.0
7156.700000000001			1.0
7157.6			1.0
7158.5			1.0
7159.4			1.0
7160.3			1.0
7161.200000000001			1.0
7162.1			1.0
7163.0			1.0
7163.9			1.0
7164.8			1.0
7165.700000000001			1.0
7166.6			1.0
7167.5			1.0
7168.4			1.0
7169.3			1.0
7170.200000000001			1.0
7171.1			1.0
7172.0			1.0
7172.9			1.0
7173.8			1.0
7174.700000000001			1.0
7175.6			1.0
7176.5			1.0
7177.4			1.0
7178.3			1.0
7179.200000000001			1.0
7180.1			1.0
7181.0			1.0
7181.9			1.0
7182.8			1.0
7183.700000000001			1.0
7184.6			1.0
7185.5			1.0
7186.4			1.0
7187.3			1.0
7188.200000000001			1.0
7189.1			1.0
7190.0			1.0
7190.9			1.0
7191.8			1.0
7192.700000000001			1.0
7193.6			1.0
7194.5			1.0
7195.4			1.0
7196.3			1.0
7197.200000000001			1.0
7198.1			1.0
7199.0			1.0
7199.9			1.0
7200.8			1.0
7201.700000000001			1.0
7202.6			1.0
7203.5			1.0
7204.4			1.0
7205.3			1.0
7206.200000000001			1.0
7207.1			1.0
7208.0			1.0
7208.9			1.0
7209.8			1.0
7210.700000000001			1.0
7211.6			1.0
7212.5			1.0
7213.4			1.0
7214.3			1.0
7215.200000000001			1.0
7216.1			1.0
7217.0			1.0
7217.9			1.0
7218.8			1.0
7219.700000000001			1.0
7220.6			1.0
7221.5			1.0
7222.4			1.0
7223.3			1.0
7224.200000000001			1.0
7225.1			1.0
7226.0			1.0
7226.9			1.0
7227.8			1.0
7228.700000000001			1.0
7229.6			1.0
7230.5			1.0
7231.4			1.0
7232.3			1.0
7233.200000000001			1.0
7234.1			1.0
7235.0			1.0
7235.9			1.0
7236.8			1.0
7237.700000000001			1.0
7238.6			1.0
7239.5			1.0
7240.4			1.0
7241.3			1.0
7242.200000000001			1.0
7243.1			1.0
7244.0			1.0
7244.9			1.0
7245.8			1.0
7246.700000000001			1.0
7247.6			1.0
7248.5			1.0
7249.4			1.0
7250.3			1.0
7251.200000000001			1.0
7252.1			1.0
7253.0			1.0
7253.9			1.0
7254.8			1.0
7255.700000000001			1.0
7256.6			1.0
7257.5			1.0
7258.4			1.0
7259.3			1.0
7260.200000000001			1.0
7261.1			1.0
7262.0			1.0
7262.9			1.0
7263.8			1.0
7264.700000000001			1.0
7265.6			1.0
7266.5			1.0
7267.4			1.0
7268.3			1.0
7269.200000000001			1.0
7270.1			1.0
7271.0			1.0
7271.9			1.0
7272.8			1.0
7273.700000000001			1.0
7274.6			1.0
7275.5			1.0
7276.4			1.0
7277.3			1.0
7278.200000000001			1.0
7279.1			1.0
7280.0			1.0
7280.9			1.0
7281.8			1.0
7282.700000000001			1.0
7283.6			1.0
7284.5			1.0
7285.4			1.0
7286.3			1.0
7287.200000000001			1.0
7288.1			1.0
7289.0			1.0
7289.9			1.0
7290.8			1.0
7291.700000000001			1.0
7292.6			1.0
7293.5			1.0
7294.4			1.0
7295.3			1.0
7296.200000000001			1.0
7297.1			1.0
7298.0			1.0
7298.9			1.0
7299.8			1.0
7300.700000000001			1.0
7301.6			1.0
7302.5			1.0
7303.4			1.0
7304.3			1.0
7305.200000000001			1.0
7306.1			1.0
7307.0			1.0
7307.9			1.0
7308.8			1.0
7309.700000000001			1.0
7310.6			1.0
7311.5			1.0
7312.4			1.0
7313.3			1.0
7314.200000000001			1.0
7315.1			1.0
7316.0			1.0
7316.9			1.0
7317.8			1.0
7318.700000000001			1.0
7319.6			1.0
7320.5			1.0
7321.4			1.0
7322.3			1.0
7323.200000000001			1.0
7324.1			1.0
7325.0			1.0
7325.9			1.0
7326.8			1.0
7327.700000000001			1.0
7328.6			1.0
7329.5			1.0
7330.4			1.0
7331.3			1.0
7332.200000000001			1.0
7333.1			1.0
7334.0			1.0
7334.9			1.0
7335.8			1.0
7336.700000000001			1.0
7337.6			1.0
7338.5			1.0
7339.4			1.0
7340.3			1.0
7341.200000000001			1.0
7342.1			1.0
7343.0			1.0
7343.9			1.0
7344.8			1.0
7345.700000000001			1.0
7346.6			1.0
7347.5			1.0
7348.4			1.0
7349.3			1.0
7350.200000000001			1.0
7351.1			1.0
7352.0			1.0
7352.9			1.0
7353.8			1.0
7354.700000000001			1.0
7355.6			1.0
7356.5			1.0
7357.4			1.0
7358.3			1.0
7359.200000000001			1.0
7360.1			1.0
7361.0			1.0
7361.9			1.0
7362.8			1.0
7363.700000000001			1.0
7364.6			1.0
7365.5			1.0
7366.4			1.0
7367.3			1.0
7368.200000000001			1.0
7369.1			1.0
7370.0			1.0
7370.9			1.0
7371.8			1.0
7372.700000000001			1.0
7373.6			1.0
7374.5			1.0
7375.4			1.0
7376.3			1.0
7377.200000000001			1.0
7378.1			1.0
7379.0			1.0
7379.9			1.0
7380.8			1.0
7381.700000000001			1.0
7382.6			1.0
7383.5			1.0
7384.4			1.0
7385.3			1.0
7386.200000000001			1.0
7387.1			1.0
7388.0			1.0
7388.9			1.0
7389.8			1.0
7390.700000000001			1.0
7391.6			1.0
7392.5			1.0
7393.4			1.0
7394.3			1.0
7395.200000000001			1.0
7396.1			1.0
7397.0			1.0
7397.9			1.0
7398.8			1.0
7399.700000000001			1.0
7400.6			1.0
7401.5			1.0
7402.4			1.0
7403.3			1.0
7404.200000000001			1.0
7405.1			1.0
7406.0			1.0
7406.9			1.0
7407.8			1.0
7408.700000000001			1.0
7409.6			1.0
7410.5			1.0
7411.4			1.0
7412.3			1.0
7413.200000000001			1.0
7414.1			1.0
7415.0			1.0
7415.9			1.0
7416.8			1.0
7417.700000000001			1.0
7418.6			1.0
7419.5			1.0
7420.4			1.0
7421.3			1.0
7422.200000000001			1.0
7423.1			1.0
7424.0			1.0
7424.9			1.0
7425.8			1.0
7426.700000000001			1.0
7427.6			1.0
7428.5			1.0
7429.4			1.0
