3500.0			1.0
3500.9			1.0
3501.8			1.0
3502.7			1.0
3503.6			1.0
3504.5			1.0
3505.4			1.0
3506.3			1.0
3507.2			1.0
3508.1			1.0
3509.0			1.0
3509.9			1.0
3510.8			1.0
3511.7			1.0
3512.6			1.0
3513.5			1.0
3514.4			1.0
3515.3			1.0
3516.2			1.0
3517.1			1.0
3518.0			1.0
3518.9			1.0
3519.8			1.0
3520.7			1.0
3521.6			1.0
3522.5			1.0
3523.4			1.0
3524.3			1.0
3525.2			1.0
3526.1			1.0
3527.0			1.0
3527.9			1.0
3528.8			1.0
3529.7			1.0
3530.6			1.0
3531.5			1.0
3532.4			1.0
3533.3			1.0
3534.2			1.0
3535.1			1.0
3536.0			1.0
3536.9			1.0
3537.8			1.0
3538.7			1.0
3539.6			1.0
3540.5			1.0
3541.4			1.0
3542.3			1.0
3543.2			1.0
3544.1			1.0
3545.0			1.0
3545.9			1.0
3546.8			1.0
3547.7			1.0
3548.6			1.0
3549.5			1.0
3550.4			1.0
3551.3			1.0
3552.2			1.0
3553.1			1.0
3554.0			1.0
3554.9			1.0
3555.8			1.0
3556.7			1.0
3557.6			1.0
3558.5			1.0
3559.4			1.0
3560.3			1.0
3561.2			1.0
3562.1			1.0
3563.0			1.0
3563.9			1.0
3564.8			1.0
3565.7			1.0
3566.6			1.0
3567.5			1.0
3568.4			1.0
3569.3			1.0
3570.2			1.0
3571.1			1.0
3572.0			1.0
3572.9			1.0
3573.8			1.0
3574.7			1.0
3575.6			1.0
3576.5			1.0
3577.4			1.0
3578.3			1.0
3579.2			1.0
3580.1			1.0
3581.0			1.0
3581.9			1.0
3582.8			1.0
3583.7			1.0
3584.6			1.0
3585.5			1.0
3586.4			1.0
3587.3			1.0
3588.2			1.0
3589.1			1.0
3590.0			1.0
3590.9			1.0
3591.8			1.0
3592.7			1.0
3593.6			1.0
3594.5			1.0
3595.4			1.0
3596.3			1.0
3597.2			1.0
3598.1			1.0
3599.0			1.0
3599.9			1.0
3600.8			1.0
3601.7			1.0
3602.6			1.0
3603.5			1.0
3604.4			1.0
3605.3			1.0
3606.2			1.0
3607.1			1.0
3608.0			1.0
3608.9			1.0
3609.8			1.0
3610.7			1.0
3611.6			1.0
3612.5			1.0
3613.4			1.0
3614.3			1.0
3615.2			1.0
3616.1			1.0
3617.0			1.0
3617.9			1.0
3618.8			1.0
3619.7			1.0
3620.6			1.0
3621.5			1.0
3622.4			1.0
3623.3			1.0
3624.2			1.0
3625.1			1.0
3626.0			1.0
3626.9			1.0
3627.8			1.0
3628.7			1.0
3629.6			1.0
3630.5			1.0
3631.4			1.0
3632.3			1.0
3633.2			1.0
3634.1			1.0
3635.0			1.0
3635.9			1.0
3636.8			1.0
3637.7			1.0
3638.6			1.0
3639.5			1.0
3640.4			1.0
3641.3			1.0
3642.2			1.0
3643.1			1.0
3644.0			1.0
3644.9			1.0
3645.8			1.0
3646.7			1.0
3647.6			1.0
3648.5			1.0
3649.4			1.0
3650.3			1.0
3651.2			1.0
3652.1			1.0
3653.0			1.0
3653.9			1.0
3654.8			1.0
3655.7			1.0
3656.6			1.0
3657.5			1.0
3658.4			1.0
3659.3			1.0
3660.2			1.0
3661.1			1.0
3662.0			1.0
3662.9			1.0
3663.8			1.0
3664.7			1.0
3665.6			1.0
3666.5			1.0
3667.4			1.0
3668.3			1.0
3669.2			1.0
3670.1			1.0
3671.0			1.0
3671.9			1.0
3672.8			1.0
3673.7			1.0
3674.6			1.0
3675.5			1.0
3676.4			1.0
3677.3			1.0
3678.2			1.0
3679.1			1.0
3680.0			1.0
3680.9			1.0
3681.8			1.0
3682.7			1.0
3683.6			1.0
3684.5			1.0
3685.4			1.0
3686.3			1.0
3687.2			1.0
3688.1			1.0
3689.0			1.0
3689.9			1.0
3690.8			1.0
3691.7			1.0
3692.6			1.0
3693.5			1.0
3694.4			1.0
3695.3			1.0
3696.2			1.0
3697.1			1.0
3698.0			1.0
3698.9			1.0
3699.8			1.0
3700.7			1.0
3701.6			1.0
3702.5			1.0
3703.4			1.0
3704.3			1.0
3705.2			1.0
3706.1			1.0
3707.0			1.0
3707.9			1.0
3708.8			1.0
3709.7			1.0
3710.6			1.0
3711.5			1.0
3712.4			1.0
3713.3			1.0
3714.2			1.0
3715.1			1.0
3716.0			1.0
3716.9			1.0
3717.8			1.0
3718.7			1.0
3719.6			1.0
3720.5			1.0
3721.4			1.0
3722.3			1.0
3723.2			1.0
3724.1			1.0
3725.0			1.0
3725.9			1.0
3726.8			1.0
3727.7			1.0
3728.6			1.0
3729.5			1.0
3730.4			1.0
3731.3			1.0
3732.2			1.0
3733.1			1.0
3734.0			1.0
3734.9			1.0
3735.8			1.0
3736.7			1.0
3737.6			1.0
3738.5			1.0
3739.4			1.0
3740.3			1.0
3741.2			1.0
3742.1			1.0
3743.0			1.0
3743.9			1.0
3744.8			1.0
3745.7			1.0
3746.6			1.0
3747.5			1.0
3748.4			1.0
3749.3			1.0
3750.2			1.0
3751.1			1.0
3752.0			1.0
3752.9			1.0
3753.8			1.0
3754.7			1.0
3755.6			1.0
3756.5			1.0
3757.4			1.0
3758.3			1.0
3759.2			1.0
3760.1			1.0
3761.0			1.0
3761.9			1.0
3762.8			1.0
3763.7			1.0
3764.6			1.0
3765.5			1.0
3766.4			1.0
3767.3			1.0
3768.2			1.0
3769.1			1.0
3770.0			1.0
3770.9			1.0
3771.8			1.0
3772.7			1.0
3773.6			1.0
3774.5			1.0
3775.4			1.0
3776.3			1.0
3777.2			1.0
3778.1			1.0
3779.0			1.0
3779.9			1.0
3780.8			1.0
3781.7			1.0
3782.6			1.0
3783.5			1.0
3784.4			1.0
3785.3			1.0
3786.2			1.0
3787.1			1.0
3788.0			1.0
3788.9			1.0
3789.8			1.0
3790.7			1.0
3791.6			1.0
3792.5			1.0
3793.4			1.0
3794.3			1.0
3795.2			1.0
3796.1			1.0
3797.0			1.0
3797.9			1.0
3798.8			1.0
3799.7			1.0
3800.6			1.0
3801.5			1.0
3802.4			1.0
3803.3			1.0
3804.2			1.0
3805.1			1.0
3806.0			1.0
3806.9			1.0
3807.8			1.0
3808.7			1.0
3809.6			1.0
3810.5			1.0
3811.4			1.0
3812.3			1.0
3813.2			1.0
3814.1			1.0
3815.0			1.0
3815.9			1.0
3816.8			1.0
3817.7			1.0
3818.6			1.0
3819.5			1.0
3820.4			1.0
3821.3			1.0
3822.2			1.0
3823.1			1.0
3824.0			1.0
3824.9			1.0
3825.8			1.0
3826.7			1.0
3827.6			1.0
3828.5			1.0
3829.4			1.0
3830.3			1.0
3831.2			1.0
3832.1			1.0
3833.0			1.0
3833.9			1.0
3834.8			1.0
3835.7			1.0
3836.6			1.0
3837.5			1.0
3838.4			1.0
3839.3			1.0
3840.2			1.0
3841.1			1.0
3842.0			1.0
3842.9			1.0
3843.8			1.0
3844.7			1.0
3845.6			1.0
3846.5			1.0
3847.4			1.0
3848.3			1.0
3849.2			1.0
3850.1			1.0
3851.0			1.0
3851.9			1.0
3852.8			1.0
3853.7			1.0
3854.6			1.0
3855.5			1.0
3856.4			1.0
3857.3			1.0
3858.2			1.0
3859.1			1.0
3860.0			1.0
3860.9			1.0
3861.8			1.0
3862.7			1.0
3863.6			1.0
3864.5			1.0
3865.4			1.0
3866.3			1.0
3867.2			1.0
3868.1			1.0
3869.0			1.0
3869.9			1.0
3870.8			1.0
3871.7			1.0
3872.6			1.0
3873.5			1.0
3874.4			1.0
3875.3			1.0
3876.2			1.0
3877.1			1.0
3878.0			1.0
3878.9			1.0
3879.8			1.0
3880.7			1.0
3881.6			1.0
3882.5			1.0
3883.4			1.0
3884.3			1.0
3885.2			1.0
3886.1			1.0
3887.0			1.0
3887.9			1.0
3888.8			1.0
3889.7			1.0
3890.6			1.0
3891.5			1.0
3892.4			1.0
3893.3			1.0
3894.2			1.0
3895.1			1.0
3896.0			1.0
3896.9			1.0
3897.8			1.0
3898.7			1.0
3899.6			1.0
3900.5			1.0
3901.4			1.0
3902.3			1.0
3903.2			1.0
3904.1			1.0
3905.0			1.0
3905.9			1.0
3906.8			1.0
3907.7			1.0
3908.6			1.0
3909.5			1.0
3910.4			1.0
3911.3			1.0
3912.2			1.0
3913.1			1.0
3914.0			1.0
3914.9			1.0
3915.8			1.0
3916.7			1.0
3917.6			1.0
3918.5			1.0
3919.4			1.0
3920.3			1.0
3921.2			1.0
3922.1			1.0
3923.0			1.0
3923.9			1.0
3924.8			1.0
3925.7			1.0
3926.6			1.0
3927.5			1.0
3928.4			1.0
3929.3			1.0
3930.2			1.0
3931.1			1.0
3932.0			1.0
3932.9			1.0
3933.8			1.0
3934.7			1.0
3935.6			1.0
3936.5			1.0
3937.4			1.0
3938.3			1.0
3939.2			1.0
3940.1			1.0
3941.0			1.0
3941.9			1.0
3942.8			1.0
3943.7			1.0
3944.6			1.0
3945.5			1.0
3946.4			1.0
3947.3			1.0
3948.2			1.0
3949.1			1.0
3950.0			1.0
3950.9			1.0
3951.8			1.0
3952.7			1.0
3953.6			1.0
3954.5			1.0
3955.4			1.0
3956.3			1.0
3957.2			1.0
3958.1			1.0
3959.0			1.0
3959.9			1.0
3960.8			1.0
3961.7			1.0
3962.6			1.0
3963.5			1.0
3964.4			1.0
3965.3			1.0
3966.2			1.0
3967.1			1.0
3968.0			1.0
3968.9			1.0
3969.8			1.0
3970.7			1.0
3971.6			1.0
3972.5			1.0
3973.4			1.0
3974.3			1.0
3975.2			1.0
3976.1			1.0
3977.0			1.0
3977.9			1.0
3978.8			1.0
3979.7			1.0
3980.6			1.0
3981.5			1.0
3982.4			1.0
3983.3			1.0
3984.2			1.0
3985.1			1.0
3986.0			1.0
3986.9			1.0
3987.8			1.0
3988.7			1.0
3989.6			1.0
3990.5			1.0
3991.4			1.0
3992.3			1.0
3993.2			1.0
3994.1			1.0
3995.0			1.0
3995.9			1.0
3996.8			1.0
3997.7			1.0
3998.6			1.0
3999.5			1.0
4000.4			1.0
4001.3			1.0
4002.2			1.0
4003.1			1.0330777808060478
4004.0			0.9488298744232988
4004.9			0.7783783968481894
4005.8			0.6839612535180087
4006.7			0.7464402814172776
4007.6			0.8874142546295307
4008.5			0.9988932591172217
4009.4			1.0
4010.3			1.0
4011.2			1.0
4012.1			1.0
4013.0			1.0
4013.9			1.0
4014.8			1.0
4015.7			1.0
4016.6			1.0
4017.5			1.0
4018.4			1.0
4019.3			1.0
4020.2			1.0
4021.1			1.0
4022.0			1.0
4022.9			1.0
4023.8			1.0
4024.7			1.0
4025.6			1.0
4026.5			1.0
4027.4			1.0
4028.3			1.033114824891868
4029.2			0.9682832282154742
4030.1			0.795864541789879
4031.0			0.6402492155932391
4031.9			0.5865583401330365
4032.8			0.5682677497629435
4033.7			0.5519417701520661
4034.6			0.5916218350989101
4035.5			0.7070774915616975
4036.4			0.8596210620027596
4037.3			0.9856611243727175
4038.2			1.0318806025013538
4039.1			1.0000101669465378
4040.0			1.0
4040.9			1.0
4041.8			1.0
4042.7			0.997348236597994
4043.6			0.8678195653358721
4044.5			0.6428837985847545
4045.4			0.45860170446181664
4046.3			0.4508640582977168
4047.2			0.6214063161858184
4048.1			0.8195736056431449
4049.0			0.9353630312492444
4049.9			0.9993848642269603
4050.8			1.0
4051.7			1.0
4052.6			1.0
4053.5			1.0
4054.4			1.0
4055.3			1.0
4056.2			1.0
4057.1			1.0
4058.0			1.0
4058.9			1.0
4059.8			1.133334269356782
4060.7			1.222752760815038
4061.6			1.1425256042874343
4062.5			0.9004060294432668
4063.4			0.6820546792626273
4064.3			0.6961027249972095
4065.2			0.8860287167158091
4066.1			1.0004934117295212
4067.0			0.9985768277119306
4067.9			1.0
4068.8			1.0
4069.7			1.0
4070.6			1.0
4071.5			1.0
4072.4			1.0
4073.3			1.0
4074.2			1.1145509805199039
4075.1			1.038702101282616
4076.0			0.8745128569590142
4076.9			0.755024680822618
4077.8			0.7621132752830966
4078.7			0.8716039166876852
4079.6			1.0001890273798433
4080.5			1.0
4081.4			1.0
4082.3			1.0
4083.2			1.0
4084.1			1.0
4085.0			1.0
4085.9			1.0
4086.8			1.0
4087.7			1.0
4088.6			1.0
4089.5			1.0
4090.4			1.0
4091.3			1.0
4092.2			0.9810693844443626
4093.1			1.008761520930901
4094.0			1.0324105873207314
4094.9			0.9628140235198588
4095.8			0.8407889276682082
4096.7			0.7860220662336515
4097.6			0.8161277543571781
4098.5			0.8671804783434078
4099.4			0.8878111498802821
4100.3			0.8482946526635349
4101.2			0.7903355995758041
4102.1			0.8071831644242955
4103.0			0.8818633081247926
4103.9			0.9276339967240904
4104.8			0.9654466944111555
4105.7			1.048892941566717
4106.6			1.1294985202963579
4107.5			1.1411653051685013
4108.4			1.1029952730098807
4109.3			1.0558685695774126
4110.2			1.0038919387242449
4111.1			1.0
4112.0			1.0
4112.9			1.0
4113.8			1.0
4114.7			1.0
4115.6			1.0
4116.5			1.0
4117.4			1.0
4118.3			1.0
4119.2			1.0
4120.1			1.0
4121.0			1.0
4121.9			1.0
4122.8			1.0
4123.7			1.0
4124.6			1.0
4125.5			1.0
4126.4			0.9771595349006357
4127.3			0.9350679953816089
4128.2			0.9086016688424754
4129.1			0.8879529047539527
4130.0			0.8606426321018374
4130.9			0.8091099850794643
4131.8			0.7331251122235162
4132.7			0.6831242642482337
4133.6			0.6952977796573259
4134.5			0.7609703484727889
4135.4			0.8686671540487417
4136.3			0.9601523097564495
4137.2			0.9783156324655427
4138.1			0.9617643083872457
4139.0			0.9633662322637253
4139.9			0.974763863342655
4140.8			0.9557580736714175
4141.7			0.8532187998413233
4142.6			0.6734854311058748
4143.5			0.5490208624948688
4144.4			0.5907941819870322
4145.3			0.7253767244900798
4146.2			0.8215580328144211
4147.1			0.8594210874412235
4148.0			0.8643351042036311
4148.9			0.8365492348568503
4149.8			0.7856871659052482
4150.7			0.7404141202808887
4151.6			0.7324288036911428
4152.5			0.7652794179323055
4153.4			0.7895844343389804
4154.3			0.7806743720198985
4155.2			0.7664025486981489
4156.1			0.7489019076391424
4157.0			0.7570500689154537
4157.9			0.8398499552514176
4158.8			0.9564013598116673
4159.7			1.0158140945903333
4160.6			0.9992179013633439
4161.5			1.0
4162.4			1.051829561345821
4163.3			1.0733829232121492
4164.2			1.0170926741052548
4165.1			0.9491318647841998
4166.0			0.8914111675414137
4166.9			0.8278718804435631
4167.8			0.8263688470348183
4168.7			0.904801832543656
4169.6			0.9878880472565272
4170.5			1.023080965207271
4171.4			0.9504831295382082
4172.3			0.8046715176910886
4173.2			0.7336800121637854
4174.1			0.7773407465065343
4175.0			0.8417885044964479
4175.9			0.8570176157363129
4176.8			0.8293290811934367
4177.7			0.7972392604849181
4178.6			0.7981552613002261
4179.5			0.8172986134712829
4180.4			0.8187306671191796
4181.3			0.8085686388170555
4182.2			0.8312328774889237
4183.1			0.9031127582038676
4184.0			0.9990374749352972
4184.9			1.0
4185.8			1.0027894784318963
4186.7			0.8821119172463399
4187.6			0.7938664192485616
4188.5			1.0
4189.4			1.1236089266346507
4190.3			1.1296715184444202
4191.2			1.0544848747177318
4192.1			1.0521131582208467
4193.0			1.1245531259010986
4193.9			1.1243954460842696
4194.8			1.012991286734496
4195.7			0.8784425215165412
4196.6			0.7975499843647329
4197.5			0.7840395724472787
4198.4			0.8043239220954919
4199.3			0.8410918926391007
4200.2			0.8711832712693169
4201.1			0.8440727110608106
4202.0			0.7893478606798023
4202.9			0.8059285657482673
4203.8			0.8872841671277136
4204.7			0.9550238789561507
4205.6			1.005973265194873
4206.5			1.0
4207.4			1.0
4208.3			1.0
4209.2			1.0
4210.1			1.0
4211.0			1.0
4211.9			1.0
4212.8			0.9512029402871367
4213.7			0.8240991615081102
4214.6			0.6702096705559512
4215.5			0.6036261139544219
4216.4			0.7088957687401167
4217.3			0.8934978083862193
4218.2			0.992465700111975
4219.1			1.0
4220.0			1.0
4220.9			1.0
4221.8			1.0
4222.7			1.0
4223.6			0.8643945937240745
4224.5			0.706911436276717
4225.4			0.5046332268413307
4226.3			0.33022732243625413
4227.2			0.32102537648953966
4228.1			1.0
4229.0			1.3974490498765686
4229.9			1.6152496093912891
4230.8			1.6736459317308936
4231.7			1.5969590714753377
4232.6			1.3886237370884926
4233.5			1.2078172075005786
4234.4			1.1455180592988774
4235.3			1.0817504669594757
4236.2			0.994828774840678
4237.1			0.9734018087104147
4238.0			0.9842894016591284
4238.9			0.9587126408191209
4239.8			0.9378119946100548
4240.7			0.9704514409464318
4241.6			0.9977528289304722
4242.5			1.0
4243.4			1.0316832048277433
4244.3			1.1254444096105054
4245.2			1.1824645026238627
4246.1			1.1315911828092229
4247.0			1.0118018040399868
4247.9			0.908371640437989
4248.8			0.8346984285856858
4249.7			0.7397182311058119
4250.6			0.6781551611345961
4251.5			0.7399662736358821
4252.4			0.8327079959278718
4253.3			0.8061166010589981
4254.2			0.7015290198397452
4255.1			0.689792216884038
4256.0			1.0
4256.9			1.1469100094246385
4257.8			1.120810067106421
4258.7			0.9517922549449468
4259.6			0.772389267606573
4260.5			0.6687023669648602
4261.4			0.7039150862736119
4262.3			0.8416168942622503
4263.2			0.9532444989579452
4264.1			0.9835539704975876
4265.0			1.0
4265.9			1.0152421109130367
4266.8			0.9846619257853597
4267.7			0.9022453150634268
4268.6			0.8280856131287742
4269.5			0.759597541866222
4270.4			0.6369368984140813
4271.3			0.4988972370631582
4272.2			0.46652812096218255
4273.1			0.5339343189095979
4274.0			0.5623064784536058
4274.9			0.5581912542441604
4275.8			0.6489629819409891
4276.7			0.8124086427310205
4277.6			0.9467374127401885
4278.5			1.0033720859667734
4279.4			1.0
4280.3			1.0
4281.2			1.0
4282.1			1.0
4283.0			1.0
4283.9			1.0
4284.8			1.0
4285.7			1.0
4286.6			1.0
4287.5			1.0266997992659175
4288.4			0.9526744100981752
4289.3			0.7813461934800818
4290.2			0.6854521894265719
4291.1			0.7437936721567882
4292.0			1.0
4292.9			1.1240266892685933
4293.8			1.0976464281501719
4294.7			1.0224727962529547
4295.6			1.0334776449317917
4296.5			1.048925136707139
4297.4			0.9760548141144946
4298.3			0.8357872066298728
4299.2			0.6883390530797592
4300.1			0.6290350744133166
4301.0			0.6854020194796677
4301.9			0.7478868051558475
4302.8			0.7531946314878695
4303.7			0.75834976747198
4304.6			0.7643769198393149
4305.5			0.7252206478988132
4306.4			0.6493185133254351
4307.3			0.5633305823160393
4308.2			0.5067712603753035
4309.1			0.5284676807642403
4310.0			0.6121228195604811
4310.9			0.6998033158439645
4311.8			0.7805393473085822
4312.7			0.8757213917015982
4313.6			0.9683044697364139
4314.5			1.0657535225085317
4315.4			1.2435476252157873
4316.3			1.4598710516450528
4317.2			1.5625682381648134
4318.1			1.5338300531715263
4319.0			1.4701528170045586
4319.9			1.4091657795912724
4320.8			1.0
4321.7			0.964079171732159
4322.6			0.8918267055061706
4323.5			0.7380905570061141
4324.4			0.5564728591912846
4325.3			0.441427389058587
4326.2			0.4698931191145361
4327.1			0.6548886938228707
4328.0			0.8807743305779202
4328.9			1.002524326677316
4329.8			1.0
4330.7			1.0
4331.6			1.0
4332.5			1.0
4333.4			1.0
4334.3			1.0
4335.2			1.0458751546864407
4336.1			1.0132293388519225
4337.0			0.8815540020014816
4337.9			0.7589228111228149
4338.8			0.7106615389960257
4339.7			0.6900249845811564
4340.6			0.7078337902589722
4341.5			0.815062302229353
4342.4			0.9353547817567095
4343.3			0.9753436159112135
4344.2			0.9945536170858108
4345.1			1.0
4346.0			1.0
4346.9			1.0
4347.8			1.0201329274124953
4348.7			1.1131677593627773
4349.6			1.1417048933597502
4350.5			1.0034439224256189
4351.4			0.7932335082990748
4352.3			0.699345399143535
4353.2			0.7628847405393289
4354.1			0.8554062728660418
4355.0			0.9015750948170995
4355.9			0.9454589613365556
4356.8			1.0009728735416357
4357.7			1.0
4358.6			1.0
4359.5			1.0
4360.4			1.0
4361.3			1.0
4362.2			1.0
4363.1			1.0
4364.0			1.0
4364.9			1.0
4365.8			1.0
4366.7			1.0
4367.6			1.0
4368.5			1.0
4369.4			1.0
4370.3			1.0
4371.2			1.0
4372.1			1.0
4373.0			1.0
4373.9			1.0
4374.8			1.0
4375.7			1.0
4376.6			1.0
4377.5			1.0
4378.4			1.0
4379.3			1.0
4380.2			0.9432716719979324
4381.1			0.882942329755828
4382.0			0.7607271845906589
4382.9			0.5524908923585748
4383.8			0.4053190587396023
4384.7			0.47923608316992145
4385.6			0.7222419121588834
4386.5			0.9289227445191474
4387.4			0.9876775216091135
4388.3			1.0
4389.2			1.0
4390.1			1.0
4391.0			1.0
4391.9			1.0
4392.8			1.0
4393.7			1.0
4394.6			1.0
4395.5			1.0
4396.4			1.0
4397.3			1.0
4398.2			1.0
4399.1			1.0
4400.0			1.0
4400.9			0.9678675534957002
4401.8			1.0350433323525274
4402.7			1.0417893706051908
4403.6			0.8508591473736817
4404.5			0.6193408907676518
4405.4			0.5920630937014377
4406.3			0.7296110853322604
4407.2			0.8174168924301822
4408.1			0.824888989755495
4409.0			0.8784701902237942
4409.9			1.0017229160614511
4410.8			1.0
4411.7			1.0
4412.6			1.0161586674621619
4413.5			0.9599260559480063
4414.4			0.8113922047614466
4415.3			0.7079418894414204
4416.2			0.7622789881361253
4417.1			0.8924626631112
4418.0			1.001783425666322
4418.9			1.0
4419.8			1.0
4420.7			1.0
4421.6			1.0
4422.5			1.0
4423.4			1.0
4424.3			1.0
4425.2			1.0
4426.1			1.0
4427.0			1.0
4427.9			1.0
4428.8			1.0
4429.7			1.0
4430.6			1.0
4431.5			1.0
4432.4			1.0662431735511568
4433.3			1.0054506587354313
4434.2			0.8599551854722943
4435.1			0.7616489660214097
4436.0			0.785784704112658
4436.9			0.8978959670133017
4437.8			1.0065935540214137
4438.7			1.0
4439.6			1.0
4440.5			1.0
4441.4			1.0
4442.3			1.0
4443.2			1.0
4444.1			1.0
4445.0			1.0
4445.9			1.0
4446.8			1.0
4447.7			1.0
4448.6			1.0
4449.5			1.0
4450.4			1.0
4451.3			1.0
4452.2			1.010029660033545
4453.1			0.9669145264659688
4454.0			0.8737025943139946
4454.9			0.7908019464120016
4455.8			0.7817726263496189
4456.7			0.8323151045355528
4457.6			0.8624343162266364
4458.5			0.8416425617853115
4459.4			0.8152079470231309
4460.3			0.799085438654062
4461.2			0.7643538404138971
4462.1			0.7704066328392993
4463.0			0.884438264348747
4463.9			1.0096368670776827
4464.8			1.0324074721952448
4465.7			0.9981340798874272
4466.6			0.9972639222480828
4467.5			1.0267655225440733
4468.4			1.0184261180355956
4469.3			0.9839284134479417
4470.2			0.9949144090825399
4471.1			1.0
4472.0			1.0
4472.9			1.0
4473.8			1.0
4474.7			1.0
4475.6			1.0
4476.5			1.0
4477.4			1.0
4478.3			0.996360620014816
4479.2			0.9171188489812706
4480.1			0.8098311366670936
4481.0			0.7444101968207566
4481.9			0.7394228989481239
4482.8			0.7951707005755938
4483.7			0.8846755744676594
4484.6			0.9572135625275
4485.5			1.0000553994480699
4486.4			1.0
4487.3			1.0
4488.2			1.0
4489.1			1.0
4490.0			1.0
4490.9			1.0
4491.8			1.062328003672658
4492.7			1.0603181842231468
4493.6			0.9584318473739449
4494.5			0.8365039305460787
4495.4			0.798453397899412
4496.3			0.8411225469825995
4497.2			0.9111136789868062
4498.1			0.9748287872846108
4499.0			1.0019682698336168
4499.9			1.0
4500.8			1.0
4501.7			1.0
4502.6			1.0
4503.5			1.0
4504.4			1.0
4505.3			1.0
4506.2			1.0
4507.1			1.0
4508.0			0.9917306792752929
4508.9			1.007250239167552
4509.8			1.0279164703735626
4510.7			1.0392078696531537
4511.6			1.0077447693615171
4512.5			0.9401687818971108
4513.4			0.8865588152595536
4514.3			0.8711267209585276
4515.2			0.8897301359902695
4516.1			0.9150109451299437
4517.0			1.0
4517.9			0.9674160065611452
4518.8			0.9891974752594964
4519.7			1.061265468609327
4520.6			1.1199125239344836
4521.5			1.12541310741679
4522.4			1.0706970500146002
4523.3			1.0244814177834771
4524.2			1.0076899460445994
4525.1			0.9546700297125627
4526.0			0.8756897665134857
4526.9			0.8081751255424984
4527.8			0.7591254072550753
4528.7			0.7442871849519102
4529.6			0.7723255118637565
4530.5			0.8107803149845075
4531.4			0.8567086254040812
4532.3			0.915060213389566
4533.2			0.925012556110577
4534.1			0.8721023275113254
4535.0			0.8161234163054554
4535.9			1.0
4536.8			1.1559287718941624
4537.7			1.2723263685941348
4538.6			1.2362626031049624
4539.5			1.1308153622952446
4540.4			1.0413181305930685
4541.3			1.0185258285499406
4542.2			1.0708696883177984
4543.1			1.1116596129562157
4544.0			1.0691905904485777
4544.9			0.9968067480310466
4545.8			0.9801704370000769
4546.7			1.011880029855267
4547.6			1.0231878861446855
4548.5			0.9796147500452558
4549.4			0.9309924011497548
4550.3			0.9467855708714967
4551.2			0.9820572658456378
4552.1			0.9656913314177552
4553.0			0.9275291852278214
4553.9			0.9057423268377278
4554.8			0.8968726155747576
4555.7			0.9193832609620702
4556.6			0.9740702412609312
4557.5			1.0254288395885098
4558.4			1.0478252882416392
4559.3			1.0374827025247055
4560.2			1.007776209274455
4561.1			1.0
4562.0			1.0070636205325452
4562.9			0.9681934158302216
4563.8			0.8841367818151582
4564.7			0.8268346052711978
4565.6			0.8395688940066686
4566.5			0.9164452380578918
4567.4			0.999985432517074
4568.3			1.0
4569.2			1.0
4570.1			1.0
4571.0			1.0
4571.9			1.0
4572.8			1.0
4573.7			1.0
4574.6			1.0
4575.5			1.0
4576.4			1.0
4577.3			0.9975901371485318
4578.2			0.9706409344829016
4579.1			0.9151185353256267
4580.0			1.0
4580.9			0.9846515218476064
4581.8			1.0518295149216739
4582.7			1.1154789669854266
4583.6			1.11691811866965
4584.5			1.0758274379712405
4585.4			1.030326109067419
4586.3			1.0218468964629237
4587.2			1.0779338644771312
4588.1			1.1674583330516217
4589.0			1.2211174683663508
4589.9			1.196988704643693
4590.8			1.124494895367019
4591.7			1.061724115424078
4592.6			1.0322258976799716
4593.5			1.021347594733608
4594.4			0.9982039503106638
4595.3			0.9696536454974816
4596.2			0.9610310649898743
4597.1			0.9684994856041307
4598.0			0.9891716239726118
4598.9			1.013305020837102
4599.8			0.9974805790140393
4600.7			0.9693818360216558
4601.6			0.9843714086311912
4602.5			1.0024252604333523
4603.4			0.9857899553558203
4604.3			0.9484758107065624
4605.2			0.9158712693259098
4606.1			0.9323243072453083
4607.0			1.0122323104281028
4607.9			1.103137452899752
4608.8			1.141515686351431
4609.7			1.1104923842956178
4610.6			1.0454195702117073
4611.5			0.9986569903595537
4612.4			1.0
4613.3			1.0
4614.2			1.0
4615.1			1.0
4616.0			1.0
4616.9			1.0
4617.8			1.0
4618.7			1.0
4619.6			1.0
4620.5			1.0
4621.4			1.0
4622.3			1.0
4623.2			1.0
4624.1			1.0
4625.0			1.0
4625.9			1.0
4626.8			1.0
4627.7			1.0
4628.6			1.0
4629.5			1.0
4630.4			1.0
4631.3			1.0
4632.2			1.0
4633.1			1.0
4634.0			1.0
4634.9			1.0
4635.8			1.0
4636.7			1.0
4637.6			1.0
4638.5			1.0
4639.4			1.0
4640.3			0.9886183501183835
4641.2			1.0424630897684017
4642.1			1.0784796717586087
4643.0			1.0463087132298472
4643.9			0.9918136027240946
4644.8			0.9418586050608143
4645.7			0.870837501205053
4646.6			0.8038540368146357
4647.5			0.8011109052678529
4648.4			0.8467366199082864
4649.3			0.8973695016776033
4650.2			0.9395654486614892
4651.1			0.9720759333699248
4652.0			1.0
4652.9			1.0110462801567375
4653.8			0.9674748602502687
4654.7			0.896686307751461
4655.6			0.8639439906692878
4656.5			0.875631333153308
4657.4			0.9271715351147208
4658.3			0.9992012407690226
4659.2			1.0
4660.1			1.0
4661.0			1.0
4661.9			1.0
4662.8			0.9392930621461083
4663.7			0.9155413234451532
4664.6			0.9188581520849097
4665.5			0.8833711264812325
4666.4			0.7816291873207508
4667.3			0.7051942811115887
4668.2			0.7395970054527609
4669.1			0.8455392230317205
4670.0			0.9387824733877459
4670.9			0.9927117530392058
4671.8			1.0002028044448814
4672.7			1.0
4673.6			1.0
4674.5			1.0
4675.4			1.0
4676.3			1.0395006655521597
4677.2			1.0377850060998792
4678.1			0.9862197114359109
4679.0			0.9407664621285355
4679.9			0.9225059201928609
4680.8			0.9076099011808395
4681.7			0.9102658963344422
4682.6			0.9525110555932627
4683.5			0.9965270525306599
4684.4			1.0037494677613383
4685.3			1.0002032801514833
4686.2			1.0
4687.1			1.0
4688.0			1.0
4688.9			1.0
4689.8			1.0
4690.7			1.0
4691.6			0.9730320724342412
4692.5			0.9727560278665631
4693.4			0.9844303561301551
4694.3			1.0064691694306116
4695.2			1.0484025458213164
4696.1			1.0731177008640749
4697.0			1.0342816020708907
4697.9			0.95138211702604
4698.8			0.9015885498760744
4699.7			0.9167020828502987
4700.6			0.9402250343320607
4701.5			0.9314208063425372
4702.4			0.9091031391342743
4703.3			0.9123279245380603
4704.2			0.9607966343650515
4705.1			1.005368597484212
4706.0			0.999108832128125
4706.9			1.0
4707.8			1.0
4708.7			1.0
4709.6			1.0
4710.5			1.0
4711.4			1.0
4712.3			0.9919140062119626
4713.2			0.9412077800894871
4714.1			0.8907807984150939
4715.0			0.9057924599303975
4715.9			0.9979910223854699
4716.8			1.0
4717.7			1.0
4718.6			1.0
4719.5			1.0
4720.4			1.0
4721.3			1.0
4722.2			1.0
4723.1			0.9941919292100513
4724.0			1.0332088461353122
4724.9			1.0762066519524247
4725.8			1.0640935353751466
4726.7			0.9773379808396013
4727.6			0.8717886812130315
4728.5			0.8231165867580722
4729.4			0.8319832372580441
4730.3			0.8676904768196149
4731.2			0.922231733709144
4732.1			0.9734731111847187
4733.0			0.9934612304501115
4733.9			1.0001123478273244
4734.8			1.0
4735.7			1.0
4736.6			1.0
4737.5			1.0
4738.4			1.0
4739.3			1.0
4740.2			1.0
4741.1			1.0
4742.0			1.0
4742.9			1.0
4743.8			1.0
4744.7			1.0
4745.6			1.0
4746.5			1.0
4747.4			1.0
4748.3			1.0
4749.2			0.9857964093627533
4750.1			0.9845850187316959
4751.0			0.9738207808299765
4751.9			0.9448088466792469
4752.8			0.9146120845266343
4753.7			0.8911218544566004
4754.6			0.8852265095133737
4755.5			0.9027581685089021
4756.4			0.924098467629318
4757.3			0.9384727292552424
4758.2			0.9539408603265394
4759.1			1.0
4760.0			1.0226111391979364
4760.9			0.9972622923025455
4761.8			0.9469318094818217
4762.7			0.9312075985781105
4763.6			0.9368441694425911
4764.5			0.913101328899556
4765.4			0.8695785548696421
4766.3			0.861160369342605
4767.2			0.9067161464143308
4768.1			0.9754592870840297
4769.0			1.040365877194869
4769.9			1.0685472758226409
4770.8			1.0429432515220054
4771.7			1.0028676195861306
4772.6			1.0
4773.5			1.0461254792197046
4774.4			1.0972210960469404
4775.3			1.087042724294202
4776.2			1.0575943451682297
4777.1			1.069674366787578
4778.0			1.0855066752738605
4778.9			1.065418032047414
4779.8			1.0357935745913158
4780.7			1.018100671736062
4781.6			0.9882985586935068
4782.5			0.9335661634507887
4783.4			0.9073489902999106
4784.3			0.937655076643131
4785.2			0.9551373765929246
4786.1			0.9278736861123372
4787.0			0.9168851263273986
4787.9			0.9338998763591679
4788.8			0.9265374616862742
4789.7			0.9010952234064095
4790.6			0.8994183849001427
4791.5			0.9221169827407826
4792.4			0.9558179402352543
4793.3			1.0008053212519459
4794.2			1.0
4795.1			1.0
4796.0			0.9686692735085755
4796.9			0.9289424053844788
4797.8			0.9019793945557165
4798.7			0.8753712175065045
4799.6			0.8601992399168045
4800.5			0.8829960685788465
4801.4			0.9404573420328916
4802.3			0.9911299258595244
4803.2			0.99859176918247
4804.1			1.0
4805.0			1.0
4805.9			1.0
4806.8			1.0
4807.7			1.0
4808.6			1.0
4809.5			1.0
4810.4			1.0
4811.3			1.0
4812.2			1.0
4813.1			1.0
4814.0			1.0
4814.9			1.0
4815.8			1.0
4816.7			1.0
4817.6			1.0
4818.5			1.0
4819.4			1.0
4820.3			1.0
4821.2			1.0
4822.1			0.9612550254071532
4823.0			0.8906125645141634
4823.9			0.8671793456348494
4824.8			0.9231877404617914
4825.7			0.9914360587322398
4826.6			1.0
4827.5			1.0
4828.4			1.0
4829.3			1.0
4830.2			1.0
4831.1			1.0
4832.0			1.0
4832.9			1.0
4833.8			1.0
4834.7			1.0
4835.6			1.0
4836.5			1.0
4837.4			1.0
4838.3			1.0
4839.2			1.0
4840.1			1.0
4841.0			1.0
4841.9			1.0
4842.8			1.0
4843.7			1.0
4844.6			1.0
4845.5			1.0
4846.4			1.0
4847.3			1.0
4848.2			1.0
4849.1			1.0
4850.0			1.0
4850.9			1.0
4851.8			1.0
4852.7			1.0
4853.6			1.0
4854.5			1.0
4855.4			0.9380974093062091
4856.3			0.9715476550021911
4857.2			1.033764722199679
4858.1			1.0319743115249491
4859.0			0.9657277201366188
4859.9			0.8683693387636844
4860.8			0.7784883805884806
4861.7			0.7772560028468584
4862.6			0.8717710598747592
4863.5			0.9355851694653471
4864.4			0.9424477931569207
4865.3			0.9687724758651391
4866.2			1.0025167448069756
4867.1			1.0
4868.0			1.0
4868.9			1.0
4869.8			0.9823178670868861
4870.7			0.8712822148671687
4871.6			0.7981723444882093
4872.5			0.8706361490136539
4873.4			0.9911407192193408
4874.3			1.0
4875.2			1.0
4876.1			1.0
4877.0			1.0
4877.9			1.0
4878.8			1.0
4879.7			1.0
4880.6			1.0
4881.5			1.0
4882.4			1.0
4883.3			1.0
4884.2			1.0
4885.1			1.0
4886.0			1.0
4886.9			1.0
4887.8			1.0081451444125393
4888.7			0.987959183319546
4889.6			0.9163995868406418
4890.5			0.7977344684158619
4891.4			0.7421019021322864
4892.3			0.8239457441693918
4893.2			0.9302573333646285
4894.1			0.9743352932634421
4895.0			0.9769723848418485
4895.9			1.0
4896.8			1.0
4897.7			1.0
4898.6			1.0
4899.5			1.0
4900.4			1.0
4901.3			1.0
4902.2			1.0
4903.1			1.0
4904.0			1.0
4904.9			1.0
4905.8			1.0
4906.7			1.0006462095002726
4907.6			0.9604906060074972
4908.5			0.9122670285885203
4909.4			0.8696644744041536
4910.3			0.8539624591706138
4911.2			0.8786927287801863
4912.1			0.9242856428817678
4913.0			0.964786112576131
4913.9			0.9947228549948904
4914.8			1.0
4915.7			1.0
4916.6			0.9879082479567479
4917.5			0.9173447316306262
4918.4			0.804112566676679
4919.3			0.7008995130128829
4920.2			0.6777283462590374
4921.1			0.7626953064816033
4922.0			0.8996791607227596
4922.9			0.9887732593671176
4923.8			0.9931625372347899
4924.7			1.0
4925.6			1.0
4926.5			1.0
4927.4			1.0
4928.3			1.0
4929.2			1.0
4930.1			1.0
4931.0			1.0
4931.9			1.0
4932.8			1.0
4933.7			1.0
4934.6			1.0
4935.5			1.0312568171538643
4936.4			0.9881072998533124
4937.3			0.8850480212391527
4938.2			0.7974595255564583
4939.1			0.7885961282309587
4940.0			0.8588126847524457
4940.9			0.9404588644312817
4941.8			0.9777391067503324
4942.7			0.9948261089554027
4943.6			1.0
4944.5			1.0
4945.4			1.0
4946.3			1.0
4947.2			1.0
4948.1			1.0
4949.0			1.0
4949.9			1.0
4950.8			1.0
4951.7			1.0
4952.6			1.0
4953.5			1.0
4954.4			1.0
4955.3			0.9763966647724321
4956.2			0.8761911939314746
4957.1			0.7283702413010227
4958.0			0.702501856753305
4958.9			0.836672293848664
4959.8			0.9667418788087713
4960.7			0.9937559952739845
4961.6			1.0
4962.5			1.0
4963.4			1.0
4964.3			1.0
4965.2			1.0
4966.1			1.0
4967.0			1.0
4967.9			1.0
4968.8			1.0
4969.7			1.0
4970.6			1.0
4971.5			1.0
4972.4			1.0
4973.3			1.0
4974.2			1.0
4975.1			1.0
4976.0			1.0
4976.9			1.0
4977.8			1.0
4978.7			1.0
4979.6			1.002033671744306
4980.5			1.007456273366367
4981.4			0.950840895710775
4982.3			0.8590084614409953
4983.2			0.8242582827199063
4984.1			0.8586589551900665
4985.0			0.9008835019556706
4985.9			0.9437167016834362
4986.8			1.0018886050903058
4987.7			1.0
4988.6			1.0
4989.5			1.0
4990.4			1.0
4991.3			1.0
4992.2			1.0
4993.1			1.0
4994.0			1.0
4994.9			1.0
4995.8			1.0
4996.7			1.0
4997.6			1.0
4998.5			1.0
4999.4			1.0
5000.3			1.0
5001.2			0.9962641679206209
5002.1			1.002617671518964
5003.0			1.0111235187749001
5003.9			1.0006784945993512
5004.8			0.9451614968306785
5005.7			0.879663537719856
5006.6			0.8802763244968549
5007.5			0.9653036067817858
5008.4			1.0493911478018245
5009.3			1.0670175931512706
5010.2			1.0539534102875496
5011.1			1.025977226350774
5012.0			0.9583195670853787
5012.9			0.8831326236093882
5013.8			0.8521699815795405
5014.7			0.8827962698595557
5015.6			0.9495571986658387
5016.5			0.979982677983667
5017.4			0.9554164106816714
5018.3			0.9437726540562038
5019.2			0.9672490301081583
5020.1			0.9779301778076299
5021.0			0.9536051336498758
5021.9			0.9205650407910917
5022.8			0.9322875672706912
5023.7			0.9877325223252923
5024.6			1.029881548927479
5025.5			1.035461181916459
5026.4			0.9989530366833557
5027.3			1.0
5028.2			1.0
5029.1			1.0
5030.0			1.0
5030.9			1.0
5031.8			1.0
5032.7			1.0
5033.6			1.0
5034.5			1.0
5035.4			1.0
5036.3			1.0
5037.2			1.0218913091784123
5038.1			1.0196602368927572
5039.0			0.9419762907640964
5039.9			0.8245392902812795
5040.8			0.7330288084039517
5041.7			0.7535989690746455
5042.6			0.8687232075081991
5043.5			1.0
5044.4			1.0533216110861428
5045.3			1.0976093193029817
5046.2			1.1139898591542132
5047.1			1.0586139559183834
5048.0			0.9530117311463966
5048.9			0.8790882391182768
5049.8			0.8729735313265256
5050.7			0.8959311281183745
5051.6			0.9079455169432524
5052.5			0.9156398278053457
5053.4			0.9441521023222005
5054.3			0.9857240567609746
5055.2			1.0033807702119
5056.1			1.0
5057.0			1.0
5057.9			1.0
5058.8			1.0
5059.7			1.0
5060.6			1.0
5061.5			1.0
5062.4			1.0
5063.3			1.0
5064.2			1.0
5065.1			1.0
5066.0			1.0
5066.9			1.0
5067.8			1.0
5068.7			1.0
5069.6			1.0
5070.5			1.0
5071.4			1.0
5072.3			1.0
5073.2			1.0
5074.1			1.0417233103568795
5075.0			1.029613896138747
5075.9			1.0007213183703403
5076.8			1.0210638380736075
5077.7			1.0296914551155922
5078.6			0.946047636454726
5079.5			0.8428327283858154
5080.4			0.8269426813024117
5081.3			0.8792177729031068
5082.2			0.9143460221246642
5083.1			0.9155922709890154
5084.0			0.9311219359905464
5084.9			0.9640668264450782
5085.8			0.9896313471197766
5086.7			0.9993392883102268
5087.6			1.0
5088.5			1.0
5089.4			1.0
5090.3			1.0
5091.2			1.0
5092.1			1.0
5093.0			1.0
5093.9			1.0
5094.8			1.0
5095.7			0.9585064744067984
5096.6			0.93568268190972
5097.5			0.9011217142882147
5098.4			0.8462252767379743
5099.3			0.8324335039760187
5100.2			1.0
5101.1			1.0776333698974023
5102.0			1.1114057414197602
5102.9			1.0858560424539092
5103.8			1.0393618133868652
5104.7			1.0120589060185419
5105.6			1.002851759446925
5106.5			0.979943906539056
5107.4			0.9396111671740348
5108.3			0.9241189021173785
5109.2			0.9218563204028333
5110.1			0.9128136983185947
5111.0			0.9342476650750987
5111.9			0.9693222133962403
5112.8			0.9759394162142334
5113.7			0.9827647896101277
5114.6			0.9986753051625452
5115.5			1.0
5116.4			1.0050782276652883
5117.3			1.0343386497136384
5118.2			1.0498048076382425
5119.1			1.0263439338567708
5120.0			0.9895363036918782
5120.9			0.9611368144349853
5121.8			0.937817574487805
5122.7			0.8938350225397437
5123.6			0.8436525090296824
5124.5			0.8357689977473204
5125.4			0.865956477902556
5126.3			0.8890153699475569
5127.2			0.8854904036531702
5128.1			0.8719680590442193
5129.0			0.8659699757207998
5129.9			0.8817080872050947
5130.8			0.9357060474792661
5131.7			0.9898217550272164
5132.6			0.9997870705286194
5133.5			1.0
5134.4			1.0
5135.3			1.0
5136.2			0.9878202168119669
5137.1			0.9416438030473856
5138.0			0.9000626361194994
5138.9			0.8754394952941584
5139.8			0.9192768114471724
5140.7			1.0005771484998225
5141.6			0.9973369814776091
5142.5			1.0
5143.4			1.0
5144.3			1.0
5145.2			1.0
5146.1			1.0
5147.0			1.0
5147.9			1.0
5148.8			1.0
5149.7			1.0
5150.6			1.0
5151.5			1.0
5152.4			1.0
5153.3			1.0
5154.2			1.0
5155.1			1.0
5156.0			1.0
5156.9			1.0
5157.8			1.0
5158.7			1.0
5159.6			1.0
5160.5			1.0
5161.4			1.0
5162.3			1.0
5163.2			1.0
5164.1			1.0
5165.0			1.0
5165.9			1.0
5166.8			1.0
5167.7			1.0
5168.6			1.0
5169.5			1.1631051964043773
5170.4			1.147305953917905
5171.3			0.9034190957487159
5172.2			0.6563813820013308
5173.1			0.6373310007956742
5174.0			0.8344327027466883
5174.9			1.0239827619594968
5175.8			1.0
5176.7			1.0
5177.6			1.0
5178.5			1.0
5179.4			0.9735200627050747
5180.3			0.9171121884233904
5181.2			0.823455851995908
5182.1			0.6681327253533472
5183.0			0.5036694163288501
5183.9			0.47648205161745627
5184.8			0.6372047769509696
5185.7			0.8461635484797552
5186.6			0.9704146865789691
5187.5			1.0
5188.4			1.0021438245487289
5189.3			1.0390381953032954
5190.2			1.0474904339336295
5191.1			0.945982449790184
5192.0			0.8259552802764134
5192.9			0.8254828443126431
5193.8			0.9024486905398443
5194.7			0.9331370807878584
5195.6			0.925542330419369
5196.5			0.9512334451790523
5197.4			0.9999233350153052
5198.3			1.0
5199.2			1.0
5200.1			1.0
5201.0			1.0
5201.9			0.9818127752035846
5202.8			0.969291252035743
5203.7			0.9184605692903434
5204.6			0.8162770571257313
5205.5			0.7476062091279462
5206.4			0.7517437289612671
5207.3			0.7513669072865587
5208.2			0.716637049270495
5209.1			0.7271582154780168
5210.0			0.8059893148214177
5210.9			0.9008388564609145
5211.8			0.9916939096000638
5212.7			1.0466944829519178
5213.6			1.0495980365849045
5214.5			1.0003168431201521
5215.4			1.0
5216.3			1.0
5217.2			1.0
5218.1			1.0
5219.0			1.0
5219.9			1.0
5220.8			1.0
5221.7			1.0
5222.6			1.0
5223.5			0.937679567186567
5224.4			0.8691368442920164
5225.3			0.798377362747956
5226.2			0.7249936254611637
5227.1			0.7135351553776558
5228.0			0.8192102162010161
5228.9			0.9470856051576815
5229.8			0.9947488195854761
5230.7			1.0004700753802285
5231.6			1.0
5232.5			1.0
5233.4			1.0
5234.3			1.0
5235.2			1.0
5236.1			1.0
5237.0			1.0
5237.9			1.0
5238.8			1.0
5239.7			1.0
5240.6			1.0076264378609627
5241.5			1.0189817443636267
5242.4			1.0105467857262647
5243.3			1.01113264710591
5244.2			1.0479670038552547
5245.1			1.056270557204996
5246.0			0.9860401262938456
5246.9			0.9037854597003319
5247.8			0.8939102057997201
5248.7			0.926782816997577
5249.6			0.9130782618299353
5250.5			0.8749749541484974
5251.4			0.892093202528439
5252.3			0.9433909834766846
5253.2			0.9588107594338782
5254.1			0.9228023528693667
5255.0			0.8834405145281745
5255.9			0.9226301060822599
5256.8			1.0138931841754002
5257.7			1.0661676389597219
5258.6			1.0714770986568152
5259.5			1.0
5260.4			0.9542042259968961
5261.3			0.8866711947568224
5262.2			0.8086147850433284
5263.1			0.7410286070971117
5264.0			0.7018660465154344
5264.9			0.6730411881614291
5265.8			0.652557604127686
5266.7			0.6940676170714442
5267.6			0.7508481190120084
5268.5			0.6829047652604943
5269.4			0.5491426942242588
5270.3			0.5572579614047849
5271.2			0.712080920253475
5272.1			0.8372978498929758
5273.0			0.8678624073859091
5273.9			0.8587075694406723
5274.8			0.8340785203001567
5275.7			0.8324906156973031
5276.6			0.8991298928662046
5277.5			0.977838440588858
5278.4			1.0
5279.3			0.972852171974906
5280.2			0.9211622038400765
5281.1			0.871583151549079
5282.0			0.843002128721191
5282.9			0.8266649287748218
5283.8			0.8244188258655681
5284.7			0.8793696196825863
5285.6			0.9811734123921196
5286.5			1.0354653115044918
5287.4			1.0227664365720246
5288.3			0.9997130224916679
5289.2			1.0
5290.1			1.0
5291.0			1.0
5291.9			1.0
5292.8			0.9699477030434599
5293.7			0.9597510293097937
5294.6			0.9638228309509393
5295.5			0.9322949715995795
5296.4			0.8520846303900985
5297.3			0.7698205151164141
5298.2			0.7569807665333047
5299.1			0.8320995425825063
5300.0			0.9010223106870605
5300.9			0.9057066562020449
5301.8			0.9024140556066408
5302.7			0.9374240596203921
5303.6			0.9983576328906635
5304.5			1.0
5305.4			1.0
5306.3			1.0
5307.2			1.0
5308.1			1.0
5309.0			1.0
5309.9			1.0
5310.8			1.0
5311.7			1.0
5312.6			1.0
5313.5			1.0
5314.4			1.0
5315.3			1.0
5316.2			1.0
5317.1			1.0
5318.0			1.0
5318.9			1.0
5319.8			1.0
5320.7			1.0
5321.6			1.0
5322.5			1.0
5323.4			1.0
5324.3			1.0
5325.2			1.0209427785157117
5326.1			1.0185174955239178
5327.0			0.8873423139587246
5327.9			0.7191723900953841
5328.8			0.7073004876283151
5329.7			0.8593301941735888
5330.6			0.9957845015011327
5331.5			1.0246024644336718
5332.4			0.9963269991059889
5333.3			1.0
5334.2			1.0
5335.1			1.0
5336.0			1.0
5336.9			1.0
5337.8			0.9915054496767038
5338.7			0.9560857780474759
5339.6			0.8737488260479707
5340.5			0.8100372078534582
5341.4			0.8459615052005843
5342.3			0.9448469253569298
5343.2			1.0014024609404442
5344.1			1.0
5345.0			0.9579366645666436
5345.9			0.9225816436519141
5346.8			0.9286614307950743
5347.7			0.928974810397057
5348.6			0.8969285387893731
5349.5			0.891669920756064
5350.4			0.9329839526008745
5351.3			0.9752640983861702
5352.2			0.9880796826814892
5353.1			0.9883180005659694
5354.0			1.0034375554369093
5354.9			1.0
5355.8			1.0
5356.7			1.0
5357.6			1.0
5358.5			1.0
5359.4			1.0
5360.3			1.0
5361.2			1.0
5362.1			1.0
5363.0			1.0
5363.9			1.0
5364.8			1.0
5365.7			1.0
5366.6			1.0
5367.5			1.0
5368.4			0.9775984608816473
5369.3			0.9126749537927052
5370.2			0.8101936654590741
5371.1			0.7568869186390518
5372.0			0.8115522822603618
5372.9			0.9278913211299509
5373.8			1.0053248243588186
5374.7			1.0
5375.6			1.0
5376.5			1.0
5377.4			1.0
5378.3			1.0
5379.2			1.0
5380.1			1.0
5381.0			1.0
5381.9			1.0
5382.8			1.0
5383.7			1.0
5384.6			1.0
5385.5			1.0
5386.4			1.0
5387.3			1.0
5388.2			1.0
5389.1			1.0
5390.0			1.0
5390.9			1.0
5391.8			1.0
5392.7			1.0
5393.6			1.0
5394.5			1.0
5395.4			1.0
5396.3			1.0
5397.2			1.0
5398.1			1.054211760129577
5399.0			1.125709851311256
5399.9			1.1219488009660878
5400.8			1.103483760384232
5401.7			1.1196932401874016
5402.6			1.1137827219067196
5403.5			1.0255707847475974
5404.4			0.894201617519051
5405.3			0.8122052401926639
5406.2			0.8263735634914992
5407.1			0.9097990819002889
5408.0			0.9648262506020353
5408.9			0.9377724010561554
5409.8			0.8909420603243315
5410.7			0.9049636097953945
5411.6			0.9659233949069466
5412.5			1.003392704509937
5413.4			1.0
5414.3			1.0
5415.2			1.0
5416.1			1.0
5417.0			1.0
5417.9			1.0
5418.8			1.0
5419.7			1.0
5420.6			1.0
5421.5			1.0
5422.4			1.0
5423.3			1.0
5424.2			1.0
5425.1			1.0
5426.0			1.0
5426.9			1.0452589831245556
5427.8			1.0118121295389246
5428.7			0.9062751940864238
5429.6			0.8419424212312918
5430.5			0.9085110731663526
5431.4			1.001253972812712
5432.3			1.0060703096549777
5433.2			1.0
5434.1			1.0
5435.0			1.0
5435.9			1.0
5436.8			1.0
5437.7			1.0
5438.6			1.0
5439.5			1.0
5440.4			1.0
5441.3			1.0
5442.2			1.0
5443.1			1.0
5444.0			0.9713087928336765
5444.9			0.9064085733959422
5445.8			0.819018859964297
5446.7			0.7746708838066058
5447.6			0.8297980788996292
5448.5			0.9341822431132113
5449.4			0.9999728368791634
5450.3			1.0
5451.2			1.0
5452.1			1.0
5453.0			0.9684299263597189
5453.9			0.9131727166061666
5454.8			0.8381639318693668
5455.7			0.807069652661144
5456.6			0.8645429387017352
5457.5			0.953599128484011
5458.4			1.0007524013799365
5459.3			1.0
5460.2			1.0
5461.1			1.0
5462.0			1.0
5462.9			1.0
5463.8			1.0
5464.7			1.0
5465.6			1.0
5466.5			1.0
5467.4			1.0
5468.3			1.0
5469.2			1.0
5470.1			1.0
5471.0			1.0
5471.9			1.0206618986396307
5472.8			1.0099523294178905
5473.7			0.9980579120670222
5474.6			1.004854040390066
5475.5			0.9703920189600376
5476.4			0.9049197828296234
5477.3			0.9203918019468978
5478.2			1.0247135991073149
5479.1			1.0990275816232193
5480.0			1.0706656852790974
5480.9			1.000708813744604
5481.8			1.0
5482.7			1.0
5483.6			1.0
5484.5			1.0575202855273897
5485.4			1.076717246131267
5486.3			1.0264708714690585
5487.2			0.9547994718421767
5488.1			0.9400079582218407
5489.0			0.9651517791790271
5489.9			0.9780245217251395
5490.8			0.9904037896052367
5491.7			1.001186190980135
5492.6			1.0
5493.5			1.0
5494.4			1.0
5495.3			1.0
5496.2			1.0
5497.1			1.0
5498.0			1.0
5498.9			1.0
5499.8			1.0
5500.7			1.0
5501.6			1.0
5502.5			1.0
5503.4			1.0
5504.3			1.0
5505.2			1.0
5506.1			1.0
5507.0			1.0139162793164238
5507.9			1.0641773227676596
5508.8			1.0807536733043772
5509.7			1.0588053513605382
5510.6			1.0218174292171958
5511.5			0.9670364273840926
5512.4			0.9231439976137188
5513.3			0.9221464752767518
5514.2			0.936188086844136
5515.1			0.9462652139979345
5516.0			0.949632609121959
5516.9			0.9654866464430151
5517.8			1.0039688708861034
5518.7			1.0
5519.6			1.0
5520.5			1.0
5521.4			1.0
5522.3			1.0
5523.2			1.0
5524.1			1.0
5525.0			0.9970432917945623
5525.9			0.9821248571082444
5526.8			0.9375559915681482
5527.7			0.8824793843685739
5528.6			0.8823087971911295
5529.5			0.9455302584282921
5530.4			1.0007941701026162
5531.3			1.011465847994403
5532.2			1.0023796555265665
5533.1			1.0
5534.0			1.0
5534.9			1.0
5535.8			1.0
5536.7			1.0
5537.6			1.0
5538.5			1.0
5539.4			1.0
5540.3			1.0
5541.2			1.0
5542.1			1.0
5543.0			1.0
5543.9			1.0
5544.8			1.0
5545.7			1.0
5546.6			1.0
5547.5			1.0
5548.4			1.0
5549.3			1.0
5550.200000000001			1.0
5551.1			1.0
5552.0			1.0
5552.9			1.0
5553.8			1.0
5554.700000000001			1.0
5555.6			1.0
5556.5			1.0
5557.4			1.0
5558.3			1.0
5559.200000000001			1.0
5560.1			1.0
5561.0			1.0
5561.9			1.0
5562.8			1.0
5563.700000000001			1.0
5564.6			1.0
5565.5			1.0
5566.4			1.0
5567.3			1.0
5568.200000000001			1.0
5569.1			1.0
5570.0			1.0
5570.9			1.0
5571.8			1.0
5572.700000000001			1.0
5573.6			1.0
5574.5			1.0
5575.4			1.0
5576.3			1.0
5577.200000000001			1.0
5578.1			0.9934200518635601
5579.0			0.9895004043617587
5579.9			1.0006854336688937
5580.8			1.0082521805714653
5581.700000000001			0.9999873478166735
5582.6			0.9958635920743407
5583.5			0.9900021269845958
5584.4			0.9643159825574735
5585.3			0.9235768971719654
5586.200000000001			0.8746303246773085
5587.1			0.8395506866896195
5588.0			0.8377789486391816
5588.9			0.8549233206090917
5589.8			0.8892158706579093
5590.700000000001			0.9300019771190723
5591.6			0.950377281007431
5592.5			0.9464807036761984
5593.4			0.9300645330782074
5594.3			0.9351881240883594
5595.200000000001			0.990447922493937
5596.1			1.0
5597.0			0.9928705227672532
5597.9			0.9462351080452505
5598.8			0.9137133365229472
5599.700000000001			0.8937745984954177
5600.6			0.8692889036963579
5601.5			0.8514633923879302
5602.4			0.8504126868761323
5603.3			0.8811470983811224
5604.200000000001			0.9331867854198155
5605.1			0.9779049490884578
5606.0			1.0026353769251524
5606.9			1.0
5607.8			1.0
5608.700000000001			1.0
5609.6			1.0
5610.5			1.0
5611.4			1.0
5612.3			1.0
5613.200000000001			0.9834271081532522
5614.1			0.9084203148451153
5615.0			0.8294882602736605
5615.9			0.8358746374423229
5616.8			0.9168769011029446
5617.700000000001			0.9797197926330492
5618.6			0.9906884326710066
5619.5			1.0
5620.4			1.0
5621.3			1.0
5622.200000000001			1.00950773304091
5623.1			0.9758825829652985
5624.0			0.9152437202048314
5624.9			0.8892605530264857
5625.8			0.9167949933035876
5626.700000000001			0.9590672983472903
5627.6			0.9971370947747779
5628.5			1.0
5629.4			1.0
5630.3			1.0
5631.200000000001			1.0
5632.1			1.0
5633.0			1.0
5633.9			1.0
5634.8			1.0
5635.700000000001			1.0
5636.6			1.0
5637.5			1.0
5638.4			1.0
5639.3			1.0
5640.200000000001			1.0
5641.1			1.0
5642.0			1.0
5642.9			1.0
5643.8			1.0
5644.700000000001			1.0
5645.6			1.0
5646.5			1.0
5647.4			1.0
5648.3			1.0
5649.200000000001			1.0
5650.1			1.0
5651.0			1.0
5651.9			1.022393014724065
5652.8			1.0134013078976596
5653.700000000001			0.974935283109837
5654.6			0.949123329564076
5655.5			0.9690797195996278
5656.4			0.9813065167954328
5657.3			0.9261219642426967
5658.200000000001			0.8623053346122649
5659.1			0.8749258428095734
5660.0			0.9320858026239244
5660.9			0.9506478037828728
5661.8			0.9322040083039331
5662.700000000001			0.9318314806346369
5663.6			0.9651636179524512
5664.5			1.0001113211267947
5665.4			1.0
5666.3			1.0
5667.200000000001			1.0
5668.1			1.0
5669.0			1.0
5669.9			1.0
5670.8			1.0
5671.700000000001			1.0
5672.6			1.0
5673.5			1.0
5674.4			1.0
5675.3			1.0
5676.200000000001			1.0
5677.1			1.0
5678.0			1.0
5678.9			0.9823558750256692
5679.8			0.9830433854563345
5680.700000000001			0.9868003385111573
5681.6			0.9637216180043469
5682.5			0.9412499427286868
5683.4			0.9572711534649544
5684.3			0.9934832902298685
5685.200000000001			1.0110014754808851
5686.1			0.9992785331738326
5687.0			1.0
5687.9			1.0
5688.8			1.0
5689.700000000001			1.0
5690.6			1.0
5691.5			1.0
5692.4			1.0
5693.3			1.0
5694.200000000001			1.0
5695.1			1.0
5696.0			1.0
5696.9			1.0
5697.8			1.0
5698.700000000001			1.0
5699.6			1.0
5700.5			0.9781337182730806
5701.4			0.9561849422986082
5702.3			0.9621415921942839
5703.200000000001			0.9905539311647584
5704.1			1.0146942472852534
5705.0			0.9991126811783713
5705.9			0.9554989178670956
5706.8			0.9211264916305473
5707.700000000001			0.8991826496360446
5708.6			0.8794657179452617
5709.5			0.876910189662459
5710.4			0.8832144518689604
5711.3			0.8781862141221226
5712.200000000001			0.9003399894283101
5713.1			0.9529970024494753
5714.0			0.979207986869985
5714.9			0.9819594189092976
5715.8			0.9943225461702905
5716.700000000001			0.9981498803998425
5717.6			1.0
5718.5			1.0
5719.4			1.0
5720.3			1.0
5721.200000000001			1.0
5722.1			1.0
5723.0			1.0
5723.9			1.0
5724.8			1.0
5725.700000000001			1.0
5726.6			1.0
5727.5			1.0
5728.4			1.0
5729.3			1.0
5730.200000000001			0.9717124993008154
5731.1			0.9257843832560608
5732.0			0.9239118760909348
5732.9			0.965510934203769
5733.8			1.0001943293972329
5734.700000000001			1.0
5735.6			1.0
5736.5			1.0
5737.4			1.0
5738.3			1.0
5739.200000000001			1.0
5740.1			1.0
5741.0			1.0
5741.9			1.0
5742.8			1.0
5743.700000000001			1.0
5744.6			1.0
5745.5			1.0
5746.4			1.0
5747.3			1.0
5748.200000000001			1.0
5749.1			1.0
5750.0			1.0
5750.9			1.0047434529589683
5751.8			0.975727538598047
5752.700000000001			0.9296511944701045
5753.6			0.8963701036762167
5754.5			0.9065039414276258
5755.4			0.9549693783858755
5756.3			1.0001034842419256
5757.200000000001			1.0
5758.1			1.0
5759.0			1.0
5759.9			1.0
5760.8			1.0
5761.700000000001			1.0
5762.6			1.0
5763.5			1.0
5764.4			1.0
5765.3			1.0
5766.200000000001			1.0
5767.1			1.0
5768.0			1.0
5768.9			1.0
5769.8			1.0
5770.700000000001			1.0
5771.6			1.0
5772.5			1.0
5773.4			1.0
5774.3			1.0
5775.200000000001			1.0
5776.1			1.0
5777.0			1.0
5777.9			0.9934024958445303
5778.8			0.9727662108887042
5779.700000000001			0.9309307513305849
5780.6			0.8777179522228865
5781.5			0.855810093092453
5782.4			0.8751908080886059
5783.3			0.8919181130139743
5784.200000000001			0.8711874073961346
5785.1			0.8532662052585581
5786.0			0.8872123907212951
5786.9			0.9488001578878769
5787.8			0.9925005736589162
5788.700000000001			1.008379804942387
5789.6			0.9966281777508618
5790.5			0.9738229503936533
5791.4			0.9748543709452046
5792.3			1.000600554772763
5793.200000000001			1.0
5794.1			1.0
5795.0			1.0
5795.9			1.0
5796.8			1.0
5797.700000000001			1.0
5798.6			1.0
5799.5			1.0
5800.4			1.0
5801.3			1.0
5802.200000000001			1.0
5803.1			1.0
5804.0			1.0
5804.9			1.0
5805.8			1.0
5806.700000000001			1.0
5807.6			1.0
5808.5			1.0
5809.4			1.0
5810.3			1.0
5811.200000000001			1.0
5812.1			1.0
5813.0			0.993298089703213
5813.9			0.9821243474027465
5814.8			0.9544413302789025
5815.700000000001			0.9269437039464307
5816.6			0.9311715208719673
5817.5			0.9662808889135709
5818.4			1.0008889914653918
5819.3			1.0
5820.200000000001			1.0
5821.1			1.0
5822.0			1.0
5822.9			1.0
5823.8			1.0
5824.700000000001			1.0
5825.6			1.0
5826.5			1.0
5827.4			1.0
5828.3			1.0
5829.200000000001			1.0
5830.1			1.0
5831.0			1.0
5831.9			1.0
5832.8			1.0
5833.700000000001			1.0
5834.6			1.0
5835.5			1.0
5836.4			1.0
5837.3			1.0
5838.200000000001			1.0
5839.1			1.0
5840.0			1.0
5840.9			1.0
5841.8			1.0
5842.700000000001			1.0
5843.6			1.0
5844.5			1.0
5845.4			1.0
5846.3			1.0
5847.200000000001			1.0
5848.1			1.0
5849.0			1.0
5849.9			1.0
5850.8			1.0
5851.700000000001			1.0
5852.6			1.0
5853.5			1.0
5854.4			1.0085710861419603
5855.3			1.0110575073915302
5856.200000000001			0.9791851199102467
5857.1			0.933644989237021
5858.0			0.9204891325098128
5858.9			0.9457861517910873
5859.8			0.9816480097080379
5860.700000000001			1.0038716383912298
5861.6			1.0000624847930093
5862.5			1.0
5863.4			1.0
5864.3			1.0
5865.200000000001			1.0
5866.1			1.0
5867.0			1.0
5867.9			1.0
5868.8			1.0
5869.700000000001			1.0
5870.6			1.0
5871.5			1.0
5872.4			1.0
5873.3			1.0
5874.200000000001			1.0
5875.1			1.0
5876.0			1.0
5876.9			1.0
5877.8			1.0
5878.700000000001			1.0
5879.6			1.0
5880.5			1.0
5881.4			1.0
5882.3			1.0
5883.200000000001			1.0
5884.1			1.0
5885.0			1.0
5885.9			1.0
5886.8			0.9922567483760285
5887.700000000001			0.9107220195955457
5888.6			0.74557968596572
5889.5			0.5904708823295372
5890.4			0.5896392206471834
5891.3			0.7408747101850411
5892.200000000001			0.9057829805042181
5893.1			1.0003130071611217
5894.0			0.9936995194310569
5894.9			1.0
5895.8			1.0
5896.700000000001			1.0
5897.6			1.0
5898.5			1.0
5899.4			1.0
5900.3			1.0
5901.200000000001			1.0
5902.1			1.0
5903.0			1.0
5903.9			1.0
5904.8			1.0
5905.700000000001			1.0
5906.6			1.0
5907.5			1.0
5908.4			1.0
5909.3			1.0
5910.200000000001			1.0
5911.1			1.0
5912.0			1.0
5912.9			1.0
5913.8			1.0
5914.700000000001			1.0
5915.6			1.0
5916.5			1.0
5917.4			1.0
5918.3			1.0
5919.200000000001			1.0
5920.1			1.0
5921.0			1.0
5921.9			1.0
5922.8			1.0
5923.700000000001			1.0
5924.6			1.0
5925.5			1.0
5926.4			1.0
5927.3			1.0
5928.200000000001			1.0
5929.1			1.0
5930.0			1.0
5930.9			1.0
5931.8			1.0
5932.700000000001			1.0
5933.6			1.0
5934.5			1.0
5935.4			1.0
5936.3			1.0
5937.200000000001			1.0
5938.1			1.0
5939.0			1.0
5939.9			1.0
5940.8			1.0
5941.700000000001			1.0
5942.6			1.0
5943.5			1.0
5944.4			1.0
5945.3			1.0
5946.200000000001			1.0
5947.1			1.0
5948.0			1.0
5948.9			1.0
5949.8			1.0
5950.700000000001			1.0
5951.6			1.0
5952.5			1.0
5953.4			1.0
5954.3			1.0
5955.200000000001			1.0
5956.1			1.0
5957.0			1.0
5957.9			1.0
5958.8			1.0
5959.700000000001			1.0
5960.6			1.0
5961.5			1.0
5962.4			1.0
5963.3			1.0
5964.200000000001			1.0
5965.1			1.0
5966.0			1.0
5966.9			1.0
5967.8			1.0
5968.700000000001			1.0
5969.6			1.0
5970.5			1.0
5971.4			1.0
5972.3			1.0
5973.200000000001			1.0
5974.1			1.0
5975.0			1.0
5975.9			1.0
5976.8			1.0
5977.700000000001			1.0
5978.6			1.0
5979.5			1.0
5980.4			1.0192040375682987
5981.3			1.0263397945394523
5982.200000000001			1.0118736027121014
5983.1			0.9700291664346381
5984.0			0.9313323598803045
5984.9			0.9377400254266339
5985.8			0.9753524098836953
5986.700000000001			0.9950853900540858
5987.6			1.0014508264409214
5988.5			1.0
5989.4			1.0
5990.3			1.0
5991.200000000001			1.0
5992.1			1.0
5993.0			1.0
5993.9			1.0
5994.8			1.0
5995.700000000001			1.0
5996.6			1.0
5997.5			1.0
5998.4			1.0
5999.3			1.0
6000.200000000001			1.0
6001.1			1.0
6002.0			1.0
6002.9			1.0
6003.8			1.0
6004.700000000001			1.0059826363002216
6005.6			0.996899785278246
6006.5			0.9762762499992539
6007.4			0.9434233268778812
6008.3			0.9326148968248934
6009.200000000001			0.9718239845308501
6010.1			1.0232339994280246
6011.0			1.033506326596156
6011.9			1.0003193581923941
6012.8			1.0
6013.700000000001			1.0
6014.6			1.0
6015.5			1.0
6016.4			1.0
6017.3			1.0
6018.200000000001			1.0
6019.1			1.0
6020.0			1.0
6020.9			1.0
6021.8			1.0
6022.700000000001			1.0
6023.6			1.0
6024.5			1.0
6025.4			1.0
6026.3			1.0
6027.200000000001			1.0
6028.1			1.0
6029.0			1.0
6029.9			1.0
6030.8			1.0
6031.700000000001			1.0
6032.6			1.0
6033.5			1.0
6034.4			1.0
6035.3			1.0
6036.200000000001			1.0
6037.1			1.0
6038.0			1.0
6038.9			1.0
6039.8			1.0
6040.700000000001			1.0
6041.6			1.0
6042.5			1.0
6043.4			1.0
6044.3			1.0
6045.200000000001			1.0
6046.1			1.0
6047.0			1.0
6047.9			1.0
6048.8			1.0
6049.700000000001			1.0
6050.6			1.0
6051.5			1.0
6052.4			1.0
6053.3			1.0
6054.200000000001			1.0
6055.1			1.0
6056.0			1.0
6056.9			1.0
6057.8			1.0
6058.700000000001			1.0
6059.6			1.0
6060.5			1.0
6061.4			0.9932858915520402
6062.3			0.9762043900000775
6063.200000000001			0.9554553697307645
6064.1			0.9317410151094906
6065.0			0.9066611422632628
6065.9			0.9142690113202271
6066.8			0.9556222555091752
6067.700000000001			0.988420119130722
6068.6			0.998920237241439
6069.5			1.0
6070.4			1.0
6071.3			1.0
6072.200000000001			1.0
6073.1			1.0
6074.0			1.0
6074.9			1.0
6075.8			1.0
6076.700000000001			1.0
6077.6			1.0
6078.5			1.0
6079.4			1.0
6080.3			1.0
6081.200000000001			1.0
6082.1			1.0
6083.0			1.0
6083.9			1.0
6084.8			1.0
6085.700000000001			1.0
6086.6			1.0
6087.5			1.0
6088.4			1.0
6089.3			1.0
6090.200000000001			1.0
6091.1			1.0
6092.0			1.0
6092.9			1.0
6093.8			1.0
6094.700000000001			1.0
6095.6			1.0
6096.5			1.0
6097.4			1.0
6098.3			1.0
6099.200000000001			1.0
6100.1			1.0090304589348853
6101.0			0.9841753683829004
6101.9			0.9145833057990527
6102.8			0.8652015871086413
6103.700000000001			0.901485901875118
6104.6			0.9696486014259614
6105.5			1.0013600861348348
6106.4			1.0
6107.3			1.0
6108.200000000001			1.0
6109.1			1.0
6110.0			1.0
6110.9			1.0
6111.8			1.0
6112.700000000001			1.0
6113.6			1.0
6114.5			1.0
6115.4			1.0
6116.3			1.0
6117.200000000001			1.0
6118.1			1.0096842475952756
6119.0			0.9904467443987348
6119.9			0.9542702484403398
6120.8			0.9182757858739207
6121.700000000001			0.8874707537189581
6122.6			0.8967704975917
6123.5			0.9548512017224987
6124.4			0.9995061098315975
6125.3			0.9991947816832146
6126.200000000001			1.0
6127.1			1.0
6128.0			1.0
6128.9			1.0
6129.8			1.0
6130.700000000001			1.0
6131.6			1.0
6132.5			1.0
6133.4			1.0
6134.3			0.9714872059149194
6135.200000000001			0.9051953854775183
6136.1			0.8229176784787979
6137.0			0.78010701357903
6137.9			0.8287895115717417
6138.8			0.9315465956699795
6139.700000000001			0.9997806025354338
6140.6			1.0
6141.5			1.0
6142.4			1.0
6143.3			1.0
6144.200000000001			1.0
6145.1			1.0
6146.0			1.0
6146.9			1.0
6147.8			1.0
6148.700000000001			1.0
6149.6			1.0
6150.5			1.0
6151.4			1.0
6152.3			1.0
6153.200000000001			1.0
6154.1			1.0
6155.0			1.0
6155.9			1.0
6156.8			1.0
6157.700000000001			1.0
6158.6			1.0224774657398596
6159.5			1.0148735540792102
6160.4			0.9412274908171401
6161.3			0.8394242146511124
6162.200000000001			0.7966534603448202
6163.1			0.8362606417111237
6164.0			0.9147579249740722
6164.9			0.9771850422077424
6165.8			1.0028999397195437
6166.700000000001			1.0
6167.6			1.0
6168.5			1.0
6169.4			1.0
6170.3			1.0
6171.200000000001			1.0
6172.1			1.0
6173.0			1.0
6173.9			1.0
6174.8			1.0
6175.700000000001			1.0
6176.6			1.0
6177.5			1.0
6178.4			1.0
6179.3			1.0
6180.200000000001			1.0
6181.1			1.0
6182.0			1.0
6182.9			1.0
6183.8			1.0
6184.700000000001			1.0
6185.6			1.0
6186.5			1.0
6187.4			1.0
6188.3			1.0
6189.200000000001			0.9969716449022126
6190.1			0.963067013219411
6191.0			0.9058927724463252
6191.9			0.8944445949135116
6192.8			0.9504819418362241
6193.700000000001			1.0002532159930675
6194.6			1.0036520802169857
6195.5			1.0
6196.4			1.0
6197.3			1.0
6198.200000000001			1.0
6199.1			1.0
6200.0			1.0
6200.9			1.0
6201.8			1.0
6202.700000000001			1.0
6203.6			1.0
6204.5			1.0
6205.4			1.0
6206.3			1.0
6207.200000000001			1.0
6208.1			1.0
6209.0			1.0
6209.9			1.0
6210.8			0.9925364306643559
6211.700000000001			0.9856936591831548
6212.6			0.9611668534840845
6213.5			0.9233786780072109
6214.4			0.9021595639497273
6215.3			0.9157377303755365
6216.200000000001			0.9489802700219425
6217.1			0.9856540780843228
6218.0			1.0046735311676462
6218.9			1.0
6219.8			1.0
6220.700000000001			1.0
6221.6			1.0
6222.5			1.0
6223.4			1.0
6224.3			1.0
6225.200000000001			1.0
6226.1			1.0
6227.0			1.0030264148125487
6227.9			0.9968675420244134
6228.8			0.9688116099425348
6229.700000000001			0.9120479931505044
6230.6			0.869697533780248
6231.5			0.8799760840727645
6232.4			0.9163663222614173
6233.3			0.9535753082891214
6234.200000000001			1.0001027655637786
6235.1			1.0
6236.0			1.0002816170927016
6236.9			0.9798570366812961
6237.8			0.9602059403037004
6238.700000000001			0.9438963692424994
6239.6			0.9264423060382774
6240.5			0.9240784177337507
6241.4			0.9365888216503103
6242.3			0.9193872950387642
6243.200000000001			0.8889762926952721
6244.1			0.9003534412270987
6245.0			0.9291286295935475
6245.9			0.9407112567352839
6246.8			0.9612384086275205
6247.700000000001			1.002632909568653
6248.6			1.0
6249.5			0.9923382583336058
6250.4			0.9714062862770193
6251.3			0.9347854443294621
6252.200000000001			0.8959264274158916
6253.1			0.8871415065471541
6254.0			0.9039601638391991
6254.9			0.9151305712713149
6255.8			0.9064650088912045
6256.700000000001			0.8799686668642726
6257.6			0.8482381552378259
6258.5			0.8423323425911153
6259.4			0.8841212797252942
6260.3			0.93600408141214
6261.200000000001			0.9680421789712668
6262.1			1.0038132287506223
6263.0			1.034580811985508
6263.9			1.0184359818299977
6264.8			0.9678063964308369
6265.700000000001			0.9457718467316493
6266.6			0.9730369512150623
6267.5			1.0012996838019692
6268.4			1.0
6269.3			1.0
6270.200000000001			1.0
6271.1			1.0
6272.0			1.0
6272.9			1.0
6273.8			1.0
6274.700000000001			1.0
6275.6			1.0
6276.5			1.0
6277.4			1.0
6278.3			1.0
6279.200000000001			1.0
6280.1			1.0
6281.0			1.0
6281.9			1.0
6282.8			1.0
6283.700000000001			1.0
6284.6			1.0
6285.5			1.0
6286.4			1.0
6287.3			1.0
6288.200000000001			1.0
6289.1			1.0
6290.0			1.0
6290.9			1.0
6291.8			0.9839076947777954
6292.700000000001			0.9815290339050555
6293.6			0.9932436537443795
6294.5			1.0140406458127322
6295.4			1.0090017182669588
6296.3			0.9720858011905359
6297.200000000001			0.9542855700859351
6298.1			0.9702296845191223
6299.0			0.9878176088226165
6299.9			0.985979322868983
6300.8			0.9666547432857439
6301.700000000001			0.9486330508319242
6302.6			0.9530198607612121
6303.5			0.9752105152295887
6304.4			0.9924319477950633
6305.3			0.998631875110185
6306.200000000001			1.0142028363998428
6307.1			1.0457624680102313
6308.0			1.0690751376935708
6308.9			1.061052847851131
6309.8			1.0309232727563868
6310.700000000001			1.0031265838858405
6311.6			1.000407254044403
6312.5			1.0
6313.4			1.0010030778105001
6314.3			0.9658624771798686
6315.200000000001			0.931946983831467
6316.1			0.9331683870787804
6317.0			0.93303714008749
6317.9			0.9044570650460864
6318.8			0.8941800829023583
6319.700000000001			0.933001385714473
6320.6			0.9759554681951966
6321.5			0.9843094910135237
6322.4			0.9820199048121943
6323.3			0.9909001246255501
6324.200000000001			1.000337353003749
6325.1			1.0
6326.0			1.0
6326.9			1.0
6327.8			1.0
6328.700000000001			1.0
6329.6			1.0
6330.5			1.0
6331.4			1.0
6332.3			1.0
6333.200000000001			1.0117506334665327
6334.1			0.990701795638651
6335.0			0.9420814159142623
6335.9			0.9156075515237391
6336.8			0.943683053810234
6337.700000000001			0.9877064731441707
6338.6			1.004529887382327
6339.5			1.0
6340.4			1.0
6341.3			1.0
6342.200000000001			1.0
6343.1			1.0
6344.0			1.0
6344.9			1.0
6345.8			1.0
6346.700000000001			1.0
6347.6			1.0
6348.5			1.0
6349.4			1.0
6350.3			1.0
6351.200000000001			1.0
6352.1			1.0
6353.0			1.0
6353.9			0.969045426898476
6354.8			0.9454758580675289
6355.700000000001			0.9538071768531005
6356.6			0.9702308000980461
6357.5			0.9583100330433117
6358.4			0.9220688309064438
6359.3			0.9017535481653779
6360.200000000001			0.8988166626493802
6361.1			0.8830458067558177
6362.0			0.8621194537231952
6362.9			0.8664235169775837
6363.8			0.8957897983612931
6364.700000000001			0.9277914613252154
6365.6			0.948343295001751
6366.5			0.9651638625767512
6367.4			0.9894373036122118
6368.3			1.0131316195448599
6369.200000000001			1.0157613546903819
6370.1			0.9998439098148777
6371.0			1.0
6371.9			1.0
6372.8			1.0
6373.700000000001			1.0
6374.6			1.0
6375.5			1.0
6376.4			1.0
6377.3			1.0
6378.200000000001			1.0
6379.1			1.0
6380.0			1.0
6380.9			1.0
6381.8			1.0
6382.700000000001			1.0
6383.6			1.0
6384.5			1.0
6385.4			1.0
6386.3			1.0
6387.200000000001			1.0
6388.1			1.0
6389.0			1.0
6389.9			1.0
6390.8			1.0
6391.700000000001			1.0
6392.6			1.0
6393.5			1.0
6394.4			1.0
6395.3			1.0
6396.200000000001			1.0
6397.1			1.0
6398.0			0.9913803140283003
6398.9			0.9455934327299884
6399.8			0.897969903121452
6400.700000000001			0.9165290578410314
6401.6			0.9916036313038553
6402.5			1.0
6403.4			1.0
6404.3			1.0
6405.200000000001			1.0
6406.1			1.0
6407.0			1.0
6407.9			1.0
6408.8			1.0
6409.700000000001			1.0
6410.6			1.0
6411.5			1.0
6412.4			1.0
6413.3			1.0
6414.200000000001			1.0
6415.1			1.0
6416.0			1.0
6416.9			1.0
6417.8			0.9839739206897328
6418.700000000001			0.9583382454994688
6419.6			0.9257586619481006
6420.5			0.903848567830358
6421.4			0.9181836795708553
6422.3			0.9663867598581795
6423.200000000001			1.000981786862408
6424.1			1.0
6425.0			1.0
6425.9			1.0
6426.8			1.0
6427.700000000001			1.0
6428.6			1.0
6429.5			1.0
6430.4			1.0
6431.3			1.0
6432.200000000001			1.0
6433.1			1.0
6434.0			1.0
6434.9			1.0
6435.8			1.0
6436.700000000001			0.9895660886134875
6437.6			0.9506017457112953
6438.5			0.8987258322365235
6439.4			0.8932167674821712
6440.3			0.9437645238926057
6441.200000000001			0.9885831127506636
6442.1			0.9993490798268994
6443.0			1.0
6443.9			1.0
6444.8			1.0
6445.700000000001			1.0
6446.6			1.0
6447.5			0.9882645266789027
6448.4			0.9237304276396484
6449.3			0.8359213345790828
6450.200000000001			0.8079901457034154
6451.1			0.8693856514700837
6452.0			0.9512129481671313
6452.9			1.0018772866375933
6453.8			1.0
6454.700000000001			1.0
6455.6			1.0
6456.5			1.0
6457.4			1.0
6458.3			1.0
6459.200000000001			1.0
6460.1			0.9988239106505035
6461.0			0.9699605826782117
6461.9			0.9161517795111768
6462.8			0.8887862314862235
6463.700000000001			0.9237135080909616
6464.6			0.9770929338710267
6465.5			1.0051353594748247
6466.4			1.0
6467.3			1.0
6468.200000000001			1.0
6469.1			1.0
6470.0			1.0
6470.9			1.0
6471.8			1.0
6472.700000000001			1.0
6473.6			1.0
6474.5			1.0
6475.4			1.0
6476.3			1.0
6477.200000000001			1.0
6478.1			1.0
6479.0			1.0
6479.9			1.0
6480.8			1.0
6481.700000000001			1.0
6482.6			1.0
6483.5			1.0
6484.4			1.0
6485.3			1.0
6486.200000000001			1.0
6487.1			1.0
6488.0			1.0
6488.9			1.0
6489.8			1.0
6490.700000000001			1.0
6491.6			0.9947637998921658
6492.5			0.9810994286682955
6493.4			0.9178036518640598
6494.3			0.8363960890194823
6495.200000000001			0.8219901859608699
6496.1			0.877688722310941
6497.0			0.9380494786310944
6497.9			0.9755644506210059
6498.8			0.9932377826752007
6499.700000000001			1.0
6500.6			1.0
6501.5			1.0
6502.4			1.0
6503.3			1.0
6504.200000000001			1.0
6505.1			1.0
6506.0			1.0
6506.9			1.0
6507.8			1.0
6508.700000000001			1.0
6509.6			1.0
6510.5			1.0
6511.4			1.0
6512.3			1.0
6513.200000000001			1.0
6514.1			1.0
6515.0			1.0
6515.9			1.0
6516.8			1.0
6517.700000000001			1.0
6518.6			1.0
6519.5			1.0
6520.4			1.0
6521.3			1.0
6522.200000000001			1.0
6523.1			1.0
6524.0			1.0
6524.9			1.0
6525.8			1.0
6526.700000000001			1.0
6527.6			1.0
6528.5			1.0
6529.4			1.0
6530.3			1.0
6531.200000000001			1.0
6532.1			1.0
6533.0			1.0
6533.9			1.0
6534.8			1.0
6535.700000000001			1.0
6536.6			1.0
6537.5			1.0
6538.4			1.0
6539.3			1.0
6540.200000000001			1.0
6541.1			1.0
6542.0			1.0
6542.9			1.0
6543.8			1.0
6544.700000000001			1.0
6545.6			1.0
6546.5			1.0
6547.4			1.0
6548.3			1.0
6549.200000000001			1.0
6550.1			1.0
6551.0			1.0
6551.9			1.0
6552.8			1.0
6553.700000000001			1.0
6554.6			1.0
6555.5			1.0
6556.4			1.0
6557.3			1.0
6558.200000000001			1.0
6559.1			1.0
6560.0			0.990185934120021
6560.9			0.9324387439754174
6561.8			0.7892973036641087
6562.700000000001			0.6690206712848156
6563.6			0.7274842958307268
6564.5			0.8951969758619005
6565.4			1.0000099021128568
6566.3			1.0
6567.200000000001			1.0
6568.1			1.0
6569.0			1.0
6569.9			1.0
6570.8			1.0
6571.700000000001			1.0
6572.6			1.0
6573.5			1.0
6574.4			1.0
6575.3			1.0
6576.200000000001			1.0
6577.1			1.0
6578.0			1.0
6578.9			1.0
6579.8			1.0
6580.700000000001			1.0
6581.6			1.0
6582.5			1.0
6583.4			1.0
6584.3			1.0
6585.200000000001			1.0
6586.1			1.0
6587.0			1.0
6587.9			1.0
6588.8			1.0
6589.700000000001			1.0
6590.6			0.9932992663205109
6591.5			0.955610362742092
6592.4			0.8998864705757955
6593.3			0.8793678949264243
6594.200000000001			0.9182615884010402
6595.1			0.9725413314424823
6596.0			0.9994112181930883
6596.9			1.0
6597.8			1.0
6598.700000000001			1.0
6599.6			1.0
6600.5			1.0
6601.4			1.0
6602.3			1.0
6603.200000000001			1.0
6604.1			0.982962126350793
6605.0			0.9709035621318821
6605.9			0.9662396479815097
6606.8			0.9629521168353642
6607.700000000001			0.9490990881014668
6608.6			0.9254619123881037
6609.5			0.9221396795147274
6610.4			0.9550990355706129
6611.3			0.9884831284396556
6612.200000000001			0.9927064272210002
6613.1			0.9834884035516085
6614.0			0.9845630939666365
6614.9			1.00107537220565
6615.8			1.0
6616.700000000001			1.0
6617.6			1.0
6618.5			1.0
6619.4			1.0
6620.3			1.0
6621.200000000001			1.0
6622.1			1.0
6623.0			1.0
6623.9			1.0
6624.8			1.0
6625.700000000001			1.0
6626.6			1.0
6627.5			1.0
6628.4			1.0
6629.3			1.0
6630.200000000001			0.9882263891202044
6631.1			0.9708383817890731
6632.0			0.943417776358794
6632.9			0.9164693015441079
6633.8			0.9057191635807892
6634.700000000001			0.9232074596090613
6635.6			0.960652211946641
6636.5			0.9928434803430567
6637.4			1.0007736310648743
6638.3			1.0
6639.200000000001			1.0
6640.1			1.0
6641.0			1.0
6641.9			1.0
6642.8			1.0
6643.700000000001			1.0
6644.6			1.0
6645.5			1.0
6646.4			1.0
6647.3			1.0
6648.200000000001			1.0
6649.1			1.0
6650.0			1.0
6650.9			1.0
6651.8			1.0
6652.700000000001			1.0
6653.6			1.0
6654.5			1.0
6655.4			1.0
6656.3			1.0
6657.200000000001			1.0
6658.1			1.0
6659.0			1.0
6659.9			1.0
6660.8			1.0
6661.700000000001			1.0
6662.6			1.0
6663.5			1.0
6664.4			1.0
6665.3			1.0
6666.200000000001			1.0
6667.1			1.0
6668.0			1.0
6668.9			1.0
6669.8			1.0
6670.700000000001			1.0
6671.6			1.0
6672.5			1.0
6673.4			1.0
6674.3			1.0
6675.200000000001			1.0056616080481806
6676.1			0.9888835703488065
6677.0			0.9359956773734952
6677.9			0.88989570628053
6678.8			0.9070361586066705
6679.700000000001			0.9664235987161828
6680.6			0.9994675450620647
6681.5			1.0
6682.4			1.0
6683.3			1.0
6684.200000000001			1.0
6685.1			1.0
6686.0			1.0
6686.9			1.0
6687.8			1.0
6688.700000000001			1.0
6689.6			1.0
6690.5			1.0
6691.4			1.0
6692.3			1.0
6693.200000000001			1.0
6694.1			1.0
6695.0			1.0
6695.9			1.0
6696.8			1.0
6697.700000000001			1.0
6698.6			1.0
6699.5			1.0
6700.4			1.0
6701.3			1.0
6702.200000000001			1.0
6703.1			1.0
6704.0			1.0
6704.9			1.0
6705.8			1.0
6706.700000000001			1.0
6707.6			1.0
6708.5			1.0
6709.4			1.0
6710.3			1.0
6711.200000000001			1.0015572404178625
6712.1			1.0022621624155754
6713.0			0.9926482521190295
6713.9			0.978588940195734
6714.8			0.9650796700688611
6715.700000000001			0.9503667236918154
6716.6			0.9362369513623562
6717.5			0.9366762606352139
6718.4			0.9652561872570253
6719.3			1.0046987025367464
6720.200000000001			1.0207098530316299
6721.1			1.008740057084367
6722.0			0.9996440940465401
6722.9			1.0
6723.8			1.0
6724.700000000001			1.0
6725.6			1.0
6726.5			1.0
6727.4			1.0
6728.3			1.0
6729.200000000001			1.0
6730.1			1.0
6731.0			1.0
6731.9			1.0
6732.8			1.0
6733.700000000001			1.0
6734.6			1.0
6735.5			1.0
6736.4			1.0
6737.3			1.0
6738.200000000001			1.0
6739.1			1.0
6740.0			1.0
6740.9			1.0
6741.8			1.0
6742.700000000001			1.0
6743.6			1.0
6744.5			1.0
6745.4			1.0
6746.3			1.0
6747.200000000001			1.0
6748.1			1.0
6749.0			1.0
6749.9			1.0
6750.8			1.0
6751.700000000001			1.0
6752.6			1.0
6753.5			1.0
6754.4			1.0
6755.3			1.0
6756.200000000001			1.0
6757.1			1.0
6758.0			1.0
6758.9			1.0
6759.8			1.0
6760.700000000001			1.0
6761.6			1.0
6762.5			1.0
6763.4			1.0
6764.3			1.0
6765.200000000001			1.0
6766.1			1.0
6767.0			1.0
6767.9			1.0
6768.8			1.0
6769.700000000001			1.0
6770.6			1.0
6771.5			1.0
6772.4			1.0
6773.3			1.0
6774.200000000001			1.0
6775.1			1.0
6776.0			1.0
6776.9			1.0
6777.8			1.0
6778.700000000001			1.0
6779.6			1.0
6780.5			1.0
6781.4			1.0
6782.3			1.0
6783.200000000001			1.0
6784.1			1.0
6785.0			1.0
6785.9			1.0
6786.8			1.0
6787.700000000001			1.0
6788.6			1.0
6789.5			1.0
6790.4			1.0
6791.3			1.0
6792.200000000001			1.0
6793.1			1.0
6794.0			1.0
6794.9			1.0
6795.8			1.0
6796.700000000001			1.0
6797.6			1.0
6798.5			1.0
6799.4			1.0
6800.3			1.0
6801.200000000001			1.0
6802.1			1.0
6803.0			1.0
6803.9			1.0
6804.8			1.0
6805.700000000001			1.0
6806.6			1.0
6807.5			1.0
6808.4			1.0
6809.3			1.0
6810.200000000001			1.0
6811.1			1.0
6812.0			1.0
6812.9			1.0
6813.8			1.0
6814.700000000001			1.0
6815.6			1.0
6816.5			1.0
6817.4			1.0
6818.3			1.0
6819.200000000001			1.0
6820.1			1.0
6821.0			1.0
6821.9			1.0
6822.8			1.0
6823.700000000001			1.0
6824.6			1.0
6825.5			1.0
6826.4			1.0
6827.3			1.0
6828.200000000001			1.0
6829.1			1.0
6830.0			1.0
6830.9			1.0
6831.8			1.0
6832.700000000001			1.0
6833.6			1.0
6834.5			1.0
6835.4			1.0
6836.3			0.9856472212625433
6837.200000000001			0.9631144135632957
6838.1			0.947842264859523
6839.0			0.9355082566202226
6839.9			0.9212122047531489
6840.8			0.907151214448295
6841.700000000001			0.8981157667353481
6842.6			0.909638057119504
6843.5			0.9419079282837571
6844.4			0.972861700070131
6845.3			0.9884475957047526
6846.200000000001			0.9947698263860273
6847.1			0.9988440430344983
6848.0			1.0
6848.9			1.0
6849.8			1.0
6850.700000000001			1.0
6851.6			1.0
6852.5			1.0
6853.4			1.0
6854.3			1.0
6855.200000000001			1.0
6856.1			1.0
6857.0			1.0
6857.9			1.0
6858.8			1.0
6859.700000000001			1.0
6860.6			1.0
6861.5			1.0
6862.4			1.0
6863.3			1.0
6864.200000000001			1.0
6865.1			1.0
6866.0			1.0
6866.9			1.0
6867.8			1.0
6868.700000000001			1.0
6869.6			1.0
6870.5			1.0
6871.4			1.0
6872.3			1.0
6873.200000000001			1.0
6874.1			1.0
6875.0			1.0
6875.9			1.0
6876.8			1.0
6877.700000000001			1.0
6878.6			1.0
6879.5			1.0
6880.4			1.0
6881.3			1.0
6882.200000000001			1.0
6883.1			1.0
6884.0			1.0
6884.9			1.0
6885.8			1.0
6886.700000000001			1.0
6887.6			1.0
6888.5			1.0
6889.4			1.0
6890.3			1.0
6891.200000000001			1.0
6892.1			1.0
6893.0			1.0
6893.9			1.0
6894.8			1.0
6895.700000000001			1.0
6896.6			1.0
6897.5			1.0
6898.4			1.0
6899.3			1.0
6900.200000000001			1.0
6901.1			1.0
6902.0			1.0
6902.9			1.0
6903.8			1.0
6904.700000000001			1.0
6905.6			1.0
6906.5			1.0
6907.4			1.0
6908.3			1.0
6909.200000000001			1.0
6910.1			1.0
6911.0			1.0
6911.9			1.0
6912.8			1.0
6913.700000000001			1.0
6914.6			1.0
6915.5			1.0
6916.4			1.0
6917.3			1.0
6918.200000000001			1.0
6919.1			1.0
6920.0			1.0
6920.9			1.0
6921.8			1.0
6922.700000000001			1.0
6923.6			1.0
6924.5			1.0
6925.4			1.0
6926.3			1.0
6927.200000000001			1.0
6928.1			1.0
6929.0			1.0
6929.9			1.0
6930.8			1.0
6931.700000000001			1.0
6932.6			1.0
6933.5			1.0
6934.4			1.0
6935.3			1.0
6936.200000000001			1.0
6937.1			1.0
6938.0			1.0
6938.9			1.0
6939.8			1.0
6940.700000000001			1.0
6941.6			1.0
6942.5			1.0
6943.4			1.0
6944.3			1.0
6945.200000000001			1.0
6946.1			1.0
6947.0			1.0
6947.9			1.0
6948.8			1.0
6949.700000000001			1.0
6950.6			1.0
6951.5			1.0
6952.4			1.0
6953.3			1.0
6954.200000000001			1.0
6955.1			1.0
6956.0			1.0
6956.9			1.0
6957.8			1.0
6958.700000000001			1.0
6959.6			1.0
6960.5			1.0
6961.4			1.0
6962.3			1.0
6963.200000000001			1.0
6964.1			1.0
6965.0			1.0
6965.9			1.0
6966.8			1.0
6967.700000000001			1.0
6968.6			1.0
6969.5			1.0
6970.4			1.0
6971.3			1.0
6972.200000000001			1.0
6973.1			1.0
6974.0			1.0
6974.9			0.9768445773255271
6975.8			0.9612852759316465
6976.700000000001			0.9406083046231877
6977.6			0.9054232990820086
6978.5			0.8744674442374818
6979.4			0.8889326625430931
6980.3			0.9429362802005234
6981.200000000001			0.983013422084126
6982.1			1.0001246955594303
6983.0			1.0
6983.9			1.0
6984.8			1.0
6985.700000000001			1.0
6986.6			1.0
6987.5			1.0
6988.4			1.0
6989.3			1.0
6990.200000000001			1.0
6991.1			1.0
6992.0			1.0
6992.9			1.0
6993.8			1.0
6994.700000000001			1.0
6995.6			1.0
6996.5			1.0
6997.4			1.0
6998.3			1.0
6999.200000000001			1.0
7000.1			1.0
7001.0			1.0
7001.9			1.0
7002.8			1.0
7003.700000000001			1.0
7004.6			1.0
7005.5			1.0
7006.4			1.0
7007.3			1.0
7008.200000000001			1.0
7009.1			1.0
7010.0			1.0
7010.9			1.0
7011.8			1.0
7012.700000000001			1.00442609754067
7013.6			1.0039646326917377
7014.5			0.9797048849665392
7015.4			0.927361583744972
7016.3			0.8829601196697138
7017.200000000001			0.8976358004318785
7018.1			0.9562763127073679
7019.0			0.9948461811642837
7019.9			0.9991854033773575
7020.8			1.0
7021.700000000001			1.0
7022.6			1.0
7023.5			1.0
7024.4			1.0
7025.3			1.0
7026.200000000001			1.0
7027.1			1.0
7028.0			1.0
7028.9			1.0
7029.8			1.0
7030.700000000001			1.0
7031.6			1.0
7032.5			1.0
7033.4			1.0
7034.3			1.0
7035.200000000001			1.0
7036.1			1.0
7037.0			1.0
7037.9			1.0
7038.8			1.0
7039.700000000001			1.0
7040.6			1.0
7041.5			1.0
7042.4			1.0
7043.3			1.0
7044.200000000001			1.0
7045.1			1.0
7046.0			1.0
7046.9			1.0
7047.8			1.0
7048.700000000001			1.0
7049.6			1.0
7050.5			0.9878590509756676
7051.4			0.9548550315202423
7052.3			0.9160853309468063
7053.200000000001			0.9046743495338482
7054.1			0.9300310335297084
7055.0			0.9664220775430284
7055.9			0.9976282496451003
7056.8			1.0
7057.700000000001			1.0
7058.6			1.0
7059.5			1.0
7060.4			1.0
7061.3			1.0
7062.200000000001			1.0
7063.1			1.0
7064.0			1.0
7064.9			1.0
7065.8			0.9913157175534998
7066.700000000001			0.9657328066880893
7067.6			0.9333032609261493
7068.5			0.9146439877810928
7069.4			0.9321142570758999
7070.3			0.9730649321628836
7071.200000000001			0.9997033261296283
7072.1			1.0
7073.0			1.0
7073.9			1.0
7074.8			1.0
7075.700000000001			1.0
7076.6			1.0
7077.5			1.0
7078.4			1.0
7079.3			1.0
7080.200000000001			1.0
7081.1			1.0
7082.0			0.9870377177372204
7082.9			0.948861528158867
7083.8			0.905262617510722
7084.700000000001			0.8909934757932799
7085.6			0.9233469255184525
7086.5			0.974802725542515
7087.4			1.0031014813554515
7088.3			1.0
7089.200000000001			1.0
7090.1			1.0
7091.0			1.0
7091.9			1.0
7092.8			1.0
7093.700000000001			1.0
7094.6			1.0
7095.5			1.0
7096.4			1.0
7097.3			1.0
7098.200000000001			1.0
7099.1			1.0
7100.0			1.0
7100.9			1.0
7101.8			1.0
7102.700000000001			1.0
7103.6			1.0
7104.5			1.0
7105.4			1.0
7106.3			1.0
7107.200000000001			1.0
7108.1			1.0
7109.0			1.0
7109.9			1.0
7110.8			1.0
7111.700000000001			1.0
7112.6			1.0
7113.5			1.0
7114.4			1.0
7115.3			1.0
7116.200000000001			1.0
7117.1			1.0
7118.0			1.0
7118.9			1.0
7119.8			1.0
7120.700000000001			1.0
7121.6			1.0
7122.5			1.0
7123.4			1.0
7124.3			1.0
7125.200000000001			1.0
7126.1			1.0
7127.0			1.0
7127.9			1.0
7128.8			1.0
7129.700000000001			1.0
7130.6			1.0
7131.5			1.0
7132.4			1.0
7133.3			1.0
7134.200000000001			1.0
7135.1			1.0
7136.0			1.0
7136.9			1.0
7137.8			1.0
7138.700000000001			1.0
7139.6			1.0
7140.5			1.0
7141.4			1.0
7142.3			1.0
7143.200000000001			1.0
7144.1			1.0
7145.0			1.0
7145.9			1.0
7146.8			1.0
7147.700000000001			1.0
7148.6			1.0
7149.5			1.0
7150.4			1.0
7151.3			1.0
7152.200000000001			1.0
7153.1			1.0
7154.0			1.0
7154.9			1.0
7155.8			1.0
7156.700000000001			1.0
7157.6			1.0
7158.5			1.0
7159.4			1.0
7160.3			1.0
7161.200000000001			1.0043083995217283
7162.1			1.0113997294331654
7163.0			0.9906444206668871
7163.9			0.9394803721498304
7164.8			0.9002009624631372
7165.700000000001			0.910159222457602
7166.6			0.9549409071434654
7167.5			0.9907089207976217
7168.4			0.993668843087428
7169.3			1.0
7170.200000000001			1.0
7171.1			1.0
7172.0			1.0
7172.9			1.0
7173.8			1.0
7174.700000000001			0.9691575645462278
7175.6			0.9378030178212972
7176.5			0.9394549566835159
7177.4			0.9747572283538168
7178.3			1.0004971439928791
7179.200000000001			0.9784400360400435
7180.1			0.9264695929658262
7181.0			0.8915648494220764
7181.9			0.904688521810642
7182.8			0.9552146848710017
7183.700000000001			0.9944838456367185
7184.6			0.9942710642620639
7185.5			0.9666296855499291
7186.4			0.9262706130345058
7187.3			0.893441532844296
7188.200000000001			0.8860621077000801
7189.1			0.9032752492350911
7190.0			0.9288903008852856
7190.9			0.9452248087915718
7191.8			0.9438514888709026
7192.700000000001			0.9215779206849013
7193.6			0.9063632122704516
7194.5			0.9344946067701417
7195.4			0.9711770651640805
7196.3			0.9660268405461193
7197.200000000001			0.9489585235406952
7198.1			0.9589155340360014
7199.0			0.9783834425282474
7199.9			0.9804353772102101
7200.8			0.9706337891040309
7201.700000000001			0.9588479235372194
7202.6			0.9600373907767648
7203.5			0.9857943780061377
7204.4			1.0
7205.3			0.9773177368573258
7206.200000000001			0.922056328125243
7207.1			0.8730222042133241
7208.0			0.8686767744123394
7208.9			0.9083292915835888
7209.8			0.9541515062637247
7210.700000000001			0.982510681032055
7211.6			0.9860764795112654
7212.5			0.9650807408305949
7213.4			0.9415532456498402
7214.3			0.9291239801991665
7215.200000000001			1.0
7216.1			1.0114476732103115
7217.0			1.0418151757024097
7217.9			1.0650323833503685
7218.8			1.0552094094257742
7219.700000000001			1.0280575228577924
7220.6			1.0
7221.5			0.987256559064063
7222.4			0.9876043436638474
7223.3			0.9971289193252685
7224.200000000001			1.0138033957266595
7225.1			1.0371927938602281
7226.0			1.0483841627052892
7226.9			1.0438527491421044
7227.8			1.0288569280391466
7228.700000000001			1.0044547788413096
7229.6			0.9984160318062508
7230.5			1.023145068398793
7231.4			1.0488506904959698
7232.3			1.0620780372805991
7233.200000000001			1.072300567396012
7234.1			1.0741917858824075
7235.0			1.0594888478421085
7235.9			1.0340606599166944
7236.8			1.0215680494839603
7237.700000000001			1.0322975723413987
7238.6			1.04129208976221
7239.5			1.0356454528934458
7240.4			1.0399393042931273
7241.3			1.0585303211997823
7242.200000000001			1.0713543567946757
7243.1			1.0715689791525707
7244.0			1.045708406133217
7244.9			1.007424659516971
7245.8			1.0
7246.700000000001			1.0431327967178494
7247.6			1.0
7248.5			1.0052754200490535
7249.4			0.9984028531598534
7250.3			0.9779439509332517
7251.200000000001			0.9588029780603462
7252.1			0.9656515678379068
7253.0			0.9867001282911059
7253.9			0.9898209485793851
7254.8			0.9841371981144651
7255.700000000001			0.9919825509463757
7256.6			1.0096017063361833
7257.5			1.0226908533711714
7258.4			1.0215632513297581
7259.3			1.004708939949542
7260.200000000001			0.973656299566799
7261.1			0.9381829546974403
7262.0			0.9383573908411262
7262.9			0.9853863767821582
7263.8			1.0225712036170835
7264.700000000001			1.0340205987073043
7265.6			1.0461799612227671
7266.5			1.0503113201150696
7267.4			1.0470935990821952
7268.3			1.0556181052799642
7269.200000000001			1.0616142718685195
7270.1			1.0
7271.0			0.991299078184279
7271.9			0.9909987828566036
7272.8			0.9969209703958737
7273.700000000001			1.006312342992902
7274.6			1.0148224891349404
7275.5			1.0269786944914976
7276.4			1.047705136570356
7277.3			1.0546203833109777
7278.200000000001			1.0362994659090699
7279.1			1.0202270564373561
7280.0			1.0284502309014414
7280.9			1.0318978694480159
7281.8			1.0102662519797985
7282.700000000001			0.9893446665784678
7283.6			0.9864872602341973
7284.5			1.0016383853115458
7285.4			1.0346516668659138
7286.3			1.0711353878727043
7287.200000000001			1.0755032354130845
7288.1			1.0467814950656447
7289.0			1.0271120912871299
7289.9			1.0325675363863045
7290.8			1.0264309249126866
7291.700000000001			0.9950690178235071
7292.6			0.9873491603201321
7293.5			1.0250098558270193
7294.4			1.068622376346173
7295.3			1.1026397261901864
7296.200000000001			1.1291282016371837
7297.1			1.1221154255000716
7298.0			1.083583883523526
7298.9			1.059805682494335
7299.8			1.0668822809977467
7300.700000000001			1.0876542455439662
7301.6			1.096800672045974
7302.5			1.0923572325747313
7303.4			1.1045490450946398
7304.3			1.1276656608229891
7305.200000000001			1.1259838246966736
7306.1			1.1066639078548597
7307.0			1.0847495477892346
7307.9			1.0756646604671556
7308.8			1.1002959176642715
7309.700000000001			1.129970887403338
7310.6			1.1180966634780687
7311.5			1.091942058085609
7312.4			1.098906165427024
7313.3			1.132006485567567
7314.200000000001			1.1634179046482465
7315.1			1.1710562218681346
7316.0			1.1560664476054927
7316.9			1.1432352679174378
7317.8			1.1391839119623903
7318.700000000001			1.147641960372163
7319.6			1.1631718860569964
7320.5			1.1660019849111594
7321.4			1.1731236254960447
7322.3			1.1847131686821195
7323.200000000001			1.1702215897587878
7324.1			1.1450019519009762
7325.0			1.1256095441531975
7325.9			1.1170367228030058
7326.8			1.1433924352983054
7327.700000000001			1.188288682518166
7328.6			1.204636495218208
7329.5			1.201659713821854
7330.4			1.2081075305917948
7331.3			1.2193821428508502
7332.200000000001			1.2193859109953573
7333.1			1.2094283754901465
7334.0			1.2135784478772587
7334.9			1.2444027990832423
7335.8			1.2755586681006081
7336.700000000001			1.2937164320316927
7337.6			1.3045904891004165
7338.5			1.3044852833247904
7339.4			1.3035742712614034
7340.3			1.3210146195967007
7341.200000000001			1.339851790265763
7342.1			1.3342160785286006
7343.0			1.3006270236844337
7343.9			1.2668967913753093
7344.8			1.2728131858557534
7345.700000000001			1.3145225049768698
7346.6			1.3455693272240012
7347.5			1.3583901904586688
7348.4			1.358880449033846
7349.3			1.3283232805211027
7350.200000000001			1.284041661853388
7351.1			1.2846575807846796
7352.0			1.3333645246108865
7352.9			1.3657888919168806
7353.8			1.3478521661662668
7354.700000000001			1.3022269685996806
7355.6			1.263995304356292
7356.5			1.2732101614876778
7357.4			1.3386412398766347
7358.3			1.4139386016047952
7359.200000000001			1.4535521744457462
7360.1			1.4417895117766808
7361.0			1.3957265649765886
7361.9			1.3470015905851198
7362.8			1.3325732162477968
7363.700000000001			1.3686071059189295
7364.6			1.4291688027368286
7365.5			1.4703333669733205
7366.4			1.4903343749695661
7367.3			1.511424673361269
7368.200000000001			1.520208849030033
7369.1			1.5154514257028464
7370.0			1.5394186541432324
7370.9			1.5877435304112562
7371.8			1.609426041634619
7372.700000000001			1.599083833611644
7373.6			1.5890791238035604
7374.5			1.5878593756291155
7375.4			1.5814744649469694
7376.3			1.5826607990779655
7377.200000000001			1.6243065126624372
7378.1			1.6754140308914303
7379.0			1.6825164694323458
7379.9			1.6542822394982222
7380.8			1.619607686455698
7381.700000000001			1.5918318181846494
7382.6			1.588357287969835
7383.5			1.6072885698913892
7384.4			1.5972193432570279
7385.3			1.5472492800004602
7386.200000000001			1.520958587066269
7387.1			1.5329599445432518
7388.0			1.526133764246929
7388.9			1.5039234225710403
7389.8			1.5420901929958175
7390.700000000001			1.63143170150848
7391.6			1.668653447752355
7392.5			1.6331458436919726
7393.4			1.6154812652519985
7394.3			1.6656647211387683
7395.200000000001			1.714235430660314
7396.1			1.730222931226543
7397.0			1.7327050943340252
7397.9			1.7279078093497533
7398.8			1.7071204663624369
7399.700000000001			1.6755555114046041
7400.6			1.6809431978168219
7401.5			1.7425831190217653
7402.4			1.8264945605869554
7403.3			1.8829571288373113
7404.200000000001			1.8757442853781292
7405.1			1.845260381925784
7406.0			1.8543223625647676
7406.9			1.8795508390467437
7407.8			1.8603402490422412
7408.700000000001			1.8109890260742159
7409.6			1.7917024312101968
7410.5			1.8273974735191867
7411.4			2.0304424616669725
7412.3			0.834753080474518
7413.200000000001			2.036789778098695e-05
7414.1			2.0501116597278784e-05
7415.0			2.0636089555857254e-05
7415.9			2.0772851532511076e-05
7416.8			2.0911438333729116e-05
7417.700000000001			2.10518867279549e-05
7418.6			2.1194234478109127e-05
7419.5			2.1338520375440626e-05
7420.4			2.1484784274769507e-05
7421.3			2.1633067131189718e-05
7422.200000000001			2.1783411038302083e-05
7423.1			2.193585926805269e-05
7424.0			2.2090456312255966e-05
7424.9			2.2247247925886004e-05
7425.8			2.2406281172224713e-05
7426.700000000001			2.256760446996033e-05
7427.6			2.2731267642335323e-05
7428.5			2.2897321968448496e-05
7429.4			1.0
