3500.0			1.0
3500.9			1.0
3501.8			1.0
3502.7			1.0
3503.6			1.0
3504.5			1.0
3505.4			1.0
3506.3			1.0
3507.2			1.0
3508.1			1.0
3509.0			1.0
3509.9			1.0
3510.8			1.0
3511.7			1.0
3512.6			1.0
3513.5			1.0
3514.4			1.0
3515.3			1.0
3516.2			1.0
3517.1			1.0
3518.0			1.0
3518.9			1.0
3519.8			1.0
3520.7			1.0
3521.6			1.0
3522.5			1.0
3523.4			1.0
3524.3			1.0
3525.2			1.0
3526.1			1.0
3527.0			1.0
3527.9			1.0
3528.8			1.0
3529.7			1.0
3530.6			1.0
3531.5			1.0
3532.4			1.0
3533.3			1.0
3534.2			1.0
3535.1			1.0
3536.0			1.0
3536.9			1.0
3537.8			1.0
3538.7			1.0
3539.6			1.0
3540.5			1.0
3541.4			1.0
3542.3			1.0
3543.2			1.0
3544.1			1.0
3545.0			1.0
3545.9			1.0
3546.8			1.0
3547.7			1.0
3548.6			1.0
3549.5			1.0
3550.4			1.0
3551.3			1.0
3552.2			1.0
3553.1			1.0
3554.0			1.0
3554.9			1.0
3555.8			1.0
3556.7			1.0
3557.6			1.0
3558.5			1.0
3559.4			1.0
3560.3			1.0
3561.2			1.0
3562.1			1.0
3563.0			1.0
3563.9			1.0
3564.8			1.0
3565.7			1.0
3566.6			1.0
3567.5			1.0
3568.4			1.0
3569.3			1.0
3570.2			1.0
3571.1			1.0
3572.0			1.0
3572.9			1.0
3573.8			1.0
3574.7			1.0
3575.6			1.0
3576.5			1.0
3577.4			1.0
3578.3			1.0
3579.2			1.0
3580.1			1.0
3581.0			1.0
3581.9			1.0
3582.8			1.0
3583.7			1.0
3584.6			1.0
3585.5			1.0
3586.4			1.0
3587.3			1.0
3588.2			1.0
3589.1			1.0
3590.0			1.0
3590.9			1.0
3591.8			1.0
3592.7			1.0
3593.6			1.0
3594.5			1.0
3595.4			1.0
3596.3			1.0
3597.2			1.0
3598.1			1.0
3599.0			1.0
3599.9			1.0
3600.8			1.0
3601.7			1.0
3602.6			1.0
3603.5			1.0
3604.4			1.0
3605.3			1.0
3606.2			1.0
3607.1			1.0
3608.0			1.0
3608.9			1.0
3609.8			1.0
3610.7			1.0
3611.6			1.0
3612.5			1.0
3613.4			1.0
3614.3			1.0
3615.2			1.0
3616.1			1.0
3617.0			1.0
3617.9			1.0
3618.8			1.0
3619.7			1.0
3620.6			1.0
3621.5			1.0
3622.4			1.0
3623.3			1.0
3624.2			1.0
3625.1			1.0
3626.0			1.0
3626.9			1.0
3627.8			1.0
3628.7			1.0
3629.6			1.0
3630.5			1.0
3631.4			1.0
3632.3			1.0
3633.2			1.0
3634.1			1.0
3635.0			1.0
3635.9			1.0
3636.8			1.0
3637.7			1.0
3638.6			1.0
3639.5			1.0
3640.4			1.0
3641.3			1.0
3642.2			1.0
3643.1			1.0
3644.0			1.0
3644.9			1.0
3645.8			1.0
3646.7			1.0
3647.6			1.0
3648.5			1.0
3649.4			1.0
3650.3			1.0
3651.2			1.0
3652.1			1.0
3653.0			1.0
3653.9			1.0
3654.8			1.0
3655.7			1.0
3656.6			1.0
3657.5			1.0
3658.4			1.0
3659.3			1.0
3660.2			1.0
3661.1			1.0
3662.0			1.0
3662.9			1.0
3663.8			1.0
3664.7			1.0
3665.6			1.0
3666.5			1.0
3667.4			1.0
3668.3			1.0
3669.2			1.0
3670.1			1.0
3671.0			1.0
3671.9			1.0
3672.8			1.0
3673.7			1.0
3674.6			1.0
3675.5			1.0
3676.4			1.0
3677.3			1.0
3678.2			1.0
3679.1			1.0
3680.0			1.0
3680.9			1.0
3681.8			1.0
3682.7			1.0
3683.6			1.0
3684.5			1.0
3685.4			1.0
3686.3			1.0
3687.2			1.0
3688.1			1.0
3689.0			1.0
3689.9			1.0
3690.8			1.0
3691.7			1.0
3692.6			1.0
3693.5			1.0
3694.4			1.0
3695.3			1.0
3696.2			1.0
3697.1			1.0
3698.0			1.0
3698.9			1.0
3699.8			1.0
3700.7			1.0
3701.6			1.0
3702.5			1.0
3703.4			1.0
3704.3			1.0
3705.2			1.0
3706.1			1.0
3707.0			1.0
3707.9			1.0
3708.8			1.0
3709.7			1.0
3710.6			1.0
3711.5			1.0
3712.4			1.0
3713.3			1.0
3714.2			1.0
3715.1			1.0
3716.0			1.0
3716.9			1.0
3717.8			1.0
3718.7			1.0
3719.6			1.0
3720.5			1.0
3721.4			1.0
3722.3			1.0
3723.2			1.0
3724.1			1.0
3725.0			1.0
3725.9			1.0
3726.8			1.0
3727.7			1.0
3728.6			1.0
3729.5			1.0
3730.4			1.0
3731.3			1.0
3732.2			1.0
3733.1			1.0
3734.0			1.0
3734.9			1.0
3735.8			1.0
3736.7			1.0
3737.6			1.0
3738.5			1.0
3739.4			1.0
3740.3			1.0
3741.2			1.0
3742.1			1.0
3743.0			1.0
3743.9			1.0
3744.8			1.0
3745.7			1.0
3746.6			1.0
3747.5			1.0
3748.4			1.0
3749.3			1.0
3750.2			1.0
3751.1			1.0
3752.0			1.0
3752.9			1.0
3753.8			1.0
3754.7			1.0
3755.6			1.0
3756.5			1.0
3757.4			1.0
3758.3			1.0
3759.2			1.0
3760.1			1.0
3761.0			1.0
3761.9			1.0
3762.8			1.0
3763.7			1.0
3764.6			1.0
3765.5			1.0
3766.4			1.0
3767.3			1.0
3768.2			1.0
3769.1			1.0
3770.0			1.0
3770.9			1.0
3771.8			1.0
3772.7			1.0
3773.6			1.0
3774.5			1.0
3775.4			1.0
3776.3			1.0
3777.2			1.0
3778.1			1.0
3779.0			1.0
3779.9			1.0
3780.8			1.0
3781.7			1.0
3782.6			1.0
3783.5			1.0
3784.4			1.0
3785.3			1.0
3786.2			1.0
3787.1			1.0
3788.0			1.0
3788.9			1.0
3789.8			1.0
3790.7			1.0
3791.6			1.0
3792.5			1.0
3793.4			1.0
3794.3			1.0
3795.2			1.0
3796.1			1.0
3797.0			1.0
3797.9			1.0
3798.8			1.0
3799.7			1.0
3800.6			1.0
3801.5			1.0
3802.4			1.0
3803.3			1.0
3804.2			1.0
3805.1			1.0
3806.0			1.0
3806.9			1.0
3807.8			1.0
3808.7			1.0
3809.6			1.0
3810.5			1.0
3811.4			1.0
3812.3			1.0
3813.2			1.0
3814.1			1.0
3815.0			1.0
3815.9			1.0
3816.8			1.0
3817.7			1.0
3818.6			1.0
3819.5			1.0
3820.4			1.0
3821.3			1.0
3822.2			1.0
3823.1			1.0
3824.0			1.0
3824.9			1.0
3825.8			1.0
3826.7			1.0
3827.6			1.0
3828.5			1.0
3829.4			1.0
3830.3			1.0
3831.2			1.0
3832.1			1.0
3833.0			1.0
3833.9			1.0
3834.8			1.0
3835.7			1.0
3836.6			1.0
3837.5			1.0
3838.4			1.0
3839.3			1.0
3840.2			1.0
3841.1			1.0
3842.0			1.0
3842.9			1.0
3843.8			1.0
3844.7			1.0
3845.6			1.0
3846.5			1.0
3847.4			1.0
3848.3			1.0
3849.2			1.0
3850.1			1.0
3851.0			1.0
3851.9			1.0
3852.8			1.0
3853.7			1.0
3854.6			1.0
3855.5			1.0
3856.4			1.0
3857.3			1.0
3858.2			1.0
3859.1			1.0
3860.0			1.0
3860.9			1.0
3861.8			1.0
3862.7			1.0
3863.6			1.0
3864.5			1.0
3865.4			1.0
3866.3			1.0
3867.2			1.0
3868.1			1.0
3869.0			1.0
3869.9			1.0
3870.8			1.0
3871.7			1.0
3872.6			1.0
3873.5			1.0
3874.4			1.0
3875.3			1.0
3876.2			1.0
3877.1			1.0
3878.0			1.0
3878.9			1.0
3879.8			1.0
3880.7			1.0
3881.6			1.0
3882.5			1.0
3883.4			1.0
3884.3			1.0
3885.2			1.0
3886.1			1.0
3887.0			1.0
3887.9			1.0
3888.8			1.0
3889.7			1.0
3890.6			1.0
3891.5			1.0
3892.4			1.0
3893.3			1.0
3894.2			1.0
3895.1			1.0
3896.0			1.0
3896.9			1.0
3897.8			1.0
3898.7			1.0
3899.6			1.0
3900.5			1.0
3901.4			1.0
3902.3			1.0
3903.2			1.0
3904.1			1.0
3905.0			1.0
3905.9			1.0
3906.8			1.0
3907.7			1.0
3908.6			1.0
3909.5			1.0
3910.4			1.0
3911.3			1.0
3912.2			1.0
3913.1			1.0
3914.0			1.0
3914.9			1.0
3915.8			1.0
3916.7			1.0
3917.6			1.0
3918.5			1.0
3919.4			1.0
3920.3			1.0
3921.2			1.0
3922.1			1.0
3923.0			1.0
3923.9			1.0
3924.8			1.0
3925.7			1.0
3926.6			1.0
3927.5			1.0
3928.4			1.0
3929.3			1.0
3930.2			1.0
3931.1			1.0
3932.0			1.0
3932.9			1.0
3933.8			1.0
3934.7			1.0
3935.6			1.0
3936.5			1.0
3937.4			1.0
3938.3			1.0
3939.2			1.0
3940.1			1.0
3941.0			1.0
3941.9			1.0
3942.8			1.0
3943.7			1.0
3944.6			1.0
3945.5			1.0
3946.4			1.0
3947.3			1.0
3948.2			1.0
3949.1			1.0
3950.0			1.0
3950.9			1.0
3951.8			1.0
3952.7			1.0
3953.6			1.0
3954.5			1.0
3955.4			1.0
3956.3			1.0
3957.2			1.0
3958.1			1.0
3959.0			1.0
3959.9			1.0
3960.8			1.0
3961.7			1.0
3962.6			1.0
3963.5			1.0
3964.4			1.0
3965.3			1.0
3966.2			1.0
3967.1			1.0
3968.0			1.0
3968.9			1.0
3969.8			1.0
3970.7			1.0
3971.6			1.0
3972.5			1.0
3973.4			1.0
3974.3			1.0
3975.2			1.0
3976.1			1.0
3977.0			1.0
3977.9			1.0
3978.8			1.0
3979.7			1.0
3980.6			1.0
3981.5			1.0
3982.4			1.0
3983.3			1.0
3984.2			1.0
3985.1			1.0
3986.0			1.0
3986.9			1.0
3987.8			1.0
3988.7			1.0
3989.6			1.0
3990.5			1.0
3991.4			1.0
3992.3			1.0
3993.2			1.0
3994.1			1.0
3995.0			1.0
3995.9			1.0
3996.8			1.0
3997.7			1.0
3998.6			1.0
3999.5			1.0
4000.4			1.0
4001.3			1.0
4002.2			1.0
4003.1			1.0252174123218
4004.0			0.9433927631921163
4004.9			0.7681470161851082
4005.8			0.6694763228887005
4006.7			0.7449689348288729
4007.6			0.9014803302998585
4008.5			1.003400068223656
4009.4			1.0
4010.3			1.0
4011.2			1.0
4012.1			1.0
4013.0			1.0
4013.9			1.0
4014.8			1.0
4015.7			1.0
4016.6			1.0
4017.5			1.0
4018.4			1.0
4019.3			1.0
4020.2			1.0
4021.1			1.0
4022.0			1.0
4022.9			1.0
4023.8			1.0
4024.7			1.0
4025.6			1.0
4026.5			1.0
4027.4			1.0
4028.3			1.017504337019472
4029.2			0.9219593416609358
4030.1			0.7219321136366315
4031.0			0.5583833879502723
4031.9			0.49923466577078635
4032.8			0.47132555826608014
4033.7			0.45722741272320566
4034.6			0.5137023317068408
4035.5			0.6546205772487377
4036.4			0.8329158956532544
4037.3			0.9747164170379743
4038.2			1.0300696977313668
4039.1			0.9995525166175158
4040.0			1.0
4040.9			1.0
4041.8			0.9793928157402835
4042.7			0.960735282115103
4043.6			0.8240878641105521
4044.5			0.5901235015442565
4045.4			0.4063219274266396
4046.3			0.3841884962705975
4047.2			0.5164799593124795
4048.1			0.6953703194563496
4049.0			0.8375713675407481
4049.9			0.939763068646729
4050.8			0.990999809023792
4051.7			1.0
4052.6			1.0
4053.5			1.0
4054.4			1.0
4055.3			1.0
4056.2			1.0
4057.1			1.0
4058.0			1.0
4058.9			1.0
4059.8			1.1210085482873005
4060.7			1.1802149505027018
4061.6			1.0647523558399392
4062.5			0.8151436820408569
4063.4			0.612839012504404
4064.3			0.6232736798154787
4065.2			0.7995316756932416
4066.1			0.9463343801005508
4067.0			0.999664154298453
4067.9			1.0
4068.8			1.0
4069.7			1.0
4070.6			0.8354747501034733
4071.5			0.6385054152758443
4072.4			0.6379795237016425
4073.3			0.825258471604176
4074.2			0.9944124771819454
4075.1			1.0
4076.0			1.0
4076.9			1.0
4077.8			1.0
4078.7			1.0
4079.6			1.0
4080.5			1.0
4081.4			1.0
4082.3			0.9650946373448395
4083.2			0.8748377226643793
4084.1			0.8039462059436506
4085.0			0.7916362902083823
4085.9			0.8395484796728585
4086.8			0.922161566183856
4087.7			0.9987262182769443
4088.6			1.0
4089.5			1.0
4090.4			1.0
4091.3			1.0
4092.2			0.9754073346136294
4093.1			1.004849776794468
4094.0			1.0341774957652332
4094.9			0.9666623450642067
4095.8			0.8482001140456283
4096.7			0.7938744981754663
4097.6			0.8106025549960183
4098.5			0.8456969383831542
4099.4			0.8535500424942416
4100.3			0.8047091041120464
4101.2			0.7516469914411112
4102.1			0.7775923709273395
4103.0			0.8565547286935923
4103.9			0.9134846153040082
4104.8			0.9580565819238642
4105.7			1.0217377722044967
4106.6			1.0654403942937085
4107.5			1.0628839700621813
4108.4			1.0460814016019309
4109.3			1.0316827691078487
4110.2			1.006655455533415
4111.1			1.0
4112.0			1.0
4112.9			1.0
4113.8			1.0
4114.7			1.0
4115.6			1.0
4116.5			1.0
4117.4			1.0
4118.3			1.0
4119.2			1.0
4120.1			1.0
4121.0			1.0
4121.9			1.0
4122.8			1.0
4123.7			1.0
4124.6			1.0
4125.5			1.0
4126.4			1.0
4127.3			1.0
4128.2			1.0
4129.1			0.9904625042828957
4130.0			0.9565624665045775
4130.9			0.8553392890467176
4131.8			0.7183294623095401
4132.7			0.6515868258112621
4133.6			0.686397821648857
4134.5			0.7774527069230048
4135.4			0.9070700711695785
4136.3			1.0026548153021926
4137.2			1.0
4138.1			1.0
4139.0			1.0
4139.9			1.0218117350535494
4140.8			1.0020818691501852
4141.7			0.8752694001429586
4142.6			0.6559176735265254
4143.5			0.5159276350698796
4144.4			0.5781184011336238
4145.3			0.7640407897318618
4146.2			0.9197073681103588
4147.1			0.9989970801139991
4148.0			1.0
4148.9			1.0
4149.8			1.0
4150.7			1.0
4151.6			1.0
4152.5			1.0
4153.4			1.0
4154.3			1.0
4155.2			1.0
4156.1			1.0
4157.0			1.0
4157.9			1.0
4158.8			1.0
4159.7			1.0
4160.6			1.0
4161.5			1.0
4162.4			1.0
4163.3			1.0
4164.2			1.0
4165.1			1.0
4166.0			1.0
4166.9			1.0
4167.8			0.9752164472464581
4168.7			1.025868004469433
4169.6			1.0928358362919226
4170.5			1.0816423362972394
4171.4			0.9699963497579496
4172.3			0.8470801504817334
4173.2			0.8236633015112224
4174.1			0.8729816953575599
4175.0			0.9031863738887729
4175.9			0.9087743806559121
4176.8			0.9188513079975735
4177.7			0.9444070609459713
4178.6			1.0009843063388077
4179.5			1.0
4180.4			1.0
4181.3			1.0
4182.2			1.0
4183.1			1.0
4184.0			1.0
4184.9			1.0432103366059058
4185.8			0.9873936065528685
4186.7			0.8377393752664395
4187.6			0.7474344747253759
4188.5			0.8292199515879772
4189.4			1.0
4190.3			1.023045949088718
4191.2			0.9689654209819679
4192.1			0.9951543866685555
4193.0			1.0910053328187839
4193.9			1.0972264769635909
4194.8			0.9827428592427935
4195.7			0.8601284069207675
4196.6			0.7865935848983052
4197.5			0.7249784989995243
4198.4			0.6733989037598971
4199.3			0.6782139731508288
4200.2			0.704771120496627
4201.1			0.6798564846349182
4202.0			0.6547838176440671
4202.9			0.7175088421307476
4203.8			0.828580889722798
4204.7			0.9190306601900757
4205.6			0.9770274053925366
4206.5			1.0024056209029175
4207.4			1.0
4208.3			1.0
4209.2			1.0
4210.1			1.0
4211.0			1.0
4211.9			1.0
4212.8			1.0224805001241695
4213.7			0.9654455922290008
4214.6			0.862939594851025
4215.5			0.7735908403403288
4216.4			0.7927683290397067
4217.3			0.9072199526749125
4218.2			1.0010399448612615
4219.1			1.0
4220.0			1.0
4220.9			0.9923730982832293
4221.8			0.9131330357939142
4222.7			0.7972427007843305
4223.6			0.6805744441823643
4224.5			0.5414337084969814
4225.4			0.38527799023220927
4226.3			0.27126813539931904
4227.2			0.27105165791344943
4228.1			0.40324845705050727
4229.0			0.6058612721512909
4229.9			0.8175548574781544
4230.8			0.999341137762879
4231.7			1.0
4232.6			0.9554468649809609
4233.5			0.8961582491536116
4234.4			0.8771356488497496
4235.3			0.8439474537867084
4236.2			0.8290939564080541
4237.1			0.8993603912018941
4238.0			0.9738050724819054
4238.9			0.9859675176790766
4239.8			0.9991597705604807
4240.7			1.0
4241.6			1.0
4242.5			1.0
4243.4			1.0
4244.3			1.0
4245.2			1.0
4246.1			1.0
4247.0			0.9146030464770868
4247.9			0.8476681335044226
4248.8			0.7897861501278443
4249.7			0.6947586081254512
4250.6			0.6376965136379679
4251.5			0.7210709300095243
4252.4			0.8256073113618455
4253.3			0.7717353947558467
4254.2			0.6490630684100824
4255.1			0.6988123578044775
4256.0			0.9559163238603945
4256.9			1.2074661133401117
4257.8			1.2589673484775825
4258.7			1.1208821799955626
4259.6			0.9351197775830556
4260.5			0.8489781293862155
4261.4			0.9798816846257805
4262.3			1.0
4263.2			1.0
4264.1			1.0
4265.0			1.0
4265.9			0.9966262176910969
4266.8			0.9554465312871603
4267.7			0.8933266242415273
4268.6			0.8374530615334997
4269.5			0.7509814824895529
4270.4			0.5975287695338087
4271.3			0.45269169884771293
4272.2			0.42091229340787445
4273.1			0.4665791998156114
4274.0			0.47987562200213335
4274.9			0.4938583596683407
4275.8			0.6121572481824471
4276.7			0.7982342455820706
4277.6			0.9469371602973335
4278.5			1.0011246115612367
4279.4			1.0
4280.3			1.0
4281.2			1.0
4282.1			1.0
4283.0			1.0
4283.9			1.0
4284.8			1.0
4285.7			1.0
4286.6			1.0
4287.5			0.984030242525089
4288.4			0.8685176134524489
4289.3			0.6927012554603451
4290.2			0.6268029941566392
4291.1			0.7384874853706472
4292.0			0.9157990193102105
4292.9			1.0
4293.8			0.9507334314323306
4294.7			0.9144801886525783
4295.6			0.9628852529881426
4296.5			0.9838913649131648
4297.4			0.9027311113783413
4298.3			0.7562013415807158
4299.2			0.6224434240548574
4300.1			0.5883117183262413
4301.0			0.642754908916798
4301.9			0.687086266603568
4302.8			0.7037338748415299
4303.7			0.7314537478199589
4304.6			0.7358319709059646
4305.5			0.6776479378403576
4306.4			0.5796112068966897
4307.3			0.48217700093321225
4308.2			0.44117921039037816
4309.1			0.4891440585529956
4310.0			0.5834808796335584
4310.9			0.6701624967410017
4311.8			0.7457055561049172
4312.7			0.8245498889147748
4313.6			0.8851197724386128
4314.5			0.9406686729917773
4315.4			1.0691819891052885
4316.3			1.23183448701548
4317.2			1.286659709405212
4318.1			1.228727391165276
4319.0			1.174650246002363
4319.9			1.159296083338832
4320.8			1.0
4321.7			0.9708362513426364
4322.6			0.8814646990983245
4323.5			0.7176404005716621
4324.4			0.5395787125045006
4325.3			0.42839045768920875
4326.2			0.46210480512332175
4327.1			0.6493018316468652
4328.0			0.8714937285730029
4328.9			0.999534603730239
4329.8			1.0
4330.7			1.0
4331.6			1.0
4332.5			1.0
4333.4			1.0
4334.3			1.0
4335.2			1.0182400694820926
4336.1			0.9596836464336771
4337.0			0.8296248433711569
4337.9			0.7354313564752485
4338.8			0.7145899031399129
4339.7			0.716078581951054
4340.6			0.7615688174114666
4341.5			0.8787264949700647
4342.4			0.9792516826757103
4343.3			0.9893874280191014
4344.2			0.9889065686518157
4345.1			1.0
4346.0			1.0
4346.9			1.0
4347.8			1.0
4348.7			1.0752676073231484
4349.6			1.088626816019352
4350.5			0.9524894531092182
4351.4			0.7566654343385611
4352.3			0.6872059173833853
4353.2			0.7789179607276037
4354.1			0.8892177491685813
4355.0			0.9401835575198851
4355.9			0.9939491326275468
4356.8			1.0
4357.7			1.0
4358.6			1.0
4359.5			1.0
4360.4			1.0
4361.3			1.0
4362.2			1.0
4363.1			1.0
4364.0			1.0
4364.9			1.0
4365.8			1.0
4366.7			1.0
4367.6			1.0
4368.5			1.0
4369.4			1.0
4370.3			1.0
4371.2			1.0
4372.1			1.0
4373.0			1.0
4373.9			1.0
4374.8			1.0
4375.7			1.0
4376.6			1.0
4377.5			1.0
4378.4			1.0
4379.3			0.9703287331520883
4380.2			0.9128293327725423
4381.1			0.8224846276508293
4382.0			0.6678062168111389
4382.9			0.4806487533570441
4383.8			0.39261566504807893
4384.7			0.5006632132473362
4385.6			0.7357558769060624
4386.5			0.9294285255399776
4387.4			0.9966438379909659
4388.3			0.9982881517060372
4389.2			1.0
4390.1			1.0
4391.0			1.0
4391.9			1.0
4392.8			1.0
4393.7			1.0
4394.6			1.0
4395.5			1.0
4396.4			1.0
4397.3			1.0
4398.2			1.0
4399.1			1.0
4400.0			0.9158740090466677
4400.9			0.8741051943603565
4401.8			0.8933295609794768
4402.7			0.8603236811496546
4403.6			0.6951243327493279
4404.5			0.5353437137465022
4405.4			0.5531761499115974
4406.3			0.6983427157537238
4407.2			0.8088054888153201
4408.1			0.8730762100595558
4409.0			0.9909791633474738
4409.9			1.0
4410.8			1.0
4411.7			1.0
4412.6			0.9857262793159076
4413.5			0.8912949013528587
4414.4			0.7277495044137169
4415.3			0.6398130168619494
4416.2			0.7199348668488205
4417.1			0.874856575122026
4418.0			1.0014693525062532
4418.9			1.0
4419.8			1.0
4420.7			0.9759889440661734
4421.6			0.8939510367485863
4422.5			0.826115702388313
4423.4			0.829761311635117
4424.3			0.8539619157344627
4425.2			0.8334707101536812
4426.1			0.8051946844581447
4427.0			0.8345465987706548
4427.9			0.9206182326827237
4428.8			0.985284765466857
4429.7			0.966452996054445
4430.6			0.9498040715954587
4431.5			1.0
4432.4			1.0187821834032447
4433.3			0.9242267012925078
4434.2			0.7732441295874221
4435.1			0.6860621842720026
4436.0			0.7376252591468877
4436.9			0.8817033310256299
4437.8			1.0092646257573679
4438.7			1.0
4439.6			1.0
4440.5			1.0
4441.4			1.0
4442.3			1.0
4443.2			1.0
4444.1			1.0
4445.0			1.0
4445.9			1.0354315704788153
4446.8			0.9874364731080113
4447.7			0.9512990251866074
4448.6			0.9783810579809311
4449.5			1.003274319982396
4450.4			0.9882587348234085
4451.3			0.9732143534566456
4452.2			0.9520381806026335
4453.1			0.8723813869629492
4454.0			0.7364744783323912
4454.9			0.6355309070130494
4455.8			0.6494345198985654
4456.7			0.7310034325494126
4457.6			0.7740111070366188
4458.5			0.7662114227272149
4459.4			0.7626752307993316
4460.3			0.7587969907528749
4461.2			0.733298855391502
4462.1			0.7649701067316272
4463.0			0.8924365785136006
4463.9			0.9979037307006672
4464.8			1.0
4465.7			1.0
4466.6			1.0
4467.5			1.0
4468.4			1.0
4469.3			1.0
4470.2			1.0
4471.1			1.0
4472.0			1.0
4472.9			1.0
4473.8			1.0
4474.7			1.0
4475.6			1.0
4476.5			1.0
4477.4			1.0
4478.3			1.0125488959914526
4479.2			0.9461643514850451
4480.1			0.8517198144870459
4481.0			0.7783775180401353
4481.9			0.7529889270247343
4482.8			0.8013268256465731
4483.7			0.8944435406230511
4484.6			0.9661349519507048
4485.5			1.0000174603306784
4486.4			1.0
4487.3			1.0
4488.2			1.0
4489.1			1.0
4490.0			1.0
4490.9			1.0
4491.8			1.0539249951114564
4492.7			1.0451896509332783
4493.6			0.9531043612479203
4494.5			0.8493089990407895
4495.4			0.8228707952824511
4496.3			0.8615926949778162
4497.2			0.919905756468663
4498.1			0.971537401159415
4499.0			0.9974614210987055
4499.9			1.0
4500.8			1.0
4501.7			1.0
4502.6			1.0
4503.5			1.0
4504.4			1.0
4505.3			1.0
4506.2			1.0
4507.1			1.0
4508.0			1.0
4508.9			1.0
4509.8			1.0
4510.7			1.0090373899107739
4511.6			0.9824009006873072
4512.5			0.9453815732290425
4513.4			0.9302805732219999
4514.3			0.9402154510948046
4515.2			0.9747807354491463
4516.1			1.0086769690154944
4517.0			1.0
4517.9			0.96440646098079
4518.8			0.9906894037302733
4519.7			1.0542498988114513
4520.6			1.089676148487102
4521.5			1.075796643643974
4522.4			1.024843340125325
4523.3			0.9866458265886381
4524.2			0.965511107189589
4525.1			0.9148407949516401
4526.0			0.8385916378581891
4526.9			0.7667496459238279
4527.8			0.7161813599198318
4528.7			0.711159342564809
4529.6			0.7529932455450783
4530.5			0.7973453506210294
4531.4			0.8319354803672935
4532.3			0.8553233144013823
4533.2			0.826685513955279
4534.1			0.7615963462188001
4535.0			0.7229492009528976
4535.9			0.7796403350656547
4536.8			0.931683456317196
4537.7			1.0477208255976573
4538.6			1.0521098807839084
4539.5			1.000246258926514
4540.4			1.0
4541.3			1.0
4542.2			1.0
4543.1			1.028916746607343
4544.0			0.9975048323119613
4544.9			0.9416059015779505
4545.8			0.9249146452599577
4546.7			0.94402325957654
4547.6			0.9502235754792181
4548.5			0.9282068329471912
4549.4			0.9152239108922492
4550.3			0.9433560136285478
4551.2			0.9770571594187378
4552.1			0.973416249656517
4553.0			0.9505998819485227
4553.9			0.9261998074616408
4554.8			0.9068653629895196
4555.7			0.9234251120473989
4556.6			0.9857164716987785
4557.5			1.052057869621106
4558.4			1.083729321476807
4559.3			1.0817231930142488
4560.2			1.066944763616704
4561.1			1.0
4562.0			0.9997535859994143
4562.9			0.9664925614472522
4563.8			0.9105356984187609
4564.7			0.8732224307563089
4565.6			0.8840189273914233
4566.5			0.9420577455864487
4567.4			1.0000591825603058
4568.3			1.0
4569.2			1.0
4570.1			1.0
4571.0			1.0
4571.9			1.0
4572.8			1.0
4573.7			1.0
4574.6			1.0
4575.5			1.0
4576.4			1.0
4577.3			0.99829257844052
4578.2			0.9674910573419183
4579.1			0.9174142397620754
4580.0			0.8723166654912754
4580.9			0.8689614307502516
4581.8			0.9313026918513806
4582.7			1.0141333767694944
4583.6			1.0
4584.5			0.9511165747464226
4585.4			0.8939539236544352
4586.3			0.8925668412996307
4587.2			0.9645938747469137
4588.1			1.0497984030502845
4589.0			1.088141018864075
4589.9			1.0695808735257006
4590.8			1.0119823497382872
4591.7			0.9555999305302187
4592.6			0.9369007971527613
4593.5			0.94792777382492
4594.4			0.9542583694723482
4595.3			0.947464221566866
4596.2			0.9410419001019278
4597.1			0.9379543788823201
4598.0			0.942255808681614
4598.9			0.9491407918179235
4599.8			0.9328545835847989
4600.7			0.9078238982101857
4601.6			0.9097976839271552
4602.5			0.9211861326714317
4603.4			0.9263512533099519
4604.3			0.9282555239278815
4605.2			0.9267692263762307
4606.1			0.9375543249090275
4607.0			0.9694358897787065
4607.9			1.0204944694694371
4608.8			1.0670242848067655
4609.7			1.0648041223946576
4610.6			1.0186589994234927
4611.5			0.9777754530006671
4612.4			0.9588743638164167
4613.3			0.9546456123141829
4614.2			0.9748433587261015
4615.1			0.9993807272954687
4616.0			1.0000642401410504
4616.9			0.9987035921253666
4617.8			1.0
4618.7			1.0
4619.6			1.0
4620.5			1.0
4621.4			1.0
4622.3			1.0
4623.2			1.0
4624.1			1.0
4625.0			1.0
4625.9			1.0
4626.8			1.0
4627.7			1.0
4628.6			1.0
4629.5			1.0
4630.4			1.0
4631.3			1.0
4632.2			1.0
4633.1			1.0
4634.0			1.0
4634.9			1.0
4635.8			1.0
4636.7			1.0
4637.6			1.0
4638.5			1.0
4639.4			1.0
4640.3			1.0
4641.2			1.0580773099250733
4642.1			1.0951712516158676
4643.0			1.0769355937936582
4643.9			1.0392806780632753
4644.8			0.9896752503347163
4645.7			0.9090753745563394
4646.6			0.8475745820375831
4647.5			0.8551368043610361
4648.4			0.9022368594377509
4649.3			0.9521387865625223
4650.2			0.986899899056347
4651.1			0.9945045302424933
4652.0			0.9981896843833055
4652.9			1.0
4653.8			1.0
4654.7			1.0
4655.6			1.0
4656.5			1.0
4657.4			1.0
4658.3			1.0
4659.2			1.0
4660.1			1.0
4661.0			1.0
4661.9			1.0
4662.8			1.0
4663.7			0.9671391288419577
4664.6			0.9524474693632482
4665.5			0.9114055192241057
4666.4			0.8172211659984975
4667.3			0.7315174600987169
4668.2			0.7416244200553764
4669.1			0.8427360581121255
4670.0			0.9496048722956307
4670.9			1.001869243107601
4671.8			1.0
4672.7			1.0
4673.6			1.0
4674.5			1.0
4675.4			1.0
4676.3			1.0
4677.2			0.9928430352381228
4678.1			0.9437371717404488
4679.0			0.9066616147451991
4679.9			0.8999734984281754
4680.8			0.8972376525200542
4681.7			0.9006554400216984
4682.6			0.9349340710842295
4683.5			0.9782278290162706
4684.4			0.9913568227723146
4685.3			0.9907603117001624
4686.2			0.9973290565618865
4687.1			1.0
4688.0			1.0
4688.9			1.0
4689.8			1.0
4690.7			1.0
4691.6			1.0
4692.5			1.0
4693.4			1.0
4694.3			1.0
4695.2			1.0
4696.1			1.0
4697.0			0.97795239967226
4697.9			0.923755219926253
4698.8			0.8874577463244033
4699.7			0.900525195950764
4700.6			0.9187570045749208
4701.5			0.8876863746195895
4702.4			0.8298605884427268
4703.3			0.8297313621136332
4704.2			0.916362438157053
4705.1			0.9970207192764848
4706.0			1.0018892722102901
4706.9			0.965001750687911
4707.8			0.9508880201409214
4708.7			0.971443696599055
4709.6			1.005625390882214
4710.5			1.0
4711.4			1.0
4712.3			1.0
4713.2			1.0
4714.1			1.0
4715.0			1.0
4715.9			1.0
4716.8			1.0
4717.7			1.0
4718.6			1.0
4719.5			1.0
4720.4			1.0
4721.3			1.0
4722.2			1.0
4723.1			1.0
4724.0			1.0303109876142875
4724.9			1.061490124414977
4725.8			1.045680783131877
4726.7			0.9749816891912599
4727.6			0.9020165258962523
4728.5			0.8775498124658069
4729.4			0.8860280481092435
4730.3			0.9015513560224403
4731.2			0.9333260411999579
4732.1			0.9768659103811316
4733.0			0.9993108058937837
4733.9			1.0
4734.8			1.0
4735.7			1.0
4736.6			1.0
4737.5			1.0
4738.4			1.0
4739.3			1.0
4740.2			1.0
4741.1			1.0
4742.0			1.0
4742.9			1.0
4743.8			1.0
4744.7			1.0
4745.6			1.0
4746.5			1.0
4747.4			1.0
4748.3			1.0
4749.2			1.0
4750.1			1.0
4751.0			1.0
4751.9			1.0
4752.8			1.0
4753.7			1.0
4754.6			1.0
4755.5			1.0
4756.4			1.0
4757.3			1.0
4758.2			1.0
4759.1			1.0197619828903262
4760.0			1.0357675612628336
4760.9			1.0178264914697595
4761.8			0.9723211368484074
4762.7			0.9516162251456716
4763.6			0.9580177482759913
4764.5			0.9411168508942125
4765.4			0.8975642811588713
4766.3			0.8770038322618547
4767.2			0.9047358861843372
4768.1			0.9555074597909226
4769.0			0.9990652327217804
4769.9			1.0150170298980932
4770.8			0.9914989208890262
4771.7			0.9599038489203292
4772.6			0.9626392167718486
4773.5			1.0000503952968904
4774.4			1.0
4775.3			1.0
4776.2			1.0
4777.1			1.0
4778.0			1.0
4778.9			1.0
4779.8			1.0
4780.7			0.9986827838375486
4781.6			0.9835393303851717
4782.5			0.9400036912331515
4783.4			0.9169608051023911
4784.3			0.9571097915262758
4785.2			1.0033076477353824
4786.1			0.9977936844813706
4787.0			1.0
4787.9			1.0
4788.8			1.0
4789.7			1.0
4790.6			1.0
4791.5			1.0
4792.4			1.0
4793.3			1.0
4794.2			1.0
4795.1			1.0
4796.0			0.9893710410313235
4796.9			0.9684725719367396
4797.8			0.9422603183940528
4798.7			0.9118776359751084
4799.6			0.8926153155483197
4800.5			0.9021788290278938
4801.4			0.9425451875604208
4802.3			0.9851289406279368
4803.2			1.0007089734994536
4804.1			1.0
4805.0			1.0
4805.9			1.0
4806.8			1.0
4807.7			1.0
4808.6			1.0
4809.5			1.0
4810.4			1.0
4811.3			1.0
4812.2			1.0
4813.1			1.0
4814.0			1.0
4814.9			1.0
4815.8			1.0
4816.7			1.0
4817.6			1.0
4818.5			1.0
4819.4			1.0
4820.3			1.0
4821.2			0.984461770117016
4822.1			0.9406583996676363
4823.0			0.8762664873744982
4823.9			0.8584266973862978
4824.8			0.9167200632346388
4825.7			0.9859912020211996
4826.6			1.0082931780318625
4827.5			1.0
4828.4			1.0
4829.3			1.0
4830.2			1.0
4831.1			1.0
4832.0			1.0
4832.9			1.0
4833.8			1.0
4834.7			1.0
4835.6			1.0
4836.5			1.0
4837.4			1.0
4838.3			1.0
4839.2			1.0
4840.1			1.0
4841.0			1.0
4841.9			1.0
4842.8			1.0
4843.7			1.0
4844.6			1.0
4845.5			1.0
4846.4			1.0
4847.3			1.0
4848.2			1.0
4849.1			1.0
4850.0			1.0
4850.9			1.0
4851.8			1.0
4852.7			1.0
4853.6			1.0
4854.5			1.0
4855.4			1.0
4856.3			1.0
4857.2			1.045463352190293
4858.1			1.0379103340643578
4859.0			0.9591475931850995
4859.9			0.8562632632126568
4860.8			0.7889454878862632
4861.7			0.8072506474473995
4862.6			0.893786255544609
4863.5			0.9656312648124663
4864.4			1.0006036476782814
4865.3			1.0
4866.2			1.0
4867.1			1.0
4868.0			1.0
4868.9			0.995369019089617
4869.8			0.9375947808250644
4870.7			0.8073870188423338
4871.6			0.7227482445530429
4872.5			0.7858279664628446
4873.4			0.9219212405282079
4874.3			1.0002198119724144
4875.2			1.0
4876.1			1.0
4877.0			1.0
4877.9			1.0
4878.8			1.0
4879.7			1.0
4880.6			1.0
4881.5			1.0
4882.4			1.0
4883.3			1.0
4884.2			0.9742977647670861
4885.1			0.9029542305071528
4886.0			0.8544765913980575
4886.9			0.8559257471041021
4887.8			0.87396417023648
4888.7			0.8656220268205553
4889.6			0.7994396021730888
4890.5			0.6920211615497686
4891.4			0.6558081686254106
4892.3			0.7612345135894315
4893.2			0.9148480193704833
4894.1			1.011032156139284
4895.0			1.0473304892105524
4895.9			1.0518960207775405
4896.8			1.0397958159881957
4897.7			1.0232595296222093
4898.6			0.9984467628963685
4899.5			1.0
4900.4			1.0
4901.3			1.0
4902.2			1.0
4903.1			1.0
4904.0			1.0
4904.9			1.0
4905.8			1.0
4906.7			1.0
4907.6			0.9784435864138314
4908.5			0.9375042761864534
4909.4			0.8951137160572287
4910.3			0.8793334502343686
4911.2			0.9109578481144278
4912.1			0.9616339192779942
4913.0			0.9947148296578342
4913.9			1.0
4914.8			1.0
4915.7			1.0
4916.6			0.9787542675909695
4917.5			0.8902513962511129
4918.4			0.748242448154825
4919.3			0.6239774408340537
4920.2			0.5969173640605014
4921.1			0.6925893435056623
4922.0			0.8521126586153093
4922.9			0.9680622038413562
4923.8			0.9957753579945652
4924.7			1.0
4925.6			1.0
4926.5			1.0
4927.4			1.0
4928.3			1.0
4929.2			1.0
4930.1			1.0
4931.0			1.0
4931.9			1.0
4932.8			1.0
4933.7			1.0
4934.6			1.0
4935.5			1.0297155105993956
4936.4			1.001450130809452
4937.3			0.9129984325854856
4938.2			0.8182049415057676
4939.1			0.793504242079587
4940.0			0.8621982820735573
4940.9			0.9460236668716971
4941.8			0.9792509842739152
4942.7			0.9928906047430139
4943.6			1.0
4944.5			1.0
4945.4			1.0
4946.3			1.0
4947.2			1.0
4948.1			1.0
4949.0			1.0
4949.9			1.0
4950.8			1.0
4951.7			1.0
4952.6			1.0
4953.5			1.0
4954.4			1.0
4955.3			0.9425056692534427
4956.2			0.8121892416817095
4957.1			0.6602291493285729
4958.0			0.6462824522805308
4958.9			0.7956428740810251
4959.8			0.9469534694900623
4960.7			0.999117469425663
4961.6			1.0
4962.5			1.0
4963.4			1.0
4964.3			1.0
4965.2			1.0
4966.1			1.0
4967.0			1.0
4967.9			1.0
4968.8			1.0
4969.7			1.0
4970.6			1.0
4971.5			1.0
4972.4			1.0
4973.3			1.0
4974.2			1.0
4975.1			1.0
4976.0			1.0
4976.9			1.0
4977.8			1.0
4978.7			0.9558728681092499
4979.6			0.9519664737306974
4980.5			0.93513492165279
4981.4			0.848871609442894
4982.3			0.7462953802814946
4983.2			0.7224772537933636
4984.1			0.7713832208564354
4985.0			0.8272144982627316
4985.9			0.8875844339735175
4986.8			0.963934373447766
4987.7			0.9971979831008122
4988.6			1.0
4989.5			1.0
4990.4			1.0
4991.3			1.0
4992.2			1.0
4993.1			1.0
4994.0			1.0
4994.9			1.0
4995.8			1.0
4996.7			1.0
4997.6			1.0
4998.5			1.0
4999.4			1.0
5000.3			1.0
5001.2			1.0
5002.1			1.0
5003.0			1.0288442896858372
5003.9			1.0360395315791753
5004.8			0.9680018729132414
5005.7			0.856200070078274
5006.6			0.8150295293080357
5007.5			0.8794801496546248
5008.4			0.9613074571766479
5009.3			0.9957631239681627
5010.2			0.9883715728143063
5011.1			1.0
5012.0			1.0
5012.9			1.0
5013.8			1.0
5014.7			1.0
5015.6			1.0
5016.5			1.0
5017.4			1.0
5018.3			1.0
5019.2			1.0
5020.1			1.0
5021.0			0.9523238606265177
5021.9			0.8862522488604585
5022.8			0.8780294401016104
5023.7			0.9456835299381842
5024.6			1.0006521994470912
5025.5			1.0
5026.4			1.0
5027.3			1.0
5028.2			1.0
5029.1			1.0
5030.0			1.0
5030.9			1.0
5031.8			1.0
5032.7			1.0
5033.6			1.0
5034.5			1.0
5035.4			1.0
5036.3			1.0
5037.2			1.0390105410574482
5038.1			1.0487728941443897
5039.0			0.9693582832992838
5039.9			0.8568252956392549
5040.8			0.7697468464690134
5041.7			0.781165053242317
5042.6			0.8792970001581814
5043.5			0.9605539586964117
5044.4			1.0065445039305612
5045.3			1.0
5046.2			1.0395149370421235
5047.1			1.025501369690516
5048.0			0.9521267333011573
5048.9			0.8638200687608196
5049.8			0.8266732848128481
5050.7			0.8604120936663222
5051.6			0.9196017954447644
5052.5			0.966864576254977
5053.4			1.0005824430343944
5054.3			1.0
5055.2			1.0
5056.1			1.0
5057.0			1.0
5057.9			1.0
5058.8			1.0
5059.7			1.0
5060.6			1.0
5061.5			1.0
5062.4			1.0
5063.3			1.0
5064.2			1.0
5065.1			1.0
5066.0			1.0
5066.9			1.0
5067.8			1.0
5068.7			1.0
5069.6			1.0
5070.5			1.0
5071.4			1.0
5072.3			1.0
5073.2			1.0
5074.1			1.0432000465489608
5075.0			1.0292451505904263
5075.9			0.9883858248595495
5076.8			0.987898378277249
5077.7			1.005343155028748
5078.6			0.9525195508996
5079.5			0.8585867801864808
5080.4			0.8309429018551947
5081.3			0.855771729571788
5082.2			0.8646691731973399
5083.1			0.8648120506735656
5084.0			0.8930552289290892
5084.9			0.9415810650423108
5085.8			0.9846994870638693
5086.7			1.0012200525951267
5087.6			1.0
5088.5			1.0
5089.4			1.0
5090.3			1.0
5091.2			1.0
5092.1			1.0
5093.0			1.0
5093.9			1.000221236368828
5094.8			0.9397111130108818
5095.7			0.8881937094817695
5096.6			0.8931994946380497
5097.5			0.9102667452376405
5098.4			0.8773131725813975
5099.3			0.8453607387593695
5100.2			0.8812031463531421
5101.1			0.9468965855175532
5102.0			0.9962366571129584
5102.9			1.0166071049030847
5103.8			1.0071099130697863
5104.7			0.9963390035512539
5105.6			1.0
5106.5			1.0
5107.4			1.0
5108.3			1.0
5109.2			1.0
5110.1			1.0
5111.0			1.0
5111.9			1.0
5112.8			1.0
5113.7			1.0
5114.6			1.0
5115.5			1.0
5116.4			1.0
5117.3			1.0216378465482934
5118.2			1.0351339804729487
5119.1			1.0135074750039843
5120.0			0.9770718323336768
5120.9			0.9490653370462756
5121.8			0.9468270555711303
5122.7			0.9243531671929789
5123.6			0.8574630141023982
5124.5			0.8192323945384811
5125.4			0.8423445479000871
5126.3			0.8786466020147139
5127.2			0.8996015458637482
5128.1			0.9006384924991689
5129.0			0.8798135855712178
5129.9			0.869353134241419
5130.8			0.9233131664868116
5131.7			0.9997310546577001
5132.6			1.0
5133.5			1.0
5134.4			1.0
5135.3			1.0
5136.2			1.0
5137.1			0.966777984583833
5138.0			0.9118304648937237
5138.9			0.8634385604909653
5139.8			0.898487803345293
5140.7			1.0017853416048992
5141.6			1.0
5142.5			1.0
5143.4			1.017365221094376
5144.3			1.063446711934138
5145.2			1.0478347154437948
5146.1			1.0056758865676356
5147.0			1.0000934525033787
5147.9			1.0272041412973152
5148.8			1.049269576006673
5149.7			1.0392435221374545
5150.6			1.0204664082792356
5151.5			1.020426324028775
5152.4			1.007867843093902
5153.3			0.9733632449646986
5154.2			0.9771190445308251
5155.1			1.0525527327584616
5156.0			1.149873079229736
5156.9			1.222141356810006
5157.8			1.2645187523891241
5158.7			1.2645573237690209
5159.6			1.2552096500368215
5160.5			1.2717752425495223
5161.4			1.246048903832741
5162.3			1.1642944287009105
5163.2			1.1247468204242965
5164.1			1.1118399018366214
5165.0			1.002056795176982
5165.9			1.0
5166.8			1.0
5167.7			1.0
5168.6			1.0914437747771253
5169.5			1.203028117076153
5170.4			1.123374204426158
5171.3			0.8728620686195654
5172.2			0.6532978118150187
5173.1			0.6219904809562917
5174.0			0.7564379764555841
5174.9			0.9173942744801705
5175.8			1.0
5176.7			1.0426662713947057
5177.6			1.0419861485155506
5178.5			1.0177732014751282
5179.4			0.9702708067231511
5180.3			0.8808359997848865
5181.2			0.7505652171712234
5182.1			0.6060825088802252
5183.0			0.49267996126301505
5183.9			0.4825223369583988
5184.8			0.6113218893897738
5185.7			0.8112676995873731
5186.6			0.9744551888498443
5187.5			1.0525108084708459
5188.4			1.0817826559565586
5189.3			1.117828921661818
5190.2			1.1140120856164328
5191.1			1.0024321760591848
5192.0			1.0
5192.9			1.0
5193.8			1.0
5194.7			1.0
5195.6			1.0
5196.5			1.0
5197.4			1.0
5198.3			1.0
5199.2			1.0
5200.1			1.0
5201.0			1.0
5201.9			0.9536128701486785
5202.8			0.8976325477907298
5203.7			0.8072104239329191
5204.6			0.6877851874105907
5205.5			0.6113029059948815
5206.4			0.6052013989725948
5207.3			0.6041631539958873
5208.2			0.5787313295854297
5209.1			0.5936781491440846
5210.0			0.6918497281294536
5210.9			0.8387518040915494
5211.8			0.9865283797747244
5212.7			1.0733138682104741
5213.6			1.069359744507707
5214.5			1.0004851125806828
5215.4			1.0
5216.3			1.0
5217.2			1.0
5218.1			1.0
5219.0			1.0
5219.9			1.0
5220.8			1.0
5221.7			1.0
5222.6			1.0
5223.5			0.9427176419201625
5224.4			0.8750766385515675
5225.3			0.8045409684359915
5226.2			0.7309682761888957
5227.1			0.7060258603709373
5228.0			0.792313025570311
5228.9			0.9163820417453741
5229.8			0.9792022062482482
5230.7			0.9931764510098198
5231.6			1.0
5232.5			1.0
5233.4			1.0
5234.3			1.0
5235.2			1.0
5236.1			1.0
5237.0			1.0
5237.9			1.0
5238.8			1.0
5239.7			1.0
5240.6			1.0036142001917732
5241.5			1.0000105630631517
5242.4			0.9866485452642697
5243.3			0.9891229493792094
5244.2			1.0189713404506133
5245.1			1.0284884899923126
5246.0			0.9800081278006398
5246.9			0.9156893217637423
5247.8			0.9078107742528256
5248.7			0.9397157529758267
5249.6			0.9354167214612109
5250.5			0.9061937414876049
5251.4			0.9139854806877541
5252.3			0.9450526537135302
5253.2			0.9540769283766242
5254.1			0.9332968734443765
5255.0			0.916797805914522
5255.9			0.9523106216331046
5256.8			1.0215375787530945
5257.7			1.0658206397271803
5258.6			1.0745518601867132
5259.5			1.0
5260.4			0.9464459013560912
5261.3			0.8652044590017229
5262.2			0.776736645989655
5263.1			0.7106376733415155
5264.0			0.6723884852449806
5264.9			0.6415461991268028
5265.8			0.6192772504075083
5266.7			0.6401299453666907
5267.6			0.6681190082792257
5268.5			0.6031804194492406
5269.4			0.494064712303178
5270.3			0.503830288504927
5271.2			0.645274408756855
5272.1			0.7722021911921357
5273.0			0.8182701409495304
5273.9			0.8302821228841151
5274.8			0.8290261186017762
5275.7			0.8364588130059917
5276.6			0.8947249579177539
5277.5			0.9703492250368598
5278.4			1.0
5279.3			0.9752521533175827
5280.2			0.9185736786883761
5281.1			0.8507683309004556
5282.0			0.7935738715699897
5282.9			0.7629341871366998
5283.8			0.7795391980000069
5284.7			0.8561283593434649
5285.6			0.9516623430939656
5286.5			1.0004529256539034
5287.4			1.0
5288.3			1.0
5289.2			1.0
5290.1			1.0
5291.0			1.0
5291.9			1.0
5292.8			1.0
5293.7			1.0
5294.6			1.0000633393408334
5295.5			0.9620335902679641
5296.4			0.8781230973662145
5297.3			0.799314248919083
5298.2			0.8034704515670713
5299.1			0.8962270852215662
5300.0			0.9846057723746253
5300.9			1.0039165549886846
5301.8			1.0002916633372465
5302.7			1.0
5303.6			1.0
5304.5			1.0
5305.4			1.0
5306.3			1.0
5307.2			1.0
5308.1			1.0
5309.0			1.0
5309.9			1.0
5310.8			1.0
5311.7			1.0
5312.6			1.0
5313.5			1.0
5314.4			1.0
5315.3			1.0
5316.2			1.0
5317.1			1.0
5318.0			1.0
5318.9			1.0
5319.8			1.0
5320.7			1.0
5321.6			0.9812977696506295
5322.5			0.9334203725920697
5323.4			0.8532339005556931
5324.3			0.8040061984448357
5325.2			0.8285664461746908
5326.1			0.8287983020186654
5327.0			0.7162244230480679
5327.9			0.5858660959137183
5328.8			0.5948900372921422
5329.7			0.7412195133063586
5330.6			0.8873892877133867
5331.5			0.9503367510943234
5332.4			0.9541764227634437
5333.3			0.9629874078097103
5334.2			0.9995189199699392
5335.1			1.0
5336.0			1.0
5336.9			1.0
5337.8			0.9858934629794436
5338.7			0.9359444707955633
5339.6			0.8478803209451735
5340.5			0.797193621311489
5341.4			0.8463224750677453
5342.3			0.9424747709811672
5343.2			0.9996811806339001
5344.1			1.0
5345.0			1.0
5345.9			1.0
5346.8			1.0
5347.7			1.0
5348.6			1.0
5349.5			1.0
5350.4			1.0
5351.3			1.0
5352.2			1.0
5353.1			1.0
5354.0			1.0
5354.9			1.0
5355.8			1.0
5356.7			1.0
5357.6			1.0
5358.5			1.0
5359.4			1.0
5360.3			1.0
5361.2			1.0
5362.1			1.0
5363.0			1.0
5363.9			1.0
5364.8			1.0
5365.7			1.0
5366.6			1.0
5367.5			0.9878139334372631
5368.4			0.9567021631757118
5369.3			0.8744497660779789
5370.2			0.752926479937133
5371.1			0.6838033034721087
5372.0			0.7349082331826479
5372.9			0.8616887876795255
5373.8			0.9636452361843769
5374.7			1.0054269367355795
5375.6			1.0
5376.5			1.0
5377.4			1.0
5378.3			1.0
5379.2			1.0
5380.1			1.0
5381.0			1.0
5381.9			0.9629955384562385
5382.8			0.9143924602849225
5383.7			0.9074705709927351
5384.6			0.9552969236117553
5385.5			1.0003610065227742
5386.4			1.0
5387.3			1.0
5388.2			1.0
5389.1			1.0
5390.0			1.0
5390.9			1.0
5391.8			1.0
5392.7			1.0
5393.6			1.0
5394.5			1.0
5395.4			1.0
5396.3			1.0
5397.2			1.0
5398.1			1.0
5399.0			1.0
5399.9			1.0
5400.8			1.0
5401.7			1.0310801377649428
5402.6			1.0285086621133819
5403.5			0.9457873607752373
5404.4			0.830852996197101
5405.3			0.7698636703485187
5406.2			0.8157912210671274
5407.1			0.935665931832341
5408.0			1.0172733324886256
5408.9			0.9972898329059487
5409.8			1.0
5410.7			1.0
5411.6			1.0
5412.5			1.0
5413.4			1.0
5414.3			1.0
5415.2			1.0
5416.1			1.0
5417.0			1.0
5417.9			1.0
5418.8			1.0
5419.7			1.0
5420.6			1.0
5421.5			1.0
5422.4			1.0
5423.3			1.0
5424.2			1.0
5425.1			1.0
5426.0			1.0
5426.9			1.0414703871901594
5427.8			1.0021935004045617
5428.7			0.8912339703627897
5429.6			0.8179441129987014
5430.5			0.8747276789340834
5431.4			0.9772504065486849
5432.3			1.000599828781214
5433.2			1.0
5434.1			1.0
5435.0			1.0
5435.9			1.0
5436.8			1.0
5437.7			1.0
5438.6			1.0
5439.5			1.0
5440.4			1.0
5441.3			1.0
5442.2			1.0
5443.1			1.0
5444.0			0.9560386794849075
5444.9			0.8736105295335146
5445.8			0.7799321517374304
5446.7			0.7376906386138747
5447.6			0.7990956264610269
5448.5			0.9163703725985931
5449.4			0.9981862985869697
5450.3			1.0
5451.2			1.0
5452.1			1.0
5453.0			0.9685218741593993
5453.9			0.9013426591160222
5454.8			0.8112190471141767
5455.7			0.777884737915187
5456.6			0.8464319563195623
5457.5			0.9461591365411728
5458.4			0.9990059407570865
5459.3			1.0
5460.2			1.0
5461.1			1.0
5462.0			1.0
5462.9			1.0
5463.8			1.0
5464.7			1.0
5465.6			1.0
5466.5			1.0
5467.4			1.0
5468.3			1.0
5469.2			1.0
5470.1			1.0
5471.0			1.0
5471.9			1.0
5472.8			0.9897598321261061
5473.7			0.9673841564171138
5474.6			0.9522811438936298
5475.5			0.9125662809782212
5476.4			0.856444315210701
5477.3			0.8652923370941372
5478.2			0.9486744745423644
5479.1			1.0128461449226083
5480.0			0.9989574188022277
5480.9			1.0
5481.8			1.0
5482.7			1.0
5483.6			1.0
5484.5			1.0
5485.4			1.0
5486.3			1.0
5487.2			1.0
5488.1			1.0
5489.0			1.0
5489.9			1.0
5490.8			1.0
5491.7			1.0
5492.6			1.0
5493.5			1.0
5494.4			1.0
5495.3			1.0
5496.2			1.0
5497.1			1.0
5498.0			1.0
5498.9			1.0
5499.8			1.0
5500.7			1.0
5501.6			1.0
5502.5			1.0
5503.4			1.0
5504.3			1.0
5505.2			1.0
5506.1			1.0
5507.0			1.0
5507.9			1.0
5508.8			1.0359774022727275
5509.7			1.0244258063447134
5510.6			0.9860619255059786
5511.5			0.9312535152128655
5512.4			0.8869412980087196
5513.3			0.88173373189673
5514.2			0.9057736856971595
5515.1			0.9328185704876498
5516.0			0.9531988711607481
5516.9			0.9738552336821958
5517.8			1.0002284582501328
5518.7			1.0
5519.6			1.0
5520.5			1.0
5521.4			1.0
5522.3			1.0
5523.2			1.0
5524.1			1.0
5525.0			1.0
5525.9			0.9727214483043145
5526.8			0.9143963604653808
5527.7			0.8415295434006179
5528.6			0.8294330262875149
5529.5			0.9029556723626355
5530.4			0.9799333683602632
5531.3			1.0000533590924494
5532.2			1.0
5533.1			1.0
5534.0			1.0
5534.9			1.0
5535.8			1.0
5536.7			1.0
5537.6			1.0
5538.5			1.0
5539.4			1.0
5540.3			1.0
5541.2			1.0
5542.1			1.0
5543.0			1.0
5543.9			1.0
5544.8			1.0
5545.7			1.0
5546.6			1.0
5547.5			1.0
5548.4			1.0
5549.3			1.0
5550.200000000001			1.0
5551.1			1.0
5552.0			1.0
5552.9			1.0
5553.8			1.0
5554.700000000001			1.0
5555.6			1.0
5556.5			1.0
5557.4			1.0
5558.3			1.0
5559.200000000001			1.0
5560.1			1.0
5561.0			1.0
5561.9			1.0
5562.8			1.0
5563.700000000001			1.0
5564.6			1.0
5565.5			1.0
5566.4			0.9890316232213029
5567.3			0.9961861028761265
5568.200000000001			0.9822870504543638
5569.1			0.9467207956561763
5570.0			0.9451988504156408
5570.9			0.9693932094655278
5571.8			0.9397924625608358
5572.700000000001			0.8931865001066204
5573.6			0.921658992568243
5574.5			0.9728211959042669
5575.4			0.970444402334773
5576.3			0.9662074539240023
5577.200000000001			0.9943914989923496
5578.1			1.0078238562340232
5579.0			1.0017353361347787
5579.9			1.0
5580.8			1.0
5581.700000000001			1.0
5582.6			1.0
5583.5			1.0135414835365295
5584.4			0.9967320483569506
5585.3			0.935834554069549
5586.200000000001			0.8483433891859988
5587.1			0.7893356835209077
5588.0			0.7907304877774468
5588.9			0.827613606089986
5589.8			0.8932139808362082
5590.700000000001			0.9638595647985257
5591.6			1.0007348183412945
5592.5			0.9981339386204352
5593.4			1.0
5594.3			1.0
5595.200000000001			1.0
5596.1			1.0
5597.0			0.9869942258208487
5597.9			0.9291901560500864
5598.8			0.9011892348154683
5599.700000000001			0.9100005728689573
5600.6			0.8954876972872201
5601.5			0.8589933178074122
5602.4			0.8392387970268237
5603.3			0.8705677220785432
5604.200000000001			0.9464467842170524
5605.1			1.0014051251265652
5606.0			1.0141911748092014
5606.9			1.0067678228225856
5607.8			0.9965756853181099
5608.700000000001			1.0
5609.6			1.0
5610.5			1.0
5611.4			1.0
5612.3			1.0
5613.200000000001			0.9730759181257235
5614.1			0.8875963838951935
5615.0			0.7831935134382702
5615.9			0.772040594093362
5616.8			0.8694860933055106
5617.700000000001			0.9612992124543461
5618.6			0.9956583592629885
5619.5			1.0
5620.4			1.0
5621.3			1.0
5622.200000000001			1.0095412504893702
5623.1			0.9711287031959361
5624.0			0.903436048041793
5624.9			0.8816644032260809
5625.8			0.9295176354367796
5626.700000000001			0.980474362641039
5627.6			1.0021950950728211
5628.5			1.0
5629.4			1.0
5630.3			1.0
5631.200000000001			1.0
5632.1			1.0
5633.0			1.0
5633.9			1.0
5634.8			1.0
5635.700000000001			1.0
5636.6			1.0
5637.5			1.0
5638.4			1.0
5639.3			1.0
5640.200000000001			1.0
5641.1			1.0
5642.0			1.0
5642.9			1.0
5643.8			1.0
5644.700000000001			1.0
5645.6			1.0
5646.5			1.0
5647.4			1.0
5648.3			1.0
5649.200000000001			1.0
5650.1			1.0
5651.0			1.0
5651.9			1.0
5652.8			1.0
5653.700000000001			1.0
5654.6			0.9766491358980961
5655.5			0.9838450830300495
5656.4			1.0011266372925263
5657.3			0.9678114049440004
5658.200000000001			0.9073091800907845
5659.1			0.9148165415927062
5660.0			0.9872302353282243
5660.9			1.0231569827064386
5661.8			1.0011375430500082
5662.700000000001			1.0
5663.6			1.0
5664.5			1.0
5665.4			1.0
5666.3			1.0
5667.200000000001			1.0
5668.1			1.0
5669.0			1.0
5669.9			1.0
5670.8			1.0
5671.700000000001			1.0
5672.6			1.0
5673.5			1.0
5674.4			1.0
5675.3			1.0
5676.200000000001			1.0
5677.1			1.0
5678.0			1.0
5678.9			1.0
5679.8			1.0
5680.700000000001			1.0
5681.6			1.0
5682.5			1.0
5683.4			1.0
5684.3			1.0
5685.200000000001			1.0093270727220336
5686.1			0.98081491402381
5687.0			0.9389949413756451
5687.9			0.9192081088087541
5688.8			0.9393200238955308
5689.700000000001			0.9790127903961153
5690.6			1.0011007721115468
5691.5			1.0
5692.4			1.0
5693.3			1.0
5694.200000000001			1.0
5695.1			1.0
5696.0			1.0
5696.9			1.0
5697.8			1.0
5698.700000000001			1.0
5699.6			1.0
5700.5			1.0
5701.4			1.0
5702.3			1.0
5703.200000000001			1.0
5704.1			1.0136431984962408
5705.0			0.9993943109552155
5705.9			0.9684901729254691
5706.8			0.9457153452733731
5707.700000000001			0.9262181795626209
5708.6			0.8975435272861048
5709.5			0.880852352928955
5710.4			0.8786399310429999
5711.3			0.8743300957949728
5712.200000000001			0.8982922982936234
5713.1			0.9519877730172429
5714.0			0.9841521204831041
5714.9			0.989028718584064
5715.8			0.9942658451664034
5716.700000000001			0.9981563575534339
5717.6			0.9953553990110886
5718.5			1.001263724404457
5719.4			1.0
5720.3			1.0
5721.200000000001			1.0
5722.1			1.0
5723.0			1.0
5723.9			1.0
5724.8			1.0
5725.700000000001			1.0
5726.6			1.0
5727.5			1.0
5728.4			1.0
5729.3			1.0
5730.200000000001			1.0
5731.1			1.0
5732.0			1.0
5732.9			1.0
5733.8			1.0
5734.700000000001			1.0
5735.6			1.0
5736.5			1.0
5737.4			1.0
5738.3			1.0
5739.200000000001			1.0
5740.1			1.0
5741.0			1.0
5741.9			1.0
5742.8			1.0
5743.700000000001			1.0
5744.6			1.0
5745.5			1.0
5746.4			1.0
5747.3			1.0
5748.200000000001			1.0
5749.1			1.0
5750.0			1.0
5750.9			0.9987646251844535
5751.8			0.969299898462814
5752.700000000001			0.9298878404697277
5753.6			0.9101096839459246
5754.5			0.927616046888699
5755.4			0.9687463168576288
5756.3			0.9996956394346423
5757.200000000001			1.0
5758.1			1.0
5759.0			1.0
5759.9			0.9835829466868896
5760.8			0.9635801964656873
5761.700000000001			0.9314140897165403
5762.6			0.9085930566250575
5763.5			0.9337316638760056
5764.4			0.9811382416785029
5765.3			0.9994094354848665
5766.200000000001			1.0
5767.1			1.0
5768.0			1.0
5768.9			1.0
5769.8			1.0
5770.700000000001			1.0
5771.6			1.0
5772.5			1.0
5773.4			1.0
5774.3			1.0
5775.200000000001			1.0
5776.1			1.0
5777.0			1.0
5777.9			1.0011052744790387
5778.8			0.9877223927470365
5779.700000000001			0.9540849502844763
5780.6			0.9080807748902437
5781.5			0.8863368881976027
5782.4			0.899634409022386
5783.3			0.9135796041393714
5784.200000000001			0.9002408515133614
5785.1			0.8833994456694935
5786.0			0.9064482176802325
5786.9			0.9557786128874324
5787.8			0.9864608552961568
5788.700000000001			1.0003334703288769
5789.6			0.9975696667867695
5790.5			0.9755278399774386
5791.4			0.9731623554107012
5792.3			1.000466218825637
5793.200000000001			1.0
5794.1			1.0
5795.0			1.0
5795.9			1.0
5796.8			1.0
5797.700000000001			1.0
5798.6			1.0
5799.5			1.0
5800.4			1.0
5801.3			1.0
5802.200000000001			1.0
5803.1			1.0
5804.0			1.0
5804.9			1.0
5805.8			1.0
5806.700000000001			1.0
5807.6			1.0
5808.5			1.0
5809.4			1.0
5810.3			1.0
5811.200000000001			1.0
5812.1			1.0
5813.0			1.0
5813.9			1.0
5814.8			1.0
5815.700000000001			1.0
5816.6			1.0
5817.5			1.0
5818.4			1.0
5819.3			1.0
5820.200000000001			1.0
5821.1			1.0
5822.0			1.0
5822.9			1.0
5823.8			1.0
5824.700000000001			1.0
5825.6			1.0
5826.5			1.0
5827.4			1.0
5828.3			1.0
5829.200000000001			1.0
5830.1			1.0
5831.0			1.0
5831.9			1.0
5832.8			1.0
5833.700000000001			1.0
5834.6			1.0
5835.5			1.0
5836.4			1.0
5837.3			1.0
5838.200000000001			1.0
5839.1			1.0
5840.0			1.0
5840.9			1.0
5841.8			1.0
5842.700000000001			1.0
5843.6			1.0
5844.5			1.0
5845.4			1.0
5846.3			1.0
5847.200000000001			1.0
5848.1			1.0
5849.0			1.0
5849.9			1.0
5850.8			1.0
5851.700000000001			1.0
5852.6			1.0
5853.5			1.0
5854.4			1.0050739271576556
5855.3			0.9938714958071111
5856.200000000001			0.9455933398732238
5857.1			0.8872353547857397
5858.0			0.8848945742860549
5858.9			0.9364900233247064
5859.8			0.9843404840827142
5860.700000000001			1.0050802181382972
5861.6			1.0002105146477598
5862.5			1.0
5863.4			1.0
5864.3			1.0
5865.200000000001			1.0
5866.1			1.0
5867.0			1.0
5867.9			1.0
5868.8			1.0
5869.700000000001			1.0
5870.6			1.0
5871.5			1.0
5872.4			1.0
5873.3			1.0
5874.200000000001			1.0
5875.1			1.0
5876.0			1.0
5876.9			1.0
5877.8			1.0
5878.700000000001			1.0
5879.6			1.0
5880.5			0.9940502810542035
5881.4			1.0052107783811564
5882.3			1.0070099267270851
5883.200000000001			0.9901484291153063
5884.1			0.9735492980501687
5885.0			0.9706801076201065
5885.9			0.9545954523426643
5886.8			0.8931197257305598
5887.700000000001			0.7665398895278325
5888.6			0.5869257965042151
5889.5			0.43508709360402514
5890.4			0.42342191441812876
5891.3			0.549467115559183
5892.200000000001			0.690040403154357
5893.1			0.7595684802761467
5894.0			0.7249466185249015
5894.9			0.5948911682699259
5895.8			0.4953024975387872
5896.700000000001			0.5618441177689371
5897.6			0.7364378622025376
5898.5			0.8734195735332596
5899.4			0.9491554817075697
5900.3			1.0012958853920964
5901.200000000001			1.0
5902.1			1.0
5903.0			1.0
5903.9			1.0
5904.8			1.0
5905.700000000001			1.0
5906.6			1.0
5907.5			1.0
5908.4			1.0
5909.3			1.0
5910.200000000001			1.0
5911.1			1.0
5912.0			1.0
5912.9			1.0
5913.8			1.0
5914.700000000001			1.0
5915.6			1.0
5916.5			1.0
5917.4			1.0
5918.3			1.0
5919.200000000001			1.0
5920.1			1.0
5921.0			1.0
5921.9			1.0
5922.8			1.0
5923.700000000001			1.0
5924.6			1.0
5925.5			1.0
5926.4			1.0
5927.3			1.0
5928.200000000001			1.0
5929.1			1.0
5930.0			1.0
5930.9			1.0
5931.8			1.0
5932.700000000001			1.0
5933.6			1.0
5934.5			1.0
5935.4			1.0
5936.3			1.0
5937.200000000001			1.0
5938.1			1.0
5939.0			1.0
5939.9			1.0
5940.8			1.0
5941.700000000001			1.0
5942.6			1.0
5943.5			1.0
5944.4			1.0
5945.3			1.0
5946.200000000001			1.0
5947.1			1.0
5948.0			1.0
5948.9			1.0
5949.8			1.0
5950.700000000001			1.0
5951.6			1.0
5952.5			1.0
5953.4			1.0
5954.3			1.0
5955.200000000001			1.0
5956.1			1.0
5957.0			1.0
5957.9			1.0
5958.8			1.0
5959.700000000001			1.0
5960.6			1.0
5961.5			1.0
5962.4			1.0
5963.3			1.0
5964.200000000001			1.0
5965.1			1.0
5966.0			1.0
5966.9			1.0
5967.8			1.0
5968.700000000001			1.0
5969.6			1.0
5970.5			1.0
5971.4			1.0
5972.3			1.0
5973.200000000001			1.0
5974.1			1.0
5975.0			1.0
5975.9			1.0
5976.8			1.0
5977.700000000001			1.0
5978.6			1.0
5979.5			1.0
5980.4			1.0
5981.3			1.0046135230068636
5982.200000000001			0.9890807236829533
5983.1			0.9569183819381951
5984.0			0.9264458313328013
5984.9			0.9262194590936913
5985.8			0.9516678757897785
5986.700000000001			0.9699538515240534
5987.6			0.9812611909401451
5988.5			0.9996144259694064
5989.4			1.0
5990.3			1.0
5991.200000000001			1.0
5992.1			1.0
5993.0			1.0
5993.9			1.0
5994.8			1.0
5995.700000000001			1.0
5996.6			1.0
5997.5			1.0
5998.4			1.0
5999.3			1.0
6000.200000000001			1.0
6001.1			1.0
6002.0			1.0
6002.9			1.0
6003.8			1.0
6004.700000000001			1.0
6005.6			0.9990389466890816
6006.5			0.9734567881028637
6007.4			0.9349940702863648
6008.3			0.9132697253919468
6009.200000000001			0.9400803753520217
6010.1			0.9862500372221359
6011.0			0.9977940380997637
6011.9			1.0
6012.8			1.0
6013.700000000001			1.0
6014.6			1.0177209368277254
6015.5			1.0200401488915636
6016.4			0.9989107400029746
6017.3			0.9980423937298133
6018.200000000001			1.015303080665076
6019.1			0.9991401676503852
6020.0			0.9602938256813055
6020.9			0.9433640751545378
6021.8			0.9483091997758488
6022.700000000001			0.9570859695815561
6023.6			0.960975418862006
6024.5			0.9737914872191875
6025.4			0.9999010594522286
6026.3			1.0060506193806518
6027.200000000001			1.0001755060238156
6028.1			1.0
6029.0			1.0
6029.9			1.0
6030.8			1.0
6031.700000000001			1.0
6032.6			1.0
6033.5			1.0
6034.4			1.0
6035.3			1.0
6036.200000000001			1.0
6037.1			1.0
6038.0			1.0
6038.9			1.0
6039.8			1.0
6040.700000000001			1.0
6041.6			1.0
6042.5			1.0
6043.4			1.0
6044.3			1.0
6045.200000000001			1.0
6046.1			1.0
6047.0			1.0
6047.9			1.0
6048.8			1.0
6049.700000000001			1.0
6050.6			1.0
6051.5			1.0
6052.4			1.0
6053.3			1.0
6054.200000000001			1.0
6055.1			1.0
6056.0			1.0
6056.9			1.0
6057.8			1.0
6058.700000000001			1.0
6059.6			1.0
6060.5			1.0
6061.4			1.0
6062.3			0.9840823558715003
6063.200000000001			0.9674837821212319
6064.1			0.9443387107602207
6065.0			0.9115275023910392
6065.9			0.9174616527557411
6066.8			0.9652054023602045
6067.700000000001			1.0000998584333516
6068.6			1.0
6069.5			1.0
6070.4			1.0
6071.3			1.0
6072.200000000001			1.0
6073.1			1.0
6074.0			1.0
6074.9			1.0
6075.8			1.0
6076.700000000001			1.0
6077.6			1.0
6078.5			1.0
6079.4			1.0
6080.3			1.0
6081.200000000001			1.0
6082.1			1.0
6083.0			1.0
6083.9			1.0
6084.8			1.0
6085.700000000001			1.0
6086.6			1.0
6087.5			1.0
6088.4			1.0
6089.3			1.0
6090.200000000001			1.0
6091.1			1.0
6092.0			1.0
6092.9			1.0
6093.8			1.0
6094.700000000001			1.0
6095.6			1.0
6096.5			1.0
6097.4			1.0
6098.3			1.0
6099.200000000001			1.0
6100.1			1.0011741823776585
6101.0			0.9554285544827151
6101.9			0.8608186122678325
6102.8			0.8038421778723265
6103.700000000001			0.8612257712744924
6104.6			0.9562582476644325
6105.5			1.0004840664737102
6106.4			1.0
6107.3			1.0
6108.200000000001			1.0
6109.1			1.0
6110.0			1.0
6110.9			1.0
6111.8			1.0
6112.700000000001			1.0
6113.6			1.0
6114.5			1.0
6115.4			1.0
6116.3			1.0
6117.200000000001			1.0
6118.1			1.0
6119.0			1.0
6119.9			0.962154610447816
6120.8			0.8953491623236545
6121.700000000001			0.8122018548886526
6122.6			0.8040898007169974
6123.5			0.8942285912528434
6124.4			0.9777496012616599
6125.3			1.0000414990911057
6126.200000000001			1.0
6127.1			1.0
6128.0			1.0
6128.9			1.0
6129.8			1.0
6130.700000000001			1.0
6131.6			1.0
6132.5			1.0
6133.4			1.0
6134.3			0.976944526297065
6135.200000000001			0.920019337178131
6136.1			0.8396941227295639
6137.0			0.7892614879457535
6137.9			0.8306572611743404
6138.8			0.9314149996175258
6139.700000000001			1.0008164717737438
6140.6			1.0
6141.5			1.0
6142.4			1.0
6143.3			1.0
6144.200000000001			1.0
6145.1			1.0
6146.0			1.0
6146.9			1.0
6147.8			1.0
6148.700000000001			1.0
6149.6			1.0
6150.5			1.0
6151.4			1.0
6152.3			1.0
6153.200000000001			1.0
6154.1			1.0
6155.0			1.0
6155.9			1.0
6156.8			1.0
6157.700000000001			1.0
6158.6			1.0077232088172776
6159.5			0.9873597109181536
6160.4			0.8983349158288084
6161.3			0.7672079562239812
6162.200000000001			0.7024314487650857
6163.1			0.7616560897488195
6164.0			0.8847133026284607
6164.9			0.9753677743846622
6165.8			1.0060083090434004
6166.700000000001			1.0
6167.6			1.0
6168.5			1.0
6169.4			1.0
6170.3			1.0
6171.200000000001			1.0
6172.1			1.0
6173.0			1.0
6173.9			1.0
6174.8			1.0
6175.700000000001			1.0
6176.6			1.0
6177.5			1.0
6178.4			1.0
6179.3			1.0
6180.200000000001			1.0
6181.1			1.0
6182.0			1.0
6182.9			1.0
6183.8			1.0
6184.700000000001			1.0
6185.6			1.0
6186.5			1.0
6187.4			1.0
6188.3			1.0
6189.200000000001			0.9981848393192687
6190.1			0.9656970063796854
6191.0			0.902765200352361
6191.9			0.8870146627065494
6192.8			0.9397705540306239
6193.700000000001			0.9858202673881826
6194.6			0.9953276344372863
6195.5			1.0
6196.4			1.0
6197.3			1.0
6198.200000000001			1.0
6199.1			1.0
6200.0			1.0
6200.9			1.0
6201.8			1.0
6202.700000000001			1.0
6203.6			1.0
6204.5			1.0
6205.4			1.0
6206.3			1.0
6207.200000000001			1.0
6208.1			1.0
6209.0			1.0
6209.9			1.0
6210.8			1.0
6211.700000000001			1.0
6212.6			1.0
6213.5			1.0
6214.4			1.0
6215.3			1.0
6216.200000000001			1.0
6217.1			1.0
6218.0			1.0
6218.9			1.0
6219.8			1.0
6220.700000000001			1.0
6221.6			1.0
6222.5			1.0
6223.4			1.0
6224.3			1.0
6225.200000000001			1.0
6226.1			1.0
6227.0			1.0044101190719317
6227.9			1.0045324379269265
6228.8			0.9806802953537358
6229.700000000001			0.9215108842139678
6230.6			0.8714270036775773
6231.5			0.8764660701848055
6232.4			0.9132475541324747
6233.3			0.9535823771753404
6234.200000000001			1.0004236943100782
6235.1			1.0
6236.0			1.0
6236.9			1.0
6237.8			1.0
6238.700000000001			1.0
6239.6			0.9905645170054163
6240.5			0.9861378110728768
6241.4			0.9916398436526116
6242.3			0.9782329395209188
6243.200000000001			0.9592655390808301
6244.1			0.9690673909747092
6245.0			0.9815854086112471
6245.9			0.976951913447643
6246.8			0.9953070767982629
6247.700000000001			1.0489047664849989
6248.6			1.0
6249.5			1.0055519415298655
6250.4			0.9887656203798295
6251.3			0.943247179797469
6252.200000000001			0.8921720616355016
6253.1			0.8775861583047412
6254.0			0.8987451147911931
6254.9			0.9221730824389145
6255.8			0.9227800358322061
6256.700000000001			0.9008729420544609
6257.6			0.8733705416903108
6258.5			0.8665530882078533
6259.4			0.8997264922283409
6260.3			0.940734764756805
6261.200000000001			0.9653632726941362
6262.1			0.9929865520261056
6263.0			1.0144004565336069
6263.9			1.0034053264994605
6264.8			0.971812973092028
6265.700000000001			0.9632179386036362
6266.6			0.9845528602811142
6267.5			1.0002156310368877
6268.4			1.0
6269.3			1.0
6270.200000000001			1.0
6271.1			1.0
6272.0			1.0
6272.9			1.0
6273.8			1.0
6274.700000000001			1.0
6275.6			1.0
6276.5			1.0
6277.4			1.0
6278.3			1.0
6279.200000000001			1.0
6280.1			1.0
6281.0			1.0
6281.9			1.0
6282.8			1.0
6283.700000000001			1.0
6284.6			1.0
6285.5			1.0
6286.4			1.0
6287.3			1.0
6288.200000000001			1.0
6289.1			1.0
6290.0			1.0
6290.9			1.0
6291.8			1.0
6292.700000000001			1.0
6293.6			1.0
6294.5			1.0
6295.4			1.0
6296.3			1.0
6297.200000000001			1.0
6298.1			1.003571597044351
6299.0			1.0167310023083236
6299.9			1.0085542414043955
6300.8			0.9668494556960443
6301.700000000001			0.9282191795768723
6302.6			0.9350170923086562
6303.5			0.9720936064910413
6304.4			0.9964002995851147
6305.3			0.9992324449953477
6306.200000000001			1.0
6307.1			1.0
6308.0			1.0
6308.9			1.0
6309.8			1.0
6310.700000000001			1.0
6311.6			1.0
6312.5			1.0
6313.4			1.0019803616277116
6314.3			0.9820435288850561
6315.200000000001			0.9567859681766477
6316.1			0.951084245241091
6317.0			0.9427978766515664
6317.9			0.9182074239394745
6318.8			0.913650247072621
6319.700000000001			0.9475143163661162
6320.6			0.9788450938127745
6321.5			0.9856509144516757
6322.4			0.9793430813051377
6323.3			0.9839624438998128
6324.200000000001			1.0004751395937583
6325.1			1.0
6326.0			1.0
6326.9			1.0
6327.8			1.0
6328.700000000001			1.0
6329.6			1.0
6330.5			1.0
6331.4			1.0
6332.3			1.0217054146331952
6333.200000000001			1.0282417570389588
6334.1			1.0042676670846975
6335.0			0.9535754188520831
6335.9			0.9132835406770277
6336.8			0.915943485212655
6337.700000000001			0.949971363754043
6338.6			0.9806345740666564
6339.5			1.0003297480823052
6340.4			1.0
6341.3			1.0
6342.200000000001			1.0
6343.1			1.0
6344.0			1.0
6344.9			1.0
6345.8			1.0
6346.700000000001			1.0
6347.6			1.0
6348.5			1.0
6349.4			1.0
6350.3			1.0
6351.200000000001			1.0
6352.1			1.0
6353.0			1.0
6353.9			1.0
6354.8			1.0
6355.700000000001			1.0008612981264076
6356.6			1.0104171210206805
6357.5			0.998488591738352
6358.4			0.9681141457627397
6359.3			0.9462856887265271
6360.200000000001			0.9384419295200558
6361.1			0.9262792757285423
6362.0			0.9099702472146393
6362.9			0.9082471678977783
6363.8			0.9272526243496404
6364.700000000001			0.9523943719260913
6365.6			0.9679975566508107
6366.5			0.9755750748946563
6367.4			0.9886327238658246
6368.3			1.0019274629526915
6369.200000000001			1.0
6370.1			1.0
6371.0			1.0
6371.9			1.0
6372.8			1.0
6373.700000000001			1.0
6374.6			1.0
6375.5			1.0
6376.4			1.0
6377.3			1.0
6378.200000000001			1.0
6379.1			1.0
6380.0			1.0
6380.9			1.0
6381.8			1.0
6382.700000000001			1.0
6383.6			1.0
6384.5			1.0
6385.4			1.0
6386.3			1.0
6387.200000000001			1.0
6388.1			1.0
6389.0			1.0
6389.9			1.0
6390.8			1.0
6391.700000000001			1.0
6392.6			1.0
6393.5			1.0
6394.4			1.0
6395.3			1.0
6396.200000000001			1.0
6397.1			1.008718570815712
6398.0			0.9834860489585038
6398.9			0.921099744039432
6399.8			0.8612371488199899
6400.700000000001			0.8729199261979802
6401.6			0.9447919339106162
6402.5			0.9999998217900967
6403.4			1.0
6404.3			1.0
6405.200000000001			1.0
6406.1			1.0
6407.0			1.0
6407.9			1.0
6408.8			1.0
6409.700000000001			1.0
6410.6			1.0
6411.5			1.0
6412.4			1.0
6413.3			1.0
6414.200000000001			1.0
6415.1			1.0
6416.0			1.0
6416.9			1.0
6417.8			0.9918220380752424
6418.700000000001			0.9724868297249368
6419.6			0.9393456127564901
6420.5			0.9112411716462182
6421.4			0.9170982263745291
6422.3			0.9575427089433846
6423.200000000001			1.0001797076023669
6424.1			1.0
6425.0			1.0
6425.9			1.0
6426.8			1.0
6427.700000000001			1.0
6428.6			1.0
6429.5			1.0
6430.4			1.0
6431.3			1.0
6432.200000000001			1.0
6433.1			1.0
6434.0			1.0
6434.9			1.0
6435.8			1.0
6436.700000000001			0.9842109435751806
6437.6			0.9362124860657509
6438.5			0.871053286783876
6439.4			0.8545841101407244
6440.3			0.909093562472458
6441.200000000001			0.9710945268888097
6442.1			1.0001706862809359
6443.0			1.0
6443.9			1.0
6444.8			1.0
6445.700000000001			1.0
6446.6			1.0
6447.5			0.9848664323164676
6448.4			0.9347780117838264
6449.3			0.8721146508607586
6450.200000000001			0.8587832014701335
6451.1			0.9102298802318675
6452.0			0.9711320777144384
6452.9			1.002385737401249
6453.8			1.0
6454.700000000001			1.0
6455.6			1.0
6456.5			1.0
6457.4			1.0
6458.3			1.0
6459.200000000001			1.0
6460.1			0.9926933467376728
6461.0			0.9532328355130757
6461.9			0.8856947443904453
6462.8			0.8533793713411314
6463.700000000001			0.8980240880823438
6464.6			0.964554845249011
6465.5			1.0021579780357182
6466.4			1.0
6467.3			1.0
6468.200000000001			1.0
6469.1			1.0
6470.0			1.0
6470.9			1.0
6471.8			1.0
6472.700000000001			1.0
6473.6			1.0
6474.5			1.0
6475.4			1.0
6476.3			1.0
6477.200000000001			1.0
6478.1			1.0
6479.0			1.0
6479.9			1.0
6480.8			1.0
6481.700000000001			1.0
6482.6			1.0
6483.5			1.0
6484.4			1.0
6485.3			1.0
6486.200000000001			1.0
6487.1			1.0
6488.0			1.0
6488.9			1.0
6489.8			1.0
6490.700000000001			1.0
6491.6			0.9917847574624542
6492.5			0.960229738681403
6493.4			0.8871598548215781
6494.3			0.815823574792481
6495.200000000001			0.8108488309878635
6496.1			0.8716269592264904
6497.0			0.9497500871742285
6497.9			0.9984925830822317
6498.8			1.0018417713684937
6499.700000000001			1.0
6500.6			1.0
6501.5			1.0
6502.4			1.0
6503.3			1.0
6504.200000000001			1.0
6505.1			1.0
6506.0			1.0
6506.9			1.0
6507.8			1.0
6508.700000000001			1.0
6509.6			1.0
6510.5			1.0
6511.4			1.0
6512.3			1.0
6513.200000000001			1.0
6514.1			1.0
6515.0			1.0
6515.9			1.0
6516.8			1.0
6517.700000000001			1.0
6518.6			1.0
6519.5			1.0
6520.4			1.0
6521.3			1.0
6522.200000000001			1.0
6523.1			1.0
6524.0			1.0
6524.9			1.0
6525.8			1.0
6526.700000000001			1.0
6527.6			1.0
6528.5			1.0
6529.4			1.0
6530.3			1.0
6531.200000000001			1.0
6532.1			1.0
6533.0			1.0
6533.9			1.0
6534.8			1.0
6535.700000000001			1.0
6536.6			1.003622659896008
6537.5			0.9980031995343283
6538.4			1.0003228047771855
6539.3			1.0127616205690955
6540.200000000001			1.0236001960100278
6541.1			1.022980500749831
6542.0			1.0148448435849595
6542.9			1.0063606265373117
6543.8			0.9998076729107287
6544.700000000001			1.0
6545.6			1.0
6546.5			1.0
6547.4			1.0
6548.3			1.0
6549.200000000001			1.0
6550.1			1.0
6551.0			1.0
6551.9			1.0
6552.8			1.0
6553.700000000001			1.0
6554.6			1.0
6555.5			1.0
6556.4			1.0
6557.3			1.0
6558.200000000001			1.0
6559.1			1.0
6560.0			0.985034695465892
6560.9			0.9219780454631642
6561.8			0.7947287188491623
6562.700000000001			0.6959763381117334
6563.6			0.7407069368000333
6564.5			0.8699010409533561
6565.4			0.9595401621345538
6566.3			0.9955251311188531
6567.200000000001			1.0061812706088753
6568.1			0.9968305492811909
6569.0			0.9804658602554017
6569.9			0.979427724952446
6570.8			0.9895485237552298
6571.700000000001			0.9894841387354318
6572.6			0.9746100802379241
6573.5			0.9597235976539353
6574.4			0.9547472925470405
6575.3			0.9680987976241253
6576.200000000001			0.9970971680374128
6577.1			1.0208255387016596
6578.0			1.0
6578.9			0.9927768183568901
6579.8			0.9818237385607057
6580.700000000001			0.9722854640980418
6581.6			0.9721860863369621
6582.5			0.9815904940654849
6583.4			0.9906736521087834
6584.3			0.9953363249365406
6585.200000000001			0.991710752324158
6586.1			0.982201964473112
6587.0			0.9838773069847695
6587.9			0.9973184481009291
6588.8			1.0043735369138067
6589.700000000001			1.0038352367406358
6590.6			0.9938522280991292
6591.5			0.9570719117230613
6592.4			0.9005417025005393
6593.3			0.8734051733490366
6594.200000000001			0.905441661316629
6595.1			0.9604325967960836
6596.0			0.9889720466413265
6596.9			0.9837073480712741
6597.8			0.9685545827914759
6598.700000000001			0.9683157444801721
6599.6			0.9863002820053782
6600.5			1.0070957055765213
6601.4			1.0193777509349795
6602.3			1.0199153274058397
6603.200000000001			1.0118200255436962
6604.1			0.9973578494342723
6605.0			0.9851720929549603
6605.9			0.983764088481712
6606.8			0.986634947027107
6607.700000000001			0.9784810425843227
6608.6			0.9605200825479493
6609.5			0.9572324012775847
6610.4			0.9786054142803005
6611.3			1.0015338754517051
6612.200000000001			1.0070149717191985
6613.1			1.001011290263813
6614.0			1.000358054028078
6614.9			1.0088290694807462
6615.8			1.011653826020458
6616.700000000001			1.0074582735052842
6617.6			1.0062071118666953
6618.5			1.0122331263715143
6619.4			1.0212952147289094
6620.3			1.027277951964708
6621.200000000001			1.0307701214937006
6622.1			1.0311760461026163
6623.0			1.0229696376909685
6623.9			1.0048760125769223
6624.8			0.9933817964204457
6625.700000000001			1.0012874955370406
6626.6			1.011657697821428
6627.5			1.0132178324347194
6628.4			1.0127290549902548
6629.3			1.0
6630.200000000001			0.9943193183674777
6631.1			0.9859822447421738
6632.0			0.970422043036334
6632.9			0.948874456894391
6633.8			0.9372148710101849
6634.700000000001			0.9533501692289374
6635.6			0.982544150303896
6636.5			1.000230947209756
6637.4			1.006513493302578
6638.3			1.0040076448230855
6639.200000000001			0.9940686198154782
6640.1			0.990037024012943
6641.0			0.9994264194770086
6641.9			1.000219913870056
6642.8			0.9799118382055269
6643.700000000001			0.9648983433241676
6644.6			0.9771241500086121
6645.5			0.9965804453168401
6646.4			1.002609815025577
6647.3			1.0014754754144712
6648.200000000001			1.0057535602257826
6649.1			1.012113803192758
6650.0			1.0153971479078323
6650.9			1.0182220434820268
6651.8			1.0206039614465467
6652.700000000001			1.0181691495380873
6653.6			1.0139451319349158
6654.5			1.0129953596990051
6655.4			1.014340882562367
6656.3			1.014968806888705
6657.200000000001			1.015390073693338
6658.1			1.016928761539757
6659.0			1.017427025353078
6659.9			1.013106877598597
6660.8			1.0042851459380795
6661.700000000001			0.988235195703716
6662.6			0.9623738052868093
6663.5			0.9514725919135751
6664.4			0.9707157507792609
6665.3			0.988849911372289
6666.200000000001			0.9874118522629608
6667.1			0.9827264318751746
6668.0			0.9879666343715208
6668.9			1.0018212503493182
6669.8			1.014660129132544
6670.700000000001			1.0191077328693618
6671.6			1.014772322413367
6672.5			1.009916436291141
6673.4			1.0109981277927667
6674.3			1.0127389788355607
6675.200000000001			1.0091434125890972
6676.1			0.9881826375534837
6677.0			0.9430997306416395
6677.9			0.907982442066886
6678.8			0.9261069333181977
6679.700000000001			0.9755174878093916
6680.6			1.0036093040097736
6681.5			1.0106043257571706
6682.4			1.01469801315291
6683.3			1.0179123247693782
6684.200000000001			1.0202537145918356
6685.1			1.0225180688855386
6686.0			1.0224710670293056
6686.9			1.021034298894378
6687.8			1.0
6688.700000000001			0.9995420649653436
6689.6			1.0021590011459782
6690.5			1.0079368181813502
6691.4			1.0125310178506872
6692.3			1.0127715833731101
6693.200000000001			1.0126688367427001
6694.1			1.0039518434608552
6695.0			0.9791490107637331
6695.9			0.954662069054116
6696.8			0.9518422345418466
6697.700000000001			0.9648041681872754
6698.6			0.9779203797785673
6699.5			0.9927631629026805
6700.4			1.0055056319113307
6701.3			1.006926409141627
6702.200000000001			0.9987153113337821
6703.1			0.9852242455331953
6704.0			0.9748574570014623
6704.9			0.9759118622228588
6705.8			0.9882342939503005
6706.700000000001			0.9999468418929118
6707.6			1.0028627789324793
6708.5			0.9991204496530015
6709.4			0.9917006907403871
6710.3			0.9879325330478197
6711.200000000001			0.9887009386226854
6712.1			0.9844336411955337
6713.0			0.9764344810291193
6713.9			0.9744475117113266
6714.8			0.9694891165340602
6715.700000000001			0.9525390033240647
6716.6			0.9233792539786443
6717.5			0.9033876960325373
6718.4			0.9292656602443539
6719.3			0.977362492784037
6720.200000000001			0.9967817543918704
6721.1			0.9950110772764165
6722.0			0.99700956387365
6722.9			1.006145909055798
6723.8			1.0098856056959435
6724.700000000001			0.999903465698554
6725.6			0.9808403734342123
6726.5			0.9741209209318342
6727.4			0.9880090669371246
6728.3			1.0050297720610177
6729.200000000001			1.011548243121884
6730.1			1.0138576320395178
6731.0			1.014163562630238
6731.9			1.0086333556216143
6732.8			0.999699340629245
6733.700000000001			0.9955232729450644
6734.6			0.9990904281449915
6735.5			1.0046776383703908
6736.4			1.0042613713171933
6737.3			0.9959342370412505
6738.200000000001			0.9871358189282746
6739.1			0.9859175815629714
6740.0			0.9942164354540153
6740.9			1.0008765612585888
6741.8			0.9923966564916813
6742.700000000001			0.9792637161694082
6743.6			0.9792781656407915
6744.5			0.9870351480034163
6745.4			0.9884742968493914
6746.3			0.9905211652997612
6747.200000000001			0.99769664752277
6748.1			0.9983954857791892
6749.0			0.9851019909457556
6749.9			0.9724891560529775
6750.8			0.975864624420239
6751.700000000001			0.9819337828696844
6752.6			0.9813775607622764
6753.5			0.990308455665224
6754.4			1.002684177149062
6755.3			1.0043927967487096
6756.200000000001			1.0076706580955843
6757.1			1.0179308976931998
6758.0			1.0248139636104039
6758.9			1.025275280421109
6759.8			1.0237352732533571
6760.700000000001			1.021926863237812
6761.6			1.017871234212007
6762.5			1.0154710169878467
6763.4			1.0157289540884968
6764.3			1.0126809972738864
6765.200000000001			1.0063328312865252
6766.1			0.9946677276188339
6767.0			0.9772581700047472
6767.9			0.9686496811252511
6768.8			0.9789338590380711
6769.700000000001			0.9889829388843158
6770.6			0.9876614600908028
6771.5			0.9858935676846097
6772.4			0.9935483452357662
6773.3			1.0073652242011188
6774.200000000001			1.018430676436892
6775.1			1.02210886965756
6776.0			1.0186286334568397
6776.9			1.0129411578249945
6777.8			1.0136933500250187
6778.700000000001			1.0211391795072025
6779.6			1.0237326169359713
6780.5			1.0212807044164678
6781.4			1.0170259989066621
6782.3			1.0035762364618037
6783.200000000001			0.9818528901270573
6784.1			0.9681253997465623
6785.0			0.9727829938306858
6785.9			0.984443545362652
6786.8			0.9927446190107931
6787.700000000001			1.001768524445402
6788.6			1.0090612825966117
6789.5			1.0141497178534307
6790.4			1.0200414445743937
6791.3			1.0205291876609104
6792.200000000001			1.0124483165263312
6793.1			1.0041214759829413
6794.0			1.0037558454283437
6794.9			1.0080631224532235
6795.8			1.007020319224972
6796.700000000001			1.0065778033870378
6797.6			1.0117833788251205
6798.5			1.0171482097613338
6799.4			1.0200666738465203
6800.3			1.0214446045876409
6801.200000000001			1.0263367412232711
6802.1			1.027463254920216
6803.0			1.015887907942972
6803.9			1.0037490698561704
6804.8			1.0057779224312562
6805.700000000001			1.0097205506838478
6806.6			1.004433787043461
6807.5			1.0045826279895824
6808.4			1.0105810320941706
6809.3			1.0045579894071042
6810.200000000001			0.9979135308859935
6811.1			1.0049176140001144
6812.0			1.0131942533645864
6812.9			1.0122993391564863
6813.8			1.006780518095071
6814.700000000001			1.0039713423858299
6815.6			1.0085387881085703
6816.5			1.0209841554863248
6817.4			1.030812337477552
6818.3			1.0264730944935754
6819.200000000001			1.0103366222146313
6820.1			1.0009571621255857
6821.0			1.0113943048262508
6821.9			1.0272682403779885
6822.8			1.030796193136971
6823.700000000001			1.028910902790015
6824.6			1.0286025856108982
6825.5			1.026486141719439
6826.4			1.0216488124433634
6827.3			1.0111626198306845
6828.200000000001			1.0001175568669425
6829.1			1.000253026343329
6830.0			1.0
6830.9			1.0
6831.8			1.0
6832.700000000001			1.0
6833.6			1.0
6834.5			1.0
6835.4			1.0
6836.3			1.0
6837.200000000001			1.0
6838.1			1.0
6839.0			1.0
6839.9			1.0
6840.8			1.0
6841.700000000001			1.0
6842.6			1.0
6843.5			1.0
6844.4			1.0
6845.3			1.0
6846.200000000001			1.0
6847.1			1.0
6848.0			1.0
6848.9			1.0
6849.8			1.0
6850.700000000001			1.0
6851.6			1.0
6852.5			1.0
6853.4			1.0
6854.3			1.0
6855.200000000001			1.0
6856.1			1.0
6857.0			1.0
6857.9			1.0
6858.8			1.0
6859.700000000001			1.0
6860.6			1.0
6861.5			1.0
6862.4			1.0
6863.3			1.0
6864.200000000001			1.0
6865.1			1.0
6866.0			1.0
6866.9			1.0
6867.8			1.0
6868.700000000001			1.0
6869.6			1.0
6870.5			1.0
6871.4			1.0
6872.3			1.0
6873.200000000001			1.0
6874.1			1.0
6875.0			1.0
6875.9			1.0
6876.8			1.0
6877.700000000001			1.0
6878.6			1.0
6879.5			1.0
6880.4			1.0
6881.3			1.0
6882.200000000001			1.0
6883.1			1.0
6884.0			1.0
6884.9			1.0
6885.8			1.0
6886.700000000001			1.0
6887.6			1.0
6888.5			1.0
6889.4			1.0
6890.3			1.0
6891.200000000001			1.0
6892.1			1.0
6893.0			1.0
6893.9			1.0
6894.8			1.0
6895.700000000001			1.0
6896.6			1.0
6897.5			1.0
6898.4			1.0
6899.3			1.0
6900.200000000001			1.0
6901.1			1.0
6902.0			1.0
6902.9			1.0
6903.8			1.0
6904.700000000001			1.0
6905.6			1.0
6906.5			1.0
6907.4			1.0
6908.3			1.0
6909.200000000001			1.0
6910.1			1.0
6911.0			1.0
6911.9			1.0
6912.8			1.0
6913.700000000001			1.0
6914.6			1.0
6915.5			1.0093185500023991
6916.4			1.0067998477993523
6917.3			1.0047697246832488
6918.200000000001			1.0186895712306685
6919.1			1.0330515157868478
6920.0			1.0410873905440725
6920.9			1.0443824061994234
6921.8			1.041957075551037
6922.700000000001			1.0298111833035504
6923.6			1.0046774965812664
6924.5			0.9800767650892277
6925.4			0.9791041663082741
6926.3			1.0038242766368448
6927.200000000001			1.0352718243566439
6928.1			1.0497469789156755
6929.0			1.0492404810105238
6929.9			1.0477340016862613
6930.8			1.045523296967211
6931.700000000001			1.0395610619647622
6932.6			1.0272453561705954
6933.5			1.0214857478737425
6934.4			1.0318155952763413
6935.3			1.0414653447318634
6936.200000000001			1.0435697755401865
6937.1			1.0439449685144542
6938.0			1.0452260056240747
6938.9			1.0480187972329564
6939.8			1.0505744953125513
6940.700000000001			1.0543597569761665
6941.6			1.055044867836467
6942.5			1.0465075288603212
6943.4			1.0291363200339023
6944.3			1.0067910398191777
6945.200000000001			0.9987842094318757
6946.1			1.0157637989831172
6947.0			1.0322567678997887
6947.9			1.0374225805112012
6948.8			1.0424058561574832
6949.700000000001			1.0397221503990919
6950.6			1.02390913383325
6951.5			1.0122032980160325
6952.4			1.0148898259454806
6953.3			1.0218708501643408
6954.200000000001			1.0292644415263135
6955.1			1.033806387206898
6956.0			1.0374556439909757
6956.9			1.0397764602096917
6957.8			1.0366788858335316
6958.700000000001			1.0365689038150234
6959.6			1.0382868239767937
6960.5			1.0385631836381302
6961.4			1.0
6962.3			1.0029700018621046
6963.200000000001			1.0019909297999916
6964.1			0.9949076739738305
6965.0			0.9830210326954819
6965.9			0.9784307161691796
6966.8			0.9883519936998254
6967.700000000001			0.9992757221840313
6968.6			1.0030994342900859
6969.5			0.999809501082976
6970.4			0.991204382159723
6971.3			0.9811785062048419
6972.200000000001			0.9801418219306784
6973.1			0.9851431715822304
6974.0			0.9801355120263012
6974.9			1.0
6975.8			0.9813732836309338
6976.700000000001			0.9617373898817025
6977.6			0.9280155228118794
6978.5			0.8988455625205806
6979.4			0.91700091249128
6980.3			0.9676216618431941
6981.200000000001			1.0038258671334919
6982.1			1.0178443037724736
6983.0			1.022592610739116
6983.9			1.0245222563315777
6984.8			1.0239369272179661
6985.700000000001			1.0219558949131713
6986.6			1.0214447609220485
6987.5			1.0190507447128934
6988.4			1.013712044044251
6989.3			1.0117440497561616
6990.200000000001			1.0189859793702618
6991.1			1.0269394355842882
6992.0			1.0284632960800786
6992.9			1.027833649993463
6993.8			1.0245408508151324
6994.700000000001			1.0235876760531193
6995.6			1.026090070706491
6996.5			1.027751586683687
6997.4			1.028939204759082
6998.3			1.0192417928525415
6999.200000000001			0.9980862859927192
7000.1			0.9877281978830873
7001.0			1.001049085545064
7001.9			1.0202623452122561
7002.8			1.0213043280181218
7003.700000000001			1.0120950702248355
7004.6			1.0023299388779499
7005.5			0.9933908387537826
7006.4			0.9924576204652725
7007.3			0.9954225953007777
7008.200000000001			1.000561806226931
7009.1			1.0090072646012915
7010.0			1.0069821593807635
7010.9			0.9972159311815725
7011.8			0.9963375888739602
7012.700000000001			1.00498677702621
7013.6			1.0081909039405224
7014.5			0.9884541644431265
7015.4			0.9441735710884438
7016.3			0.9183055026794579
7017.200000000001			0.9489980453071892
7018.1			0.997142286999675
7019.0			1.0249369620087787
7019.9			1.0333016243948847
7020.8			1.0255974110178923
7021.700000000001			1.002204388041294
7022.6			0.9747969129781108
7023.5			0.9610399805866195
7024.4			0.9696811381351437
7025.3			0.9913473806546655
7026.200000000001			1.0072139705981795
7027.1			1.0135481527477568
7028.0			1.0153702385647796
7028.9			1.0128021991902836
7029.8			1.0129269035165396
7030.700000000001			1.0
7031.6			0.9914316712344475
7032.5			0.9849287377287658
7033.4			0.9851955381652849
7034.3			0.9844325360206208
7035.200000000001			0.9876143902243435
7036.1			0.9925882761823702
7037.0			0.9763841469648689
7037.9			0.9460476934997205
7038.8			0.9456627261510523
7039.700000000001			0.9794344964063411
7040.6			1.01088710968565
7041.5			1.0253940530156078
7042.4			1.02624472391625
7043.3			1.0163950772070038
7044.200000000001			1.0030579264254351
7045.1			0.9988320126414141
7046.0			1.0076151027299947
7046.9			1.0202850000329768
7047.8			1.0279515711735396
7048.700000000001			1.0299729254382424
7049.6			1.0304259156225362
7050.5			1.0291371779421066
7051.4			1.0177130702579966
7052.3			0.9963736414596507
7053.200000000001			0.9913098670476851
7054.1			1.0077921370357923
7055.0			1.0249322089872213
7055.9			1.035570015688184
7056.8			1.0387525914370737
7057.700000000001			1.0354326483544096
7058.6			1.0208400576227121
7059.5			0.9944195459209919
7060.4			0.9807260701173898
7061.3			1.0
7062.200000000001			1.011660464596563
7063.1			1.0166975233325102
7064.0			1.0222208500139556
7064.9			1.0297152321888001
7065.8			1.0307586078754516
7066.700000000001			1.0154872269497084
7067.6			0.9857791637040793
7068.5			0.974065043508095
7069.4			0.993805995236706
7070.3			1.017768236368912
7071.200000000001			1.0230475935710248
7072.1			1.0201294086066803
7073.0			1.0201232261887019
7073.9			1.0198253825649473
7074.8			1.018325946776938
7075.700000000001			1.017347813089939
7076.6			1.0172706873589907
7077.5			1.0187808292731122
7078.4			1.016724175409841
7079.3			1.0132450884305095
7080.200000000001			1.0119825898002932
7081.1			1.0075345501818112
7082.0			0.9905321426017598
7082.9			0.9577598095082388
7083.8			0.9213782530272676
7084.700000000001			0.9087498011916745
7085.6			0.9259778176161018
7086.5			0.9472824856215685
7087.4			0.958893378544104
7088.3			0.9564585102271543
7089.200000000001			0.9380764288899056
7090.1			0.9174500667550192
7091.0			0.9151988687652568
7091.9			0.9226075700779656
7092.8			0.9230559773715492
7093.700000000001			0.9208981034476469
7094.6			0.9159782666020833
7095.5			0.9104236592236576
7096.4			0.9113623514262783
7097.3			0.9126459236983101
7098.200000000001			0.9269334534887487
7099.1			0.9915333024353368
7100.0			1.016231003981707
7100.9			1.015462544697788
7101.8			1.0085134280294445
7102.700000000001			1.0071396755253013
7103.6			1.012875516906126
7104.5			1.0185785827311358
7105.4			1.0186976759378776
7106.3			1.0115522554303265
7107.200000000001			1.0032981358433333
7108.1			1.0018470603574425
7109.0			1.002417734938315
7109.9			0.9959154154786999
7110.8			0.9852275258256789
7111.700000000001			0.9819233312447065
7112.6			0.9876835774108562
7113.5			0.9979509615321391
7114.4			1.0044837729515677
7115.3			1.0062539966242603
7116.200000000001			1.0099261349887811
7117.1			1.0119033819427572
7118.0			1.0087265149607068
7118.9			1.0040398613071784
7119.8			0.9986786289311588
7120.700000000001			0.9924255984617641
7121.6			0.9802340613535716
7122.5			0.9767423376151971
7123.4			0.9935155336378175
7124.3			1.009386076148473
7125.200000000001			1.0109969708239517
7126.1			1.0048698864917347
7127.0			0.9984345666594241
7127.9			1.000776124682838
7128.8			0.9975303404565673
7129.700000000001			0.9801563212217693
7130.6			0.9541810198732792
7131.5			0.9482793687888404
7132.4			0.9684699109462883
7133.3			0.9907405818626155
7134.200000000001			1.0053944702413085
7135.1			1.0100498348966795
7136.0			1.0108221212874848
7136.9			1.015509767415819
7137.8			1.0141153776326262
7138.700000000001			1.001865519717239
7139.6			0.9946456427018593
7140.5			1.000102209529121
7141.4			1.0041740314166232
7142.3			1.0005904925824365
7143.200000000001			0.9986984189275853
7144.1			0.9987318610250666
7145.0			0.9958469758146654
7145.9			0.988050834301414
7146.8			0.9602187847081207
7147.700000000001			0.9185860049494142
7148.6			0.9124417065472659
7149.5			0.9481105788544157
7150.4			0.9793688707997261
7151.3			0.9918094926457953
7152.200000000001			1.0033944532275512
7153.1			1.0133790922136647
7154.0			1.0128015023115564
7154.9			1.0061977426000377
7155.8			1.0074725752766664
7156.700000000001			1.0190918889407525
7157.6			1.0248054062179606
7158.5			1.0191280943542587
7159.4			1.0122539182886203
7160.3			1.011309901664038
7161.200000000001			1.0161753676840883
7162.1			1.014616116746475
7163.0			0.994304378881287
7163.9			0.9592872082115188
7164.8			0.9393155923449655
7165.700000000001			0.9557886030106789
7166.6			0.9880052441907122
7167.5			1.0124916809188458
7168.4			1.020923673032296
7169.3			1.018066233000476
7170.200000000001			1.0174428610341568
7171.1			1.0248103444772723
7172.0			1.0354022223509638
7172.9			1.0416375968101328
7173.8			1.0396124079616633
7174.700000000001			1.0253743859510733
7175.6			1.0039495191263839
7176.5			0.9973368536233339
7177.4			1.0140639718814235
7178.3			1.0272997941527073
7179.200000000001			1.0131785778842097
7180.1			0.9812169896199068
7181.0			0.9566287561557592
7181.9			0.9603828817847729
7182.8			0.9875365604569925
7183.700000000001			1.012190456917775
7184.6			1.017709690636855
7185.5			1.0011176967590574
7186.4			0.9674858294300956
7187.3			0.9337331754848772
7188.200000000001			0.9252805448148945
7189.1			0.9380755127210422
7190.0			0.9574781908593785
7190.9			0.9790214252323141
7191.8			0.9859100079260841
7192.700000000001			0.9751959477602504
7193.6			0.9730515888139732
7194.5			0.989067458925565
7195.4			1.0019759957847696
7196.3			0.9979550467384267
7197.200000000001			0.9938984114390135
7198.1			1.0039197400312314
7199.0			1.0138914005433042
7199.9			1.0161350667943798
7200.8			1.0090278920114113
7201.700000000001			0.9885708330056832
7202.6			0.9803712591013285
7203.5			1.001049859805242
7204.4			1.0196847644691804
7205.3			1.0143577346563708
7206.200000000001			0.9797992699289123
7207.1			0.9324509024569501
7208.0			0.9178534316877845
7208.9			0.9395458205136845
7209.8			0.9671621320205099
7210.700000000001			0.9938931978147748
7211.6			1.0039034361017012
7212.5			0.9991658235561923
7213.4			0.9942558784528497
7214.3			0.9922385768644402
7215.200000000001			0.9895960698706813
7216.1			0.9903581393401166
7217.0			1.0030969100772322
7217.9			1.0172111946234978
7218.8			1.0183112310306568
7219.700000000001			1.011368011237715
7220.6			1.0071272431729472
7221.5			1.0046555753243374
7222.4			1.0054293570595305
7223.3			1.0056384653077493
7224.200000000001			1.014460316659677
7225.1			1.0272328806276259
7226.0			1.030337224443518
7226.9			1.0282466676952342
7227.8			1.0232858369495461
7228.700000000001			1.0152309719318808
7229.6			1.0172693283860639
7230.5			1.0302095232221453
7231.4			1.0451337770394515
7232.3			1.0567548565664406
7233.200000000001			1.0608620028380527
7234.1			1.0581034401989742
7235.0			1.0516547274258117
7235.9			1.0432355805023168
7236.8			1.0371108138037461
7237.700000000001			1.029677042952826
7238.6			1.0192253006733683
7239.5			1.0086615452333407
7240.4			1.0131210949827865
7241.3			1.027635810006588
7242.200000000001			1.0310795540256215
7243.1			1.0216213171028379
7244.0			1.0029532825836547
7244.9			0.990011701669362
7245.8			0.9998479242897612
7246.700000000001			1.0177386652998757
7247.6			1.0271895176005688
7248.5			1.0256717835026885
7249.4			1.017618766740879
7250.3			1.0022850886684913
7251.200000000001			0.9885559931619057
7252.1			0.9935635113557661
7253.0			1.0153573952407682
7253.9			1.0264119620323082
7254.8			1.0209497631985749
7255.700000000001			1.0176742362358575
7256.6			1.0233544193728965
7257.5			1.035483817432953
7258.4			1.038520372239841
7259.3			1.0278594288116056
7260.200000000001			1.008748061665083
7261.1			0.9851004038245267
7262.0			0.9807314850277312
7262.9			1.0037013274366153
7263.8			1.0259005123012293
7264.700000000001			1.0381102657256658
7265.6			1.0407133803292852
7266.5			1.0363336199343902
7267.4			1.0333371379002962
7268.3			1.0300509378477756
7269.200000000001			1.0269414721473495
7270.1			1.0228307281664912
7271.0			1.0187887650104817
7271.9			1.0195073628115867
7272.8			1.0226564815080061
7273.700000000001			1.0219045802598963
7274.6			1.0219013348127057
7275.5			1.0266180794502557
7276.4			1.0356037595809306
7277.3			1.0395899158651567
7278.200000000001			1.031550419398141
7279.1			1.020924262083414
7280.0			1.0189476766933632
7280.9			1.016826352055288
7281.8			1.0063375185896655
7282.700000000001			0.9917465463094565
7283.6			0.9810042084490999
7284.5			0.9765630275922895
7285.4			0.9830200035569281
7286.3			0.9966612030700878
7287.200000000001			0.9991837372360441
7288.1			0.9805672988276639
7289.0			0.9619406085625869
7289.9			0.9680944371941541
7290.8			0.9746973256489044
7291.700000000001			0.9661136165618588
7292.6			0.9605531757645882
7293.5			0.9723937834734179
7294.4			0.9966537436515307
7295.3			1.0151141456227308
7296.200000000001			1.0265267902502466
7297.1			1.0258120921710037
7298.0			1.0165242593080208
7298.9			1.0098767364298589
7299.8			1.0062255793210257
7300.700000000001			1.0074059496287187
7301.6			1.012600817141373
7302.5			1.017275613769428
7303.4			1.0210657713010176
7304.3			1.0194887076252312
7305.200000000001			1.0106191643913751
7306.1			0.9992348833453099
7307.0			0.9904212021206106
7307.9			0.9895060056625379
7308.8			1.0017843081108144
7309.700000000001			1.0124720810196652
7310.6			1.0056439499594838
7311.5			0.9990561455654229
7312.4			1.0103708366524278
7313.3			1.0247989047121284
7314.200000000001			1.030693281419338
7315.1			1.028732257811445
7316.0			1.023008464693605
7316.9			1.0168711349313262
7317.8			1.0122044877675291
7318.700000000001			1.0120397543125017
7319.6			1.0095319711564572
7320.5			1.0046269494510436
7321.4			1.0108311123466625
7322.3			1.020849573171081
7323.200000000001			1.0201643585769973
7324.1			1.0016321937212624
7325.0			0.9661673566296946
7325.9			0.934232410963905
7326.8			0.9411105569984545
7327.700000000001			0.9774049213729555
7328.6			1.0003789915008914
7329.5			1.0030328601735963
7330.4			1.0009150393390556
7331.3			0.998983989204413
7332.200000000001			0.9985459451175656
7333.1			1.001199077025614
7334.0			1.005750079905968
7334.9			1.0118524484005023
7335.8			1.01679335697115
7336.700000000001			1.021448555788736
7337.6			1.0232648999607994
7338.5			1.0227427726546094
7339.4			1.0218880629744158
7340.3			1.0219430189315957
7341.200000000001			1.0230505261346379
7342.1			1.0175896185349043
7343.0			1.0033549542275575
7343.9			0.9858098837053288
7344.8			0.9792057763625363
7345.700000000001			0.9894714697165891
7346.6			1.001455574205928
7347.5			1.0084901390952488
7348.4			1.0113248407501538
7349.3			1.0055320304732138
7350.200000000001			0.9907396430007113
7351.1			0.9761518676694602
7352.0			0.9761676150228886
7352.9			0.9852486302764996
7353.8			0.9862320601204415
7354.700000000001			0.9710418426299875
7355.6			0.9475849615543186
7356.5			0.940976469150145
7357.4			0.955225084874367
7358.3			0.9761943431258292
7359.200000000001			0.991801981542921
7360.1			0.9911004709026899
7361.0			0.9709177653191581
7361.9			0.9461368326263712
7362.8			0.9370604257445517
7363.700000000001			0.9454112347363576
7364.6			0.9602545426875768
7365.5			0.9736272046769743
7366.4			0.9796506133148423
7367.3			0.9836051679082116
7368.200000000001			0.9894013284409949
7369.1			0.9893750973164017
7370.0			0.9879553324493694
7370.9			0.9917509017072064
7371.8			0.9946041619044044
7372.700000000001			0.994721578584067
7373.6			0.9909897663813458
7374.5			0.9845564566227345
7375.4			0.9814497829187367
7376.3			0.9835933573715022
7377.200000000001			0.9914988962716599
7378.1			0.9998481614664518
7379.0			1.0023502935258202
7379.9			0.9962347424627912
7380.8			0.9848173898554197
7381.700000000001			0.9745594980651573
7382.6			0.9684029358190436
7383.5			0.9647398266382784
7384.4			0.9536642612406555
7385.3			0.9310134033491688
7386.200000000001			0.9112543577777197
7387.1			0.9018039182337013
7388.0			0.8983301547396645
7388.9			0.8987367873698623
7389.8			0.9156616659743555
7390.700000000001			0.9454780962320177
7391.6			0.962797604881179
7392.5			0.9594558823919312
7393.4			0.9530643599322627
7394.3			0.9615931762924148
7395.200000000001			0.9772948302259524
7396.1			0.9826195362140074
7397.0			0.9804633642699441
7397.9			0.9747901076053336
7398.8			0.9593947528336512
7399.700000000001			0.9386974890709365
7400.6			0.9330595756819824
7401.5			0.9529500827528713
7402.4			0.9818225376818152
7403.3			1.000117930759882
7404.200000000001			1.00005721738632
7405.1			1.0
7406.0			1.0
7406.9			1.0
7407.8			1.0
7408.700000000001			1.0
7409.6			1.0
7410.5			1.0
7411.4			1.0
7412.3			1.0
7413.200000000001			1.0
7414.1			1.0
7415.0			1.0
7415.9			1.0
7416.8			1.0
7417.700000000001			1.0
7418.6			1.0
7419.5			1.0
7420.4			1.0
7421.3			1.0
7422.200000000001			1.0
7423.1			1.0
7424.0			1.0
7424.9			1.0
7425.8			1.0
7426.700000000001			1.0
7427.6			1.0
7428.5			1.0
7429.4			1.0
