3500.0			1.0
3500.9			1.0
3501.8			1.0
3502.7			1.0
3503.6			1.0
3504.5			1.0
3505.4			1.0
3506.3			1.0
3507.2			1.0
3508.1			1.0
3509.0			1.0
3509.9			1.0
3510.8			1.0
3511.7			1.0
3512.6			1.0
3513.5			1.0
3514.4			1.0
3515.3			1.0
3516.2			1.0
3517.1			1.0
3518.0			1.0
3518.9			1.0
3519.8			1.0
3520.7			1.0
3521.6			1.0
3522.5			1.0
3523.4			1.0
3524.3			1.0
3525.2			1.0
3526.1			1.0
3527.0			1.0
3527.9			1.0
3528.8			1.0
3529.7			1.0
3530.6			1.0
3531.5			1.0
3532.4			1.0
3533.3			1.0
3534.2			1.0
3535.1			1.0
3536.0			1.0
3536.9			1.0
3537.8			1.0
3538.7			1.0
3539.6			1.0
3540.5			1.0
3541.4			1.0
3542.3			1.0
3543.2			1.0
3544.1			1.0
3545.0			1.0
3545.9			1.0
3546.8			1.0
3547.7			1.0
3548.6			1.0
3549.5			1.0
3550.4			1.0
3551.3			1.0
3552.2			1.0
3553.1			1.0
3554.0			1.0
3554.9			1.0
3555.8			1.0
3556.7			1.0
3557.6			1.0
3558.5			1.0
3559.4			1.0
3560.3			1.0
3561.2			1.0
3562.1			1.0
3563.0			1.0
3563.9			1.0
3564.8			1.0
3565.7			1.0
3566.6			1.0
3567.5			1.0
3568.4			1.0
3569.3			1.0
3570.2			1.0
3571.1			1.0
3572.0			1.0
3572.9			1.0
3573.8			1.0
3574.7			1.0
3575.6			1.0
3576.5			1.0
3577.4			1.0
3578.3			1.0
3579.2			1.0
3580.1			1.0
3581.0			1.0
3581.9			1.0
3582.8			1.0
3583.7			1.0
3584.6			1.0
3585.5			1.0
3586.4			1.0
3587.3			1.0
3588.2			1.0
3589.1			1.0
3590.0			1.0
3590.9			1.0
3591.8			1.0
3592.7			1.0
3593.6			1.0
3594.5			1.0
3595.4			1.0
3596.3			1.0
3597.2			1.0
3598.1			1.0
3599.0			1.0
3599.9			1.0
3600.8			1.0
3601.7			1.0
3602.6			1.0
3603.5			1.0
3604.4			1.0
3605.3			1.0
3606.2			1.0
3607.1			1.0
3608.0			1.0
3608.9			1.0
3609.8			1.0
3610.7			1.0
3611.6			1.0
3612.5			1.0
3613.4			1.0
3614.3			1.0
3615.2			1.0
3616.1			1.0
3617.0			1.0
3617.9			1.0
3618.8			1.0
3619.7			1.0
3620.6			1.0
3621.5			1.0
3622.4			1.0
3623.3			1.0
3624.2			1.0
3625.1			1.0
3626.0			1.0
3626.9			1.0
3627.8			1.0
3628.7			1.0
3629.6			1.0
3630.5			1.0
3631.4			1.0
3632.3			1.0
3633.2			1.0
3634.1			1.0
3635.0			1.0
3635.9			1.0
3636.8			1.0
3637.7			1.0
3638.6			1.0
3639.5			1.0
3640.4			1.0
3641.3			1.0
3642.2			1.0
3643.1			1.0
3644.0			1.0
3644.9			1.0
3645.8			1.0
3646.7			1.0
3647.6			1.0
3648.5			1.0
3649.4			1.0
3650.3			1.0
3651.2			1.0
3652.1			1.0
3653.0			1.0
3653.9			1.0
3654.8			1.0
3655.7			1.0
3656.6			1.0
3657.5			1.0
3658.4			1.0
3659.3			1.0
3660.2			1.0
3661.1			1.0
3662.0			1.0
3662.9			1.0
3663.8			1.0
3664.7			1.0
3665.6			1.0
3666.5			1.0
3667.4			1.0
3668.3			1.0
3669.2			1.0
3670.1			1.0
3671.0			1.0
3671.9			1.0
3672.8			1.0
3673.7			1.0
3674.6			1.0
3675.5			1.0
3676.4			1.0
3677.3			1.0
3678.2			1.0
3679.1			1.0
3680.0			1.0
3680.9			1.0
3681.8			1.0
3682.7			1.0
3683.6			1.0
3684.5			1.0
3685.4			1.0
3686.3			1.0
3687.2			1.0
3688.1			1.0
3689.0			1.0
3689.9			1.0
3690.8			1.0
3691.7			1.0
3692.6			1.0
3693.5			1.0
3694.4			1.0
3695.3			1.0
3696.2			1.0
3697.1			1.0
3698.0			1.0
3698.9			1.0
3699.8			1.0
3700.7			1.0
3701.6			1.0
3702.5			1.0
3703.4			1.0
3704.3			1.0
3705.2			1.0
3706.1			1.0
3707.0			1.0
3707.9			1.0
3708.8			1.0
3709.7			1.0
3710.6			1.0
3711.5			1.0
3712.4			1.0
3713.3			1.0
3714.2			1.0
3715.1			1.0
3716.0			1.0
3716.9			1.0
3717.8			1.0
3718.7			1.0
3719.6			1.0
3720.5			1.0
3721.4			1.0
3722.3			1.0
3723.2			1.0
3724.1			1.0
3725.0			1.0
3725.9			1.0
3726.8			1.0
3727.7			1.0
3728.6			1.0
3729.5			1.0
3730.4			1.0
3731.3			1.0
3732.2			1.0
3733.1			1.0
3734.0			1.0
3734.9			1.0
3735.8			1.0
3736.7			1.0
3737.6			1.0
3738.5			1.0
3739.4			1.0
3740.3			1.0
3741.2			1.0
3742.1			1.0
3743.0			1.0
3743.9			1.0
3744.8			1.0
3745.7			1.0
3746.6			1.0
3747.5			1.0
3748.4			1.0
3749.3			1.0
3750.2			1.0
3751.1			1.0
3752.0			1.0
3752.9			1.0
3753.8			1.0
3754.7			1.0
3755.6			1.0
3756.5			1.0
3757.4			1.0
3758.3			1.0
3759.2			1.0
3760.1			1.0
3761.0			1.0
3761.9			1.0
3762.8			1.0
3763.7			1.0
3764.6			1.0
3765.5			1.0
3766.4			1.0
3767.3			1.0
3768.2			1.0
3769.1			1.0
3770.0			1.0
3770.9			1.0
3771.8			1.0
3772.7			1.0
3773.6			1.0
3774.5			1.0
3775.4			1.0
3776.3			1.0
3777.2			1.0
3778.1			1.0
3779.0			1.0
3779.9			1.0
3780.8			1.0
3781.7			1.0
3782.6			1.0
3783.5			1.0
3784.4			1.0
3785.3			1.0
3786.2			1.0
3787.1			1.0
3788.0			1.0
3788.9			1.0
3789.8			1.0
3790.7			1.0
3791.6			1.0
3792.5			1.0
3793.4			1.0
3794.3			1.0
3795.2			1.0
3796.1			1.0
3797.0			1.0
3797.9			1.0
3798.8			1.0
3799.7			1.0
3800.6			1.0
3801.5			1.0
3802.4			1.0
3803.3			1.0
3804.2			1.0
3805.1			1.0
3806.0			1.0
3806.9			1.0
3807.8			1.0
3808.7			1.0
3809.6			1.0
3810.5			1.0
3811.4			1.0
3812.3			1.0
3813.2			1.0
3814.1			1.0
3815.0			1.0
3815.9			1.0
3816.8			1.0
3817.7			1.0
3818.6			1.0
3819.5			1.0
3820.4			1.0
3821.3			1.0
3822.2			1.0
3823.1			1.0
3824.0			1.0
3824.9			1.0
3825.8			1.0
3826.7			1.0
3827.6			1.0
3828.5			1.0
3829.4			1.0
3830.3			1.0
3831.2			1.0
3832.1			1.0
3833.0			1.0
3833.9			1.0
3834.8			1.0
3835.7			1.0
3836.6			1.0
3837.5			1.0
3838.4			1.0
3839.3			1.0
3840.2			1.0
3841.1			1.0
3842.0			1.0
3842.9			1.0
3843.8			1.0
3844.7			1.0
3845.6			1.0
3846.5			1.0
3847.4			1.0
3848.3			1.0
3849.2			1.0
3850.1			1.0
3851.0			1.0
3851.9			1.0
3852.8			1.0
3853.7			1.0
3854.6			1.0
3855.5			1.0
3856.4			1.0
3857.3			1.0
3858.2			1.0
3859.1			1.0
3860.0			1.0
3860.9			1.0
3861.8			1.0
3862.7			1.0
3863.6			1.0
3864.5			1.0
3865.4			1.0
3866.3			1.0
3867.2			1.0
3868.1			1.0
3869.0			1.0
3869.9			1.0
3870.8			1.0
3871.7			1.0
3872.6			1.0
3873.5			1.0
3874.4			1.0
3875.3			1.0
3876.2			1.0
3877.1			1.0
3878.0			1.0
3878.9			1.0
3879.8			1.0
3880.7			1.0
3881.6			1.0
3882.5			1.0
3883.4			1.0
3884.3			1.0
3885.2			1.0
3886.1			1.0
3887.0			1.0
3887.9			1.0
3888.8			1.0
3889.7			1.0
3890.6			1.0
3891.5			1.0
3892.4			1.0
3893.3			1.0
3894.2			1.0
3895.1			1.0
3896.0			1.0
3896.9			1.0
3897.8			1.0
3898.7			1.0
3899.6			1.0
3900.5			1.0
3901.4			1.0
3902.3			1.0
3903.2			1.0
3904.1			1.0
3905.0			1.0
3905.9			1.0
3906.8			1.0
3907.7			1.0
3908.6			1.0
3909.5			1.0
3910.4			1.0
3911.3			1.0
3912.2			1.0
3913.1			1.0
3914.0			1.0
3914.9			1.0
3915.8			1.0
3916.7			1.0
3917.6			1.0
3918.5			1.0
3919.4			1.0
3920.3			1.0
3921.2			1.0
3922.1			1.0
3923.0			1.0
3923.9			1.0
3924.8			1.0
3925.7			1.0
3926.6			1.0
3927.5			1.0
3928.4			1.0
3929.3			1.0
3930.2			1.0
3931.1			1.0
3932.0			1.0
3932.9			1.0
3933.8			1.0
3934.7			1.0
3935.6			1.0
3936.5			1.0
3937.4			1.0
3938.3			1.0
3939.2			1.0
3940.1			1.0
3941.0			1.0
3941.9			1.0
3942.8			1.0
3943.7			1.0
3944.6			1.0
3945.5			1.0
3946.4			1.0
3947.3			1.0
3948.2			1.0
3949.1			1.0
3950.0			1.0
3950.9			1.0
3951.8			1.0
3952.7			1.0
3953.6			1.0
3954.5			1.0
3955.4			1.0
3956.3			1.0
3957.2			1.0
3958.1			1.0
3959.0			1.0
3959.9			1.0
3960.8			1.0
3961.7			1.0
3962.6			1.0
3963.5			1.0
3964.4			1.0
3965.3			1.0
3966.2			1.0
3967.1			1.0
3968.0			1.0
3968.9			1.0
3969.8			1.0
3970.7			1.0
3971.6			1.0
3972.5			1.0
3973.4			1.0
3974.3			1.0
3975.2			1.0
3976.1			1.0
3977.0			1.0
3977.9			1.0
3978.8			1.0
3979.7			1.0
3980.6			1.0
3981.5			1.0
3982.4			1.0
3983.3			1.0
3984.2			1.0
3985.1			1.0
3986.0			1.0
3986.9			1.0
3987.8			1.0
3988.7			1.0
3989.6			1.0
3990.5			1.0
3991.4			1.0
3992.3			1.0
3993.2			1.0
3994.1			1.0
3995.0			1.0
3995.9			1.0
3996.8			1.0
3997.7			1.0
3998.6			1.0
3999.5			1.0
4000.4			1.0
4001.3			1.0
4002.2			1.0
4003.1			1.0377005647835238
4004.0			0.9561165442085069
4004.9			0.777172996448639
4005.8			0.690322641777945
4006.7			0.7828084841179526
4007.6			0.9230674169367079
4008.5			1.0037068293664912
4009.4			1.0
4010.3			1.0
4011.2			1.0
4012.1			1.0
4013.0			1.0
4013.9			1.0
4014.8			1.0
4015.7			1.0
4016.6			1.0
4017.5			1.0
4018.4			1.0
4019.3			1.0
4020.2			1.0
4021.1			1.0
4022.0			1.0
4022.9			1.0
4023.8			1.0
4024.7			1.0
4025.6			1.0
4026.5			1.0
4027.4			1.0
4028.3			1.0454489692014608
4029.2			0.9809552805881435
4030.1			0.7988840594430808
4031.0			0.6640409899211669
4031.9			0.6371475042105404
4032.8			0.6099009634761621
4033.7			0.5956877111432757
4034.6			0.6434282482242057
4035.5			0.7487107288432425
4036.4			0.8887329611852448
4037.3			0.998940810223669
4038.2			1.0325199763146595
4039.1			1.0001284814579987
4040.0			1.0
4040.9			1.0
4041.8			1.0514710742083708
4042.7			1.0625247370368176
4043.6			0.9044148059468242
4044.5			0.6517213376874618
4045.4			0.4686745157998684
4046.3			0.5015667520165961
4047.2			0.7253955481812786
4048.1			0.9178972283821304
4049.0			0.9994407302072703
4049.9			1.0
4050.8			1.0
4051.7			1.0
4052.6			1.0
4053.5			1.0
4054.4			1.0
4055.3			1.0
4056.2			1.0
4057.1			1.0
4058.0			1.0
4058.9			1.0
4059.8			1.1451956185122025
4060.7			1.2234467260315622
4061.6			1.1286128274619684
4062.5			0.8849914087874602
4063.4			0.683573421102457
4064.3			0.7360798221859848
4065.2			0.9459125519580881
4066.1			1.0237198309939386
4067.0			0.9974781926614487
4067.9			1.0
4068.8			1.0
4069.7			1.0
4070.6			1.0
4071.5			1.0
4072.4			1.0
4073.3			1.0
4074.2			1.0822225686292644
4075.1			0.9945332687616234
4076.0			0.8461414390484178
4076.9			0.7329675041840412
4077.8			0.7469474245355373
4078.7			0.8652256207900509
4079.6			1.000520951733318
4080.5			1.0
4081.4			1.0
4082.3			1.0
4083.2			1.0
4084.1			1.0
4085.0			1.0
4085.9			1.0
4086.8			1.0
4087.7			1.0
4088.6			1.0
4089.5			1.0
4090.4			1.0
4091.3			1.0
4092.2			1.0
4093.1			1.0
4094.0			1.0
4094.9			1.0
4095.8			1.0
4096.7			1.0
4097.6			1.0378545370268695
4098.5			1.074358806054696
4099.4			1.05793529348277
4100.3			0.952477463628588
4101.2			0.8498029709647078
4102.1			0.8787998491457903
4103.0			0.9623356670067877
4103.9			0.9869744138822779
4104.8			1.005301158295059
4105.7			1.0
4106.6			1.0
4107.5			1.0
4108.4			1.0
4109.3			1.0
4110.2			1.0
4111.1			1.0
4112.0			1.0
4112.9			1.0
4113.8			1.0
4114.7			1.0
4115.6			1.0
4116.5			1.0
4117.4			1.0
4118.3			1.0
4119.2			1.0
4120.1			1.0
4121.0			1.0
4121.9			1.0
4122.8			1.0
4123.7			1.0
4124.6			1.0
4125.5			1.0
4126.4			1.0
4127.3			0.960971827521134
4128.2			0.9425235862687614
4129.1			0.9273913886897547
4130.0			0.8943320776495245
4130.9			0.8472340088396014
4131.8			0.755917654309874
4132.7			0.7193018645641936
4133.6			0.7483580132745596
4134.5			0.798867756499204
4135.4			0.9200822543961459
4136.3			1.0104445018780808
4137.2			0.996197788662493
4138.1			0.9839712934654342
4139.0			1.0013638850944493
4139.9			1.0187488273482794
4140.8			0.9995329955629593
4141.7			0.877206887215361
4142.6			0.6673894943685217
4143.5			0.5529181924903315
4144.4			0.6389535427461975
4145.3			0.8043946418304858
4146.2			0.8911565593157682
4147.1			0.905311538175421
4148.0			0.894765985990122
4148.9			0.8488864910158122
4149.8			0.789888656703194
4150.7			0.7717587386654872
4151.6			0.779378915833239
4152.5			0.7981569872231898
4153.4			0.8166649266333982
4154.3			0.8002709889844729
4155.2			0.7876038617287617
4156.1			0.7743902575876661
4157.0			0.77709552586425
4157.9			0.8579487934309044
4158.8			0.9563397141501925
4159.7			0.999626919701747
4160.6			1.0
4161.5			1.0
4162.4			1.0569238546109614
4163.3			1.0592710929064484
4164.2			0.9880483674295036
4165.1			0.9416999235688367
4166.0			0.9034872706628735
4166.9			0.8350168169208226
4167.8			0.8292185512749157
4168.7			0.9212652340183114
4169.6			0.9951569548181838
4170.5			1.002755669509104
4171.4			0.9175943512330547
4172.3			0.780468002691546
4173.2			0.7371834669704969
4174.1			0.7964217119826693
4175.0			0.8546315770810728
4175.9			0.8650605693725636
4176.8			0.839944434718136
4177.7			0.815637937348273
4178.6			0.831716646042746
4179.5			0.8533731312890068
4180.4			0.8374742839592542
4181.3			0.8207340552610757
4182.2			0.8487636587921055
4183.1			0.9171492749542174
4184.0			0.9999968608857166
4184.9			1.0
4185.8			0.9711722179439773
4186.7			0.8451663202472662
4187.6			1.0
4188.5			1.0955728145236947
4189.4			1.2000665036935163
4190.3			1.1807406059858396
4191.2			1.1119600083036523
4192.1			1.126861718199691
4193.0			1.1953499070351858
4193.9			1.1651150087714635
4194.8			1.0284878255642593
4195.7			0.8928774188972646
4196.6			0.8335323310306572
4197.5			0.8363772071799925
4198.4			0.85563632417105
4199.3			0.9014340918226809
4200.2			0.9269054356110505
4201.1			0.8698107123163958
4202.0			0.8177195012026324
4202.9			0.8719937566242186
4203.8			0.9561041243255441
4204.7			1.0007344521690105
4205.6			1.0
4206.5			1.0
4207.4			1.0
4208.3			1.0
4209.2			1.0
4210.1			1.0
4211.0			1.0
4211.9			1.0
4212.8			0.9507391777063497
4213.7			0.8301853652586283
4214.6			0.6871791284749648
4215.5			0.6306878456364888
4216.4			0.7572649124503099
4217.3			0.9313964048194803
4218.2			0.994464287242772
4219.1			1.0
4220.0			1.0
4220.9			1.0
4221.8			1.0
4222.7			0.9034248559900312
4223.6			0.8041835824257701
4224.5			0.6776558623156509
4225.4			0.5016033750633899
4226.3			0.3489821000026833
4227.2			0.38607310790195526
4228.1			1.0
4229.0			1.3160852321863001
4229.9			1.4389693123913325
4230.8			1.4923881911061296
4231.7			1.4247437850078322
4232.6			1.2358577750275366
4233.5			1.117305093354936
4234.4			1.1053359222732457
4235.3			1.030419254840018
4236.2			0.9308003224540348
4237.1			0.937428440258997
4238.0			0.9643672172006981
4238.9			0.9439076768519927
4239.8			0.9379205011477858
4240.7			0.9863204563703554
4241.6			1.014185961347988
4242.5			0.9766463546386149
4243.4			0.9817879798903278
4244.3			1.0
4245.2			1.0
4246.1			1.0
4247.0			0.9348089385028239
4247.9			0.88687122375955
4248.8			0.8623660497915888
4249.7			0.8086499942620297
4250.6			0.7983833945041554
4251.5			0.9588094247504648
4252.4			1.1279962340947318
4253.3			1.113919307806499
4254.2			1.0192368634837141
4255.1			1.0
4256.0			1.0
4256.9			1.122089447482919
4257.8			1.063114462848597
4258.7			0.8796520409830169
4259.6			0.7310031796604589
4260.5			0.6524189195612424
4261.4			0.7091369544478392
4262.3			0.8660129303229989
4263.2			0.9713424389396669
4264.1			0.980546179988052
4265.0			1.0
4265.9			1.0
4266.8			0.9569385772451396
4267.7			0.8676077848936006
4268.6			0.8121877743118985
4269.5			0.7578263784084797
4270.4			0.6370026612860195
4271.3			0.5083950908553199
4272.2			0.503428689212501
4273.1			0.5970945943133356
4274.0			0.6210328261396082
4274.9			0.6230615244986628
4275.8			0.7354685644364423
4276.7			0.89182248111455
4277.6			0.995154536443504
4278.5			1.0
4279.4			1.0
4280.3			1.0
4281.2			1.0
4282.1			1.0
4283.0			1.0
4283.9			1.0
4284.8			1.0
4285.7			1.0
4286.6			1.0
4287.5			1.0315342236720186
4288.4			0.9406793600717047
4289.3			0.7777972933141523
4290.2			0.7216090727264068
4291.1			0.8055706995051721
4292.0			1.0
4292.9			1.083072989275388
4293.8			1.0362007230854753
4294.7			0.9796303123225534
4295.6			1.0114886229992623
4296.5			1.0007497245192183
4297.4			0.90641334636931
4298.3			0.7820905241696223
4299.2			0.6499445940608479
4300.1			0.6157379490435767
4301.0			0.7007281122131584
4301.9			0.753234802047489
4302.8			0.7404499121706741
4303.7			0.7494918719179293
4304.6			0.7541456089382014
4305.5			0.71453108826564
4306.4			0.6572721863433199
4307.3			0.5730132495568862
4308.2			0.5149369474984575
4309.1			0.551473253620326
4310.0			0.6353970307443982
4310.9			0.7165964737600621
4311.8			0.8019123043534194
4312.7			0.9126421671324355
4313.6			1.017116094505755
4314.5			1.1220548565374486
4315.4			1.3339003434580206
4316.3			1.5577611776420854
4317.2			1.613161636033741
4318.1			1.562064333026672
4319.0			1.5182799002551437
4319.9			1.4743289107457567
4320.8			1.0
4321.7			0.9681834560631293
4322.6			0.8739804743831947
4323.5			0.6930044057576079
4324.4			0.5301962677453816
4325.3			0.44876817762461296
4326.2			0.5156769961671598
4327.1			0.7259795391241619
4328.0			0.927909067245726
4328.9			1.0022705013527622
4329.8			1.0
4330.7			1.0
4331.6			1.0
4332.5			1.0
4333.4			1.0
4334.3			1.0
4335.2			1.0466072618396036
4336.1			1.0048785377989615
4337.0			0.8589688633201596
4337.9			0.7457653295827372
4338.8			0.7170633051435199
4339.7			0.6916183960909655
4340.6			0.7088219693736203
4341.5			0.8317942382780995
4342.4			0.956767481741084
4343.3			0.9758293503356108
4344.2			0.9920235831425551
4345.1			1.0
4346.0			1.0
4346.9			1.0
4347.8			1.0242897915161095
4348.7			1.110816217675117
4349.6			1.126473371829421
4350.5			0.9703853159217056
4351.4			0.7664787881812507
4352.3			0.7113718368030051
4353.2			0.8034990591234471
4354.1			0.8850248059530624
4355.0			0.9040047459578124
4355.9			0.9426712625132583
4356.8			0.9995230652858796
4357.7			1.0
4358.6			1.0
4359.5			1.0
4360.4			1.0
4361.3			1.0
4362.2			1.0
4363.1			1.0
4364.0			1.0
4364.9			1.0
4365.8			1.0
4366.7			1.0
4367.6			1.0
4368.5			1.0
4369.4			1.0
4370.3			1.0
4371.2			1.0
4372.1			0.9939729878210237
4373.0			0.9373642020237092
4373.9			0.8354879030414004
4374.8			0.7650166554161363
4375.7			0.7824722745502131
4376.6			0.8950825456797769
4377.5			1.001368240339538
4378.4			1.0
4379.3			1.0
4380.2			0.9534645437644329
4381.1			0.8983624512498838
4382.0			0.7695466298911589
4382.9			0.5483280548514626
4383.8			0.4239837382104679
4384.7			0.5373230679204751
4385.6			0.7838210941112106
4386.5			0.9665024971247547
4387.4			0.9949341735618872
4388.3			1.0
4389.2			1.0
4390.1			1.0
4391.0			1.0
4391.9			1.0
4392.8			1.0
4393.7			1.0
4394.6			1.0
4395.5			1.0
4396.4			1.0
4397.3			1.0
4398.2			1.0
4399.1			1.0
4400.0			0.9225076542634938
4400.9			0.9093652932215152
4401.8			0.9961552596027032
4402.7			1.0115729128049475
4403.6			0.8220565014636133
4404.5			0.6324047150410139
4405.4			0.6653661854731311
4406.3			0.8360293658673612
4407.2			0.9125720162120171
4408.1			0.9130296533019719
4409.0			0.9966345018806136
4409.9			1.0
4410.8			1.0
4411.7			1.0
4412.6			1.0113086212355926
4413.5			0.9466674895447653
4414.4			0.7948871764282633
4415.3			0.7109012711040587
4416.2			0.794601755243644
4417.1			0.9181395434433658
4418.0			1.0052439966802507
4418.9			1.0
4419.8			1.0
4420.7			1.0
4421.6			1.0
4422.5			1.0
4423.4			1.0
4424.3			1.0
4425.2			1.0
4426.1			1.0
4427.0			1.0
4427.9			1.0
4428.8			1.0
4429.7			1.0
4430.6			1.0
4431.5			1.0
4432.4			1.0432829028318609
4433.3			0.9716682591006551
4434.2			0.849874957381599
4435.1			0.7769188799071451
4436.0			0.8124322236532874
4436.9			0.9155684769057214
4437.8			1.003853483417771
4438.7			1.0
4439.6			1.0
4440.5			1.0
4441.4			1.0
4442.3			1.0
4443.2			1.0
4444.1			1.0
4445.0			1.0
4445.9			1.0
4446.8			1.0
4447.7			1.0
4448.6			1.0
4449.5			1.0
4450.4			1.0
4451.3			1.0033185869399688
4452.2			1.004714479014681
4453.1			0.9546024546962196
4454.0			0.867332541377392
4454.9			0.7962815006685847
4455.8			0.8057764309134823
4456.7			0.8539261233327949
4457.6			0.86153590747149
4458.5			0.8300193731084559
4459.4			0.8078810583692689
4460.3			0.8008263563290428
4461.2			0.7656035022898255
4462.1			0.7712373582576889
4463.0			0.8871836863109973
4463.9			0.986203076066456
4464.8			0.9859570860858637
4465.7			0.9670990206380945
4466.6			0.9712362690848887
4467.5			0.991930297315168
4468.4			0.9795144524669871
4469.3			0.9405171955197605
4470.2			0.9500690835306301
4471.1			1.001836704801166
4472.0			1.0
4472.9			1.0
4473.8			1.0
4474.7			1.0
4475.6			1.0
4476.5			1.0
4477.4			1.0505426982632522
4478.3			1.0319667876173244
4479.2			0.9411673339117332
4480.1			0.8381658388244027
4481.0			0.7892829366644124
4481.9			0.7891080143019709
4482.8			0.8470436716049599
4483.7			0.9376935713878874
4484.6			0.9998154368183076
4485.5			1.0
4486.4			1.0
4487.3			1.0
4488.2			1.0
4489.1			1.0
4490.0			1.0
4490.9			1.0
4491.8			1.0601646349149965
4492.7			1.0574645185477105
4493.6			0.9627118480588092
4494.5			0.8457336733420766
4495.4			0.8233879051556455
4496.3			0.8706376517240679
4497.2			0.9355680642490745
4498.1			0.9868332127980938
4499.0			0.9960646914002282
4499.9			1.0
4500.8			1.0
4501.7			1.0
4502.6			1.0
4503.5			1.0
4504.4			1.0
4505.3			1.0
4506.2			1.0
4507.1			1.0
4508.0			0.9927340807743132
4508.9			1.001921074422913
4509.8			1.0287934987417897
4510.7			1.0391834195687606
4511.6			1.0032224185446807
4512.5			0.9439146068447821
4513.4			0.9043159685430102
4514.3			0.8843876704297653
4515.2			0.9011550914824658
4516.1			0.9335289296778557
4517.0			1.0
4517.9			0.9626310662879716
4518.8			0.9930187509031924
4519.7			1.061513800211205
4520.6			1.0971346628005911
4521.5			1.1016474741119948
4522.4			1.0341938035428826
4523.3			0.9919346442184274
4524.2			0.99382395684559
4525.1			0.9499328234856907
4526.0			0.8864851249751197
4526.9			0.8286332897485637
4527.8			0.7888229522469268
4528.7			0.7677776955341878
4529.6			0.8024558160937952
4530.5			0.8402551819513935
4531.4			0.8774287851096144
4532.3			0.9430373474417159
4533.2			0.9300306403920807
4534.1			0.8703708694598339
4535.0			0.8257778085010415
4535.9			0.8577285031953815
4536.8			1.0
4537.7			1.0937376363749571
4538.6			1.0511258047484489
4539.5			0.9815589900495082
4540.4			0.9324216065750341
4541.3			0.9235961252118247
4542.2			0.9708756151244937
4543.1			1.0103293861092177
4544.0			0.9835169163466684
4544.9			0.9171266372160622
4545.8			0.91675442198333
4546.7			0.9458863686975748
4547.6			0.9506624610717918
4548.5			0.9223685333187116
4549.4			0.8801332742104033
4550.3			0.9052934783767193
4551.2			0.9538280410195905
4552.1			0.9302088541249618
4553.0			0.9047247895377828
4553.9			0.8936168225999516
4554.8			0.8754203807287005
4555.7			0.8964781883241129
4556.6			0.9604393040082025
4557.5			1.014505003175633
4558.4			1.027429606590441
4559.3			1.025513936026249
4560.2			1.0030638260754088
4561.1			1.0
4562.0			1.011266103299398
4562.9			0.9696163648747602
4563.8			0.8888009040187058
4564.7			0.8351725833243056
4565.6			0.8423867513605702
4566.5			0.9178176249604336
4567.4			1.0000505107922946
4568.3			1.0
4569.2			1.0
4570.1			1.0
4571.0			1.0
4571.9			1.0
4572.8			1.0
4573.7			1.0
4574.6			1.0
4575.5			1.0
4576.4			1.0
4577.3			1.0039307106071484
4578.2			0.9815606932580034
4579.1			1.0
4580.0			0.9303033792275459
4580.9			0.919923022391453
4581.8			0.9772939220872494
4582.7			1.0276812883164148
4583.6			1.0176381224025126
4584.5			0.9858522580055821
4585.4			0.9540582231911608
4586.3			0.9431697099850488
4587.2			1.0035951222319457
4588.1			1.0806865462403974
4589.0			1.1124454049649857
4589.9			1.0946666337677853
4590.8			1.0379568742034904
4591.7			0.9809914752248514
4592.6			0.9564418962480447
4593.5			0.9568801159992345
4594.4			0.9388890810230505
4595.3			0.9106167918183237
4596.2			0.9101942613081709
4597.1			0.9166558357930887
4598.0			0.9255065745086701
4598.9			0.9553019892750734
4599.8			0.9437605123464285
4600.7			0.9073127329131258
4601.6			0.9292588557863135
4602.5			0.9504992220203228
4603.4			0.9361225278520824
4604.3			0.9120512191722073
4605.2			0.8883804233157716
4606.1			0.9116588805988516
4607.0			0.9784833221553322
4607.9			1.0407346425308877
4608.8			1.075949492302546
4609.7			1.0559130788421407
4610.6			0.9964713424978369
4611.5			1.0
4612.4			1.0
4613.3			1.0
4614.2			1.0
4615.1			1.0
4616.0			1.0
4616.9			1.0
4617.8			1.0
4618.7			1.0
4619.6			1.0
4620.5			1.0
4621.4			1.0
4622.3			1.0
4623.2			1.0
4624.1			1.0
4625.0			1.0
4625.9			1.0
4626.8			1.0
4627.7			1.0
4628.6			1.0
4629.5			1.0
4630.4			1.0
4631.3			1.0
4632.2			1.0
4633.1			1.0
4634.0			1.0
4634.9			1.0
4635.8			1.0
4636.7			1.0
4637.6			1.0
4638.5			1.0
4639.4			1.0
4640.3			0.9917245988312617
4641.2			1.0411452750101122
4642.1			1.079255631091576
4643.0			1.045945127532485
4643.9			0.9920339507064747
4644.8			0.9550831154302174
4645.7			0.8936587588658258
4646.6			0.8305835262037605
4647.5			0.825112246396143
4648.4			0.8595950083058163
4649.3			0.8993645566942057
4650.2			0.946660616447383
4651.1			0.9836056840963981
4652.0			1.0
4652.9			1.0041160301381356
4653.8			0.9584713089184613
4654.7			0.9014016605511298
4655.6			0.8809015948834601
4656.5			0.887339200553303
4657.4			0.9344410230724152
4658.3			1.0006812362134745
4659.2			1.0
4660.1			1.0
4661.0			1.0
4661.9			1.0
4662.8			0.9463787968853222
4663.7			0.924963836574663
4664.6			0.9366184898449297
4665.5			0.8983813422590572
4666.4			0.7927955564151286
4667.3			0.7163125247309614
4668.2			0.7504118044169861
4669.1			0.8534125718564981
4670.0			0.9418855404736965
4670.9			0.9958320692412459
4671.8			0.9998834498586062
4672.7			1.0
4673.6			1.0
4674.5			1.0
4675.4			1.0
4676.3			1.045727006065791
4677.2			1.037253872534083
4678.1			0.9828321013287917
4679.0			0.9440545612721382
4679.9			0.9276025842341372
4680.8			0.9128208616903222
4681.7			0.9164185579197902
4682.6			0.9535630784005394
4683.5			1.0008164733585931
4684.4			1.0071207614297002
4685.3			1.000156813816068
4686.2			1.0
4687.1			1.0
4688.0			1.0
4688.9			1.0
4689.8			1.0
4690.7			1.0
4691.6			0.9828339701632485
4692.5			0.9910539079023496
4693.4			0.9977711406304182
4694.3			1.0190826579737435
4695.2			1.059565873151067
4696.1			1.083104127579525
4697.0			1.0459283570392752
4697.9			0.968312841437872
4698.8			0.914707758718547
4699.7			0.9392105382208341
4700.6			0.9583613786332653
4701.5			0.9448672009540857
4702.4			0.9181085364684479
4703.3			0.9131153559671248
4704.2			0.9677169852664446
4705.1			1.0047764151978857
4706.0			0.9992623029846213
4706.9			1.0
4707.8			1.0
4708.7			1.0
4709.6			1.0
4710.5			1.0
4711.4			1.0
4712.3			0.986569584377122
4713.2			0.9521553816297229
4714.1			0.900185339950667
4715.0			0.9060662978704083
4715.9			0.9992832300676429
4716.8			1.0
4717.7			1.0
4718.6			1.0
4719.5			1.0
4720.4			1.0
4721.3			1.0
4722.2			1.0
4723.1			0.9916446730392698
4724.0			1.0347331397262294
4724.9			1.0719423941765236
4725.8			1.0576431563278978
4726.7			0.9749601960162159
4727.6			0.875017981241994
4728.5			0.8429087953226486
4729.4			0.855796569741176
4730.3			0.8814074521351402
4731.2			0.9185989740840622
4732.1			0.973381087511124
4733.0			1.0057411374691285
4733.9			1.0012809319400624
4734.8			1.0
4735.7			1.0
4736.6			1.0
4737.5			1.0
4738.4			1.0
4739.3			1.0
4740.2			1.0
4741.1			1.0
4742.0			1.0
4742.9			1.0
4743.8			1.0
4744.7			1.0
4745.6			1.0
4746.5			1.0
4747.4			1.0
4748.3			1.0
4749.2			1.0
4750.1			1.0
4751.0			1.0
4751.9			1.0
4752.8			1.0
4753.7			1.0
4754.6			1.0
4755.5			1.0
4756.4			1.0
4757.3			1.0
4758.2			1.0
4759.1			1.0
4760.0			1.021102146898781
4760.9			1.002197670593114
4761.8			0.9466209967273733
4762.7			0.9302260178245594
4763.6			0.940917053789447
4764.5			0.9162066535777484
4765.4			0.875344614567379
4766.3			0.8612125416203796
4767.2			0.9078445999247794
4768.1			0.9670615818448106
4769.0			1.0254281489748387
4769.9			1.0714757506420507
4770.8			1.0410568374369473
4771.7			0.9916972997325489
4772.6			1.0
4773.5			1.042961152225505
4774.4			1.0944742459874943
4775.3			1.0885147289547343
4776.2			1.051252619750593
4777.1			1.0657822456737711
4778.0			1.089280107853177
4778.9			1.0713609537317061
4779.8			1.043782421355654
4780.7			1.0338776157483325
4781.6			1.010517485113641
4782.5			0.9612113945525321
4783.4			0.9263779200131147
4784.3			0.9499421736436424
4785.2			0.9736560789078261
4786.1			0.9309437717026445
4787.0			0.9181366621092664
4787.9			0.9560098633932688
4788.8			0.9447117593578604
4789.7			0.9155043586762663
4790.6			0.9223519434024375
4791.5			0.9416039118351034
4792.4			0.9619128630434222
4793.3			1.0001133579457226
4794.2			1.0
4795.1			1.0
4796.0			0.9757009422323576
4796.9			0.9458240743075454
4797.8			0.919321536887157
4798.7			0.8829892515265244
4799.6			0.8649137288201635
4800.5			0.8838965515643689
4801.4			0.9423930787472278
4802.3			0.9910899306644134
4803.2			1.0005465131706073
4804.1			1.0
4805.0			1.0
4805.9			1.0
4806.8			1.0
4807.7			1.0
4808.6			1.0
4809.5			1.0
4810.4			1.0
4811.3			1.0
4812.2			1.0
4813.1			1.0
4814.0			1.0
4814.9			1.0
4815.8			1.0
4816.7			1.0
4817.6			1.0
4818.5			1.0
4819.4			1.0
4820.3			1.0
4821.2			1.0
4822.1			0.9768269538628568
4823.0			0.9141272261727983
4823.9			0.8846354966050501
4824.8			0.9392217030250036
4825.7			0.9980221220521374
4826.6			1.0
4827.5			1.0
4828.4			1.0
4829.3			1.0
4830.2			1.0
4831.1			1.0
4832.0			1.0
4832.9			1.0
4833.8			1.0
4834.7			1.0
4835.6			1.0
4836.5			1.0
4837.4			1.0
4838.3			1.0
4839.2			1.0
4840.1			1.0
4841.0			1.0
4841.9			1.0
4842.8			1.0
4843.7			1.0
4844.6			1.0
4845.5			1.0
4846.4			1.0
4847.3			1.0
4848.2			1.0
4849.1			1.0
4850.0			1.0
4850.9			1.0
4851.8			1.0
4852.7			1.0
4853.6			1.0
4854.5			1.0
4855.4			1.0
4856.3			1.0128321332057904
4857.2			1.0721627648057264
4858.1			1.0697068396697456
4859.0			0.9988476905960645
4859.9			0.892415793583018
4860.8			0.7860913812039411
4861.7			0.7640985167184082
4862.6			0.862934647712799
4863.5			0.9375796357200904
4864.4			0.9451598392773723
4865.3			0.9740203503728837
4866.2			1.0043648304744794
4867.1			0.9950875189886491
4868.0			1.0
4868.9			1.0
4869.8			0.9923018595758908
4870.7			0.8935177439627153
4871.6			0.8139159852045547
4872.5			0.8717003551584358
4873.4			0.9914209015829749
4874.3			1.0
4875.2			1.0
4876.1			1.0
4877.0			1.0
4877.9			1.0
4878.8			1.0
4879.7			1.0
4880.6			1.0
4881.5			1.0
4882.4			1.0
4883.3			1.0
4884.2			1.0
4885.1			1.0
4886.0			1.0
4886.9			1.0
4887.8			1.0029886316801844
4888.7			0.9845623943917522
4889.6			0.9269254975222464
4890.5			0.8184772555852831
4891.4			0.745468364503289
4892.3			0.8203143560555207
4893.2			0.9283566693157945
4894.1			0.9726566627290921
4895.0			0.9781965996135951
4895.9			1.0
4896.8			1.0
4897.7			1.0
4898.6			1.0
4899.5			1.0
4900.4			1.0
4901.3			1.0
4902.2			1.0
4903.1			1.0
4904.0			1.0
4904.9			1.0
4905.8			1.0
4906.7			1.0118625911614862
4907.6			0.9762354302490762
4908.5			0.9302044918057502
4909.4			0.8866300981792141
4910.3			0.8613164588151796
4911.2			0.8818783548066237
4912.1			0.9288470804238936
4913.0			0.9684919687868073
4913.9			0.9966630845110472
4914.8			1.0
4915.7			1.0
4916.6			0.9880790398161685
4917.5			0.9235439030910012
4918.4			0.8178037923340931
4919.3			0.721831727483729
4920.2			0.6956264838196311
4921.1			0.768504364187433
4922.0			0.8990615290634842
4922.9			0.9843327458131741
4923.8			0.9911634495599662
4924.7			1.0
4925.6			1.0
4926.5			1.0
4927.4			1.0
4928.3			1.0
4929.2			1.0
4930.1			1.0
4931.0			1.0
4931.9			1.0
4932.8			1.0
4933.7			1.0
4934.6			1.0
4935.5			1.0416839535673732
4936.4			1.0053439007496525
4937.3			0.9101126549399503
4938.2			0.8255494504195982
4939.1			0.8063118353693154
4940.0			0.870994743133849
4940.9			0.9554691205519021
4941.8			0.9855513283107763
4942.7			0.9919157149408983
4943.6			1.0
4944.5			1.0
4945.4			1.0
4946.3			1.0
4947.2			1.0
4948.1			1.0
4949.0			1.0
4949.9			1.0
4950.8			1.0
4951.7			1.0
4952.6			1.0
4953.5			1.0
4954.4			1.0
4955.3			1.0
4956.2			0.9163563329303018
4957.1			0.7631625280067603
4958.0			0.7287608928996285
4958.9			0.8683794937814853
4959.8			1.0025567603510745
4960.7			1.0
4961.6			1.0
4962.5			1.0
4963.4			1.0
4964.3			1.0
4965.2			1.0
4966.1			1.0
4967.0			1.0
4967.9			1.0
4968.8			1.0
4969.7			1.0
4970.6			1.0
4971.5			1.0
4972.4			1.0
4973.3			1.0
4974.2			1.0
4975.1			1.0
4976.0			1.0
4976.9			1.0
4977.8			1.0
4978.7			0.9501102763048445
4979.6			0.9474101740152647
4980.5			0.9565434272551657
4981.4			0.9157480328415217
4982.3			0.8329528377674477
4983.2			0.7890071022562125
4984.1			0.8121110499204365
4985.0			0.8489198506758744
4985.9			0.8887397996234648
4986.8			0.9561910861332515
4987.7			0.9950839767243009
4988.6			1.0
4989.5			1.0
4990.4			1.0
4991.3			1.0
4992.2			1.0
4993.1			1.0
4994.0			1.0
4994.9			1.0
4995.8			1.0
4996.7			1.0
4997.6			1.0
4998.5			1.0
4999.4			1.0
5000.3			1.0
5001.2			0.9943340201123065
5002.1			0.9968800725007775
5003.0			1.0052082624150018
5003.9			0.9986077521132724
5004.8			0.951825984170264
5005.7			0.8825983432879376
5006.6			0.8743431603644727
5007.5			0.958694091595972
5008.4			1.0514053508855203
5009.3			1.0691613964362665
5010.2			1.0478429213117366
5011.1			1.0163622790874556
5012.0			0.9501691861313607
5012.9			0.8907060151402622
5013.8			0.8614137638176099
5014.7			0.8810586656776498
5015.6			0.9422060292904963
5016.5			0.9725805158386818
5017.4			0.9477793560802551
5018.3			0.9340966647000012
5019.2			0.9644634968334104
5020.1			0.9834902713387407
5021.0			0.966974434039575
5021.9			0.9325974008428032
5022.8			0.934386879638725
5023.7			0.9843895548976058
5024.6			1.0163795863854868
5025.5			1.0216888953215402
5026.4			1.0000839962657069
5027.3			1.0
5028.2			1.0
5029.1			1.0
5030.0			1.0
5030.9			1.0
5031.8			1.0
5032.7			1.0
5033.6			1.0
5034.5			1.0
5035.4			1.0
5036.3			1.0
5037.2			1.0259660685064298
5038.1			1.025245019999008
5039.0			0.9535299927569878
5039.9			0.8531544428524125
5040.8			0.7542084329201878
5041.7			0.757560990191255
5042.6			0.8758547062160682
5043.5			1.0
5044.4			1.0448777425327016
5045.3			1.0836738901794523
5046.2			1.1043399712467632
5047.1			1.058362719194676
5048.0			0.9602673503612086
5048.9			0.8867410886886116
5049.8			0.874780595812713
5050.7			0.8946955854862686
5051.6			0.8967091572088808
5052.5			0.907682032600812
5053.4			0.9431900845924995
5054.3			0.9853567058454786
5055.2			1.0003482791400995
5056.1			1.0
5057.0			1.0
5057.9			1.0
5058.8			1.0
5059.7			1.0
5060.6			1.0
5061.5			1.0
5062.4			1.0
5063.3			0.9819891808566765
5064.2			0.9188417239975061
5065.1			0.8855732907698312
5066.0			0.9391108049522111
5066.9			0.9889488129868187
5067.8			1.0
5068.7			1.0
5069.6			1.0
5070.5			1.0
5071.4			1.0
5072.3			1.0
5073.2			1.0
5074.1			1.0
5075.0			0.9962639216779552
5075.9			0.9833770081939028
5076.8			1.0003864762601884
5077.7			1.0140074917949822
5078.6			0.9380648190557296
5079.5			0.8289124356481815
5080.4			0.8117048678785354
5081.3			0.8726232795028105
5082.2			0.918639733437334
5083.1			0.9212524293675556
5084.0			0.9357408590116193
5084.9			0.9727997475002862
5085.8			1.0001835437903315
5086.7			1.0
5087.6			1.0
5088.5			1.0
5089.4			1.0
5090.3			1.0
5091.2			1.0
5092.1			1.0
5093.0			1.0
5093.9			1.0
5094.8			1.0
5095.7			0.9666004166017779
5096.6			0.9346298660952687
5097.5			0.8946357988163475
5098.4			0.8397080370015076
5099.3			0.8239874855713548
5100.2			0.8921582401642574
5101.1			0.9748469487239801
5102.0			1.010689543441032
5102.9			1.0009257544367798
5103.8			1.0
5104.7			0.9792628092319602
5105.6			0.9774709988723999
5106.5			0.958404897232969
5107.4			0.9167743199003769
5108.3			0.9100041526703493
5109.2			0.9117508688517669
5110.1			0.9003837207468907
5111.0			0.9252165581645262
5111.9			0.9716443935757498
5112.8			0.9831581817470684
5113.7			0.9898814664759711
5114.6			1.0050592384286012
5115.5			1.0
5116.4			1.0105197573730371
5117.3			1.042274464353241
5118.2			1.0519082913286852
5119.1			1.0391144478641556
5120.0			1.008322687009123
5120.9			0.9707862651963954
5121.8			0.9453338217019085
5122.7			0.9081830341042277
5123.6			0.856515470773631
5124.5			0.8500448274724117
5125.4			0.8731991876366886
5126.3			0.8971058008371366
5127.2			0.9042033288705467
5128.1			0.8993876439252605
5129.0			0.8923589807763942
5129.9			0.9054382556331703
5130.8			0.9496349419295943
5131.7			0.9868793227564477
5132.6			0.9999770265483209
5133.5			1.0
5134.4			1.0
5135.3			1.0
5136.2			0.9865864872904634
5137.1			0.9442390347047404
5138.0			0.9181694585896961
5138.9			0.8834140105398918
5139.8			0.9118829657774961
5140.7			0.9983158787772082
5141.6			0.9940841214363757
5142.5			1.0
5143.4			1.0
5144.3			1.0
5145.2			1.0
5146.1			1.0
5147.0			1.0
5147.9			1.0
5148.8			1.0
5149.7			1.0
5150.6			1.0
5151.5			1.0
5152.4			1.0
5153.3			1.0
5154.2			1.0
5155.1			1.0
5156.0			1.0
5156.9			1.0
5157.8			1.0
5158.7			1.0
5159.6			1.0
5160.5			1.0
5161.4			1.0
5162.3			1.0
5163.2			1.0
5164.1			1.0
5165.0			1.0
5165.9			1.0
5166.8			1.0
5167.7			1.0
5168.6			1.0
5169.5			1.0
5170.4			1.0325062353622283
5171.3			0.8498962522174073
5172.2			0.6284260983176915
5173.1			0.6021579206973009
5174.0			0.7815739337337363
5174.9			0.9610288756721138
5175.8			1.0139420407726087
5176.7			1.0
5177.6			1.0
5178.5			1.0
5179.4			1.0
5180.3			0.9514355757231046
5181.2			0.8686210066642767
5182.1			0.7220996732671497
5183.0			0.5462491937206814
5183.9			0.4948705557216235
5184.8			0.646925657448567
5185.7			0.8471603232825166
5186.6			0.9707757716273732
5187.5			1.0017659606588891
5188.4			1.0
5189.3			1.0
5190.2			1.0
5191.1			1.0
5192.0			1.0
5192.9			1.0
5193.8			1.0
5194.7			1.0
5195.6			1.0
5196.5			1.0
5197.4			1.0
5198.3			1.0
5199.2			1.0
5200.1			1.0
5201.0			1.0
5201.9			0.9783263346071945
5202.8			0.9693303045698692
5203.7			0.9378930957913428
5204.6			0.8459841175682036
5205.5			0.7861307314331685
5206.4			0.7906038532505716
5207.3			0.7994804061481315
5208.2			0.7514110405073101
5209.1			0.7657893657299683
5210.0			0.845289421450656
5210.9			0.921914438224483
5211.8			0.9985845640075803
5212.7			1.0435188399611988
5213.6			1.049985553970473
5214.5			1.0012786926476431
5215.4			1.0
5216.3			1.0
5217.2			1.0
5218.1			1.0
5219.0			1.0
5219.9			1.0
5220.8			1.0
5221.7			1.0
5222.6			1.0
5223.5			0.9516151763845417
5224.4			0.8914841426613348
5225.3			0.8294909530746194
5226.2			0.7587518901814585
5227.1			0.730962074967003
5228.0			0.8320046988210996
5228.9			0.9531239887179362
5229.8			0.9919601637325093
5230.7			0.9998167149858294
5231.6			1.0
5232.5			1.0
5233.4			1.0
5234.3			1.0
5235.2			1.0
5236.1			1.0
5237.0			1.0
5237.9			1.0
5238.8			1.0
5239.7			1.0
5240.6			1.0082138526031772
5241.5			1.0156881819747363
5242.4			0.9985442991445806
5243.3			0.9958343898657632
5244.2			1.027420965558706
5245.1			1.0407761159535573
5246.0			0.9826600628245246
5246.9			0.9019272064249555
5247.8			0.8903603327575991
5248.7			0.9286144141364513
5249.6			0.9114072239808398
5250.5			0.8764102966204227
5251.4			0.899754428416809
5252.3			0.9394841803971684
5253.2			0.9518040748768448
5254.1			0.9235317685136383
5255.0			0.8789723257940091
5255.9			0.9114382739037569
5256.8			1.000473753634062
5257.7			1.0458431616791817
5258.6			1.0579320876808644
5259.5			1.0
5260.4			0.9602056612627031
5261.3			0.9004635204668975
5262.2			0.8232185434588031
5263.1			0.7618718102336958
5264.0			0.7222169224458851
5264.9			0.6941847198207745
5265.8			0.6659482133128276
5266.7			0.7087140529471045
5267.6			0.7789969389395587
5268.5			0.7175408379726695
5269.4			0.5785349742225921
5270.3			0.5810286772306286
5271.2			0.7350048658537521
5272.1			0.8494098893006279
5273.0			0.8655394082240153
5273.9			0.8599064421911496
5274.8			0.8402494831989735
5275.7			0.8285427810596568
5276.6			0.8984772550668514
5277.5			0.9787623711524629
5278.4			1.0
5279.3			0.9755685710680532
5280.2			0.9229896411996463
5281.1			0.8778552175518283
5282.0			0.8548325976497999
5282.9			0.8388602718053251
5283.8			0.8261046858590341
5284.7			0.8849300851448636
5285.6			0.9800151793921417
5286.5			1.0297653828369937
5287.4			1.022060038761478
5288.3			1.000479180378709
5289.2			1.0
5290.1			1.0
5291.0			1.0
5291.9			1.0
5292.8			1.0
5293.7			1.0
5294.6			1.0071854918519019
5295.5			0.98820816134526
5296.4			0.9252044946927503
5297.3			0.8490534290290235
5298.2			0.8387840918441222
5299.1			0.9247145964283398
5300.0			1.0009642714716027
5300.9			1.0015675984889083
5301.8			1.0020302078779781
5302.7			1.0
5303.6			1.0
5304.5			1.0
5305.4			1.0
5306.3			1.0
5307.2			1.0
5308.1			1.0
5309.0			1.0
5309.9			1.0
5310.8			1.0
5311.7			1.0
5312.6			1.0
5313.5			1.0
5314.4			1.0
5315.3			1.0
5316.2			1.0
5317.1			1.0
5318.0			1.0
5318.9			1.0
5319.8			1.0
5320.7			1.0
5321.6			1.0
5322.5			1.0
5323.4			1.0
5324.3			0.9412474831256842
5325.2			0.9657630171401469
5326.1			0.9681045611666702
5327.0			0.8577159530742932
5327.9			0.702219024438459
5328.8			0.6976520137981548
5329.7			0.8450199563594543
5330.6			0.9664602397002593
5331.5			0.9942651292520445
5332.4			1.0
5333.3			1.0
5334.2			1.0
5335.1			1.0
5336.0			1.0
5336.9			1.0
5337.8			0.999515945681478
5338.7			0.9724890354322435
5339.6			0.893182954814286
5340.5			0.8338225416624668
5341.4			0.875511711180177
5342.3			0.9621935440608905
5343.2			1.0020912395017463
5344.1			1.0
5345.0			1.0
5345.9			1.0
5346.8			1.0
5347.7			1.0
5348.6			1.0
5349.5			1.0
5350.4			1.0
5351.3			1.0
5352.2			1.0
5353.1			1.0
5354.0			1.0
5354.9			1.0
5355.8			1.0
5356.7			1.0
5357.6			1.0
5358.5			1.0
5359.4			1.0
5360.3			1.0
5361.2			1.0
5362.1			1.0
5363.0			1.0
5363.9			1.0
5364.8			1.0
5365.7			1.0
5366.6			1.0
5367.5			1.0
5368.4			0.9810385015561869
5369.3			0.9196990139822787
5370.2			0.827877114285643
5371.1			0.7799973757902157
5372.0			0.8303544790337407
5372.9			0.9411441101588308
5373.8			1.0031611136125276
5374.7			1.0
5375.6			1.0
5376.5			1.0
5377.4			1.0
5378.3			1.0
5379.2			1.0
5380.1			1.0
5381.0			1.0
5381.9			1.0
5382.8			1.0
5383.7			1.0
5384.6			1.0
5385.5			1.0
5386.4			1.0
5387.3			1.0
5388.2			1.0
5389.1			1.0
5390.0			1.0
5390.9			1.0
5391.8			1.0
5392.7			1.0
5393.6			1.0
5394.5			1.0
5395.4			1.0
5396.3			1.0
5397.2			1.0
5398.1			1.0546877310113871
5399.0			1.1251924425548507
5399.9			1.1194561505998561
5400.8			1.101271722166174
5401.7			1.1170453736937556
5402.6			1.109109243985721
5403.5			1.0235380492469612
5404.4			0.9039107482101181
5405.3			0.8318264976356131
5406.2			0.8413335213541497
5407.1			0.9171308142960459
5408.0			0.9690436743857401
5408.9			0.9478335819470891
5409.8			0.8983799294051127
5410.7			0.9122459830748012
5411.6			0.9694547018654762
5412.5			1.0013761835071746
5413.4			1.0
5414.3			1.0
5415.2			1.0
5416.1			1.0
5417.0			1.0
5417.9			1.0
5418.8			1.0
5419.7			1.0
5420.6			1.0
5421.5			1.0
5422.4			1.0
5423.3			1.0
5424.2			1.0
5425.1			1.0
5426.0			1.0
5426.9			1.0431825189684982
5427.8			1.0211618331002432
5428.7			0.9219959613623453
5429.6			0.8539625724611474
5430.5			0.9235614659177842
5431.4			1.017397819329334
5432.3			1.01276183304692
5433.2			1.0
5434.1			1.0
5435.0			1.0
5435.9			1.0
5436.8			1.0
5437.7			1.0
5438.6			1.0
5439.5			1.0
5440.4			1.0
5441.3			1.0
5442.2			1.0
5443.1			1.0
5444.0			0.971894489895177
5444.9			0.9156044759975606
5445.8			0.839964602379933
5446.7			0.791662014413385
5447.6			0.8444362169668332
5448.5			0.9464769013423886
5449.4			0.9999791782194629
5450.3			1.0
5451.2			1.0
5452.1			1.0
5453.0			0.9733689457385609
5453.9			0.9250575356202019
5454.8			0.8518579032622261
5455.7			0.819047938390725
5456.6			0.8800052340048011
5457.5			0.9618945659901686
5458.4			0.9985084901011468
5459.3			1.0
5460.2			1.0
5461.1			1.0
5462.0			1.0
5462.9			1.0
5463.8			1.0
5464.7			1.0
5465.6			1.0
5466.5			1.0
5467.4			1.0
5468.3			1.0
5469.2			1.0
5470.1			1.0
5471.0			1.0
5471.9			1.0224229202722996
5472.8			1.0100635672667135
5473.7			0.9970764921145127
5474.6			1.0079202525424693
5475.5			0.9763501994620649
5476.4			0.9041513777472036
5477.3			0.9140618668149237
5478.2			1.015230640671526
5479.1			1.0852416672720653
5480.0			1.0616122480641144
5480.9			0.9983778032532278
5481.8			1.0
5482.7			1.0
5483.6			1.0
5484.5			1.0489612278789384
5485.4			1.0656710254137012
5486.3			1.0228021303687005
5487.2			0.9559473988193216
5488.1			0.9384684216886986
5489.0			0.963000554582281
5489.9			0.9736709965696048
5490.8			0.9856074675279819
5491.7			0.9986548914515305
5492.6			1.0
5493.5			1.0
5494.4			1.0
5495.3			1.0
5496.2			1.0
5497.1			1.0
5498.0			1.0
5498.9			1.0
5499.8			1.0
5500.7			1.0
5501.6			1.0
5502.5			1.0
5503.4			1.0
5504.3			1.0
5505.2			1.0
5506.1			1.0
5507.0			1.0073496311462309
5507.9			1.052875408681168
5508.8			1.0643595709826537
5509.7			1.0456455447285051
5510.6			1.0181220775279833
5511.5			0.9731179266861032
5512.4			0.9290835860102188
5513.3			0.9250846197943092
5514.2			0.9407285427950481
5515.1			0.9553016717483663
5516.0			0.9619971501997632
5516.9			0.9703679426210635
5517.8			1.00106148463083
5518.7			1.0
5519.6			1.0
5520.5			1.0
5521.4			1.0
5522.3			1.0
5523.2			1.0
5524.1			1.0
5525.0			1.0
5525.9			0.984519788094928
5526.8			0.9506459158966298
5527.7			0.8986364168146439
5528.6			0.8886766967090307
5529.5			0.942757762141475
5530.4			0.9912894043716091
5531.3			0.9998293782795342
5532.2			1.0
5533.1			1.0
5534.0			1.0
5534.9			1.0
5535.8			1.0
5536.7			1.0
5537.6			1.0
5538.5			1.0
5539.4			1.0
5540.3			1.0
5541.2			1.0
5542.1			1.0
5543.0			1.0
5543.9			1.0
5544.8			1.0
5545.7			1.0
5546.6			1.0
5547.5			1.0
5548.4			1.0
5549.3			1.0
5550.200000000001			1.0
5551.1			1.0
5552.0			1.0
5552.9			1.0
5553.8			1.0
5554.700000000001			1.0
5555.6			1.0
5556.5			1.0
5557.4			1.0
5558.3			1.0
5559.200000000001			1.0
5560.1			1.0
5561.0			1.0
5561.9			1.0
5562.8			1.0
5563.700000000001			1.0
5564.6			1.0
5565.5			1.0
5566.4			1.0
5567.3			1.0
5568.200000000001			1.0
5569.1			1.0
5570.0			1.0
5570.9			1.0
5571.8			1.0
5572.700000000001			1.0
5573.6			1.0
5574.5			1.0
5575.4			1.0
5576.3			1.0
5577.200000000001			1.0097285359123038
5578.1			1.011056279705217
5579.0			1.0051338953654352
5579.9			1.0130248951101821
5580.8			1.012267904430786
5581.700000000001			0.9952179431992944
5582.6			0.9916219661791758
5583.5			0.9917568181014627
5584.4			0.9706459117310703
5585.3			0.9281247294063243
5586.200000000001			0.8750415262135767
5587.1			0.8388273955857959
5588.0			0.8390228817333881
5588.9			0.8609595257869939
5589.8			0.8906765257853656
5590.700000000001			0.9171751771014911
5591.6			0.9290125442950368
5592.5			0.9271243464130428
5593.4			0.9196843354196569
5594.3			0.9236341315013652
5595.200000000001			0.9604052029448744
5596.1			1.0
5597.0			0.9927547942598953
5597.9			0.9487960992451706
5598.8			0.921292169240855
5599.700000000001			0.9124690271094162
5600.6			0.892302128100582
5601.5			0.8663035929896217
5602.4			0.8637965665643549
5603.3			0.8951191331062557
5604.200000000001			0.9505291531794204
5605.1			0.9917618329225949
5606.0			1.0021886942153937
5606.9			1.0
5607.8			1.0
5608.700000000001			1.0
5609.6			1.0
5610.5			1.0
5611.4			1.0
5612.3			1.0
5613.200000000001			0.9812654488923224
5614.1			0.9128760138475567
5615.0			0.8395438345924042
5615.9			0.8417068367237485
5616.8			0.9210110343928286
5617.700000000001			0.9846450750380373
5618.6			0.993805066455651
5619.5			1.0
5620.4			1.0
5621.3			1.0
5622.200000000001			1.0157740510209672
5623.1			0.9848548725295249
5624.0			0.9258702639178462
5624.9			0.902681130221325
5625.8			0.936042290640483
5626.700000000001			0.97843280014335
5627.6			1.000265682831191
5628.5			1.0
5629.4			1.0
5630.3			1.0
5631.200000000001			1.0
5632.1			1.0
5633.0			1.0
5633.9			1.0
5634.8			1.0
5635.700000000001			1.0
5636.6			1.0
5637.5			1.0
5638.4			1.0
5639.3			1.0
5640.200000000001			1.0
5641.1			1.0
5642.0			1.0
5642.9			1.0
5643.8			1.0
5644.700000000001			1.0
5645.6			1.0
5646.5			1.0
5647.4			1.0
5648.3			1.0
5649.200000000001			1.0
5650.1			1.0
5651.0			1.0
5651.9			1.0234735646872557
5652.8			1.0187674281103176
5653.700000000001			0.9848291270094544
5654.6			0.9551694374659088
5655.5			0.9629470903093716
5656.4			0.9737775306444713
5657.3			0.9330721673271302
5658.200000000001			0.877517709890535
5659.1			0.8829381841061007
5660.0			0.9355102990906459
5660.9			0.9570837914077754
5661.8			0.9371956417842451
5662.700000000001			0.9306867409891216
5663.6			0.9609673293094187
5664.5			0.9998997465896654
5665.4			1.0
5666.3			1.0
5667.200000000001			1.0
5668.1			1.0
5669.0			1.0
5669.9			1.0
5670.8			1.0
5671.700000000001			1.0
5672.6			1.0
5673.5			1.0
5674.4			1.0
5675.3			1.0
5676.200000000001			1.0
5677.1			1.0
5678.0			1.0
5678.9			1.0
5679.8			1.0
5680.700000000001			1.0
5681.6			1.0
5682.5			1.0
5683.4			1.0
5684.3			1.0
5685.200000000001			1.0
5686.1			1.0
5687.0			1.0
5687.9			1.0
5688.8			1.0
5689.700000000001			1.0
5690.6			1.0
5691.5			1.0
5692.4			1.0
5693.3			1.0
5694.200000000001			1.0
5695.1			1.0
5696.0			1.0
5696.9			1.0
5697.8			1.0
5698.700000000001			1.0
5699.6			1.0
5700.5			1.0
5701.4			0.9836550932985598
5702.3			0.9864712465023368
5703.200000000001			1.0099616514421976
5704.1			1.0255021323053128
5705.0			1.0103121169124591
5705.9			0.9736717315644262
5706.8			0.9421758249915555
5707.700000000001			0.9206696718414701
5708.6			0.9046665692465873
5709.5			0.9044922898110596
5710.4			0.9122653805866345
5711.3			0.9119121125791432
5712.200000000001			0.9295010049087188
5713.1			0.9702104662584401
5714.0			0.9964886248030117
5714.9			1.0001951393535646
5715.8			1.0025685998968852
5716.700000000001			1.0
5717.6			1.0
5718.5			1.0
5719.4			1.0
5720.3			1.0
5721.200000000001			1.0
5722.1			1.0
5723.0			1.0
5723.9			1.0
5724.8			1.0
5725.700000000001			1.0
5726.6			1.0
5727.5			1.0
5728.4			1.0
5729.3			1.0
5730.200000000001			1.0
5731.1			1.0
5732.0			1.0
5732.9			1.0
5733.8			1.0
5734.700000000001			1.0
5735.6			1.0
5736.5			1.0
5737.4			1.0
5738.3			1.0
5739.200000000001			1.0
5740.1			1.0
5741.0			1.0
5741.9			1.0
5742.8			1.0
5743.700000000001			1.0
5744.6			1.0
5745.5			1.0
5746.4			1.0
5747.3			1.0
5748.200000000001			1.0
5749.1			1.0
5750.0			1.0241499136877
5750.9			1.0186358073546062
5751.8			0.979310570987536
5752.700000000001			0.9305636850707696
5753.6			0.9017130745152581
5754.5			0.9113524340134336
5755.4			0.9500885842497607
5756.3			0.9846700690380736
5757.200000000001			0.9967549341964516
5758.1			1.0
5759.0			1.0
5759.9			1.0
5760.8			1.0
5761.700000000001			1.0
5762.6			1.0
5763.5			1.0
5764.4			1.0
5765.3			1.0
5766.200000000001			1.0
5767.1			1.0
5768.0			1.0
5768.9			1.0
5769.8			1.0
5770.700000000001			1.0
5771.6			1.0
5772.5			1.0
5773.4			1.0
5774.3			0.9968451737366942
5775.200000000001			1.0036510823232567
5776.1			1.0210234485825884
5777.0			1.0322605720874534
5777.9			1.0279060518987662
5778.8			1.007442090010884
5779.700000000001			0.9593716048300207
5780.6			0.899974404748924
5781.5			0.8767068148408669
5782.4			0.8956519819521105
5783.3			0.9140223465363858
5784.200000000001			0.9031971675956005
5785.1			0.8860279827922265
5786.0			0.9100907090160393
5786.9			0.9586713050985133
5787.8			0.989280447687125
5788.700000000001			0.9998418285596509
5789.6			1.0
5790.5			1.0
5791.4			1.0
5792.3			1.0
5793.200000000001			1.0
5794.1			1.0
5795.0			1.0
5795.9			1.0
5796.8			1.0
5797.700000000001			1.0
5798.6			1.0
5799.5			1.0
5800.4			1.0
5801.3			1.0
5802.200000000001			1.0
5803.1			1.0
5804.0			1.0
5804.9			1.0
5805.8			1.0
5806.700000000001			1.0
5807.6			1.0
5808.5			1.0
5809.4			1.0
5810.3			1.0
5811.200000000001			1.0
5812.1			1.0
5813.0			1.0
5813.9			1.0
5814.8			1.0
5815.700000000001			1.0
5816.6			1.0
5817.5			1.0
5818.4			1.0
5819.3			1.0
5820.200000000001			1.0
5821.1			1.0
5822.0			1.0
5822.9			1.0
5823.8			1.0
5824.700000000001			1.0
5825.6			1.0
5826.5			1.0
5827.4			1.0
5828.3			1.0
5829.200000000001			1.0
5830.1			1.0
5831.0			1.0
5831.9			1.0
5832.8			1.0
5833.700000000001			1.0
5834.6			1.0
5835.5			1.0
5836.4			1.0
5837.3			1.0
5838.200000000001			1.0
5839.1			1.0
5840.0			1.0
5840.9			1.0
5841.8			1.0
5842.700000000001			1.0
5843.6			1.0
5844.5			1.0
5845.4			1.0
5846.3			1.0
5847.200000000001			1.0
5848.1			1.0
5849.0			1.0
5849.9			1.0
5850.8			1.0
5851.700000000001			1.0
5852.6			1.0
5853.5			1.0
5854.4			1.0157066168977824
5855.3			1.0187684542245574
5856.200000000001			0.9873373337203475
5857.1			0.9455736358954503
5858.0			0.9364709380686894
5858.9			0.9574557369052216
5859.8			0.983445209533926
5860.700000000001			1.000456074796931
5861.6			1.0007608875222778
5862.5			1.0
5863.4			1.0
5864.3			1.0
5865.200000000001			1.0
5866.1			1.0
5867.0			1.0
5867.9			1.0
5868.8			1.0
5869.700000000001			1.0
5870.6			1.0
5871.5			1.0
5872.4			1.0
5873.3			1.0
5874.200000000001			1.0
5875.1			1.0
5876.0			1.0
5876.9			1.0
5877.8			1.0
5878.700000000001			1.0
5879.6			1.0
5880.5			1.0
5881.4			1.0
5882.3			1.0
5883.200000000001			1.0
5884.1			1.0
5885.0			1.0
5885.9			1.0
5886.8			0.9944663766865065
5887.700000000001			0.9282664212609062
5888.6			0.7916443962869318
5889.5			0.6636312006929518
5890.4			0.6724544092764381
5891.3			0.8137104502244071
5892.200000000001			0.9510203519623424
5893.1			1.0124188145865283
5894.0			1.002634047631587
5894.9			1.0
5895.8			1.0
5896.700000000001			1.0
5897.6			1.0
5898.5			1.0
5899.4			1.0
5900.3			1.0
5901.200000000001			1.0
5902.1			1.0
5903.0			1.0
5903.9			1.0
5904.8			1.0
5905.700000000001			1.0
5906.6			1.0
5907.5			1.0
5908.4			1.0
5909.3			1.0
5910.200000000001			1.0
5911.1			1.0
5912.0			1.0
5912.9			1.0
5913.8			1.0
5914.700000000001			1.0
5915.6			1.0
5916.5			1.0
5917.4			1.0
5918.3			1.0
5919.200000000001			1.0
5920.1			1.0
5921.0			1.0
5921.9			1.0
5922.8			1.0
5923.700000000001			1.0
5924.6			1.0
5925.5			1.0
5926.4			1.0
5927.3			1.0
5928.200000000001			1.0
5929.1			1.0
5930.0			1.0
5930.9			1.0
5931.8			1.0
5932.700000000001			1.0
5933.6			1.0
5934.5			1.0
5935.4			1.0
5936.3			1.0
5937.200000000001			1.0
5938.1			1.0
5939.0			1.0
5939.9			1.0
5940.8			1.0
5941.700000000001			1.0
5942.6			1.0
5943.5			1.0
5944.4			1.0
5945.3			1.0
5946.200000000001			1.0
5947.1			1.0
5948.0			1.0
5948.9			1.0
5949.8			1.0
5950.700000000001			1.0
5951.6			1.0
5952.5			1.0
5953.4			1.0
5954.3			1.0
5955.200000000001			1.0
5956.1			1.0
5957.0			1.0
5957.9			1.0
5958.8			1.0
5959.700000000001			1.0
5960.6			1.0
5961.5			1.0
5962.4			1.0
5963.3			1.0
5964.200000000001			1.0
5965.1			1.0
5966.0			1.0
5966.9			1.0
5967.8			1.0
5968.700000000001			1.0
5969.6			1.0
5970.5			1.0
5971.4			1.0
5972.3			1.0
5973.200000000001			1.0
5974.1			1.0
5975.0			1.0
5975.9			1.0
5976.8			1.0
5977.700000000001			1.0
5978.6			1.0
5979.5			1.0
5980.4			1.0196047965815973
5981.3			1.0196554300981022
5982.200000000001			1.000313415404591
5983.1			0.9668414919705084
5984.0			0.9419135376135084
5984.9			0.9496767536391431
5985.8			0.9768888720642009
5986.700000000001			0.9928113584182414
5987.6			0.9996616276970062
5988.5			1.0
5989.4			1.0
5990.3			1.0
5991.200000000001			1.0
5992.1			1.0
5993.0			1.0
5993.9			1.0
5994.8			1.0
5995.700000000001			1.0
5996.6			1.0
5997.5			1.0
5998.4			1.0
5999.3			1.0
6000.200000000001			1.0
6001.1			1.0
6002.0			1.0
6002.9			1.0
6003.8			1.0
6004.700000000001			1.0093849797676921
6005.6			0.9973919280724927
6006.5			0.9729243482093513
6007.4			0.9467281295768136
6008.3			0.9438074599607391
6009.200000000001			0.9813642146239973
6010.1			1.0237028930910959
6011.0			1.0290214460493676
6011.9			1.000011064371782
6012.8			1.0
6013.700000000001			1.0
6014.6			1.0
6015.5			1.0
6016.4			1.0
6017.3			1.0
6018.200000000001			1.0
6019.1			1.0
6020.0			1.0
6020.9			1.0
6021.8			1.0
6022.700000000001			1.0
6023.6			1.0
6024.5			1.0
6025.4			1.0
6026.3			1.0
6027.200000000001			1.0
6028.1			1.0
6029.0			1.0
6029.9			1.0
6030.8			1.0
6031.700000000001			1.0
6032.6			1.0
6033.5			1.0
6034.4			1.0
6035.3			1.0
6036.200000000001			1.0
6037.1			1.0
6038.0			1.0
6038.9			1.0
6039.8			1.0
6040.700000000001			1.0
6041.6			1.0
6042.5			1.0
6043.4			1.0
6044.3			1.0
6045.200000000001			1.0
6046.1			1.0
6047.0			1.0
6047.9			1.0
6048.8			1.0
6049.700000000001			1.0
6050.6			1.0
6051.5			1.0
6052.4			1.0
6053.3			1.0
6054.200000000001			1.0
6055.1			1.0
6056.0			1.0
6056.9			1.0
6057.8			1.0
6058.700000000001			1.0
6059.6			1.0
6060.5			1.0
6061.4			0.9931591387159635
6062.3			0.9786818606229204
6063.200000000001			0.958719892571408
6064.1			0.9347872832105276
6065.0			0.9143633096306987
6065.9			0.9247679508968095
6066.8			0.9657636522405348
6067.700000000001			0.9955604543340164
6068.6			0.9986422211774459
6069.5			1.0
6070.4			1.0
6071.3			1.0
6072.200000000001			1.0
6073.1			1.0
6074.0			1.0
6074.9			1.0
6075.8			1.0
6076.700000000001			1.0
6077.6			1.0
6078.5			1.0
6079.4			1.0
6080.3			1.0
6081.200000000001			1.0
6082.1			1.0
6083.0			1.0
6083.9			1.0
6084.8			1.0
6085.700000000001			1.0
6086.6			1.0
6087.5			1.0
6088.4			1.0
6089.3			1.0
6090.200000000001			1.0
6091.1			1.0
6092.0			1.0
6092.9			1.0
6093.8			1.0
6094.700000000001			1.0
6095.6			1.0
6096.5			1.0
6097.4			1.0
6098.3			1.0
6099.200000000001			1.0
6100.1			1.0042542411938122
6101.0			0.9700516597407376
6101.9			0.9049166357071854
6102.8			0.8737085757079148
6103.700000000001			0.9164046169512822
6104.6			0.9774436256416668
6105.5			0.9996852477123983
6106.4			1.0
6107.3			1.0
6108.200000000001			1.0
6109.1			1.0
6110.0			1.0
6110.9			1.0
6111.8			1.0
6112.700000000001			1.0
6113.6			1.0
6114.5			1.0
6115.4			1.0
6116.3			1.0
6117.200000000001			1.0
6118.1			1.0
6119.0			0.9885249116548657
6119.9			0.9590606982489638
6120.8			0.9277776624167894
6121.700000000001			0.9008068856063794
6122.6			0.9095750791107259
6123.5			0.9626975798372936
6124.4			1.0000029261231769
6125.3			1.0
6126.200000000001			1.0
6127.1			1.0
6128.0			1.0
6128.9			1.0
6129.8			1.0
6130.700000000001			1.0
6131.6			1.0
6132.5			1.0
6133.4			1.0
6134.3			0.971175705528688
6135.200000000001			0.9126781488392076
6136.1			0.8399263060185915
6137.0			0.8039040300791632
6137.9			0.8533795707634677
6138.8			0.9477887226924055
6139.700000000001			1.0002934385918603
6140.6			1.0
6141.5			1.0
6142.4			1.0
6143.3			1.0
6144.200000000001			1.0
6145.1			1.0
6146.0			1.0
6146.9			1.0
6147.8			1.0
6148.700000000001			1.0
6149.6			1.0
6150.5			1.0
6151.4			1.0
6152.3			1.0
6153.200000000001			1.0
6154.1			1.0
6155.0			1.0
6155.9			1.0
6156.8			1.0
6157.700000000001			1.0
6158.6			1.0148690223449148
6159.5			1.0014180673544502
6160.4			0.9358412519453674
6161.3			0.8545456729543099
6162.200000000001			0.8250939132540294
6163.1			0.8662036116700426
6164.0			0.9308075217874848
6164.9			0.979115392321749
6165.8			1.0013324291401644
6166.700000000001			1.0
6167.6			1.0
6168.5			1.0
6169.4			1.0
6170.3			1.0
6171.200000000001			1.0
6172.1			1.0
6173.0			1.0
6173.9			1.0
6174.8			1.0
6175.700000000001			1.0
6176.6			1.0
6177.5			1.0
6178.4			1.0
6179.3			1.0
6180.200000000001			1.0
6181.1			1.0
6182.0			1.0
6182.9			1.0
6183.8			1.0
6184.700000000001			1.0
6185.6			1.0
6186.5			1.0
6187.4			1.0
6188.3			0.9965535095537753
6189.200000000001			0.9901514624369747
6190.1			0.9568748926864358
6191.0			0.9124808146968093
6191.9			0.9175784026750068
6192.8			0.9694638803255251
6193.700000000001			1.0011402944050534
6194.6			1.0
6195.5			1.0
6196.4			1.0
6197.3			1.0
6198.200000000001			1.0
6199.1			1.0
6200.0			1.0
6200.9			1.0
6201.8			1.0
6202.700000000001			1.0
6203.6			1.0
6204.5			1.0
6205.4			1.0
6206.3			1.0
6207.200000000001			1.0
6208.1			1.0
6209.0			1.0
6209.9			1.0
6210.8			1.0
6211.700000000001			1.0
6212.6			1.0
6213.5			1.0
6214.4			1.0
6215.3			1.0
6216.200000000001			1.0
6217.1			1.0
6218.0			1.0
6218.9			1.0
6219.8			1.0
6220.700000000001			1.0
6221.6			1.0
6222.5			1.0
6223.4			1.0
6224.3			1.0
6225.200000000001			1.0
6226.1			1.0
6227.0			0.999999509509554
6227.9			0.990649611313119
6228.8			0.9581563349908544
6229.700000000001			0.9047394912192829
6230.6			0.8741896884038775
6231.5			0.8913189537095086
6232.4			0.9232462581973911
6233.3			0.9581029684588808
6234.200000000001			1.0003536691434096
6235.1			1.0
6236.0			0.9924043602587084
6236.9			0.9726691569868358
6237.8			0.9614729334598037
6238.700000000001			0.9525839109785601
6239.6			0.9386375873626066
6240.5			0.9378099925946956
6241.4			0.942439515830327
6242.3			0.9215699725599119
6243.200000000001			0.9012612963740353
6244.1			0.9133112427952037
6245.0			0.929200053576039
6245.9			0.9350220447193943
6246.8			0.9621291323157823
6247.700000000001			1.002801862851213
6248.6			1.0227255663914738
6249.5			1.0
6250.4			0.9810218515694064
6251.3			0.943732840346609
6252.200000000001			0.9095243854243639
6253.1			0.9035569738039346
6254.0			0.9135064336186648
6254.9			0.92158277055014
6255.8			0.9164736189879231
6256.700000000001			0.9014305271671702
6257.6			0.8838349789792791
6258.5			0.8849756157008629
6259.4			0.9248106394786989
6260.3			0.9664680593423994
6261.200000000001			0.9866578339523147
6262.1			1.0106297515669525
6263.0			1.0275859227123625
6263.9			1.011997732166652
6264.8			0.9805772800614821
6265.700000000001			0.9758891892461491
6266.6			0.9985387545814256
6267.5			1.0
6268.4			1.0
6269.3			1.0
6270.200000000001			1.0
6271.1			1.0
6272.0			1.0
6272.9			1.0
6273.8			1.0
6274.700000000001			1.0
6275.6			1.0
6276.5			1.0
6277.4			1.0
6278.3			1.0
6279.200000000001			1.0
6280.1			1.0
6281.0			1.0
6281.9			1.0
6282.8			1.0
6283.700000000001			1.0
6284.6			1.0
6285.5			1.0
6286.4			1.0
6287.3			1.0
6288.200000000001			1.0
6289.1			1.0
6290.0			1.0
6290.9			1.0
6291.8			1.0
6292.700000000001			1.0
6293.6			1.0109442372282833
6294.5			1.0217829465732935
6295.4			1.0046353913879353
6296.3			0.9720766554353345
6297.200000000001			0.96166752291426
6298.1			0.974735017892051
6299.0			0.986210127314118
6299.9			0.9797884024299021
6300.8			0.9562710365053972
6301.700000000001			0.9366052329580904
6302.6			0.9434562525097944
6303.5			0.969356126397571
6304.4			0.9850010270890115
6305.3			0.9886305576439585
6306.200000000001			1.0029700468196896
6307.1			1.0233071079243796
6308.0			1.0299296249474321
6308.9			1.0202145948903396
6309.8			1.0000231173787208
6310.700000000001			1.0
6311.6			1.0
6312.5			1.0087543445859861
6313.4			1.0022243285137813
6314.3			0.9683084897691031
6315.200000000001			0.9472904827333981
6316.1			0.9528126480003148
6317.0			0.9429500299532267
6317.9			0.9173028161082885
6318.8			0.9239222486456088
6319.700000000001			0.9627248185423537
6320.6			0.9894182225388821
6321.5			0.9875783094347086
6322.4			0.9852600004789009
6323.3			1.0002230201129299
6324.200000000001			1.0
6325.1			1.0
6326.0			1.0
6326.9			1.0
6327.8			1.0
6328.700000000001			1.0
6329.6			1.0
6330.5			1.0
6331.4			1.0
6332.3			1.0
6333.200000000001			1.0
6334.1			1.0
6335.0			1.0
6335.9			1.0
6336.8			1.0
6337.700000000001			1.0
6338.6			1.0
6339.5			1.0
6340.4			1.0
6341.3			1.0
6342.200000000001			1.0
6343.1			1.0
6344.0			1.0
6344.9			1.0
6345.8			1.0
6346.700000000001			1.0
6347.6			1.0
6348.5			1.0
6349.4			1.0
6350.3			1.0
6351.200000000001			1.0
6352.1			1.0
6353.0			1.0
6353.9			0.9713110906516527
6354.8			0.953700958435886
6355.700000000001			0.967918797143667
6356.6			0.983054679503041
6357.5			0.9643457391125626
6358.4			0.9326903404680509
6359.3			0.9242940140872878
6360.200000000001			0.9224857539068325
6361.1			0.9076289857721558
6362.0			0.8970991776307796
6362.9			0.907004915583668
6363.8			0.9314627437263268
6364.700000000001			0.9525680216359507
6365.6			0.9638325794753075
6366.5			0.9774699767696792
6367.4			1.0026153018315929
6368.3			1.0187168127097805
6369.200000000001			1.0111056825469635
6370.1			0.9998866264755999
6371.0			1.0
6371.9			1.0
6372.8			1.0
6373.700000000001			1.0
6374.6			1.0
6375.5			1.0
6376.4			1.0
6377.3			1.0
6378.200000000001			1.0
6379.1			1.0
6380.0			1.0
6380.9			1.0
6381.8			1.0
6382.700000000001			1.0
6383.6			1.0
6384.5			1.0
6385.4			1.0
6386.3			1.0
6387.200000000001			1.0
6388.1			1.0
6389.0			1.0
6389.9			1.0
6390.8			1.0
6391.700000000001			1.0
6392.6			1.0
6393.5			1.0
6394.4			1.0
6395.3			1.0
6396.200000000001			1.0
6397.1			1.0034554855393942
6398.0			0.9853347541699448
6398.9			0.9333927463477589
6399.8			0.8826203427601894
6400.700000000001			0.9024204735120579
6401.6			0.9654602955627323
6402.5			1.0001045871531737
6403.4			1.0
6404.3			1.0
6405.200000000001			1.0
6406.1			1.0
6407.0			1.0
6407.9			1.0
6408.8			1.0
6409.700000000001			1.0
6410.6			1.0
6411.5			1.0
6412.4			1.0
6413.3			1.0
6414.200000000001			1.0
6415.1			1.0
6416.0			1.0
6416.9			1.0
6417.8			1.0
6418.700000000001			1.0
6419.6			1.0
6420.5			1.0
6421.4			1.0
6422.3			1.0
6423.200000000001			1.0
6424.1			1.0
6425.0			1.0
6425.9			1.0
6426.8			1.0
6427.700000000001			1.0
6428.6			1.0
6429.5			1.0
6430.4			1.0
6431.3			1.0
6432.200000000001			1.0
6433.1			1.0
6434.0			1.0
6434.9			1.0
6435.8			0.9970768122880779
6436.700000000001			0.9833240341790209
6437.6			0.9480377177117467
6438.5			0.9082114793676823
6439.4			0.9161965891262618
6440.3			0.965421402809068
6441.200000000001			0.9998475029502033
6442.1			1.0
6443.0			1.0
6443.9			1.0
6444.8			1.0
6445.700000000001			1.0
6446.6			1.0
6447.5			0.9840964484892495
6448.4			0.9273977469933465
6449.3			0.8575795042700645
6450.200000000001			0.8453324927355241
6451.1			0.9054620031747694
6452.0			0.969224838349574
6452.9			1.0001609260909845
6453.8			1.0
6454.700000000001			1.0
6455.6			1.0
6456.5			1.0
6457.4			1.0
6458.3			1.0
6459.200000000001			1.0
6460.1			1.0
6461.0			0.9722630570086102
6461.9			0.9201042513322095
6462.8			0.9045825073207281
6463.700000000001			0.9473782697772423
6464.6			0.9932716051276862
6465.5			1.0
6466.4			1.0
6467.3			1.0
6468.200000000001			1.0
6469.1			1.0
6470.0			1.0
6470.9			1.0
6471.8			1.0
6472.700000000001			1.0
6473.6			1.0
6474.5			1.0
6475.4			1.0
6476.3			1.0
6477.200000000001			1.0
6478.1			1.0
6479.0			1.0
6479.9			1.0
6480.8			1.0
6481.700000000001			1.0
6482.6			1.0
6483.5			1.0
6484.4			1.0
6485.3			1.0
6486.200000000001			1.0
6487.1			1.0
6488.0			1.0
6488.9			1.0
6489.8			1.0
6490.700000000001			0.991304930474738
6491.6			0.9887192013281603
6492.5			0.9685773111743231
6493.4			0.905690191677339
6494.3			0.8443944203104254
6495.200000000001			0.8490728582013578
6496.1			0.9001580502531219
6497.0			0.9462468776404067
6497.9			0.9786141827059015
6498.8			0.9880327175732045
6499.700000000001			1.004701519482221
6500.6			1.0
6501.5			1.0
6502.4			1.0
6503.3			1.0
6504.200000000001			1.0
6505.1			1.0
6506.0			1.0
6506.9			1.0
6507.8			1.0
6508.700000000001			1.0
6509.6			1.0
6510.5			1.0
6511.4			1.0
6512.3			1.0
6513.200000000001			1.0
6514.1			1.0
6515.0			1.0
6515.9			1.0
6516.8			1.0
6517.700000000001			1.0
6518.6			1.0
6519.5			1.0
6520.4			1.0
6521.3			1.0
6522.200000000001			1.0
6523.1			1.0
6524.0			1.0
6524.9			1.0
6525.8			1.0
6526.700000000001			1.0
6527.6			1.0
6528.5			1.0
6529.4			1.0
6530.3			1.0
6531.200000000001			1.0
6532.1			1.0
6533.0			1.0
6533.9			1.0
6534.8			1.0
6535.700000000001			1.0
6536.6			1.0
6537.5			1.0
6538.4			1.0
6539.3			1.0
6540.200000000001			1.0
6541.1			1.0
6542.0			1.0
6542.9			1.0
6543.8			1.0
6544.700000000001			1.0
6545.6			1.0
6546.5			1.0
6547.4			1.0
6548.3			1.0
6549.200000000001			1.0
6550.1			1.0
6551.0			1.0
6551.9			1.0
6552.8			1.0
6553.700000000001			1.0
6554.6			1.0
6555.5			1.0
6556.4			1.0
6557.3			1.0
6558.200000000001			1.0
6559.1			1.0
6560.0			0.974650431092988
6560.9			0.8947505628347461
6561.8			0.745180029973674
6562.700000000001			0.6488900379725849
6563.6			0.7522586367563375
6564.5			0.9167882172842761
6565.4			1.000017574028331
6566.3			1.0
6567.200000000001			1.0
6568.1			1.0
6569.0			1.0
6569.9			1.0
6570.8			1.0
6571.700000000001			1.0
6572.6			1.0
6573.5			1.0
6574.4			1.0
6575.3			1.0
6576.200000000001			1.0
6577.1			1.0
6578.0			1.0
6578.9			1.0
6579.8			1.0
6580.700000000001			1.0
6581.6			1.0
6582.5			1.0
6583.4			1.0
6584.3			1.0
6585.200000000001			1.0
6586.1			1.0
6587.0			1.0
6587.9			1.0
6588.8			1.0
6589.700000000001			1.0
6590.6			0.9914368165565192
6591.5			0.9543944299014931
6592.4			0.9037329259629554
6593.3			0.8931295084870643
6594.200000000001			0.9359209152407809
6595.1			0.9839842015480383
6596.0			0.999801283300376
6596.9			1.0
6597.8			1.0
6598.700000000001			1.0
6599.6			1.0
6600.5			1.0
6601.4			1.0
6602.3			1.0
6603.200000000001			1.0
6604.1			1.0
6605.0			1.0
6605.9			1.0
6606.8			1.0
6607.700000000001			1.0
6608.6			1.0
6609.5			1.0
6610.4			1.0
6611.3			1.0
6612.200000000001			1.0
6613.1			1.0
6614.0			1.0
6614.9			1.0
6615.8			1.0
6616.700000000001			1.0
6617.6			1.0
6618.5			1.0
6619.4			1.0
6620.3			1.0
6621.200000000001			1.0
6622.1			1.0
6623.0			1.0
6623.9			1.0
6624.8			1.0
6625.700000000001			1.0
6626.6			1.0
6627.5			1.0
6628.4			1.0
6629.3			1.0
6630.200000000001			1.0
6631.1			1.0
6632.0			1.0
6632.9			1.0
6633.8			1.0
6634.700000000001			1.0
6635.6			1.0
6636.5			1.0
6637.4			1.0
6638.3			1.0
6639.200000000001			1.0
6640.1			1.0
6641.0			1.0
6641.9			1.0
6642.8			1.0
6643.700000000001			1.0
6644.6			1.0
6645.5			1.0
6646.4			1.0
6647.3			1.0
6648.200000000001			1.0
6649.1			1.0
6650.0			1.0
6650.9			1.0
6651.8			1.0
6652.700000000001			1.0
6653.6			1.0
6654.5			1.0
6655.4			1.0
6656.3			1.0
6657.200000000001			1.0
6658.1			1.0
6659.0			1.0
6659.9			1.0
6660.8			1.0
6661.700000000001			1.0
6662.6			1.0
6663.5			1.0
6664.4			1.0
6665.3			1.0
6666.200000000001			1.0
6667.1			1.0
6668.0			1.0
6668.9			1.0
6669.8			1.0
6670.700000000001			1.0
6671.6			1.0
6672.5			1.0
6673.4			1.0
6674.3			1.0
6675.200000000001			0.9979877304535765
6676.1			0.9778672105565924
6677.0			0.9354866202460592
6677.9			0.9085424707200912
6678.8			0.9322694091403393
6679.700000000001			0.9757898443369941
6680.6			1.0000627289905926
6681.5			1.0
6682.4			1.0
6683.3			1.0
6684.200000000001			1.0
6685.1			1.0
6686.0			1.0
6686.9			1.0
6687.8			1.0
6688.700000000001			1.0
6689.6			1.0
6690.5			1.0
6691.4			1.0
6692.3			1.0
6693.200000000001			1.0
6694.1			1.0
6695.0			1.0
6695.9			1.0
6696.8			1.0
6697.700000000001			1.0
6698.6			1.0
6699.5			1.0
6700.4			1.0
6701.3			1.0
6702.200000000001			1.0
6703.1			1.0
6704.0			1.0
6704.9			1.0
6705.8			1.0
6706.700000000001			1.0
6707.6			1.0
6708.5			1.0
6709.4			1.0
6710.3			1.0
6711.200000000001			1.0
6712.1			1.0
6713.0			1.0
6713.9			1.0
6714.8			1.0
6715.700000000001			1.0
6716.6			1.0
6717.5			1.0
6718.4			1.0
6719.3			1.0
6720.200000000001			1.0
6721.1			1.0
6722.0			1.0
6722.9			1.0
6723.8			1.0
6724.700000000001			1.0
6725.6			1.0
6726.5			1.0
6727.4			1.0
6728.3			1.0
6729.200000000001			1.0
6730.1			1.0
6731.0			1.0
6731.9			1.0
6732.8			1.0
6733.700000000001			1.0
6734.6			1.0
6735.5			1.0
6736.4			1.0
6737.3			1.0
6738.200000000001			1.0
6739.1			1.0
6740.0			1.0
6740.9			1.0
6741.8			1.0
6742.700000000001			1.0
6743.6			1.0
6744.5			1.0
6745.4			1.0
6746.3			1.0
6747.200000000001			1.0
6748.1			1.0
6749.0			1.0
6749.9			1.0
6750.8			1.0
6751.700000000001			1.0
6752.6			1.0
6753.5			1.0
6754.4			1.0
6755.3			1.0
6756.200000000001			1.0
6757.1			1.0
6758.0			1.0
6758.9			1.0
6759.8			1.0
6760.700000000001			1.0
6761.6			1.0
6762.5			1.0
6763.4			1.0
6764.3			1.0
6765.200000000001			1.0
6766.1			1.0
6767.0			1.0
6767.9			1.0
6768.8			1.0
6769.700000000001			1.0
6770.6			1.0
6771.5			1.0
6772.4			1.0
6773.3			1.0
6774.200000000001			1.0
6775.1			1.0
6776.0			1.0
6776.9			1.0
6777.8			1.0
6778.700000000001			1.0
6779.6			1.0
6780.5			1.0
6781.4			1.0
6782.3			1.0
6783.200000000001			1.0
6784.1			1.0
6785.0			1.0
6785.9			1.0
6786.8			1.0
6787.700000000001			1.0
6788.6			1.0
6789.5			1.0
6790.4			1.0
6791.3			1.0
6792.200000000001			1.0
6793.1			1.0
6794.0			1.0
6794.9			1.0
6795.8			1.0
6796.700000000001			1.0
6797.6			1.0
6798.5			1.0
6799.4			1.0
6800.3			1.0
6801.200000000001			1.0
6802.1			1.0
6803.0			1.0
6803.9			1.0
6804.8			1.0
6805.700000000001			1.0
6806.6			1.0
6807.5			1.0
6808.4			1.0
6809.3			1.0
6810.200000000001			1.0
6811.1			1.0
6812.0			1.0
6812.9			1.0
6813.8			1.0
6814.700000000001			1.0
6815.6			1.0
6816.5			1.0
6817.4			1.0
6818.3			1.0
6819.200000000001			1.0
6820.1			1.0
6821.0			1.0
6821.9			1.0
6822.8			1.0
6823.700000000001			1.0
6824.6			1.0
6825.5			1.0
6826.4			1.0
6827.3			1.0
6828.200000000001			1.0
6829.1			1.0
6830.0			1.0
6830.9			1.0
6831.8			1.0
6832.700000000001			1.0
6833.6			1.0
6834.5			1.0
6835.4			1.0
6836.3			0.9957699593559127
6837.200000000001			0.9857400330333812
6838.1			0.9718185392150587
6839.0			0.950726942643347
6839.9			0.9318892519534716
6840.8			0.91750974217819
6841.700000000001			0.9080626238835837
6842.6			0.9162511119746726
6843.5			0.9408135180383425
6844.4			0.9720723255271435
6845.3			0.9940288607001057
6846.200000000001			1.0004150438068784
6847.1			1.0006555838331728
6848.0			1.0
6848.9			1.0
6849.8			1.0
6850.700000000001			1.0
6851.6			1.0
6852.5			1.0
6853.4			1.0
6854.3			1.0
6855.200000000001			1.0
6856.1			1.0
6857.0			1.0
6857.9			1.0
6858.8			1.0
6859.700000000001			1.0
6860.6			1.0
6861.5			1.0
6862.4			1.0
6863.3			1.0
6864.200000000001			1.0
6865.1			1.0
6866.0			1.0
6866.9			1.0
6867.8			1.0
6868.700000000001			1.0
6869.6			1.0
6870.5			1.0
6871.4			1.0
6872.3			1.0
6873.200000000001			1.0
6874.1			1.0
6875.0			1.0
6875.9			1.0
6876.8			1.0
6877.700000000001			1.0
6878.6			1.0
6879.5			1.0
6880.4			1.0
6881.3			1.0
6882.200000000001			1.0
6883.1			1.0
6884.0			1.0
6884.9			1.0
6885.8			1.0
6886.700000000001			1.0
6887.6			1.0
6888.5			1.0202376203782995
6889.4			1.0213458286142802
6890.3			1.0167146399835878
6891.200000000001			1.0245563126634252
6892.1			1.0267445778239515
6893.0			1.0085506329190046
6893.9			0.9888204105787021
6894.8			0.9888128302664181
6895.700000000001			0.9999832742426894
6896.6			1.0
6897.5			1.0
6898.4			1.0
6899.3			1.0
6900.200000000001			1.0
6901.1			1.0
6902.0			1.0
6902.9			1.0
6903.8			1.0
6904.700000000001			1.0
6905.6			1.0
6906.5			1.0
6907.4			1.0
6908.3			1.0
6909.200000000001			1.0
6910.1			1.0
6911.0			1.0
6911.9			1.0
6912.8			1.0
6913.700000000001			1.0
6914.6			1.0
6915.5			1.0
6916.4			1.0
6917.3			1.0
6918.200000000001			1.0
6919.1			1.0
6920.0			1.0
6920.9			1.0
6921.8			1.0
6922.700000000001			1.0
6923.6			1.0
6924.5			1.0
6925.4			1.0
6926.3			1.0
6927.200000000001			1.0
6928.1			1.0
6929.0			1.0
6929.9			1.0
6930.8			1.0
6931.700000000001			1.0
6932.6			1.0
6933.5			1.0
6934.4			1.0
6935.3			1.0
6936.200000000001			1.0
6937.1			1.0
6938.0			1.0
6938.9			1.0
6939.8			1.0
6940.700000000001			1.0
6941.6			1.0
6942.5			1.0
6943.4			1.0
6944.3			1.0
6945.200000000001			1.0
6946.1			1.0
6947.0			1.0
6947.9			1.0
6948.8			1.0
6949.700000000001			1.0
6950.6			1.0
6951.5			1.0
6952.4			1.0
6953.3			1.0
6954.200000000001			1.0
6955.1			1.0
6956.0			1.0
6956.9			1.0
6957.8			1.0
6958.700000000001			1.0
6959.6			1.0
6960.5			1.0
6961.4			1.0
6962.3			1.0
6963.200000000001			0.9972750203619947
6964.1			0.9911986893966597
6965.0			0.9778124002567612
6965.9			0.969845733573913
6966.8			0.9849056282272372
6967.700000000001			1.0055926405948923
6968.6			1.0093681272246466
6969.5			0.9979735183284827
6970.4			0.983235663130839
6971.3			0.9791145786868322
6972.200000000001			0.9914131844263148
6973.1			1.001533749766439
6974.0			0.9892954872081272
6974.9			0.9646983977476372
6975.8			0.9449575136808711
6976.700000000001			0.9224445408698817
6977.6			0.892920144818271
6978.5			0.8736112875173185
6979.4			0.8940761610986658
6980.3			0.9384484488195087
6981.200000000001			0.9675189175745157
6982.1			0.9848259947339273
6983.0			1.0016997796462004
6983.9			1.0080244901558046
6984.8			1.0002660835029804
6985.700000000001			0.9901869378975836
6986.6			0.9864766171678054
6987.5			0.986088825621998
6988.4			0.9777905263147636
6989.3			0.9712335802559038
6990.200000000001			0.9807089638752697
6991.1			1.0032288094442487
6992.0			1.0143035490727705
6992.9			1.0096690941871653
6993.8			0.9982006854630838
6994.700000000001			0.9911544731267883
6995.6			0.9969386349907947
6996.5			1.0031590529089156
6997.4			0.9989898329537429
6998.3			0.9837035402536173
6999.200000000001			0.9550323451158346
7000.1			0.94003954234545
7001.0			0.9556378232527063
7001.9			0.9799671879576493
7002.8			0.9882148118998957
7003.700000000001			0.9761822343467295
7004.6			1.0
7005.5			0.9941331089340252
7006.4			0.9940517185182945
7007.3			1.0024445872936776
7008.200000000001			1.0113669699599053
7009.1			1.0189426619731434
7010.0			1.017495750757903
7010.9			1.0054771714848398
7011.8			0.9999785376200634
7012.700000000001			1.0101950491035518
7013.6			1.0208710109240415
7014.5			1.000656074492006
7015.4			0.9525214040458961
7016.3			0.9241336173671664
7017.200000000001			0.9518087492408547
7018.1			1.0069983857452716
7019.0			1.0469192843767252
7019.9			1.0614485771739994
7020.8			1.0620628855495564
7021.700000000001			1.0489609189409477
7022.6			1.016335750745436
7023.5			0.9816756685201694
7024.4			0.9745778519273712
7025.3			0.9984070644374844
7026.200000000001			1.0237950341630633
7027.1			1.032395084836569
7028.0			1.0292073038299512
7028.9			1.0286247390868515
7029.8			1.0376165504463104
7030.700000000001			1.0450434170440457
7031.6			1.0444473342155856
7032.5			1.043917858987771
7033.4			1.0459366981278566
7034.3			1.0387564231772024
7035.200000000001			1.0426834660746493
7036.1			1.0594651244052713
7037.0			1.0462258501618917
7037.9			1.001996271846838
7038.8			0.9918788480349244
7039.700000000001			1.0366705807879764
7040.6			1.0867759032984576
7041.5			1.1104922097380074
7042.4			1.1113483561661475
7043.3			1.0978976780365262
7044.200000000001			1.0748930605650693
7045.1			1.0590089961991829
7046.0			1.0686114945366294
7046.9			1.0922500875996548
7047.8			1.1128947040868782
7048.700000000001			1.1239970805577373
7049.6			1.1229933840944588
7050.5			1.111936933585648
7051.4			1.085430193339517
7052.3			1.048008476801112
7053.200000000001			1.0355993543636892
7054.1			1.0573868781163605
7055.0			1.0835227421802682
7055.9			1.104038685873253
7056.8			1.1224558231631803
7057.700000000001			1.126628426497626
7058.6			1.1071702497216795
7059.5			1.0723516034950344
7060.4			1.052917391250285
7061.3			1.0651764061067286
7062.200000000001			1.0811881550433406
7063.1			1.0878303625588117
7064.0			1.0968542892510258
7064.9			1.105751929427293
7065.8			1.1028412521734907
7066.700000000001			1.0826135162950126
7067.6			1.0502692938674556
7068.5			1.037111039946373
7069.4			1.0608319386146206
7070.3			1.0946588479616313
7071.200000000001			1.1097796723189437
7072.1			1.1081987469428451
7073.0			1.1084045288105373
7073.9			1.1129673233736623
7074.8			1.1138310836671748
7075.700000000001			1.1096490183872842
7076.6			1.108063177567958
7077.5			1.1126794458727471
7078.4			1.1151366968853034
7079.3			1.1128965635130166
7080.200000000001			1.1131612828576978
7081.1			1.1112141556538084
7082.0			1.0935681430077413
7082.9			1.0537329319969264
7083.8			1.002836358597914
7084.700000000001			0.9774787521270376
7085.6			0.9973502192047414
7086.5			1.0308122901330097
7087.4			1.0489085641299383
7088.3			1.0511513518691051
7089.200000000001			1.0366713759447705
7090.1			1.0138127119091584
7091.0			1.0021832862817717
7091.9			1.0002655015794837
7092.8			0.8927516559417333
7093.700000000001			0.8958461715416763
7094.6			0.8943536315253992
7095.5			0.8852827885618493
7096.4			0.8856521385210019
7097.3			0.9294398350072977
7098.200000000001			0.9882308485769601
7099.1			1.0001329434822934
7100.0			1.0
7100.9			1.0
7101.8			1.0
7102.700000000001			1.0
7103.6			1.0
7104.5			1.0
7105.4			1.0
7106.3			1.0
7107.200000000001			1.0
7108.1			1.0
7109.0			1.0
7109.9			1.0
7110.8			1.0
7111.700000000001			1.0083211455093988
7112.6			1.0240023510313443
7113.5			1.0359621929890002
7114.4			1.0407165255896027
7115.3			1.0408983706937704
7116.200000000001			1.036493492608649
7117.1			1.0283316596107284
7118.0			1.0221437676344525
7118.9			1.0190064319557453
7119.8			1.0179292217672025
7120.700000000001			1.0139745513218525
7121.6			1.0107691539279766
7122.5			1.022555405906948
7123.4			1.0402262631619328
7124.3			1.0429862469400466
7125.200000000001			1.0347493082690866
7126.1			1.028459418978662
7127.0			1.0299052489694354
7127.9			1.0306799603904757
7128.8			1.0127655111464373
7129.700000000001			0.9925048258748036
7130.6			0.9919911067435421
7131.5			1.0117215170972114
7132.4			1.0315653322103218
7133.3			1.0438637218519153
7134.200000000001			1.0483809737143548
7135.1			1.0490391140657522
7136.0			1.0547521348888407
7136.9			1.0553158111333794
7137.8			1.0435028763077714
7138.700000000001			1.032659106604559
7139.6			1.0398443802116333
7140.5			1.0522633470688287
7141.4			1.0504614148050688
7142.3			1.041977793750427
7143.200000000001			1.0379290274314956
7144.1			1.0342156180766695
7145.0			1.0315147930547308
7145.9			1.0224449794692907
7146.8			0.9956780447353283
7147.700000000001			0.9783359391421498
7148.6			0.9891261729018452
7149.5			1.0068421059955688
7150.4			1.0210194041049359
7151.3			1.0348085285306188
7152.200000000001			1.0445433537569213
7153.1			1.040040746186299
7154.0			1.0238406041249228
7154.9			1.013656493516366
7155.8			1.026729815513414
7156.700000000001			1.0428960223363513
7157.6			1.0407213119444712
7158.5			1.027519779867463
7159.4			1.0181709992798706
7160.3			1.019148743358256
7161.200000000001			1.0234083447734705
7162.1			1.0128101758935641
7163.0			0.9811424741763125
7163.9			0.9521206438564178
7164.8			0.9528825098581711
7165.700000000001			0.9814472515297809
7166.6			1.0168675300264634
7167.5			1.0355510394548364
7168.4			1.0325795229844394
7169.3			1.0230149671047162
7170.200000000001			1.0236949427559112
7171.1			1.0333672535400138
7172.0			1.0426660791350673
7172.9			1.0433128854964462
7173.8			1.0283097780396018
7174.700000000001			1.0037314092738572
7175.6			0.9920768155994626
7176.5			1.0055929696142307
7177.4			1.0219332817730353
7178.3			1.0113893691097429
7179.200000000001			0.9750016567375054
7180.1			0.942794885216761
7181.0			0.94421157151324
7181.9			0.9742412397671535
7182.8			1.0024095778650837
7183.700000000001			1.0101144511689948
7184.6			0.9962291742506695
7185.5			0.9699989110354639
7186.4			0.9441306872453643
7187.3			0.9310150877797186
7188.200000000001			0.9324421517192234
7189.1			0.9424031222450184
7190.0			1.0
7190.9			1.0077535957235528
7191.8			1.000502599633457
7192.700000000001			0.9936929344631609
7193.6			1.0073268338021604
7194.5			1.0262982527536153
7195.4			1.0277275143867284
7196.3			1.020771259881579
7197.200000000001			1.0261514518386459
7198.1			1.0381919362763739
7199.0			1.041989815684583
7199.9			1.0389224852609331
7200.8			1.0341858704154612
7201.700000000001			1.0323491978894825
7202.6			1.04614431653708
7203.5			1.0633243647313517
7204.4			1.0576519416191559
7205.3			1.0228462185848157
7206.200000000001			0.9787225072914237
7207.1			0.9582871549283783
7208.0			0.9765885322108044
7208.9			1.0098844428414733
7209.8			1.0414875078938055
7210.700000000001			1.0537725927351658
7211.6			1.0424149623319663
7212.5			1.024219673605922
7213.4			1.0100308342774045
7214.3			1.0040769681433883
7215.200000000001			1.0095092273588673
7216.1			1.0288148258496383
7217.0			1.0501477625583437
7217.9			1.0524994045133347
7218.8			1.03858912843129
7219.700000000001			1.022279128772063
7220.6			1.010814940679185
7221.5			1.0077143645747975
7222.4			1.0085013869381025
7223.3			1.0181197740511936
7224.200000000001			1.0358575685847864
7225.1			1.0458489514728755
7226.0			1.0461474652896
7226.9			1.042063571000285
7227.8			1.0313971369796342
7228.700000000001			1.022548816682865
7229.6			1.0305418141039666
7230.5			1.0480122797486908
7231.4			1.0603185388686052
7232.3			1.0667551659521053
7233.200000000001			1.0664752836214382
7234.1			1.058245475869159
7235.0			1.0450172748295257
7235.9			1.0331019883674868
7236.8			1.0287073949754066
7237.700000000001			1.026303791800314
7238.6			1.023788707102057
7239.5			1.029286719864958
7240.4			1.0450473020009907
7241.3			1.0554189597678227
7242.200000000001			1.0486832220428082
7243.1			1.0328638069256564
7244.0			1.0144120111420003
7244.9			1.00442078666292
7245.8			1.0127070622829872
7246.700000000001			1.030420925765353
7247.6			1.0405124280486435
7248.5			1.0374926515782743
7249.4			1.0257887344815937
7250.3			1.0112688159745185
7251.200000000001			1.0066710094237674
7252.1			1.0193337610293347
7253.0			1.0340439002283701
7253.9			1.0341869284625511
7254.8			1.0310687886939032
7255.700000000001			1.0398438656968318
7256.6			1.0553776310757281
7257.5			1.059734764309414
7258.4			1.0468944771009996
7259.3			1.020074753943352
7260.200000000001			0.9894022207914986
7261.1			0.9770474839525787
7262.0			0.9960936195523583
7262.9			1.0264491198036072
7263.8			1.048205095045958
7264.700000000001			1.06317623103076
7265.6			1.0694016898811072
7266.5			1.0615048626608508
7267.4			1.0482467874372017
7268.3			1.0401017624900573
7269.200000000001			1.0368636972002416
7270.1			1.030199939379604
7271.0			1.0213652835938798
7271.9			1.0183737494344873
7272.8			1.021645109889906
7273.700000000001			1.022982309405831
7274.6			1.0227354459051539
7275.5			1.0295095531386127
7276.4			1.032989213531732
7277.3			1.020796352835342
7278.200000000001			1.0024613564543572
7279.1			0.9917443847681726
7280.0			0.9873559707094454
7280.9			0.976834041166979
7281.8			0.96084057873073
7282.700000000001			0.9496722133404447
7283.6			0.949457586017717
7284.5			0.9616353318557286
7285.4			0.9807964884385617
7286.3			0.993446056903491
7287.200000000001			0.986062974564869
7288.1			0.9653409072065685
7289.0			0.9541359848788111
7289.9			0.9565108788647512
7290.8			0.9504359069518905
7291.700000000001			0.9373905249717172
7292.6			0.940757001993177
7293.5			0.963392399816986
7294.4			0.9935132150578929
7295.3			1.014902337389079
7296.200000000001			1.0211116501593291
7297.1			1.0100111046472047
7298.0			0.9950989633845191
7298.9			0.988403549533702
7299.8			0.9892265734818743
7300.700000000001			0.9900915350980353
7301.6			0.9891728577876353
7302.5			0.9939195748941405
7303.4			1.005159694028772
7304.3			1.0086286811038776
7305.200000000001			0.994790389206211
7306.1			0.9728895165356195
7307.0			0.9557007823483762
7307.9			0.954110223381138
7308.8			0.970146755220345
7309.700000000001			0.9770588703097252
7310.6			0.964056603568093
7311.5			0.9570588975326729
7312.4			0.9720233172090287
7313.3			0.9915995540300903
7314.200000000001			0.9974972867272748
7315.1			0.9912600984311188
7316.0			0.981702635812937
7316.9			0.9734464110741919
7317.8			0.9726119576875246
7318.700000000001			0.9745075143660367
7319.6			0.975539546011652
7320.5			0.977727707837256
7321.4			0.9857933725082823
7322.3			0.9887408930779054
7323.200000000001			0.9795116679355033
7324.1			0.9632682769947711
7325.0			0.9453226664297675
7325.9			0.9401399876491208
7326.8			0.9568143686707063
7327.700000000001			0.9752284641857097
7328.6			0.9785735630250754
7329.5			0.976481921289658
7330.4			0.9790094718010607
7331.3			0.9837864231339174
7332.200000000001			0.9823995533594033
7333.1			0.9784798966522018
7334.0			0.9815089057671441
7334.9			0.9918440633000569
7335.8			1.0032495789674394
7336.700000000001			1.0112965584308746
7337.6			1.0097172257627178
7338.5			1.0010846216867981
7339.4			0.9950831791194767
7340.3			1.0000536128938637
7341.200000000001			1.0
7342.1			1.0
7343.0			1.0
7343.9			1.0
7344.8			1.0
7345.700000000001			1.0
7346.6			1.0
7347.5			1.0
7348.4			1.0
7349.3			1.0
7350.200000000001			1.0
7351.1			1.0
7352.0			1.0
7352.9			1.0
7353.8			1.0
7354.700000000001			1.0
7355.6			1.0
7356.5			1.0
7357.4			1.0
7358.3			1.0
7359.200000000001			1.0
7360.1			1.0
7361.0			1.0
7361.9			1.0
7362.8			1.0
7363.700000000001			1.0
7364.6			1.0
7365.5			1.0
7366.4			1.0
7367.3			1.0
7368.200000000001			1.0
7369.1			1.0
7370.0			1.0
7370.9			1.0
7371.8			1.0
7372.700000000001			1.0
7373.6			1.0
7374.5			1.0
7375.4			1.0
7376.3			1.0
7377.200000000001			1.0
7378.1			1.0
7379.0			1.0
7379.9			1.0
7380.8			1.0
7381.700000000001			1.0
7382.6			1.0
7383.5			1.0
7384.4			1.0
7385.3			1.0
7386.200000000001			1.0
7387.1			1.0
7388.0			1.0
7388.9			1.0
7389.8			1.0
7390.700000000001			1.0
7391.6			1.0
7392.5			1.0
7393.4			1.0
7394.3			1.0
7395.200000000001			1.0
7396.1			1.0
7397.0			1.0
7397.9			1.0
7398.8			1.0
7399.700000000001			1.0
7400.6			1.0
7401.5			1.0
7402.4			1.0
7403.3			1.0
7404.200000000001			1.0
7405.1			1.0
7406.0			1.0
7406.9			1.0
7407.8			1.0
7408.700000000001			1.0
7409.6			1.0
7410.5			1.0
7411.4			1.0
7412.3			1.0
7413.200000000001			1.0
7414.1			1.0
7415.0			1.0
7415.9			1.0
7416.8			1.0
7417.700000000001			1.0
7418.6			1.0
7419.5			1.0
7420.4			1.0
7421.3			1.0
7422.200000000001			1.0
7423.1			1.0
7424.0			1.0
7424.9			1.0
7425.8			1.0
7426.700000000001			1.0
7427.6			1.0
7428.5			1.0
7429.4			1.0
