3500.0			1.0
3500.9			1.0
3501.8			1.0
3502.7			1.0
3503.6			1.0
3504.5			1.0
3505.4			1.0
3506.3			1.0
3507.2			1.0
3508.1			1.0
3509.0			1.0
3509.9			1.0
3510.8			1.0
3511.7			1.0
3512.6			1.0
3513.5			1.0
3514.4			1.0
3515.3			1.0
3516.2			1.0
3517.1			1.0
3518.0			1.0
3518.9			1.0
3519.8			1.0
3520.7			1.0
3521.6			1.0
3522.5			1.0
3523.4			1.0
3524.3			1.0
3525.2			1.0
3526.1			1.0
3527.0			1.0
3527.9			1.0
3528.8			1.0
3529.7			1.0
3530.6			1.0
3531.5			1.0
3532.4			1.0
3533.3			1.0
3534.2			1.0
3535.1			1.0
3536.0			1.0
3536.9			1.0
3537.8			1.0
3538.7			1.0
3539.6			1.0
3540.5			1.0
3541.4			1.0
3542.3			1.0
3543.2			1.0
3544.1			1.0
3545.0			1.0
3545.9			1.0
3546.8			1.0
3547.7			1.0
3548.6			1.0
3549.5			1.0
3550.4			1.0
3551.3			1.0
3552.2			1.0
3553.1			1.0
3554.0			1.0
3554.9			1.0
3555.8			1.0
3556.7			1.0
3557.6			1.0
3558.5			1.0
3559.4			1.0
3560.3			1.0
3561.2			1.0
3562.1			1.0
3563.0			1.0
3563.9			1.0
3564.8			1.0
3565.7			1.0
3566.6			1.0
3567.5			1.0
3568.4			1.0
3569.3			1.0
3570.2			1.0
3571.1			1.0
3572.0			1.0
3572.9			1.0
3573.8			1.0
3574.7			1.0
3575.6			1.0
3576.5			1.0
3577.4			1.0
3578.3			1.0
3579.2			1.0
3580.1			1.0
3581.0			1.0
3581.9			1.0
3582.8			1.0
3583.7			1.0
3584.6			1.0
3585.5			1.0
3586.4			1.0
3587.3			1.0
3588.2			1.0
3589.1			1.0
3590.0			1.0
3590.9			1.0
3591.8			1.0
3592.7			1.0
3593.6			1.0
3594.5			1.0
3595.4			1.0
3596.3			1.0
3597.2			1.0
3598.1			1.0
3599.0			1.0
3599.9			1.0
3600.8			1.0
3601.7			1.0
3602.6			1.0
3603.5			1.0
3604.4			1.0
3605.3			1.0
3606.2			1.0
3607.1			1.0
3608.0			1.0
3608.9			1.0
3609.8			1.0
3610.7			1.0
3611.6			1.0
3612.5			1.0
3613.4			1.0
3614.3			1.0
3615.2			1.0
3616.1			1.0
3617.0			1.0
3617.9			1.0
3618.8			1.0
3619.7			1.0
3620.6			1.0
3621.5			1.0
3622.4			1.0
3623.3			1.0
3624.2			1.0
3625.1			1.0
3626.0			1.0
3626.9			1.0
3627.8			1.0
3628.7			1.0
3629.6			1.0
3630.5			1.0
3631.4			1.0
3632.3			1.0
3633.2			1.0
3634.1			1.0
3635.0			1.0
3635.9			1.0
3636.8			1.0
3637.7			1.0
3638.6			1.0
3639.5			1.0
3640.4			1.0
3641.3			1.0
3642.2			1.0
3643.1			1.0
3644.0			1.0
3644.9			1.0
3645.8			1.0
3646.7			1.0
3647.6			1.0
3648.5			1.0
3649.4			1.0
3650.3			1.0
3651.2			1.0
3652.1			1.0
3653.0			1.0
3653.9			1.0
3654.8			1.0
3655.7			1.0
3656.6			1.0
3657.5			1.0
3658.4			1.0
3659.3			1.0
3660.2			1.0
3661.1			1.0
3662.0			1.0
3662.9			1.0
3663.8			1.0
3664.7			1.0
3665.6			1.0
3666.5			1.0
3667.4			1.0
3668.3			1.0
3669.2			1.0
3670.1			1.0
3671.0			1.0
3671.9			1.0
3672.8			1.0
3673.7			1.0
3674.6			1.0
3675.5			1.0
3676.4			1.0
3677.3			1.0
3678.2			1.0
3679.1			1.0
3680.0			1.0
3680.9			1.0
3681.8			1.0
3682.7			1.0
3683.6			1.0
3684.5			1.0
3685.4			1.0
3686.3			1.0
3687.2			1.0
3688.1			1.0
3689.0			1.0
3689.9			1.0
3690.8			1.0
3691.7			1.0
3692.6			1.0
3693.5			1.0
3694.4			1.0
3695.3			1.0
3696.2			1.0
3697.1			1.0
3698.0			1.0
3698.9			1.0
3699.8			1.0
3700.7			1.0
3701.6			1.0
3702.5			1.0
3703.4			1.0
3704.3			1.0
3705.2			1.0
3706.1			1.0
3707.0			1.0
3707.9			1.0
3708.8			1.0
3709.7			1.0
3710.6			1.0
3711.5			1.0
3712.4			1.0
3713.3			1.0
3714.2			1.0
3715.1			1.0
3716.0			1.0
3716.9			1.0
3717.8			1.0
3718.7			1.0
3719.6			1.0
3720.5			1.0
3721.4			1.0
3722.3			1.0
3723.2			1.0
3724.1			1.0
3725.0			1.0
3725.9			1.0
3726.8			1.0
3727.7			1.0
3728.6			1.0
3729.5			1.0
3730.4			1.0
3731.3			1.0
3732.2			1.0
3733.1			1.0
3734.0			1.0
3734.9			1.0
3735.8			1.0
3736.7			1.0
3737.6			1.0
3738.5			1.0
3739.4			1.0
3740.3			1.0
3741.2			1.0
3742.1			1.0
3743.0			1.0
3743.9			1.0
3744.8			1.0
3745.7			1.0
3746.6			1.0
3747.5			1.0
3748.4			1.0
3749.3			1.0
3750.2			1.0
3751.1			1.0
3752.0			1.0
3752.9			1.0
3753.8			1.0
3754.7			1.0
3755.6			1.0
3756.5			1.0
3757.4			1.0
3758.3			1.0
3759.2			1.0
3760.1			1.0
3761.0			1.0
3761.9			1.0
3762.8			1.0
3763.7			1.0
3764.6			1.0
3765.5			1.0
3766.4			1.0
3767.3			1.0
3768.2			1.0
3769.1			1.0
3770.0			1.0
3770.9			1.0
3771.8			1.0
3772.7			1.0
3773.6			1.0
3774.5			1.0
3775.4			1.0
3776.3			1.0
3777.2			1.0
3778.1			1.0
3779.0			1.0
3779.9			1.0
3780.8			1.0
3781.7			1.0
3782.6			1.0
3783.5			1.0
3784.4			1.0
3785.3			1.0
3786.2			1.0
3787.1			1.0
3788.0			1.0
3788.9			1.0
3789.8			1.0
3790.7			1.0
3791.6			1.0
3792.5			1.0
3793.4			1.0
3794.3			1.0
3795.2			1.0
3796.1			1.0
3797.0			1.0
3797.9			1.0
3798.8			1.0
3799.7			1.0
3800.6			1.0
3801.5			1.0
3802.4			1.0
3803.3			1.0
3804.2			1.0
3805.1			1.0
3806.0			1.0
3806.9			1.0
3807.8			1.0
3808.7			1.0
3809.6			1.0
3810.5			1.0
3811.4			1.0
3812.3			1.0
3813.2			1.0
3814.1			1.0
3815.0			1.0
3815.9			1.0
3816.8			1.0
3817.7			1.0
3818.6			1.0
3819.5			1.0
3820.4			1.0
3821.3			1.0
3822.2			1.0
3823.1			1.0
3824.0			1.0
3824.9			1.0
3825.8			1.0
3826.7			1.0
3827.6			1.0
3828.5			1.0
3829.4			1.0
3830.3			1.0
3831.2			1.0
3832.1			1.0
3833.0			1.0
3833.9			1.0
3834.8			1.0
3835.7			1.0
3836.6			1.0
3837.5			1.0
3838.4			1.0
3839.3			1.0
3840.2			1.0
3841.1			1.0
3842.0			1.0
3842.9			1.0
3843.8			1.0
3844.7			1.0
3845.6			1.0
3846.5			1.0
3847.4			1.0
3848.3			1.0
3849.2			1.0
3850.1			1.0
3851.0			1.0
3851.9			1.0
3852.8			1.0
3853.7			1.0
3854.6			1.0
3855.5			1.0
3856.4			1.0
3857.3			1.0
3858.2			1.0
3859.1			1.0
3860.0			1.0
3860.9			1.0
3861.8			1.0
3862.7			1.0
3863.6			1.0
3864.5			1.0
3865.4			1.0
3866.3			1.0
3867.2			1.0
3868.1			1.0
3869.0			1.0
3869.9			1.0
3870.8			1.0
3871.7			1.0
3872.6			1.0
3873.5			1.0
3874.4			1.0
3875.3			1.0
3876.2			1.0
3877.1			1.0
3878.0			1.0
3878.9			1.0
3879.8			1.0
3880.7			1.0
3881.6			1.0
3882.5			1.0
3883.4			1.0
3884.3			1.0
3885.2			1.0
3886.1			1.0
3887.0			1.0
3887.9			1.0
3888.8			1.0
3889.7			1.0
3890.6			1.0
3891.5			1.0
3892.4			1.0
3893.3			1.0
3894.2			1.0
3895.1			1.0
3896.0			1.0
3896.9			1.0
3897.8			1.0
3898.7			1.0
3899.6			1.0
3900.5			1.0
3901.4			1.0
3902.3			1.0
3903.2			1.0
3904.1			1.0
3905.0			1.0
3905.9			1.0
3906.8			1.0
3907.7			1.0
3908.6			1.0
3909.5			1.0
3910.4			1.0
3911.3			1.0
3912.2			1.0
3913.1			1.0
3914.0			1.0
3914.9			1.0
3915.8			1.0
3916.7			1.0
3917.6			1.0
3918.5			1.0
3919.4			1.0
3920.3			1.0
3921.2			1.0
3922.1			1.0
3923.0			1.0
3923.9			1.0
3924.8			1.0
3925.7			1.0
3926.6			1.0
3927.5			1.0
3928.4			1.0
3929.3			1.0
3930.2			1.0
3931.1			1.0
3932.0			1.0
3932.9			1.0
3933.8			1.0
3934.7			1.0
3935.6			1.0
3936.5			1.0
3937.4			1.0
3938.3			1.0
3939.2			1.0
3940.1			1.0
3941.0			1.0
3941.9			1.0
3942.8			1.0
3943.7			1.0
3944.6			1.0
3945.5			1.0
3946.4			1.0
3947.3			1.0
3948.2			1.0
3949.1			1.0
3950.0			1.0
3950.9			1.0
3951.8			1.0
3952.7			1.0
3953.6			1.0
3954.5			1.0
3955.4			1.0
3956.3			1.0
3957.2			1.0
3958.1			1.0
3959.0			1.0
3959.9			1.0
3960.8			1.0
3961.7			1.0
3962.6			1.0
3963.5			1.0
3964.4			1.0
3965.3			1.0
3966.2			1.0
3967.1			1.0
3968.0			1.0
3968.9			1.0
3969.8			1.0
3970.7			1.0
3971.6			1.0
3972.5			1.0
3973.4			1.0
3974.3			1.0
3975.2			1.0
3976.1			1.0
3977.0			1.0
3977.9			1.0
3978.8			1.0
3979.7			1.0
3980.6			1.0
3981.5			1.0
3982.4			1.0
3983.3			1.0
3984.2			1.0
3985.1			1.0
3986.0			1.0
3986.9			1.0
3987.8			1.0
3988.7			1.0
3989.6			1.0
3990.5			1.0
3991.4			1.0
3992.3			1.0
3993.2			1.0
3994.1			1.0
3995.0			1.0
3995.9			1.0
3996.8			1.0
3997.7			1.0
3998.6			1.0
3999.5			1.0
4000.4			1.0
4001.3			1.0
4002.2			1.0
4003.1			1.0
4004.0			1.0
4004.9			1.0
4005.8			1.0
4006.7			1.0
4007.6			1.0
4008.5			1.0
4009.4			1.0
4010.3			1.0
4011.2			1.0
4012.1			1.0
4013.0			1.0
4013.9			1.0
4014.8			1.0
4015.7			1.0
4016.6			1.0
4017.5			1.0
4018.4			1.0
4019.3			1.0
4020.2			1.0
4021.1			1.0
4022.0			1.0
4022.9			0.9790917894173501
4023.8			0.9558869043385702
4024.7			0.9410016591366572
4025.6			0.9440187235154547
4026.5			0.9683501909270086
4027.4			0.9883507922783444
4028.3			0.9947240366565572
4029.2			1.0
4030.1			1.0
4031.0			1.0
4031.9			1.0
4032.8			1.0
4033.7			1.0
4034.6			1.0
4035.5			1.0
4036.4			1.0
4037.3			1.0
4038.2			1.0
4039.1			1.0
4040.0			1.0
4040.9			1.0
4041.8			1.0
4042.7			1.0
4043.6			1.0
4044.5			1.0
4045.4			1.0
4046.3			1.0
4047.2			1.0
4048.1			1.0
4049.0			1.0
4049.9			1.0
4050.8			1.0
4051.7			1.0
4052.6			1.0
4053.5			1.0
4054.4			1.0
4055.3			1.0
4056.2			1.0
4057.1			1.0
4058.0			1.0
4058.9			1.0
4059.8			1.0
4060.7			1.0
4061.6			1.0
4062.5			1.0
4063.4			1.0
4064.3			1.0
4065.2			1.0
4066.1			1.0
4067.0			1.0
4067.9			1.0
4068.8			1.0
4069.7			1.0
4070.6			1.0
4071.5			1.0
4072.4			1.0
4073.3			1.0
4074.2			1.0
4075.1			1.0
4076.0			1.0
4076.9			1.0
4077.8			1.0
4078.7			1.0
4079.6			1.0
4080.5			1.0
4081.4			1.0
4082.3			1.0
4083.2			1.0
4084.1			1.0
4085.0			1.0
4085.9			1.0
4086.8			1.0
4087.7			1.0
4088.6			1.0
4089.5			1.0
4090.4			1.0
4091.3			1.0
4092.2			1.0
4093.1			1.0
4094.0			1.0
4094.9			1.0
4095.8			1.0
4096.7			1.0
4097.6			1.0
4098.5			1.0
4099.4			0.9535172244221838
4100.3			0.8394569713483969
4101.2			0.6951676570136829
4102.1			0.6559950412847058
4103.0			0.7683830108925337
4103.9			0.9146671828634289
4104.8			0.9983952236261342
4105.7			1.0
4106.6			1.0
4107.5			1.0
4108.4			1.0
4109.3			1.0
4110.2			1.0
4111.1			1.0
4112.0			1.0
4112.9			1.0
4113.8			1.0
4114.7			1.0
4115.6			1.0
4116.5			1.0
4117.4			1.0
4118.3			1.0
4119.2			1.0
4120.1			1.0
4121.0			1.0
4121.9			1.0
4122.8			1.0
4123.7			0.9992009259766975
4124.6			1.0129606679475232
4125.5			1.0198608187288418
4126.4			0.9999973796416087
4127.3			0.9516625756657685
4128.2			0.9090442061020276
4129.1			0.9041521836671272
4130.0			0.9105441677791695
4130.9			0.9126970553842715
4131.8			0.9321839137065744
4132.7			0.9646044140568776
4133.6			0.986094371774363
4134.5			0.9973526261423425
4135.4			1.0
4136.3			1.0
4137.2			1.0
4138.1			1.0
4139.0			1.0
4139.9			1.0
4140.8			1.0
4141.7			1.0
4142.6			1.0
4143.5			1.0
4144.4			1.0
4145.3			1.0
4146.2			1.0
4147.1			1.0
4148.0			1.0
4148.9			1.0
4149.8			1.0
4150.7			1.0
4151.6			1.0
4152.5			1.0
4153.4			1.0
4154.3			1.0
4155.2			1.0
4156.1			1.0
4157.0			1.0
4157.9			1.0
4158.8			1.0
4159.7			1.0
4160.6			1.0
4161.5			1.0
4162.4			1.0
4163.3			1.0
4164.2			1.0
4165.1			1.0
4166.0			1.0
4166.9			1.0
4167.8			1.0
4168.7			1.0
4169.6			1.0
4170.5			1.0
4171.4			1.0
4172.3			1.0
4173.2			1.0
4174.1			1.0
4175.0			1.0
4175.9			1.0292183211213675
4176.8			1.0032382006634089
4177.7			0.9303604114961126
4178.6			0.8679807160854383
4179.5			0.8805924468430764
4180.4			0.9471775048926309
4181.3			0.9986339192191912
4182.2			1.0
4183.1			1.0
4184.0			1.0
4184.9			1.0
4185.8			1.0
4186.7			1.0
4187.6			1.0
4188.5			1.0
4189.4			1.0
4190.3			1.0
4191.2			1.0
4192.1			1.0
4193.0			1.0
4193.9			1.0
4194.8			1.0
4195.7			1.0
4196.6			1.0
4197.5			1.0
4198.4			1.0
4199.3			1.0
4200.2			1.0
4201.1			1.0
4202.0			1.0
4202.9			1.0
4203.8			1.0
4204.7			1.0
4205.6			1.0
4206.5			1.0
4207.4			1.0
4208.3			1.0
4209.2			1.0
4210.1			1.0
4211.0			1.0
4211.9			1.0
4212.8			1.0
4213.7			1.0
4214.6			1.0
4215.5			1.0
4216.4			1.0
4217.3			1.0
4218.2			1.0
4219.1			1.0
4220.0			1.0
4220.9			1.0
4221.8			1.0
4222.7			1.0
4223.6			1.0
4224.5			1.0
4225.4			1.0
4226.3			1.0
4227.2			1.0
4228.1			1.0
4229.0			1.0
4229.9			1.0
4230.8			0.9810533653238318
4231.7			0.9270534415731793
4232.6			0.856065591160975
4233.5			0.8408235375574006
4234.4			0.9036275678805711
4235.3			0.9733229778258776
4236.2			1.000721360218647
4237.1			1.0
4238.0			1.0
4238.9			1.0
4239.8			1.0
4240.7			1.0
4241.6			1.0
4242.5			1.0
4243.4			1.0
4244.3			1.0
4245.2			1.0
4246.1			1.0
4247.0			1.0
4247.9			1.0
4248.8			1.0
4249.7			1.0
4250.6			1.0
4251.5			1.0
4252.4			1.0
4253.3			1.0
4254.2			1.0
4255.1			1.0
4256.0			1.0
4256.9			1.0
4257.8			1.0
4258.7			1.0
4259.6			1.0
4260.5			1.0
4261.4			1.0
4262.3			1.0
4263.2			1.0
4264.1			1.0
4265.0			1.0
4265.9			1.0
4266.8			1.0
4267.7			1.0
4268.6			1.0
4269.5			1.0
4270.4			1.0
4271.3			1.0
4272.2			1.0
4273.1			1.0
4274.0			1.0
4274.9			1.0
4275.8			1.0
4276.7			1.0
4277.6			1.0
4278.5			1.0
4279.4			1.0
4280.3			1.0
4281.2			1.0
4282.1			1.0
4283.0			1.0
4283.9			1.0
4284.8			1.0
4285.7			1.0
4286.6			1.0
4287.5			1.0
4288.4			1.0
4289.3			1.0
4290.2			1.0
4291.1			1.0
4292.0			1.0
4292.9			1.0
4293.8			1.0
4294.7			1.0
4295.6			1.0
4296.5			1.0
4297.4			1.0
4298.3			1.021394312776955
4299.2			0.9981611116552455
4300.1			0.9569080893519346
4301.0			0.9428703686831731
4301.9			0.9331576498714739
4302.8			0.9113858851157765
4303.7			0.9254158181538347
4304.6			0.9830300656482456
4305.5			1.0287762620693628
4306.4			1.0285286097173818
4307.3			1.0005191149605535
4308.2			1.0
4309.1			1.0
4310.0			1.0
4310.9			1.0
4311.8			0.9808303940071692
4312.7			0.9448644798522203
4313.6			0.9081116097910158
4314.5			0.8988369339810134
4315.4			0.9307832205508285
4316.3			0.9744019016063635
4317.2			0.9993149499399918
4318.1			1.0
4319.0			1.0
4319.9			1.0
4320.8			1.0
4321.7			1.0
4322.6			1.0
4323.5			1.0
4324.4			1.0
4325.3			1.0
4326.2			1.0
4327.1			1.0
4328.0			1.0
4328.9			1.0
4329.8			1.0
4330.7			1.0
4331.6			1.0
4332.5			1.0
4333.4			1.0
4334.3			1.0
4335.2			1.0
4336.1			1.0
4337.0			0.9570498662743008
4337.9			0.8843516056021705
4338.8			0.7919617167634884
4339.7			0.6982948671838628
4340.6			0.6720571378406947
4341.5			0.7573658725340744
4342.4			0.8840821598704489
4343.3			0.9644436440345865
4344.2			1.0002226799856426
4345.1			1.0
4346.0			1.0
4346.9			1.0
4347.8			1.0
4348.7			1.0
4349.6			0.9825026115458277
4350.5			0.93289724968194
4351.4			0.8730688738924567
4352.3			0.8657064637893577
4353.2			0.920085651983312
4354.1			0.9779208032745504
4355.0			0.9998942570972
4355.9			1.0
4356.8			1.0
4357.7			1.0
4358.6			1.0
4359.5			1.0
4360.4			1.0
4361.3			1.0
4362.2			1.0
4363.1			1.0
4364.0			1.0
4364.9			1.0
4365.8			1.0
4366.7			1.0
4367.6			1.0
4368.5			1.0
4369.4			1.0
4370.3			1.0
4371.2			1.0
4372.1			1.0
4373.0			1.0
4373.9			1.0
4374.8			1.0
4375.7			1.0
4376.6			1.0
4377.5			1.0
4378.4			1.0
4379.3			1.0
4380.2			1.0
4381.1			1.0
4382.0			1.0
4382.9			0.9693223676293611
4383.8			0.9083612127388018
4384.7			0.8573137131434654
4385.6			0.8592117453491319
4386.5			0.9121412516271015
4387.4			0.968961397089776
4388.3			0.9989071691147398
4389.2			1.0
4390.1			1.0
4391.0			1.0
4391.9			1.0
4392.8			1.0
4393.7			0.9687622920657194
4394.6			0.9275696297165371
4395.5			0.9188939866786853
4396.4			0.9582222002353163
4397.3			1.0008786302188974
4398.2			1.0
4399.1			1.0
4400.0			1.0
4400.9			1.0
4401.8			1.0
4402.7			1.0
4403.6			1.0
4404.5			1.0
4405.4			1.0
4406.3			1.0
4407.2			1.0
4408.1			1.0
4409.0			1.0
4409.9			1.0
4410.8			1.0
4411.7			1.0
4412.6			1.0
4413.5			1.0
4414.4			0.9903861553018218
4415.3			0.9613667912213416
4416.2			0.9105995839535661
4417.1			0.8796639899972282
4418.0			0.9075918970235067
4418.9			0.9634062449314972
4419.8			1.0000267259055342
4420.7			1.0
4421.6			1.0
4422.5			1.0
4423.4			1.0
4424.3			1.0
4425.2			1.0
4426.1			1.0
4427.0			1.0
4427.9			1.0
4428.8			1.0
4429.7			1.0
4430.6			1.0
4431.5			1.0
4432.4			1.0
4433.3			1.0
4434.2			1.0
4435.1			1.0
4436.0			1.0
4436.9			1.0
4437.8			1.0
4438.7			1.0
4439.6			1.0
4440.5			1.0
4441.4			1.0
4442.3			0.9733524279363939
4443.2			0.9348262012364003
4444.1			0.9238960663027507
4445.0			0.9573125864682521
4445.9			0.9997322544158695
4446.8			1.0
4447.7			1.0
4448.6			1.0
4449.5			1.0
4450.4			1.0
4451.3			1.0
4452.2			1.0
4453.1			1.0
4454.0			1.0
4454.9			1.0
4455.8			1.0
4456.7			1.0
4457.6			1.0
4458.5			1.0
4459.4			1.0
4460.3			1.0
4461.2			1.0
4462.1			1.0
4463.0			1.0030548996554316
4463.9			1.0042705551749085
4464.8			1.0028901870015687
4465.7			1.0003087632405336
4466.6			0.9924419856612551
4467.5			0.9681181150896669
4468.4			0.943539239664513
4469.3			0.9510292961974258
4470.2			0.9754780346511956
4471.1			0.9812118742769798
4472.0			0.9740727257083639
4472.9			0.980189107378648
4473.8			0.9992266123486079
4474.7			1.0
4475.6			1.0
4476.5			1.0
4477.4			1.0
4478.3			1.0032543645027108
4479.2			0.9736543646119358
4480.1			0.8834569197180869
4481.0			0.7972805309860913
4481.9			0.8179275836850998
4482.8			0.9202950510917114
4483.7			1.002356936733604
4484.6			1.0
4485.5			0.9989695872254507
4486.4			0.9873809421446613
4487.3			0.966580388313135
4488.2			0.93555607371733
4489.1			0.9100704223334368
4490.0			0.9053245358917995
4490.9			0.9089497237515691
4491.8			0.9228625377245541
4492.7			0.9545325911135357
4493.6			0.9847144479359179
4494.5			0.9999913840459356
4495.4			1.0
4496.3			1.0
4497.2			1.0
4498.1			1.0
4499.0			1.0
4499.9			1.0
4500.8			1.0
4501.7			1.0
4502.6			1.0
4503.5			1.0
4504.4			1.0
4505.3			1.0037896131718005
4506.2			0.9928337644464239
4507.1			0.9479678849049656
4508.0			0.8983918754155596
4508.9			0.9054886095332825
4509.8			0.9592088800061197
4510.7			1.0007612564353634
4511.6			1.0
4512.5			1.0
4513.4			1.0
4514.3			1.0
4515.2			1.0
4516.1			1.0
4517.0			1.0
4517.9			1.0169466500477595
4518.8			0.9840963585362115
4519.7			0.9301348822161007
4520.6			0.9007347521904857
4521.5			0.8833752605463516
4522.4			0.865109161123968
4523.3			0.8899421809674484
4524.2			0.9537183263109199
4525.1			0.9978328573396494
4526.0			1.005677498542439
4526.9			0.9979435579714319
4527.8			1.0
4528.7			1.0
4529.6			1.0
4530.5			1.0
4531.4			1.0
4532.3			0.9825109523507823
4533.2			0.9381325945792922
4534.1			0.9131315494092072
4535.0			0.9443424926144721
4535.9			0.9966301750779106
4536.8			1.0
4537.7			1.0
4538.6			1.0
4539.5			1.0
4540.4			1.0
4541.3			1.0
4542.2			1.0
4543.1			1.0
4544.0			1.0
4544.9			1.0
4545.8			1.0
4546.7			0.9913532258711578
4547.6			0.9532353373300546
4548.5			0.8761633999244025
4549.4			0.8264385393570908
4550.3			0.8673340989368993
4551.2			0.9520005948899757
4552.1			1.002011942293508
4553.0			1.0
4553.9			1.0
4554.8			1.0
4555.7			1.0
4556.6			1.0
4557.5			1.0
4558.4			1.0
4559.3			1.0
4560.2			1.0
4561.1			1.0
4562.0			1.0
4562.9			1.0
4563.8			1.0
4564.7			1.0
4565.6			1.0
4566.5			1.0
4567.4			1.0
4568.3			1.0
4569.2			1.0
4570.1			1.0
4571.0			1.0
4571.9			1.0
4572.8			1.0
4573.7			1.0
4574.6			1.0
4575.5			1.0
4576.4			1.0
4577.3			1.0
4578.2			1.0
4579.1			1.0
4580.0			1.0
4580.9			0.9901686046737808
4581.8			0.9439077686675392
4582.7			0.8613581270694928
4583.6			0.817610489686612
4584.5			0.8698506867999207
4585.4			0.9630555960693195
4586.3			1.0001137493715222
4587.2			1.0
4588.1			1.0
4589.0			1.0
4589.9			1.0
4590.8			1.0
4591.7			1.0
4592.6			1.0
4593.5			1.0
4594.4			1.0
4595.3			1.0
4596.2			1.0
4597.1			1.0
4598.0			1.0
4598.9			1.0
4599.8			1.0
4600.7			1.0
4601.6			1.0
4602.5			1.0
4603.4			1.0
4604.3			1.0
4605.2			1.0
4606.1			1.0
4607.0			1.0
4607.9			1.0
4608.8			1.0
4609.7			1.0
4610.6			1.0
4611.5			1.0
4612.4			1.0
4613.3			1.0
4614.2			0.9957683002811312
4615.1			0.9812539696961442
4616.0			0.9588384230740664
4616.9			0.939298149769545
4617.8			0.9196346569249062
4618.7			0.9006283057756381
4619.6			0.9015117653149171
4620.5			0.9287058804791044
4621.4			0.9637656938921783
4622.3			0.9890338352340585
4623.2			1.0008384060641904
4624.1			1.0
4625.0			1.0
4625.9			1.0
4626.8			0.9967222513006126
4627.7			0.9682444885916675
4628.6			0.9175258148857802
4629.5			0.8978445859470102
4630.4			0.9367099823377542
4631.3			0.9886595587821748
4632.2			1.0006050546465592
4633.1			1.0
4634.0			1.0
4634.9			1.0
4635.8			1.0
4636.7			1.0
4637.6			1.0
4638.5			1.0
4639.4			1.0
4640.3			1.0
4641.2			1.0
4642.1			1.0
4643.0			1.0
4643.9			1.0
4644.8			1.0
4645.7			1.0
4646.6			1.0
4647.5			1.0
4648.4			1.0
4649.3			1.0
4650.2			1.0
4651.1			1.0
4652.0			1.0
4652.9			1.0
4653.8			1.0
4654.7			1.0
4655.6			1.0
4656.5			1.0
4657.4			1.0
4658.3			1.0
4659.2			1.0
4660.1			1.0
4661.0			1.0
4661.9			1.0
4662.8			1.0
4663.7			1.0
4664.6			1.0
4665.5			1.0
4666.4			1.0
4667.3			1.0
4668.2			1.0
4669.1			1.0
4670.0			1.0
4670.9			1.0
4671.8			1.0
4672.7			1.0
4673.6			1.0
4674.5			1.0
4675.4			1.0
4676.3			1.0
4677.2			1.0
4678.1			1.0
4679.0			1.0
4679.9			1.0
4680.8			1.0
4681.7			1.0
4682.6			1.0
4683.5			1.0
4684.4			1.0
4685.3			1.0
4686.2			1.0
4687.1			1.0
4688.0			1.0
4688.9			1.0
4689.8			1.0
4690.7			1.0
4691.6			1.0
4692.5			1.0
4693.4			1.0
4694.3			1.0
4695.2			1.0
4696.1			1.0
4697.0			1.0
4697.9			1.0
4698.8			1.0
4699.7			1.0
4700.6			1.0
4701.5			1.0
4702.4			1.0
4703.3			1.0
4704.2			1.0
4705.1			1.0
4706.0			1.0
4706.9			1.0
4707.8			1.0
4708.7			1.0
4709.6			1.0
4710.5			1.0
4711.4			1.0
4712.3			1.0
4713.2			1.0
4714.1			1.0
4715.0			1.0
4715.9			1.0
4716.8			1.0
4717.7			1.0
4718.6			1.0
4719.5			1.0
4720.4			1.0
4721.3			1.0
4722.2			1.0
4723.1			1.0
4724.0			1.0
4724.9			1.0
4725.8			1.0
4726.7			1.0
4727.6			1.0
4728.5			1.0
4729.4			1.0
4730.3			1.0
4731.2			1.0
4732.1			1.0
4733.0			1.0
4733.9			1.0
4734.8			1.0
4735.7			1.0
4736.6			1.0
4737.5			1.0
4738.4			1.0
4739.3			1.0
4740.2			1.0
4741.1			1.0
4742.0			1.0
4742.9			1.0
4743.8			1.0
4744.7			1.0
4745.6			1.0
4746.5			1.0
4747.4			1.0
4748.3			1.0
4749.2			1.0
4750.1			1.0
4751.0			1.0
4751.9			1.0
4752.8			1.0
4753.7			1.0
4754.6			1.0
4755.5			1.0
4756.4			1.0
4757.3			1.0
4758.2			1.0
4759.1			1.0
4760.0			1.0
4760.9			1.0
4761.8			1.0
4762.7			1.0
4763.6			1.0
4764.5			1.0
4765.4			1.0
4766.3			1.0
4767.2			1.0
4768.1			1.0
4769.0			1.0
4769.9			1.0
4770.8			1.0
4771.7			1.0
4772.6			1.0
4773.5			1.0
4774.4			1.0
4775.3			1.0
4776.2			1.0
4777.1			1.0
4778.0			1.0
4778.9			1.0
4779.8			1.0
4780.7			1.0
4781.6			1.0
4782.5			1.0
4783.4			1.0
4784.3			1.0
4785.2			1.0
4786.1			1.0
4787.0			1.0
4787.9			1.0
4788.8			1.0
4789.7			1.0
4790.6			1.0
4791.5			1.0
4792.4			1.0
4793.3			1.0
4794.2			1.0
4795.1			1.0
4796.0			1.0
4796.9			1.0
4797.8			1.0
4798.7			1.0
4799.6			1.0
4800.5			1.0
4801.4			1.0
4802.3			1.0
4803.2			1.0
4804.1			1.0
4805.0			1.0
4805.9			1.0
4806.8			1.0
4807.7			1.0
4808.6			1.0
4809.5			1.0
4810.4			1.0
4811.3			1.0
4812.2			1.0
4813.1			1.0
4814.0			1.0
4814.9			1.0
4815.8			1.0
4816.7			1.0
4817.6			1.0
4818.5			1.0
4819.4			1.0
4820.3			1.0
4821.2			0.9996323081059949
4822.1			0.983235356081055
4823.0			0.9462525602405404
4823.9			0.9192771639958579
4824.8			0.9349935695363449
4825.7			0.9749937911726944
4826.6			1.0007585398288217
4827.5			1.0
4828.4			1.0
4829.3			1.0
4830.2			1.0
4831.1			1.0
4832.0			1.0
4832.9			1.0
4833.8			1.0
4834.7			1.0
4835.6			1.0
4836.5			1.0
4837.4			1.0
4838.3			1.0
4839.2			1.0
4840.1			1.0
4841.0			1.0
4841.9			1.0
4842.8			1.0
4843.7			1.0
4844.6			1.0
4845.5			1.0
4846.4			1.0
4847.3			1.0
4848.2			1.0
4849.1			1.0
4850.0			1.0
4850.9			1.0
4851.8			1.0
4852.7			1.0
4853.6			1.0
4854.5			1.0
4855.4			1.0
4856.3			1.0
4857.2			0.9989048893754513
4858.1			0.965833707919174
4859.0			0.8856682794295011
4859.9			0.8018069629493834
4860.8			0.7941302636880057
4861.7			0.8706083227695449
4862.6			0.9483891869060169
4863.5			0.9812488610545309
4864.4			1.0042142546313817
4865.3			1.0
4866.2			1.0
4867.1			1.0
4868.0			1.0
4868.9			1.0
4869.8			1.0
4870.7			1.0
4871.6			1.0
4872.5			1.0
4873.4			1.0
4874.3			1.0
4875.2			1.0
4876.1			1.0
4877.0			1.0
4877.9			1.0
4878.8			1.0
4879.7			1.0
4880.6			1.0
4881.5			1.0
4882.4			1.0
4883.3			1.0
4884.2			1.0
4885.1			1.0
4886.0			1.0
4886.9			1.0
4887.8			1.0
4888.7			1.0
4889.6			1.0
4890.5			1.0
4891.4			1.0
4892.3			1.0
4893.2			1.0
4894.1			1.0
4895.0			1.0
4895.9			1.0
4896.8			1.0
4897.7			1.0
4898.6			1.0
4899.5			1.0
4900.4			1.0
4901.3			1.0
4902.2			1.0
4903.1			1.0
4904.0			1.0
4904.9			1.0
4905.8			1.0
4906.7			1.0
4907.6			1.0
4908.5			1.0
4909.4			1.0
4910.3			1.0
4911.2			1.0
4912.1			1.0
4913.0			1.0
4913.9			1.0
4914.8			1.0
4915.7			1.0
4916.6			1.0
4917.5			1.0
4918.4			1.0
4919.3			1.0
4920.2			1.0
4921.1			0.9778764876812115
4922.0			0.9260715928640151
4922.9			0.848442666979189
4923.8			0.8137252701886795
4924.7			0.8699522351084962
4925.6			0.9567176001094797
4926.5			0.9998497988241706
4927.4			1.0
4928.3			1.0
4929.2			1.0
4930.1			1.0
4931.0			1.0
4931.9			1.0
4932.8			1.0
4933.7			1.0
4934.6			1.0
4935.5			1.0
4936.4			1.0
4937.3			1.0
4938.2			1.0
4939.1			1.0
4940.0			1.0
4940.9			1.0
4941.8			1.0
4942.7			1.0
4943.6			1.0
4944.5			1.0
4945.4			1.0
4946.3			1.0
4947.2			1.0
4948.1			1.0
4949.0			1.0
4949.9			1.0
4950.8			1.0
4951.7			1.0
4952.6			1.0
4953.5			1.0
4954.4			1.0
4955.3			1.0
4956.2			1.0
4957.1			1.0
4958.0			1.0
4958.9			1.0
4959.8			1.0
4960.7			1.0
4961.6			1.0
4962.5			1.0
4963.4			1.0
4964.3			1.0
4965.2			1.0
4966.1			1.0
4967.0			1.0
4967.9			1.0
4968.8			1.0
4969.7			1.0
4970.6			1.0
4971.5			1.0
4972.4			1.0
4973.3			1.0
4974.2			1.0
4975.1			1.0
4976.0			1.0
4976.9			1.0
4977.8			1.0
4978.7			1.0
4979.6			1.0
4980.5			1.0
4981.4			1.0
4982.3			1.0
4983.2			1.0
4984.1			1.0
4985.0			1.0
4985.9			1.0
4986.8			1.0
4987.7			1.0
4988.6			1.0
4989.5			1.0
4990.4			1.0
4991.3			1.0
4992.2			1.0
4993.1			1.0
4994.0			1.0
4994.9			1.0
4995.8			1.0
4996.7			1.0
4997.6			1.0
4998.5			1.0
4999.4			1.0
5000.3			1.0
5001.2			1.0
5002.1			1.0
5003.0			1.0
5003.9			1.0
5004.8			1.0
5005.7			1.0
5006.6			1.0
5007.5			1.0
5008.4			1.0
5009.3			1.0
5010.2			1.0
5011.1			1.0
5012.0			1.0
5012.9			1.0
5013.8			1.0
5014.7			1.0
5015.6			0.9727792543438342
5016.5			0.9204710724173749
5017.4			0.8476087874856325
5018.3			0.8172130427110825
5019.2			0.8710487989029109
5020.1			0.9545306976170048
5021.0			1.000027599450551
5021.9			1.0
5022.8			1.0
5023.7			1.0
5024.6			1.0
5025.5			1.0
5026.4			1.0
5027.3			1.0
5028.2			1.0
5029.1			1.0
5030.0			1.0
5030.9			1.0
5031.8			1.0
5032.7			1.0
5033.6			1.0
5034.5			1.0
5035.4			1.0
5036.3			1.0
5037.2			1.0
5038.1			1.0
5039.0			1.0
5039.9			1.0
5040.8			1.0
5041.7			1.0
5042.6			1.0
5043.5			1.0
5044.4			1.0
5045.3			1.0
5046.2			1.0
5047.1			1.0
5048.0			1.0
5048.9			1.0
5049.8			1.0
5050.7			1.0
5051.6			1.0
5052.5			1.0
5053.4			1.0007643781670401
5054.3			0.9806621690663606
5055.2			0.9382377167582029
5056.1			0.9181378352765013
5057.0			0.9451452701788977
5057.9			0.9840166566014736
5058.8			1.0007743844290247
5059.7			1.0
5060.6			1.0
5061.5			1.0
5062.4			1.0
5063.3			1.0
5064.2			1.0
5065.1			1.0
5066.0			1.0
5066.9			1.0
5067.8			1.0
5068.7			1.0
5069.6			1.0
5070.5			1.0
5071.4			1.0
5072.3			1.0
5073.2			1.0
5074.1			1.0
5075.0			1.0
5075.9			1.0
5076.8			1.0
5077.7			1.0
5078.6			1.0
5079.5			1.0
5080.4			1.0
5081.3			1.0
5082.2			1.0
5083.1			1.0
5084.0			1.0
5084.9			1.0
5085.8			1.0
5086.7			1.0
5087.6			1.0
5088.5			1.0
5089.4			1.0
5090.3			1.0
5091.2			1.0
5092.1			1.0
5093.0			1.0
5093.9			1.0
5094.8			1.0
5095.7			1.0
5096.6			1.0
5097.5			1.0
5098.4			1.0
5099.3			1.0
5100.2			1.0
5101.1			1.0
5102.0			1.0
5102.9			1.0
5103.8			1.0
5104.7			1.0
5105.6			1.0
5106.5			1.0
5107.4			1.0
5108.3			1.0
5109.2			1.0
5110.1			1.0
5111.0			1.0
5111.9			1.0
5112.8			1.0
5113.7			1.0
5114.6			1.0
5115.5			1.0
5116.4			1.0
5117.3			1.0
5118.2			1.0
5119.1			1.0
5120.0			1.0
5120.9			1.0
5121.8			1.0
5122.7			1.0
5123.6			1.0
5124.5			1.0
5125.4			1.0
5126.3			1.0
5127.2			1.0
5128.1			1.0
5129.0			1.0
5129.9			1.0
5130.8			1.0
5131.7			1.0
5132.6			1.0
5133.5			1.0
5134.4			1.0
5135.3			1.0
5136.2			1.0
5137.1			1.0
5138.0			1.0
5138.9			1.0
5139.8			1.0
5140.7			1.0
5141.6			1.0
5142.5			1.0
5143.4			1.0
5144.3			1.0
5145.2			1.0
5146.1			1.0
5147.0			1.0
5147.9			1.0
5148.8			1.0
5149.7			1.0
5150.6			1.0
5151.5			1.0
5152.4			1.0
5153.3			1.0
5154.2			1.0
5155.1			1.0
5156.0			1.0
5156.9			1.0
5157.8			1.0
5158.7			1.0
5159.6			1.0
5160.5			1.0
5161.4			1.0
5162.3			1.0
5163.2			1.0
5164.1			1.0
5165.0			1.0
5165.9			0.9732059292464293
5166.8			0.9201149801135959
5167.7			0.8478571241314589
5168.6			0.8075903098176425
5169.5			0.8510042943286881
5170.4			0.9422274299370957
5171.3			0.9990492811275316
5172.2			1.0
5173.1			1.0
5174.0			1.0
5174.9			1.0
5175.8			1.0
5176.7			1.0
5177.6			1.0
5178.5			1.0
5179.4			1.0
5180.3			1.0
5181.2			1.0
5182.1			1.0
5183.0			1.0
5183.9			1.0
5184.8			1.0
5185.7			1.0
5186.6			1.0
5187.5			1.0
5188.4			1.0
5189.3			1.0
5190.2			1.0
5191.1			1.0
5192.0			1.0
5192.9			1.0
5193.8			1.0
5194.7			0.997262419827358
5195.6			0.980853806275598
5196.5			0.9411177105340002
5197.4			0.9112576536665279
5198.3			0.9285183209469544
5199.2			0.9717139623847644
5200.1			1.0001327022766557
5201.0			1.0
5201.9			1.0
5202.8			1.0
5203.7			1.0
5204.6			1.0
5205.5			1.0
5206.4			1.0
5207.3			1.0
5208.2			1.0
5209.1			1.0
5210.0			1.0
5210.9			1.0
5211.8			1.0
5212.7			1.0
5213.6			1.0
5214.5			1.0
5215.4			1.0
5216.3			1.0
5217.2			1.0
5218.1			1.0
5219.0			1.0
5219.9			1.0
5220.8			1.0
5221.7			1.0
5222.6			1.0
5223.5			1.0
5224.4			1.0
5225.3			1.0
5226.2			1.0
5227.1			1.0
5228.0			1.0
5228.9			1.0
5229.8			1.0138804303801265
5230.7			1.0141972293028851
5231.6			1.0064957240610886
5232.5			0.9851361690680615
5233.4			0.9455150159971407
5234.3			0.9136304966078327
5235.2			0.9197656827614111
5236.1			0.9444446996368258
5237.0			0.9595781839837616
5237.9			0.9762122969701224
5238.8			1.0009692781693267
5239.7			1.0
5240.6			1.0
5241.5			1.0
5242.4			1.0
5243.3			1.0
5244.2			1.0
5245.1			1.0
5246.0			1.0
5246.9			1.0
5247.8			1.0
5248.7			1.0
5249.6			1.0
5250.5			1.0
5251.4			1.0
5252.3			1.0
5253.2			1.0
5254.1			1.0
5255.0			1.0
5255.9			1.0
5256.8			1.0
5257.7			1.0
5258.6			1.0
5259.5			1.0
5260.4			1.0
5261.3			1.0
5262.2			1.0
5263.1			1.0
5264.0			1.0
5264.9			1.0
5265.8			1.0
5266.7			1.0
5267.6			1.0
5268.5			1.0
5269.4			1.0
5270.3			1.0
5271.2			1.0
5272.1			1.0
5273.0			0.9880606391874435
5273.9			0.9600254743502511
5274.8			0.9066073375042139
5275.7			0.8715468038065307
5276.6			0.9011516807864619
5277.5			0.9654222696121503
5278.4			1.0000263765718929
5279.3			1.0
5280.2			1.0
5281.1			1.0
5282.0			1.0
5282.9			1.0
5283.8			1.0
5284.7			1.0
5285.6			1.0
5286.5			1.0
5287.4			1.0
5288.3			1.0
5289.2			1.0
5290.1			1.0
5291.0			1.0
5291.9			1.0
5292.8			1.0
5293.7			1.0
5294.6			1.0
5295.5			1.0
5296.4			1.0
5297.3			1.0
5298.2			1.0
5299.1			1.0
5300.0			1.0
5300.9			1.0
5301.8			1.0
5302.7			1.0
5303.6			1.0
5304.5			1.0
5305.4			1.0
5306.3			1.0
5307.2			1.0
5308.1			1.0
5309.0			1.0
5309.9			1.0
5310.8			1.0
5311.7			1.0
5312.6			1.0
5313.5			0.9794408184375343
5314.4			0.957574767624489
5315.3			0.9112538837189559
5316.2			0.8618613076047391
5317.1			0.8737082950484507
5318.0			0.9420243033932172
5318.9			1.0000411709805592
5319.8			1.0
5320.7			1.0
5321.6			1.0
5322.5			1.0
5323.4			1.0
5324.3			1.0
5325.2			1.0
5326.1			1.0
5327.0			1.0
5327.9			1.0
5328.8			1.0
5329.7			1.0
5330.6			1.0
5331.5			1.0
5332.4			1.0
5333.3			1.0
5334.2			1.0
5335.1			1.0
5336.0			1.0
5336.9			1.0
5337.8			1.0
5338.7			1.0
5339.6			1.0
5340.5			1.0
5341.4			1.0
5342.3			1.0
5343.2			1.0
5344.1			1.0
5345.0			1.0
5345.9			1.0
5346.8			1.0
5347.7			1.0
5348.6			1.0
5349.5			1.0
5350.4			1.0
5351.3			1.0
5352.2			1.0
5353.1			1.0
5354.0			1.0
5354.9			1.0
5355.8			1.0
5356.7			1.0
5357.6			1.0
5358.5			1.0
5359.4			1.0
5360.3			1.0
5361.2			1.0
5362.1			1.0
5363.0			1.0
5363.9			1.0
5364.8			1.0
5365.7			1.0
5366.6			1.0
5367.5			1.0
5368.4			1.0
5369.3			1.0
5370.2			1.0
5371.1			1.0
5372.0			1.0
5372.9			1.0
5373.8			1.0
5374.7			1.0
5375.6			1.0
5376.5			1.0
5377.4			1.0
5378.3			1.0
5379.2			1.0
5380.1			1.0
5381.0			1.0
5381.9			1.0
5382.8			1.0
5383.7			1.0
5384.6			1.0
5385.5			1.0
5386.4			1.0
5387.3			1.0
5388.2			1.0
5389.1			1.0
5390.0			1.0
5390.9			1.0
5391.8			1.0
5392.7			1.0
5393.6			1.0
5394.5			1.0
5395.4			1.0
5396.3			1.0
5397.2			1.0
5398.1			1.0
5399.0			1.0
5399.9			1.0
5400.8			1.0
5401.7			1.0
5402.6			1.0
5403.5			1.0
5404.4			1.0
5405.3			1.0
5406.2			1.0
5407.1			1.0
5408.0			1.0
5408.9			1.0
5409.8			1.0
5410.7			1.0
5411.6			1.0
5412.5			1.0
5413.4			1.0
5414.3			1.0
5415.2			1.0
5416.1			1.0
5417.0			1.0
5417.9			1.0
5418.8			1.0
5419.7			1.0
5420.6			1.0
5421.5			1.0
5422.4			1.0
5423.3			1.0
5424.2			1.0
5425.1			1.0
5426.0			1.0
5426.9			1.0
5427.8			1.0
5428.7			1.0
5429.6			1.0
5430.5			1.0
5431.4			1.0
5432.3			1.0
5433.2			1.0
5434.1			1.0
5435.0			1.0
5435.9			1.0
5436.8			1.0
5437.7			1.0
5438.6			1.0
5439.5			1.0
5440.4			1.0
5441.3			1.0
5442.2			1.0
5443.1			1.0
5444.0			1.0
5444.9			1.0
5445.8			1.0
5446.7			1.0
5447.6			1.0
5448.5			1.0
5449.4			1.0
5450.3			1.0
5451.2			1.0
5452.1			1.0
5453.0			1.0
5453.9			1.0
5454.8			1.0
5455.7			1.0
5456.6			1.0
5457.5			1.0
5458.4			1.0
5459.3			1.0
5460.2			1.0
5461.1			1.0
5462.0			1.0
5462.9			1.0
5463.8			1.0
5464.7			1.0
5465.6			1.0
5466.5			1.0
5467.4			1.0
5468.3			1.0
5469.2			1.0
5470.1			1.0
5471.0			1.0
5471.9			1.0
5472.8			1.0
5473.7			1.0
5474.6			1.0
5475.5			1.0
5476.4			1.0
5477.3			1.0
5478.2			1.0
5479.1			1.0
5480.0			1.0
5480.9			1.0
5481.8			1.0
5482.7			1.0
5483.6			1.0
5484.5			1.0
5485.4			1.0
5486.3			1.0
5487.2			1.0
5488.1			1.0
5489.0			1.0
5489.9			1.0
5490.8			1.0
5491.7			1.0
5492.6			1.0
5493.5			1.0
5494.4			1.0
5495.3			1.0
5496.2			1.0
5497.1			1.0
5498.0			1.0
5498.9			1.0
5499.8			1.0
5500.7			1.0
5501.6			1.0
5502.5			1.0
5503.4			1.0
5504.3			1.0
5505.2			1.0
5506.1			1.0
5507.0			1.0
5507.9			1.0
5508.8			1.0
5509.7			1.0
5510.6			1.0
5511.5			1.0
5512.4			1.0
5513.3			1.0
5514.2			1.0
5515.1			1.0
5516.0			1.0
5516.9			1.0
5517.8			1.0
5518.7			1.0
5519.6			1.0
5520.5			1.0
5521.4			1.0
5522.3			1.0
5523.2			1.0
5524.1			1.0
5525.0			1.0
5525.9			1.0
5526.8			1.0
5527.7			1.0
5528.6			1.0
5529.5			1.0
5530.4			1.0
5531.3			1.0
5532.2			1.0
5533.1			1.0
5534.0			1.0
5534.9			1.0
5535.8			1.0
5536.7			1.0
5537.6			1.0
5538.5			1.0
5539.4			1.0
5540.3			1.0
5541.2			1.0
5542.1			1.0
5543.0			1.0
5543.9			1.0
5544.8			1.0
5545.7			1.0
5546.6			1.0
5547.5			1.0
5548.4			1.0
5549.3			1.0
5550.200000000001			1.0
5551.1			1.0
5552.0			1.0
5552.9			1.0
5553.8			1.0
5554.700000000001			1.0
5555.6			1.0
5556.5			1.0
5557.4			1.0
5558.3			1.0
5559.200000000001			1.0
5560.1			1.0
5561.0			1.0
5561.9			1.0
5562.8			1.0
5563.700000000001			1.0
5564.6			1.0
5565.5			1.0
5566.4			1.0
5567.3			1.0
5568.200000000001			1.0
5569.1			1.0
5570.0			1.0
5570.9			1.0
5571.8			1.0
5572.700000000001			1.0
5573.6			1.0
5574.5			1.0
5575.4			1.0
5576.3			1.0
5577.200000000001			1.0
5578.1			1.0
5579.0			1.0
5579.9			1.0
5580.8			1.0
5581.700000000001			1.0
5582.6			1.0
5583.5			1.0
5584.4			1.0
5585.3			1.0
5586.200000000001			1.0
5587.1			1.0
5588.0			1.0
5588.9			1.0
5589.8			1.0
5590.700000000001			1.0
5591.6			1.0
5592.5			1.0
5593.4			1.0
5594.3			1.0
5595.200000000001			1.0
5596.1			1.0
5597.0			1.0
5597.9			1.0
5598.8			1.0
5599.700000000001			1.0
5600.6			1.0
5601.5			1.0
5602.4			1.0
5603.3			1.0
5604.200000000001			1.0
5605.1			1.0
5606.0			1.0
5606.9			1.0
5607.8			1.0
5608.700000000001			1.0
5609.6			1.0
5610.5			1.0
5611.4			1.0
5612.3			1.0
5613.200000000001			1.0
5614.1			1.0
5615.0			1.0
5615.9			1.0
5616.8			1.0
5617.700000000001			1.0
5618.6			1.0
5619.5			1.0
5620.4			1.0
5621.3			1.0
5622.200000000001			1.0
5623.1			1.0
5624.0			1.0
5624.9			1.0
5625.8			1.0
5626.700000000001			1.0
5627.6			1.0
5628.5			1.0
5629.4			1.0
5630.3			1.0
5631.200000000001			1.0
5632.1			1.0
5633.0			1.0
5633.9			1.0
5634.8			1.0
5635.700000000001			1.0
5636.6			1.0
5637.5			1.0
5638.4			1.0
5639.3			1.0
5640.200000000001			1.0
5641.1			1.0
5642.0			1.0
5642.9			1.0
5643.8			1.0
5644.700000000001			1.0
5645.6			1.0
5646.5			1.0
5647.4			1.0
5648.3			1.0
5649.200000000001			1.0
5650.1			1.0
5651.0			1.0
5651.9			1.0
5652.8			1.0
5653.700000000001			1.0
5654.6			1.0
5655.5			1.0
5656.4			1.0
5657.3			1.0
5658.200000000001			1.0
5659.1			1.0
5660.0			1.0
5660.9			1.0
5661.8			1.0
5662.700000000001			1.0
5663.6			1.0
5664.5			1.0
5665.4			1.0
5666.3			1.0
5667.200000000001			1.0
5668.1			1.0
5669.0			1.0
5669.9			1.0
5670.8			1.0
5671.700000000001			1.0
5672.6			1.0
5673.5			1.0
5674.4			1.0
5675.3			1.0
5676.200000000001			1.0
5677.1			1.0
5678.0			1.0
5678.9			1.0
5679.8			1.0
5680.700000000001			1.0
5681.6			1.0
5682.5			1.0
5683.4			1.0
5684.3			1.0
5685.200000000001			1.0
5686.1			1.0
5687.0			1.0
5687.9			1.0
5688.8			1.0
5689.700000000001			1.0
5690.6			1.0
5691.5			1.0
5692.4			1.0
5693.3			1.0
5694.200000000001			1.0
5695.1			1.0
5696.0			1.0
5696.9			1.0
5697.8			1.0
5698.700000000001			1.0
5699.6			1.0
5700.5			1.0
5701.4			1.0
5702.3			1.0
5703.200000000001			1.0
5704.1			1.0
5705.0			1.0
5705.9			1.0
5706.8			1.0
5707.700000000001			1.0
5708.6			1.0
5709.5			1.0
5710.4			1.0
5711.3			1.0
5712.200000000001			1.0
5713.1			1.0
5714.0			1.0
5714.9			1.0
5715.8			1.0
5716.700000000001			1.0
5717.6			1.0
5718.5			1.0
5719.4			1.0
5720.3			1.0
5721.200000000001			1.0
5722.1			1.0
5723.0			1.0
5723.9			1.0
5724.8			1.0
5725.700000000001			1.0
5726.6			1.0
5727.5			1.0
5728.4			1.0
5729.3			1.0
5730.200000000001			1.0
5731.1			1.0
5732.0			1.0
5732.9			1.0
5733.8			1.0
5734.700000000001			1.0
5735.6			1.0
5736.5			1.0
5737.4			1.0
5738.3			1.0
5739.200000000001			1.0
5740.1			1.0
5741.0			1.0
5741.9			1.0
5742.8			1.0
5743.700000000001			1.0
5744.6			1.0
5745.5			1.0
5746.4			1.0
5747.3			1.0
5748.200000000001			1.0
5749.1			1.0
5750.0			1.0
5750.9			1.0
5751.8			1.0
5752.700000000001			1.0
5753.6			1.0
5754.5			1.0
5755.4			1.0
5756.3			1.0
5757.200000000001			1.0
5758.1			1.0
5759.0			1.0
5759.9			1.0
5760.8			1.0
5761.700000000001			1.0
5762.6			1.0
5763.5			1.0
5764.4			1.0
5765.3			1.0
5766.200000000001			1.0
5767.1			1.0
5768.0			1.0
5768.9			1.0
5769.8			1.0
5770.700000000001			1.0
5771.6			1.0
5772.5			1.0
5773.4			1.0
5774.3			1.0
5775.200000000001			1.0
5776.1			1.0
5777.0			0.9920961351900534
5777.9			0.9821467319983693
5778.8			0.9516742401980057
5779.700000000001			0.8978153715368656
5780.6			0.8620946854235452
5781.5			0.8786246143667342
5782.4			0.9273501713522442
5783.3			0.9735320849733584
5784.200000000001			1.0004212083687707
5785.1			1.0
5786.0			1.0
5786.9			1.0
5787.8			1.0
5788.700000000001			1.0
5789.6			1.0
5790.5			1.0
5791.4			1.0
5792.3			1.0
5793.200000000001			1.0
5794.1			1.0
5795.0			1.0
5795.9			1.0
5796.8			1.0
5797.700000000001			1.0
5798.6			1.0
5799.5			1.0
5800.4			1.0
5801.3			1.0
5802.200000000001			1.0
5803.1			1.0
5804.0			1.0
5804.9			1.0
5805.8			1.0
5806.700000000001			1.0
5807.6			1.0
5808.5			1.0
5809.4			1.0
5810.3			1.0
5811.200000000001			1.0
5812.1			1.0
5813.0			1.0
5813.9			1.0
5814.8			1.0
5815.700000000001			1.0
5816.6			1.0
5817.5			1.0
5818.4			1.0
5819.3			1.0
5820.200000000001			1.0
5821.1			1.0
5822.0			1.0
5822.9			1.0
5823.8			1.0
5824.700000000001			1.0
5825.6			1.0
5826.5			1.0
5827.4			1.0
5828.3			1.0
5829.200000000001			1.0
5830.1			1.0
5831.0			1.0
5831.9			1.0
5832.8			1.0
5833.700000000001			1.0
5834.6			1.0
5835.5			1.0
5836.4			1.0
5837.3			1.0
5838.200000000001			1.0
5839.1			1.0
5840.0			1.0
5840.9			1.0
5841.8			1.0
5842.700000000001			1.0
5843.6			1.0
5844.5			1.0
5845.4			1.0
5846.3			1.0
5847.200000000001			1.0
5848.1			1.0
5849.0			1.0
5849.9			1.0
5850.8			1.0
5851.700000000001			1.0
5852.6			1.0
5853.5			1.0
5854.4			1.0
5855.3			1.0
5856.200000000001			1.0
5857.1			1.0
5858.0			1.0
5858.9			1.0
5859.8			1.0
5860.700000000001			1.0
5861.6			1.0
5862.5			1.0
5863.4			1.0
5864.3			1.0
5865.200000000001			1.0
5866.1			1.0
5867.0			1.0
5867.9			1.0
5868.8			1.0
5869.700000000001			1.0
5870.6			1.0
5871.5			1.0
5872.4			1.0
5873.3			1.0
5874.200000000001			1.0
5875.1			1.0
5876.0			1.0
5876.9			1.0
5877.8			1.0
5878.700000000001			1.0
5879.6			1.0
5880.5			1.0
5881.4			1.0
5882.3			1.0
5883.200000000001			1.0
5884.1			1.0
5885.0			1.0
5885.9			1.0
5886.8			1.0
5887.700000000001			0.9586875345103147
5888.6			0.785645856590932
5889.5			0.5628122516275109
5890.4			0.5386306001236723
5891.3			0.7411546659772558
5892.200000000001			0.9388639297321111
5893.1			1.003563699469449
5894.0			1.0
5894.9			1.0
5895.8			1.0
5896.700000000001			1.0
5897.6			1.0
5898.5			1.0
5899.4			1.0
5900.3			1.0
5901.200000000001			1.0
5902.1			1.0
5903.0			1.0
5903.9			1.0
5904.8			1.0
5905.700000000001			1.0
5906.6			1.0
5907.5			1.0
5908.4			1.0
5909.3			1.0
5910.200000000001			1.0
5911.1			1.0
5912.0			1.0
5912.9			1.0
5913.8			1.0
5914.700000000001			1.0
5915.6			1.0
5916.5			1.0
5917.4			1.0
5918.3			1.0
5919.200000000001			1.0
5920.1			1.0
5921.0			1.0
5921.9			1.0
5922.8			1.0
5923.700000000001			1.0
5924.6			1.0
5925.5			1.0
5926.4			1.0
5927.3			1.0
5928.200000000001			1.0
5929.1			1.0
5930.0			1.0
5930.9			1.0
5931.8			1.0
5932.700000000001			1.0
5933.6			1.0
5934.5			1.0
5935.4			1.0
5936.3			1.0
5937.200000000001			1.0
5938.1			1.0
5939.0			1.0
5939.9			1.0
5940.8			1.0
5941.700000000001			1.0
5942.6			1.0
5943.5			1.0
5944.4			1.0
5945.3			1.0
5946.200000000001			1.0
5947.1			1.0
5948.0			1.0
5948.9			1.0
5949.8			1.0
5950.700000000001			1.0
5951.6			1.0
5952.5			1.0
5953.4			1.0
5954.3			1.0
5955.200000000001			1.0
5956.1			1.0
5957.0			1.0
5957.9			1.0
5958.8			1.0
5959.700000000001			1.0
5960.6			1.0
5961.5			1.0
5962.4			1.0
5963.3			1.0
5964.200000000001			1.0
5965.1			1.0
5966.0			1.0
5966.9			1.0
5967.8			1.0
5968.700000000001			1.0
5969.6			1.0
5970.5			1.0
5971.4			1.0
5972.3			1.0
5973.200000000001			1.0
5974.1			1.0
5975.0			1.0
5975.9			1.0
5976.8			1.0
5977.700000000001			1.0
5978.6			1.0
5979.5			1.0
5980.4			1.0
5981.3			1.0
5982.200000000001			1.0
5983.1			1.0
5984.0			1.0
5984.9			1.0
5985.8			1.0
5986.700000000001			1.0
5987.6			1.0
5988.5			1.0
5989.4			1.0
5990.3			1.0
5991.200000000001			1.0
5992.1			1.0
5993.0			1.0
5993.9			1.0
5994.8			1.0
5995.700000000001			1.0
5996.6			1.0
5997.5			1.0
5998.4			1.0
5999.3			1.0
6000.200000000001			1.0
6001.1			1.0
6002.0			1.0
6002.9			1.0
6003.8			1.0
6004.700000000001			1.0
6005.6			1.0
6006.5			1.0
6007.4			1.0
6008.3			1.0
6009.200000000001			1.0
6010.1			1.0
6011.0			1.0
6011.9			1.0
6012.8			1.0
6013.700000000001			1.0
6014.6			1.0
6015.5			1.0
6016.4			1.0
6017.3			1.0
6018.200000000001			1.0
6019.1			1.0
6020.0			1.0
6020.9			1.0
6021.8			1.0
6022.700000000001			1.0
6023.6			1.0
6024.5			1.0
6025.4			1.0
6026.3			1.0
6027.200000000001			1.0
6028.1			1.0
6029.0			1.0
6029.9			1.0
6030.8			1.0
6031.700000000001			1.0
6032.6			1.0
6033.5			1.0
6034.4			1.0
6035.3			1.0
6036.200000000001			1.0
6037.1			1.0
6038.0			1.0
6038.9			1.0
6039.8			1.0
6040.700000000001			1.0
6041.6			1.0
6042.5			1.0
6043.4			1.0
6044.3			1.0
6045.200000000001			1.0
6046.1			1.0
6047.0			1.0
6047.9			1.0
6048.8			1.0
6049.700000000001			1.0
6050.6			1.0
6051.5			1.0
6052.4			1.0
6053.3			1.0
6054.200000000001			1.0
6055.1			1.0
6056.0			1.0
6056.9			1.0
6057.8			1.0
6058.700000000001			1.0
6059.6			1.0
6060.5			1.0
6061.4			1.0
6062.3			1.0
6063.200000000001			1.0
6064.1			1.0
6065.0			1.0
6065.9			1.0
6066.8			1.0
6067.700000000001			1.0
6068.6			1.0
6069.5			1.0
6070.4			1.0
6071.3			1.0
6072.200000000001			1.0
6073.1			1.0
6074.0			1.0
6074.9			1.0
6075.8			1.0
6076.700000000001			1.0
6077.6			1.0
6078.5			1.0
6079.4			1.0
6080.3			1.0
6081.200000000001			1.0
6082.1			1.0
6083.0			1.0
6083.9			1.0
6084.8			1.0
6085.700000000001			1.0
6086.6			1.0
6087.5			1.0
6088.4			1.0
6089.3			1.0
6090.200000000001			1.0
6091.1			1.0
6092.0			1.0
6092.9			1.0
6093.8			1.0
6094.700000000001			1.0
6095.6			1.0
6096.5			1.0
6097.4			1.0
6098.3			1.0
6099.200000000001			1.0
6100.1			1.0
6101.0			1.0
6101.9			1.0
6102.8			1.0
6103.700000000001			1.0
6104.6			1.0
6105.5			1.0
6106.4			1.0
6107.3			1.0
6108.200000000001			1.0
6109.1			1.0
6110.0			1.0
6110.9			1.0
6111.8			1.0
6112.700000000001			1.0
6113.6			1.0
6114.5			1.0
6115.4			1.0
6116.3			1.0
6117.200000000001			1.0
6118.1			1.0
6119.0			1.0
6119.9			1.0
6120.8			1.0
6121.700000000001			1.0
6122.6			1.0
6123.5			1.0
6124.4			1.0
6125.3			1.0
6126.200000000001			1.0
6127.1			1.0
6128.0			1.0
6128.9			1.0
6129.8			1.0
6130.700000000001			1.0
6131.6			1.0
6132.5			1.0
6133.4			1.0
6134.3			1.0
6135.200000000001			1.0
6136.1			1.0
6137.0			1.0
6137.9			1.0
6138.8			1.0
6139.700000000001			1.0
6140.6			1.0
6141.5			1.0
6142.4			1.0
6143.3			1.0
6144.200000000001			1.0
6145.1			1.0
6146.0			1.0
6146.9			1.0
6147.8			1.0
6148.700000000001			1.0
6149.6			1.0
6150.5			1.0
6151.4			1.0
6152.3			1.0
6153.200000000001			1.0
6154.1			1.0
6155.0			1.0
6155.9			1.0
6156.8			1.0
6157.700000000001			1.0
6158.6			1.0
6159.5			1.0
6160.4			1.0
6161.3			1.0
6162.200000000001			1.0
6163.1			1.0
6164.0			1.0
6164.9			0.9911376435497
6165.8			0.9852339630994467
6166.700000000001			0.9828717898424201
6167.6			0.9848899421480082
6168.5			0.984941013242537
6169.4			0.9776014285046449
6170.3			0.9673041068663886
6171.200000000001			0.9657894199052964
6172.1			0.9729433132755733
6173.0			0.9770211681700998
6173.9			0.972491906403094
6174.8			0.9632833660578688
6175.700000000001			0.9617370632141573
6176.6			0.9753865875880307
6177.5			0.9812682149958599
6178.4			0.9710174103264891
6179.3			0.9637316577118713
6180.200000000001			0.9658716688592284
6181.1			0.9718210088239401
6182.0			0.9701036052324412
6182.9			0.9728932857724983
6183.8			0.980301264592424
6184.700000000001			0.9804248639845596
6185.6			0.9807942226719589
6186.5			0.9825384274560904
6187.4			0.9802097711536564
6188.3			0.9744904552497413
6189.200000000001			0.9735790128581494
6190.1			0.9804874831126903
6191.0			0.9868629097050452
6191.9			0.987448890351639
6192.8			0.983041077907663
6193.700000000001			0.9729814598016199
6194.6			0.9654024411174178
6195.5			0.9641541038589595
6196.4			0.9684383204106283
6197.3			0.9752031824549378
6198.200000000001			0.976976020331163
6199.1			0.9769081022146667
6200.0			0.9741038380530712
6200.9			0.9664721306436469
6201.8			0.9537665963231586
6202.700000000001			0.9435764350888405
6203.6			0.9399923728809592
6204.5			0.9472603673856833
6205.4			0.9573498759686612
6206.3			0.9575572374924244
6207.200000000001			0.9616439597192652
6208.1			0.9730714981510179
6209.0			0.9801506503691062
6209.9			0.9871684300370105
6210.8			0.9878205443465053
6211.700000000001			0.9777367193349097
6212.6			0.9753388060909651
6213.5			0.9826645985515016
6214.4			0.9842329066952183
6215.3			0.98423938463556
6216.200000000001			0.9857584992233946
6217.1			0.9842965075125191
6218.0			0.98441120980292
6218.9			0.9823901037579
6219.8			0.9776929302573689
6220.700000000001			0.983376585449673
6221.6			0.9870651706991146
6222.5			0.9856910596314904
6223.4			0.9834442730723336
6224.3			0.9844297376155304
6225.200000000001			0.9896439437764416
6226.1			0.9949473220350863
6227.0			0.9936328039467678
6227.9			0.9862245019239899
6228.8			0.985549255051487
6229.700000000001			0.9921482356637654
6230.6			0.9959822555381624
6231.5			0.9952258088542939
6232.4			0.9911986494891395
6233.3			0.982420492354382
6234.200000000001			0.9770105934749979
6235.1			0.9830147449595082
6236.0			0.9844754265212365
6236.9			0.972384769355931
6237.8			0.9573154381146123
6238.700000000001			0.9519541527356878
6239.6			0.961893863711425
6240.5			0.9814761522101175
6241.4			0.9893214495357002
6242.3			0.9859260108976046
6243.200000000001			0.9889960388791329
6244.1			0.9955490604923042
6245.0			0.9867547178076046
6245.9			0.958146573371936
6246.8			0.9252332187171447
6247.700000000001			0.9203475208976362
6248.6			0.9540676985752212
6249.5			0.9908536738017709
6250.4			1.0063163248372973
6251.3			1.008049031470611
6252.200000000001			1.001664039218211
6253.1			0.99446053578522
6254.0			0.9891982538519664
6254.9			0.9926664964996637
6255.8			1.0005280535591028
6256.700000000001			1.0021989172020387
6257.6			0.9991545561239225
6258.5			1.0024326753962562
6259.4			1.0046036033509873
6260.3			0.9986274384192747
6261.200000000001			0.9986091853022098
6262.1			1.000367029730598
6263.0			1.002577513234471
6263.9			1.0067284177872013
6264.8			1.0027115548917886
6265.700000000001			0.9962695587342656
6266.6			0.9913073814718036
6267.5			0.9830070451406104
6268.4			0.9722362508378473
6269.3			0.9606448772639692
6270.200000000001			0.9550808078346018
6271.1			0.9626514087686407
6272.0			0.978239190966035
6272.9			0.9886967919473055
6273.8			0.995036709245243
6274.700000000001			0.9973205006914597
6275.6			0.9957340083734664
6276.5			0.9849408802159768
6277.4			0.9661460017360279
6278.3			0.9455443300266877
6279.200000000001			0.935866556275461
6280.1			0.9309268454851268
6281.0			0.9160955417921293
6281.9			0.8917590648055295
6282.8			0.8545715907700916
6283.700000000001			0.8162729085924617
6284.6			0.804414056879798
6285.5			0.8353973289023505
6286.4			0.8898556132645906
6287.3			0.9294332645873381
6288.200000000001			0.9477995103187395
6289.1			0.9532494404655195
6290.0			0.9600348239753418
6290.9			0.9724824126930328
6291.8			0.9829643733978286
6292.700000000001			0.9893024577483933
6293.6			0.9963996210326238
6294.5			1.0040884346095096
6295.4			1.002158869396967
6296.3			0.9895782681661466
6297.200000000001			0.9837353259484123
6298.1			0.9869938288848479
6299.0			0.9851964239692589
6299.9			0.9815862343300753
6300.8			0.9873681446115209
6301.700000000001			0.9967630116452946
6302.6			0.9955025676478483
6303.5			0.9839799492921697
6304.4			0.9738779150722658
6305.3			0.970512094717956
6306.200000000001			0.9721036093463981
6307.1			0.9709774320238334
6308.0			0.972319864864724
6308.9			0.9760821606453907
6309.8			0.9752030652287118
6310.700000000001			0.974048413946095
6311.6			0.9779600686336224
6312.5			0.9832571618488096
6313.4			0.9868505973543796
6314.3			0.9825350298929169
6315.200000000001			0.9736044358203667
6316.1			0.9643746410951497
6317.0			0.9557505662311846
6317.9			0.9532825363862218
6318.8			0.9625262239664799
6319.700000000001			0.9682333918129644
6320.6			0.9643380001440214
6321.5			0.9665568023852372
6322.4			0.9784986815113279
6323.3			0.9904978293615782
6324.200000000001			0.9832949079888074
6325.1			0.972112948540212
6326.0			0.9722855266035003
6326.9			0.9744114219547896
6327.8			0.9795803418098042
6328.700000000001			0.9821458227338807
6329.6			0.9762960906489542
6330.5			0.9669759547628196
6331.4			0.9632070288277848
6332.3			0.9667955277486797
6333.200000000001			0.9790116705382046
6334.1			0.9859272729309816
6335.0			0.9813757844236469
6335.9			0.9765177659570772
6336.8			0.976143511058191
6337.700000000001			0.9789151129469801
6338.6			0.9829236633658498
6339.5			0.9825557028224053
6340.4			0.9790058091299985
6341.3			0.9809187540397708
6342.200000000001			0.9854365871086842
6343.1			0.9838331316136395
6344.0			0.9685573633598065
6344.9			0.9227738095820859
6345.8			0.8295756526218716
6346.700000000001			0.7587007958836999
6347.6			0.7998958669409796
6348.5			0.9003569463579546
6349.4			0.9591373495599691
6350.3			0.9711373742007143
6351.200000000001			0.9693357645938355
6352.1			0.9627036949508414
6353.0			0.9529190424519748
6353.9			0.9506975562825347
6354.8			0.9613715133316559
6355.700000000001			0.972466705794309
6356.6			0.973395849141657
6357.5			0.9759675519858496
6358.4			0.9825836692844154
6359.3			0.9814359574051267
6360.200000000001			0.980925106116697
6361.1			0.981333187996778
6362.0			0.9697834278761005
6362.9			0.9613588646294805
6363.8			0.9695162695055648
6364.700000000001			0.9773677365569706
6365.6			0.9726512232255137
6366.5			0.969634935609319
6367.4			0.9705834508785149
6368.3			0.9624215196106218
6369.200000000001			0.9188257464117935
6370.1			0.8364201776158894
6371.0			0.7852377552448623
6371.9			0.8300177624541777
6372.8			0.9140614288164123
6373.700000000001			0.9613553467343903
6374.6			0.9696107847206324
6375.5			0.9660229307369009
6376.4			0.9618318803561658
6377.3			0.9597776947586675
6378.200000000001			0.9600774769547241
6379.1			0.9557980342361289
6380.0			0.954230429345891
6380.9			0.9610674057981891
6381.8			0.9677184574489347
6382.700000000001			0.9659661963650881
6383.6			0.9629524633399313
6384.5			0.9646683220279343
6385.4			0.9695415495166314
6386.3			0.9799531663527447
6387.200000000001			0.9877046019960276
6388.1			0.9866084100071087
6389.0			0.9855939196600294
6389.9			0.985141489318508
6390.8			0.986165529213045
6391.700000000001			0.9898830081702505
6392.6			0.9869570553837537
6393.5			0.9828832503731375
6394.4			0.9914137352520344
6395.3			0.9953411401274105
6396.200000000001			0.9878558932672769
6397.1			0.9869000540000491
6398.0			0.9897057610079945
6398.9			0.9840965017278814
6399.8			0.9797642011188806
6400.700000000001			0.9786964487408929
6401.6			0.9802642202499006
6402.5			0.9885742955047594
6403.4			0.9925713308474782
6404.3			0.9906928575939014
6405.200000000001			0.9948645506264066
6406.1			0.9994850994720804
6407.0			0.9934101203882308
6407.9			0.9887861580987551
6408.8			0.9912199782902807
6409.700000000001			0.995327444471976
6410.6			0.9931098329456808
6411.5			0.9888598753500154
6412.4			0.9913177327866823
6413.3			0.9955320948646471
6414.200000000001			0.9926729161442318
6415.1			0.9815612642945301
6416.0			0.9650411862304977
6416.9			0.9588879444151062
6417.8			0.9721974689388175
6418.700000000001			0.9824086412495189
6419.6			0.9850781822461611
6420.5			0.99036969549125
6421.4			0.9904702582976865
6422.3			0.984171709076637
6423.200000000001			0.9801810114789163
6424.1			0.9804307065248881
6425.0			0.9818497666028257
6425.9			0.9832791733884663
6426.8			0.9862197525211409
6427.700000000001			0.9880730676649626
6428.6			0.9881646471152594
6429.5			0.9872070940680919
6430.4			0.9867363086962677
6431.3			0.9810424809203485
6432.200000000001			0.9722090572972777
6433.1			0.9678928706071376
6434.0			0.975321577811877
6434.9			0.9855957516234846
6435.8			0.9887818359488221
6436.700000000001			0.9902399087512215
6437.6			0.9840823688159743
6438.5			0.9761467848113183
6439.4			0.9805626495048437
6440.3			0.9804536211565676
6441.200000000001			0.9751822911813024
6442.1			0.971697107594782
6443.0			0.9707298061465444
6443.9			0.9727615759391701
6444.8			0.9705622390861708
6445.700000000001			0.9685450031879047
6446.6			0.9711506079424858
6447.5			0.9709172529445441
6448.4			0.9724328599834607
6449.3			0.9729749282342546
6450.200000000001			0.9708571743526538
6451.1			0.9657715845606589
6452.0			0.9634186196305173
6452.9			0.9611569138656604
6453.8			0.943656473775104
6454.700000000001			0.9029707118801941
6455.6			0.8689052996092618
6456.5			0.881127808623695
6457.4			0.9274665521288351
6458.3			0.9645484931479072
6459.200000000001			0.975230294855751
6460.1			0.9708381214686103
6461.0			0.9658685519979097
6461.9			0.9610169835037188
6462.8			0.9674402585067416
6463.700000000001			0.9781333047058879
6464.6			0.9773943074994846
6465.5			0.9729147580667438
6466.4			0.9749900735549827
6467.3			0.9786290808891214
6468.200000000001			0.9774892894859468
6469.1			0.9736724688573215
6470.0			0.9666827741502562
6470.9			0.9663894178469139
6471.8			0.978731628489328
6472.700000000001			0.984640860648754
6473.6			0.9738622654820428
6474.5			0.9582003669192114
6475.4			0.9525064794349359
6476.3			0.9558035063401047
6477.200000000001			0.9641414640390212
6478.1			0.9735740259166353
6479.0			0.9710459365958563
6479.9			0.9622749968520795
6480.8			0.9545249673330668
6481.700000000001			0.9443775848269661
6482.6			0.9445988889804477
6483.5			0.9535002635016168
6484.4			0.9559730688955421
6485.3			0.9557809270585358
6486.200000000001			0.961627718283078
6487.1			0.962748168466618
6488.0			0.9572727002303919
6488.9			0.9586596413867089
6489.8			0.9609366104476852
6490.700000000001			0.9543641312881842
6491.6			0.9495144828083387
6492.5			0.9504808497935666
6493.4			0.9471006090000101
6494.3			0.9460892115701983
6495.200000000001			0.9522251752376701
6496.1			0.9543590351305483
6497.0			0.9585430775233571
6497.9			0.9668732725464461
6498.8			0.9701090297539865
6499.700000000001			0.9686842391771742
6500.6			0.9715534204078063
6501.5			0.9784775636427939
6502.4			0.9812977884914532
6503.3			0.9778807096343233
6504.200000000001			0.9738609891573567
6505.1			0.9754642254786514
6506.0			0.9784053168069966
6506.9			0.977963708223024
6507.8			0.9792288186890786
6508.700000000001			0.9746881357300136
6509.6			0.970946066972869
6510.5			0.9779705697334767
6511.4			0.9864197686434053
6512.3			0.9907950936416905
6513.200000000001			0.9832945587870855
6514.1			0.9681012981918105
6515.0			0.9540719082817358
6515.9			0.9450893020787821
6516.8			0.9485730385914269
6517.700000000001			0.9615267887399237
6518.6			0.97165876530297
6519.5			0.9706974360856117
6520.4			0.9587658850012314
6521.3			0.9560741178647362
6522.200000000001			0.9613643280817459
6523.1			0.9654047914785521
6524.0			0.9674844341779132
6524.9			0.9626088327380238
6525.8			0.95368268030702
6526.700000000001			0.9459057426767198
6527.6			0.9442055281065251
6528.5			0.9478633999149354
6529.4			0.9517703497653511
6530.3			0.9549683928322278
6531.200000000001			0.9509264009158077
6532.1			0.9424879676319816
6533.0			0.942619533483089
6533.9			0.9520571882497783
6534.8			0.9562536646890851
6535.700000000001			0.9591182966081813
6536.6			0.9590674818687807
6537.5			0.9554444652516834
6538.4			0.9569206533961968
6539.3			0.9576739108482135
6540.200000000001			0.9565796101638931
6541.1			0.9653610282870141
6542.0			0.9733818149526583
6542.9			0.971303023972284
6543.8			0.9680978711531318
6544.700000000001			0.9638705452891372
6545.6			0.9615665082445359
6546.5			0.9706114390400459
6547.4			0.9838006032345489
6548.3			0.9867169301219687
6549.200000000001			0.9835223048525713
6550.1			0.987305203298625
6551.0			0.9970635485986984
6551.9			0.9986024327850023
6552.8			0.9957297235532379
6553.700000000001			0.9992218507818201
6554.6			1.010687721344077
6555.5			1.0218809911779536
6556.4			1.0226665801757888
6557.3			1.0027759332396846
6558.200000000001			0.9081388270318338
6559.1			0.739245690225827
6560.0			0.659209904482969
6560.9			0.8449561361512723
6561.8			1.2576388183094824
6562.700000000001			1.6210959332347417
6563.6			1.6543835770580522
6564.5			1.405501905243642
6565.4			1.15764074484004
6566.3			1.0511297610221928
6567.200000000001			1.0252233689206798
6568.1			1.0128747014403385
6569.0			1.0077393914865098
6569.9			1.0092822965125685
6570.8			1.007344798233976
6571.700000000001			1.0020621602840307
6572.6			1.0030583019455435
6573.5			1.0038295624897648
6574.4			0.9950756494591441
6575.3			0.9854531165825954
6576.200000000001			0.9841619911547124
6577.1			0.9855131924406694
6578.0			0.9868159098722842
6578.9			0.9885977116053153
6579.8			0.9879721894974807
6580.700000000001			0.9860809423045847
6581.6			0.9874795606860922
6582.5			0.9865445338085228
6583.4			0.9797548741322265
6584.3			0.973627630006064
6585.200000000001			0.9682465665788267
6586.1			0.9634935147917767
6587.0			0.9639180001381912
6587.9			0.9661231766792007
6588.8			0.9707796415497437
6589.700000000001			0.9694088613905175
6590.6			0.9597164671284846
6591.5			0.953179784746988
6592.4			0.956088483116797
6593.3			0.9544487743802356
6594.200000000001			0.9531079946130487
6595.1			0.9587126497823294
6596.0			0.9594443806342067
6596.9			0.9531866998246167
6597.8			0.9501953384679992
6598.700000000001			0.9562122767756909
6599.6			0.9665784920786927
6600.5			0.9734697915490604
6601.4			0.9717948315998706
6602.3			0.971178152547584
6603.200000000001			0.9765855163009479
6604.1			0.9773582429373114
6605.0			0.9727320299206659
6605.9			0.9689377108580967
6606.8			0.9719689409909865
6607.700000000001			0.9776151179105649
6608.6			0.9795076139246238
6609.5			0.9771107646617205
6610.4			0.9731451315222115
6611.3			0.965496061855321
6612.200000000001			0.9425423360803536
6613.1			0.9099011891219275
6614.0			0.9037574098312323
6614.9			0.9241537179689211
6615.8			0.9453396631374567
6616.700000000001			0.9544779649004713
6617.6			0.953086264978832
6618.5			0.9524772492396325
6619.4			0.9569573960966503
6620.3			0.9631235189301183
6621.200000000001			0.9643417077075748
6622.1			0.9619881253081268
6623.0			0.96024841778076
6623.9			0.9589634487013958
6624.8			0.9539961331812017
6625.700000000001			0.9462479564599343
6626.6			0.9480167808005138
6627.5			0.9580861727385461
6628.4			0.9641092627673511
6629.3			0.9613178908254648
6630.200000000001			0.9629422817475297
6631.1			0.9631710620073313
6632.0			0.9560529309124224
6632.9			0.9568320281771517
6633.8			0.965186242830976
6634.700000000001			0.9639211348905633
6635.6			0.9543914212058777
6636.5			0.9495549071348091
6637.4			0.9556872908569077
6638.3			0.9544863417903936
6639.200000000001			0.9488347810384911
6640.1			0.9490251640798703
6641.0			0.9494330244401963
6641.9			0.956312736105707
6642.8			0.9647259084507686
6643.700000000001			0.9602609216782191
6644.6			0.9482469365334936
6645.5			0.9422270153941935
6646.4			0.9447521375679523
6647.3			0.9518288460221211
6648.200000000001			0.9664331093333685
6649.1			0.9731497260998535
6650.0			0.9672734619883027
6650.9			0.9669807149140807
6651.8			0.9729082798995642
6652.700000000001			0.9747652082256261
6653.6			0.9755655072018784
6654.5			0.9721488532644031
6655.4			0.9616307941189608
6656.3			0.9585850679557474
6657.200000000001			0.9626819380311429
6658.1			0.9640256098594827
6659.0			0.9607841079851863
6659.9			0.9579900208341032
6660.8			0.9545619806307358
6661.700000000001			0.9514601877679577
6662.6			0.9513204382971757
6663.5			0.9535715120575012
6664.4			0.9561048834135608
6665.3			0.962288437999183
6666.200000000001			0.969940400904414
6667.1			0.970282306357022
6668.0			0.9709670135623082
6668.9			0.9774885923105097
6669.8			0.9772094827776778
6670.700000000001			0.9641870141634914
6671.6			0.9534848764149849
6672.5			0.9564747080620429
6673.4			0.9726043758438127
6674.3			0.9844755810975736
6675.200000000001			0.9777888145606752
6676.1			0.9644062979094236
6677.0			0.9554387800191314
6677.9			0.953086506017361
6678.8			0.9582231516301255
6679.700000000001			0.9672273803397661
6680.6			0.9753863207657727
6681.5			0.9772160913161001
6682.4			0.9760577848735683
6683.3			0.9788564269554051
6684.200000000001			0.9819796464804451
6685.1			0.9798514082196499
6686.0			0.9798805681579156
6686.9			0.9820135330214986
6687.8			0.9773377629476993
6688.700000000001			0.9701831447179224
6689.6			0.9654370084785096
6690.5			0.9640402010204969
6691.4			0.968567392474033
6692.3			0.9715842242336753
6693.200000000001			0.9711958924253314
6694.1			0.9734827038642341
6695.0			0.9794843033345524
6695.9			0.9829532240662466
6696.8			0.9810846982986875
6697.700000000001			0.9811782136940165
6698.6			0.9817031146127467
6699.5			0.9719088550343183
6700.4			0.9679239528503917
6701.3			0.9827610278050929
6702.200000000001			0.9886500012238291
6703.1			0.9751184452843519
6704.0			0.962881189099058
6704.9			0.9613331665821875
6705.8			0.9629563518631651
6706.700000000001			0.9634373311724673
6707.6			0.9654981019533407
6708.5			0.9725229125135018
6709.4			0.9809055844044542
6710.3			0.986834976454758
6711.200000000001			0.990070188957954
6712.1			0.9849586777256842
6713.0			0.9760056749047623
6713.9			0.9701720249585546
6714.8			0.9665949140559918
6715.700000000001			0.9703092611462381
6716.6			0.9780159809546318
6717.5			0.9776176724397742
6718.4			0.9740732063864889
6719.3			0.9775334693357018
6720.200000000001			0.9782054337871041
6721.1			0.9676909353150118
6722.0			0.959932536723174
6722.9			0.9650569805396193
6723.8			0.9734469500348203
6724.700000000001			0.9757360746372751
6725.6			0.9702154174025892
6726.5			0.9673573327358299
6727.4			0.9749200588979992
6728.3			0.9789882713202265
6729.200000000001			0.9763570263512964
6730.1			0.9812796107768729
6731.0			0.9811768707806175
6731.9			0.9727342884799732
6732.8			0.9758109098574648
6733.700000000001			0.98634507091892
6734.6			0.9878680870385622
6735.5			0.982196842999723
6736.4			0.9792794444471618
6737.3			0.9818975479365893
6738.200000000001			0.9822584009168944
6739.1			0.9765952441143133
6740.0			0.9690706839331539
6740.9			0.9645890702749848
6741.8			0.9695407881293272
6742.700000000001			0.9766246821260571
6743.6			0.9786811350146715
6744.5			0.9836838849784713
6745.4			0.9873147380160819
6746.3			0.9816314503191415
6747.200000000001			0.9774844022959719
6748.1			0.9787108279836664
6749.0			0.9832982955856938
6749.9			0.9841158776281552
6750.8			0.9820793582942947
6751.700000000001			0.9846712390603933
6752.6			0.9811628198035485
6753.5			0.9707868893701779
6754.4			0.9698995631886353
6755.3			0.9745578473964498
6756.200000000001			0.9755914915778453
6757.1			0.9765951893250674
6758.0			0.9808950853370767
6758.9			0.980572585765444
6759.8			0.977638882461289
6760.700000000001			0.9783772638143307
6761.6			0.9812332514319523
6762.5			0.982503671380723
6763.4			0.9839633958013493
6764.3			0.989406794312643
6765.200000000001			0.989026890557914
6766.1			0.9778091363693586
6767.0			0.9690072444002096
6767.9			0.9679508936344224
6768.8			0.9699524039686611
6769.700000000001			0.9739600784622774
6770.6			0.9787359318034502
6771.5			0.9784056653196781
6772.4			0.9765100595811695
6773.3			0.9786297685197083
6774.200000000001			0.9790652696089025
6775.1			0.9784899788127804
6776.0			0.9837946322132027
6776.9			0.9896638508896124
6777.8			0.9866799106784948
6778.700000000001			0.9773246721456555
6779.6			0.9781903408523811
6780.5			0.9865749670085179
6781.4			0.9936408276211229
6782.3			0.9945955069877369
6783.200000000001			0.9884433994770884
6784.1			0.9853385162087701
6785.0			0.9860169575637703
6785.9			0.9820655563928854
6786.8			0.9733965173155703
6787.700000000001			0.9667543057535459
6788.6			0.9695557440732931
6789.5			0.9785483419319971
6790.4			0.9862529220462011
6791.3			0.9875790308252999
6792.200000000001			0.9834454707259416
6793.1			0.97234970401115
6794.0			0.9656191639106928
6794.9			0.9720652560609261
6795.8			0.9808918938107649
6796.700000000001			0.9875162004905955
6797.6			0.9923522913102394
6798.5			0.9904546910051092
6799.4			0.9831713124216324
6800.3			0.9783922810668021
6801.200000000001			0.9821538608469316
6802.1			0.9872964459437437
6803.0			0.9853613248047578
6803.9			0.9794549717333738
6804.8			0.9811170112380182
6805.700000000001			0.9870776345288746
6806.6			0.9844899764758137
6807.5			0.981833586210999
6808.4			0.9842336193034298
6809.3			0.9821576712527434
6810.200000000001			0.9792569640583194
6811.1			0.9817994135487988
6812.0			0.9826911885716256
6812.9			0.9803415273897441
6813.8			0.982846118017738
6814.700000000001			0.9810132731645822
6815.6			0.9745596555800804
6816.5			0.977824000030576
6817.4			0.9804377375711721
6818.3			0.9724700032037888
6819.200000000001			0.9712920170093837
6820.1			0.98128452890774
6821.0			0.9818691459473394
6821.9			0.9773089095412993
6822.8			0.9790365085939562
6823.700000000001			0.9769000398125312
6824.6			0.9725074172857057
6825.5			0.9747222572056635
6826.4			0.9792295689931516
6827.3			0.9785236706557894
6828.200000000001			0.9802089676554667
6829.1			0.9867361831649901
6830.0			0.9854871231239818
6830.9			0.9834408779963738
6831.8			0.9818834901452307
6832.700000000001			0.9782005405659443
6833.6			0.9818898353932299
6834.5			0.9861817944797432
6835.4			0.986263881213388
6836.3			0.9832559069574363
6837.200000000001			0.9783387247841014
6838.1			0.9802456219511403
6839.0			0.9821568072079946
6839.9			0.9782971038918132
6840.8			0.9749481539268091
6841.700000000001			0.9731391196250067
6842.6			0.9699141186196435
6843.5			0.968016395613384
6844.4			0.9673031692174572
6845.3			0.9639536782966839
6846.200000000001			0.9587913138822287
6847.1			0.9631133235083614
6848.0			0.9740587704642282
6848.9			0.9781049645881335
6849.8			0.9788812729622474
6850.700000000001			0.9777119236793902
6851.6			0.9772723322677027
6852.5			0.9779294205445924
6853.4			0.9763690192799158
6854.3			0.9734139863881894
6855.200000000001			0.9697292984125536
6856.1			0.9700083136761175
6857.0			0.9726807154178666
6857.9			0.9754001046196323
6858.8			0.9762352015763713
6859.700000000001			0.9731347639937589
6860.6			0.9696229962875837
6861.5			0.9751032217271185
6862.4			0.9826696300543837
6863.3			0.9829981195680263
6864.200000000001			0.982353211190445
6865.1			0.9894373872430965
6866.0			0.9991110609276931
6866.9			0.9997214885599535
6867.8			0.986794163162768
6868.700000000001			0.9680333439649805
6869.6			0.9666019858491604
6870.5			0.9749726909521473
6871.4			0.9791662448744727
6872.3			0.994335388238786
6873.200000000001			1.0074842536743884
6874.1			1.00535798560564
6875.0			0.996144237544643
6875.9			0.9909988164067196
6876.8			0.9883394216434239
6877.700000000001			0.9856326951554386
6878.6			0.9875478163320477
6879.5			0.9850930223634589
6880.4			0.9799938577214607
6881.3			0.9843018054147743
6882.200000000001			0.9908968599941609
6883.1			0.9946666975934525
6884.0			0.9899335999571416
6884.9			0.987044638369723
6885.8			0.9872165817417466
6886.700000000001			0.9829893091944361
6887.6			0.9902217383815725
6888.5			1.001956005058203
6889.4			0.9887475630725701
6890.3			0.9679138450915912
6891.200000000001			0.9708021148306653
6892.1			0.9842553910050552
6893.0			0.9808850708505026
6893.9			0.9763557337476265
6894.8			0.9930511406723926
6895.700000000001			1.0040454139171817
6896.6			0.9858616873064393
6897.5			0.9714814682150514
6898.4			0.9844808187853094
6899.3			0.9920517662001765
6900.200000000001			0.9854140419803916
6901.1			0.9756675705433577
6902.0			0.9806740837739841
6902.9			0.9976356181530887
6903.8			0.9949870879967683
6904.700000000001			0.9772341194440193
6905.6			0.9715642891368556
6906.5			0.9830975073591244
6907.4			1.0020926163025814
6908.3			1.0073162248728815
6909.200000000001			0.9957031703456733
6910.1			0.9813362144758095
6911.0			0.9813976396271915
6911.9			0.9925202676583877
6912.8			1.0045737916047446
6913.700000000001			1.0022360473069627
6914.6			0.9892106462182186
6915.5			0.9912472388412149
6916.4			1.0003154162440198
6917.3			0.9956382219153979
6918.200000000001			0.9866928658371477
6919.1			0.9818499777068581
6920.0			0.9786585749313501
6920.9			0.9758662459423113
6921.8			0.9839791871135283
6922.700000000001			0.9972319709645302
6923.6			0.9976377248310997
6924.5			0.9959785297455352
6925.4			0.9957914100989224
6926.3			0.9894523358455491
6927.200000000001			0.9899797791830907
6928.1			0.9950520339268709
6929.0			0.9953902949296605
6929.9			0.9869535566432985
6930.8			0.9797928707472233
6931.700000000001			0.9780595177762501
6932.6			0.981488459678739
6933.5			0.9884180070101709
6934.4			0.9895005575917122
6935.3			0.9828800641438664
6936.200000000001			0.9817258660728929
6937.1			0.9899899263754312
6938.0			0.9983205479133735
6938.9			0.989414992941274
6939.8			0.979692132223246
6940.700000000001			0.9899262885323136
6941.6			0.9982425634234989
6942.5			0.996845860386355
6943.4			0.996945529855098
6944.3			0.9898093469741541
6945.200000000001			0.9845494334756857
6946.1			0.9903248239880055
6947.0			0.9889907569816013
6947.9			0.9835689972428913
6948.8			0.9884849939255969
6949.700000000001			0.9923319604877919
6950.6			0.9855890122937987
6951.5			0.9803018191727094
6952.4			0.9791813915808852
6953.3			0.9874771084509606
6954.200000000001			0.9991906020890106
6955.1			0.9998929264407874
6956.0			1.0
6956.9			1.0
6957.8			1.0
6958.700000000001			1.0
6959.6			1.0
6960.5			1.0
6961.4			1.0
6962.3			1.0
6963.200000000001			1.0
6964.1			1.0
6965.0			1.0
6965.9			1.0
6966.8			1.0
6967.700000000001			1.0
6968.6			1.0
6969.5			1.0
6970.4			1.0
6971.3			1.0
6972.200000000001			1.0
6973.1			1.0
6974.0			1.0
6974.9			1.0
6975.8			1.0
6976.700000000001			1.0
6977.6			1.0
6978.5			1.0
6979.4			1.0
6980.3			1.0
6981.200000000001			1.0
6982.1			1.0
6983.0			1.0
6983.9			1.0
6984.8			1.0
6985.700000000001			1.0
6986.6			1.0
6987.5			1.0
6988.4			1.0
6989.3			1.0
6990.200000000001			1.0
6991.1			1.0
6992.0			1.0
6992.9			1.0
6993.8			1.0
6994.700000000001			1.0
6995.6			1.0
6996.5			1.0
6997.4			1.0
6998.3			1.0
6999.200000000001			1.0
7000.1			1.0
7001.0			1.0
7001.9			1.0
7002.8			1.0
7003.700000000001			1.0
7004.6			1.0
7005.5			1.0
7006.4			1.0
7007.3			1.0
7008.200000000001			1.0
7009.1			1.0
7010.0			1.0
7010.9			1.0
7011.8			1.0
7012.700000000001			1.0
7013.6			1.0
7014.5			1.0
7015.4			1.0
7016.3			1.0
7017.200000000001			1.0
7018.1			1.0
7019.0			1.0
7019.9			1.0
7020.8			1.0
7021.700000000001			1.0
7022.6			1.0
7023.5			1.0
7024.4			1.0
7025.3			1.0
7026.200000000001			1.0
7027.1			1.0
7028.0			1.0
7028.9			1.0
7029.8			1.0
7030.700000000001			1.0
7031.6			1.0
7032.5			1.0
7033.4			1.0
7034.3			1.0
7035.200000000001			1.0
7036.1			1.0
7037.0			1.0
7037.9			1.0
7038.8			1.0
7039.700000000001			1.0
7040.6			1.0
7041.5			1.0
7042.4			1.0
7043.3			1.0
7044.200000000001			1.0
7045.1			1.0
7046.0			1.0
7046.9			1.0
7047.8			1.0
7048.700000000001			1.0
7049.6			1.0
7050.5			1.0
7051.4			1.0
7052.3			1.0
7053.200000000001			1.0
7054.1			1.0
7055.0			1.0
7055.9			1.0
7056.8			1.0
7057.700000000001			1.0
7058.6			1.0
7059.5			1.0
7060.4			1.0
7061.3			1.0
7062.200000000001			1.0
7063.1			1.0
7064.0			1.0
7064.9			1.0
7065.8			1.0
7066.700000000001			1.0
7067.6			1.0
7068.5			1.0
7069.4			1.0
7070.3			1.0
7071.200000000001			1.0
7072.1			1.0
7073.0			1.0
7073.9			1.0
7074.8			1.0
7075.700000000001			1.0
7076.6			1.0
7077.5			1.0
7078.4			1.0
7079.3			1.0
7080.200000000001			1.0
7081.1			1.0
7082.0			1.0
7082.9			1.0
7083.8			1.0
7084.700000000001			1.0
7085.6			1.0
7086.5			1.0
7087.4			1.0
7088.3			1.0
7089.200000000001			1.0
7090.1			1.0
7091.0			1.0
7091.9			1.0
7092.8			1.0
7093.700000000001			1.0
7094.6			1.0
7095.5			1.0
7096.4			1.0
7097.3			1.0
7098.200000000001			1.0
7099.1			1.0
7100.0			1.0
7100.9			1.0
7101.8			1.0
7102.700000000001			1.0
7103.6			1.0
7104.5			1.0
7105.4			1.0
7106.3			1.0
7107.200000000001			1.0
7108.1			1.0
7109.0			1.0
7109.9			1.0
7110.8			1.0
7111.700000000001			1.0
7112.6			1.0
7113.5			1.0
7114.4			1.0
7115.3			1.0
7116.200000000001			1.0
7117.1			1.0
7118.0			1.0
7118.9			1.0
7119.8			1.0
7120.700000000001			1.0
7121.6			1.0
7122.5			1.0
7123.4			1.0
7124.3			1.0
7125.200000000001			1.0
7126.1			1.0
7127.0			1.0
7127.9			1.0
7128.8			1.0
7129.700000000001			1.0
7130.6			1.0
7131.5			1.0
7132.4			1.0
7133.3			1.0
7134.200000000001			1.0
7135.1			1.0
7136.0			1.0
7136.9			1.0
7137.8			1.0
7138.700000000001			1.0
7139.6			1.0
7140.5			1.0
7141.4			1.0
7142.3			1.0
7143.200000000001			1.0
7144.1			1.0
7145.0			1.0
7145.9			1.0
7146.8			1.0
7147.700000000001			1.0
7148.6			1.0
7149.5			1.0
7150.4			1.0
7151.3			1.0
7152.200000000001			1.0
7153.1			1.0
7154.0			1.0
7154.9			1.0
7155.8			1.0
7156.700000000001			1.0
7157.6			1.0
7158.5			1.0
7159.4			1.0
7160.3			1.0
7161.200000000001			1.0
7162.1			1.0
7163.0			1.0
7163.9			1.0
7164.8			1.0
7165.700000000001			1.0
7166.6			1.0
7167.5			1.0
7168.4			1.0
7169.3			1.0
7170.200000000001			1.0
7171.1			1.0
7172.0			1.0
7172.9			1.0
7173.8			1.0
7174.700000000001			1.0
7175.6			1.0
7176.5			1.0
7177.4			1.0
7178.3			1.0
7179.200000000001			1.0
7180.1			1.0
7181.0			1.0
7181.9			1.0
7182.8			1.0
7183.700000000001			1.0
7184.6			1.0
7185.5			1.0
7186.4			1.0
7187.3			1.0
7188.200000000001			1.0
7189.1			1.0
7190.0			1.0
7190.9			1.0
7191.8			1.0
7192.700000000001			1.0
7193.6			1.0
7194.5			1.0
7195.4			1.0
7196.3			1.0
7197.200000000001			1.0
7198.1			1.0
7199.0			1.0
7199.9			1.0
7200.8			1.0
7201.700000000001			1.0
7202.6			1.0
7203.5			1.0
7204.4			1.0
7205.3			1.0
7206.200000000001			1.0
7207.1			1.0
7208.0			1.0
7208.9			1.0
7209.8			1.0
7210.700000000001			1.0
7211.6			1.0
7212.5			1.0
7213.4			1.0
7214.3			1.0
7215.200000000001			1.0
7216.1			1.0
7217.0			1.0
7217.9			1.0
7218.8			1.0
7219.700000000001			1.0
7220.6			1.0
7221.5			1.0
7222.4			1.0
7223.3			1.0
7224.200000000001			1.0
7225.1			1.0
7226.0			1.0
7226.9			1.0
7227.8			1.0
7228.700000000001			1.0
7229.6			1.0
7230.5			1.0
7231.4			1.0
7232.3			1.0
7233.200000000001			1.0
7234.1			1.0
7235.0			1.0
7235.9			1.0
7236.8			1.0
7237.700000000001			1.0
7238.6			1.0
7239.5			1.0
7240.4			1.0
7241.3			1.0
7242.200000000001			1.0
7243.1			1.0
7244.0			1.0
7244.9			1.0
7245.8			1.0
7246.700000000001			1.0
7247.6			1.0
7248.5			1.0
7249.4			1.0
7250.3			1.0
7251.200000000001			1.0
7252.1			1.0
7253.0			1.0
7253.9			1.0
7254.8			1.0
7255.700000000001			1.0
7256.6			1.0
7257.5			1.0
7258.4			1.0
7259.3			1.0
7260.200000000001			1.0
7261.1			1.0
7262.0			1.0
7262.9			1.0
7263.8			1.0
7264.700000000001			1.0
7265.6			1.0
7266.5			1.0
7267.4			1.0
7268.3			1.0
7269.200000000001			1.0
7270.1			1.0
7271.0			1.0
7271.9			1.0
7272.8			1.0
7273.700000000001			1.0
7274.6			1.0
7275.5			1.0
7276.4			1.0
7277.3			1.0
7278.200000000001			1.0
7279.1			1.0
7280.0			1.0
7280.9			1.0
7281.8			1.0
7282.700000000001			1.0
7283.6			1.0
7284.5			1.0
7285.4			1.0
7286.3			1.0
7287.200000000001			1.0
7288.1			1.0
7289.0			1.0
7289.9			1.0
7290.8			1.0
7291.700000000001			1.0
7292.6			1.0
7293.5			1.0
7294.4			1.0
7295.3			1.0
7296.200000000001			1.0
7297.1			1.0
7298.0			1.0
7298.9			1.0
7299.8			1.0
7300.700000000001			1.0
7301.6			1.0
7302.5			1.0
7303.4			1.0
7304.3			1.0
7305.200000000001			1.0
7306.1			1.0
7307.0			1.0
7307.9			1.0
7308.8			1.0
7309.700000000001			1.0
7310.6			1.0
7311.5			1.0
7312.4			1.0
7313.3			1.0
7314.200000000001			1.0
7315.1			1.0
7316.0			1.0
7316.9			1.0
7317.8			1.0
7318.700000000001			1.0
7319.6			1.0
7320.5			1.0
7321.4			1.0
7322.3			1.0
7323.200000000001			1.0
7324.1			1.0
7325.0			1.0
7325.9			1.0
7326.8			1.0
7327.700000000001			1.0
7328.6			1.0
7329.5			1.0
7330.4			1.0
7331.3			1.0
7332.200000000001			1.0
7333.1			1.0
7334.0			1.0
7334.9			1.0
7335.8			1.0
7336.700000000001			1.0
7337.6			1.0
7338.5			1.0
7339.4			1.0
7340.3			1.0
7341.200000000001			1.0
7342.1			1.0
7343.0			1.0
7343.9			1.0
7344.8			1.0
7345.700000000001			1.0
7346.6			1.0
7347.5			1.0
7348.4			1.0
7349.3			1.0
7350.200000000001			1.0
7351.1			1.0
7352.0			1.0
7352.9			1.0
7353.8			1.0
7354.700000000001			1.0
7355.6			1.0
7356.5			1.0
7357.4			1.0
7358.3			1.0
7359.200000000001			1.0
7360.1			1.0
7361.0			1.0
7361.9			1.0
7362.8			1.0
7363.700000000001			1.0
7364.6			1.0
7365.5			1.0
7366.4			1.0
7367.3			1.0
7368.200000000001			1.0
7369.1			1.0
7370.0			1.0
7370.9			1.0
7371.8			1.0
7372.700000000001			1.0
7373.6			1.0
7374.5			1.0
7375.4			1.0
7376.3			1.0
7377.200000000001			1.0
7378.1			1.0
7379.0			1.0
7379.9			1.0
7380.8			1.0
7381.700000000001			1.0
7382.6			1.0
7383.5			1.0
7384.4			1.0
7385.3			1.0
7386.200000000001			1.0
7387.1			1.0
7388.0			1.0
7388.9			1.0
7389.8			1.0
7390.700000000001			1.0
7391.6			1.0
7392.5			1.0
7393.4			1.0
7394.3			1.0
7395.200000000001			1.0
7396.1			1.0
7397.0			1.0
7397.9			1.0
7398.8			1.0
7399.700000000001			1.0
7400.6			1.0
7401.5			1.0
7402.4			1.0
7403.3			1.0
7404.200000000001			1.0
7405.1			1.0
7406.0			1.0
7406.9			1.0
7407.8			1.0
7408.700000000001			1.0
7409.6			1.0
7410.5			1.0
7411.4			1.0
7412.3			1.0
7413.200000000001			1.0
7414.1			1.0
7415.0			1.0
7415.9			1.0
7416.8			1.0
7417.700000000001			1.0
7418.6			1.0
7419.5			1.0
7420.4			1.0
7421.3			1.0
7422.200000000001			1.0
7423.1			1.0
7424.0			1.0
7424.9			1.0
7425.8			1.0
7426.700000000001			1.0
7427.6			1.0
7428.5			1.0
7429.4			1.0
