3500.0			1.0
3500.9			1.0
3501.8			1.0
3502.7			1.0
3503.6			1.0
3504.5			1.0
3505.4			1.0
3506.3			1.0
3507.2			1.0
3508.1			1.0
3509.0			1.0
3509.9			1.0
3510.8			1.0
3511.7			1.0
3512.6			1.0
3513.5			1.0
3514.4			1.0
3515.3			1.0
3516.2			1.0
3517.1			1.0
3518.0			1.0
3518.9			1.0
3519.8			1.0
3520.7			1.0
3521.6			1.0
3522.5			1.0
3523.4			1.0
3524.3			1.0
3525.2			1.0
3526.1			1.0
3527.0			1.0
3527.9			1.0
3528.8			1.0
3529.7			1.0
3530.6			1.0
3531.5			1.0
3532.4			1.0
3533.3			1.0
3534.2			1.0
3535.1			1.0
3536.0			1.0
3536.9			1.0
3537.8			1.0
3538.7			1.0
3539.6			1.0
3540.5			1.0
3541.4			1.0
3542.3			1.0
3543.2			1.0
3544.1			1.0
3545.0			1.0
3545.9			1.0
3546.8			1.0
3547.7			1.0
3548.6			1.0
3549.5			1.0
3550.4			1.0
3551.3			1.0
3552.2			1.0
3553.1			1.0
3554.0			1.0
3554.9			1.0
3555.8			1.0
3556.7			1.0
3557.6			1.0
3558.5			1.0
3559.4			1.0
3560.3			1.0
3561.2			1.0
3562.1			1.0
3563.0			1.0
3563.9			1.0
3564.8			1.0
3565.7			1.0
3566.6			1.0
3567.5			1.0
3568.4			1.0
3569.3			1.0
3570.2			1.0
3571.1			1.0
3572.0			1.0
3572.9			1.0
3573.8			1.0
3574.7			1.0
3575.6			1.0
3576.5			1.0
3577.4			1.0
3578.3			1.0
3579.2			1.0
3580.1			1.0
3581.0			1.0
3581.9			1.0
3582.8			1.0
3583.7			1.0
3584.6			1.0
3585.5			1.0
3586.4			1.0
3587.3			1.0
3588.2			1.0
3589.1			1.0
3590.0			1.0
3590.9			1.0
3591.8			1.0
3592.7			1.0
3593.6			1.0
3594.5			1.0
3595.4			1.0
3596.3			1.0
3597.2			1.0
3598.1			1.0
3599.0			1.0
3599.9			1.0
3600.8			1.0
3601.7			1.0
3602.6			1.0
3603.5			1.0
3604.4			1.0
3605.3			1.0
3606.2			1.0
3607.1			1.0
3608.0			1.0
3608.9			1.0
3609.8			1.0
3610.7			1.0
3611.6			1.0
3612.5			1.0
3613.4			1.0
3614.3			1.0
3615.2			1.0
3616.1			1.0
3617.0			1.0
3617.9			1.0
3618.8			1.0
3619.7			1.0
3620.6			1.0
3621.5			1.0
3622.4			1.0
3623.3			1.0
3624.2			1.0
3625.1			1.0
3626.0			1.0
3626.9			1.0
3627.8			1.0
3628.7			1.0
3629.6			1.0
3630.5			1.0
3631.4			1.0
3632.3			1.0
3633.2			1.0
3634.1			1.0
3635.0			1.0
3635.9			1.0
3636.8			1.0
3637.7			1.0
3638.6			1.0
3639.5			1.0
3640.4			1.0
3641.3			1.0
3642.2			1.0
3643.1			1.0
3644.0			1.0
3644.9			1.0
3645.8			1.0
3646.7			1.0
3647.6			1.0
3648.5			1.0
3649.4			1.0
3650.3			1.0
3651.2			1.0
3652.1			1.0
3653.0			1.0
3653.9			1.0
3654.8			1.0
3655.7			1.0
3656.6			1.0
3657.5			1.0
3658.4			1.0
3659.3			1.0
3660.2			1.0
3661.1			1.0
3662.0			1.0
3662.9			1.0
3663.8			1.0
3664.7			1.0
3665.6			1.0
3666.5			1.0
3667.4			1.0
3668.3			1.0
3669.2			1.0
3670.1			1.0
3671.0			1.0
3671.9			1.0
3672.8			1.0
3673.7			1.0
3674.6			1.0
3675.5			1.0
3676.4			1.0
3677.3			1.0
3678.2			1.0
3679.1			1.0
3680.0			1.0
3680.9			1.0
3681.8			1.0
3682.7			1.0
3683.6			1.0
3684.5			1.0
3685.4			1.0
3686.3			1.0
3687.2			1.0
3688.1			1.0
3689.0			1.0
3689.9			1.0
3690.8			1.0
3691.7			1.0
3692.6			1.0
3693.5			1.0
3694.4			1.0
3695.3			1.0
3696.2			1.0
3697.1			1.0
3698.0			1.0
3698.9			1.0
3699.8			1.0
3700.7			1.0
3701.6			1.0
3702.5			1.0
3703.4			1.0
3704.3			1.0
3705.2			1.0
3706.1			1.0
3707.0			1.0
3707.9			1.0
3708.8			1.0
3709.7			1.0
3710.6			1.0
3711.5			1.0
3712.4			1.0
3713.3			1.0
3714.2			1.0
3715.1			1.0
3716.0			1.0
3716.9			1.0
3717.8			1.0
3718.7			1.0
3719.6			1.0
3720.5			1.0
3721.4			1.0
3722.3			1.0
3723.2			1.0
3724.1			1.0
3725.0			1.0
3725.9			1.0
3726.8			1.0
3727.7			1.0
3728.6			1.0
3729.5			1.0
3730.4			1.0
3731.3			1.0
3732.2			1.0
3733.1			1.0
3734.0			1.0
3734.9			1.0
3735.8			1.0
3736.7			1.0
3737.6			1.0
3738.5			1.0
3739.4			1.0
3740.3			1.0
3741.2			1.0
3742.1			1.0
3743.0			1.0
3743.9			1.0
3744.8			1.0
3745.7			1.0
3746.6			1.0
3747.5			1.0
3748.4			1.0
3749.3			1.0
3750.2			1.0
3751.1			1.0
3752.0			1.0
3752.9			1.0
3753.8			1.0
3754.7			1.0
3755.6			1.0
3756.5			1.0
3757.4			1.0
3758.3			1.0
3759.2			1.0
3760.1			1.0
3761.0			1.0
3761.9			1.0
3762.8			1.0
3763.7			1.0
3764.6			1.0
3765.5			1.0
3766.4			1.0
3767.3			1.0
3768.2			1.0
3769.1			1.0
3770.0			1.0
3770.9			1.0
3771.8			1.0
3772.7			1.0
3773.6			1.0
3774.5			1.0
3775.4			1.0
3776.3			1.0
3777.2			1.0
3778.1			1.0
3779.0			1.0
3779.9			1.0
3780.8			1.0
3781.7			1.0
3782.6			1.0
3783.5			1.0
3784.4			1.0
3785.3			1.0
3786.2			1.0
3787.1			1.0
3788.0			1.0
3788.9			1.0
3789.8			1.0
3790.7			1.0
3791.6			1.0
3792.5			1.0
3793.4			1.0
3794.3			1.0
3795.2			1.0
3796.1			1.0
3797.0			1.0
3797.9			1.0
3798.8			1.0
3799.7			1.0
3800.6			1.0
3801.5			1.0
3802.4			1.0
3803.3			1.0
3804.2			1.0
3805.1			1.0
3806.0			1.0
3806.9			1.0
3807.8			1.0
3808.7			1.0
3809.6			1.0
3810.5			1.0
3811.4			1.0
3812.3			1.0
3813.2			1.0
3814.1			1.0
3815.0			1.0
3815.9			1.0
3816.8			1.0
3817.7			1.0
3818.6			1.0
3819.5			1.0
3820.4			1.0
3821.3			1.0
3822.2			1.0
3823.1			1.0
3824.0			1.0
3824.9			1.0
3825.8			1.0
3826.7			1.0
3827.6			1.0
3828.5			1.0
3829.4			1.0
3830.3			1.0
3831.2			1.0
3832.1			1.0
3833.0			1.0
3833.9			1.0
3834.8			1.0
3835.7			1.0
3836.6			1.0
3837.5			1.0
3838.4			1.0
3839.3			1.0
3840.2			1.0
3841.1			1.0
3842.0			1.0
3842.9			1.0
3843.8			1.0
3844.7			1.0
3845.6			1.0
3846.5			1.0
3847.4			1.0
3848.3			1.0
3849.2			1.0
3850.1			1.0
3851.0			1.0
3851.9			1.0
3852.8			1.0
3853.7			1.0
3854.6			1.0
3855.5			1.0
3856.4			1.0
3857.3			1.0
3858.2			1.0
3859.1			1.0
3860.0			1.0
3860.9			1.0
3861.8			1.0
3862.7			1.0
3863.6			1.0
3864.5			1.0
3865.4			1.0
3866.3			1.0
3867.2			1.0
3868.1			1.0
3869.0			1.0
3869.9			1.0
3870.8			1.0
3871.7			1.0
3872.6			1.0
3873.5			1.0
3874.4			1.0
3875.3			1.0
3876.2			1.0
3877.1			1.0
3878.0			1.0
3878.9			1.0
3879.8			1.0
3880.7			1.0
3881.6			1.0
3882.5			1.0
3883.4			1.0
3884.3			1.0
3885.2			1.0
3886.1			1.0
3887.0			1.0
3887.9			1.0
3888.8			1.0
3889.7			1.0
3890.6			1.0
3891.5			1.0
3892.4			1.0
3893.3			1.0
3894.2			1.0
3895.1			1.0
3896.0			1.0
3896.9			1.0
3897.8			1.0
3898.7			1.0
3899.6			1.0
3900.5			1.0
3901.4			1.0
3902.3			1.0
3903.2			1.0
3904.1			1.0
3905.0			1.0
3905.9			1.0
3906.8			1.0
3907.7			1.0
3908.6			1.0
3909.5			1.0
3910.4			1.0
3911.3			1.0
3912.2			1.0
3913.1			1.0
3914.0			1.0
3914.9			1.0
3915.8			1.0
3916.7			1.0
3917.6			1.0
3918.5			1.0
3919.4			1.0
3920.3			1.0
3921.2			1.0
3922.1			1.0
3923.0			1.0
3923.9			1.0
3924.8			1.0
3925.7			1.0
3926.6			1.0
3927.5			1.0
3928.4			1.0
3929.3			1.0
3930.2			1.0
3931.1			1.0
3932.0			1.0
3932.9			1.0
3933.8			1.0
3934.7			1.0
3935.6			1.0
3936.5			1.0
3937.4			1.0
3938.3			1.0
3939.2			1.0
3940.1			1.0
3941.0			1.0
3941.9			1.0
3942.8			1.0
3943.7			1.0
3944.6			1.0
3945.5			1.0
3946.4			1.0
3947.3			1.0
3948.2			1.0
3949.1			1.0
3950.0			1.0
3950.9			1.0
3951.8			1.0
3952.7			1.0
3953.6			1.0
3954.5			1.0
3955.4			1.0
3956.3			1.0
3957.2			1.0
3958.1			1.0
3959.0			1.0
3959.9			1.0
3960.8			1.0
3961.7			1.0
3962.6			1.0
3963.5			1.0
3964.4			1.0
3965.3			1.0
3966.2			1.0
3967.1			1.0
3968.0			1.0
3968.9			1.0
3969.8			1.0
3970.7			1.0
3971.6			1.0
3972.5			1.0
3973.4			1.0
3974.3			1.0
3975.2			1.0
3976.1			1.0
3977.0			1.0
3977.9			1.0
3978.8			1.0
3979.7			1.0
3980.6			1.0
3981.5			1.0
3982.4			1.0
3983.3			1.0
3984.2			1.0
3985.1			1.0
3986.0			1.0
3986.9			1.0
3987.8			1.0
3988.7			1.0
3989.6			1.0
3990.5			1.0
3991.4			1.0
3992.3			1.0
3993.2			1.0
3994.1			1.0
3995.0			1.0
3995.9			1.0
3996.8			1.0
3997.7			1.0
3998.6			1.0
3999.5			1.0
4000.4			1.0
4001.3			1.0
4002.2			1.0
4003.1			1.0061135104314276
4004.0			0.9393344381274974
4004.9			0.8384555120531545
4005.8			0.7476575680762257
4006.7			0.7943456790517542
4007.6			0.9281874074064624
4008.5			1.0039041276635112
4009.4			1.0
4010.3			1.0
4011.2			1.0
4012.1			1.0
4013.0			1.045704305733386
4013.9			1.0576589886760344
4014.8			1.050089795281751
4015.7			0.9845424410751447
4016.6			0.8838660964596622
4017.5			0.8590772696888958
4018.4			0.9089917541852911
4019.3			0.9071229087030466
4020.2			0.8522075931739355
4021.1			0.891210149362588
4022.0			1.0055266913586454
4022.9			1.0
4023.8			1.0
4024.7			1.0
4025.6			1.0
4026.5			1.0
4027.4			1.00357159595922
4028.3			0.9459746909271205
4029.2			0.8732029205518724
4030.1			0.8137059005155721
4031.0			0.7857199815940357
4031.9			0.781693829468345
4032.8			0.7672511776836156
4033.7			0.7410714166447101
4034.6			0.7447218406218882
4035.5			0.8150409001576399
4036.4			0.9040884285947425
4037.3			0.9471028660463268
4038.2			0.9533839392167146
4039.1			0.9696732627404664
4040.0			1.0041446543137862
4040.9			1.0
4041.8			1.0
4042.7			0.9599037280714416
4043.6			0.8334414828172392
4044.5			0.636015977174067
4045.4			0.5534091233614071
4046.3			0.6727322487882982
4047.2			0.8722580888408458
4048.1			0.9837002112796217
4049.0			1.0
4049.9			1.0
4050.8			1.0
4051.7			1.0
4052.6			1.0
4053.5			1.0
4054.4			1.0
4055.3			1.0
4056.2			1.0
4057.1			1.0
4058.0			1.0
4058.9			1.0682193239245918
4059.8			1.1811296552088288
4060.7			1.2455978554806646
4061.6			1.1628990645829125
4062.5			0.945489910780381
4063.4			0.865035436878594
4064.3			0.9495047335709832
4065.2			0.9535493256968062
4066.1			0.9055020199629152
4067.0			0.9117290479487203
4067.9			1.0188583636482884
4068.8			1.0
4069.7			1.0
4070.6			1.0
4071.5			1.0
4072.4			1.0
4073.3			1.0
4074.2			1.0127472366620263
4075.1			0.9058767070251295
4076.0			0.7551852552112979
4076.9			0.6580376710500309
4077.8			0.6817699116081949
4078.7			0.8266543336623753
4079.6			0.9928095800865475
4080.5			1.0
4081.4			1.0
4082.3			1.0
4083.2			1.0
4084.1			1.020689581104584
4085.0			0.987534655333031
4085.9			0.8899009502676883
4086.8			0.8915430025983732
4087.7			0.9872986911153433
4088.6			1.0
4089.5			1.0
4090.4			1.0
4091.3			1.0
4092.2			1.0
4093.1			1.0
4094.0			1.0
4094.9			1.0
4095.8			1.0
4096.7			0.9838580843634843
4097.6			1.0071951180727374
4098.5			0.9775254735916323
4099.4			0.872657881515944
4100.3			0.7491466317734887
4101.2			0.6972928990451668
4102.1			0.7466721751965577
4103.0			0.825578500884167
4103.9			0.8767755713157933
4104.8			0.9283735406849715
4105.7			1.0
4106.6			0.9977375854262429
4107.5			0.9230802299595164
4108.4			0.8857667953167248
4109.3			0.8495660245463552
4110.2			0.8385477774471186
4111.1			0.9069455833699036
4112.0			1.0114975678774156
4112.9			1.045123254862816
4113.8			1.003276743383091
4114.7			1.0
4115.6			1.0
4116.5			1.0
4117.4			1.0
4118.3			1.0
4119.2			1.0
4120.1			1.0
4121.0			1.0
4121.9			1.0
4122.8			1.0
4123.7			1.0
4124.6			1.0
4125.5			1.0
4126.4			1.0
4127.3			1.0
4128.2			1.0
4129.1			1.0
4130.0			1.0506345496716485
4130.9			1.0401978164187538
4131.8			0.9506822757746385
4132.7			0.8575534548508048
4133.6			0.8271614783686867
4134.5			0.8917984156098097
4135.4			0.9764510971627147
4136.3			1.0159300160078193
4137.2			0.9905706640060977
4138.1			1.0
4139.0			1.031192839147057
4139.9			0.9895101673848322
4140.8			0.8864683990835163
4141.7			0.8073581770278313
4142.6			0.7736022574542744
4143.5			0.7487702652842376
4144.4			0.7871050517683189
4145.3			0.8825539089733659
4146.2			0.9951745811878884
4147.1			1.0525957811771938
4148.0			0.9923074997374567
4148.9			1.0
4149.8			1.0
4150.7			1.0
4151.6			1.0
4152.5			1.0
4153.4			1.0
4154.3			1.0
4155.2			1.0
4156.1			1.0
4157.0			1.0
4157.9			1.0
4158.8			1.0
4159.7			1.0
4160.6			1.0
4161.5			1.0
4162.4			0.9906171591853216
4163.3			1.0373603379763112
4164.2			1.0227647091287282
4165.1			0.9541736151294566
4166.0			0.9604030312115693
4166.9			0.9474352485619132
4167.8			0.9533553159993302
4168.7			0.9891886882184047
4169.6			0.9922730974125282
4170.5			0.9456153232463085
4171.4			0.8714736378335423
4172.3			0.8751848557894174
4173.2			0.9412918485572078
4174.1			1.0025012347113822
4175.0			1.047401051538607
4175.9			1.0958858408616066
4176.8			1.084095368664563
4177.7			0.9969707207340448
4178.6			0.9914074008019405
4179.5			1.0
4180.4			1.0298254440842856
4181.3			0.9732108451683967
4182.2			0.9143303742776662
4183.1			0.9041655844935912
4184.0			0.9537348419160537
4184.9			1.012415784565586
4185.8			0.9975919953287418
4186.7			1.0
4187.6			1.0
4188.5			1.0
4189.4			1.0
4190.3			1.0
4191.2			1.0
4192.1			1.0
4193.0			1.0
4193.9			1.0
4194.8			0.9292428401373884
4195.7			0.8797479928712859
4196.6			0.8331514778217923
4197.5			0.7957089390408397
4198.4			0.8261709044496838
4199.3			0.8892590769210695
4200.2			0.8973809760426247
4201.1			0.8514390529996342
4202.0			0.8483922647522117
4202.9			0.8949665786743972
4203.8			0.8833289378752304
4204.7			0.8341286322470128
4205.6			0.882736881631336
4206.5			1.0012567687538614
4207.4			1.0391616159216224
4208.3			0.9985942496617838
4209.2			0.9574741303763514
4210.1			0.9769799529314269
4211.0			1.0752482133302093
4211.9			1.0
4212.8			0.9958434995458412
4213.7			0.9605002575218222
4214.6			0.8690057473821904
4215.5			0.7846446362233397
4216.4			0.8220088124454893
4217.3			0.9297786247006743
4218.2			0.9975725952924765
4219.1			1.0
4220.0			1.0
4220.9			1.0
4221.8			1.0
4222.7			0.9493193946174704
4223.6			0.8761037365042801
4224.5			0.7488125168059309
4225.4			0.5877585435918099
4226.3			0.4763961326856343
4227.2			1.0
4228.1			1.3700118629552405
4229.0			1.5630293823165475
4229.9			1.5321673664435482
4230.8			1.4706494298359971
4231.7			1.395612736632312
4232.6			1.2671555461001307
4233.5			1.2176067275590599
4234.4			1.2089943732969342
4235.3			1.1278399855913812
4236.2			1.0534327626129805
4237.1			1.0263868256616802
4238.0			1.0256065057147605
4238.9			0.9910273902799472
4239.8			0.9494486925896141
4240.7			0.981980983255442
4241.6			0.958348548140714
4242.5			0.901040659325692
4243.4			1.0
4244.3			1.0959992596414885
4245.2			1.1209528689399362
4246.1			1.0737877349133877
4247.0			0.9727688967751722
4247.9			0.8650420839515275
4248.8			0.8367794960073831
4249.7			0.8906964089164411
4250.6			0.924401798591002
4251.5			0.9492129943346015
4252.4			1.0042478559635286
4253.3			1.0003760903593863
4254.2			1.0
4255.1			1.0013232268397423
4256.0			1.047218576171845
4256.9			1.0820808748588915
4257.8			1.0039474231254775
4258.7			0.8880693193669833
4259.6			0.8234210236342738
4260.5			0.8095133747428316
4261.4			0.8448249608791513
4262.3			0.900805566936972
4263.2			0.8986700089732358
4264.1			0.8762839960391845
4265.0			1.0
4265.9			1.0689313787668189
4266.8			1.0354173327209888
4267.7			0.977434160839876
4268.6			0.9475848873667742
4269.5			0.880616436021893
4270.4			0.7836259395847823
4271.3			0.7089353237521654
4272.2			0.7240199884691492
4273.1			0.7590905574951115
4274.0			0.7138831727144069
4274.9			0.7478879868942387
4275.8			0.8984725257366428
4276.7			1.0051168016844716
4277.6			1.0
4278.5			0.9773463625707197
4279.4			0.8871444416408026
4280.3			0.8340393590952624
4281.2			0.90726220706891
4282.1			1.033752936794281
4283.0			1.0
4283.9			1.0
4284.8			1.0
4285.7			1.0
4286.6			1.0
4287.5			0.9861114114846157
4288.4			0.9216437055598756
4289.3			0.8141988322863749
4290.2			0.774831910184522
4291.1			1.0
4292.0			1.1203446414078844
4292.9			1.196814206301596
4293.8			1.1931925789767626
4294.7			1.1660367940501803
4295.6			1.139169250751707
4296.5			1.058957568424285
4297.4			0.9747252804158832
4298.3			0.8666941429598768
4299.2			0.7581062713226768
4300.1			0.7641761512321187
4301.0			0.8343339888985861
4301.9			0.8255110491280649
4302.8			0.7948978194511267
4303.7			0.8572316495130913
4304.6			0.9064557816146358
4305.5			0.8948394324231081
4306.4			0.8791915049430719
4307.3			0.81380257765827
4308.2			0.730421263798123
4309.1			0.7041238396098142
4310.0			0.7302308631173565
4310.9			0.7850454646977563
4311.8			0.8502588575980752
4312.7			0.9277153806810395
4313.6			0.9997387865962039
4314.5			1.141496011291515
4315.4			1.38630261105448
4316.3			1.5896303750513694
4317.2			1.676815379520697
4318.1			1.6919679799506353
4319.0			1.6562284259028885
4319.9			1.0
4320.8			0.9584733641590151
4321.7			0.8756829943695852
4322.6			0.7576917449775876
4323.5			0.6527771429607447
4324.4			0.5764211382467784
4325.3			0.5568291202505788
4326.2			0.6689580434024665
4327.1			0.8425630260456863
4328.0			0.9551047588601912
4328.9			1.0021771056517115
4329.8			0.9966919965187143
4330.7			1.0
4331.6			1.0
4332.5			1.0
4333.4			1.0
4334.3			1.0
4335.2			1.0
4336.1			1.0
4337.0			0.8992839183537723
4337.9			0.804148037211525
4338.8			0.76687735859203
4339.7			0.6923975956091427
4340.6			0.6496627830131843
4341.5			0.7772114221842071
4342.4			0.9207122808560899
4343.3			0.9575225762913766
4344.2			0.998514918835079
4345.1			1.0
4346.0			1.0
4346.9			1.0
4347.8			1.0
4348.7			1.057869568168502
4349.6			1.0773000771470136
4350.5			0.9377750972286416
4351.4			0.7919063361503215
4352.3			0.8092630490050328
4353.2			0.9277926604877396
4354.1			0.9993980758579069
4355.0			1.0
4355.9			1.0
4356.8			1.0
4357.7			1.0
4358.6			1.0
4359.5			1.0
4360.4			1.0
4361.3			1.0
4362.2			1.0
4363.1			1.0
4364.0			1.0
4364.9			1.0
4365.8			1.0
4366.7			1.0
4367.6			1.0
4368.5			1.0
4369.4			1.0
4370.3			1.0
4371.2			1.0
4372.1			1.0
4373.0			1.0
4373.9			1.0
4374.8			1.0
4375.7			1.0
4376.6			1.0
4377.5			1.0
4378.4			1.0
4379.3			1.0
4380.2			1.0163611905164656
4381.1			0.9848694195489459
4382.0			0.8747941387101235
4382.9			0.7143457376750012
4383.8			0.636297102006819
4384.7			0.7391673246898776
4385.6			0.9147013138294321
4386.5			1.005420713139856
4387.4			1.0049904735045594
4388.3			1.0
4389.2			1.0
4390.1			1.0
4391.0			1.0
4391.9			1.0
4392.8			1.0
4393.7			1.0
4394.6			1.0
4395.5			1.0
4396.4			1.0
4397.3			1.0
4398.2			1.0
4399.1			0.9154756709802582
4400.0			0.8642459540462074
4400.9			0.9325625724423932
4401.8			1.0198858698228621
4402.7			1.0047040228924324
4403.6			0.9003905968499508
4404.5			0.8234093487096498
4405.4			0.863672420616586
4406.3			0.935527501159534
4407.2			0.9215981415368155
4408.1			0.8774787116620913
4409.0			0.9081170763983084
4409.9			0.9980854456818091
4410.8			1.0
4411.7			1.0
4412.6			1.0
4413.5			0.9770464452609763
4414.4			0.9218595057361004
4415.3			0.8518079163184847
4416.2			0.8511100035857229
4417.1			0.9160282168299702
4418.0			0.9710845557795127
4418.9			1.0008301268889341
4419.8			1.0
4420.7			1.0
4421.6			1.0
4422.5			1.0
4423.4			1.0
4424.3			1.0
4425.2			1.0
4426.1			1.0
4427.0			1.0
4427.9			1.0
4428.8			1.0
4429.7			1.0
4430.6			1.0
4431.5			1.0
4432.4			1.005998358951205
4433.3			0.9311086229656461
4434.2			0.833509986704644
4435.1			0.7883070464089703
4436.0			0.8229302199522972
4436.9			0.9046549611289354
4437.8			1.0073353815788744
4438.7			1.0
4439.6			1.0
4440.5			1.0
4441.4			1.0
4442.3			1.0
4443.2			1.0
4444.1			1.0325188914950472
4445.0			1.0286922893861907
4445.9			1.0552612809416937
4446.8			1.0885759337709913
4447.7			1.0818937755247608
4448.6			1.0635324114957068
4449.5			1.0439179106652383
4450.4			1.0543641578359395
4451.3			1.1147531449692738
4452.2			1.117066446171244
4453.1			0.9971022666063194
4454.0			0.8868673440728805
4454.9			0.8873384630164215
4455.8			0.9384581717246121
4456.7			0.9564802979803081
4457.6			0.9382835515163181
4458.5			0.8958666855009421
4459.4			0.8738935221413523
4460.3			0.8841310649712751
4461.2			0.8844152312207947
4462.1			0.9008441169401997
4463.0			0.9448639618039073
4463.9			1.0018700799489968
4464.8			1.0
4465.7			1.0
4466.6			1.0
4467.5			1.0
4468.4			1.0
4469.3			1.0
4470.2			1.0
4471.1			1.0
4472.0			1.0
4472.9			1.0
4473.8			1.0
4474.7			1.0
4475.6			1.0
4476.5			1.0
4477.4			1.0
4478.3			0.9815185948173569
4479.2			0.909243059610072
4480.1			0.8169818663071067
4481.0			0.7983369005707602
4481.9			0.8747317642292513
4482.8			0.9516716639664106
4483.7			0.99333171907988
4484.6			1.0
4485.5			1.0
4486.4			1.0
4487.3			1.0
4488.2			1.0
4489.1			1.0
4490.0			1.0
4490.9			1.0
4491.8			1.0
4492.7			0.9907516254692079
4493.6			0.9459430610179854
4494.5			0.9257886159987823
4495.4			0.9102455959182417
4496.3			0.8942208374045322
4497.2			0.921270695117887
4498.1			0.9883334524623835
4499.0			1.0189771314169573
4499.9			0.9991399486682522
4500.8			1.0
4501.7			1.0
4502.6			1.0
4503.5			1.0
4504.4			1.0
4505.3			1.0
4506.2			1.0
4507.1			1.0
4508.0			1.0
4508.9			1.0
4509.8			1.0
4510.7			1.0
4511.6			1.0
4512.5			1.0
4513.4			1.0
4514.3			1.0
4515.2			1.0
4516.1			1.0
4517.0			1.0
4517.9			1.0
4518.8			1.0
4519.7			1.0
4520.6			1.0
4521.5			1.0
4522.4			1.0
4523.3			0.9685031947111823
4524.2			0.9892749938371499
4525.1			1.0131535377717373
4526.0			0.9809977744691114
4526.9			0.9302670546437682
4527.8			0.8929426270210318
4528.7			0.8750087681474871
4529.6			0.9008483026288137
4530.5			0.9783977161513527
4531.4			1.049763081264961
4532.3			1.0785055502006515
4533.2			1.0514826611651513
4534.1			0.9959685424325244
4535.0			1.0
4535.9			1.0
4536.8			1.0
4537.7			1.0
4538.6			1.0
4539.5			1.0
4540.4			1.0
4541.3			1.0
4542.2			1.0
4543.1			1.0
4544.0			1.0
4544.9			1.0
4545.8			1.0
4546.7			1.0038517643894376
4547.6			1.0590399576327736
4548.5			1.0263215401566406
4549.4			0.9765518153582425
4550.3			1.0028614379391596
4551.2			1.015832959507083
4552.1			0.988289070204681
4553.0			0.9513822760674608
4553.9			0.9103431769810347
4554.8			0.8979044665331459
4555.7			0.9478002612271919
4556.6			0.9828142049586692
4557.5			1.0009080648627395
4558.4			1.0437395953948687
4559.3			1.043977386106886
4560.2			1.0079588243305426
4561.1			1.0279504276304026
4562.0			1.0325822044809094
4562.9			1.0009490507196102
4563.8			1.0
4564.7			1.0
4565.6			1.0
4566.5			1.0
4567.4			1.0
4568.3			1.0
4569.2			0.9806518944739209
4570.1			0.9456998201838448
4571.0			0.8829043929945992
4571.9			0.8541928753808035
4572.8			0.924948407784951
4573.7			1.0033865319008153
4574.6			0.9931609811181245
4575.5			1.0
4576.4			0.9734196364678861
4577.3			0.9760654142400466
4578.2			0.9738532256246177
4579.1			0.9437291147005361
4580.0			0.9141740953778571
4580.9			0.8873955378798469
4581.8			0.9158692202138917
4582.7			0.9640198874334204
4583.6			0.9893136600098186
4584.5			1.0140248026257004
4585.4			1.0010339153274963
4586.3			1.0
4587.2			1.0
4588.1			1.0
4589.0			1.0
4589.9			1.0
4590.8			1.0
4591.7			1.0
4592.6			1.0
4593.5			1.0
4594.4			1.0
4595.3			1.0
4596.2			1.0
4597.1			1.0
4598.0			1.0
4598.9			1.0
4599.8			1.0
4600.7			1.0
4601.6			1.0
4602.5			1.0
4603.4			1.0
4604.3			1.0
4605.2			1.0
4606.1			1.0
4607.0			1.0
4607.9			1.0
4608.8			1.0
4609.7			1.0
4610.6			1.0
4611.5			1.0
4612.4			1.0
4613.3			1.0
4614.2			1.0
4615.1			1.0
4616.0			1.0
4616.9			1.0
4617.8			1.0
4618.7			1.0
4619.6			1.0
4620.5			1.0
4621.4			1.0
4622.3			1.0
4623.2			1.0
4624.1			1.0
4625.0			1.0
4625.9			1.0
4626.8			1.0
4627.7			1.0
4628.6			1.0
4629.5			1.0
4630.4			1.0
4631.3			1.0
4632.2			1.0
4633.1			1.0
4634.0			1.0
4634.9			1.0
4635.8			1.0
4636.7			1.0
4637.6			1.0
4638.5			1.0
4639.4			1.0
4640.3			1.0
4641.2			1.0
4642.1			1.0
4643.0			1.0
4643.9			1.0
4644.8			1.0
4645.7			1.0
4646.6			1.0
4647.5			1.0
4648.4			1.0
4649.3			1.0
4650.2			1.0
4651.1			1.0
4652.0			1.0
4652.9			0.9868535185450753
4653.8			0.9642157577232329
4654.7			0.9367613041055841
4655.6			0.9063694505698491
4656.5			0.8942706895462404
4657.4			0.9203706006414366
4658.3			0.9761630663846054
4659.2			1.005914409019857
4660.1			1.0018525883556968
4661.0			1.0
4661.9			1.0
4662.8			1.0
4663.7			1.0
4664.6			1.0
4665.5			1.0151828094902424
4666.4			0.9663085956609827
4667.3			0.8780394578774614
4668.2			0.8433493613134887
4669.1			0.8849000840485307
4670.0			0.960108162814008
4670.9			1.000384264404827
4671.8			1.0
4672.7			1.0
4673.6			1.0
4674.5			1.0
4675.4			1.0
4676.3			1.0
4677.2			1.0
4678.1			1.0
4679.0			1.0
4679.9			1.0
4680.8			1.0
4681.7			1.0
4682.6			1.0
4683.5			1.0
4684.4			1.0
4685.3			1.0
4686.2			1.0
4687.1			1.0
4688.0			1.0
4688.9			1.0
4689.8			1.0
4690.7			1.0
4691.6			0.9975971683868141
4692.5			1.0219146817526183
4693.4			1.0447454042200868
4694.3			1.0503217991786566
4695.2			1.0488949641760745
4696.1			1.0624877807900763
4697.0			1.0356004272613046
4697.9			0.964666010754733
4698.8			0.9202725926805123
4699.7			0.9172619532112967
4700.6			0.9551281330062664
4701.5			0.9718859200226306
4702.4			0.9493373569716479
4703.3			0.9370616431611488
4704.2			0.9413507689669199
4705.1			0.9579488438468013
4706.0			0.9924893015735919
4706.9			1.019698383574008
4707.8			0.9977467473592845
4708.7			1.0
4709.6			1.0
4710.5			1.0
4711.4			1.0
4712.3			1.0
4713.2			1.0
4714.1			1.0
4715.0			1.0
4715.9			1.0
4716.8			1.0
4717.7			1.0
4718.6			1.0
4719.5			1.0
4720.4			1.0
4721.3			1.0
4722.2			1.0
4723.1			1.0
4724.0			1.0
4724.9			1.0
4725.8			1.0
4726.7			0.9966956821063405
4727.6			0.9530990853713838
4728.5			0.9096547056368628
4729.4			0.8974861931012861
4730.3			0.9214205807942554
4731.2			0.949939399937355
4732.1			0.9164113392541436
4733.0			0.8995092152332278
4733.9			0.9599352174291214
4734.8			1.0031090136655976
4735.7			0.9775257387854932
4736.6			0.9563427009685219
4737.5			0.9697046441082968
4738.4			1.0011777919339961
4739.3			1.0019850062821851
4740.2			1.0
4741.1			1.0
4742.0			1.0
4742.9			1.0
4743.8			1.0
4744.7			1.0
4745.6			1.0
4746.5			1.0
4747.4			1.0206299859017376
4748.3			0.9959099453702607
4749.2			0.9575386188860502
4750.1			0.9478392390703525
4751.0			0.9438832646379103
4751.9			0.9621856581509347
4752.8			1.0275265984079058
4753.7			1.0295063022502617
4754.6			0.9998999081719615
4755.5			1.0
4756.4			1.0
4757.3			1.0
4758.2			0.9921247992036726
4759.1			0.9790168344664265
4760.0			1.0064448464653186
4760.9			1.0044703842545446
4761.8			0.934152098590798
4762.7			0.8865237360695728
4763.6			0.9170375481420759
4764.5			0.959112090127601
4765.4			0.9585416320907131
4766.3			0.9684374503436906
4767.2			1.001515282037895
4768.1			1.0
4769.0			1.0
4769.9			1.0
4770.8			1.0
4771.7			1.0
4772.6			1.0
4773.5			1.0
4774.4			1.0
4775.3			1.0
4776.2			1.0
4777.1			1.0
4778.0			1.0
4778.9			1.0
4779.8			1.0
4780.7			1.0
4781.6			1.0
4782.5			1.0
4783.4			1.0
4784.3			1.0
4785.2			1.0393997328656357
4786.1			1.0459140998255854
4787.0			0.9972001798181213
4787.9			0.9817294466348586
4788.8			1.00704575791622
4789.7			0.9949327043551034
4790.6			0.9786503120172197
4791.5			0.9497236168655961
4792.4			0.9522284306185858
4793.3			1.0263439194102981
4794.2			1.0836347870829877
4795.1			1.0829889402939588
4796.0			1.04980974571
4796.9			1.0209736577486859
4797.8			0.997826029844929
4798.7			1.0
4799.6			1.0
4800.5			1.0
4801.4			1.0
4802.3			1.0
4803.2			0.9810027189586568
4804.1			0.9257526734506883
4805.0			0.89506341788143
4805.9			0.9493263552483305
4806.8			0.9994808639390056
4807.7			1.0
4808.6			1.0
4809.5			1.0
4810.4			1.0
4811.3			1.0
4812.2			1.0
4813.1			1.0
4814.0			1.0
4814.9			1.0
4815.8			1.0
4816.7			1.0
4817.6			1.0
4818.5			1.0
4819.4			1.0
4820.3			0.9638604176320459
4821.2			0.9626804354135338
4822.1			0.9520710408637348
4823.0			0.9278165409666814
4823.9			0.9244833380041836
4824.8			0.9466003309924454
4825.7			0.9795923468987147
4826.6			1.0026082073051834
4827.5			0.9981984530353063
4828.4			1.0
4829.3			1.0
4830.2			1.0
4831.1			1.0
4832.0			1.0
4832.9			1.0
4833.8			1.0
4834.7			1.0
4835.6			1.0
4836.5			1.0
4837.4			0.98720411998644
4838.3			0.9464990359253816
4839.2			0.9131076980838339
4840.1			0.9206055801260333
4841.0			0.9659088653601613
4841.9			0.9957185719620868
4842.8			0.9937962428300852
4843.7			1.0
4844.6			1.0
4845.5			1.0
4846.4			1.0
4847.3			1.0
4848.2			1.0
4849.1			1.0
4850.0			1.0
4850.9			1.0
4851.8			1.0
4852.7			1.0
4853.6			1.0
4854.5			1.0
4855.4			1.0
4856.3			1.0
4857.2			1.0351298082234512
4858.1			1.0504296457205962
4859.0			0.999846203869784
4859.9			0.8906460096268886
4860.8			0.7577933779693793
4861.7			0.725103660450278
4862.6			0.8138822392933561
4863.5			0.892545095888094
4864.4			0.9360061447238871
4865.3			0.9702527496603371
4866.2			0.9990641270511751
4867.1			1.0
4868.0			1.0
4868.9			1.0
4869.8			0.9956803789473267
4870.7			0.9153098521605942
4871.6			0.8646221036872668
4872.5			0.9108277319968076
4873.4			0.9943508130043647
4874.3			1.0
4875.2			1.0
4876.1			1.0
4877.0			1.0
4877.9			1.0
4878.8			1.0
4879.7			1.0
4880.6			1.0
4881.5			1.0
4882.4			1.0
4883.3			1.0
4884.2			1.0
4885.1			1.0
4886.0			1.0
4886.9			1.0027838233517967
4887.8			1.0147279321884473
4888.7			0.9740671341430411
4889.6			0.9064914028850404
4890.5			0.8705683091791008
4891.4			0.8799842135671396
4892.3			0.9204209711730069
4893.2			0.966548596873401
4894.1			0.9962383356253615
4895.0			1.0
4895.9			1.0
4896.8			1.0
4897.7			1.0
4898.6			1.0
4899.5			1.0
4900.4			1.0
4901.3			1.0
4902.2			1.0
4903.1			1.0
4904.0			1.0
4904.9			1.0
4905.8			1.0
4906.7			1.0238776126190914
4907.6			0.981864118872298
4908.5			0.9291685666160493
4909.4			0.9097573900533791
4910.3			0.884906833656644
4911.2			0.8697881111206555
4912.1			0.8834362583342051
4913.0			1.0
4913.9			1.0474717548980592
4914.8			1.091830809395031
4915.7			1.0967959543238497
4916.6			1.0637482791418396
4917.5			1.0121895365670026
4918.4			0.9617022208238359
4919.3			0.9059971820903647
4920.2			0.8625549734495022
4921.1			0.8582500957789356
4922.0			0.8979130404576217
4922.9			0.94841060341306
4923.8			0.9568197465392909
4924.7			0.9394549685749672
4925.6			1.0
4926.5			1.0206834052213205
4927.4			1.0164429352314865
4928.3			1.0418129384605221
4929.2			1.0877603930130637
4930.1			1.089879973681447
4931.0			1.0645467873372003
4931.9			1.0394347950244909
4932.8			0.9825652428342251
4933.7			0.9148223607540111
4934.6			0.9118720642878281
4935.5			0.9428548921348139
4936.4			0.9350905183656504
4937.3			0.9137514627104251
4938.2			0.8968559582445522
4939.1			0.909471506179877
4940.0			0.960138851885573
4940.9			0.9975699830313653
4941.8			1.0
4942.7			1.0
4943.6			1.0
4944.5			1.0
4945.4			1.0
4946.3			1.0
4947.2			1.0
4948.1			1.0
4949.0			1.0
4949.9			1.0
4950.8			1.0
4951.7			1.0
4952.6			1.0
4953.5			1.0
4954.4			1.0
4955.3			1.026347734455302
4956.2			0.9832681245972567
4957.1			0.8726739545932255
4958.0			0.8757028539105517
4958.9			0.9996601351354486
4959.8			1.0
4960.7			1.0
4961.6			1.0
4962.5			1.0
4963.4			1.0
4964.3			1.0277970701786945
4965.2			0.9987287088835122
4966.1			0.9621315993983265
4967.0			0.9470987122401049
4967.9			0.9449100498945123
4968.8			0.9848548248668906
4969.7			1.0262694678394468
4970.6			1.0094101599257133
4971.5			1.0054803376055546
4972.4			1.0
4973.3			1.0
4974.2			1.0
4975.1			1.0
4976.0			1.0
4976.9			1.0
4977.8			1.0
4978.7			1.0151606722242104
4979.6			1.0012039643584891
4980.5			0.9636906227764201
4981.4			0.9057986574308035
4982.3			0.8456132967707661
4983.2			0.8428531958611377
4984.1			0.8985377824020119
4985.0			0.9368081610391391
4985.9			0.9462602028530661
4986.8			0.9696590696979758
4987.7			1.0001454691626106
4988.6			1.0
4989.5			1.0
4990.4			1.0
4991.3			1.0
4992.2			1.0
4993.1			1.0
4994.0			1.0
4994.9			1.0
4995.8			1.0
4996.7			1.0
4997.6			1.0
4998.5			1.0
4999.4			1.0
5000.3			1.0
5001.2			1.0200862861021105
5002.1			1.049292908721661
5003.0			1.0576584940189941
5003.9			1.0453591703616798
5004.8			1.0250976748591463
5005.7			0.9914528293096116
5006.6			0.982458624078427
5007.5			1.0343375145706062
5008.4			1.0915377713174892
5009.3			1.1097907706183845
5010.2			1.0950803626454968
5011.1			1.0474283280601342
5012.0			1.007261782000363
5012.9			0.9886445689226299
5013.8			0.949077930701158
5014.7			0.9328066539275306
5015.6			0.9910804553820554
5016.5			1.0400486626574996
5017.4			1.031457842995577
5018.3			1.017925238929254
5019.2			1.029313321005032
5020.1			1.0354846359401886
5021.0			1.0268980579048528
5021.9			1.0305693366093822
5022.8			1.038087560837611
5023.7			1.0299297140770525
5024.6			1.0245170386521627
5025.5			1.047239299981365
5026.4			1.0540964448978838
5027.3			1.0169318274217871
5028.2			1.0004057091144287
5029.1			1.0
5030.0			1.0
5030.9			1.0
5031.8			1.0
5032.7			1.0
5033.6			1.0
5034.5			1.0
5035.4			1.0
5036.3			1.0
5037.2			1.0080202355140875
5038.1			1.0100313517981439
5039.0			0.9716517383991612
5039.9			0.9155978265538016
5040.8			0.8561142068677896
5041.7			0.8440792868988496
5042.6			0.9107167379342923
5043.5			0.9852906106714069
5044.4			1.0008543069905325
5045.3			0.9885120748183472
5046.2			0.9948901206036065
5047.1			1.0
5048.0			1.0
5048.9			1.0
5049.8			1.0
5050.7			1.0
5051.6			1.0
5052.5			1.0
5053.4			1.0
5054.3			1.0
5055.2			1.0
5056.1			1.0
5057.0			1.0
5057.9			1.0
5058.8			1.0
5059.7			1.0137902227354632
5060.6			1.035209998397255
5061.5			1.0176130205377225
5062.4			0.9829216918448807
5063.3			0.949866443813807
5064.2			0.9099038381183278
5065.1			0.8993549525942042
5066.0			0.9241248978033269
5066.9			0.933896655364643
5067.8			0.9104935989461197
5068.7			0.9139545888131798
5069.6			0.9726288079886991
5070.5			1.0010330298945984
5071.4			1.0
5072.3			1.0
5073.2			1.0
5074.1			1.0510254003326855
5075.0			1.0460370071809357
5075.9			1.040257788285762
5076.8			1.0450963770556014
5077.7			1.011838579154264
5078.6			0.9497194834378856
5079.5			0.8971821413445241
5080.4			0.8969981846404232
5081.3			0.9395598001869295
5082.2			0.9637524450420868
5083.1			0.9540729848025054
5084.0			0.9585343530426602
5084.9			1.001380633283405
5085.8			1.0
5086.7			1.0
5087.6			1.0
5088.5			1.0
5089.4			1.0
5090.3			1.0
5091.2			1.0
5092.1			1.0
5093.0			1.0
5093.9			1.0
5094.8			0.9905655126720184
5095.7			0.9612565438317412
5096.6			0.9314550668645546
5097.5			0.9030307353233451
5098.4			0.8755045574234686
5099.3			0.8825205379137478
5100.2			0.9339515794069124
5101.1			0.9880387734154209
5102.0			0.9987795191672902
5102.9			1.0
5103.8			1.0
5104.7			1.0031949222310697
5105.6			0.9862609433505919
5106.5			0.9457079189586441
5107.4			0.9142262762716409
5108.3			0.9054182739462106
5109.2			0.903786306079536
5110.1			0.9010111673959905
5111.0			0.9156032971607103
5111.9			0.9478124213877505
5112.8			0.9794737338303166
5113.7			0.9901450478538325
5114.6			1.0
5115.5			1.0164968332778523
5116.4			1.0207435523743222
5117.3			1.0110760844933513
5118.2			1.0156621978971405
5119.1			1.0192053678949013
5120.0			1.002552008465478
5120.9			0.9869834099600007
5121.8			0.9838040652169001
5122.7			0.9819428777691782
5123.6			0.9688591632466117
5124.5			0.9556036679227443
5125.4			0.9613883636736938
5126.3			0.9602927096333446
5127.2			0.9583194494188944
5128.1			0.9787496310557292
5129.0			0.9915915800933709
5129.9			1.0000186175393022
5130.8			1.006055677176412
5131.7			0.9909463278897389
5132.6			0.9919378184427007
5133.5			1.0402763934626658
5134.4			1.0
5135.3			1.0121418780776097
5136.2			0.979556732002259
5137.1			0.9328060246014911
5138.0			0.9098305590841859
5138.9			0.894666949295653
5139.8			0.9020631468737115
5140.7			0.928646969632419
5141.6			0.9079402776157857
5142.5			0.879779921735237
5143.4			0.9180345404490348
5144.3			0.9748141434657617
5145.2			0.9769473170901646
5146.1			0.9271837287192639
5147.0			0.8870071667258013
5147.9			0.9071277570593965
5148.8			0.9643553549310443
5149.7			1.0005414742134495
5150.6			1.0
5151.5			1.0
5152.4			1.0
5153.3			1.0
5154.2			1.0
5155.1			1.0
5156.0			1.0
5156.9			1.0
5157.8			1.0
5158.7			1.0
5159.6			1.0
5160.5			1.0
5161.4			1.0
5162.3			1.0
5163.2			1.0
5164.1			1.0
5165.0			1.0
5165.9			1.0
5166.8			1.0
5167.7			1.0
5168.6			1.0
5169.5			1.0890237794417323
5170.4			1.0582700054139769
5171.3			0.8943105001480537
5172.2			0.7429969429819728
5173.1			0.7639692817092687
5174.0			0.9060225683098369
5174.9			0.9893934641864933
5175.8			1.0
5176.7			1.0
5177.6			1.0
5178.5			1.0
5179.4			1.0
5180.3			1.0068460623081315
5181.2			0.9610976066247587
5182.1			0.8475287305061496
5183.0			0.7008054268249789
5183.9			0.6684497381913936
5184.8			0.805034298318042
5185.7			0.9514463565631086
5186.6			1.004930828813505
5187.5			1.005506476658784
5188.4			1.0
5189.3			1.0
5190.2			1.0
5191.1			1.0
5192.0			1.0
5192.9			1.0
5193.8			1.0
5194.7			1.0
5195.6			1.0
5196.5			1.0
5197.4			1.0
5198.3			1.0
5199.2			1.0
5200.1			1.0
5201.0			1.0
5201.9			1.0
5202.8			1.0144307711981373
5203.7			0.9710507711217797
5204.6			0.9043373523592386
5205.5			0.8877669229525161
5206.4			0.9163691084483245
5207.3			0.9135520347510423
5208.2			0.8671366111904714
5209.1			0.8539597386584136
5210.0			0.8940803603390254
5210.9			0.969038417420651
5211.8			1.0270580451216385
5212.7			1.0558170138890002
5213.6			1.0720628967301045
5214.5			1.048614516969293
5215.4			1.000521877696564
5216.3			1.0
5217.2			1.0
5218.1			1.0
5219.0			1.0
5219.9			1.0
5220.8			1.0
5221.7			1.0049175534966754
5222.6			0.9708889987098217
5223.5			0.9037931681056522
5224.4			0.8693530666452106
5225.3			0.8498570060008268
5226.2			0.8112046127216131
5227.1			0.8212325133663145
5228.0			0.8942129977806416
5228.9			0.9503314188836121
5229.8			0.9809083621823113
5230.7			1.000000437224528
5231.6			1.0
5232.5			1.0
5233.4			1.0
5234.3			1.0
5235.2			1.0
5236.1			1.0
5237.0			1.0
5237.9			1.0384927447310892
5238.8			1.0655277038568496
5239.7			1.0583262080757971
5240.6			1.036427532141197
5241.5			1.0214951866749145
5242.4			1.0064886655529979
5243.3			1.0195438382204187
5244.2			1.055559479777276
5245.1			1.0368773783100442
5246.0			0.9549791231839005
5246.9			0.8832040872920526
5247.8			0.890485912305144
5248.7			0.926919976595547
5249.6			0.9177878778402364
5250.5			0.9126900888468764
5251.4			0.9344803391428409
5252.3			0.9440773277509421
5253.2			0.941771067670713
5254.1			0.9165593846264176
5255.0			0.9261322161113938
5255.9			0.9998167549491495
5256.8			1.0
5257.7			1.0
5258.6			1.0
5259.5			1.0
5260.4			0.978545489629123
5261.3			0.9234823787017087
5262.2			0.8673196301820919
5263.1			0.8344793784085619
5264.0			0.82085825597866
5264.9			0.7974711844529564
5265.8			0.7870279372009101
5266.7			0.8394069020270473
5267.6			0.8718267213103482
5268.5			0.809761921690539
5269.4			0.745913826608929
5270.3			0.783712425016083
5271.2			0.8724034017201625
5272.1			0.9180823961473534
5273.0			0.9029648662709365
5273.9			0.8778107188592276
5274.8			0.8606476772913271
5275.7			0.8757403704650837
5276.6			0.9422082756799107
5277.5			1.002261489690631
5278.4			1.0019805407930218
5279.3			1.0
5280.2			0.9689137857180531
5281.1			0.9406932094151491
5282.0			0.89496212386417
5282.9			0.8563143242805343
5283.8			0.8715387541676709
5284.7			0.9459040629160829
5285.6			1.0014485195248677
5286.5			1.0
5287.4			1.0
5288.3			1.0
5289.2			1.0
5290.1			1.0
5291.0			1.0
5291.9			1.0
5292.8			1.0
5293.7			1.0
5294.6			1.0046391751908923
5295.5			0.9483871943470948
5296.4			0.860778959052475
5297.3			0.8086699002081691
5298.2			0.8413674736080109
5299.1			0.933531653999728
5300.0			0.9953927073062152
5300.9			1.0
5301.8			1.0
5302.7			1.0
5303.6			1.0
5304.5			1.0
5305.4			1.0
5306.3			1.0
5307.2			1.0
5308.1			1.0
5309.0			1.0
5309.9			1.0
5310.8			1.0
5311.7			1.0
5312.6			1.0
5313.5			1.0
5314.4			1.0
5315.3			1.0
5316.2			1.0
5317.1			1.0
5318.0			1.0
5318.9			1.0
5319.8			1.0
5320.7			1.0
5321.6			1.0
5322.5			1.0
5323.4			1.0
5324.3			1.0
5325.2			1.0152267372590296
5326.1			0.9824011257156862
5327.0			0.8688679910599212
5327.9			0.7975931706865859
5328.8			0.8648340936050805
5329.7			0.9706431612213168
5330.6			0.9952451352109697
5331.5			1.0
5332.4			1.0
5333.3			1.0
5334.2			1.0
5335.1			1.0
5336.0			1.0
5336.9			1.0
5337.8			1.0033259298391712
5338.7			0.9754170518920583
5339.6			0.92757661342301
5340.5			0.9058464338737001
5341.4			0.9487043201343319
5342.3			0.9936301211978396
5343.2			0.9995379406029403
5344.1			1.0
5345.0			1.0
5345.9			1.0
5346.8			1.0
5347.7			1.0
5348.6			1.0
5349.5			1.0
5350.4			1.0
5351.3			1.0
5352.2			1.0
5353.1			1.0
5354.0			1.0
5354.9			1.0
5355.8			1.0
5356.7			1.0
5357.6			1.0
5358.5			1.0
5359.4			1.0
5360.3			1.0
5361.2			1.0
5362.1			1.0
5363.0			1.0
5363.9			1.0
5364.8			1.0
5365.7			1.0
5366.6			1.0
5367.5			0.9814933075554149
5368.4			0.9491539449390758
5369.3			0.8884349485456383
5370.2			0.8511011595970749
5371.1			0.8749605771616414
5372.0			0.9603088116961942
5372.9			1.0010326259125328
5373.8			1.0
5374.7			1.0
5375.6			1.0
5376.5			1.0
5377.4			1.0
5378.3			1.0
5379.2			1.0
5380.1			1.0
5381.0			1.0
5381.9			1.0
5382.8			1.0
5383.7			1.0
5384.6			1.0
5385.5			1.0
5386.4			1.0
5387.3			1.0
5388.2			1.0
5389.1			1.0
5390.0			1.0
5390.9			1.0
5391.8			1.0
5392.7			1.0
5393.6			1.0
5394.5			1.0
5395.4			1.0
5396.3			1.0
5397.2			1.0
5398.1			1.0
5399.0			1.0
5399.9			1.0
5400.8			0.9954465276708033
5401.7			1.0045098007368445
5402.6			0.9877736483745252
5403.5			0.9524125027846614
5404.4			0.9303309417282686
5405.3			0.9070548626998998
5406.2			0.9161972488600686
5407.1			0.9693429977939471
5408.0			1.0047514234564427
5408.9			1.0061917334298796
5409.8			0.9999961316413501
5410.7			1.0
5411.6			1.0
5412.5			1.0
5413.4			1.0
5414.3			1.0
5415.2			1.0
5416.1			1.0
5417.0			1.0
5417.9			1.0
5418.8			1.0
5419.7			1.0
5420.6			1.0
5421.5			1.0
5422.4			1.0
5423.3			1.0
5424.2			1.0
5425.1			1.0
5426.0			1.0
5426.9			1.0
5427.8			1.0
5428.7			1.0
5429.6			1.0
5430.5			1.0
5431.4			1.0
5432.3			1.0
5433.2			1.0
5434.1			1.0
5435.0			1.0
5435.9			1.0
5436.8			1.0
5437.7			1.0
5438.6			1.0
5439.5			1.0
5440.4			1.0
5441.3			1.0
5442.2			1.0047784638319155
5443.1			0.9946634773932735
5444.0			0.9755288641554691
5444.9			0.9402660356224086
5445.8			0.9122228802589704
5446.7			0.9160747693174427
5447.6			0.9476399591794594
5448.5			0.9786551550280088
5449.4			1.001244552571927
5450.3			1.0
5451.2			1.0
5452.1			1.0
5453.0			1.0
5453.9			1.0
5454.8			1.0
5455.7			1.0
5456.6			1.0
5457.5			1.0
5458.4			1.0
5459.3			1.0
5460.2			1.0
5461.1			1.0
5462.0			1.0
5462.9			1.0
5463.8			1.0
5464.7			1.0
5465.6			1.0
5466.5			1.0
5467.4			1.0
5468.3			1.0
5469.2			1.0
5470.1			1.0
5471.0			1.0
5471.9			0.9836453822210358
5472.8			0.9764918727585561
5473.7			0.9832107676620805
5474.6			0.9554396207437978
5475.5			0.9192085048798057
5476.4			0.9308079484147675
5477.3			0.9734471422332318
5478.2			1.0010861402609172
5479.1			1.000564213795748
5480.0			1.0
5480.9			1.0
5481.8			1.0
5482.7			1.0
5483.6			1.0
5484.5			1.0
5485.4			1.0
5486.3			1.0
5487.2			1.0
5488.1			1.0
5489.0			1.0
5489.9			1.0
5490.8			1.0
5491.7			1.0
5492.6			1.0
5493.5			1.0
5494.4			1.0
5495.3			1.0
5496.2			1.0
5497.1			1.0
5498.0			1.0
5498.9			1.0
5499.8			1.0
5500.7			1.0
5501.6			1.0
5502.5			1.0
5503.4			1.0
5504.3			1.0
5505.2			1.0
5506.1			1.0
5507.0			1.0
5507.9			1.0
5508.8			1.0
5509.7			1.0
5510.6			1.0
5511.5			1.0
5512.4			1.0
5513.3			1.0
5514.2			1.0
5515.1			1.0
5516.0			1.0
5516.9			1.0
5517.8			1.0
5518.7			1.0
5519.6			1.0
5520.5			1.0
5521.4			1.0
5522.3			1.0
5523.2			1.0
5524.1			1.0
5525.0			1.0
5525.9			1.0
5526.8			1.0
5527.7			1.0
5528.6			1.0
5529.5			1.0
5530.4			1.0
5531.3			1.0
5532.2			1.0
5533.1			1.0
5534.0			1.0
5534.9			1.0
5535.8			1.0
5536.7			1.0
5537.6			1.0
5538.5			1.0
5539.4			1.0
5540.3			1.0
5541.2			1.0
5542.1			1.0
5543.0			1.0
5543.9			1.0
5544.8			1.0
5545.7			1.0
5546.6			1.0
5547.5			1.0
5548.4			1.0
5549.3			1.0
5550.200000000001			1.0
5551.1			1.0
5552.0			1.0
5552.9			1.0
5553.8			1.0
5554.700000000001			1.0
5555.6			1.0
5556.5			1.0
5557.4			1.0
5558.3			1.0
5559.200000000001			1.0
5560.1			1.0
5561.0			1.0
5561.9			1.0
5562.8			1.0
5563.700000000001			1.0
5564.6			1.0
5565.5			1.0
5566.4			1.0
5567.3			1.0
5568.200000000001			1.0
5569.1			1.0
5570.0			1.0
5570.9			1.0
5571.8			1.0
5572.700000000001			1.0
5573.6			1.0
5574.5			1.0
5575.4			1.0
5576.3			1.0
5577.200000000001			1.0
5578.1			1.0
5579.0			1.0
5579.9			1.0
5580.8			1.0
5581.700000000001			0.9990128778997025
5582.6			1.0043362409622585
5583.5			1.0058117131433835
5584.4			0.9966271336591866
5585.3			0.9968337041332441
5586.200000000001			0.9803459736591735
5587.1			0.9378272275810204
5588.0			0.9369269411575228
5588.9			0.9545764532733848
5589.8			0.9821478726562427
5590.700000000001			1.0508153041097024
5591.6			1.0840720058765618
5592.5			1.0315092952250153
5593.4			1.0031323359008393
5594.3			1.0
5595.200000000001			1.0075846184673378
5596.1			1.0772015882088253
5597.0			1.1159148627459106
5597.9			1.0757084802944228
5598.8			1.0084461331678762
5599.700000000001			1.0034754396136576
5600.6			0.9810873625017809
5601.5			0.9589021356493898
5602.4			0.9548138540915035
5603.3			0.9609340712438278
5604.200000000001			0.9809160339689122
5605.1			0.9894744623479161
5606.0			0.9868753140441849
5606.9			1.0005409600088597
5607.8			1.002038989583599
5608.700000000001			1.0
5609.6			1.0
5610.5			1.0
5611.4			1.0
5612.3			1.0
5613.200000000001			1.029123615079219
5614.1			0.9996849875285805
5615.0			0.9164246138635724
5615.9			0.9341781275268719
5616.8			0.9949158208977374
5617.700000000001			1.0
5618.6			1.0
5619.5			0.9824167277784938
5620.4			1.0020601357533656
5621.3			1.0355571964749428
5622.200000000001			1.0313895770140764
5623.1			0.9712248224953358
5624.0			0.9191805972760662
5624.9			0.9317270779634879
5625.8			0.9535345808626488
5626.700000000001			0.9486475854251925
5627.6			0.9628252090620096
5628.5			0.9989811456762785
5629.4			1.0
5630.3			1.0
5631.200000000001			1.0
5632.1			1.0
5633.0			1.0
5633.9			1.0
5634.8			1.0
5635.700000000001			1.0
5636.6			1.0
5637.5			1.0
5638.4			1.0
5639.3			1.0
5640.200000000001			1.0
5641.1			1.0
5642.0			1.0
5642.9			1.0
5643.8			1.0
5644.700000000001			1.0
5645.6			1.0
5646.5			1.0
5647.4			1.0
5648.3			1.0
5649.200000000001			1.0
5650.1			0.9846381798600149
5651.0			1.0133744874896504
5651.9			1.0776024967279496
5652.8			1.0926462107694268
5653.700000000001			1.0412459671858636
5654.6			0.9844187084138175
5655.5			0.9737502433993226
5656.4			0.9933865578854536
5657.3			0.9709785718716502
5658.200000000001			0.930516035395246
5659.1			0.9545660534239271
5660.0			0.9957719871893606
5660.9			0.9965990180108747
5661.8			0.9840742057674653
5662.700000000001			0.9960937173474796
5663.6			1.0337783187764202
5664.5			1.0496538753320888
5665.4			1.022032409681628
5666.3			0.9999063023806661
5667.200000000001			1.0
5668.1			1.0
5669.0			1.0
5669.9			1.0
5670.8			1.0
5671.700000000001			1.0
5672.6			1.0
5673.5			1.0
5674.4			1.0
5675.3			1.0
5676.200000000001			1.0
5677.1			1.0
5678.0			1.0
5678.9			1.0
5679.8			1.0
5680.700000000001			0.9875304053440959
5681.6			0.9308015662680179
5682.5			0.8967846411523763
5683.4			0.9361585102324026
5684.3			0.9886619308164486
5685.200000000001			1.0
5686.1			1.0
5687.0			1.0
5687.9			1.0
5688.8			1.0
5689.700000000001			1.0
5690.6			1.0
5691.5			1.0
5692.4			1.0
5693.3			1.0
5694.200000000001			1.0
5695.1			1.0
5696.0			1.0
5696.9			1.0
5697.8			1.0
5698.700000000001			1.0
5699.6			1.0
5700.5			1.0
5701.4			1.0
5702.3			1.0
5703.200000000001			1.0
5704.1			1.0
5705.0			1.0
5705.9			0.9993344946971882
5706.8			0.9963477996777591
5707.700000000001			0.974218390459885
5708.6			0.948436788990653
5709.5			0.92575163101061
5710.4			0.912882161705479
5711.3			0.9269411131121085
5712.200000000001			0.965184426911366
5713.1			1.006169220707958
5714.0			1.0114384554708724
5714.9			0.9993612266146267
5715.8			1.0
5716.700000000001			1.0
5717.6			1.0
5718.5			1.0
5719.4			1.0
5720.3			1.0
5721.200000000001			1.0
5722.1			1.0
5723.0			1.0
5723.9			1.0
5724.8			1.0
5725.700000000001			1.0
5726.6			1.0
5727.5			1.0
5728.4			1.0
5729.3			1.0
5730.200000000001			1.0
5731.1			1.0
5732.0			1.0
5732.9			1.0
5733.8			1.0
5734.700000000001			1.0
5735.6			1.0
5736.5			1.0
5737.4			1.0
5738.3			1.0
5739.200000000001			1.0
5740.1			1.0
5741.0			1.0
5741.9			1.0
5742.8			1.0
5743.700000000001			1.0
5744.6			1.0
5745.5			1.0
5746.4			1.0
5747.3			1.0
5748.200000000001			1.0
5749.1			1.0
5750.0			1.0
5750.9			1.0
5751.8			1.0
5752.700000000001			1.0
5753.6			1.0
5754.5			1.0
5755.4			1.0
5756.3			1.0
5757.200000000001			1.0
5758.1			1.0040207500643756
5759.0			0.9912055662365212
5759.9			0.9707350698519072
5760.8			0.96201208451261
5761.700000000001			0.9448464857963556
5762.6			0.9272120452327914
5763.5			0.9425848264830808
5764.4			0.9843552583370667
5765.3			1.0094493674088292
5766.200000000001			1.0115381396701784
5767.1			1.0020626126059635
5768.0			1.0
5768.9			1.0
5769.8			1.0
5770.700000000001			1.0
5771.6			1.0
5772.5			1.0
5773.4			1.0
5774.3			1.0
5775.200000000001			1.0
5776.1			1.0291900358246973
5777.0			1.0452041521413162
5777.9			1.0383214579739788
5778.8			1.0079195654317537
5779.700000000001			0.9506048485598396
5780.6			0.8825504125825031
5781.5			0.8845822591077777
5782.4			0.9365921704966285
5783.3			0.9685885383712438
5784.200000000001			0.9750949468993705
5785.1			0.9875989972689799
5786.0			1.0063655848962256
5786.9			1.0019992995657543
5787.8			1.0
5788.700000000001			1.0
5789.6			1.0
5790.5			1.0
5791.4			1.0
5792.3			1.0
5793.200000000001			1.0
5794.1			1.0
5795.0			1.0
5795.9			1.0
5796.8			1.0
5797.700000000001			1.0
5798.6			1.0
5799.5			1.0
5800.4			1.0
5801.3			1.0
5802.200000000001			1.0
5803.1			1.0
5804.0			1.0
5804.9			1.0
5805.8			1.0
5806.700000000001			1.0
5807.6			1.0
5808.5			1.0
5809.4			1.0
5810.3			1.0
5811.200000000001			1.0
5812.1			1.0
5813.0			1.0
5813.9			1.0
5814.8			1.0
5815.700000000001			1.0
5816.6			1.0
5817.5			1.0
5818.4			1.0
5819.3			1.0
5820.200000000001			1.0
5821.1			1.0
5822.0			1.0
5822.9			1.0
5823.8			1.0
5824.700000000001			1.0
5825.6			1.0
5826.5			1.0
5827.4			1.0
5828.3			1.0
5829.200000000001			1.0
5830.1			1.0
5831.0			1.0
5831.9			1.0
5832.8			1.0
5833.700000000001			1.0
5834.6			1.0
5835.5			1.0
5836.4			1.0
5837.3			1.0
5838.200000000001			1.0
5839.1			1.0
5840.0			1.0
5840.9			1.0
5841.8			1.0
5842.700000000001			1.0
5843.6			1.0
5844.5			1.0
5845.4			1.0
5846.3			1.0
5847.200000000001			1.0
5848.1			1.0
5849.0			1.0
5849.9			1.0
5850.8			1.0
5851.700000000001			1.0
5852.6			1.0
5853.5			1.0
5854.4			1.013539148980811
5855.3			0.9958849509242717
5856.200000000001			0.9405798885302527
5857.1			0.9121285171246208
5858.0			0.9409218404976416
5858.9			0.990171783175554
5859.8			0.9997162722231211
5860.700000000001			1.0
5861.6			1.0
5862.5			1.0
5863.4			1.0
5864.3			1.0
5865.200000000001			1.0
5866.1			1.0
5867.0			1.0
5867.9			1.0
5868.8			1.0
5869.700000000001			1.0
5870.6			1.0
5871.5			1.0
5872.4			1.0
5873.3			1.0
5874.200000000001			1.0
5875.1			1.0
5876.0			1.0
5876.9			1.0
5877.8			1.0
5878.700000000001			1.0
5879.6			1.0
5880.5			1.0
5881.4			1.0
5882.3			1.0
5883.200000000001			1.0
5884.1			1.0
5885.0			1.0
5885.9			1.0
5886.8			1.0
5887.700000000001			0.9709064245688022
5888.6			0.8412098371534726
5889.5			0.6848339717271643
5890.4			0.6700819999073127
5891.3			0.8120714951219895
5892.200000000001			0.9383762977487229
5893.1			0.9954819839845932
5894.0			1.0
5894.9			1.0
5895.8			1.0
5896.700000000001			1.0
5897.6			1.0
5898.5			1.0
5899.4			1.0
5900.3			1.0
5901.200000000001			1.0
5902.1			1.0
5903.0			1.0
5903.9			1.0
5904.8			1.0
5905.700000000001			1.0
5906.6			1.0
5907.5			1.0
5908.4			1.0
5909.3			1.0
5910.200000000001			1.0
5911.1			1.0
5912.0			1.0
5912.9			1.0
5913.8			1.0
5914.700000000001			1.0
5915.6			1.0
5916.5			1.0
5917.4			1.0
5918.3			1.0
5919.200000000001			1.0
5920.1			1.0
5921.0			1.0
5921.9			1.0
5922.8			1.0
5923.700000000001			1.0
5924.6			1.0
5925.5			1.0
5926.4			1.0
5927.3			1.0
5928.200000000001			1.0
5929.1			1.0
5930.0			1.0
5930.9			1.0
5931.8			1.0
5932.700000000001			1.0
5933.6			1.0
5934.5			1.0
5935.4			1.0
5936.3			1.0
5937.200000000001			1.0
5938.1			1.0
5939.0			1.0
5939.9			1.0
5940.8			1.0
5941.700000000001			1.0
5942.6			1.0
5943.5			1.0
5944.4			1.0
5945.3			1.0
5946.200000000001			1.0
5947.1			1.0
5948.0			1.0
5948.9			1.0
5949.8			1.0
5950.700000000001			1.0
5951.6			1.0
5952.5			1.0
5953.4			1.0
5954.3			1.0
5955.200000000001			1.0
5956.1			1.0
5957.0			1.0
5957.9			1.0
5958.8			1.0
5959.700000000001			1.0
5960.6			1.0
5961.5			1.0
5962.4			1.0
5963.3			1.0
5964.200000000001			1.0
5965.1			1.0
5966.0			1.0
5966.9			1.0
5967.8			1.0
5968.700000000001			1.0
5969.6			1.0
5970.5			1.0
5971.4			1.0
5972.3			1.0
5973.200000000001			1.0
5974.1			1.0
5975.0			1.0
5975.9			1.0
5976.8			1.0
5977.700000000001			1.0
5978.6			1.0
5979.5			1.0
5980.4			1.0
5981.3			1.0
5982.200000000001			1.0
5983.1			1.0
5984.0			1.0
5984.9			1.0
5985.8			1.0
5986.700000000001			1.0
5987.6			1.0
5988.5			1.0
5989.4			1.0
5990.3			1.0
5991.200000000001			1.0
5992.1			1.0
5993.0			1.0
5993.9			1.0
5994.8			1.0
5995.700000000001			1.0
5996.6			1.0
5997.5			1.0
5998.4			1.0
5999.3			1.0
6000.200000000001			1.0
6001.1			1.0
6002.0			1.0
6002.9			1.0
6003.8			1.0
6004.700000000001			1.0
6005.6			1.0
6006.5			1.0
6007.4			1.0
6008.3			1.0
6009.200000000001			1.0
6010.1			1.0
6011.0			1.0
6011.9			1.0
6012.8			1.0
6013.700000000001			1.0
6014.6			1.0
6015.5			1.0
6016.4			1.0
6017.3			1.0
6018.200000000001			1.0
6019.1			1.0
6020.0			1.0
6020.9			1.0
6021.8			1.0
6022.700000000001			1.0
6023.6			1.0
6024.5			1.0
6025.4			1.0
6026.3			1.0
6027.200000000001			1.0
6028.1			1.0
6029.0			1.0
6029.9			1.0
6030.8			1.0
6031.700000000001			1.0
6032.6			1.0
6033.5			1.0
6034.4			1.0
6035.3			1.0
6036.200000000001			1.0
6037.1			1.0
6038.0			1.0
6038.9			1.0
6039.8			1.0
6040.700000000001			1.0
6041.6			1.0
6042.5			1.0
6043.4			1.0
6044.3			1.0
6045.200000000001			1.0
6046.1			1.0
6047.0			1.0
6047.9			1.0
6048.8			1.0
6049.700000000001			1.0
6050.6			1.0
6051.5			1.0
6052.4			1.0
6053.3			1.0
6054.200000000001			1.0
6055.1			1.0
6056.0			1.0
6056.9			1.0
6057.8			1.0
6058.700000000001			1.0
6059.6			1.0
6060.5			1.0
6061.4			1.0
6062.3			1.0
6063.200000000001			1.0
6064.1			1.0
6065.0			1.0
6065.9			1.0
6066.8			1.0
6067.700000000001			1.0
6068.6			1.0
6069.5			1.0
6070.4			1.0
6071.3			1.0
6072.200000000001			1.0
6073.1			1.0
6074.0			1.0
6074.9			1.0
6075.8			1.0
6076.700000000001			1.0
6077.6			1.0
6078.5			1.0
6079.4			1.0
6080.3			1.0
6081.200000000001			1.0
6082.1			1.0
6083.0			1.0
6083.9			1.0
6084.8			1.0
6085.700000000001			1.0
6086.6			1.0
6087.5			1.0
6088.4			1.0
6089.3			1.0
6090.200000000001			1.0
6091.1			1.0
6092.0			1.0
6092.9			1.0
6093.8			1.0
6094.700000000001			1.0
6095.6			1.0
6096.5			1.0
6097.4			1.0
6098.3			1.0
6099.200000000001			0.9825613474286146
6100.1			0.9420467317727248
6101.0			0.8936927150287172
6101.9			0.8819389336623409
6102.8			0.9127204974356103
6103.700000000001			0.9681121555985381
6104.6			1.0008013065957024
6105.5			1.0
6106.4			1.0
6107.3			1.0
6108.200000000001			1.0
6109.1			1.0
6110.0			1.0
6110.9			1.0
6111.8			1.0
6112.700000000001			1.0
6113.6			1.0
6114.5			1.0
6115.4			1.0
6116.3			1.0
6117.200000000001			1.0
6118.1			1.0
6119.0			1.0
6119.9			1.0
6120.8			1.0
6121.700000000001			1.0
6122.6			1.0
6123.5			1.0
6124.4			1.0
6125.3			1.0
6126.200000000001			1.0
6127.1			1.0
6128.0			1.0
6128.9			1.0
6129.8			1.0
6130.700000000001			1.0
6131.6			1.0
6132.5			1.0
6133.4			1.0
6134.3			0.997565297759061
6135.200000000001			0.9720876380770682
6136.1			0.9253447395800245
6137.0			0.8943463576324212
6137.9			0.9492190875688666
6138.8			1.0027769644660638
6139.700000000001			1.0012119998374394
6140.6			1.0
6141.5			1.0
6142.4			1.0
6143.3			1.0
6144.200000000001			1.0
6145.1			1.0
6146.0			1.0
6146.9			1.0
6147.8			1.0
6148.700000000001			1.0
6149.6			1.0
6150.5			1.0
6151.4			1.0
6152.3			1.0
6153.200000000001			1.0
6154.1			1.0
6155.0			1.0
6155.9			1.0175298878505885
6156.8			1.0218047425789187
6157.700000000001			1.0165916108202764
6158.6			1.001001052313047
6159.5			0.9964274575949378
6160.4			0.9462277225738854
6161.3			0.8904854186648489
6162.200000000001			0.8550266867609562
6163.1			0.8758410946309767
6164.0			0.9487825815417394
6164.9			0.9823221613926951
6165.8			0.9782060843913315
6166.700000000001			1.0119632344227023
6167.6			1.0458240810750745
6168.5			1.0063125199594622
6169.4			1.0
6170.3			1.0
6171.200000000001			1.0
6172.1			1.0
6173.0			1.0
6173.9			1.0
6174.8			1.0
6175.700000000001			1.0
6176.6			1.0
6177.5			1.0
6178.4			1.0
6179.3			1.0
6180.200000000001			1.0
6181.1			1.0
6182.0			1.0
6182.9			1.0
6183.8			1.0
6184.700000000001			1.0
6185.6			1.0
6186.5			1.0
6187.4			1.0
6188.3			1.0
6189.200000000001			1.0
6190.1			1.0
6191.0			1.0
6191.9			1.0
6192.8			1.0
6193.700000000001			1.0
6194.6			1.0
6195.5			1.0
6196.4			1.0
6197.3			1.0
6198.200000000001			1.0
6199.1			1.0
6200.0			1.0
6200.9			1.0
6201.8			1.0
6202.700000000001			1.0
6203.6			1.0
6204.5			1.0
6205.4			1.0
6206.3			1.0
6207.200000000001			1.0
6208.1			1.0
6209.0			1.0
6209.9			1.0
6210.8			1.0
6211.700000000001			1.0
6212.6			1.0
6213.5			1.0
6214.4			1.0
6215.3			1.0
6216.200000000001			1.0
6217.1			1.0
6218.0			1.0
6218.9			1.0
6219.8			1.0
6220.700000000001			1.0
6221.6			1.0
6222.5			1.0
6223.4			1.0
6224.3			1.0
6225.200000000001			1.0
6226.1			1.0
6227.0			1.0
6227.9			1.0
6228.8			1.0
6229.700000000001			1.0
6230.6			1.0
6231.5			1.0
6232.4			1.0
6233.3			1.0
6234.200000000001			1.0
6235.1			1.0
6236.0			1.0
6236.9			1.0
6237.8			1.0
6238.700000000001			1.0
6239.6			1.0
6240.5			1.0
6241.4			1.0
6242.3			1.0
6243.200000000001			1.0
6244.1			1.0
6245.0			1.0
6245.9			1.0
6246.8			1.0
6247.700000000001			1.0
6248.6			1.0
6249.5			1.0
6250.4			1.0
6251.3			1.0
6252.200000000001			1.0
6253.1			1.0
6254.0			1.0
6254.9			1.0
6255.8			1.0
6256.700000000001			1.0
6257.6			1.0
6258.5			1.0
6259.4			1.0
6260.3			1.0
6261.200000000001			1.0
6262.1			1.0
6263.0			1.0
6263.9			1.0
6264.8			1.0
6265.700000000001			1.0
6266.6			1.0
6267.5			1.0
6268.4			1.0
6269.3			1.0
6270.200000000001			1.0
6271.1			1.0
6272.0			1.0
6272.9			1.0
6273.8			1.0
6274.700000000001			1.0
6275.6			1.0
6276.5			1.0093151890123822
6277.4			1.0139044798429666
6278.3			1.0121762322903198
6279.200000000001			0.9591815866655319
6280.1			0.9077623277201683
6281.0			0.9143352887480164
6281.9			0.9359875819121376
6282.8			0.9440893643390225
6283.700000000001			0.9253466457457125
6284.6			0.9076788103740824
6285.5			0.9228952894719963
6286.4			0.941071582972027
6287.3			0.9802403357395044
6288.200000000001			1.0471128933745328
6289.1			1.0645315696116806
6290.0			1.0337873148465613
6290.9			0.9973395228158958
6291.8			0.9912638929861399
6292.700000000001			1.0024839892035287
6293.6			1.0
6294.5			1.0
6295.4			1.0
6296.3			1.0
6297.200000000001			1.0
6298.1			1.0
6299.0			1.0
6299.9			1.0
6300.8			1.0
6301.700000000001			1.0
6302.6			1.0
6303.5			1.0
6304.4			1.0
6305.3			1.0
6306.200000000001			1.0
6307.1			1.0
6308.0			1.0
6308.9			1.0
6309.8			1.0
6310.700000000001			1.0
6311.6			1.0
6312.5			1.0
6313.4			1.0
6314.3			1.0
6315.200000000001			1.0
6316.1			1.0
6317.0			1.0
6317.9			1.0
6318.8			1.0
6319.700000000001			1.0
6320.6			1.0
6321.5			1.0
6322.4			1.0
6323.3			1.0
6324.200000000001			1.0
6325.1			1.0
6326.0			1.0
6326.9			1.0
6327.8			1.0
6328.700000000001			1.0
6329.6			1.0
6330.5			1.0
6331.4			1.0
6332.3			1.0
6333.200000000001			1.0
6334.1			1.0
6335.0			1.0
6335.9			1.0
6336.8			1.0
6337.700000000001			1.0
6338.6			1.0
6339.5			1.0
6340.4			1.0
6341.3			1.0
6342.200000000001			1.0
6343.1			1.0
6344.0			1.0
6344.9			1.0
6345.8			1.0
6346.700000000001			1.0
6347.6			1.0
6348.5			1.0
6349.4			1.0
6350.3			1.0
6351.200000000001			1.0
6352.1			1.0
6353.0			1.0
6353.9			1.0
6354.8			1.0
6355.700000000001			1.0
6356.6			1.0
6357.5			1.0
6358.4			1.0
6359.3			1.0
6360.200000000001			1.0
6361.1			1.0
6362.0			1.0
6362.9			1.0
6363.8			1.0
6364.700000000001			1.0
6365.6			1.0
6366.5			1.0
6367.4			1.0
6368.3			1.0
6369.200000000001			1.0
6370.1			1.0
6371.0			1.0
6371.9			1.0
6372.8			1.0
6373.700000000001			1.0
6374.6			1.0
6375.5			1.0
6376.4			1.0
6377.3			1.0
6378.200000000001			1.0
6379.1			1.0
6380.0			1.0
6380.9			1.0
6381.8			1.0
6382.700000000001			1.0
6383.6			1.0
6384.5			1.0
6385.4			1.0
6386.3			1.0
6387.200000000001			1.0
6388.1			1.0
6389.0			1.0
6389.9			1.0
6390.8			1.0
6391.700000000001			1.0
6392.6			1.0
6393.5			1.0
6394.4			1.0
6395.3			1.0
6396.200000000001			1.0
6397.1			1.0
6398.0			1.0
6398.9			1.0
6399.8			1.0
6400.700000000001			1.0
6401.6			1.0
6402.5			1.0
6403.4			1.0
6404.3			1.0
6405.200000000001			1.0
6406.1			1.0
6407.0			1.0
6407.9			1.0
6408.8			1.0
6409.700000000001			1.0
6410.6			1.0
6411.5			1.0
6412.4			1.0
6413.3			1.0
6414.200000000001			1.0
6415.1			1.0
6416.0			1.0
6416.9			1.0
6417.8			1.0
6418.700000000001			1.0
6419.6			1.0
6420.5			1.0
6421.4			1.0
6422.3			1.0
6423.200000000001			1.0
6424.1			1.0
6425.0			1.0
6425.9			1.0
6426.8			1.0
6427.700000000001			1.0
6428.6			1.0
6429.5			1.0
6430.4			1.0
6431.3			1.0
6432.200000000001			1.0
6433.1			1.0
6434.0			1.0
6434.9			1.0
6435.8			1.0
6436.700000000001			1.0
6437.6			1.0
6438.5			1.0
6439.4			1.0
6440.3			1.0
6441.200000000001			1.0
6442.1			1.0
6443.0			1.0
6443.9			1.0
6444.8			1.0
6445.700000000001			1.0
6446.6			1.0
6447.5			0.9889499132532533
6448.4			0.9740635720808357
6449.3			0.9400742662959256
6450.200000000001			0.8971258719123115
6451.1			0.9105405369815911
6452.0			0.9715486758057781
6452.9			0.9989817729911079
6453.8			1.0
6454.700000000001			1.0
6455.6			1.0
6456.5			1.0
6457.4			1.0
6458.3			1.0
6459.200000000001			1.0
6460.1			1.0
6461.0			1.0
6461.9			1.0
6462.8			1.0
6463.700000000001			1.0
6464.6			1.0
6465.5			1.0
6466.4			1.0
6467.3			1.0
6468.200000000001			1.0
6469.1			1.0
6470.0			1.0
6470.9			1.0
6471.8			1.0
6472.700000000001			1.0
6473.6			1.0
6474.5			1.0
6475.4			1.0
6476.3			1.0
6477.200000000001			1.0
6478.1			1.0
6479.0			1.0
6479.9			1.0
6480.8			1.0
6481.700000000001			1.0
6482.6			1.0
6483.5			1.0
6484.4			1.0
6485.3			1.0
6486.200000000001			1.0
6487.1			1.0
6488.0			1.0
6488.9			1.013693500255631
6489.8			0.9718842326778918
6490.700000000001			0.9400896718294931
6491.6			0.943837897620941
6492.5			0.9475981976351109
6493.4			0.913336957120294
6494.3			0.8656077363967281
6495.200000000001			0.8466525515399294
6496.1			0.860731005364271
6497.0			0.9012595544424089
6497.9			0.9354526123444401
6498.8			0.9302835618121917
6499.700000000001			0.9321205188351162
6500.6			0.9709701214678856
6501.5			0.9997636348611151
6502.4			1.0
6503.3			1.0
6504.200000000001			1.0
6505.1			1.0
6506.0			1.0
6506.9			1.0
6507.8			1.0001317110926085
6508.700000000001			0.998287050328994
6509.6			1.009882179276384
6510.5			1.0434609440813714
6511.4			1.059708913994448
6512.3			1.0337325289947963
6513.200000000001			1.0118977648690386
6514.1			1.0070746115287197
6515.0			0.9993915015663333
6515.9			1.0
6516.8			1.0
6517.700000000001			1.0
6518.6			1.0
6519.5			1.0
6520.4			1.0
6521.3			1.0
6522.200000000001			1.0
6523.1			1.0
6524.0			1.0
6524.9			1.0
6525.8			1.0
6526.700000000001			1.0
6527.6			1.0
6528.5			1.0
6529.4			1.0
6530.3			1.0
6531.200000000001			1.0
6532.1			1.0
6533.0			1.0
6533.9			1.0
6534.8			1.0
6535.700000000001			1.0
6536.6			1.0
6537.5			1.0
6538.4			1.0
6539.3			1.0
6540.200000000001			1.0
6541.1			1.0
6542.0			1.0
6542.9			1.0
6543.8			1.0
6544.700000000001			1.0
6545.6			1.0
6546.5			1.0
6547.4			1.0
6548.3			1.0
6549.200000000001			1.0
6550.1			1.0
6551.0			1.0
6551.9			1.0
6552.8			1.0
6553.700000000001			1.0
6554.6			1.0
6555.5			1.0
6556.4			1.0
6557.3			1.0
6558.200000000001			1.0
6559.1			1.0
6560.0			0.960872465460314
6560.9			1.0
6561.8			0.8229074343170408
6562.700000000001			0.6859689881116167
6563.6			0.7886233173534187
6564.5			1.0039164228432234
6565.4			1.104437385435336
6566.3			1.112884336623547
6567.200000000001			1.1051448032480062
6568.1			1.0945561269850714
6569.0			1.0970104262472635
6569.9			1.103211075575696
6570.8			1.0990992941067765
6571.700000000001			1.073645634658474
6572.6			1.0403456076306574
6573.5			1.036961682220937
6574.4			1.063244067639694
6575.3			1.111651224932566
6576.200000000001			1.1531113183062565
6577.1			1.1611558057079474
6578.0			1.1351884165582855
6578.9			1.1018676579111755
6579.8			1.1058435003141
6580.700000000001			1.1401961837350774
6581.6			1.15114631103079
6582.5			1.1384175644064574
6583.4			1.1319088038211627
6584.3			1.1309445377870746
6585.200000000001			1.1318979626612606
6586.1			1.120030652282668
6587.0			1.10247254247653
6587.9			1.1002447094857302
6588.8			1.0912789737929678
6589.700000000001			1.0786159494309466
6590.6			1.0824996016047275
6591.5			1.0630998094802266
6592.4			0.9993604034160458
6593.3			0.8888164794379143
6594.200000000001			0.8995984949457743
6595.1			0.9408785620714327
6596.0			0.979585596825172
6596.9			1.000997302788295
6597.8			1.0
6598.700000000001			1.0
6599.6			1.0
6600.5			1.0
6601.4			1.0
6602.3			1.0
6603.200000000001			1.0
6604.1			1.0
6605.0			1.0
6605.9			1.0
6606.8			1.0
6607.700000000001			1.0
6608.6			1.0
6609.5			1.0
6610.4			1.0
6611.3			1.0
6612.200000000001			1.0
6613.1			1.0
6614.0			1.0
6614.9			1.0
6615.8			1.0
6616.700000000001			1.0
6617.6			1.0
6618.5			1.0
6619.4			1.0
6620.3			1.0
6621.200000000001			1.0
6622.1			1.0
6623.0			1.0
6623.9			1.0
6624.8			1.0
6625.700000000001			1.0
6626.6			1.0
6627.5			1.0
6628.4			1.0
6629.3			1.0
6630.200000000001			1.0
6631.1			1.0
6632.0			1.0
6632.9			1.0
6633.8			1.0
6634.700000000001			1.0
6635.6			1.0
6636.5			1.0
6637.4			1.0
6638.3			1.0
6639.200000000001			1.0
6640.1			1.0
6641.0			1.0
6641.9			1.0
6642.8			1.0
6643.700000000001			1.0
6644.6			1.0
6645.5			1.0
6646.4			1.0
6647.3			1.0
6648.200000000001			1.0
6649.1			1.0
6650.0			1.0
6650.9			1.0
6651.8			1.0
6652.700000000001			1.0
6653.6			1.0
6654.5			1.0
6655.4			1.0
6656.3			1.0
6657.200000000001			1.0
6658.1			1.0
6659.0			1.0
6659.9			1.0
6660.8			1.0
6661.700000000001			1.0
6662.6			1.0
6663.5			1.0
6664.4			1.0
6665.3			1.0
6666.200000000001			1.0
6667.1			1.0
6668.0			1.0
6668.9			1.0
6669.8			1.0
6670.700000000001			1.0
6671.6			1.0
6672.5			1.0
6673.4			1.0
6674.3			1.0
6675.200000000001			1.0
6676.1			1.0
6677.0			1.0
6677.9			1.0
6678.8			1.0
6679.700000000001			1.0
6680.6			1.0
6681.5			1.0
6682.4			1.0
6683.3			1.0
6684.200000000001			1.0
6685.1			1.0
6686.0			1.0
6686.9			1.0
6687.8			1.0
6688.700000000001			1.0
6689.6			1.0
6690.5			1.0
6691.4			1.0
6692.3			1.0
6693.200000000001			1.0
6694.1			1.0
6695.0			1.0
6695.9			1.0
6696.8			1.0
6697.700000000001			1.0
6698.6			1.0
6699.5			1.0
6700.4			1.0
6701.3			1.0
6702.200000000001			1.0
6703.1			1.0
6704.0			1.0
6704.9			1.0
6705.8			1.0
6706.700000000001			1.0
6707.6			1.0
6708.5			1.0
6709.4			1.0
6710.3			1.0
6711.200000000001			1.0
6712.1			1.0
6713.0			1.0
6713.9			1.0
6714.8			1.0
6715.700000000001			1.0
6716.6			1.0
6717.5			1.0
6718.4			1.0
6719.3			1.0
6720.200000000001			1.0
6721.1			1.0
6722.0			1.0
6722.9			1.0
6723.8			1.0
6724.700000000001			1.0
6725.6			1.0
6726.5			1.0
6727.4			1.0
6728.3			1.0
6729.200000000001			1.0
6730.1			1.0
6731.0			1.0
6731.9			1.0
6732.8			1.0
6733.700000000001			1.0
6734.6			1.0
6735.5			1.0
6736.4			1.0
6737.3			1.0
6738.200000000001			1.0
6739.1			1.0
6740.0			1.0
6740.9			1.0
6741.8			1.0
6742.700000000001			1.0
6743.6			1.0
6744.5			1.0
6745.4			1.0
6746.3			1.0
6747.200000000001			1.0
6748.1			1.0
6749.0			1.0
6749.9			1.0
6750.8			1.0
6751.700000000001			1.0
6752.6			1.0
6753.5			1.0
6754.4			1.0
6755.3			1.0
6756.200000000001			1.0
6757.1			1.0
6758.0			1.0
6758.9			1.0
6759.8			1.0
6760.700000000001			1.0
6761.6			1.0
6762.5			1.0
6763.4			1.0
6764.3			1.0
6765.200000000001			1.0
6766.1			1.0
6767.0			1.0
6767.9			1.0
6768.8			1.0
6769.700000000001			1.0
6770.6			1.0
6771.5			1.0
6772.4			1.0
6773.3			1.0
6774.200000000001			1.0
6775.1			1.0
6776.0			1.0
6776.9			1.0
6777.8			1.0
6778.700000000001			1.0
6779.6			1.0
6780.5			1.0
6781.4			1.0
6782.3			1.0
6783.200000000001			1.0
6784.1			1.0
6785.0			1.0
6785.9			1.0
6786.8			1.0
6787.700000000001			1.0
6788.6			1.0
6789.5			1.0
6790.4			1.0
6791.3			1.0
6792.200000000001			1.0
6793.1			1.0
6794.0			0.9837996586164888
6794.9			0.9810740713121902
6795.8			0.9812708062933635
6796.700000000001			0.987732788571409
6797.6			0.9961950254191745
6798.5			0.9966921755011002
6799.4			0.9826888613879387
6800.3			0.9879501697903119
6801.200000000001			1.023560182474874
6802.1			1.0350561572113808
6803.0			1.009061047918724
6803.9			0.9987421415946299
6804.8			1.0144413689639336
6805.700000000001			1.0070111630173666
6806.6			0.9760481282742237
6807.5			0.9779928123245761
6808.4			1.0097496620457787
6809.3			1.0290607216827927
6810.200000000001			1.0186498278740324
6811.1			0.996876065310427
6812.0			0.9795151425819391
6812.9			0.9847186078669632
6813.8			1.0064758279891524
6814.700000000001			1.0302394810605935
6815.6			1.0521371126765593
6816.5			1.0606803794937134
6817.4			1.066518761699335
6818.3			1.0491667019358812
6819.200000000001			1.0245149785270995
6820.1			1.0376066653851566
6821.0			1.0702935819484394
6821.9			1.0751942188124324
6822.8			1.0425328598050032
6823.700000000001			1.0162440901755159
6824.6			1.0252648698271154
6825.5			1.0294276123808923
6826.4			1.0150280819490163
6827.3			0.9973977034964466
6828.200000000001			0.9834322030291826
6829.1			0.9750756636418569
6830.0			0.9720267530866074
6830.9			0.9736049951852356
6831.8			0.976214871300825
6832.700000000001			0.9927033456019787
6833.6			1.0163295599782614
6834.5			1.0139650042339035
6835.4			1.013006146423911
6836.3			1.0088619620368091
6837.200000000001			0.9842048209640839
6838.1			0.9792980591376537
6839.0			1.0082383826854322
6839.9			1.0214246280767059
6840.8			1.0012037279859547
6841.700000000001			0.9702416563799774
6842.6			0.9489543061409806
6843.5			0.9551353005638934
6844.4			0.9833592380352896
6845.3			0.993811785001695
6846.200000000001			0.9845862951920223
6847.1			1.000270602632359
6848.0			1.0202770751555632
6848.9			1.0094560497393021
6849.8			0.9999462342805427
6850.700000000001			1.0
6851.6			1.0
6852.5			1.0
6853.4			1.0
6854.3			1.0
6855.200000000001			1.0
6856.1			1.0
6857.0			1.0
6857.9			1.0
6858.8			1.0
6859.700000000001			1.0
6860.6			1.0
6861.5			1.0
6862.4			1.0
6863.3			1.0
6864.200000000001			1.0
6865.1			1.0
6866.0			1.0
6866.9			1.0
6867.8			1.0
6868.700000000001			1.0
6869.6			1.0
6870.5			1.0
6871.4			1.0
6872.3			1.0
6873.200000000001			1.0
6874.1			1.0
6875.0			1.0
6875.9			1.0
6876.8			1.0
6877.700000000001			1.0
6878.6			1.0
6879.5			1.0
6880.4			1.0
6881.3			1.0
6882.200000000001			1.0
6883.1			1.0
6884.0			1.0
6884.9			1.0
6885.8			1.0
6886.700000000001			1.0
6887.6			1.0
6888.5			1.0
6889.4			1.0
6890.3			1.0
6891.200000000001			1.0
6892.1			1.0
6893.0			1.0
6893.9			1.0
6894.8			1.0
6895.700000000001			1.0
6896.6			1.0
6897.5			1.0
6898.4			1.0
6899.3			1.0
6900.200000000001			1.0
6901.1			1.0
6902.0			1.0
6902.9			1.0
6903.8			1.0
6904.700000000001			1.0
6905.6			1.0
6906.5			1.0
6907.4			1.0
6908.3			1.0
6909.200000000001			1.0
6910.1			1.0
6911.0			1.0
6911.9			1.0
6912.8			1.0
6913.700000000001			1.0
6914.6			1.0
6915.5			1.0
6916.4			1.0
6917.3			1.0
6918.200000000001			1.0
6919.1			1.0
6920.0			1.0
6920.9			1.0
6921.8			1.0
6922.700000000001			1.0
6923.6			1.0
6924.5			1.0
6925.4			1.0
6926.3			1.0
6927.200000000001			1.0
6928.1			1.0
6929.0			1.0
6929.9			1.0
6930.8			1.0
6931.700000000001			1.0
6932.6			1.0
6933.5			1.0
6934.4			1.0
6935.3			1.0
6936.200000000001			1.0
6937.1			1.0
6938.0			1.0
6938.9			1.0
6939.8			1.0
6940.700000000001			1.0
6941.6			1.0
6942.5			1.0
6943.4			1.0
6944.3			1.0
6945.200000000001			1.0
6946.1			1.0
6947.0			1.0
6947.9			1.0
6948.8			1.0
6949.700000000001			1.0
6950.6			1.0
6951.5			1.0
6952.4			1.0
6953.3			1.0
6954.200000000001			1.0
6955.1			1.0
6956.0			1.0
6956.9			1.0
6957.8			1.0
6958.700000000001			1.0
6959.6			1.0
6960.5			1.0
6961.4			1.0
6962.3			1.0
6963.200000000001			1.0
6964.1			1.0
6965.0			1.0
6965.9			1.0
6966.8			1.0
6967.700000000001			1.0
6968.6			1.0
6969.5			1.0
6970.4			1.0
6971.3			1.0
6972.200000000001			1.0
6973.1			1.0
6974.0			1.0
6974.9			1.0
6975.8			1.0
6976.700000000001			1.0
6977.6			1.0
6978.5			1.0
6979.4			1.0
6980.3			1.0
6981.200000000001			1.0
6982.1			1.0
6983.0			1.0
6983.9			1.0
6984.8			1.0
6985.700000000001			1.0
6986.6			1.0
6987.5			1.0
6988.4			1.0
6989.3			1.0
6990.200000000001			1.0
6991.1			1.0
6992.0			1.0
6992.9			1.0
6993.8			1.0
6994.700000000001			1.0
6995.6			1.0
6996.5			1.0
6997.4			1.0
6998.3			1.0
6999.200000000001			1.0
7000.1			1.0
7001.0			1.0
7001.9			1.0
7002.8			1.0
7003.700000000001			1.0
7004.6			1.0
7005.5			1.0
7006.4			1.0
7007.3			1.0
7008.200000000001			1.0
7009.1			1.0
7010.0			1.0
7010.9			1.0
7011.8			1.0
7012.700000000001			1.0
7013.6			1.0
7014.5			1.0
7015.4			1.0
7016.3			1.0
7017.200000000001			1.0
7018.1			1.0
7019.0			1.0
7019.9			1.0
7020.8			1.0
7021.700000000001			1.0
7022.6			1.0
7023.5			1.0
7024.4			1.0
7025.3			1.0
7026.200000000001			1.0
7027.1			1.0
7028.0			1.0
7028.9			1.0
7029.8			1.0
7030.700000000001			1.0
7031.6			1.0
7032.5			1.0
7033.4			1.0
7034.3			1.0
7035.200000000001			1.0
7036.1			1.0
7037.0			1.0
7037.9			1.0
7038.8			1.0
7039.700000000001			1.0
7040.6			1.0
7041.5			1.0
7042.4			1.0
7043.3			1.0
7044.200000000001			1.0
7045.1			1.0
7046.0			1.0
7046.9			1.0
7047.8			1.0
7048.700000000001			1.0
7049.6			1.0
7050.5			1.0
7051.4			1.0
7052.3			1.0
7053.200000000001			1.0
7054.1			1.0
7055.0			1.0
7055.9			1.0
7056.8			1.0
7057.700000000001			1.0
7058.6			1.0
7059.5			1.0
7060.4			1.0
7061.3			1.0
7062.200000000001			1.0
7063.1			1.0
7064.0			1.0
7064.9			1.0
7065.8			1.0
7066.700000000001			1.0
7067.6			1.0
7068.5			1.0
7069.4			1.0
7070.3			1.0
7071.200000000001			1.0
7072.1			1.0
7073.0			1.0
7073.9			1.0
7074.8			1.0
7075.700000000001			1.0
7076.6			1.0
7077.5			1.0
7078.4			1.0
7079.3			1.0
7080.200000000001			1.0
7081.1			1.0
7082.0			1.0
7082.9			1.0
7083.8			1.0
7084.700000000001			1.0
7085.6			1.0
7086.5			1.0
7087.4			1.0
7088.3			1.0
7089.200000000001			1.0
7090.1			1.0
7091.0			1.0
7091.9			1.0
7092.8			1.0
7093.700000000001			1.0
7094.6			1.0
7095.5			1.0
7096.4			1.0
7097.3			1.0
7098.200000000001			1.0
7099.1			1.0
7100.0			1.0
7100.9			1.0
7101.8			1.0
7102.700000000001			1.0
7103.6			1.0
7104.5			1.0
7105.4			1.0
7106.3			1.0
7107.200000000001			1.0
7108.1			1.0
7109.0			1.0
7109.9			1.0
7110.8			1.0
7111.700000000001			1.0
7112.6			1.0
7113.5			1.0
7114.4			1.0
7115.3			1.0
7116.200000000001			1.0
7117.1			1.0
7118.0			1.0
7118.9			1.0
7119.8			1.0
7120.700000000001			1.0
7121.6			1.0
7122.5			1.0
7123.4			1.0
7124.3			1.0
7125.200000000001			1.0
7126.1			1.0
7127.0			1.0
7127.9			1.0
7128.8			1.0
7129.700000000001			1.0
7130.6			1.0
7131.5			1.0
7132.4			1.0
7133.3			1.0
7134.200000000001			1.0
7135.1			1.0
7136.0			1.0
7136.9			1.0
7137.8			1.0
7138.700000000001			1.0
7139.6			1.0
7140.5			1.0
7141.4			1.0
7142.3			1.0
7143.200000000001			1.0
7144.1			1.0
7145.0			1.0
7145.9			1.0
7146.8			1.0
7147.700000000001			1.0
7148.6			1.0
7149.5			1.0
7150.4			1.0
7151.3			1.0
7152.200000000001			1.0
7153.1			1.0
7154.0			1.0
7154.9			1.0
7155.8			1.0
7156.700000000001			1.0
7157.6			1.0
7158.5			1.0
7159.4			1.0
7160.3			1.0
7161.200000000001			1.0
7162.1			1.0
7163.0			1.0
7163.9			1.0
7164.8			1.0
7165.700000000001			1.0
7166.6			1.0
7167.5			1.0
7168.4			1.0
7169.3			1.0
7170.200000000001			1.0
7171.1			1.0
7172.0			1.0
7172.9			1.0
7173.8			1.0
7174.700000000001			1.0
7175.6			1.0
7176.5			1.0
7177.4			1.0
7178.3			1.0
7179.200000000001			1.0
7180.1			1.0
7181.0			1.0
7181.9			1.0
7182.8			1.0
7183.700000000001			1.0
7184.6			1.0
7185.5			1.0
7186.4			1.0
7187.3			1.0
7188.200000000001			1.0
7189.1			1.0
7190.0			1.0
7190.9			1.0
7191.8			1.0
7192.700000000001			1.0
7193.6			1.0
7194.5			1.0
7195.4			1.0
7196.3			1.0
7197.200000000001			1.0
7198.1			1.0
7199.0			1.0
7199.9			1.0
7200.8			1.0
7201.700000000001			1.0
7202.6			1.0
7203.5			1.0
7204.4			1.0
7205.3			1.0
7206.200000000001			1.0
7207.1			1.0
7208.0			1.0
7208.9			1.0
7209.8			1.0
7210.700000000001			1.0
7211.6			1.0
7212.5			1.0
7213.4			1.0
7214.3			1.0
7215.200000000001			1.0
7216.1			1.0
7217.0			1.0
7217.9			1.0
7218.8			1.0
7219.700000000001			1.0
7220.6			1.0
7221.5			1.0
7222.4			1.0
7223.3			1.0
7224.200000000001			1.0
7225.1			1.0
7226.0			1.0
7226.9			1.0
7227.8			1.0
7228.700000000001			1.0
7229.6			1.0
7230.5			1.0
7231.4			1.0
7232.3			1.0
7233.200000000001			1.0
7234.1			1.0
7235.0			1.0
7235.9			1.0
7236.8			1.0
7237.700000000001			1.0
7238.6			1.0
7239.5			1.0
7240.4			1.0
7241.3			1.0
7242.200000000001			1.0
7243.1			1.0
7244.0			1.0
7244.9			1.0
7245.8			1.0
7246.700000000001			1.0
7247.6			1.0
7248.5			1.0
7249.4			1.0
7250.3			1.0
7251.200000000001			1.0
7252.1			1.0
7253.0			1.0
7253.9			1.0
7254.8			1.0
7255.700000000001			1.0
7256.6			1.0
7257.5			1.0
7258.4			1.0
7259.3			1.0
7260.200000000001			1.0
7261.1			1.0
7262.0			1.0
7262.9			1.0
7263.8			1.0
7264.700000000001			1.0
7265.6			1.0
7266.5			1.0
7267.4			1.0
7268.3			1.0
7269.200000000001			1.0
7270.1			1.0
7271.0			1.0
7271.9			1.0
7272.8			1.0
7273.700000000001			1.0
7274.6			1.0
7275.5			1.0
7276.4			1.0
7277.3			1.0
7278.200000000001			1.0
7279.1			1.0
7280.0			1.0
7280.9			1.0
7281.8			1.0
7282.700000000001			1.0
7283.6			1.0
7284.5			1.0
7285.4			1.0
7286.3			1.0
7287.200000000001			1.0
7288.1			1.0
7289.0			1.0
7289.9			1.0
7290.8			1.0
7291.700000000001			1.0
7292.6			1.0
7293.5			1.0
7294.4			1.0
7295.3			1.0
7296.200000000001			1.0
7297.1			1.0
7298.0			1.0
7298.9			1.0
7299.8			1.0
7300.700000000001			1.0
7301.6			1.0
7302.5			1.0
7303.4			1.0
7304.3			1.0
7305.200000000001			1.0
7306.1			1.0
7307.0			1.0
7307.9			1.0
7308.8			1.0
7309.700000000001			1.0
7310.6			1.0
7311.5			1.0
7312.4			1.0
7313.3			1.0
7314.200000000001			1.0
7315.1			1.0
7316.0			1.0
7316.9			1.0
7317.8			1.0
7318.700000000001			1.0
7319.6			1.0
7320.5			1.0
7321.4			1.0
7322.3			1.0
7323.200000000001			1.0
7324.1			1.0
7325.0			1.0
7325.9			1.0
7326.8			1.0
7327.700000000001			1.0
7328.6			1.0
7329.5			1.0
7330.4			1.0
7331.3			1.0
7332.200000000001			1.0
7333.1			1.0
7334.0			1.0
7334.9			1.0
7335.8			1.0
7336.700000000001			1.0
7337.6			1.0
7338.5			1.0
7339.4			1.0
7340.3			1.0
7341.200000000001			1.0
7342.1			1.0
7343.0			1.0
7343.9			1.0
7344.8			1.0
7345.700000000001			1.0
7346.6			1.0
7347.5			1.0
7348.4			1.0
7349.3			1.0
7350.200000000001			1.0
7351.1			1.0
7352.0			1.0
7352.9			1.0
7353.8			1.0
7354.700000000001			1.0
7355.6			1.0
7356.5			1.0
7357.4			1.0
7358.3			1.0
7359.200000000001			1.0
7360.1			1.0
7361.0			1.0
7361.9			1.0
7362.8			1.0
7363.700000000001			1.0
7364.6			1.0
7365.5			1.0
7366.4			1.0
7367.3			1.0
7368.200000000001			1.0
7369.1			1.0
7370.0			1.0
7370.9			1.0
7371.8			1.0
7372.700000000001			1.0
7373.6			1.0
7374.5			1.0
7375.4			1.0
7376.3			1.0
7377.200000000001			1.0
7378.1			1.0
7379.0			1.0
7379.9			1.0
7380.8			1.0
7381.700000000001			1.0
7382.6			1.0
7383.5			1.0
7384.4			1.0
7385.3			1.0
7386.200000000001			1.0
7387.1			1.0
7388.0			1.0
7388.9			1.0
7389.8			1.0
7390.700000000001			1.0
7391.6			1.0
7392.5			1.0
7393.4			1.0
7394.3			1.0
7395.200000000001			1.0
7396.1			1.0
7397.0			1.0
7397.9			1.0
7398.8			1.0
7399.700000000001			1.0
7400.6			1.0
7401.5			1.0
7402.4			1.0
7403.3			1.0
7404.200000000001			1.0
7405.1			1.0
7406.0			1.0
7406.9			1.0
7407.8			1.0
7408.700000000001			1.0
7409.6			1.0
7410.5			1.0
7411.4			1.0
7412.3			1.0
7413.200000000001			1.0
7414.1			1.0
7415.0			1.0
7415.9			1.0
7416.8			1.0
7417.700000000001			1.0
7418.6			1.0
7419.5			1.0
7420.4			1.0
7421.3			1.0
7422.200000000001			1.0
7423.1			1.0
7424.0			1.0
7424.9			1.0
7425.8			1.0
7426.700000000001			1.0
7427.6			1.0
7428.5			1.0
7429.4			1.0
