3500.0			1.0
3500.9			1.0
3501.8			1.0
3502.7			1.0
3503.6			1.0
3504.5			1.0
3505.4			1.0
3506.3			1.0
3507.2			1.0
3508.1			1.0
3509.0			1.0
3509.9			1.0
3510.8			1.0
3511.7			1.0
3512.6			1.0
3513.5			1.0
3514.4			1.0
3515.3			1.0
3516.2			1.0
3517.1			1.0
3518.0			1.0
3518.9			1.0
3519.8			1.0
3520.7			1.0
3521.6			1.0
3522.5			1.0
3523.4			1.0
3524.3			1.0
3525.2			1.0
3526.1			1.0
3527.0			1.0
3527.9			1.0
3528.8			1.0
3529.7			1.0
3530.6			1.0
3531.5			1.0
3532.4			1.0
3533.3			1.0
3534.2			1.0
3535.1			1.0
3536.0			1.0
3536.9			1.0
3537.8			1.0
3538.7			1.0
3539.6			1.0
3540.5			1.0
3541.4			1.0
3542.3			1.0
3543.2			1.0
3544.1			1.0
3545.0			1.0
3545.9			1.0
3546.8			1.0
3547.7			1.0
3548.6			1.0
3549.5			1.0
3550.4			1.0
3551.3			1.0
3552.2			1.0
3553.1			1.0
3554.0			1.0
3554.9			1.0
3555.8			1.0
3556.7			1.0
3557.6			1.0
3558.5			1.0
3559.4			1.0
3560.3			1.0
3561.2			1.0
3562.1			1.0
3563.0			1.0
3563.9			1.0
3564.8			1.0
3565.7			1.0
3566.6			1.0
3567.5			1.0
3568.4			1.0
3569.3			1.0
3570.2			1.0
3571.1			1.0
3572.0			1.0
3572.9			1.0
3573.8			1.0
3574.7			1.0
3575.6			1.0
3576.5			1.0
3577.4			1.0
3578.3			1.0
3579.2			1.0
3580.1			1.0
3581.0			1.0
3581.9			1.0
3582.8			1.0
3583.7			1.0
3584.6			1.0
3585.5			1.0
3586.4			1.0
3587.3			1.0
3588.2			1.0
3589.1			1.0
3590.0			1.0
3590.9			1.0
3591.8			1.0
3592.7			1.0
3593.6			1.0
3594.5			1.0
3595.4			1.0
3596.3			1.0
3597.2			1.0
3598.1			1.0
3599.0			1.0
3599.9			1.0
3600.8			1.0
3601.7			1.0
3602.6			1.0
3603.5			1.0
3604.4			1.0
3605.3			1.0
3606.2			1.0
3607.1			1.0
3608.0			1.0
3608.9			1.0
3609.8			1.0
3610.7			1.0
3611.6			1.0
3612.5			1.0
3613.4			1.0
3614.3			1.0
3615.2			1.0
3616.1			1.0
3617.0			1.0
3617.9			1.0
3618.8			1.0
3619.7			1.0
3620.6			1.0
3621.5			1.0
3622.4			1.0
3623.3			1.0
3624.2			1.0
3625.1			1.0
3626.0			1.0
3626.9			1.0
3627.8			1.0
3628.7			1.0
3629.6			1.0
3630.5			1.0
3631.4			1.0
3632.3			1.0
3633.2			1.0
3634.1			1.0
3635.0			1.0
3635.9			1.0
3636.8			1.0
3637.7			1.0
3638.6			1.0
3639.5			1.0
3640.4			1.0
3641.3			1.0
3642.2			1.0
3643.1			1.0
3644.0			1.0
3644.9			1.0
3645.8			1.0
3646.7			1.0
3647.6			1.0
3648.5			1.0
3649.4			1.0
3650.3			1.0
3651.2			1.0
3652.1			1.0
3653.0			1.0
3653.9			1.0
3654.8			1.0
3655.7			1.0
3656.6			1.0
3657.5			1.0
3658.4			1.0
3659.3			1.0
3660.2			1.0
3661.1			1.0
3662.0			1.0
3662.9			1.0
3663.8			1.0
3664.7			1.0
3665.6			1.0
3666.5			1.0
3667.4			1.0
3668.3			1.0
3669.2			1.0
3670.1			1.0
3671.0			1.0
3671.9			1.0
3672.8			1.0
3673.7			1.0
3674.6			1.0
3675.5			1.0
3676.4			1.0
3677.3			1.0
3678.2			1.0
3679.1			1.0
3680.0			1.0
3680.9			1.0
3681.8			1.0
3682.7			1.0
3683.6			1.0
3684.5			1.0
3685.4			1.0
3686.3			1.0
3687.2			1.0
3688.1			1.0
3689.0			1.0
3689.9			1.0
3690.8			1.0
3691.7			1.0
3692.6			1.0
3693.5			1.0
3694.4			1.0
3695.3			1.0
3696.2			1.0
3697.1			1.0
3698.0			1.0
3698.9			1.0
3699.8			1.0
3700.7			1.0
3701.6			1.0
3702.5			1.0
3703.4			1.0
3704.3			1.0
3705.2			1.0
3706.1			1.0
3707.0			1.0
3707.9			1.0
3708.8			1.0
3709.7			1.0
3710.6			1.0
3711.5			1.0
3712.4			1.0
3713.3			1.0
3714.2			1.0
3715.1			1.0
3716.0			1.0
3716.9			1.0
3717.8			1.0
3718.7			1.0
3719.6			1.0
3720.5			1.0
3721.4			1.0
3722.3			1.0
3723.2			1.0
3724.1			1.0
3725.0			1.0
3725.9			1.0
3726.8			1.0
3727.7			1.0
3728.6			1.0
3729.5			1.0
3730.4			1.0
3731.3			1.0
3732.2			1.0
3733.1			1.0
3734.0			1.0
3734.9			1.0
3735.8			1.0
3736.7			1.0
3737.6			1.0
3738.5			1.0
3739.4			1.0
3740.3			1.0
3741.2			1.0
3742.1			1.0
3743.0			1.0
3743.9			1.0
3744.8			1.0
3745.7			1.0
3746.6			1.0
3747.5			1.0
3748.4			1.0
3749.3			1.0
3750.2			1.0
3751.1			1.0
3752.0			1.0
3752.9			1.0
3753.8			1.0
3754.7			1.0
3755.6			1.0
3756.5			1.0
3757.4			1.0
3758.3			1.0
3759.2			1.0
3760.1			1.0
3761.0			1.0
3761.9			1.0
3762.8			1.0
3763.7			1.0
3764.6			1.0
3765.5			1.0
3766.4			1.0
3767.3			1.0
3768.2			1.0
3769.1			1.0
3770.0			1.0
3770.9			1.0
3771.8			1.0
3772.7			1.0
3773.6			1.0
3774.5			1.0
3775.4			1.0
3776.3			1.0
3777.2			1.0
3778.1			1.0
3779.0			1.0
3779.9			1.0
3780.8			1.0
3781.7			1.0
3782.6			1.0
3783.5			1.0
3784.4			1.0
3785.3			1.0
3786.2			1.0
3787.1			1.0
3788.0			1.0
3788.9			1.0
3789.8			1.0
3790.7			1.0
3791.6			1.0
3792.5			1.0
3793.4			1.0
3794.3			1.0
3795.2			1.0
3796.1			1.0
3797.0			1.0
3797.9			1.0
3798.8			1.0
3799.7			1.0
3800.6			1.0
3801.5			1.0
3802.4			1.0
3803.3			1.0
3804.2			1.0
3805.1			1.0
3806.0			1.0
3806.9			1.0
3807.8			1.0
3808.7			1.0
3809.6			1.0
3810.5			1.0
3811.4			1.0
3812.3			1.0
3813.2			1.0
3814.1			1.0
3815.0			1.0
3815.9			1.0
3816.8			1.0
3817.7			1.0
3818.6			1.0
3819.5			1.0
3820.4			1.0
3821.3			1.0
3822.2			1.0
3823.1			1.0
3824.0			1.0
3824.9			1.0
3825.8			1.0
3826.7			1.0
3827.6			1.0
3828.5			1.0
3829.4			1.0
3830.3			1.0
3831.2			1.0
3832.1			1.0
3833.0			1.0
3833.9			1.0
3834.8			1.0
3835.7			1.0
3836.6			1.0
3837.5			1.0
3838.4			1.0
3839.3			1.0
3840.2			1.0
3841.1			1.0
3842.0			1.0
3842.9			1.0
3843.8			1.0
3844.7			1.0
3845.6			1.0
3846.5			1.0
3847.4			1.0
3848.3			1.0
3849.2			1.0
3850.1			1.0
3851.0			1.0
3851.9			1.0
3852.8			1.0
3853.7			1.0
3854.6			1.0
3855.5			1.0
3856.4			1.0
3857.3			1.0
3858.2			1.0
3859.1			1.0
3860.0			1.0
3860.9			1.0
3861.8			1.0
3862.7			1.0
3863.6			1.0
3864.5			1.0
3865.4			1.0
3866.3			1.0
3867.2			1.0
3868.1			1.0
3869.0			1.0
3869.9			1.0
3870.8			1.0
3871.7			1.0
3872.6			1.0
3873.5			1.0
3874.4			1.0
3875.3			1.0
3876.2			1.0
3877.1			1.0
3878.0			1.0
3878.9			1.0
3879.8			1.0
3880.7			1.0
3881.6			1.0
3882.5			1.0
3883.4			1.0
3884.3			1.0
3885.2			1.0
3886.1			1.0
3887.0			1.0
3887.9			1.0
3888.8			1.0
3889.7			1.0
3890.6			1.0
3891.5			1.0
3892.4			1.0
3893.3			1.0
3894.2			1.0
3895.1			1.0
3896.0			1.0
3896.9			1.0
3897.8			1.0
3898.7			1.0
3899.6			1.0
3900.5			1.0
3901.4			1.0
3902.3			1.0
3903.2			1.0
3904.1			1.0
3905.0			1.0
3905.9			1.0
3906.8			1.0
3907.7			1.0
3908.6			1.0
3909.5			1.0
3910.4			1.0
3911.3			1.0
3912.2			1.0
3913.1			1.0
3914.0			1.0
3914.9			1.0
3915.8			1.0
3916.7			1.0
3917.6			1.0
3918.5			1.0
3919.4			1.0
3920.3			1.0
3921.2			1.0
3922.1			1.0
3923.0			1.0
3923.9			1.0
3924.8			1.0
3925.7			1.0
3926.6			1.0
3927.5			1.0
3928.4			1.0
3929.3			1.0
3930.2			1.0
3931.1			1.0
3932.0			1.0
3932.9			1.0
3933.8			1.0
3934.7			1.0
3935.6			1.0
3936.5			1.0
3937.4			1.0
3938.3			1.0
3939.2			1.0
3940.1			1.0
3941.0			1.0
3941.9			1.0
3942.8			1.0
3943.7			1.0
3944.6			1.0
3945.5			1.0
3946.4			1.0
3947.3			1.0
3948.2			1.0
3949.1			1.0
3950.0			1.0
3950.9			1.0
3951.8			1.0
3952.7			1.0
3953.6			1.0
3954.5			1.0
3955.4			1.0
3956.3			1.0
3957.2			1.0
3958.1			1.0
3959.0			1.0
3959.9			1.0
3960.8			1.0
3961.7			1.0
3962.6			1.0
3963.5			1.0
3964.4			1.0
3965.3			1.0
3966.2			1.0
3967.1			1.0
3968.0			1.0
3968.9			1.0
3969.8			1.0
3970.7			1.0
3971.6			1.0
3972.5			1.0
3973.4			1.0
3974.3			1.0
3975.2			1.0
3976.1			1.0
3977.0			1.0
3977.9			1.0
3978.8			1.0
3979.7			1.0
3980.6			1.0
3981.5			1.0
3982.4			1.0
3983.3			1.0
3984.2			1.0
3985.1			1.0
3986.0			1.0
3986.9			1.0
3987.8			1.0
3988.7			1.0
3989.6			1.0
3990.5			1.0
3991.4			1.0
3992.3			1.0
3993.2			1.0
3994.1			1.0
3995.0			1.0
3995.9			1.0
3996.8			1.0
3997.7			1.0
3998.6			1.0
3999.5			1.0
4000.4			1.0
4001.3			1.0
4002.2			1.0
4003.1			1.0217112732690512
4004.0			0.937719213282418
4004.9			0.7868971867554971
4005.8			0.7417689920196054
4006.7			0.8246167218018845
4007.6			0.9401111785294163
4008.5			1.0003694184143808
4009.4			1.0
4010.3			1.0
4011.2			1.0
4012.1			1.0
4013.0			1.0
4013.9			1.0
4014.8			1.0
4015.7			1.0
4016.6			1.0
4017.5			1.0
4018.4			1.0
4019.3			1.0
4020.2			1.0
4021.1			1.0
4022.0			1.0
4022.9			1.0
4023.8			1.0
4024.7			1.0
4025.6			1.0
4026.5			1.089408279229585
4027.4			1.1785727605519105
4028.3			1.205808445702067
4029.2			1.1119139557269289
4030.1			0.9204538131801325
4031.0			0.7412021288640148
4031.9			0.7167592647394415
4032.8			0.7174725934685613
4033.7			0.7148187056106484
4034.6			0.7388719434996882
4035.5			0.81518034095438
4036.4			0.9360325844122771
4037.3			0.9955004389942265
4038.2			1.0
4039.1			1.0
4040.0			1.0
4040.9			1.0
4041.8			1.0311059401294138
4042.7			1.0474852575395261
4043.6			0.9227279424297518
4044.5			0.7144193437797852
4045.4			0.5411182716200561
4046.3			0.5462295762324171
4047.2			0.7578525673573022
4048.1			0.9398578273603064
4049.0			0.998838081610331
4049.9			1.0
4050.8			1.0
4051.7			1.0
4052.6			1.0
4053.5			1.0
4054.4			1.0
4055.3			1.0
4056.2			1.0
4057.1			1.0
4058.0			1.0
4058.9			1.0
4059.8			1.0
4060.7			1.1170072752891587
4061.6			1.1109037323499975
4062.5			0.8992223542357224
4063.4			0.6936040656366895
4064.3			0.7397398414565783
4065.2			0.9340907290939211
4066.1			1.0017523343443535
4067.0			1.0
4067.9			1.0
4068.8			1.0
4069.7			1.0
4070.6			1.0
4071.5			1.0
4072.4			1.0
4073.3			1.0
4074.2			1.077317078807793
4075.1			0.9599035435728503
4076.0			0.7482906560423828
4076.9			0.5990591340557693
4077.8			0.5898526369478372
4078.7			0.7156558997509406
4079.6			0.875986474442779
4080.5			0.9697802259759051
4081.4			0.9914118016644368
4082.3			1.0
4083.2			1.0
4084.1			1.0
4085.0			1.0
4085.9			1.0
4086.8			1.0
4087.7			1.0
4088.6			1.0
4089.5			1.0
4090.4			1.0
4091.3			1.0
4092.2			0.9720487645750261
4093.1			1.011452344708296
4094.0			1.0407037724078043
4094.9			0.951715489067151
4095.8			0.8247326276639886
4096.7			0.8048009590744019
4097.6			0.8634466031056839
4098.5			0.8978714458130953
4099.4			0.8624834206002965
4100.3			0.7588591949204877
4101.2			0.6896200932747715
4102.1			0.7525624470632338
4103.0			0.8928530308775715
4103.9			0.9688098700144846
4104.8			0.9997787136798924
4105.7			1.0912692292889599
4106.6			1.0
4107.5			0.9952600941900617
4108.4			0.9612119342031268
4109.3			0.8712939873196164
4110.2			0.7891405420650921
4111.1			0.7782305042791543
4112.0			0.8161584531626611
4112.9			0.8754934918550751
4113.8			0.9577065964565693
4114.7			0.9971897441080404
4115.6			1.0
4116.5			1.0
4117.4			1.0
4118.3			1.0
4119.2			1.0
4120.1			1.0
4121.0			1.0
4121.9			1.0
4122.8			1.0
4123.7			1.0
4124.6			1.0
4125.5			1.0
4126.4			0.9895062881303903
4127.3			0.9443782437388548
4128.2			0.8849915081390642
4129.1			0.8483439615135918
4130.0			0.8037210714134708
4130.9			0.7842771905109426
4131.8			0.748316216196089
4132.7			0.7160463996443025
4133.6			0.7338659652339984
4134.5			0.7532794861691766
4135.4			0.8299517394103302
4136.3			0.9172885905821244
4137.2			0.9261868318463968
4138.1			0.958303417461616
4139.0			1.0
4139.9			1.0076709680705174
4140.8			0.9434256706295061
4141.7			0.7849975048823146
4142.6			0.5901974255747319
4143.5			0.509994642179678
4144.4			0.6214761417017078
4145.3			0.829163602038015
4146.2			0.9531887279364079
4147.1			1.0037010582547592
4148.0			1.0
4148.9			1.0
4149.8			1.0
4150.7			1.0
4151.6			1.0
4152.5			1.0
4153.4			1.0
4154.3			1.0
4155.2			1.0
4156.1			1.0
4157.0			1.0
4157.9			1.0
4158.8			1.0
4159.7			1.0
4160.6			1.0
4161.5			1.0
4162.4			1.0
4163.3			1.0
4164.2			1.0
4165.1			1.0
4166.0			1.006932012520462
4166.9			0.9971353995163617
4167.8			0.9586617770939826
4168.7			0.9798359461576177
4169.6			1.0188198447324304
4170.5			0.9935367149251457
4171.4			0.8897373828043631
4172.3			0.7578378813112538
4173.2			0.7025520407520244
4174.1			0.7594467613940717
4175.0			0.8494580848459522
4175.9			0.8887946440518381
4176.8			0.8604001864119246
4177.7			0.8119699944189275
4178.6			0.8352007795333612
4179.5			1.0
4180.4			1.0674057117722
4181.3			0.9656448848142173
4182.2			0.8664167149496572
4183.1			0.9067392203072153
4184.0			0.9995290114183235
4184.9			1.0
4185.8			1.0
4186.7			1.0
4187.6			1.0
4188.5			1.030233842889434
4189.4			1.054723931763546
4190.3			1.0137371067615217
4191.2			1.0058418756392213
4192.1			1.1084968378616367
4193.0			1.2289531499282789
4193.9			1.2222254258772127
4194.8			1.09354048104878
4195.7			0.9698410581599505
4196.6			0.9199146977381817
4197.5			0.8993687813787988
4198.4			0.8449218764944219
4199.3			0.8288341943111487
4200.2			0.8535831950435815
4201.1			0.8388447848650482
4202.0			0.8317421699831851
4202.9			0.8852793334338807
4203.8			0.9102198265213852
4204.7			0.8804088579094078
4205.6			0.9059087281272818
4206.5			0.9968939341771174
4207.4			1.1116973901896037
4208.3			1.1629426816609914
4209.2			1.0877267306222043
4210.1			0.9981783101613214
4211.0			1.0
4211.9			1.0
4212.8			0.9797962325141533
4213.7			0.953105450030992
4214.6			0.8722200618611411
4215.5			0.7504332195849844
4216.4			0.7904105916049641
4217.3			0.9214319062751134
4218.2			0.9937005406681434
4219.1			1.0
4220.0			1.0
4220.9			1.0
4221.8			0.9568279460249439
4222.7			0.8309167744032342
4223.6			0.7217823362379999
4224.5			0.6021084811317526
4225.4			0.4298618833761809
4226.3			0.29023040305111025
4227.2			1.0
4228.1			1.5516806709413116
4229.0			1.9856884262344914
4229.9			2.0358905314527376
4230.8			2.0154968659809547
4231.7			1.933054449090922
4232.6			1.663950440730072
4233.5			1.4421447630590651
4234.4			1.3412687684748457
4235.3			1.2181703009172016
4236.2			1.078453252712099
4237.1			1.031480926676616
4238.0			1.0323310102586347
4238.9			1.0259998581215528
4239.8			0.9743286956922489
4240.7			0.9220977928274458
4241.6			0.9255039968093131
4242.5			0.9594552449492845
4243.4			0.990463501082896
4244.3			0.9966313784381243
4245.2			1.0
4246.1			1.0
4247.0			1.0
4247.9			0.9722668234147444
4248.8			0.983715375307549
4249.7			0.9200492331882923
4250.6			0.8401201856346806
4251.5			0.9137946173324759
4252.4			1.0213182936336227
4253.3			1.0102966766939028
4254.2			1.0
4255.1			1.0
4256.0			1.0
4256.9			1.0987629078841439
4257.8			1.0739542703003677
4258.7			0.9542926087229784
4259.6			0.8389553902527844
4260.5			0.76614344938723
4261.4			0.7749493595251639
4262.3			0.8644364848298571
4263.2			0.9698222786918429
4264.1			1.0183246710189755
4265.0			1.0
4265.9			1.0
4266.8			0.9677187085035193
4267.7			0.8858614197433805
4268.6			0.8361758654814491
4269.5			0.815628343136491
4270.4			0.7232993207333116
4271.3			0.5763121381440909
4272.2			0.5566935960434871
4273.1			0.6550250523951793
4274.0			0.6800478921622223
4274.9			0.6710284163363334
4275.8			0.7655250650427349
4276.7			0.8951307827108714
4277.6			0.9977569097975518
4278.5			1.0
4279.4			1.0
4280.3			1.0
4281.2			1.0
4282.1			1.0
4283.0			1.0
4283.9			1.0
4284.8			1.0
4285.7			1.0
4286.6			1.0
4287.5			1.0446558952337526
4288.4			0.9737069884719899
4289.3			0.8045237582310683
4290.2			1.0
4291.1			1.1016212057085681
4292.0			1.3300134412893185
4292.9			1.4780189083357944
4293.8			1.433304238938657
4294.7			1.35963924409794
4295.6			1.3803934108652338
4296.5			1.3787139820506389
4297.4			1.2979009533882564
4298.3			1.1405653900644601
4299.2			0.941741966193504
4300.1			0.852209741157809
4301.0			0.9302970537133707
4301.9			1.0211872573113274
4302.8			1.0377304469818043
4303.7			1.056723500039477
4304.6			1.0743056942127625
4305.5			1.0244459133131452
4306.4			0.9412294084495323
4307.3			0.837161842970973
4308.2			0.7728390827427206
4309.1			0.8343460939421818
4310.0			0.9497001488371688
4310.9			1.0530234296797178
4311.8			1.1666545287977081
4312.7			1.3039454403260657
4313.6			1.343580391320665
4314.5			1.3586421616730955
4315.4			1.6247825726653875
4316.3			2.0001974975883714
4317.2			2.155012952834524
4318.1			2.1051067014171916
4319.0			2.033309618313301
4319.9			1.9481179825459356
4320.8			1.0
4321.7			0.9661676362969087
4322.6			0.9021904747222799
4323.5			0.7681213228122898
4324.4			0.6246805979022246
4325.3			0.5261463620155459
4326.2			0.559572457776193
4327.1			0.7571596973183451
4328.0			0.9524974796652104
4328.9			1.0024214000660179
4329.8			1.0
4330.7			1.0
4331.6			1.0
4332.5			1.0
4333.4			1.0
4334.3			1.0
4335.2			1.0
4336.1			0.9921897778104936
4337.0			0.8447031688823644
4337.9			0.7045241937283954
4338.8			0.6533169497740675
4339.7			0.6141643079282637
4340.6			0.6058722171393915
4341.5			0.7383054156403417
4342.4			0.8774063162865927
4343.3			0.8886539993015558
4344.2			0.9102253356193104
4345.1			1.000917182212596
4346.0			1.0
4346.9			1.0
4347.8			1.0
4348.7			1.0
4349.6			1.012572205890915
4350.5			0.9065247149652732
4351.4			0.7596798145456728
4352.3			0.7507206509854082
4353.2			0.8632321033934408
4354.1			0.950723906852373
4355.0			0.9894810601220123
4355.9			1.0
4356.8			1.0
4357.7			1.0
4358.6			1.0
4359.5			1.0
4360.4			1.0
4361.3			1.0
4362.2			1.0
4363.1			1.0
4364.0			1.0
4364.9			1.0
4365.8			1.0
4366.7			1.0
4367.6			1.0
4368.5			1.0
4369.4			1.0
4370.3			1.0
4371.2			0.9890676535827619
4372.1			0.9621636527272208
4373.0			0.8930502756464721
4373.9			0.790052222535993
4374.8			0.72285740104963
4375.7			0.7458646043717746
4376.6			0.843976450500606
4377.5			0.9493541958105375
4378.4			0.9958940960385897
4379.3			1.0
4380.2			0.9776562752167697
4381.1			0.9203964836918491
4382.0			0.7911260502761005
4382.9			0.5964684971176478
4383.8			0.4638767437326708
4384.7			0.531266506836399
4385.6			0.7675328256607118
4386.5			0.9640728559696954
4387.4			1.000833971480831
4388.3			1.0
4389.2			1.0
4390.1			1.0
4391.0			1.0
4391.9			1.0
4392.8			1.0
4393.7			1.0
4394.6			1.0
4395.5			1.0
4396.4			1.0
4397.3			1.0
4398.2			1.0
4399.1			0.9075055949490898
4400.0			0.8323928341341592
4400.9			0.8411815511116326
4401.8			0.9491654587087814
4402.7			0.9959421632294694
4403.6			0.8534865216353933
4404.5			0.6752848669319721
4405.4			0.6908235326201501
4406.3			0.8344120077336362
4407.2			0.8736924727501516
4408.1			0.8194911285288567
4409.0			0.8473006849191806
4409.9			0.993811384884841
4410.8			1.0
4411.7			1.0
4412.6			1.0129056295662573
4413.5			0.9857930723268562
4414.4			0.8687908647030342
4415.3			0.7812538430503966
4416.2			0.8307396011730698
4417.1			0.9293289097027808
4418.0			1.0105937834940977
4418.9			1.0
4419.8			1.0
4420.7			1.0
4421.6			1.0
4422.5			1.0
4423.4			1.0
4424.3			1.0
4425.2			1.0
4426.1			1.0
4427.0			1.0
4427.9			1.0
4428.8			1.0
4429.7			1.0
4430.6			1.0
4431.5			1.0
4432.4			1.0350700694475785
4433.3			0.9493459221252151
4434.2			0.8234762459464798
4435.1			0.7572025081702389
4436.0			0.803134462536947
4436.9			0.9154361777488851
4437.8			1.0021834252955069
4438.7			1.0
4439.6			1.0
4440.5			1.0
4441.4			1.0
4442.3			1.0
4443.2			1.0
4444.1			1.0
4445.0			1.0
4445.9			1.0
4446.8			1.0
4447.7			1.0
4448.6			1.0
4449.5			1.0
4450.4			1.0
4451.3			1.0189494999818764
4452.2			1.0481127036978461
4453.1			1.0249270299417383
4454.0			0.9532930534726408
4454.9			0.8754400256649617
4455.8			0.8658208320424524
4456.7			0.9037098761492895
4457.6			0.9233821170301153
4458.5			0.8897755419677764
4459.4			0.8502121488302545
4460.3			0.8423449125260394
4461.2			0.8228128042330783
4462.1			0.829404638336039
4463.0			0.9245088341889821
4463.9			1.0256053718374392
4464.8			1.0363157581976168
4465.7			1.0074009555772552
4466.6			1.0012102365186126
4467.5			0.9985297343696504
4468.4			0.9511657266816796
4469.3			0.9099427474770786
4470.2			0.9387887725177105
4471.1			1.0005075623850357
4472.0			1.0
4472.9			1.0
4473.8			1.0
4474.7			1.0
4475.6			1.0
4476.5			1.0
4477.4			1.0
4478.3			0.97729395522886
4479.2			0.8975108735285298
4480.1			0.8300199822926619
4481.0			0.7897873860713451
4481.9			0.773344061724467
4482.8			0.8341603586125661
4483.7			0.9231288564388797
4484.6			0.9841250227155269
4485.5			1.0020560925182829
4486.4			1.0
4487.3			1.0
4488.2			1.0
4489.1			1.0
4490.0			1.0
4490.9			1.0
4491.8			1.0548150181212734
4492.7			1.0476303254490034
4493.6			0.9678100027889832
4494.5			0.8650118289584965
4495.4			0.8017422100438695
4496.3			0.7989869475365523
4497.2			0.8760594551340714
4498.1			0.9669389464162084
4499.0			1.0090442502884343
4499.9			1.0
4500.8			1.0
4501.7			1.0
4502.6			1.0
4503.5			1.0
4504.4			1.0
4505.3			1.0
4506.2			1.0
4507.1			1.0
4508.0			1.0
4508.9			1.0
4509.8			1.0
4510.7			1.0
4511.6			1.0
4512.5			1.0
4513.4			1.0
4514.3			1.0
4515.2			1.047567951910031
4516.1			1.0810958180911794
4517.0			1.0384768758359242
4517.9			0.9597113982220614
4518.8			0.9695324019552015
4519.7			1.0696384680504887
4520.6			1.133041628456643
4521.5			1.1236568184406044
4522.4			1.034727953210364
4523.3			0.9817732120326131
4524.2			0.9955828233741716
4525.1			0.9764920756772936
4526.0			0.9120035778712743
4526.9			0.8485528630173238
4527.8			0.812367037281378
4528.7			0.8070821454464475
4529.6			0.8395564073413636
4530.5			0.8802799688548932
4531.4			0.9279900102977914
4532.3			0.9673325950897135
4533.2			0.9332659248606818
4534.1			0.8604551242276006
4535.0			0.8093673665512304
4535.9			0.8461234617365117
4536.8			0.9990304989381311
4537.7			1.1089260695590022
4538.6			1.0835313394607127
4539.5			1.0099049467937078
4540.4			0.9447588277547355
4541.3			0.9436457598886353
4542.2			1.0000044408161586
4543.1			1.0
4544.0			1.0
4544.9			1.0
4545.8			1.0
4546.7			1.0
4547.6			1.0
4548.5			1.0
4549.4			1.0
4550.3			1.0
4551.2			1.0250044495558934
4552.1			0.9796031313259816
4553.0			0.9131567003705909
4553.9			0.8639968706695315
4554.8			0.8442747553067261
4555.7			0.8881019912099541
4556.6			0.9655807522270632
4557.5			1.0057577314963104
4558.4			0.9992515249125121
4559.3			1.0
4560.2			1.0
4561.1			0.9923747654949605
4562.0			0.9848042240612679
4562.9			0.9382998485945924
4563.8			0.8819579916201244
4564.7			0.8444316690320015
4565.6			0.8468658528806682
4566.5			0.914922124054127
4567.4			0.9892892542080005
4568.3			0.9965198073069323
4569.2			1.0
4570.1			1.0
4571.0			1.0
4571.9			1.0
4572.8			1.0
4573.7			1.0
4574.6			1.0
4575.5			1.0
4576.4			1.009242457179831
4577.3			1.0
4578.2			0.948762153988245
4579.1			0.8812212904038172
4580.0			0.8400211240817957
4580.9			0.8574511614420102
4581.8			0.9290333523361539
4582.7			0.9768915987467518
4583.6			0.9608291375001111
4584.5			0.9335570769717445
4585.4			0.9163537226284889
4586.3			0.9103537473733907
4587.2			0.9508306290750725
4588.1			1.0201482065855834
4589.0			1.0553300335920217
4589.9			1.033349270028505
4590.8			0.9801888769119584
4591.7			0.9319978756628048
4592.6			0.9047121326662314
4593.5			0.8867526545865044
4594.4			0.8765493258137335
4595.3			0.8786180533151804
4596.2			0.8824512672000175
4597.1			0.8952893331490224
4598.0			0.9155792854695277
4598.9			0.925177217004955
4599.8			0.8991466910064516
4600.7			0.8706441034792025
4601.6			0.886558186649191
4602.5			0.9093600213667465
4603.4			0.9252817483659262
4604.3			0.9259650370405887
4605.2			0.8948888845006623
4606.1			0.875339703146109
4607.0			0.9174898084400706
4607.9			0.9993722610661278
4608.8			1.0529633332459425
4609.7			1.0467769717631639
4610.6			0.9991058913685148
4611.5			1.0
4612.4			1.0
4613.3			1.0
4614.2			1.0
4615.1			1.0
4616.0			1.0
4616.9			1.0
4617.8			1.0
4618.7			1.0
4619.6			1.0
4620.5			1.0
4621.4			1.0
4622.3			1.0
4623.2			1.0
4624.1			1.0
4625.0			1.0
4625.9			1.0
4626.8			1.0
4627.7			1.0
4628.6			1.0
4629.5			1.0
4630.4			1.0
4631.3			1.0
4632.2			1.0
4633.1			1.0
4634.0			1.0
4634.9			1.0
4635.8			1.0
4636.7			1.0
4637.6			1.0
4638.5			1.0
4639.4			1.0
4640.3			1.0
4641.2			1.0
4642.1			1.0351099140267273
4643.0			1.0242881335856373
4643.9			1.008152883660791
4644.8			0.971441818760921
4645.7			0.8973626447068936
4646.6			0.8453390756562855
4647.5			0.8707804046378282
4648.4			0.9295991594875805
4649.3			0.9797436191186282
4650.2			1.005099786048409
4651.1			1.0000650659368313
4652.0			1.0
4652.9			1.0
4653.8			0.9781043257091788
4654.7			0.9244620414600838
4655.6			0.8976544090752122
4656.5			0.9225536336542891
4657.4			1.0012142631888676
4658.3			1.0
4659.2			1.0
4660.1			1.0
4661.0			1.0
4661.9			1.0
4662.8			1.0
4663.7			1.0
4664.6			1.026604751680048
4665.5			0.9980333637453691
4666.4			0.892499907572829
4667.3			0.7911954724954705
4668.2			0.7770647586386575
4669.1			0.8300492970976678
4670.0			0.9102337215484368
4670.9			0.9855241173594601
4671.8			1.002836860591137
4672.7			1.0
4673.6			1.0
4674.5			1.0
4675.4			1.0
4676.3			1.0
4677.2			1.0
4678.1			0.9819235009930845
4679.0			0.9429242515659211
4679.9			0.8995610816200094
4680.8			0.8694778229825817
4681.7			0.8612636481458994
4682.6			0.9129194813571392
4683.5			0.9809762587033372
4684.4			0.9999860449594269
4685.3			1.0019928654978891
4686.2			1.0
4687.1			1.0
4688.0			1.0
4688.9			1.0
4689.8			1.0
4690.7			1.0
4691.6			1.0
4692.5			1.0
4693.4			1.0
4694.3			1.0
4695.2			1.0
4696.1			1.0
4697.0			0.981984204607353
4697.9			0.9124633739515429
4698.8			0.8692056720059559
4699.7			0.9035639445920924
4700.6			0.976166624569251
4701.5			1.0
4702.4			1.0
4703.3			1.0
4704.2			1.0303752677887905
4705.1			1.0463356674394717
4706.0			1.0321993637372673
4706.9			0.9684843431331039
4707.8			0.9112329377975367
4708.7			0.8992018566309314
4709.6			0.8950267332031598
4710.5			0.9376844414508737
4711.4			1.0059714290486834
4712.3			1.0262993891837753
4713.2			0.9960599699742833
4714.1			1.0
4715.0			1.0
4715.9			1.0
4716.8			1.0
4717.7			1.0
4718.6			1.0
4719.5			1.0
4720.4			1.0
4721.3			1.0
4722.2			0.9707662954988385
4723.1			0.9591502563646688
4724.0			0.9815697858033867
4724.9			1.018835545160279
4725.8			1.0132059609686435
4726.7			0.9362828727072152
4727.6			0.8368150059766869
4728.5			0.8124366821259211
4729.4			0.8542139210463667
4730.3			0.8841966632181606
4731.2			0.8912816538890301
4732.1			0.9046875882707378
4733.0			0.91938036330287
4733.9			0.9477655898671189
4734.8			0.998873569180467
4735.7			1.0
4736.6			1.0
4737.5			1.0
4738.4			1.0
4739.3			1.0
4740.2			1.0
4741.1			1.0
4742.0			1.0
4742.9			1.0
4743.8			1.0
4744.7			1.0
4745.6			1.0
4746.5			1.0
4747.4			1.0
4748.3			1.0
4749.2			1.0
4750.1			1.0
4751.0			1.0
4751.9			1.0
4752.8			1.0
4753.7			1.0
4754.6			1.0
4755.5			1.0
4756.4			1.0
4757.3			1.0
4758.2			1.0
4759.1			1.0
4760.0			1.0493311446234435
4760.9			1.0411279386498886
4761.8			0.976015150206789
4762.7			0.9420241605748072
4763.6			0.9561558395999333
4764.5			0.9684920644431989
4765.4			0.9575784458240384
4766.3			0.9417383967768127
4767.2			0.9707787782986841
4768.1			1.0119358338667688
4769.0			1.0482377947661259
4769.9			1.0745255686603492
4770.8			1.0459606219439266
4771.7			1.0011858743782944
4772.6			0.9998897397439979
4773.5			1.0
4774.4			1.0
4775.3			1.0
4776.2			0.9826677529924617
4777.1			0.9714771703863385
4778.0			0.965349713279877
4778.9			0.957736301934889
4779.8			0.9451843476520491
4780.7			0.9468286833150145
4781.6			0.9469919860237701
4782.5			0.9266059474743116
4783.4			0.9069361811599806
4784.3			0.9209343432003049
4785.2			0.9305380042447315
4786.1			0.9001625552958401
4787.0			0.8942990021020175
4787.9			0.9188124301614999
4788.8			0.9187275156866339
4789.7			0.9169867020841258
4790.6			0.9432618458188944
4791.5			0.9677544671377478
4792.4			0.9937803708363026
4793.3			1.0423019659323205
4794.2			1.0866157410516217
4795.1			1.0
4796.0			0.974937602637272
4796.9			0.9413426097626968
4797.8			0.9055532913810211
4798.7			0.8724648748424988
4799.6			0.8642545327494561
4800.5			0.8833904145767926
4801.4			0.9314667957827725
4802.3			0.9789477746581962
4803.2			0.9998508053349818
4804.1			1.0
4805.0			1.0
4805.9			1.0
4806.8			1.0
4807.7			1.0
4808.6			1.0
4809.5			1.0
4810.4			1.0
4811.3			1.0
4812.2			1.0
4813.1			1.0
4814.0			1.0
4814.9			1.0
4815.8			1.0
4816.7			1.0
4817.6			1.0
4818.5			1.0
4819.4			1.0
4820.3			1.0
4821.2			1.0
4822.1			1.0
4823.0			1.0
4823.9			1.0
4824.8			1.0
4825.7			1.0
4826.6			1.0
4827.5			1.0
4828.4			1.0
4829.3			1.0
4830.2			1.0089184911877873
4831.1			0.9610872037611817
4832.0			0.9154439501352409
4832.9			0.9435838799217107
4833.8			1.0051366846710161
4834.7			1.0
4835.6			1.0
4836.5			1.0
4837.4			1.0
4838.3			1.0
4839.2			1.0
4840.1			1.0
4841.0			1.0
4841.9			1.0
4842.8			1.0
4843.7			1.0
4844.6			1.0
4845.5			1.0
4846.4			1.0
4847.3			1.0
4848.2			1.0
4849.1			1.0
4850.0			1.0
4850.9			1.0
4851.8			1.0
4852.7			1.0
4853.6			1.0
4854.5			1.0
4855.4			1.0
4856.3			1.0
4857.2			1.0815990914097602
4858.1			1.0847413497527219
4859.0			1.014162770195092
4859.9			0.8876868050638855
4860.8			0.7496733636094942
4861.7			0.7443732991051522
4862.6			0.8728964288922099
4863.5			0.9593947000744303
4864.4			0.9728111650389789
4865.3			0.9849387280797866
4866.2			0.9999040737281389
4867.1			1.0
4868.0			1.0
4868.9			1.0
4869.8			0.9998071626140856
4870.7			0.9403392775632476
4871.6			0.8981651627007924
4872.5			0.9361340890057869
4873.4			0.9978421485560232
4874.3			1.0
4875.2			1.0
4876.1			1.0
4877.0			1.0
4877.9			1.0
4878.8			1.0
4879.7			1.0
4880.6			1.0
4881.5			1.0
4882.4			1.0
4883.3			1.0433011593657
4884.2			1.019021409203905
4885.1			0.9467755630390701
4886.0			0.9117941328017033
4886.9			0.9239462303181518
4887.8			0.934945898380531
4888.7			0.927154575011619
4889.6			0.8999476619489541
4890.5			0.8482232206296327
4891.4			0.8384428501078662
4892.3			0.9057907397930768
4893.2			0.9679649703068781
4894.1			0.9911404478591077
4895.0			1.004280705590599
4895.9			1.0132913197909592
4896.8			1.0176042929539817
4897.7			1.006349845713623
4898.6			1.0
4899.5			1.0
4900.4			1.0
4901.3			1.0
4902.2			1.0
4903.1			1.0
4904.0			1.0
4904.9			1.0
4905.8			1.0580707445901583
4906.7			1.0631286561116948
4907.6			1.0198452256141393
4908.5			0.9665286137818401
4909.4			0.920356540010025
4910.3			0.8974823211300784
4911.2			0.9095483373631831
4912.1			0.9384430571541018
4913.0			0.9586413823243328
4913.9			0.9728095350330882
4914.8			1.0
4915.7			1.0364704910616813
4916.6			1.0389830436965453
4917.5			0.9930278835163394
4918.4			0.9171565117832998
4919.3			0.8482410859194883
4920.2			0.8188393935323482
4921.1			0.8669842859900696
4922.0			0.9695605045614706
4922.9			1.0359995208301018
4923.8			1.0302770130023702
4924.7			1.0122591574851203
4925.6			1.0
4926.5			1.0
4927.4			1.0
4928.3			1.0
4929.2			1.0
4930.1			1.0
4931.0			1.0
4931.9			1.0
4932.8			1.0
4933.7			1.0
4934.6			1.0
4935.5			1.0497799846466584
4936.4			1.0278879049784282
4937.3			0.9498875204957035
4938.2			0.8728605111420819
4939.1			0.8633178144374367
4940.0			0.9339817951427374
4940.9			1.0007664385737487
4941.8			1.003317655970087
4942.7			0.9935036784852059
4943.6			1.0
4944.5			1.0
4945.4			1.0
4946.3			1.0
4947.2			1.0
4948.1			1.0
4949.0			1.0
4949.9			1.0
4950.8			1.0
4951.7			1.0
4952.6			1.0
4953.5			1.0
4954.4			1.0
4955.3			1.0
4956.2			0.9272413606404242
4957.1			0.8218449766628768
4958.0			0.8147479550838224
4958.9			0.9150208979169536
4959.8			1.0017906609919773
4960.7			1.0
4961.6			1.0
4962.5			1.0
4963.4			1.0
4964.3			1.0
4965.2			1.0
4966.1			1.0
4967.0			1.0
4967.9			1.0
4968.8			1.0
4969.7			1.0
4970.6			1.0
4971.5			1.0
4972.4			1.0
4973.3			1.0
4974.2			1.0
4975.1			1.0
4976.0			1.0
4976.9			0.9876557466632067
4977.8			0.962853311436513
4978.7			0.9506942784280482
4979.6			0.9692761283530636
4980.5			0.9598418749482961
4981.4			0.9071179834907428
4982.3			0.8715964084430975
4983.2			0.883380528988173
4984.1			0.9128071829021438
4985.0			0.9295851618373959
4985.9			0.9467350641057778
4986.8			0.977830148508586
4987.7			1.0008953911111949
4988.6			1.0
4989.5			1.0
4990.4			1.0
4991.3			1.0
4992.2			1.0
4993.1			1.0
4994.0			1.0
4994.9			1.0
4995.8			1.0
4996.7			1.0
4997.6			1.0
4998.5			1.0
4999.4			1.0
5000.3			1.0
5001.2			1.0
5002.1			1.0
5003.0			1.0
5003.9			1.0
5004.8			1.0
5005.7			1.0
5006.6			1.0
5007.5			1.0
5008.4			1.0
5009.3			1.015804077691864
5010.2			1.006791675996394
5011.1			0.9749717840289857
5012.0			0.9153887372758749
5012.9			0.8625671090059317
5013.8			0.8270451532128397
5014.7			0.8513519147435654
5015.6			0.9239412206858104
5016.5			0.9764590336098504
5017.4			0.9929794346691907
5018.3			0.9958862276281445
5019.2			1.0
5020.1			1.0
5021.0			1.0
5021.9			1.0
5022.8			1.0
5023.7			1.0
5024.6			1.0
5025.5			1.0
5026.4			1.0
5027.3			1.0
5028.2			1.0
5029.1			1.0
5030.0			1.0
5030.9			1.0
5031.8			1.0
5032.7			1.0
5033.6			1.0
5034.5			1.0
5035.4			1.0
5036.3			1.0
5037.2			1.021657921797783
5038.1			1.0049067257228173
5039.0			0.9231504622176907
5039.9			0.8110275043986485
5040.8			0.734986281049377
5041.7			0.7795032026550436
5042.6			0.8928866902887906
5043.5			0.9603733826967453
5044.4			1.0
5045.3			1.0509780041505445
5046.2			1.0738639194423223
5047.1			1.0397598987428227
5048.0			0.9613751530880162
5048.9			0.8950312513408154
5049.8			0.8802369999805869
5050.7			0.9003941447006084
5051.6			0.9080248748845514
5052.5			0.9307919217437536
5053.4			0.9712791128622092
5054.3			1.001297604967009
5055.2			1.0
5056.1			1.0
5057.0			1.0
5057.9			1.0
5058.8			1.0
5059.7			1.0
5060.6			1.0
5061.5			1.0
5062.4			1.012707588434376
5063.3			0.97470580961958
5064.2			0.9041822674810526
5065.1			0.8828522010330296
5066.0			0.9442562391559097
5066.9			1.0006643269757758
5067.8			1.004396958251692
5068.7			1.0
5069.6			1.0
5070.5			1.0
5071.4			1.0
5072.3			1.0
5073.2			1.0
5074.1			1.0
5075.0			0.9811091480715084
5075.9			0.9479095040547898
5076.8			0.9664304853236361
5077.7			0.9809858194319633
5078.6			0.9065124356626505
5079.5			0.8120967087746432
5080.4			0.8057146679165644
5081.3			0.8618892093546981
5082.2			0.8946074676323513
5083.1			0.8995187051887602
5084.0			0.92808221014791
5084.9			0.9673638785812586
5085.8			0.9971711987711325
5086.7			1.0
5087.6			1.0
5088.5			1.0
5089.4			1.0
5090.3			1.0
5091.2			1.0
5092.1			1.0
5093.0			1.0
5093.9			1.0
5094.8			1.0
5095.7			0.9671953347096249
5096.6			0.967385911596953
5097.5			0.9508340908338004
5098.4			0.8963365443469509
5099.3			0.8848010320068779
5100.2			0.9352939480518161
5101.1			0.9883637598581334
5102.0			1.0097683836432192
5102.9			1.0021376126766097
5103.8			1.0
5104.7			1.0
5105.6			1.0
5106.5			1.0
5107.4			1.0
5108.3			1.0
5109.2			1.0
5110.1			1.0
5111.0			1.0
5111.9			1.0
5112.8			1.0
5113.7			1.0
5114.6			1.0400181795410355
5115.5			1.0520446762764672
5116.4			1.0591985107158346
5117.3			1.0811670494616765
5118.2			1.0763955814111077
5119.1			1.0457961362832437
5120.0			1.0057864230035292
5120.9			0.9767112529886923
5121.8			0.9602333600664735
5122.7			0.8993612734262642
5123.6			0.8265792243853092
5124.5			0.8508362183676875
5125.4			0.913697907197425
5126.3			0.9263195185818274
5127.2			0.9035430419729369
5128.1			0.8920501041867425
5129.0			0.8790626731852932
5129.9			0.8794855403488253
5130.8			0.9244886524702565
5131.7			0.9744984481400459
5132.6			0.9999930031505809
5133.5			1.0
5134.4			1.0
5135.3			1.0
5136.2			1.0
5137.1			1.0
5138.0			1.0
5138.9			1.0
5139.8			1.0
5140.7			1.0
5141.6			1.0
5142.5			1.0
5143.4			1.0
5144.3			1.0
5145.2			1.0
5146.1			1.0
5147.0			1.0
5147.9			1.0071343292322517
5148.8			1.0275468039140196
5149.7			1.0092219342810536
5150.6			0.9475361836522295
5151.5			0.8921131543636166
5152.4			0.8696308872398393
5153.3			0.8665774209637541
5154.2			0.8782252981989027
5155.1			0.9224993596129252
5156.0			0.9719681579636922
5156.9			0.9995273129593264
5157.8			1.0
5158.7			1.0
5159.6			1.0
5160.5			1.0
5161.4			1.0
5162.3			1.0
5163.2			1.0
5164.1			1.0
5165.0			1.0
5165.9			1.0
5166.8			1.0
5167.7			1.0
5168.6			1.0
5169.5			1.152801882394487
5170.4			1.1286737992304894
5171.3			0.9122429740783016
5172.2			0.6888332216128749
5173.1			0.6702964151775587
5174.0			0.8468950611352023
5174.9			0.9998629002030898
5175.8			1.0
5176.7			1.0
5177.6			1.0
5178.5			1.0
5179.4			1.0
5180.3			0.9580628032854005
5181.2			0.8798822374613704
5182.1			0.7335755958802598
5183.0			0.5741138915800654
5183.9			0.5611792809909459
5184.8			0.7401278631131264
5185.7			0.9276759551215673
5186.6			1.0047730571576414
5187.5			0.9914627827442062
5188.4			1.0
5189.3			1.0414971133115047
5190.2			1.0723209801788784
5191.1			0.977660020003967
5192.0			0.8540664327530422
5192.9			0.8474446439192287
5193.8			0.9194842287787999
5194.7			0.9436540662977446
5195.6			0.9479348233187088
5196.5			0.9978141076858641
5197.4			1.0
5198.3			1.0
5199.2			1.0
5200.1			1.0
5201.0			1.0
5201.9			0.988305036902488
5202.8			0.9804446223419866
5203.7			0.9369507048691561
5204.6			0.853553712935887
5205.5			0.8110110404744236
5206.4			0.8248996975050902
5207.3			0.8180748175873338
5208.2			0.756940484104174
5209.1			0.7451649838767316
5210.0			0.7966199842160654
5210.9			0.8837485496186192
5211.8			0.9909254080179017
5212.7			1.0592214524293557
5213.6			1.0822062692721122
5214.5			1.0667224783571465
5215.4			1.0215144470884716
5216.3			1.0037959080156862
5217.2			1.0
5218.1			1.0
5219.0			1.0
5219.9			1.0
5220.8			1.0
5221.7			1.0
5222.6			0.9598458677654118
5223.5			0.8931153615491113
5224.4			0.8277233327214774
5225.3			0.786379388179189
5226.2			0.7591920213099066
5227.1			0.7796970787733253
5228.0			0.8846494029312276
5228.9			0.9695671184644448
5229.8			0.9977267955816045
5230.7			1.0
5231.6			1.0
5232.5			1.0
5233.4			1.0
5234.3			1.0
5235.2			1.0
5236.1			1.0
5237.0			1.0
5237.9			1.0
5238.8			1.0
5239.7			1.0
5240.6			1.0233913740721772
5241.5			1.0417657680490138
5242.4			1.038006294540468
5243.3			1.0334595335831078
5244.2			1.0438375565733313
5245.1			1.0263239196225422
5246.0			0.9363887136759916
5246.9			0.8407375106693722
5247.8			0.8492007706617654
5248.7			0.9006612917205522
5249.6			0.8795190633434178
5250.5			0.8350813937799986
5251.4			0.8480063809827613
5252.3			0.8926478501303176
5253.2			0.9241101569780187
5254.1			0.9150397247931332
5255.0			0.8843783678609652
5255.9			0.9224451710075242
5256.8			1.0037880637529613
5257.7			1.0554240441646032
5258.6			1.0551166995219503
5259.5			1.0249060161162247
5260.4			0.9999402008246211
5261.3			1.0
5262.2			1.0
5263.1			1.0
5264.0			1.0
5264.9			1.0
5265.8			1.0
5266.7			1.0663435359234197
5267.6			1.1041845997662645
5268.5			0.9748571755888457
5269.4			0.8052482988505287
5270.3			0.8164201635895119
5271.2			0.959346116269701
5272.1			1.0236536999964667
5273.0			1.0
5273.9			1.0
5274.8			1.0
5275.7			1.0
5276.6			1.0
5277.5			1.0
5278.4			1.0
5279.3			0.9730447788497285
5280.2			0.9296971374185032
5281.1			0.8985556161169822
5282.0			0.8811839234327012
5282.9			0.8712239034516693
5283.8			0.8749991738265265
5284.7			0.9357937368212755
5285.6			1.0201255544532069
5286.5			1.054150813864827
5287.4			1.0313726448105252
5288.3			1.0015242345657938
5289.2			1.0
5290.1			1.0
5291.0			1.0
5291.9			1.0
5292.8			1.0
5293.7			1.0131879149549186
5294.6			1.0207786953866422
5295.5			0.9806974004286603
5296.4			0.9011572535579545
5297.3			0.8372762797292626
5298.2			0.852883364109481
5299.1			0.9465605974279591
5300.0			1.0019227798904586
5300.9			1.0002720102661005
5301.8			1.0
5302.7			1.0
5303.6			1.0
5304.5			1.0
5305.4			1.0
5306.3			1.0
5307.2			1.0
5308.1			1.0
5309.0			1.0
5309.9			1.0
5310.8			1.0
5311.7			1.0
5312.6			1.0
5313.5			1.0
5314.4			1.0
5315.3			1.0
5316.2			1.0
5317.1			1.0
5318.0			1.0
5318.9			1.0
5319.8			1.0
5320.7			1.0
5321.6			1.0
5322.5			1.0
5323.4			1.0
5324.3			0.9835157579080276
5325.2			1.0083632552893367
5326.1			0.9909370238262051
5327.0			0.8724325359478051
5327.9			0.7377842919219548
5328.8			0.7526678460315062
5329.7			0.8845124053191034
5330.6			0.9796655348101744
5331.5			0.9995774960382618
5332.4			1.0
5333.3			1.0
5334.2			1.0
5335.1			1.0
5336.0			1.0
5336.9			1.0
5337.8			1.0051369692849166
5338.7			0.9916337925835232
5339.6			0.9357695564584855
5340.5			0.8843481863010687
5341.4			0.9078945993272981
5342.3			0.9711274060962682
5343.2			1.000804318029583
5344.1			1.0
5345.0			1.0
5345.9			1.0
5346.8			1.0
5347.7			1.0
5348.6			1.0
5349.5			1.0
5350.4			1.0
5351.3			1.0
5352.2			1.0
5353.1			1.0
5354.0			1.0
5354.9			1.0
5355.8			1.0
5356.7			1.0
5357.6			1.0
5358.5			1.0
5359.4			1.0
5360.3			1.0
5361.2			1.0
5362.1			1.0
5363.0			1.0
5363.9			1.0
5364.8			1.0
5365.7			1.0
5366.6			1.0
5367.5			1.0
5368.4			0.9953668131500506
5369.3			0.9410679109752655
5370.2			0.8611184775939933
5371.1			0.8297207199646182
5372.0			0.8796716346569271
5372.9			0.9612415670403947
5373.8			1.0029603859304341
5374.7			1.0
5375.6			1.0
5376.5			1.0
5377.4			1.0
5378.3			1.0
5379.2			1.0
5380.1			1.0
5381.0			1.0
5381.9			1.0
5382.8			1.0
5383.7			1.0
5384.6			1.0
5385.5			1.0
5386.4			1.0
5387.3			1.0
5388.2			1.0
5389.1			1.0
5390.0			1.0
5390.9			1.0
5391.8			1.0
5392.7			1.0
5393.6			1.0
5394.5			1.0
5395.4			1.0
5396.3			1.0
5397.2			1.0
5398.1			1.0781033697335949
5399.0			1.142244618134825
5399.9			1.1252993212409559
5400.8			1.0904022543712686
5401.7			1.089034993626528
5402.6			1.0810943272473341
5403.5			1.0248676148691769
5404.4			0.938904024969055
5405.3			0.8807132934945251
5406.2			0.8949379107598681
5407.1			0.9467786356674001
5408.0			0.9515785476472464
5408.9			0.9059454857771129
5409.8			0.8889351988770611
5410.7			0.9379682623249569
5411.6			0.9882201364811074
5412.5			1.0020940946919124
5413.4			1.0
5414.3			1.0
5415.2			1.0
5416.1			1.0
5417.0			1.0
5417.9			1.0
5418.8			1.0
5419.7			1.0
5420.6			1.0008539872222506
5421.5			1.0371756309133522
5422.4			1.0588599395158669
5423.3			1.0282005875362845
5424.2			0.9931561564754261
5425.1			1.0046476197282648
5426.0			1.0349183258653318
5426.9			1.0496539933745084
5427.8			1.0192173462036194
5428.7			0.9278444360536625
5429.6			0.8738741188470005
5430.5			0.9177569223673231
5431.4			0.9548293743327593
5432.3			0.9294947012259998
5433.2			0.8964687044146904
5434.1			0.8753237739692095
5435.0			0.8671523576086712
5435.9			0.8826262397612765
5436.8			0.9175508602050592
5437.7			0.9630126862174503
5438.6			0.9978027179253179
5439.5			1.0
5440.4			1.0
5441.3			1.0
5442.2			1.0
5443.1			1.0
5444.0			0.9682421052701868
5444.9			0.9075456805932702
5445.8			0.837550831712162
5446.7			0.8122963409083377
5447.6			0.8739741678085018
5448.5			0.9598446830071283
5449.4			0.9996050537284837
5450.3			1.0
5451.2			1.0
5452.1			1.0
5453.0			1.0
5453.9			1.0
5454.8			1.0
5455.7			1.0
5456.6			1.0
5457.5			1.0
5458.4			1.0
5459.3			1.0
5460.2			1.0
5461.1			1.0
5462.0			1.0
5462.9			1.0
5463.8			1.0
5464.7			1.0
5465.6			1.0
5466.5			1.0
5467.4			1.0
5468.3			1.0
5469.2			1.0
5470.1			1.0
5471.0			1.0041342244764528
5471.9			1.021315024701866
5472.8			1.0111833954409926
5473.7			0.996813749669935
5474.6			1.0049012449653894
5475.5			0.9835074219364399
5476.4			0.9400779429403691
5477.3			0.9686347597282675
5478.2			1.060204724964926
5479.1			1.1072150453861827
5480.0			1.0697021096372947
5480.9			1.0103200221745443
5481.8			0.9998570412090863
5482.7			1.0
5483.6			1.0
5484.5			1.0
5485.4			1.0
5486.3			1.0
5487.2			1.0
5488.1			1.0
5489.0			1.0
5489.9			1.0
5490.8			1.0
5491.7			1.0
5492.6			1.0
5493.5			1.0
5494.4			1.0
5495.3			1.0
5496.2			1.0
5497.1			1.0
5498.0			1.0
5498.9			1.0
5499.8			1.0
5500.7			1.0
5501.6			1.0
5502.5			1.0
5503.4			1.0
5504.3			1.0
5505.2			1.0
5506.1			1.0
5507.0			1.0068673329975428
5507.9			1.0536523257553374
5508.8			1.0679669690138252
5509.7			1.0458588659970283
5510.6			1.0077219879610433
5511.5			0.9559167592797592
5512.4			0.9157560842801185
5513.3			0.9103999460656171
5514.2			0.9209370010559018
5515.1			0.9396880992281849
5516.0			0.958502579754363
5516.9			0.9755910361225656
5517.8			1.0031600585358542
5518.7			1.0
5519.6			1.0
5520.5			1.0
5521.4			1.0
5522.3			1.0
5523.2			1.0
5524.1			1.0
5525.0			0.9973628855773409
5525.9			0.9746756468012062
5526.8			0.9359311869888874
5527.7			0.9000255079716076
5528.6			0.9105305711938528
5529.5			0.9622745037514692
5530.4			0.9971683998113935
5531.3			1.0
5532.2			1.0
5533.1			1.0
5534.0			1.0
5534.9			1.0
5535.8			1.0
5536.7			1.0
5537.6			1.0
5538.5			1.0
5539.4			1.0
5540.3			1.0
5541.2			1.0
5542.1			1.0
5543.0			1.0
5543.9			1.0
5544.8			1.0
5545.7			1.0
5546.6			1.0
5547.5			1.0
5548.4			1.0
5549.3			1.0
5550.200000000001			1.0
5551.1			1.0
5552.0			1.0
5552.9			1.0
5553.8			1.0
5554.700000000001			1.0
5555.6			1.0
5556.5			1.0
5557.4			1.0
5558.3			1.0
5559.200000000001			1.0
5560.1			1.0
5561.0			1.0
5561.9			1.0
5562.8			1.0
5563.700000000001			1.0
5564.6			1.0
5565.5			1.0
5566.4			1.0
5567.3			1.0
5568.200000000001			1.0
5569.1			1.0
5570.0			1.0
5570.9			1.0
5571.8			1.0
5572.700000000001			1.0
5573.6			1.0
5574.5			1.0
5575.4			1.0
5576.3			1.0
5577.200000000001			1.0
5578.1			1.0
5579.0			1.0
5579.9			1.0
5580.8			1.0
5581.700000000001			1.0
5582.6			1.0
5583.5			1.0390351061435643
5584.4			1.0357388060766741
5585.3			1.0092104890314062
5586.200000000001			0.9563688306268819
5587.1			0.9052871278938188
5588.0			0.8917099447501788
5588.9			0.8949028268272108
5589.8			0.9329256903738228
5590.700000000001			0.9787113935386225
5591.6			1.0057858947170353
5592.5			0.9990853356071797
5593.4			1.0
5594.3			1.0
5595.200000000001			1.0
5596.1			1.0
5597.0			1.0
5597.9			1.0
5598.8			1.0
5599.700000000001			1.0
5600.6			1.0
5601.5			1.0
5602.4			1.0
5603.3			1.0
5604.200000000001			1.0
5605.1			1.0
5606.0			1.0
5606.9			1.0
5607.8			1.0
5608.700000000001			1.0
5609.6			1.0
5610.5			1.0
5611.4			0.9653943794514126
5612.3			0.9531568112187847
5613.200000000001			0.9537090454770566
5614.1			0.9121949325815798
5615.0			0.8542373504422426
5615.9			0.8694732228867434
5616.8			0.9425379550145456
5617.700000000001			0.9825628768646164
5618.6			0.9940929879819126
5619.5			1.0
5620.4			1.0
5621.3			1.010118916795697
5622.200000000001			0.9940190700298347
5623.1			0.9562328638453234
5624.0			0.9214165278141856
5624.9			0.91451875357179
5625.8			0.9412728732974751
5626.700000000001			0.973892217358118
5627.6			0.9855416948750811
5628.5			1.0018484007765596
5629.4			1.0
5630.3			1.0
5631.200000000001			1.0
5632.1			1.0
5633.0			1.0
5633.9			1.0
5634.8			1.0
5635.700000000001			1.0
5636.6			1.0
5637.5			1.0
5638.4			1.0
5639.3			1.0208947290732093
5640.200000000001			0.9801150309210849
5641.1			0.918468424625501
5642.0			0.8927743729499478
5642.9			0.913841649542248
5643.8			0.9729134117467232
5644.700000000001			0.9953198473471052
5645.6			1.0
5646.5			1.0
5647.4			1.0
5648.3			1.0
5649.200000000001			1.0
5650.1			1.0
5651.0			1.0
5651.9			1.0
5652.8			1.0
5653.700000000001			1.0
5654.6			0.9836836234478095
5655.5			0.9733685991291916
5656.4			0.9853952707892522
5657.3			0.9480591467506434
5658.200000000001			0.8953118451983849
5659.1			0.9187646305545025
5660.0			0.9877146936584251
5660.9			1.014132479717561
5661.8			1.0030128613448355
5662.700000000001			1.0
5663.6			1.0
5664.5			1.0
5665.4			1.0
5666.3			1.0
5667.200000000001			1.0
5668.1			1.0
5669.0			1.0
5669.9			1.0
5670.8			1.0
5671.700000000001			1.0
5672.6			1.0
5673.5			1.0
5674.4			1.0
5675.3			1.0
5676.200000000001			1.0
5677.1			1.0
5678.0			1.0
5678.9			1.0
5679.8			1.0
5680.700000000001			1.0
5681.6			1.0
5682.5			1.0
5683.4			1.0
5684.3			1.0
5685.200000000001			1.0
5686.1			1.0
5687.0			1.0
5687.9			1.0
5688.8			1.0
5689.700000000001			1.0
5690.6			1.0
5691.5			1.0
5692.4			1.0
5693.3			1.0
5694.200000000001			1.0
5695.1			1.0
5696.0			1.0
5696.9			1.0
5697.8			1.0
5698.700000000001			1.0
5699.6			1.0
5700.5			1.0
5701.4			1.0
5702.3			1.0011570342747926
5703.200000000001			1.0129896505283589
5704.1			1.024391975001078
5705.0			0.9990838673191949
5705.9			0.9813304422675483
5706.8			0.9839725165103722
5707.700000000001			0.9551645767108361
5708.6			0.921873088193822
5709.5			0.9162299386671501
5710.4			0.9298910746963275
5711.3			0.946402520525161
5712.200000000001			0.9675391840096793
5713.1			0.9918048603120652
5714.0			0.998736420320309
5714.9			0.9985882139969374
5715.8			1.0043598487169583
5716.700000000001			1.000065377135962
5717.6			1.0
5718.5			1.0
5719.4			1.0
5720.3			1.0
5721.200000000001			1.0
5722.1			1.0
5723.0			1.0
5723.9			1.0
5724.8			1.0
5725.700000000001			1.0
5726.6			1.0
5727.5			1.0
5728.4			1.0
5729.3			1.0
5730.200000000001			1.0
5731.1			1.0
5732.0			1.0
5732.9			1.0
5733.8			1.0
5734.700000000001			1.0
5735.6			1.0
5736.5			1.0
5737.4			1.0
5738.3			1.0
5739.200000000001			1.0
5740.1			1.0
5741.0			1.0
5741.9			1.0
5742.8			1.0
5743.700000000001			1.0
5744.6			1.0
5745.5			1.0
5746.4			1.0
5747.3			1.0
5748.200000000001			1.0
5749.1			1.0
5750.0			1.0
5750.9			1.0
5751.8			1.0
5752.700000000001			1.0
5753.6			1.0
5754.5			1.0
5755.4			1.0
5756.3			1.0
5757.200000000001			1.0
5758.1			1.0
5759.0			1.0
5759.9			1.0
5760.8			1.0178003028766622
5761.700000000001			0.9996151289747578
5762.6			0.9412768098267181
5763.5			0.9219958053207593
5764.4			0.9534154645564549
5765.3			0.9877419008589852
5766.200000000001			1.0
5767.1			0.9999483815266348
5768.0			0.9956133133304754
5768.9			1.0081933143453436
5769.8			1.0406490107609825
5770.700000000001			1.0474580975458123
5771.6			1.0063998513291574
5772.5			0.9711739109561747
5773.4			0.9843897491303008
5774.3			1.0058649131331188
5775.200000000001			1.0250154190360758
5776.1			1.0434238765370145
5777.0			1.0297186054277772
5777.9			0.9985660884862622
5778.8			0.9703860027298435
5779.700000000001			0.9405029384096031
5780.6			0.9290544234335834
5781.5			0.9350795855386257
5782.4			0.9397117144815413
5783.3			0.9351602067425816
5784.200000000001			0.9397655179857716
5785.1			0.9652193827680304
5786.0			0.9894378279822191
5786.9			0.9953497637619072
5787.8			1.0082118243350677
5788.700000000001			1.0146409697944432
5789.6			0.997154743577003
5790.5			0.9858229521489515
5791.4			1.0195690557770085
5792.3			1.0453796372399236
5793.200000000001			1.0228639309223768
5794.1			1.0010746745985133
5795.0			1.0
5795.9			1.0
5796.8			1.0
5797.700000000001			1.0
5798.6			1.0
5799.5			1.0
5800.4			1.0
5801.3			1.0
5802.200000000001			1.0
5803.1			1.0
5804.0			1.0
5804.9			1.0
5805.8			1.0
5806.700000000001			1.0
5807.6			1.0
5808.5			1.0
5809.4			1.0
5810.3			1.0
5811.200000000001			1.0
5812.1			1.0
5813.0			1.0
5813.9			1.0
5814.8			1.0
5815.700000000001			1.0
5816.6			1.0
5817.5			1.0
5818.4			1.0
5819.3			1.0
5820.200000000001			1.0
5821.1			1.0
5822.0			1.0
5822.9			1.0
5823.8			1.0
5824.700000000001			1.0
5825.6			1.0
5826.5			1.0
5827.4			1.0
5828.3			1.0
5829.200000000001			1.0
5830.1			1.0
5831.0			1.0
5831.9			1.0
5832.8			1.0
5833.700000000001			1.0
5834.6			1.0
5835.5			1.0
5836.4			1.0
5837.3			1.0
5838.200000000001			1.0
5839.1			1.0
5840.0			1.0
5840.9			1.0
5841.8			1.0
5842.700000000001			1.0
5843.6			1.0
5844.5			1.0
5845.4			1.0
5846.3			1.0
5847.200000000001			1.0
5848.1			1.0
5849.0			1.0
5849.9			1.0
5850.8			1.0
5851.700000000001			1.0
5852.6			1.0
5853.5			0.959475089545039
5854.4			0.949886457489365
5855.3			0.9662294571341677
5856.200000000001			0.950065378545074
5857.1			0.9169267239979753
5858.0			0.9078382868809638
5858.9			0.9145823580371137
5859.8			0.9406680052823946
5860.700000000001			0.969754899543009
5861.6			0.9852421098985544
5862.5			1.000296510688948
5863.4			1.0
5864.3			1.0
5865.200000000001			1.0
5866.1			1.0
5867.0			1.0
5867.9			1.0
5868.8			1.0
5869.700000000001			1.0
5870.6			1.0
5871.5			1.0
5872.4			1.0
5873.3			1.0
5874.200000000001			1.0
5875.1			1.0
5876.0			1.0
5876.9			1.0
5877.8			1.0
5878.700000000001			1.0
5879.6			1.0
5880.5			1.0
5881.4			1.0
5882.3			1.0
5883.200000000001			1.0
5884.1			1.0
5885.0			1.0
5885.9			1.0
5886.8			1.0
5887.700000000001			0.9717060104808306
5888.6			0.8908934083751463
5889.5			0.7323258048095114
5890.4			0.6676708785963753
5891.3			0.7780536897618134
5892.200000000001			0.9141442786357732
5893.1			0.9967222583910822
5894.0			1.0
5894.9			1.0
5895.8			1.0
5896.700000000001			1.0
5897.6			1.0
5898.5			1.0
5899.4			1.0
5900.3			1.0
5901.200000000001			1.0
5902.1			1.0
5903.0			1.0
5903.9			1.0
5904.8			1.0
5905.700000000001			1.0
5906.6			1.0
5907.5			1.0
5908.4			1.0
5909.3			1.0
5910.200000000001			1.0
5911.1			1.0
5912.0			1.0
5912.9			1.0
5913.8			1.0
5914.700000000001			1.0
5915.6			1.0
5916.5			1.0
5917.4			1.0
5918.3			1.0
5919.200000000001			1.0
5920.1			1.0
5921.0			1.0
5921.9			1.0
5922.8			1.0
5923.700000000001			1.0
5924.6			1.0
5925.5			1.0
5926.4			1.0
5927.3			1.0
5928.200000000001			1.0
5929.1			1.0
5930.0			1.0
5930.9			1.0
5931.8			1.0
5932.700000000001			1.0
5933.6			1.0
5934.5			1.0
5935.4			1.0
5936.3			1.0
5937.200000000001			1.0
5938.1			1.0
5939.0			1.0
5939.9			1.0
5940.8			1.0
5941.700000000001			1.0
5942.6			1.0
5943.5			1.0
5944.4			1.0
5945.3			1.0
5946.200000000001			1.0
5947.1			1.0
5948.0			1.0
5948.9			1.0
5949.8			1.0
5950.700000000001			1.0
5951.6			1.0
5952.5			1.0
5953.4			1.0
5954.3			1.0
5955.200000000001			1.0
5956.1			1.0
5957.0			1.0
5957.9			1.0
5958.8			1.0
5959.700000000001			1.0
5960.6			1.0
5961.5			1.0
5962.4			1.0
5963.3			1.0
5964.200000000001			1.0
5965.1			1.0
5966.0			1.0
5966.9			1.0
5967.8			1.0
5968.700000000001			1.0
5969.6			1.0
5970.5			1.0
5971.4			1.0
5972.3			1.0
5973.200000000001			1.0
5974.1			1.0
5975.0			1.0
5975.9			1.0
5976.8			1.0
5977.700000000001			1.0
5978.6			1.0
5979.5			1.0
5980.4			1.0
5981.3			1.0
5982.200000000001			1.0
5983.1			1.0
5984.0			1.0
5984.9			1.0
5985.8			1.0
5986.700000000001			1.0
5987.6			1.0
5988.5			1.0
5989.4			1.0
5990.3			1.0
5991.200000000001			1.0
5992.1			1.0
5993.0			1.0
5993.9			1.0
5994.8			1.0
5995.700000000001			1.0
5996.6			1.0
5997.5			1.0
5998.4			1.0
5999.3			1.0
6000.200000000001			1.0
6001.1			1.0
6002.0			1.0
6002.9			1.0
6003.8			1.0
6004.700000000001			1.0
6005.6			1.0
6006.5			1.0
6007.4			1.0
6008.3			1.0
6009.200000000001			1.0
6010.1			1.0
6011.0			1.0
6011.9			1.0
6012.8			1.0
6013.700000000001			1.0
6014.6			1.0
6015.5			1.0
6016.4			1.0
6017.3			1.0
6018.200000000001			1.0
6019.1			1.0
6020.0			1.0
6020.9			1.0
6021.8			1.0
6022.700000000001			1.0
6023.6			1.0
6024.5			1.0
6025.4			1.0
6026.3			1.0
6027.200000000001			1.0
6028.1			1.0
6029.0			1.0
6029.9			1.0
6030.8			1.0
6031.700000000001			1.0
6032.6			1.0
6033.5			1.0
6034.4			1.0
6035.3			1.0
6036.200000000001			1.0
6037.1			1.0
6038.0			1.0
6038.9			1.0
6039.8			1.0
6040.700000000001			1.0
6041.6			1.0
6042.5			1.0
6043.4			1.0
6044.3			1.0
6045.200000000001			1.0
6046.1			1.0
6047.0			1.0
6047.9			1.0
6048.8			1.0
6049.700000000001			1.0
6050.6			1.0
6051.5			1.0
6052.4			1.0
6053.3			1.0
6054.200000000001			1.0
6055.1			1.0
6056.0			1.0
6056.9			1.0
6057.8			1.0
6058.700000000001			1.0
6059.6			1.0
6060.5			1.0
6061.4			1.0
6062.3			1.0
6063.200000000001			1.0097393527298824
6064.1			1.0065296873438005
6065.0			0.9694990241564313
6065.9			0.9488793146579119
6066.8			0.9904451270253948
6067.700000000001			1.0183369941596017
6068.6			0.9999746797938698
6069.5			1.0
6070.4			1.0
6071.3			1.0
6072.200000000001			1.0
6073.1			1.0
6074.0			1.0
6074.9			1.0
6075.8			1.0
6076.700000000001			1.0
6077.6			1.0
6078.5			1.0
6079.4			1.0
6080.3			1.0
6081.200000000001			1.0
6082.1			1.0
6083.0			1.0
6083.9			1.0
6084.8			1.0
6085.700000000001			1.0
6086.6			1.0
6087.5			1.0
6088.4			1.0
6089.3			1.0
6090.200000000001			1.0
6091.1			1.0
6092.0			1.0
6092.9			1.0
6093.8			1.0
6094.700000000001			1.0
6095.6			1.0
6096.5			1.0
6097.4			1.0
6098.3			1.0
6099.200000000001			0.9958708929746939
6100.1			0.9858856080051372
6101.0			0.9577263836232259
6101.9			0.9216133038866993
6102.8			0.8909232998055691
6103.700000000001			0.905120709065438
6104.6			0.950806295664793
6105.5			0.9904221359931452
6106.4			1.0001710214218442
6107.3			1.0
6108.200000000001			1.0
6109.1			1.0
6110.0			1.0
6110.9			1.0
6111.8			1.0
6112.700000000001			1.0
6113.6			1.0
6114.5			1.0
6115.4			1.0
6116.3			1.0
6117.200000000001			1.0
6118.1			1.0
6119.0			1.0
6119.9			1.0
6120.8			1.0
6121.700000000001			1.0
6122.6			1.0
6123.5			1.0
6124.4			1.0
6125.3			1.0
6126.200000000001			0.9710531386006066
6127.1			0.9479413255651948
6128.0			0.9442972303146983
6128.9			0.9377197841099176
6129.8			0.9359444176546953
6130.700000000001			0.941746975312237
6131.6			0.9401533923895291
6132.5			0.9455325082029559
6133.4			0.9475522019591337
6134.3			0.9507062493281483
6135.200000000001			0.9483768103220923
6136.1			0.9246027604341357
6137.0			0.8965935860260714
6137.9			0.8868532897804743
6138.8			0.912902532422433
6139.700000000001			0.9721085905041373
6140.6			0.9984623500458404
6141.5			0.9635382133292031
6142.4			0.9588997714444786
6143.3			1.0017756018532915
6144.200000000001			1.0180125405425178
6145.1			1.0033198892574897
6146.0			0.9944866109948481
6146.9			0.9853887501870219
6147.8			0.969678522335259
6148.700000000001			0.9760894991713113
6149.6			0.9992516437882146
6150.5			1.0
6151.4			1.0
6152.3			1.0
6153.200000000001			1.0
6154.1			1.0
6155.0			1.0
6155.9			1.0
6156.8			1.0158266337312478
6157.700000000001			1.023779977935067
6158.6			1.042261398604827
6159.5			1.0360690798960188
6160.4			0.9628768927782344
6161.3			0.8746767148273424
6162.200000000001			0.8633970991825769
6163.1			0.9077260346438213
6164.0			0.9412209105327328
6164.9			0.9541224924978267
6165.8			0.9629426617176693
6166.700000000001			0.9751579796698611
6167.6			0.9989769147408497
6168.5			1.0
6169.4			1.0
6170.3			1.0
6171.200000000001			1.0
6172.1			1.0
6173.0			1.0
6173.9			1.0
6174.8			1.0
6175.700000000001			1.0
6176.6			1.0
6177.5			1.0
6178.4			1.0
6179.3			1.0
6180.200000000001			1.0
6181.1			1.0
6182.0			1.0
6182.9			1.0
6183.8			1.0
6184.700000000001			1.0
6185.6			1.0
6186.5			1.0
6187.4			1.0
6188.3			1.0
6189.200000000001			1.0
6190.1			1.0
6191.0			1.0
6191.9			1.0
6192.8			1.0
6193.700000000001			1.0
6194.6			1.0
6195.5			1.0
6196.4			1.0
6197.3			1.0
6198.200000000001			1.0
6199.1			1.0
6200.0			1.0
6200.9			1.0
6201.8			1.0
6202.700000000001			1.0
6203.6			1.0
6204.5			1.0
6205.4			1.0
6206.3			1.0
6207.200000000001			1.0
6208.1			1.0
6209.0			1.0
6209.9			1.0
6210.8			1.0
6211.700000000001			1.0
6212.6			1.0
6213.5			1.0
6214.4			1.0
6215.3			1.0
6216.200000000001			1.0
6217.1			1.0
6218.0			1.0
6218.9			1.0
6219.8			1.0
6220.700000000001			1.0
6221.6			1.0
6222.5			1.0
6223.4			1.0
6224.3			1.0
6225.200000000001			1.0
6226.1			1.0
6227.0			1.0
6227.9			1.0
6228.8			1.0
6229.700000000001			1.0
6230.6			1.0
6231.5			1.0
6232.4			1.0
6233.3			1.0
6234.200000000001			1.0
6235.1			1.0
6236.0			1.0
6236.9			1.0
6237.8			1.0
6238.700000000001			1.0
6239.6			1.0
6240.5			1.0
6241.4			1.0
6242.3			1.0
6243.200000000001			1.0
6244.1			1.0
6245.0			1.0
6245.9			1.0
6246.8			1.0
6247.700000000001			0.9850673297081788
6248.6			0.9917156715570472
6249.5			1.0113634912165022
6250.4			1.0335343827397285
6251.3			1.0245715225967578
6252.200000000001			0.977396169143144
6253.1			0.9336441497450481
6254.0			0.9302610168804535
6254.9			0.960532539209307
6255.8			0.971224615180443
6256.700000000001			0.9521515514628714
6257.6			0.9517581804865458
6258.5			0.9853276130460769
6259.4			1.00880412181479
6260.3			1.0000296116356406
6261.200000000001			1.0
6262.1			1.0
6263.0			1.0
6263.9			1.0
6264.8			1.0
6265.700000000001			1.0
6266.6			1.0
6267.5			1.0
6268.4			1.0
6269.3			1.0
6270.200000000001			1.0
6271.1			1.0
6272.0			1.0
6272.9			1.0
6273.8			1.0
6274.700000000001			1.0
6275.6			1.0
6276.5			1.0
6277.4			0.9927601203991117
6278.3			0.9762725255840775
6279.200000000001			0.960236761621125
6280.1			0.9411785044251536
6281.0			0.9202093649148818
6281.9			0.9051019757486009
6282.8			0.8823749877865033
6283.700000000001			0.8641605144674066
6284.6			0.8691443443171847
6285.5			0.8941248305802151
6286.4			0.9247773509772841
6287.3			0.9535047361292288
6288.200000000001			0.9831239763411966
6289.1			1.006424467727197
6290.0			1.0000301003724485
6290.9			1.0
6291.8			1.0
6292.700000000001			1.0
6293.6			1.0
6294.5			1.0265400826901796
6295.4			1.0315390802010838
6296.3			1.014702133090154
6297.200000000001			1.0
6298.1			0.9925718905134204
6299.0			1.011745820481721
6299.9			0.9926426885753455
6300.8			0.9527462893623285
6301.700000000001			0.9369711105651545
6302.6			0.9484970842858086
6303.5			0.9862344459798692
6304.4			1.0284617588546314
6305.3			1.0453143393890245
6306.200000000001			1.0361941484404462
6307.1			1.0346791699239493
6308.0			1.0629108758275785
6308.9			1.0765137793582993
6309.8			1.0373319672093952
6310.700000000001			0.9895232581212222
6311.6			0.9943691538203916
6312.5			1.030208141277744
6313.4			1.0349893669761077
6314.3			0.9941364537891999
6315.200000000001			0.9507743269564147
6316.1			0.9556076096911047
6317.0			0.9702254732634493
6317.9			0.9651712382575373
6318.8			0.9817457705196474
6319.700000000001			1.0114608526870665
6320.6			1.0226532178617025
6321.5			1.0298392397101463
6322.4			1.0413620237042682
6323.3			1.0443267530971274
6324.200000000001			1.0385014633572376
6325.1			1.0
6326.0			1.0028361890087187
6326.9			0.9909699320985853
6327.8			0.9641721030407693
6328.700000000001			1.0
6329.6			1.0127287381857513
6330.5			1.0275350548567825
6331.4			1.0542706631628005
6332.3			1.0814292620862322
6333.200000000001			1.0681257982316932
6334.1			1.0338388468513875
6335.0			1.0010279148146275
6335.9			0.9626718223760621
6336.8			0.9573379196879173
6337.700000000001			0.9968633209380786
6338.6			1.0266532497032774
6339.5			1.0408351364732062
6340.4			1.0664660846814231
6341.3			1.0854658260544126
6342.200000000001			1.0761709677511302
6343.1			1.0480593752593756
6344.0			1.0249974879325623
6344.9			1.0160498979669643
6345.8			1.0104221053024214
6346.700000000001			1.0070560515912226
6347.6			1.0135462497231398
6348.5			1.0398411645734649
6349.4			1.0670579641445215
6350.3			1.0581293383813322
6351.200000000001			1.0236247439291257
6352.1			1.0023872641288352
6353.0			1.0058273780123466
6353.9			1.0032117991293836
6354.8			0.9838366219054357
6355.700000000001			0.9835684290182688
6356.6			1.0206445787264589
6357.5			1.0367335146307282
6358.4			1.0024584095461013
6359.3			0.9749372119188353
6360.200000000001			0.980451619989355
6361.1			0.9819790241004221
6362.0			0.9833421536982367
6362.9			1.0037427458143684
6363.8			1.0026270876137657
6364.700000000001			1.0
6365.6			0.987029520713357
6366.5			0.9996847852932392
6367.4			0.9929259041252436
6368.3			0.9721718702652232
6369.200000000001			0.9893691861246474
6370.1			1.0244385351018936
6371.0			1.0316517974582462
6371.9			1.0240059489190971
6372.8			1.0247785984023514
6373.700000000001			1.0373944087229219
6374.6			1.0448005290779105
6375.5			1.0342420854180339
6376.4			1.042414547785979
6377.3			1.0829912573269405
6378.200000000001			1.0968175185332736
6379.1			1.0798923878563564
6380.0			1.0753838104579214
6380.9			1.0673487482638726
6381.8			1.0366412074101425
6382.700000000001			1.0283779922327874
6383.6			1.0610403408761906
6384.5			1.085085543847401
6385.4			1.0896684917854884
6386.3			1.1020469385487315
6387.200000000001			1.1141379047064714
6388.1			1.1028035607505449
6389.0			1.0833655404384794
6389.9			1.0749097015233071
6390.8			1.064265783282837
6391.700000000001			1.0412465142939078
6392.6			1.0178425062475192
6393.5			1.0104345756446924
6394.4			1.0196085739721032
6395.3			1.0420480497285274
6396.200000000001			1.061718730275556
6397.1			1.0584810175112316
6398.0			1.0
6398.9			0.9667946600245062
6399.8			0.944475924995426
6400.700000000001			0.9417964693361791
6401.6			0.9731224189264559
6402.5			1.022526818118247
6403.4			1.0588205889726483
6404.3			1.0716419905055152
6405.200000000001			1.054061295805193
6406.1			1.0186487600984588
6407.0			0.9871911749383956
6407.9			0.9759692715180344
6408.8			0.9978130878245943
6409.700000000001			1.0340389003781973
6410.6			1.050267972731929
6411.5			1.0419258026763005
6412.4			1.0284987679519957
6413.3			1.0205053241527995
6414.200000000001			1.0205997084809482
6415.1			1.0156466684944383
6416.0			1.0002220967091786
6416.9			0.9975652871722621
6417.8			1.0068656423055813
6418.700000000001			1.0039593646327778
6419.6			0.9940642054063787
6420.5			1.0013875916736297
6421.4			1.008184628590298
6422.3			1.0079724196438764
6423.200000000001			1.0251423102319421
6424.1			1.0405513219837
6425.0			1.0352589187434438
6425.9			1.0265266617491027
6426.8			1.0252057998391841
6427.700000000001			1.0417123856570307
6428.6			1.0591304084036037
6429.5			1.0324244547941073
6430.4			0.9709089266958651
6431.3			0.9380100887364748
6432.200000000001			0.9566410814824639
6433.1			0.9912618637644659
6434.0			1.0148387949001387
6434.9			1.0308033304008208
6435.8			1.0299434740745348
6436.700000000001			1.0194793534255753
6437.6			1.0283201608045538
6438.5			1.03256692434826
6439.4			1.005701326047831
6440.3			1.003569437589412
6441.200000000001			1.033433711535566
6442.1			1.0310918014161212
6443.0			1.0114225293689902
6443.9			1.0239182787811882
6444.8			1.0370901846925893
6445.700000000001			1.0152580269291707
6446.6			0.9918402931653908
6447.5			0.9918690877535411
6448.4			0.9849900045816603
6449.3			0.9553264079780305
6450.200000000001			0.9376718284054448
6451.1			0.9652765739659395
6452.0			1.010534408204578
6452.9			1.0306310698816572
6453.8			1.0175509799777194
6454.700000000001			0.9966752158881362
6455.6			0.9941337318427065
6456.5			1.0073296208393756
6457.4			1.031257274496072
6458.3			1.0641905185267748
6459.200000000001			1.0830531341501097
6460.1			1.084668779411162
6461.0			1.0640550463856584
6461.9			1.0173588750863054
6462.8			0.9828817610342
6463.700000000001			0.9877657066691707
6464.6			1.0106543964633192
6465.5			1.027095132371172
6466.4			1.037760905380605
6467.3			1.0487119598998564
6468.200000000001			1.0446879163713745
6469.1			1.0093721756525655
6470.0			0.9793042768381552
6470.9			0.9848221571872261
6471.8			0.9999317702054702
6472.700000000001			1.0258978291847516
6473.6			1.0594074103551572
6474.5			1.0588220451755619
6475.4			1.0386917445442905
6476.3			1.0282264020830811
6477.200000000001			1.0274426435223514
6478.1			1.025806715398033
6479.0			1.0238719443805233
6479.9			1.0338381074874272
6480.8			1.034656123846624
6481.700000000001			1.0236568403167696
6482.6			1.0197400166692459
6483.5			1.0
6484.4			1.0156686509397563
6485.3			1.0298907960716233
6486.200000000001			1.0303267425668152
6487.1			1.0239278683104438
6488.0			1.017783380685622
6488.9			1.015514305127536
6489.8			1.0121399431367493
6490.700000000001			0.998462193232667
6491.6			0.9719024475680244
6492.5			0.9468997015797376
6493.4			0.9240241113492423
6494.3			0.8872571550413192
6495.200000000001			0.865456388050385
6496.1			0.8841786820090062
6497.0			0.9101810791000634
6497.9			0.9255696796480888
6498.8			0.9391209516026899
6499.700000000001			0.9448573003225015
6500.6			0.9501828698861121
6501.5			0.95223519022456
6502.4			0.9501010129552675
6503.3			0.9656612268558874
6504.200000000001			0.9901022305327923
6505.1			1.00962834875909
6506.0			1.0333658457006665
6506.9			1.0487184512347845
6507.8			1.0321836446622779
6508.700000000001			0.9971782739608024
6509.6			0.981435244310377
6510.5			0.9841293467950728
6511.4			1.0049491818417107
6512.3			1.0362906701532828
6513.200000000001			1.0372289762547577
6514.1			1.0141918906530003
6515.0			1.004927057170708
6515.9			0.9980497516766645
6516.8			0.9771692690825106
6517.700000000001			0.9616024081668352
6518.6			0.9727933330780174
6519.5			1.0014980558167357
6520.4			1.0062226572647714
6521.3			0.99374397226346
6522.200000000001			1.0150143596430565
6523.1			1.0410007944409392
6524.0			1.0291258442376234
6524.9			1.0110830947212777
6525.8			0.989780383991411
6526.700000000001			0.9716798266391646
6527.6			0.9805594782979279
6528.5			0.9834179100821485
6529.4			0.9713700649042375
6530.3			0.9630810114857568
6531.200000000001			0.9709877721901768
6532.1			0.9790694424598821
6533.0			0.969210022001398
6533.9			0.9575524168101421
6534.8			0.9761446240426025
6535.700000000001			1.0066254762392994
6536.6			1.0212095044699803
6537.5			1.0146632477338826
6538.4			1.0026739510673137
6539.3			1.008344345977535
6540.200000000001			1.0282406880701573
6541.1			1.032919622423884
6542.0			1.0175804813633482
6542.9			1.0037635544052073
6543.8			0.9903228807906437
6544.700000000001			0.9805064538622796
6545.6			0.968412515067132
6546.5			0.96061208270908
6547.4			0.9808190172160716
6548.3			0.9880260983442624
6549.200000000001			0.9733515424449808
6550.1			0.9806801439122529
6551.0			1.0053700736627864
6551.9			1.0
6552.8			0.9805204201371646
6553.700000000001			0.9576079089071785
6554.6			0.9409127895354992
6555.5			0.9407861064030586
6556.4			0.9476305255168823
6557.3			0.9280868566974859
6558.200000000001			0.8969232234495451
6559.1			0.8943937142164866
6560.0			0.9009645408208647
6560.9			0.8367739520289726
6561.8			0.6897359836279469
6562.700000000001			0.5802530582841982
6563.6			0.6226999762410154
6564.5			0.7823271251004331
6565.4			0.9180729068952266
6566.3			0.9743171458415011
6567.200000000001			0.9888142288043996
6568.1			0.998590069299692
6569.0			0.9961070225069512
6569.9			0.977134350880336
6570.8			0.9645129895007286
6571.700000000001			0.9599437015196302
6572.6			0.9478802197654188
6573.5			0.9311305502481397
6574.4			0.9302023223362992
6575.3			0.9530226156641992
6576.200000000001			0.9974493530470527
6577.1			1.0224997680870032
6578.0			0.9992663532504134
6578.9			0.9740408693081473
6579.8			0.9739247199656209
6580.700000000001			0.9875079914673903
6581.6			1.0029996225770261
6582.5			1.0147262576573621
6583.4			1.0242388623473853
6584.3			1.0312140739957476
6585.200000000001			1.0061959283140278
6586.1			0.9734469414603113
6587.0			0.984280244961574
6587.9			1.002771872212852
6588.8			0.9880627736111496
6589.700000000001			0.9779589874785374
6590.6			0.9895955581229205
6591.5			1.0009747355300325
6592.4			0.9872852585303464
6593.3			0.9547050351436522
6594.200000000001			0.9411347772284872
6595.1			0.963486846217305
6596.0			0.9849498132101012
6596.9			0.9811117776574309
6597.8			0.9809517211533328
6598.700000000001			1.0031600882346488
6599.6			1.023951162991538
6600.5			1.023645295226649
6601.4			1.0121941116088895
6602.3			1.0158083483066693
6603.200000000001			1.0230678688585175
6604.1			0.9966099626031325
6605.0			0.9620768231675847
6605.9			0.9520329217350935
6606.8			0.9647295096062369
6607.700000000001			0.9761300419809705
6608.6			0.9649689953178688
6609.5			0.9497628729004004
6610.4			0.9628369784568707
6611.3			1.0057318068579908
6612.200000000001			1.0380852714990814
6613.1			1.017945046676771
6614.0			0.9670038858242039
6614.9			0.9499153909441646
6615.8			0.9833711786968751
6616.700000000001			1.0174630715693775
6617.6			1.0239811959006075
6618.5			1.0224603890243509
6619.4			1.0239061038890596
6620.3			1.0216212749861893
6621.200000000001			1.0037960010838853
6622.1			0.9755196871727725
6623.0			0.9632517238897017
6623.9			0.9793424173829399
6624.8			1.0166162609197165
6625.700000000001			1.0385905831161026
6626.6			1.025601889829133
6627.5			1.02119295830201
6628.4			1.0323303242748036
6629.3			1.0158572214573698
6630.200000000001			0.9866800671121858
6631.1			0.9889938403885677
6632.0			1.009278247753246
6632.9			0.9911356684826869
6633.8			0.935651185441255
6634.700000000001			0.9165457116104397
6635.6			0.9633245535661721
6636.5			1.0166711475503523
6637.4			1.0254058376346222
6638.3			1.0131080206360827
6639.200000000001			1.0069016525939147
6640.1			0.9912915383122625
6641.0			0.974268819641713
6641.9			0.9718310697716254
6642.8			0.9739233702682292
6643.700000000001			0.9722475114525225
6644.6			0.9667733615693361
6645.5			0.9550654032795105
6646.4			0.9430670462709755
6647.3			0.9524737057805158
6648.200000000001			0.9864933814224605
6649.1			1.021838834151225
6650.0			1.0298498249834889
6650.9			1.0042632335492134
6651.8			0.984052645523489
6652.700000000001			0.9983977828474496
6653.6			1.0147056055795147
6654.5			1.0056480823301215
6655.4			0.9927667959475187
6656.3			0.9954779376159636
6657.200000000001			1.0078926581322014
6658.1			1.017297072878989
6659.0			1.015137567834527
6659.9			0.9969843206777064
6660.8			0.981266274904338
6661.700000000001			0.9773156741967002
6662.6			0.9678251157552105
6663.5			0.961528522967883
6664.4			1.0
6665.3			1.0100056405431617
6666.200000000001			1.0201039941701202
6667.1			1.018751199667773
6668.0			1.004793490077042
6668.9			1.0056351621703896
6669.8			1.0271200223084294
6670.700000000001			1.0465777558504035
6671.6			1.0525590530506368
6672.5			1.04311851772023
6673.4			1.0171872990408166
6674.3			0.9964824689162016
6675.200000000001			1.0059636682327704
6676.1			1.0193090109911875
6677.0			1.0046562900637341
6677.9			0.9770501155410932
6678.8			0.9767950356851842
6679.700000000001			1.0100097044662983
6680.6			1.0382351496691582
6681.5			1.0315395047250329
6682.4			1.0103394702237412
6683.3			1.0085839493655477
6684.200000000001			1.0322365010052452
6685.1			1.066943912008456
6686.0			1.0844256701679293
6686.9			1.0724399952342367
6687.8			1.052053504828312
6688.700000000001			1.0376621904181151
6689.6			1.0130063242220475
6690.5			0.9944078406963257
6691.4			1.0189494447014744
6692.3			1.0670906186988172
6693.200000000001			1.0937522933761041
6694.1			1.0893589794948582
6695.0			1.0746896468754485
6695.9			1.0646550556500831
6696.8			1.0614002363669022
6697.700000000001			1.0614210154111483
6698.6			1.0713678662450292
6699.5			1.0813931327486364
6700.4			1.0720068064382433
6701.3			1.053985694872069
6702.200000000001			1.0573235953755957
6703.1			1.069715066137283
6704.0			1.06581678847189
6704.9			1.0553038841467246
6705.8			1.0545900412111522
6706.700000000001			1.0534218418814152
6707.6			1.0399683472870604
6708.5			1.0245986901123298
6709.4			1.016810600682933
6710.3			1.013385474336443
6711.200000000001			1.0154606933858865
6712.1			1.0315102680246984
6713.0			1.062066721070399
6713.9			1.078683958493766
6714.8			1.0464793484296098
6715.700000000001			0.9921557904546026
6716.6			0.9614032452629093
6717.5			0.9664669134856146
6718.4			1.0037754660251648
6719.3			1.0558617148388443
6720.200000000001			1.0864535547994134
6721.1			1.0761704715604667
6722.0			1.0407822754636964
6722.9			1.0255221091177822
6723.8			1.0324292281229048
6724.700000000001			1.0241320456644065
6725.6			0.9960804262979783
6726.5			0.9867218618016312
6727.4			1.008198227563619
6728.3			1.0271860716538983
6729.200000000001			1.0460940735203623
6730.1			1.0680892888176647
6731.0			1.067049928418472
6731.9			1.0532118280672895
6732.8			1.0410277627030964
6733.700000000001			1.0272923215701306
6734.6			1.0240582997106378
6735.5			1.0407280698306933
6736.4			1.0593240759009412
6737.3			1.0650178690318715
6738.200000000001			1.054567076519159
6739.1			1.0395597222033937
6740.0			1.0417778198681151
6740.9			1.0378644127108425
6741.8			1.019479238714124
6742.700000000001			1.00146119191336
6743.6			1.0001816605339384
6744.5			1.0103125633563106
6745.4			1.0226054077329805
6746.3			1.02065985772634
6747.200000000001			1.0043687501636653
6748.1			0.997851699918256
6749.0			1.003634291208328
6749.9			1.0147867049351116
6750.8			1.0258082363359973
6751.700000000001			1.0166151319386008
6752.6			1.005782508681825
6753.5			1.0198242188334055
6754.4			1.0479234042536452
6755.3			1.0573623276007305
6756.200000000001			1.0437271250751743
6757.1			1.041387076355114
6758.0			1.0575193308472606
6758.9			1.0536588931922781
6759.8			1.0466284264720938
6760.700000000001			1.0516861549319225
6761.6			1.0461587878840237
6762.5			1.0376625151563004
6763.4			1.0274924508260341
6764.3			1.013291162793381
6765.200000000001			1.029932107983015
6766.1			1.0652799267780444
6767.0			1.062354990905809
6767.9			1.0217221002587347
6768.8			0.9966783944845298
6769.700000000001			0.9922862777248757
6770.6			1.0083843750067023
6771.5			1.032913967873001
6772.4			1.035639417556155
6773.3			1.0171253206440334
6774.200000000001			1.020331521672333
6775.1			1.0431564573165488
6776.0			1.0485036699664358
6776.9			1.0562148342640556
6777.8			1.0772935349805428
6778.700000000001			1.0832730004878088
6779.6			1.0754683392551911
6780.5			1.0528659416661101
6781.4			1.0292774849231883
6782.3			1.018238513613374
6783.200000000001			1.0181902164014052
6784.1			1.022861173943829
6785.0			1.0237163393522875
6785.9			1.0129728242370102
6786.8			1.0098174292329412
6787.700000000001			1.035545606678572
6788.6			1.0815895370401452
6789.5			1.0892108477734332
6790.4			1.0536779503263949
6791.3			1.0343088328638894
6792.200000000001			1.043834610929819
6793.1			1.055131796896785
6794.0			1.047212654416234
6794.9			1.0278935583744422
6795.8			1.0173171235317817
6796.700000000001			1.0128557717628992
6797.6			1.0051490370395388
6798.5			1.0229650136019004
6799.4			1.065962445642013
6800.3			1.0728565592355945
6801.200000000001			1.0389098258630223
6802.1			1.0364923747341956
6803.0			1.075790878544369
6803.9			1.0919483733356898
6804.8			1.0832126873310421
6805.700000000001			1.0728539838105204
6806.6			1.0331120760535366
6807.5			0.9912281858148884
6808.4			1.0189734707948583
6809.3			1.0605072901841597
6810.200000000001			1.04399521803168
6811.1			1.0241482219946623
6812.0			1.037180457360483
6812.9			1.0558074254369254
6813.8			1.0554842200997374
6814.700000000001			1.050602361508952
6815.6			1.0514704435543734
6816.5			1.050147694072168
6817.4			1.038122606252506
6818.3			1.0280149022697238
6819.200000000001			1.027319058009065
6820.1			1.0404588450990222
6821.0			1.0534975297040146
6821.9			1.0477221688343985
6822.8			1.0293422471892137
6823.700000000001			1.02970970527089
6824.6			1.0524616692105901
6825.5			1.0695144658723976
6826.4			1.0633364032829586
6827.3			1.0380320916157548
6828.200000000001			1.0185903741631044
6829.1			1.0192202635108725
6830.0			1.0437533276022917
6830.9			1.0561820203509016
6831.8			1.034979746869235
6832.700000000001			1.0221161845036602
6833.6			1.045512641776205
6834.5			1.0897860077740895
6835.4			1.11715107493272
6836.3			1.089110343470911
6837.200000000001			1.04317846087736
6838.1			1.0211765703370794
6839.0			1.0070494192663353
6839.9			0.9856354015199652
6840.8			0.9655293681281629
6841.700000000001			0.9645584187377935
6842.6			0.9768362983044523
6843.5			0.98956847400383
6844.4			1.0117218893120044
6845.3			1.0237270335807322
6846.200000000001			1.0080411894930763
6847.1			1.0074487646781056
6848.0			1.02639038165249
6848.9			1.0147027783679605
6849.8			0.9917419796142435
6850.700000000001			1.0015916549818213
6851.6			1.0229191355053258
6852.5			1.0415100007510587
6853.4			1.0449099950393423
6854.3			1.021201954431788
6855.200000000001			1.001802061751927
6856.1			1.0061282388764328
6857.0			1.0111146792316967
6857.9			1.0059932081882905
6858.8			1.0123896406317632
6859.700000000001			1.021058157852244
6860.6			1.0252725532655882
6861.5			1.0414476914010178
6862.4			1.0547023069491992
6863.3			1.0395433024768979
6864.200000000001			1.0122253437617712
6865.1			1.007751602015801
6866.0			1.0346968429004013
6866.9			1.0498355415809735
6867.8			1.0262052760372689
6868.700000000001			1.0133503204009449
6869.6			1.0
6870.5			0.9956761756232381
6871.4			0.9701121167086076
6872.3			0.9577977069277313
6873.200000000001			0.9659980641694439
6874.1			0.9875019974416774
6875.0			1.0178008590088155
6875.9			1.0373808090391328
6876.8			1.0281391656824481
6877.700000000001			1.0108615320520962
6878.6			1.020227135205976
6879.5			1.0
6880.4			0.9884235651310507
6881.3			0.9698665789902903
6882.200000000001			0.9668010696874568
6883.1			0.9802872716052788
6884.0			0.9882247937769959
6884.9			0.9842619550235829
6885.8			1.0
6886.700000000001			0.9928815752703528
6887.6			0.9812752615884127
6888.5			0.9873094078149127
6889.4			1.0096601652431483
6890.3			1.019274063230961
6891.200000000001			1.0001683359734466
6892.1			0.9704794665099856
6893.0			0.9591301701125733
6893.9			0.9782559283248324
6894.8			1.0061911464427493
6895.700000000001			1.0067735902350057
6896.6			0.9947043452301343
6897.5			0.9994330935721288
6898.4			0.9993273155090668
6899.3			0.9794844978297869
6900.200000000001			0.9605699734728826
6901.1			0.9671750447965438
6902.0			1.0002724715699634
6902.9			1.0226476209019222
6903.8			1.0085437313146912
6904.700000000001			0.9854569069060379
6905.6			0.9834980822206331
6906.5			0.9933867643182778
6907.4			0.9971917531602188
6908.3			0.9985969808735826
6909.200000000001			1.007669350312585
6910.1			1.0179102886601783
6911.0			1.014079855504023
6911.9			0.9992752438514729
6912.8			0.97956627154268
6913.700000000001			0.963155632878486
6914.6			0.9604512132717353
6915.5			0.968381288105483
6916.4			0.9765987703612402
6917.3			0.9679406171767732
6918.200000000001			0.937390664792324
6919.1			0.9178142637254619
6920.0			0.9230991793955425
6920.9			0.9395899869046709
6921.8			0.9663977890443236
6922.700000000001			0.9863505893750785
6923.6			0.9741518270948127
6924.5			0.9573475861253878
6925.4			0.9675333348685659
6926.3			0.9809267052252256
6927.200000000001			0.9728738806949018
6928.1			0.9512833323496016
6929.0			0.9439739108437039
6929.9			0.9630885891013553
6930.8			0.9820597684146466
6931.700000000001			0.9843358794009239
6932.6			0.9850080680836008
6933.5			0.9909051863083249
6934.4			0.9893020162280687
6935.3			0.9732247682338103
6936.200000000001			0.9559746607610304
6937.1			0.9544822500321241
6938.0			0.9606221783098072
6938.9			0.9631225992606918
6939.8			0.97007039295497
6940.700000000001			0.9826474075797708
6941.6			0.9927036331187856
6942.5			0.9958907299191017
6943.4			0.9795079111526979
6944.3			0.9423928645855659
6945.200000000001			0.9173391194912871
6946.1			0.9392276401715438
6947.0			0.9924800662785774
6947.9			1.011067989859171
6948.8			0.9764213169908629
6949.700000000001			0.947001384183438
6950.6			0.955562632792494
6951.5			0.9802079458892716
6952.4			1.0004535982690923
6953.3			1.013907853336287
6954.200000000001			1.021227075098649
6955.1			1.019457565873289
6956.0			1.008674061623064
6956.9			0.9957111641294164
6957.8			0.9816548582931758
6958.700000000001			0.9614181255471591
6959.6			0.9485132906006164
6960.5			0.9582571821679564
6961.4			0.9800583410406494
6962.3			0.9981766882996991
6963.200000000001			1.0002245387148136
6964.1			0.9845544217699504
6965.0			0.9751447131457168
6965.9			0.9908736899863546
6966.8			1.0045649260335254
6967.700000000001			0.9904735135969662
6968.6			0.9768788622475572
6969.5			0.9955401176398132
6970.4			1.0208525873566205
6971.3			1.0071401787514969
6972.200000000001			0.969065813173686
6973.1			0.9560845448444704
6974.0			0.9759984044061711
6974.9			1.0049980288051752
6975.8			1.0064809064181144
6976.700000000001			0.9737143434089013
6977.6			0.9470493728811477
6978.5			0.9428650171923013
6979.4			0.9449879517743023
6980.3			0.9498380643772865
6981.200000000001			0.9584684697509954
6982.1			0.972829511073968
6983.0			0.9942915115118702
6983.9			1.0105489764529436
6984.8			1.0100453218730456
6985.700000000001			1.0017372438875898
6986.6			0.9895814568011235
6987.5			0.9774404007963763
6988.4			0.9717720257962067
6989.3			0.9725901121354276
6990.200000000001			0.9802454140877583
6991.1			0.9828283724714113
6992.0			0.9710217235976343
6992.9			0.9715885047656522
6993.8			0.9944020130573016
6994.700000000001			1.0012152852464666
6995.6			0.9893742276017301
6996.5			0.9883837856629327
6997.4			0.988879471714115
6998.3			0.9684907239347472
6999.200000000001			0.9527286635844834
7000.1			0.9517920203809673
7001.0			0.9566435417548464
7001.9			0.964629368582363
7002.8			0.9510619974993167
7003.700000000001			0.9307986841739084
7004.6			0.9357774362119835
7005.5			0.9498259855443417
7006.4			0.9570176074945065
7007.3			0.9612622768663686
7008.200000000001			0.9657101422795495
7009.1			0.9589352747854446
7010.0			0.9441070993547883
7010.9			0.9499353792693261
7011.8			0.9618118365108215
7012.700000000001			0.958999706353986
7013.6			0.9438536474825922
7014.5			0.9194742090130178
7015.4			0.9020806327635424
7016.3			0.910021645903486
7017.200000000001			0.9400301860158776
7018.1			0.969800695199528
7019.0			0.9923933916583357
7019.9			1.0236317016887198
7020.8			1.0387742880722224
7021.700000000001			1.0124646884230497
7022.6			0.9822166747506766
7023.5			0.9688237955891934
7024.4			0.953503484235805
7025.3			0.9495111365868306
7026.200000000001			0.9575835339333482
7027.1			0.9701431553040678
7028.0			0.990473634333178
7028.9			1.0
7029.8			0.9817417425838277
7030.700000000001			0.9848056705877478
7031.6			1.0104859931808026
7032.5			1.0092063797774247
7033.4			0.9807245702766851
7034.3			0.9542034174167918
7035.200000000001			0.9580746929764712
7036.1			0.9891597045940795
7037.0			0.9989833677712463
7037.9			0.9818540195111198
7038.8			0.9816855159797251
7039.700000000001			1.0016692778959395
7040.6			1.0257195481398251
7041.5			1.0455089092925487
7042.4			1.0490426952941707
7043.3			1.0435924849978602
7044.200000000001			1.0456418499273485
7045.1			1.0591079068596274
7046.0			1.083672425487905
7046.9			1.1014801482472898
7047.8			1.0873261087704447
7048.700000000001			1.0788268726957781
7049.6			1.101613136322361
7050.5			1.1216002186329748
7051.4			1.1105224383207886
7052.3			1.0847058396667364
7053.200000000001			1.0535949311646744
7054.1			1.0096425854024855
7055.0			0.9843226214117202
7055.9			0.9910500522192897
7056.8			1.0243659186148146
7057.700000000001			1.0772440380604982
7058.6			1.1115781437191725
7059.5			1.1071425545064717
7060.4			1.089412282773306
7061.3			1.0932553942232948
7062.200000000001			1.0953868707333505
7063.1			1.0924089397008128
7064.0			1.1048846060254032
7064.9			1.1171395626606861
7065.8			1.1177029806467649
7066.700000000001			1.1101130102264976
7067.6			1.0984245359347697
7068.5			1.1047017110916217
7069.4			1.1284436057004854
7070.3			1.1502088484866317
7071.200000000001			1.1546282179780136
7072.1			1.144552573385101
7073.0			1.139821336325012
7073.9			1.1588030289995823
7074.8			1.1680552205850154
7075.700000000001			1.1445226491315745
7076.6			1.1237893437436777
7077.5			1.1306447454020003
7078.4			1.1321175316920504
7079.3			1.1223728473530972
7080.200000000001			1.1429016490703157
7081.1			1.1711076433011296
7082.0			1.149699678773355
7082.9			1.0836247727716077
7083.8			1.0321130229478555
7084.700000000001			1.0427589036665215
7085.6			1.0718543248696797
7086.5			1.0804248099286462
7087.4			1.0841676406876988
7088.3			1.0764617709583102
7089.200000000001			1.0551128730108845
7090.1			1.053789043887952
7091.0			1.0746262537377413
7091.9			1.0820459191758554
7092.8			1.0685918148678297
7093.700000000001			1.048582278129849
7094.6			1.0442204094066567
7095.5			1.078887850328172
7096.4			1.111921144798427
7097.3			1.094298510505248
7098.200000000001			1.1049369456982026
7099.1			1.1884257836900192
7100.0			1.2253111057577464
7100.9			1.2217767810065858
7101.8			1.1937442056271452
7102.700000000001			1.1728301145100852
7103.6			1.1900543935497307
7104.5			1.2124294842561716
7105.4			1.2099198620504623
7106.3			1.193377664816014
7107.200000000001			1.1756471015506897
7108.1			1.1746664149985298
7109.0			1.1904411272633333
7109.9			1.2021167656461695
7110.8			1.2010054792378124
7111.700000000001			1.186225514918692
7112.6			1.1785307639603868
7113.5			1.212574811472964
7114.4			1.2627095966989317
7115.3			1.2744699506530817
7116.200000000001			1.2445883163139304
7117.1			1.2217080442722617
7118.0			1.2281699726429265
7118.9			1.2297403733654404
7119.8			1.2158137239874582
7120.700000000001			1.196241916456991
7121.6			1.1842875155362325
7122.5			1.2080980229019302
7123.4			1.2449921382675815
7124.3			1.2559334886565048
7125.200000000001			1.2575566129778348
7126.1			1.2597303621003981
7127.0			1.2605541044954889
7127.9			1.2452066549113006
7128.8			1.2206696934423358
7129.700000000001			1.2267753068652258
7130.6			1.242354338741564
7131.5			1.2390472676769062
7132.4			1.22825051954026
7133.3			1.2386647891227611
7134.200000000001			1.2755430783625683
7135.1			1.307194884202631
7136.0			1.313990880218981
7136.9			1.2912121058550265
7137.8			1.2730380143037066
7138.700000000001			1.2835843080990765
7139.6			1.2877439433658873
7140.5			1.2706958769589365
7141.4			1.2669181090448913
7142.3			1.2873452056701995
7143.200000000001			1.296209632504576
7144.1			1.289967972406082
7145.0			1.2983263562980045
7145.9			1.3171851375355084
7146.8			1.3054761181511596
7147.700000000001			1.2741453814601447
7148.6			1.2809758937795548
7149.5			1.2976600128488898
7150.4			1.2922287744955887
7151.3			1.2895954910887828
7152.200000000001			1.3121003864661358
7153.1			1.3509318782553188
7154.0			1.377428801747772
7154.9			1.378813524327785
7155.8			1.3666894394873146
7156.700000000001			1.3590876669587135
7157.6			1.3610096524891797
7158.5			1.376404953516608
7159.4			1.3893936842795662
7160.3			1.3900763919768204
7161.200000000001			1.395319602478191
7162.1			1.4153044932031356
7163.0			1.4256309910941372
7163.9			1.4004874960321805
7164.8			1.3687692376077212
7165.700000000001			1.3606824509120519
7166.6			1.3720537786597566
7167.5			1.4003270560209164
7168.4			1.4318447398582015
7169.3			1.456558321417
7170.200000000001			1.453032248479626
7171.1			1.4338799026468723
7172.0			1.4368684313609286
7172.9			1.4503066837645973
7173.8			1.450730006287611
7174.700000000001			1.4438194452256574
7175.6			1.4213666841420047
7176.5			1.396550599467937
7177.4			1.377670357134489
7178.3			1.3896676245281998
7179.200000000001			1.4204052978547534
7180.1			1.4269980693341429
7181.0			1.4296176101069464
7181.9			1.4638129653912348
7182.8			1.5030605010766929
7183.700000000001			1.4975631631434125
7184.6			1.4709552901435912
7185.5			1.4632960874823226
7186.4			1.4416633840611686
7187.3			1.4065641385538479
7188.200000000001			1.4120666855352877
7189.1			1.4691674037697315
7190.0			1.5194510312581684
7190.9			1.5245867321512792
7191.8			1.4935821701460172
7192.700000000001			1.5121391479190105
7193.6			1.576999296889077
7194.5			1.5844425075863964
7195.4			1.5357309323375183
7196.3			1.5218384679608254
7197.200000000001			1.5643532710571724
7198.1			1.59403603621218
7199.0			1.5868813230607557
7199.9			1.5606051489445298
7200.8			1.5172000357887903
7201.700000000001			1.4912774185897257
7202.6			1.5213055719929143
7203.5			1.5680328125753145
7204.4			1.603490102463809
7205.3			1.6206275046068288
7206.200000000001			1.5730369033673686
7207.1			1.5052936501417313
7208.0			1.4896418092549961
7208.9			1.5115497874099122
7209.8			1.5510570897687703
7210.700000000001			1.59795607711664
7211.6			1.6076288145908548
7212.5			1.5962907826186463
7213.4			1.6074222660363267
7214.3			1.626919438034575
7215.200000000001			1.6335406773594778
7216.1			1.63749953722369
7217.0			1.6349260805894306
7217.9			1.63582705437333
7218.8			1.653774377287469
7219.700000000001			1.6729849625815734
7220.6			1.6753658247577103
7221.5			1.6620034529346521
7222.4			1.642842666178785
7223.3			1.6527788821100524
7224.200000000001			1.7038781707453763
7225.1			1.7505514173609564
7226.0			1.77832868095526
7226.9			1.7695193142904118
7227.8			1.7316519257046998
7228.700000000001			1.7171263057848214
7229.6			1.7303037961845502
7230.5			1.741943963722636
7231.4			1.7757543060018226
7232.3			1.8099477375203417
7233.200000000001			1.8046161730397778
7234.1			1.7846560212468852
7235.0			1.8013930422564797
7235.9			1.8286049169165735
7236.8			1.8505210544650808
7237.700000000001			1.858857922858058
7238.6			1.8247321237559242
7239.5			1.7857131292657649
7240.4			1.80206200141949
7241.3			1.8646447350586721
7242.200000000001			1.9126350932833318
7243.1			1.913956113745577
7244.0			1.8831401074728247
7244.9			1.8557360973122672
7245.8			1.8550810465582885
7246.700000000001			1.8473589023758015
7247.6			1.8247919674611446
7248.5			1.8237805247166805
7249.4			1.8464824663571218
7250.3			1.8748572888466115
7251.200000000001			1.915819465333005
7252.1			1.976064625656194
7253.0			2.033223007812709
7253.9			2.0240878333898795
7254.8			1.9623103038295981
7255.700000000001			1.9295808862588923
7256.6			1.9634419295087286
7257.5			2.0282720354606254
7258.4			2.064004512694102
7259.3			2.0353156550507743
7260.200000000001			1.9752352257878003
7261.1			1.9378125619417719
7262.0			1.946963608547245
7262.9			1.987599024842685
7263.8			2.010104110538158
7264.700000000001			1.996556358890374
7265.6			1.9985694507810177
7266.5			2.0408454041990094
7267.4			2.0750815554699122
7268.3			2.0711955292726607
7269.200000000001			2.074369103932863
7270.1			2.0987418461849052
7271.0			2.0950439903648497
7271.9			2.070529753584726
7272.8			2.077723154194228
7273.700000000001			2.104708835516566
7274.6			2.1172067760866558
7275.5			2.123601195236911
7276.4			2.142405528892904
7277.3			2.181439267709638
7278.200000000001			2.216587848303784
7279.1			2.2205816136318517
7280.0			2.205038551331222
7280.9			2.189825839059089
7281.8			2.1804261485047407
7282.700000000001			2.1947883893637368
7283.6			2.224385170517668
7284.5			2.230227387857288
7285.4			2.2177494734661756
7286.3			2.203545010665177
7287.200000000001			2.164929446678339
7288.1			2.123909508233406
7289.0			2.121767345113291
7289.9			2.124273517559113
7290.8			2.124066674305497
7291.700000000001			2.149533587990269
7292.6			2.189991913406686
7293.5			2.2453721723629285
7294.4			2.319211093079505
7295.3			2.3943570384747273
7296.200000000001			2.4485240221612616
7297.1			2.4487678175328544
7298.0			2.4164593639292935
7298.9			2.432926583829336
7299.8			2.4811008779814285
7300.700000000001			2.474355647603814
7301.6			2.4478951501608925
7302.5			2.4623334330074096
7303.4			2.482094933673838
7304.3			2.4734147184602278
7305.200000000001			2.4812695431357437
7306.1			2.5439597162130347
7307.0			2.604710993105943
7307.9			2.622981552181543
7308.8			2.606003376963124
7309.700000000001			2.5674955378703275
7310.6			2.553115008991247
7311.5			2.572185111716904
7312.4			2.616064284840814
7313.3			2.665709064237865
7314.200000000001			2.678346553962129
7315.1			2.6743759320275684
7316.0			2.6890530364596663
7316.9			2.7027321432033173
7317.8			2.6995082803651687
7318.700000000001			2.689457676489124
7319.6			2.7102783519059526
7320.5			2.7599842205474046
7321.4			2.7781843286094907
7322.3			2.764282258467884
7323.200000000001			2.7490523339007447
7324.1			2.7101491120869916
7325.0			2.6619594547473673
7325.9			2.6922341206465235
7326.8			2.7721292650957685
7327.700000000001			2.8217535482023024
7328.6			2.8353818003903832
7329.5			2.8366913554134907
7330.4			2.845903501633969
7331.3			2.8591697595339185
7332.200000000001			2.8562903608808425
7333.1			2.877540021880156
7334.0			2.955019137104846
7334.9			3.0277450414278797
7335.8			3.0841714523633037
7336.700000000001			3.1089397339890557
7337.6			3.12819889908522
7338.5			3.1854899989742664
7339.4			3.2329762854921045
7340.3			3.1956473259791354
7341.200000000001			3.1421326932754075
7342.1			3.1514389290721785
7343.0			3.2046705441699426
7343.9			3.232797604652416
7344.8			3.237558454930238
7345.700000000001			3.257753268144187
7346.6			3.2894920316313856
7347.5			3.330873616374401
7348.4			3.3664628854315244
7349.3			3.342085027037699
7350.200000000001			3.288924126148519
7351.1			3.2942726822451363
7352.0			3.378965694722382
7352.9			3.448337011526186
7353.8			3.3991513893156933
7354.700000000001			3.3194918974928544
7355.6			3.2882759376107416
7356.5			3.3467003832533297
7357.4			3.494346315192864
7358.3			3.5715367356703687
7359.200000000001			3.531652674964807
7360.1			3.5122400769521795
7361.0			3.521402224688784
7361.9			3.5480701358581084
7362.8			3.6199166998129786
7363.700000000001			3.7169966642787773
7364.6			3.7989208030540773
7365.5			3.813523029221259
7366.4			3.7813106566637673
7367.3			3.747819865474916
7368.200000000001			3.7322234907617657
7369.1			3.753876362927657
7370.0			3.8235973131119163
7370.9			3.897941607573384
7371.8			3.913367539690823
7372.700000000001			3.8923578390088784
7373.6			3.940886800325949
7374.5			4.057133096107731
7375.4			4.14893785636061
7376.3			4.151785028847658
7377.200000000001			4.167519701572383
7378.1			4.264099301531018
7379.0			4.376085465431297
7379.9			4.419034309113373
7380.8			4.384310712590475
7381.700000000001			4.3587854707733005
7382.6			4.406253092206907
7383.5			4.472084163407907
7384.4			4.508781532303264
7385.3			4.530242782683732
7386.200000000001			4.528412698887448
7387.1			4.522299673396467
7388.0			4.588275141621292
7388.9			4.740310353586644
7389.8			4.847860128896745
7390.700000000001			4.896272050127739
7391.6			4.898604406815235
7392.5			4.852359324907227
7393.4			4.936014092257731
7394.3			5.117274564899837
7395.200000000001			5.227838352171903
7396.1			5.28132428723682
7397.0			5.319262159241272
7397.9			5.29294167618562
7398.8			5.22883571066216
7399.700000000001			5.277995635689168
7400.6			5.3908143629538525
7401.5			5.4905332995525615
7402.4			5.596374440380471
7403.3			5.675310478962118
7404.200000000001			5.744704641962132
7405.1			5.848274149858252
7406.0			5.9108104453141115
7406.9			5.916188423554141
7407.8			5.954435823535439
7408.700000000001			6.031868138064804
7409.6			6.1693030389108365
7410.5			5.355803941187984
7411.4			1.9090781080677344
7412.3			0.07668732932530561
7413.200000000001			8.385366532520733e-05
7414.1			6.506286915419066e-05
7415.0			1.9657457877637195e-05
7415.9			2.2989424945121094e-08
7416.8			8.894404001920934e-05
7417.700000000001			9.031468852691348e-05
7418.6			9.17282422435914e-05
7419.5			9.318674778488211e-05
7420.4			9.469238403667863e-05
7421.3			9.624747301619226e-05
7422.200000000001			9.785449182108294e-05
7423.1			9.951608579598509e-05
7424.0			0.00010123508306363024
7424.9			0.00010301451058846685
7425.8			0.00010485761196470974
7426.700000000001			0.00010676786714872422
7427.6			0.00010874901438829341
7428.5			0.00011080507463951628
7429.4			1.0
